   8.9990000e+06   0.0000000e+00
   1.6235000e+04   4.0773190e+01
   2.5859000e+04   4.6767786e+01
   4.2108000e+04   4.1605411e+01
   5.1199000e+04   4.0471751e+01
   5.2083000e+04   4.3560094e+01
   9.1195000e+04   4.0871873e+01
   9.2153000e+04   4.0102636e+01
   9.2927000e+04   4.3316835e+01
   9.3244000e+04   4.1301868e+01
   9.4268000e+04   4.0296617e+01
   9.8554000e+04   4.0110752e+01
   1.0855600e+05   4.1693610e+01
   1.0866600e+05   4.1535646e+01
   1.0979500e+05   4.2097194e+01
   1.0983700e+05   5.8360122e+01
   1.0992400e+05   4.5251841e+01
   1.0995600e+05   4.0606861e+01
   1.0998400e+05   4.4234609e+01
   1.1004300e+05   6.4352633e+01
   1.1007900e+05   5.5099464e+01
   1.1011500e+05   4.6074773e+01
   1.1018600e+05   5.2801599e+01
   1.1028800e+05   5.0060518e+01
   1.1032700e+05   5.8824246e+01
   1.1034200e+05   4.1838275e+01
   1.1062300e+05   5.6921802e+01
   1.1066600e+05   4.4193565e+01
   1.1083400e+05   5.0294396e+01
   1.1096000e+05   4.3711262e+01
   1.1101300e+05   4.3170005e+01
   1.1117300e+05   4.2503849e+01
   1.1125500e+05   4.1900131e+01
   1.1136400e+05   4.1867753e+01
   1.3049300e+05   4.4371121e+01
   1.4634300e+05   4.1864434e+01
   1.4644600e+05   4.1400597e+01
   1.5012400e+05   4.5668259e+01
   1.5770700e+05   4.0690827e+01
   1.6484600e+05   4.0429515e+01
   1.6798800e+05   4.2950281e+01
   1.6854500e+05   4.1869050e+01
   1.6988200e+05   4.2374219e+01
   2.0896300e+05   4.2485595e+01
   2.1114700e+05   4.3803508e+01
   2.1285100e+05   4.5090518e+01
   2.1499500e+05   4.2064260e+01
   2.1540100e+05   4.6033871e+01
   2.1544800e+05   4.4072852e+01
   2.1554600e+05   4.7895691e+01
   2.1563900e+05   4.1271304e+01
   2.1567300e+05   4.7912875e+01
   2.1569500e+05   4.9753570e+01
   2.1571600e+05   4.4383032e+01
   2.1578200e+05   7.2445347e+01
   2.1587000e+05   4.1262288e+01
   2.1590500e+05   6.3004814e+01
   2.1600800e+05   4.0630415e+01
   2.1603600e+05   8.5396876e+01
   2.1619800e+05   4.6423640e+01
   2.1621800e+05   4.2616098e+01
   2.1625200e+05   6.2987559e+01
   2.1647700e+05   4.7336811e+01
   2.1754700e+05   4.1739690e+01
   2.1779800e+05   4.0735299e+01
   2.4205600e+05   4.0636393e+01
   2.4244700e+05   4.0609321e+01
   2.5813100e+05   4.2128244e+01
   2.5944800e+05   4.0946702e+01
   2.6054700e+05   4.1867337e+01
   2.6118900e+05   4.1690577e+01
   2.7921000e+05   4.0407922e+01
   2.7945800e+05   4.5059453e+01
   2.8021800e+05   4.9954622e+01
   2.9288800e+05   4.1393576e+01
   2.9303900e+05   4.5056671e+01
   2.9436700e+05   4.2360740e+01
   3.0614600e+05   4.3057729e+01
   3.1279400e+05   4.1395398e+01
   3.1295100e+05   4.1257101e+01
   3.1345100e+05   4.0126610e+01
   3.1359000e+05   1.0243904e+02
   3.1360700e+05   4.6503037e+01
   3.1365300e+05   5.4595527e+01
   3.1370800e+05   7.0490038e+01
   3.1380000e+05   6.1906558e+01
   3.1396600e+05   4.5761872e+01
   3.1399300e+05   4.3452660e+01
   3.1411000e+05   5.3643220e+01
   3.1414600e+05   4.3484439e+01
   3.1420800e+05   4.1729587e+01
   3.1423900e+05   4.1514604e+01
   3.1426800e+05   4.0246484e+01
   3.1450800e+05   4.3744374e+01
   3.1453500e+05   4.0716713e+01
   3.1484000e+05   4.7177307e+01
   3.1673000e+05   5.3511655e+01
   3.3424500e+05   4.4005617e+01
   3.6017600e+05   4.3069465e+01
   3.9588600e+05   4.0896716e+01
   3.9652700e+05   4.0741155e+01
   3.9746000e+05   4.2649760e+01
   4.1454100e+05   4.0792995e+01
   4.1534900e+05   4.1356511e+01
   4.1549500e+05   4.7774838e+01
   4.1557100e+05   4.6066124e+01
   4.1563000e+05   5.8515441e+01
   4.1573100e+05   6.6664800e+01
   4.1579300e+05   5.5035328e+01
   4.1584200e+05   4.6133158e+01
   4.1595500e+05   7.0182484e+01
   4.1609500e+05   5.1036885e+01
   4.1616300e+05   4.5333110e+01
   4.1623400e+05   4.0024872e+01
   4.1633900e+05   4.4760166e+01
   4.1655900e+05   4.0570827e+01
   4.1684700e+05   4.0671123e+01
   4.1689900e+05   4.0971758e+01
   4.1704600e+05   4.2815811e+01
   4.3974700e+05   4.0451610e+01
   4.4664100e+05   4.4336276e+01
   4.4769900e+05   4.4833867e+01
   4.4794900e+05   4.0502107e+01
   4.4922400e+05   4.0196074e+01
   4.6631600e+05   4.2828734e+01
   4.8492800e+05   4.2441590e+01
   4.9282400e+05   4.4604877e+01
   4.9558500e+05   4.2576070e+01
   5.1289400e+05   4.1757390e+01
   5.2090600e+05   4.7268783e+01
   5.2185800e+05   4.2480889e+01
   5.2191400e+05   4.7421390e+01
   5.2214500e+05   4.0766862e+01
   5.2219900e+05   4.6279283e+01
   5.2222500e+05   5.4851039e+01
   5.2227000e+05   5.2485514e+01
   5.2231300e+05   4.4135900e+01
   5.2240100e+05   5.8470600e+01
   5.2242700e+05   4.2109738e+01
   5.2250200e+05   6.0563860e+01
   5.2253100e+05   4.2972622e+01
   5.2255700e+05   5.1656671e+01
   5.2261200e+05   6.3856815e+01
   5.2263600e+05   4.0929463e+01
   5.2270000e+05   5.4998859e+01
   5.2273700e+05   5.1288058e+01
   5.2284100e+05   4.6372777e+01
   5.2285500e+05   4.6961552e+01
   5.2299500e+05   6.1068351e+01
   5.2302300e+05   4.8251620e+01
   5.2308400e+05   4.2357107e+01
   5.2327000e+05   4.0915518e+01
   5.2344500e+05   4.0680711e+01
   5.2461600e+05   4.7311655e+01
   5.5801900e+05   4.1860017e+01
   5.5869200e+05   4.7410794e+01
   5.5884400e+05   6.8690801e+01
   5.5888000e+05   6.5958400e+01
   5.5894000e+05   5.1496394e+01
   5.5895700e+05   4.1449946e+01
   5.5907500e+05   4.5783640e+01
   5.5915900e+05   4.8568896e+01
   5.5924700e+05   5.3401753e+01
   5.5935800e+05   4.7353801e+01
   5.5941500e+05   6.2910552e+01
   5.5955300e+05   4.8027839e+01
   5.5968800e+05   4.5873133e+01
   5.5972300e+05   4.2215943e+01
   5.5998600e+05   4.9507833e+01
   5.6001800e+05   4.7818591e+01
   5.6003700e+05   4.7379697e+01
   5.6037300e+05   5.8289892e+01
   5.6064900e+05   5.2289104e+01
   5.6068600e+05   4.3388917e+01
   5.6098700e+05   4.6155828e+01
   5.6117200e+05   4.0010409e+01
   5.6138500e+05   4.9218184e+01
   5.8686600e+05   4.2680499e+01
   6.0579500e+05   4.1246184e+01
   6.1610300e+05   4.1865675e+01
   6.2130200e+05   4.1330105e+01
   6.2791000e+05   5.1027539e+01
   6.2841600e+05   4.2714561e+01
   6.6419000e+05   4.3810733e+01
   6.6445700e+05   4.2745668e+01
   6.6529000e+05   4.7377990e+01
   6.6550800e+05   4.4551542e+01
   6.6613400e+05   4.2642429e+01
   6.7453900e+05   4.0237883e+01
   6.7730000e+05   4.7563856e+01
   6.7742000e+05   4.4208950e+01
   6.7745400e+05   4.9086199e+01
   6.7758700e+05   5.5984130e+01
   6.7767200e+05   5.4665867e+01
   6.7770800e+05   7.0569390e+01
   6.7778800e+05   4.9842284e+01
   6.7790600e+05   5.1981174e+01
   6.7792900e+05   4.9608019e+01
   6.7794900e+05   4.3311563e+01
   6.7812800e+05   5.1023182e+01
   6.7827500e+05   4.7232295e+01
   6.7835800e+05   5.1423738e+01
   6.7855700e+05   4.6727889e+01
   6.7909000e+05   6.0646153e+01
   6.7995100e+05   4.4067734e+01
   7.1129600e+05   4.0524674e+01
   7.1200100e+05   5.3705622e+01
   7.1244700e+05   4.7374698e+01
   7.1291100e+05   4.0190731e+01
   7.1303000e+05   4.0988169e+01
   7.1318700e+05   4.1308852e+01
   7.1339100e+05   4.2597847e+01
   7.1347400e+05   4.0089192e+01
   7.1358000e+05   4.2177179e+01
   7.1361400e+05   4.6240666e+01
   7.1380600e+05   4.0240210e+01
   7.1391500e+05   4.2794821e+01
   7.1407100e+05   5.4779677e+01
   7.1422200e+05   4.5247773e+01
   7.1438300e+05   5.2936185e+01
   7.1498400e+05   4.6645680e+01
   7.4959600e+05   4.1370457e+01
   7.5196600e+05   4.0994591e+01
   7.6231300e+05   4.0568887e+01
   7.6531900e+05   4.4980647e+01
   7.6534900e+05   4.1540858e+01
   7.8343500e+05   4.3873543e+01
   7.8395400e+05   4.2222545e+01
   7.9157100e+05   4.0371956e+01
   8.0696400e+05   4.5695567e+01
   8.0764300e+05   4.0054283e+01
   8.1216300e+05   4.0058859e+01
   8.1231900e+05   4.6545482e+01
   8.1235900e+05   4.9258658e+01
   8.1241000e+05   4.9112709e+01
   8.1242100e+05   6.2227918e+01
   8.1248700e+05   4.0262833e+01
   8.1258100e+05   5.0280854e+01
   8.1259600e+05   7.3655974e+01
   8.1271800e+05   4.5558326e+01
   8.1274400e+05   4.0745628e+01
   8.1276100e+05   5.2917917e+01
   8.1286100e+05   4.3468867e+01
   8.1292900e+05   4.8220097e+01
   8.1309500e+05   4.2771153e+01
   8.1322500e+05   4.4510123e+01
   8.1328200e+05   4.0409062e+01
   8.1352600e+05   4.5032076e+01
   8.4815800e+05   4.0478165e+01
   8.4849200e+05   4.4151914e+01
   8.4857700e+05   4.0102585e+01
   8.5025500e+05   4.3307267e+01
   8.6302700e+05   4.2647097e+01
   8.7551100e+05   4.1400941e+01
   8.7768800e+05   4.0821110e+01
   8.7773200e+05   4.1498711e+01
   8.7775400e+05   4.5218087e+01
   8.7794200e+05   4.0005316e+01
   9.1159000e+05   4.5625116e+01
   9.1201600e+05   4.6974161e+01
   9.1299100e+05   5.7255866e+01
   9.1332000e+05   4.3950735e+01
   9.1345100e+05   5.1615808e+01
   9.1353400e+05   4.9076163e+01
   9.1355400e+05   4.1447014e+01
   9.1378100e+05   6.2104165e+01
   9.1409900e+05   5.2298046e+01
   9.1416200e+05   4.5027849e+01
   9.1419800e+05   4.2784272e+01
   9.1436300e+05   6.4069901e+01
   9.1441000e+05   6.3537306e+01
   9.1442300e+05   4.6174534e+01
   9.1450700e+05   4.3442982e+01
   9.1458300e+05   4.6013095e+01
   9.1478600e+05   5.2954846e+01
   9.1482500e+05   6.6744322e+01
   9.1503200e+05   6.7630014e+01
   9.1516800e+05   4.4983779e+01
   9.1524400e+05   4.7139779e+01
   9.1546800e+05   4.3526603e+01
   9.1549700e+05   5.1611743e+01
   9.1562700e+05   4.2853645e+01
   9.4654400e+05   4.2648068e+01
   9.4793600e+05   4.3300352e+01
   9.5028900e+05   4.0592191e+01
   9.5049400e+05   4.4425882e+01
   9.5077700e+05   4.0196666e+01
   9.5084300e+05   4.0858927e+01
   9.5094200e+05   5.3565304e+01
   9.5101200e+05   5.2604115e+01
   9.5113900e+05   6.9274218e+01
   9.5122400e+05   4.4459728e+01
   9.5133400e+05   4.8480685e+01
   9.5143100e+05   4.2564660e+01
   9.5151600e+05   6.7177609e+01
   9.5174400e+05   7.4203716e+01
   9.5193600e+05   4.3639476e+01
   9.5197100e+05   6.2028239e+01
   9.5210600e+05   4.0207016e+01
   9.5212900e+05   4.2610866e+01
   9.5226700e+05   4.8521290e+01
   9.5252800e+05   4.0388787e+01
   9.5279600e+05   4.2608477e+01
   9.5286900e+05   4.0730100e+01
   9.5308200e+05   4.2096025e+01
   9.5313600e+05   4.3479370e+01
   9.5344700e+05   4.3940478e+01
   1.0003720e+06   4.2583497e+01
   1.0423630e+06   4.2179766e+01
   1.0426030e+06   4.7620167e+01
   1.0431920e+06   4.5602559e+01
   1.0432740e+06   5.2433927e+01
   1.0432960e+06   4.7870202e+01
   1.0434750e+06   4.3602036e+01
   1.0435260e+06   6.8568800e+01
   1.0435510e+06   4.5059876e+01
   1.0435660e+06   4.0386987e+01
   1.0436400e+06   5.2161764e+01
   1.0436670e+06   4.3328935e+01
   1.0437350e+06   5.7094325e+01
   1.0437950e+06   4.0661077e+01
   1.0438210e+06   6.0714013e+01
   1.0438910e+06   4.1648330e+01
   1.0439060e+06   4.0803539e+01
   1.0440570e+06   4.1076303e+01
   1.0445010e+06   4.9336117e+01
   1.0452040e+06   4.1575139e+01
   1.0454940e+06   4.2462115e+01
   1.0960180e+06   4.1789345e+01
   1.0961630e+06   3.9987011e+01
   1.0965940e+06   4.0831458e+01
   1.0966350e+06   4.8014001e+01
   1.0967460e+06   4.2317001e+01
   1.0968430e+06   4.7970732e+01
   1.0969420e+06   5.2725821e+01
   1.0969830e+06   5.3482150e+01
   1.0971140e+06   4.3713385e+01
   1.0971570e+06   4.8150314e+01
   1.0971890e+06   4.6879244e+01
   1.0972270e+06   6.1570828e+01
   1.0973450e+06   4.6315614e+01
   1.0976450e+06   4.1981154e+01
   1.0978000e+06   4.4421646e+01
   1.0981010e+06   4.0113302e+01
   1.1665800e+06   4.1544154e+01
   1.1926440e+06   4.0194485e+01
   1.1985130e+06   4.6233923e+01
   1.1986130e+06   4.2535386e+01
   1.1987920e+06   4.1442446e+01
   1.2001190e+06   4.6074138e+01
   1.2132650e+06   4.0153031e+01
   1.2138420e+06   4.0175747e+01
   1.2375460e+06   4.0896620e+01
   1.2390310e+06   4.1673275e+01
   1.2391840e+06   4.4729877e+01
   1.2394690e+06   6.3848264e+01
   1.2395200e+06   4.4710803e+01
   1.2396510e+06   5.2170920e+01
   1.2396670e+06   7.1074764e+01
   1.2397110e+06   4.7308373e+01
   1.2397690e+06   4.0785347e+01
   1.2398270e+06   5.4486278e+01
   1.2398670e+06   6.3487789e+01
   1.2398920e+06   5.0715786e+01
   1.2399920e+06   4.5389121e+01
   1.2400230e+06   5.4974283e+01
   1.2400520e+06   4.8766804e+01
   1.2400740e+06   4.7163405e+01
   1.2401730e+06   4.3817571e+01
   1.2402760e+06   6.8130104e+01
   1.2403070e+06   4.1062052e+01
   1.2403820e+06   4.0420677e+01
   1.2404780e+06   4.3287965e+01
   1.2405960e+06   4.8268310e+01
   1.2406080e+06   4.0049283e+01
   1.2408720e+06   5.0834433e+01
   1.2411380e+06   4.0780693e+01
   1.2475960e+06   4.1227720e+01
   1.2729140e+06   4.0403825e+01
   1.2729540e+06   5.1803521e+01
   1.2730320e+06   5.7541812e+01
   1.2730570e+06   4.3411571e+01
   1.2730990e+06   4.7351544e+01
   1.2731630e+06   4.0951790e+01
   1.2732090e+06   4.1565148e+01
   1.2733000e+06   4.4596533e+01
   1.2733520e+06   6.4322415e+01
   1.2734400e+06   4.1272319e+01
   1.2736930e+06   4.7036890e+01
   1.2739860e+06   4.1133061e+01
   1.2742550e+06   4.3606592e+01
   1.2742760e+06   4.0995988e+01
   1.2745410e+06   3.9981077e+01
   1.2753990e+06   4.0208817e+01
   1.2758600e+06   4.6607028e+01
   1.3009970e+06   4.0146550e+01
   1.3025200e+06   4.0679466e+01
   1.3322810e+06   4.0473816e+01
   1.3324980e+06   4.1753067e+01
   1.3329270e+06   5.7747042e+01
   1.3330090e+06   4.4699278e+01
   1.3330190e+06   6.8247052e+01
   1.3330820e+06   4.3555035e+01
   1.3331120e+06   5.9972935e+01
   1.3331240e+06   4.5347231e+01
   1.3332800e+06   8.3222619e+01
   1.3333030e+06   5.0815272e+01
   1.3334510e+06   5.5952846e+01
   1.3334940e+06   4.0605726e+01
   1.3336150e+06   4.0390678e+01
   1.3336720e+06   5.0082096e+01
   1.3339900e+06   4.2578996e+01
   1.3343010e+06   4.2643732e+01
   1.3670930e+06   4.0830398e+01
   1.3834680e+06   4.3503126e+01
   1.4050900e+06   4.1633856e+01
   1.4216190e+06   4.0576310e+01
   1.4230360e+06   4.8866840e+01
   1.4685940e+06   4.0817556e+01
   1.4687880e+06   4.4451794e+01
   1.4805120e+06   4.0025351e+01
   1.4880660e+06   4.1375877e+01
   1.4883030e+06   4.0601326e+01
   1.4884440e+06   4.0364151e+01
   1.4885010e+06   4.9706427e+01
   1.4885110e+06   5.8060353e+01
   1.4886520e+06   4.8095714e+01
   1.4887260e+06   4.8266105e+01
   1.4887600e+06   5.9556558e+01
   1.4888340e+06   6.1062137e+01
   1.4888490e+06   4.2408782e+01
   1.4889330e+06   5.4200322e+01
   1.4889790e+06   4.6683952e+01
   1.4890250e+06   6.0016555e+01
   1.4891280e+06   5.6597645e+01
   1.4892200e+06   4.3248375e+01
   1.4892610e+06   5.1058293e+01
   1.4893530e+06   5.1117788e+01
   1.4895270e+06   4.9657466e+01
   1.4895690e+06   4.4765220e+01
   1.4896720e+06   4.3829951e+01
   1.4898020e+06   4.5207910e+01
   1.4911220e+06   4.0294193e+01
   1.5145910e+06   4.1456827e+01
   1.5269160e+06   4.1832909e+01
   1.5282720e+06   4.8567046e+01
   1.5311540e+06   4.6581156e+01
   1.5348620e+06   4.1081895e+01
   1.5603440e+06   4.3913705e+01
   1.5617500e+06   4.4800215e+01
   1.5632400e+06   4.4949777e+01
   1.5733890e+06   4.3814668e+01
   1.5734260e+06   5.0585157e+01
   1.5734430e+06   4.0305315e+01
   1.5737570e+06   4.0314222e+01
   1.5856970e+06   4.6619279e+01
   1.6033850e+06   4.2067720e+01
   1.6037100e+06   4.8591317e+01
   1.6037540e+06   4.0543931e+01
   1.6038170e+06   5.1504685e+01
   1.6038610e+06   4.0503954e+01
   1.6039110e+06   5.9179325e+01
   1.6039720e+06   7.0640121e+01
   1.6039960e+06   4.0579770e+01
   1.6040440e+06   4.2362457e+01
   1.6041550e+06   5.0870317e+01
   1.6041760e+06   4.1834337e+01
   1.6041970e+06   6.4861861e+01
   1.6042710e+06   5.5436158e+01
   1.6043100e+06   4.4220202e+01
   1.6043600e+06   6.4346446e+01
   1.6043860e+06   4.3136741e+01
   1.6044160e+06   4.1373758e+01
   1.6044930e+06   4.0997097e+01
   1.6045170e+06   4.6132290e+01
   1.6045740e+06   4.2410049e+01
   1.6046780e+06   4.5060900e+01
   1.6052040e+06   4.1445103e+01
   1.6331450e+06   4.0628032e+01
   1.6445830e+06   5.3518187e+01
   1.6666630e+06   4.0797210e+01
   1.6669200e+06   4.2049075e+01
   1.6672450e+06   4.3810380e+01
   1.6672880e+06   4.1428784e+01
   1.6674310e+06   4.6246566e+01
   1.6674650e+06   4.8466890e+01
   1.6674800e+06   6.5833908e+01
   1.6675290e+06   5.4400177e+01
   1.6675660e+06   4.6987403e+01
   1.6676570e+06   4.7150780e+01
   1.6677310e+06   4.3711506e+01
   1.6678360e+06   4.8350462e+01
   1.6678510e+06   6.6727822e+01
   1.6680020e+06   4.1210821e+01
   1.6680630e+06   5.1914013e+01
   1.6681060e+06   4.2527633e+01
   1.6682500e+06   4.9263197e+01
   1.6682750e+06   4.1652905e+01
   1.6683820e+06   4.0907841e+01
   1.6683990e+06   4.3332044e+01
   1.6686360e+06   4.4420384e+01
   1.6688110e+06   4.3587608e+01
   1.6699770e+06   4.0800384e+01
   1.6703800e+06   4.2042814e+01
   1.6996830e+06   4.2967003e+01
   1.7036990e+06   4.2723183e+01
   1.7099640e+06   4.0007826e+01
   1.7126080e+06   4.2825556e+01
   1.7129280e+06   4.0119607e+01
   1.7132180e+06   4.9693747e+01
   1.7132680e+06   4.9078050e+01
   1.7133490e+06   4.1040380e+01
   1.7136260e+06   4.0437491e+01
   1.7137230e+06   4.2810692e+01
   1.7139100e+06   5.6218660e+01
   1.7140380e+06   6.6920406e+01
   1.7141740e+06   4.4745614e+01
   1.7143170e+06   5.8022545e+01
   1.7144710e+06   4.1130312e+01
   1.7144920e+06   4.9889255e+01
   1.7146560e+06   5.2363358e+01
   1.7146840e+06   4.9614886e+01
   1.7148940e+06   4.7528502e+01
   1.7150830e+06   4.6696505e+01
   1.7151800e+06   4.0365938e+01
   1.7152470e+06   5.9560766e+01
   1.7153950e+06   4.6480403e+01
   1.7155630e+06   4.0925944e+01
   1.7156340e+06   4.8248201e+01
   1.7159090e+06   4.3146207e+01
   1.7159660e+06   4.0851224e+01
   1.7162660e+06   4.0563651e+01
   1.7165160e+06   4.1576435e+01
   1.7168680e+06   4.0644707e+01
   1.7671220e+06   4.2424852e+01
   1.7722000e+06   4.2763199e+01
   1.7743050e+06   4.3387893e+01
   1.7752950e+06   5.1678481e+01
   1.7755000e+06   5.8343473e+01
   1.7755430e+06   7.2301412e+01
   1.7757410e+06   6.6957242e+01
   1.7764900e+06   4.4175549e+01
   1.8015070e+06   4.5756975e+01
   1.8537820e+06   4.3809453e+01
   1.8555630e+06   4.4434135e+01
   1.8564120e+06   4.1394270e+01
   1.8567550e+06   4.0734177e+01
   1.8567850e+06   4.1226984e+01
   1.8569450e+06   4.6402648e+01
   1.8573140e+06   7.4864171e+01
   1.8573890e+06   5.0608802e+01
   1.8575440e+06   6.7220674e+01
   1.8576990e+06   5.1745654e+01
   1.8578100e+06   5.8302859e+01
   1.8578870e+06   5.6061329e+01
   1.8580480e+06   5.8635439e+01
   1.8580580e+06   5.2663116e+01
   1.8582540e+06   4.1914469e+01
   1.8583100e+06   5.1905864e+01
   1.8584450e+06   4.4710819e+01
   1.8588040e+06   4.5606198e+01
   1.8592300e+06   4.0828289e+01
   1.9124670e+06   4.0441474e+01
   1.9398840e+06   4.2159307e+01
   1.9465220e+06   4.2050493e+01
   1.9559630e+06   4.5316684e+01
   1.9736460e+06   4.2564364e+01
   1.9823680e+06   4.1651044e+01
   1.9824370e+06   4.7350152e+01
   1.9825330e+06   5.2128417e+01
   1.9825530e+06   6.9350657e+01
   1.9826020e+06   5.4205141e+01
   1.9826920e+06   4.5174043e+01
   1.9827560e+06   5.6665560e+01
   1.9827960e+06   8.7189519e+01
   1.9828220e+06   4.6401509e+01
   1.9829480e+06   4.2251447e+01
   1.9829800e+06   5.2670366e+01
   1.9830940e+06   4.3168520e+01
   1.9831550e+06   5.3717054e+01
   1.9834090e+06   4.0238505e+01
   1.9834430e+06   4.5786543e+01
   1.9835100e+06   4.0995659e+01
   1.9860950e+06   4.0763841e+01
   2.0112460e+06   4.3061833e+01
   2.0292690e+06   4.1181513e+01
   2.0431790e+06   6.6138728e+01
   2.0433220e+06   4.2019916e+01
   2.0434020e+06   7.0024079e+01
   2.0435810e+06   5.2566851e+01
   2.0436590e+06   6.7951626e+01
   2.0436920e+06   4.0755006e+01
   2.0437790e+06   4.1968372e+01
   2.0438560e+06   6.0550464e+01
   2.0439050e+06   5.1721784e+01
   2.0440870e+06   4.4646882e+01
   2.0441140e+06   4.6199722e+01
   2.0442770e+06   5.9889795e+01
   2.0443170e+06   4.5193326e+01
   2.0444760e+06   4.4459615e+01
   2.0447060e+06   4.1135161e+01
   2.0943300e+06   4.2148152e+01
   2.0959200e+06   4.5905544e+01
   2.1164340e+06   4.1932331e+01
   2.1166240e+06   4.0518492e+01
   2.1250780e+06   4.0646409e+01
   2.1254390e+06   4.1477686e+01
   2.1397380e+06   4.2879586e+01
   2.1531820e+06   4.1279310e+01
   2.1645160e+06   4.6920779e+01
   2.1744710e+06   4.3683781e+01
   2.1749730e+06   4.2497622e+01
   2.1753380e+06   4.0233537e+01
   2.1842080e+06   4.0061415e+01
   2.1851130e+06   4.1608366e+01
   2.1879050e+06   4.3795986e+01
   2.1880750e+06   6.0691259e+01
   2.1880950e+06   6.2193971e+01
   2.1881410e+06   5.3466906e+01
   2.1881930e+06   5.4124980e+01
   2.1883890e+06   5.4685146e+01
   2.1884040e+06   9.0126533e+01
   2.1885470e+06   4.2453783e+01
   2.1886060e+06   5.2825252e+01
   2.1886390e+06   5.2258648e+01
   2.1886990e+06   4.5541281e+01
   2.1887300e+06   4.7493302e+01
   2.1887910e+06   4.8190220e+01
   2.1888260e+06   4.1112519e+01
   2.1888830e+06   4.0638030e+01
   2.1890870e+06   4.0575373e+01
   2.1893930e+06   4.5405174e+01
   2.1895710e+06   4.1897514e+01
   2.2275530e+06   4.1618449e+01
   2.2277590e+06   4.0797141e+01
   2.2281610e+06   4.7606023e+01
   2.2282660e+06   5.1204040e+01
   2.2283980e+06   8.3173383e+01
   2.2284560e+06   4.1068373e+01
   2.2284940e+06   4.2703920e+01
   2.2286040e+06   5.7775791e+01
   2.2286410e+06   5.1218442e+01
   2.2287040e+06   4.6044876e+01
   2.2287430e+06   4.9687433e+01
   2.2287780e+06   5.6210430e+01
   2.2289130e+06   5.3421275e+01
   2.2289270e+06   4.7664505e+01
   2.2289490e+06   4.8185134e+01
   2.2291070e+06   4.0300410e+01
   2.2291260e+06   4.6725316e+01
   2.2291970e+06   4.4872917e+01
   2.2293420e+06   4.9981550e+01
   2.2294740e+06   4.4825583e+01
   2.2295220e+06   4.4164700e+01
   2.2298360e+06   4.0949465e+01
   2.2307060e+06   4.0054840e+01
   2.2530930e+06   4.2894350e+01
   2.2667240e+06   4.0779792e+01
   2.2671100e+06   4.0447570e+01
   2.2862260e+06   4.2884057e+01
   2.2902170e+06   4.0796070e+01
   2.3031180e+06   4.3380650e+01
   2.3031360e+06   5.6961241e+01
   2.3032150e+06   4.9580379e+01
   2.3033100e+06   7.2188290e+01
   2.3033270e+06   5.2298674e+01
   2.3033860e+06   5.2148794e+01
   2.3034330e+06   5.1107929e+01
   2.3035600e+06   4.6830712e+01
   2.3035780e+06   4.3330580e+01
   2.3036420e+06   4.7682929e+01
   2.3036990e+06   4.1613492e+01
   2.3037360e+06   4.4762170e+01
   2.3037780e+06   4.5635160e+01
   2.3039460e+06   4.4449004e+01
   2.3040150e+06   4.3199249e+01
   2.3040350e+06   4.2391711e+01
   2.3042270e+06   4.8696730e+01
   2.3044450e+06   5.7014077e+01
   2.3049120e+06   4.3996077e+01
   2.3520910e+06   4.0825418e+01
   2.3526080e+06   4.5209221e+01
   2.3838840e+06   4.0341031e+01
   2.3857490e+06   4.6664447e+01
   2.3875920e+06   4.8641059e+01
   2.4055470e+06   4.3165143e+01
   2.4061190e+06   4.0334628e+01
   2.4064650e+06   4.4396006e+01
   2.4065610e+06   6.5356974e+01
   2.4066410e+06   6.0235395e+01
   2.4066690e+06   4.4913039e+01
   2.4067400e+06   5.1324810e+01
   2.4068090e+06   6.5415307e+01
   2.4069010e+06   5.4277566e+01
   2.4069130e+06   4.2722387e+01
   2.4069690e+06   4.5142502e+01
   2.4070460e+06   4.7494151e+01
   2.4071440e+06   4.2241046e+01
   2.4071680e+06   4.7457827e+01
   2.4074320e+06   4.2330433e+01
   2.4079980e+06   4.3205817e+01
   2.4314880e+06   4.0612340e+01
   2.4367730e+06   4.0037180e+01
   2.4593700e+06   4.4914108e+01
   2.4608240e+06   4.8028444e+01
   2.4611880e+06   5.4333569e+01
   2.4613750e+06   4.0842746e+01
   2.4614270e+06   4.2383965e+01
   2.4614530e+06   4.5131820e+01
   2.4615000e+06   4.2398006e+01
   2.4615100e+06   5.4141010e+01
   2.4615830e+06   4.2425043e+01
   2.4617240e+06   5.8164291e+01
   2.4619100e+06   4.9018157e+01
   2.4620410e+06   5.0855819e+01
   2.4620530e+06   4.4882196e+01
   2.4622160e+06   4.5797846e+01
   2.4622830e+06   5.2969457e+01
   2.4623650e+06   4.3994476e+01
   2.4624780e+06   4.9222114e+01
   2.4625700e+06   4.1609183e+01
   2.4626220e+06   4.7400031e+01
   2.4626660e+06   4.0228171e+01
   2.4628570e+06   5.0105269e+01
   2.4630810e+06   4.4328125e+01
   2.4633490e+06   4.0021387e+01
   2.4634390e+06   4.1133352e+01
   2.4641750e+06   4.3447104e+01
   2.4647450e+06   4.8324076e+01
   2.5081270e+06   4.1827391e+01
   2.5087550e+06   4.3352755e+01
   2.5087720e+06   5.1836346e+01
   2.5090840e+06   4.0217639e+01
   2.5091780e+06   5.1296661e+01
   2.5093670e+06   4.1189543e+01
   2.5095010e+06   5.6279639e+01
   2.5097270e+06   4.4203857e+01
   2.5098560e+06   4.3482912e+01
   2.5101250e+06   4.6419467e+01
   2.5101690e+06   6.3484853e+01
   2.5102810e+06   4.4013535e+01
   2.5103900e+06   4.0097329e+01
   2.5105600e+06   5.1901268e+01
   2.5108470e+06   5.4043299e+01
   2.5113070e+06   4.1185429e+01
   2.5113770e+06   4.2574720e+01
   2.5115320e+06   5.0385923e+01
   2.5652460e+06   4.0766431e+01
   2.5658250e+06   4.0386018e+01
   2.5665600e+06   4.9833083e+01
   2.5817470e+06   4.1852675e+01
   2.5827830e+06   5.4514589e+01
   2.5829620e+06   4.1023402e+01
   2.5829830e+06   5.0878431e+01
   2.5830570e+06   6.2018567e+01
   2.5831060e+06   5.9388576e+01
   2.5831790e+06   5.6068894e+01
   2.5831920e+06   4.5750253e+01
   2.5832480e+06   4.8228588e+01
   2.5833300e+06   4.0344113e+01
   2.5833640e+06   5.8223672e+01
   2.5833890e+06   4.7560839e+01
   2.5835740e+06   5.8529742e+01
   2.5836360e+06   4.6026219e+01
   2.5836750e+06   4.3358594e+01
   2.5837420e+06   4.1116773e+01
   2.5839320e+06   5.2869158e+01
   2.5839550e+06   5.5049849e+01
   2.5841850e+06   4.1206653e+01
   2.5844040e+06   4.9655218e+01
   2.5845730e+06   4.7427503e+01
   2.5852370e+06   4.4643600e+01
   2.5859250e+06   4.8704195e+01
   2.6566010e+06   4.8311591e+01
   2.6711200e+06   4.2957282e+01
   2.6806760e+06   4.4609207e+01
   2.6990430e+06   4.0747093e+01
   2.6994710e+06   4.0122209e+01
   2.6994980e+06   4.1479363e+01
   2.6996440e+06   8.9767187e+01
   2.6997150e+06   5.8852863e+01
   2.6997420e+06   4.3687602e+01
   2.6997880e+06   4.4878670e+01
   2.6998180e+06   5.0367952e+01
   2.6998750e+06   6.6728002e+01
   2.6999120e+06   4.2267036e+01
   2.6999780e+06   4.0787620e+01
   2.7000130e+06   4.1819223e+01
   2.7001260e+06   6.6129520e+01
   2.7001480e+06   4.8220408e+01
   2.7001980e+06   4.9006963e+01
   2.7002510e+06   4.0734222e+01
   2.7006330e+06   4.1561692e+01
   2.7008060e+06   4.0949299e+01
   2.7013090e+06   4.2414219e+01
   2.7014260e+06   4.4141600e+01
   2.7017480e+06   4.1929648e+01
   2.7019670e+06   4.1918444e+01
   2.7168460e+06   4.1770137e+01
   2.7252340e+06   4.1166492e+01
   2.7320340e+06   4.3904388e+01
   2.7323570e+06   4.1245642e+01
   2.7323770e+06   5.8302042e+01
   2.7324460e+06   6.4927635e+01
   2.7324730e+06   4.3371517e+01
   2.7325690e+06   5.0163737e+01
   2.7325810e+06   5.0264507e+01
   2.7328250e+06   4.2229203e+01
   2.7329230e+06   4.2034493e+01
   2.7332540e+06   4.3199389e+01
   2.7333340e+06   4.5112472e+01
   2.7333770e+06   5.1894876e+01
   2.7336300e+06   4.0832037e+01
   2.7338790e+06   4.4242305e+01
   2.7339690e+06   4.2157372e+01
   2.7341020e+06   4.3726991e+01
   2.7342720e+06   4.0090184e+01
   2.7344050e+06   6.1256079e+01
   2.7346660e+06   4.2148228e+01
   2.7350130e+06   4.1497845e+01
   2.7547460e+06   4.3241012e+01
   2.7591690e+06   4.1175827e+01
   2.8141900e+06   4.9092769e+01
   2.8143790e+06   4.0420040e+01
   2.8300670e+06   4.1867715e+01
   2.8402380e+06   4.9963325e+01
   2.8416840e+06   4.0692377e+01
   2.8605070e+06   4.8427254e+01
   2.8605710e+06   4.4627727e+01
   2.8606560e+06   9.4384510e+01
   2.8607030e+06   4.2198947e+01
   2.8607220e+06   4.2553049e+01
   2.8607880e+06   4.8243213e+01
   2.8608000e+06   4.2290563e+01
   2.8608330e+06   5.4389243e+01
   2.8608550e+06   5.6648783e+01
   2.8609850e+06   8.8608361e+01
   2.8610080e+06   4.0204622e+01
   2.8611050e+06   4.7113666e+01
   2.8612420e+06   4.5361636e+01
   2.8616270e+06   4.2984105e+01
   2.8900940e+06   4.2033880e+01
   2.9004720e+06   3.9997667e+01
   2.9179930e+06   4.8715433e+01
   2.9221910e+06   4.1676866e+01
   2.9227710e+06   4.9131291e+01
   2.9230360e+06   5.1248767e+01
   2.9231090e+06   4.0199315e+01
   2.9231360e+06   5.4852668e+01
   2.9232530e+06   4.2601956e+01
   2.9232950e+06   5.3683541e+01
   2.9233380e+06   5.7175802e+01
   2.9233600e+06   4.2390966e+01
   2.9234640e+06   4.5684165e+01
   2.9235430e+06   4.1762772e+01
   2.9236540e+06   4.8342653e+01
   2.9236990e+06   4.7630852e+01
   2.9237810e+06   4.9443466e+01
   2.9239840e+06   4.1431809e+01
   2.9241800e+06   4.0629645e+01
   2.9242150e+06   4.3550474e+01
   2.9244720e+06   4.3911844e+01
   2.9253810e+06   4.4997289e+01
   2.9571720e+06   4.3882025e+01
   2.9580950e+06   4.2148555e+01
   3.0100270e+06   4.1894768e+01
   3.0105330e+06   4.0148852e+01
   3.0106660e+06   4.3662208e+01
   3.0108450e+06   4.2556767e+01
   3.0108580e+06   4.6397898e+01
   3.0108910e+06   4.2528199e+01
   3.0109080e+06   6.0428494e+01
   3.0109360e+06   7.1358092e+01
   3.0109590e+06   5.2036642e+01
   3.0109990e+06   4.0065106e+01
   3.0110880e+06   4.5349593e+01
   3.0111120e+06   7.2272781e+01
   3.0111280e+06   4.9835943e+01
   3.0113000e+06   4.5419312e+01
   3.0113290e+06   9.0758165e+01
   3.0115110e+06   4.5761308e+01
   3.0115850e+06   4.4564549e+01
   3.0116810e+06   4.5804318e+01
   3.0118610e+06   4.5893005e+01
   3.0124450e+06   4.1044491e+01
   3.0127760e+06   4.5291766e+01
   3.0138980e+06   4.1439350e+01
   3.0472850e+06   4.2271255e+01
   3.0541830e+06   4.5874443e+01
   3.0676050e+06   4.0594428e+01
   3.0870450e+06   4.3588082e+01
   3.1017700e+06   4.0292542e+01
   3.1115470e+06   4.1400972e+01
   3.1235890e+06   4.0165266e+01
   3.1350110e+06   4.3926032e+01
   3.1359250e+06   4.3099396e+01
   3.1375480e+06   4.2659863e+01
   3.1530350e+06   4.1788263e+01
   3.1533930e+06   4.7422119e+01
   3.1536100e+06   4.4420799e+01
   3.1540440e+06   4.1213755e+01
   3.1541270e+06   4.0667738e+01
   3.1574880e+06   5.1207425e+01
   3.1575260e+06   5.0116678e+01
   3.1577610e+06   4.0316827e+01
   3.1578370e+06   4.4758853e+01
   3.1580010e+06   5.2691073e+01
   3.1581630e+06   5.5253942e+01
   3.1582450e+06   4.2569789e+01
   3.1582580e+06   5.5743591e+01
   3.1582990e+06   4.1595160e+01
   3.1584010e+06   6.2970842e+01
   3.1586160e+06   5.5260889e+01
   3.1586300e+06   6.3046820e+01
   3.1586740e+06   4.0192553e+01
   3.1588660e+06   6.1872741e+01
   3.1590130e+06   4.8829159e+01
   3.1590590e+06   4.7111827e+01
   3.1591270e+06   5.1743880e+01
   3.1592400e+06   4.2941017e+01
   3.1596250e+06   4.1185158e+01
   3.1895740e+06   4.1161896e+01
   3.1899310e+06   4.6832928e+01
   3.1903550e+06   4.0139408e+01
   3.1919530e+06   4.2302732e+01
   3.1920730e+06   4.2630065e+01
   3.1924370e+06   6.5648901e+01
   3.1925230e+06   4.5225578e+01
   3.1925410e+06   4.7474680e+01
   3.1926430e+06   4.0301136e+01
   3.1928780e+06   4.4929438e+01
   3.1929900e+06   4.4418669e+01
   3.1931020e+06   4.7889566e+01
   3.1931870e+06   4.3579608e+01
   3.1932760e+06   4.0925306e+01
   3.1934790e+06   5.0024959e+01
   3.1936630e+06   4.3515960e+01
   3.1937580e+06   5.1580300e+01
   3.1939370e+06   4.9160635e+01
   3.1941060e+06   4.0344337e+01
   3.1943150e+06   4.6851299e+01
   3.1947240e+06   4.7207599e+01
   3.1950650e+06   4.7203813e+01
   3.2269430e+06   4.9778717e+01
   3.2310020e+06   4.4149690e+01
   3.2312620e+06   4.0016149e+01
   3.2316840e+06   4.1465491e+01
   3.2317950e+06   4.0995343e+01
   3.2318270e+06   4.7100954e+01
   3.2318620e+06   4.1808408e+01
   3.2318960e+06   8.0649303e+01
   3.2319810e+06   4.4757531e+01
   3.2320470e+06   5.4703034e+01
   3.2321240e+06   5.2599782e+01
   3.2321770e+06   4.3160314e+01
   3.2322400e+06   5.1230911e+01
   3.2322970e+06   5.5382035e+01
   3.2323480e+06   4.0654309e+01
   3.2324020e+06   4.0779089e+01
   3.2325080e+06   4.0649527e+01
   3.2325470e+06   4.4219832e+01
   3.2325620e+06   4.9404994e+01
   3.2325980e+06   5.6397546e+01
   3.2326680e+06   4.4808960e+01
   3.2328110e+06   5.1188701e+01
   3.2329070e+06   4.1457584e+01
   3.2330140e+06   4.3507909e+01
   3.2331190e+06   4.2012077e+01
   3.2344120e+06   4.7555308e+01
   3.2347640e+06   4.0412531e+01
   3.2858670e+06   4.0590615e+01
   3.2906410e+06   4.3573381e+01
   3.3307230e+06   4.8727571e+01
   3.3406140e+06   4.5575607e+01
   3.3406750e+06   5.2947272e+01
   3.3407190e+06   5.0682257e+01
   3.3407980e+06   4.2984481e+01
   3.3408400e+06   6.6448690e+01
   3.3409300e+06   4.7298473e+01
   3.3409620e+06   6.1435351e+01
   3.3411080e+06   4.5099897e+01
   3.3412140e+06   5.1159722e+01
   3.3412330e+06   5.0523078e+01
   3.3413620e+06   5.0114188e+01
   3.3413780e+06   5.4775697e+01
   3.3414280e+06   5.2324199e+01
   3.3414630e+06   4.0734273e+01
   3.3414920e+06   5.0452250e+01
   3.3415360e+06   5.0814330e+01
   3.3416760e+06   5.8437236e+01
   3.3416860e+06   5.1456716e+01
   3.3418440e+06   4.2128203e+01
   3.3420160e+06   4.8936493e+01
   3.3420910e+06   4.3331060e+01
   3.3425160e+06   4.1283220e+01
   3.3434960e+06   4.6415779e+01
   3.3721210e+06   4.0207751e+01
   3.3724450e+06   4.1411241e+01
   3.3726120e+06   4.8536095e+01
   3.3726790e+06   4.4904951e+01
   3.3728880e+06   4.9469448e+01
   3.3730510e+06   4.0521069e+01
   3.3732070e+06   4.0122472e+01
   3.3732770e+06   4.6285760e+01
   3.3733400e+06   5.2237300e+01
   3.3733730e+06   4.1047118e+01
   3.3736300e+06   5.1929818e+01
   3.3736880e+06   4.1038081e+01
   3.3738530e+06   4.1221767e+01
   3.3740330e+06   5.4161638e+01
   3.3740560e+06   6.5241240e+01
   3.3741720e+06   4.6418590e+01
   3.3742940e+06   5.2692081e+01
   3.3744290e+06   5.6853931e+01
   3.3744980e+06   4.1536896e+01
   3.3747380e+06   6.6232183e+01
   3.3747650e+06   4.2275146e+01
   3.3751120e+06   4.1900904e+01
   3.3754800e+06   6.2663709e+01
   3.3757390e+06   4.1535578e+01
   3.4585790e+06   4.8287500e+01
   3.4588220e+06   4.0064764e+01
   3.4602010e+06   4.3528221e+01
   3.4603960e+06   4.3463705e+01
   3.4604280e+06   4.0658315e+01
   3.4605680e+06   4.0338244e+01
   3.4606390e+06   6.0592757e+01
   3.4606990e+06   4.4140074e+01
   3.4607100e+06   5.1221355e+01
   3.4607310e+06   4.5349357e+01
   3.4607820e+06   4.7084775e+01
   3.4608760e+06   7.2068364e+01
   3.4609530e+06   4.1417795e+01
   3.4609980e+06   4.0381828e+01
   3.4610310e+06   4.4191055e+01
   3.4610730e+06   6.0078837e+01
   3.4610990e+06   4.5550888e+01
   3.4611900e+06   4.7939921e+01
   3.4612250e+06   5.1341592e+01
   3.4614440e+06   4.5743155e+01
   3.4960630e+06   4.1319722e+01
   3.4965370e+06   4.1838393e+01
   3.4966990e+06   4.5168238e+01
   3.4968280e+06   7.0095348e+01
   3.4968560e+06   4.1357304e+01
   3.4969800e+06   4.7565033e+01
   3.4971260e+06   6.7449020e+01
   3.4971460e+06   7.5380898e+01
   3.4974190e+06   6.1688433e+01
   3.4974730e+06   4.8461923e+01
   3.4976090e+06   4.3581925e+01
   3.4976760e+06   5.1127183e+01
   3.4979190e+06   4.7368273e+01
   3.4979420e+06   4.9714064e+01
   3.4981020e+06   4.3688134e+01
   3.4982470e+06   4.5044047e+01
   3.4982990e+06   4.6443216e+01
   3.4983540e+06   4.2881719e+01
   3.4985980e+06   4.8316882e+01
   3.4991850e+06   4.2254209e+01
   3.4995520e+06   4.0418372e+01
   3.5539600e+06   4.0819196e+01
   3.5566300e+06   4.0725798e+01
   3.5573970e+06   4.4976545e+01
   3.5576230e+06   5.4708951e+01
   3.5772630e+06   4.2726023e+01
   3.5952970e+06   6.5392871e+01
   3.5954430e+06   4.8825420e+01
   3.5955010e+06   4.2058985e+01
   3.5955440e+06   5.8658649e+01
   3.5956110e+06   4.9049286e+01
   3.5957430e+06   4.2684544e+01
   3.5957900e+06   4.0708675e+01
   3.5958100e+06   7.0687082e+01
   3.5958400e+06   5.7917583e+01
   3.5958510e+06   4.5369434e+01
   3.5959240e+06   4.2245607e+01
   3.5959720e+06   4.1949856e+01
   3.5960540e+06   7.6034213e+01
   3.5961300e+06   4.6627153e+01
   3.5961960e+06   4.1882772e+01
   3.5962380e+06   4.3892859e+01
   3.5962570e+06   4.7072272e+01
   3.5964090e+06   4.4650889e+01
   3.5979780e+06   4.0761584e+01
   3.6387230e+06   4.6260777e+01
   3.6390070e+06   4.2001225e+01
   3.6392290e+06   4.1973891e+01
   3.6446950e+06   4.6331434e+01
   3.6449190e+06   4.3045162e+01
   3.6450140e+06   4.4607876e+01
   3.6450430e+06   3.9958601e+01
   3.6451900e+06   4.1046926e+01
   3.6452120e+06   4.4547756e+01
   3.6452680e+06   4.1016688e+01
   3.6452970e+06   4.2614337e+01
   3.6453250e+06   5.0709631e+01
   3.6453400e+06   1.1127594e+02
   3.6453880e+06   6.8827935e+01
   3.6455150e+06   6.5197616e+01
   3.6455510e+06   4.4143128e+01
   3.6455700e+06   5.7076424e+01
   3.6456640e+06   4.4398625e+01
   3.6457520e+06   6.1377913e+01
   3.6457890e+06   4.7016737e+01
   3.6458010e+06   5.5983710e+01
   3.6459480e+06   5.5928116e+01
   3.6459600e+06   4.2202716e+01
   3.6459880e+06   4.3687126e+01
   3.6467220e+06   4.2522701e+01
   3.6468100e+06   4.0750376e+01
   3.6471510e+06   4.0249582e+01
   3.6476610e+06   4.9022330e+01
   3.6699990e+06   4.0944678e+01
   3.6796480e+06   4.2480382e+01
   3.6798930e+06   4.2335932e+01
   3.7084270e+06   4.1192575e+01
   3.7255560e+06   4.0416461e+01
   3.7259340e+06   4.6905186e+01
   3.7280000e+06   4.5757201e+01
   3.7543830e+06   4.1269094e+01
   3.7545600e+06   4.4384955e+01
   3.7837890e+06   4.0185350e+01
   3.7844350e+06   4.7408327e+01
   3.7845260e+06   5.5305832e+01
   3.7846060e+06   5.6096534e+01
   3.7846820e+06   7.3465926e+01
   3.7846940e+06   4.8223320e+01
   3.7847040e+06   4.4566093e+01
   3.7847280e+06   5.6555396e+01
   3.7848650e+06   4.8776744e+01
   3.7849040e+06   4.4838711e+01
   3.7849360e+06   5.8060485e+01
   3.7849850e+06   4.3477761e+01
   3.7850690e+06   4.8300418e+01
   3.7851810e+06   4.4282431e+01
   3.7853180e+06   5.1585182e+01
   3.7853960e+06   5.2183678e+01
   3.7855810e+06   5.6250828e+01
   3.7856400e+06   4.8058892e+01
   3.7857460e+06   4.0997458e+01
   3.7882130e+06   4.0335871e+01
   3.8161490e+06   4.2341493e+01
   3.8163260e+06   4.0046536e+01
   3.8164230e+06   5.3814836e+01
   3.8165220e+06   4.7928106e+01
   3.8166460e+06   4.2377526e+01
   3.8167480e+06   4.6410674e+01
   3.8168000e+06   4.1467264e+01
   3.8169080e+06   4.0734315e+01
   3.8169410e+06   4.0215691e+01
   3.8170130e+06   5.6025853e+01
   3.8171750e+06   5.6428617e+01
   3.8171980e+06   4.1823648e+01
   3.8173190e+06   4.0549693e+01
   3.8174190e+06   5.8485131e+01
   3.8175140e+06   4.0398173e+01
   3.8176160e+06   4.2141667e+01
   3.8176270e+06   4.5765564e+01
   3.8178080e+06   4.3575224e+01
   3.8180000e+06   4.6579472e+01
   3.8182900e+06   4.4379861e+01
   3.8186210e+06   4.1557192e+01
   3.8189070e+06   4.7321524e+01
   3.8192720e+06   4.1108935e+01
   3.8194610e+06   4.3962884e+01
   3.8195930e+06   4.1002133e+01
   3.8520290e+06   4.3089624e+01
   3.8837910e+06   4.0699855e+01
   3.8984380e+06   4.1734367e+01
   3.9015710e+06   4.1327167e+01
   3.9133180e+06   4.3531884e+01
   3.9463150e+06   4.5114665e+01
   3.9748070e+06   4.7411431e+01
   3.9756010e+06   4.6251891e+01
   3.9769900e+06   4.5789853e+01
   3.9770900e+06   4.4070367e+01
   3.9775660e+06   4.4290368e+01
   3.9776310e+06   4.1325318e+01
   3.9776470e+06   7.8102278e+01
   3.9778240e+06   5.4143757e+01
   3.9778430e+06   4.2089240e+01
   3.9779750e+06   4.3238186e+01
   3.9781040e+06   5.4979101e+01
   3.9781220e+06   4.1940377e+01
   3.9781640e+06   5.8517938e+01
   3.9782650e+06   4.3082455e+01
   3.9784300e+06   4.5218901e+01
   3.9961430e+06   4.4272830e+01
   4.0159570e+06   4.8485786e+01
   4.0263840e+06   4.0173929e+01
   4.0346410e+06   4.5180339e+01
   4.0348820e+06   4.5338529e+01
   4.0349410e+06   4.0563120e+01
   4.0350100e+06   4.1705358e+01
   4.0350850e+06   4.1740954e+01
   4.0351150e+06   5.2093867e+01
   4.0351870e+06   4.2000795e+01
   4.0352430e+06   6.3157426e+01
   4.0352570e+06   4.1543262e+01
   4.0352880e+06   4.1176765e+01
   4.0355090e+06   5.8233815e+01
   4.0355360e+06   4.1786657e+01
   4.0355920e+06   8.1687230e+01
   4.0356060e+06   4.7067526e+01
   4.0357220e+06   3.9981503e+01
   4.0358270e+06   4.8826076e+01
   4.0359200e+06   4.4040073e+01
   4.0360160e+06   4.5287993e+01
   4.0360890e+06   4.5627021e+01
   4.0361150e+06   6.2982631e+01
   4.0362650e+06   4.7634761e+01
   4.0364820e+06   5.3532135e+01
   4.0366730e+06   4.3944043e+01
   4.0370170e+06   4.2718288e+01
   4.0371490e+06   4.6565524e+01
   4.0680500e+06   4.0366068e+01
   4.0997150e+06   4.9771807e+01
   4.1179080e+06   4.1020420e+01
   4.1202120e+06   4.1551426e+01
   4.1372160e+06   4.2760520e+01
   4.1374000e+06   4.2239730e+01
   4.1375520e+06   5.4443609e+01
   4.1376320e+06   4.4436266e+01
   4.1377480e+06   9.2876008e+01
   4.1378430e+06   4.0063587e+01
   4.1378910e+06   5.5859042e+01
   4.1380830e+06   6.5426061e+01
   4.1381200e+06   5.6720209e+01
   4.1382280e+06   5.2269146e+01
   4.1382720e+06   4.1198611e+01
   4.1382940e+06   5.2972802e+01
   4.1383370e+06   7.1387410e+01
   4.1384390e+06   4.5681463e+01
   4.1385290e+06   5.9692861e+01
   4.1386350e+06   4.9378344e+01
   4.1388600e+06   4.0729676e+01
   4.1390130e+06   4.2181439e+01
   4.1397340e+06   4.1057474e+01
   4.1599140e+06   4.7192299e+01
   4.1731150e+06   4.0195597e+01
   4.2114190e+06   4.6305864e+01
   4.2163480e+06   4.4153416e+01
   4.2172880e+06   4.3112822e+01
   4.2175040e+06   4.8999874e+01
   4.2175610e+06   5.3342009e+01
   4.2176470e+06   5.0160437e+01
   4.2176910e+06   6.5103497e+01
   4.2177390e+06   4.5311532e+01
   4.2178400e+06   6.7487942e+01
   4.2179670e+06   7.7388671e+01
   4.2180470e+06   4.3279167e+01
   4.2181600e+06   5.3013310e+01
   4.2182970e+06   4.5955046e+01
   4.2183140e+06   5.1692411e+01
   4.2183630e+06   4.5002575e+01
   4.2184830e+06   4.3259492e+01
   4.2187290e+06   4.0190765e+01
   4.2189010e+06   4.4713720e+01
   4.2419740e+06   4.1021404e+01
   4.2549200e+06   4.3615699e+01
   4.2553140e+06   4.0684462e+01
   4.2800500e+06   4.7895453e+01
   4.3321450e+06   4.5718509e+01
   4.3531990e+06   4.3898506e+01
   4.3535740e+06   4.1790816e+01
   4.3544380e+06   4.2226321e+01
   4.3594160e+06   4.0938393e+01
   4.3715150e+06   4.2146804e+01
   4.3715620e+06   4.0818343e+01
   4.3715890e+06   7.8810084e+01
   4.3716230e+06   5.7910179e+01
   4.3716610e+06   4.2515093e+01
   4.3717000e+06   4.3292174e+01
   4.3717410e+06   6.0958365e+01
   4.3717900e+06   6.7060302e+01
   4.3718070e+06   6.6843279e+01
   4.3718330e+06   4.2190442e+01
   4.3718750e+06   5.4855724e+01
   4.3719590e+06   4.6531854e+01
   4.3721190e+06   5.7781289e+01
   4.3730480e+06   4.4781757e+01
   4.3732690e+06   4.2235083e+01
   4.3733840e+06   4.2486021e+01
   4.4281120e+06   4.1010725e+01
   4.4287010e+06   4.4565472e+01
   4.4292780e+06   4.0848625e+01
   4.4356470e+06   4.1960285e+01
   4.4382020e+06   4.1159972e+01
   4.4447970e+06   4.1652535e+01
   4.4453110e+06   5.0312700e+01
   4.4668290e+06   4.0730131e+01
   4.4734480e+06   4.1775751e+01
   4.4735430e+06   4.3020853e+01
   4.4736860e+06   4.9443713e+01
   4.4737400e+06   5.9447654e+01
   4.4737780e+06   4.0756738e+01
   4.4738690e+06   5.1628663e+01
   4.4739200e+06   7.2601736e+01
   4.4741080e+06   7.1475960e+01
   4.4741280e+06   4.9878066e+01
   4.4742130e+06   4.1213951e+01
   4.4742880e+06   4.0094086e+01
   4.4743360e+06   4.6641215e+01
   4.4743970e+06   5.7521884e+01
   4.4744710e+06   3.9991960e+01
   4.4745580e+06   4.5670212e+01
   4.4746190e+06   4.2527316e+01
   4.4747460e+06   4.0363514e+01
   4.4747960e+06   5.2898309e+01
   4.4757670e+06   4.2781031e+01
   4.4769530e+06   4.5243005e+01
   4.4929900e+06   4.7199827e+01
   4.4934480e+06   4.2735406e+01
   4.5034230e+06   4.0469462e+01
   4.5277940e+06   4.0050370e+01
   4.5427150e+06   4.1827346e+01
   4.5428580e+06   4.4771007e+01
   4.5428860e+06   5.0792652e+01
   4.5429240e+06   5.8640217e+01
   4.5430800e+06   5.0795395e+01
   4.5431020e+06   6.0238510e+01
   4.5432340e+06   4.5233692e+01
   4.5432660e+06   5.4726550e+01
   4.5433430e+06   5.3239212e+01
   4.5434090e+06   4.4768676e+01
   4.5434430e+06   4.2834213e+01
   4.5436260e+06   4.5145341e+01
   4.5436370e+06   7.0785902e+01
   4.5438240e+06   6.0601669e+01
   4.5439190e+06   4.9394031e+01
   4.5440720e+06   4.1375454e+01
   4.5442340e+06   4.4642107e+01
   4.5448020e+06   4.2805931e+01
   4.5773390e+06   4.6750316e+01
   4.6086410e+06   4.6125091e+01
   4.6174060e+06   4.0325799e+01
   4.6401820e+06   4.0133204e+01
   4.6651230e+06   4.1170328e+01
   4.6652870e+06   4.1262437e+01
   4.6654510e+06   5.7944616e+01
   4.6655320e+06   5.1475410e+01
   4.6655580e+06   4.4889557e+01
   4.6656020e+06   7.3851789e+01
   4.6656560e+06   4.5405848e+01
   4.6657100e+06   4.5896109e+01
   4.6657700e+06   4.1927700e+01
   4.6658000e+06   6.2391825e+01
   4.6658320e+06   4.2334025e+01
   4.6659550e+06   5.0260349e+01
   4.6659750e+06   6.6223258e+01
   4.6661490e+06   4.8731864e+01
   4.6662310e+06   4.1430720e+01
   4.6662770e+06   4.7323550e+01
   4.6663360e+06   4.3607687e+01
   4.6666770e+06   4.7144901e+01
   4.7376290e+06   4.8077262e+01
   4.7550960e+06   4.0770390e+01
   4.7556230e+06   4.1122791e+01
   4.7560720e+06   4.5254007e+01
   4.7562230e+06   4.0354652e+01
   4.7562780e+06   6.5904411e+01
   4.7563760e+06   5.4287163e+01
   4.7565340e+06   4.2745115e+01
   4.7565760e+06   5.7627803e+01
   4.7565900e+06   5.3383299e+01
   4.7567640e+06   4.4679157e+01
   4.7568790e+06   4.9528853e+01
   4.7569350e+06   4.2280785e+01
   4.7570760e+06   3.9964907e+01
   4.7571370e+06   4.7993872e+01
   4.7574010e+06   4.6235109e+01
   4.7574320e+06   4.0054557e+01
   4.7588300e+06   4.0375611e+01
   4.7771920e+06   4.2129590e+01
   4.7772270e+06   4.3710606e+01
   4.8023330e+06   4.1208470e+01
   4.8028610e+06   4.4893931e+01
   4.8089500e+06   4.0805728e+01
   4.8505540e+06   4.6683712e+01
   4.8517640e+06   4.2237753e+01
   4.8539350e+06   4.0739388e+01
   4.8612880e+06   4.3311288e+01
   4.8662060e+06   4.4254993e+01
   4.8664870e+06   4.5958377e+01
   4.8665080e+06   4.0045129e+01
   4.8665800e+06   6.0807608e+01
   4.8666240e+06   4.0468889e+01
   4.8666790e+06   4.6348734e+01
   4.8666940e+06   4.2059023e+01
   4.8667950e+06   5.7248843e+01
   4.8668190e+06   5.0465256e+01
   4.8668370e+06   4.5988789e+01
   4.8668640e+06   4.1345683e+01
   4.8668850e+06   4.8825115e+01
   4.8669210e+06   4.2733107e+01
   4.8669530e+06   4.5083626e+01
   4.8669940e+06   4.9868856e+01
   4.8671090e+06   4.8740193e+01
   4.8671350e+06   4.3320535e+01
   4.8671580e+06   5.2035376e+01
   4.8672550e+06   4.7916991e+01
   4.8672830e+06   5.5197252e+01
   4.8673370e+06   4.1212935e+01
   4.8673900e+06   4.0592784e+01
   4.8675600e+06   4.2844057e+01
   4.8676840e+06   4.5502978e+01
   4.8683720e+06   4.3711310e+01
   4.9057370e+06   4.1052233e+01
   4.9065530e+06   4.4597048e+01
   4.9374250e+06   4.4282558e+01
   4.9661380e+06   4.7888345e+01
   4.9686850e+06   4.1828461e+01
   4.9690870e+06   4.1998470e+01
   4.9691200e+06   4.7885106e+01
   4.9691380e+06   4.0136946e+01
   4.9692120e+06   4.5895068e+01
   4.9692800e+06   5.4343300e+01
   4.9693030e+06   6.5317591e+01
   4.9693160e+06   4.1915769e+01
   4.9693810e+06   4.0138208e+01
   4.9694260e+06   4.7937045e+01
   4.9694770e+06   6.1898014e+01
   4.9695040e+06   6.5954842e+01
   4.9695380e+06   4.9429433e+01
   4.9696060e+06   4.8385421e+01
   4.9696730e+06   5.3868972e+01
   4.9697260e+06   5.2542303e+01
   4.9697940e+06   5.1763697e+01
   4.9698460e+06   4.2100197e+01
   4.9699290e+06   4.3059980e+01
   4.9699850e+06   4.5192908e+01
   4.9704740e+06   4.2759322e+01
   4.9712090e+06   5.2582136e+01
   5.0041030e+06   4.0214061e+01
   5.0077580e+06   4.3580471e+01
   5.0168020e+06   4.0152639e+01
   5.0261710e+06   4.2530497e+01
   5.0598910e+06   4.4857412e+01
   5.0659040e+06   4.5716687e+01
   5.0660260e+06   4.1205586e+01
   5.0674440e+06   4.3999479e+01
   5.0677720e+06   4.3599033e+01
   5.0677970e+06   5.8550064e+01
   5.0678810e+06   4.0034462e+01
   5.0680250e+06   6.4657568e+01
   5.0680530e+06   5.0084905e+01
   5.0681000e+06   7.6904865e+01
   5.0682730e+06   4.6158601e+01
   5.0684050e+06   4.3176650e+01
   5.0684410e+06   5.5409827e+01
   5.0684560e+06   5.5177476e+01
   5.0686060e+06   4.3309242e+01
   5.0687520e+06   5.7690600e+01
   5.0687960e+06   6.3031764e+01
   5.0689370e+06   4.0947525e+01
   5.0697740e+06   4.8083578e+01
   5.0701890e+06   4.1916653e+01
   5.0704430e+06   4.1409983e+01
   5.1267090e+06   4.3043533e+01
   5.1353340e+06   4.3446239e+01
   5.1815460e+06   4.0364802e+01
   5.1820820e+06   4.5256643e+01
   5.1838270e+06   4.2836733e+01
   5.1846020e+06   4.7999025e+01
   5.1847610e+06   4.1595875e+01
   5.1849760e+06   4.4738065e+01
   5.1849970e+06   4.4339586e+01
   5.1851240e+06   5.7382926e+01
   5.1852850e+06   5.4750468e+01
   5.1854130e+06   4.1170601e+01
   5.1855740e+06   5.5037138e+01
   5.1856290e+06   5.0247032e+01
   5.1859710e+06   5.3434484e+01
   5.1860950e+06   4.5478872e+01
   5.1861640e+06   4.5545827e+01
   5.1862420e+06   4.0201813e+01
   5.1864030e+06   6.1101908e+01
   5.1864890e+06   5.5224157e+01
   5.1869240e+06   4.2043795e+01
   5.1869390e+06   4.1367829e+01
   5.1871330e+06   4.1353455e+01
   5.1879000e+06   4.2569076e+01
   5.2856950e+06   4.1476872e+01
   5.2857470e+06   4.3252249e+01
   5.2859430e+06   8.6631385e+01
   5.2859870e+06   4.1686234e+01
   5.2860110e+06   4.6436992e+01
   5.2861400e+06   5.3561544e+01
   5.2861930e+06   5.8780399e+01
   5.2862330e+06   6.3522289e+01
   5.2862650e+06   4.5461394e+01
   5.2863320e+06   4.0563422e+01
   5.2864420e+06   4.8633235e+01
   5.2864840e+06   5.4519746e+01
   5.2865540e+06   4.8638466e+01
   5.2866430e+06   4.0204970e+01
   5.2867260e+06   4.3616457e+01
   5.2868280e+06   4.1219794e+01
   5.2868580e+06   4.6768520e+01
   5.2869710e+06   4.2966897e+01
   5.2870440e+06   4.2773212e+01
   5.2874650e+06   4.0499443e+01
   5.3618390e+06   4.0824612e+01
   5.3618530e+06   4.8317741e+01
   5.3620220e+06   4.9011319e+01
   5.3621250e+06   4.4175388e+01
   5.3622090e+06   4.2006171e+01
   5.3622420e+06   5.3131704e+01
   5.3622970e+06   6.1863043e+01
   5.3623260e+06   4.8401709e+01
   5.3624460e+06   4.1216966e+01
   5.3624680e+06   4.9108503e+01
   5.3625290e+06   6.4334208e+01
   5.3625650e+06   5.6762719e+01
   5.3626030e+06   4.7249282e+01
   5.3626310e+06   4.2771579e+01
   5.3626930e+06   4.4030807e+01
   5.3627210e+06   6.7633463e+01
   5.3627380e+06   5.2039687e+01
   5.3628820e+06   4.4374995e+01
   5.3629260e+06   4.5174584e+01
   5.3629990e+06   4.5466102e+01
   5.3630610e+06   4.0674621e+01
   5.3631160e+06   4.3417705e+01
   5.3632250e+06   4.3622981e+01
   5.3634210e+06   4.0669470e+01
   5.3634440e+06   4.3312155e+01
   5.3883800e+06   4.0932715e+01
   5.4272500e+06   4.1378816e+01
   5.4445340e+06   4.4536696e+01
   5.4559130e+06   4.2621289e+01
   5.4611170e+06   5.1183722e+01
   5.4611650e+06   4.4607549e+01
   5.4613570e+06   6.4524473e+01
   5.4614160e+06   4.1561466e+01
   5.4615130e+06   5.4325511e+01
   5.4615560e+06   4.1614884e+01
   5.4616720e+06   5.7223797e+01
   5.4616990e+06   8.6313505e+01
   5.4617090e+06   3.9957767e+01
   5.4617880e+06   4.2940012e+01
   5.4618320e+06   4.4512789e+01
   5.4618590e+06   4.1421921e+01
   5.4619330e+06   4.9706446e+01
   5.4619720e+06   4.6852647e+01
   5.4619980e+06   4.5629868e+01
   5.4621180e+06   5.3767529e+01
   5.4621520e+06   4.3278644e+01
   5.4622630e+06   4.2606953e+01
   5.4851690e+06   4.2136555e+01
   5.5165100e+06   4.0077354e+01
   5.5172630e+06   4.2145501e+01
   5.5651710e+06   4.0228935e+01
   5.5812520e+06   4.4492747e+01
   5.5870040e+06   4.8025890e+01
   5.5871410e+06   5.8400924e+01
   5.5872730e+06   7.3622785e+01
   5.5872880e+06   5.7108576e+01
   5.5873360e+06   4.3832807e+01
   5.5873820e+06   5.6637198e+01
   5.5874520e+06   4.0369989e+01
   5.5874890e+06   4.6371848e+01
   5.5874990e+06   4.8947785e+01
   5.5875650e+06   4.5650125e+01
   5.5876420e+06   4.4971597e+01
   5.5876620e+06   5.0212379e+01
   5.5876860e+06   4.3274655e+01
   5.5877820e+06   5.2559969e+01
   5.5878020e+06   4.9139203e+01
   5.5878440e+06   4.1647293e+01
   5.5879860e+06   5.5478553e+01
   5.5881310e+06   4.1362735e+01
   5.5882980e+06   5.0178407e+01
   5.5883080e+06   4.2755495e+01
   5.5883710e+06   4.9335130e+01
   5.5886010e+06   4.1049042e+01
   5.5887440e+06   4.1532177e+01
   5.5897850e+06   4.1728557e+01
   5.6297220e+06   4.5140039e+01
   5.6300190e+06   4.0957674e+01
   5.6303580e+06   4.0839941e+01
   5.6304200e+06   5.5839796e+01
   5.6304990e+06   4.1326655e+01
   5.6305980e+06   5.7975167e+01
   5.6306100e+06   4.2032991e+01
   5.6306250e+06   7.0252413e+01
   5.6306630e+06   5.1324155e+01
   5.6307060e+06   4.5113130e+01
   5.6307830e+06   4.2385657e+01
   5.6308520e+06   5.5980878e+01
   5.6308750e+06   4.9068492e+01
   5.6309010e+06   4.5958710e+01
   5.6309290e+06   6.2148808e+01
   5.6309970e+06   4.0556353e+01
   5.6310550e+06   5.1295824e+01
   5.6310870e+06   4.0450853e+01
   5.6312210e+06   4.8265306e+01
   5.6312370e+06   4.0278401e+01
   5.6312840e+06   4.0775468e+01
   5.6313150e+06   4.8157588e+01
   5.6313620e+06   3.9990848e+01
   5.6315400e+06   4.3357692e+01
   5.6321960e+06   4.2397363e+01
   5.6322320e+06   4.0974090e+01
   5.6838070e+06   4.3575682e+01
   5.7162790e+06   4.2297655e+01
   5.7327080e+06   4.0904609e+01
   5.7330970e+06   4.5309892e+01
   5.7331730e+06   4.0753353e+01
   5.7333080e+06   4.2218949e+01
   5.7333510e+06   4.3335315e+01
   5.7333700e+06   4.5796854e+01
   5.7333910e+06   9.2201011e+01
   5.7334840e+06   7.4144506e+01
   5.7335890e+06   5.7999423e+01
   5.7336120e+06   4.4462568e+01
   5.7337330e+06   4.0059649e+01
   5.7337900e+06   6.9665945e+01
   5.7338580e+06   4.6129970e+01
   5.7338860e+06   4.0614324e+01
   5.7339010e+06   6.0667883e+01
   5.7339410e+06   4.9050802e+01
   5.7340250e+06   6.1073365e+01
   5.7340560e+06   4.2865828e+01
   5.7341830e+06   4.0714373e+01
   5.7342190e+06   4.6139599e+01
   5.7362310e+06   4.7958740e+01
   5.7690230e+06   4.2520605e+01
   5.8023650e+06   4.3948879e+01
   5.8036860e+06   4.0319403e+01
   5.8049520e+06   4.7184836e+01
   5.8226000e+06   4.2347489e+01
   5.8245440e+06   4.1512730e+01
   5.8514140e+06   4.5283279e+01
   5.8514360e+06   4.7075643e+01
   5.8515530e+06   5.5752523e+01
   5.8515840e+06   4.9932322e+01
   5.8516170e+06   4.2345268e+01
   5.8516590e+06   4.0276153e+01
   5.8516950e+06   4.5190894e+01
   5.8517240e+06   6.9507602e+01
   5.8518030e+06   4.7545814e+01
   5.8518470e+06   3.9971671e+01
   5.8518820e+06   5.9330904e+01
   5.8519140e+06   4.9752747e+01
   5.8519500e+06   6.7342559e+01
   5.8520900e+06   4.3567423e+01
   5.8521250e+06   4.7415738e+01
   5.8522430e+06   4.9129451e+01
   5.8523510e+06   4.5668621e+01
   5.8523960e+06   4.0901716e+01
   5.8525890e+06   4.0710630e+01
   5.8527490e+06   4.7878383e+01
   5.8539970e+06   4.2767078e+01
   5.9072090e+06   4.4094781e+01
   5.9303110e+06   4.3963546e+01
   5.9423990e+06   4.3323798e+01
   5.9425100e+06   3.9958897e+01
   5.9425370e+06   4.7112080e+01
   5.9427720e+06   6.1004279e+01
   5.9428210e+06   4.8712842e+01
   5.9428660e+06   5.3044515e+01
   5.9429050e+06   4.1759534e+01
   5.9429580e+06   6.5194009e+01
   5.9429800e+06   4.2809913e+01
   5.9430920e+06   4.6846471e+01
   5.9431150e+06   4.0489240e+01
   5.9431320e+06   5.8960862e+01
   5.9433050e+06   6.3320220e+01
   5.9433940e+06   4.8479811e+01
   5.9434380e+06   5.1334373e+01
   5.9434820e+06   5.6418622e+01
   5.9436230e+06   4.8063500e+01
   5.9438240e+06   4.3012704e+01
   5.9440180e+06   4.9476926e+01
   5.9444400e+06   4.0182642e+01
   5.9805690e+06   4.0607749e+01
   5.9998290e+06   4.3606896e+01
   6.0168270e+06   4.3463831e+01
   6.0274870e+06   4.1967017e+01
   6.0282430e+06   4.0409701e+01
   6.0332650e+06   4.0199630e+01
   6.0485790e+06   4.0043064e+01
   6.0649860e+06   4.0123581e+01
   6.0656310e+06   4.2818526e+01
   6.0656590e+06   4.2503918e+01
   6.0658910e+06   4.6502303e+01
   6.0659100e+06   4.2670137e+01
   6.0660540e+06   4.6968015e+01
   6.0660830e+06   5.2771438e+01
   6.0661260e+06   4.2496702e+01
   6.0661420e+06   5.3069250e+01
   6.0662340e+06   4.6982375e+01
   6.0662450e+06   3.9959952e+01
   6.0663620e+06   5.6158741e+01
   6.0663750e+06   4.9821274e+01
   6.0664230e+06   4.6162394e+01
   6.0665340e+06   4.0537783e+01
   6.0666060e+06   4.1237052e+01
   6.0666310e+06   4.6469561e+01
   6.0666510e+06   4.2221402e+01
   6.0667100e+06   4.1893938e+01
   6.0680800e+06   4.3694099e+01
   6.1108500e+06   4.5823523e+01
   6.1114090e+06   4.0058463e+01
   6.1712060e+06   4.1370212e+01
   6.1716550e+06   4.1258797e+01
   6.1722240e+06   4.1003448e+01
   6.1736690e+06   4.0106471e+01
   6.1749630e+06   4.0729252e+01
   6.1893590e+06   4.3697916e+01
   6.1976540e+06   4.2535031e+01
   6.2073290e+06   4.4582568e+01
   6.2083250e+06   4.3195536e+01
   6.2197970e+06   4.0296133e+01
   6.2199900e+06   4.1065879e+01
   6.2200690e+06   4.1594273e+01
   6.2201440e+06   5.6336717e+01
   6.2202220e+06   4.2940709e+01
   6.2202550e+06   4.8807146e+01
   6.2203060e+06   5.2310237e+01
   6.2203200e+06   4.5085955e+01
   6.2204030e+06   4.6037668e+01
   6.2204310e+06   7.2429245e+01
   6.2204740e+06   4.1680206e+01
   6.2205120e+06   4.7664577e+01
   6.2206870e+06   4.4677126e+01
   6.2207130e+06   4.1446129e+01
   6.2207660e+06   4.1185011e+01
   6.2208910e+06   4.4640096e+01
   6.2209270e+06   5.7040099e+01
   6.2209430e+06   4.7705961e+01
   6.2211410e+06   4.5471046e+01
   6.2672700e+06   4.6918760e+01
   6.2673970e+06   4.0107992e+01
   6.2676930e+06   5.5069770e+01
   6.2677640e+06   5.4327137e+01
   6.2678350e+06   5.4297293e+01
   6.2678570e+06   4.7259725e+01
   6.2680710e+06   7.2992547e+01
   6.2682380e+06   5.5540727e+01
   6.2683190e+06   4.8063182e+01
   6.2685050e+06   4.5685764e+01
   6.2686420e+06   4.1943122e+01
   6.2686920e+06   4.9780814e+01
   6.2687810e+06   4.0538003e+01
   6.2691040e+06   5.3505345e+01
   6.2691330e+06   4.0223593e+01
   6.2693560e+06   4.2330322e+01
   6.2693850e+06   4.3214428e+01
   6.2696550e+06   4.4241969e+01
   6.2699540e+06   4.1376539e+01
   6.2699900e+06   4.0501549e+01
   6.2705220e+06   4.9873124e+01
   6.2714740e+06   4.0824559e+01
   6.3079000e+06   4.3464598e+01
   6.3130920e+06   4.8855236e+01
   6.3131460e+06   4.1543170e+01
   6.3131750e+06   4.0535813e+01
   6.3133050e+06   6.1430107e+01
   6.3133160e+06   4.6957276e+01
   6.3133550e+06   4.3645053e+01
   6.3134040e+06   4.5294244e+01
   6.3134230e+06   5.8554935e+01
   6.3134790e+06   7.0974524e+01
   6.3135290e+06   6.1595484e+01
   6.3136450e+06   4.1528228e+01
   6.3137030e+06   4.4801522e+01
   6.3137520e+06   4.2337459e+01
   6.3137770e+06   4.9943924e+01
   6.3138010e+06   4.7875456e+01
   6.3140090e+06   4.1015107e+01
   6.3140890e+06   4.2946838e+01
   6.3143370e+06   4.0771874e+01
   6.3143540e+06   4.6387095e+01
   6.3146620e+06   4.2235562e+01
   6.3149570e+06   4.7432564e+01
   6.3151500e+06   4.1838644e+01
   6.3446750e+06   4.1638461e+01
   6.3588400e+06   4.2382546e+01
   6.3955000e+06   4.7410974e+01
   6.3956870e+06   4.2466711e+01
   6.3978870e+06   4.0758975e+01
   6.3980460e+06   4.5038741e+01
   6.3981130e+06   4.0016547e+01
   6.3981440e+06   4.2248250e+01
   6.3982410e+06   5.3781618e+01
   6.3984330e+06   4.8092546e+01
   6.3985400e+06   5.1202179e+01
   6.3985820e+06   5.8416287e+01
   6.3986290e+06   4.3042650e+01
   6.3986520e+06   4.2608224e+01
   6.3987860e+06   7.3808856e+01
   6.3988950e+06   6.3788592e+01
   6.3989470e+06   5.4627472e+01
   6.3989830e+06   4.2532224e+01
   6.3991240e+06   4.3952800e+01
   6.3992940e+06   5.6850594e+01
   6.3994170e+06   5.3747572e+01
   6.3995330e+06   4.4596412e+01
   6.3996730e+06   4.5547465e+01
   6.3997330e+06   5.4765006e+01
   6.3998980e+06   4.5200875e+01
   6.3999350e+06   4.0995613e+01
   6.4006800e+06   4.3146730e+01
   6.4012170e+06   4.4951898e+01
   6.4020860e+06   4.1576589e+01
   6.4494680e+06   4.2930080e+01
   6.5006570e+06   4.2351279e+01
   6.5146020e+06   4.4482693e+01
   6.5148670e+06   4.5556757e+01
   6.5300320e+06   4.1595622e+01
   6.5355550e+06   4.6598702e+01
   6.5397760e+06   5.7061224e+01
   6.5397930e+06   8.7273736e+01
   6.5399540e+06   4.9762966e+01
   6.5399700e+06   4.7990638e+01
   6.5400070e+06   4.5066054e+01
   6.5400410e+06   5.4507664e+01
   6.5401020e+06   4.1378410e+01
   6.5401670e+06   6.8972357e+01
   6.5402740e+06   4.5514150e+01
   6.5402930e+06   5.7508378e+01
   6.5403300e+06   5.5576078e+01
   6.5404590e+06   4.4155709e+01
   6.5405820e+06   4.0665555e+01
   6.5406530e+06   6.3187228e+01
   6.5406890e+06   4.2435918e+01
   6.5407140e+06   4.4180227e+01
   6.5410110e+06   4.6343939e+01
   6.5414110e+06   4.2990246e+01
   6.5423400e+06   4.0038018e+01
   6.5427890e+06   4.1496886e+01
   6.5435580e+06   4.7101891e+01
   6.5743180e+06   4.1868200e+01
   6.6012210e+06   4.3807739e+01
   6.6013070e+06   5.2951007e+01
   6.6015440e+06   4.1070824e+01
   6.6016030e+06   4.1084580e+01
   6.6016730e+06   6.8715044e+01
   6.6017450e+06   4.4271627e+01
   6.6018570e+06   4.2740528e+01
   6.6019000e+06   4.5563741e+01
   6.6020010e+06   4.5401014e+01
   6.6020920e+06   4.5207532e+01
   6.6021190e+06   5.8412960e+01
   6.6022430e+06   4.7131879e+01
   6.6022960e+06   5.2519544e+01
   6.6023430e+06   4.3700213e+01
   6.6024760e+06   5.8374495e+01
   6.6025090e+06   4.0657687e+01
   6.6025200e+06   4.7646004e+01
   6.6026860e+06   4.3140730e+01
   6.6027090e+06   4.5147183e+01
   6.6027790e+06   6.9848019e+01
   6.6028320e+06   5.1316541e+01
   6.6030040e+06   4.7807622e+01
   6.6032450e+06   4.6418347e+01
   6.6033670e+06   4.6047417e+01
   6.6034530e+06   4.8033809e+01
   6.6291760e+06   4.0799365e+01
   6.6656850e+06   4.4262583e+01
   6.6661410e+06   4.2755836e+01
   6.6828220e+06   4.1261145e+01
   6.6834170e+06   4.2036980e+01
   6.6838640e+06   4.5230021e+01
   6.6839970e+06   7.5277638e+01
   6.6844260e+06   5.7804129e+01
   6.6845010e+06   4.9158953e+01
   6.6845190e+06   4.0074083e+01
   6.6846570e+06   6.2905324e+01
   6.6848000e+06   5.2767823e+01
   6.6848140e+06   6.7338775e+01
   6.6849420e+06   4.7406103e+01
   6.6849980e+06   5.1043742e+01
   6.6851130e+06   4.8112160e+01
   6.6851700e+06   4.1442891e+01
   6.6853600e+06   5.1572536e+01
   6.6853930e+06   4.1525255e+01
   6.6854520e+06   4.0214934e+01
   6.6855580e+06   4.0298708e+01
   6.6857360e+06   4.3319850e+01
   6.6875080e+06   4.1154050e+01
   6.7115530e+06   4.0831590e+01
   6.7172640e+06   4.2801675e+01
   6.7580420e+06   4.4399046e+01
   6.7581080e+06   4.0202288e+01
   6.7581350e+06   4.6543001e+01
   6.7581650e+06   4.1621403e+01
   6.7583900e+06   4.1245232e+01
   6.7584820e+06   4.4257143e+01
   6.7585920e+06   4.9860613e+01
   6.7586950e+06   5.3764528e+01
   6.7587110e+06   6.8454978e+01
   6.7588290e+06   4.2841837e+01
   6.7589120e+06   6.6144789e+01
   6.7590700e+06   4.1950225e+01
   6.7591430e+06   5.2719363e+01
   6.7591810e+06   5.1970135e+01
   6.7593300e+06   5.1356287e+01
   6.7594870e+06   4.4595326e+01
   6.7595070e+06   4.5614808e+01
   6.7596330e+06   4.1560074e+01
   6.7596960e+06   4.0697152e+01
   6.7597810e+06   4.5801506e+01
   6.7600850e+06   4.3020206e+01
   6.7603050e+06   4.6595311e+01
   6.7605870e+06   4.6114682e+01
   6.7614780e+06   4.0007849e+01
   6.7622200e+06   4.2504171e+01
   6.7678660e+06   4.0124105e+01
   6.8583690e+06   4.7363634e+01
   6.8729420e+06   4.5619089e+01
   6.8730210e+06   4.0348592e+01
   6.8732660e+06   4.3728158e+01
   6.8733790e+06   5.8253994e+01
   6.8735050e+06   9.3311503e+01
   6.8735360e+06   4.2550323e+01
   6.8736730e+06   4.5701304e+01
   6.8736930e+06   4.3429521e+01
   6.8737250e+06   7.3901090e+01
   6.8737770e+06   4.1135924e+01
   6.8738680e+06   5.0718246e+01
   6.8738930e+06   5.6633157e+01
   6.8740040e+06   4.9207845e+01
   6.8740550e+06   4.8183263e+01
   6.8741420e+06   4.7970448e+01
   6.8742620e+06   4.2523697e+01
   6.8743150e+06   4.3156148e+01
   6.8743810e+06   4.6385235e+01
   6.8745320e+06   4.3116173e+01
   6.8758190e+06   4.2758907e+01
   6.8759030e+06   4.0166687e+01
   6.9112610e+06   4.6165259e+01
   6.9441650e+06   4.0685456e+01
   6.9538200e+06   4.2419518e+01
   6.9559730e+06   4.5131304e+01
   6.9560250e+06   4.5785382e+01
   6.9561930e+06   4.8821555e+01
   6.9562340e+06   4.7160074e+01
   6.9563750e+06   5.0582913e+01
   6.9564500e+06   6.1766211e+01
   6.9564670e+06   4.2802037e+01
   6.9566410e+06   7.7503657e+01
   6.9567220e+06   5.6819218e+01
   6.9568250e+06   4.9857641e+01
   6.9569620e+06   5.8261088e+01
   6.9569790e+06   5.1272111e+01
   6.9571350e+06   4.4116045e+01
   6.9572340e+06   5.3020199e+01
   6.9572690e+06   4.7007559e+01
   6.9572860e+06   4.6658644e+01
   6.9574770e+06   5.0897132e+01
   6.9575970e+06   4.0113646e+01
   6.9576860e+06   4.2224031e+01
   6.9576990e+06   4.1695791e+01
   6.9578640e+06   4.2336265e+01
   6.9582660e+06   4.2239795e+01
   6.9584880e+06   4.3901997e+01
   6.9802640e+06   4.1071348e+01
   6.9831300e+06   4.0541303e+01
   7.0139710e+06   4.8217695e+01
   7.0764080e+06   4.1756319e+01
   7.1003230e+06   4.0509325e+01
   7.1020220e+06   4.6673236e+01
   7.1021650e+06   4.5903359e+01
   7.1022950e+06   5.4384432e+01
   7.1023490e+06   6.1731425e+01
   7.1024400e+06   5.2224973e+01
   7.1025190e+06   4.0902126e+01
   7.1025480e+06   7.3728295e+01
   7.1025680e+06   4.1612183e+01
   7.1026180e+06   4.8360764e+01
   7.1026530e+06   5.3961292e+01
   7.1026730e+06   4.4281095e+01
   7.1027220e+06   5.5460035e+01
   7.1027570e+06   5.4134871e+01
   7.1027680e+06   4.6233057e+01
   7.1028180e+06   4.1100621e+01
   7.1028690e+06   4.1122077e+01
   7.1029150e+06   4.9110503e+01
   7.1029970e+06   5.2681144e+01
   7.1031570e+06   4.1307275e+01
   7.1032280e+06   5.3450591e+01
   7.1032380e+06   4.0138465e+01
   7.1033690e+06   4.0594201e+01
   7.1034470e+06   4.7157102e+01
   7.1036100e+06   4.0304422e+01
   7.1046420e+06   4.0467777e+01
   7.1284050e+06   4.2554015e+01
   7.2115360e+06   4.0019152e+01
   7.2120680e+06   4.2620618e+01
   7.2220360e+06   4.6043870e+01
   7.2223580e+06   4.1563895e+01
   7.2244620e+06   4.1668584e+01
   7.2244940e+06   4.0200298e+01
   7.2249770e+06   4.4664320e+01
   7.2250110e+06   6.9557807e+01
   7.2250440e+06   4.6133927e+01
   7.2251690e+06   5.2994765e+01
   7.2252760e+06   5.1142342e+01
   7.2253110e+06   5.1648787e+01
   7.2254570e+06   5.1853211e+01
   7.2254830e+06   4.1458672e+01
   7.2255170e+06   5.1254424e+01
   7.2255500e+06   4.3046957e+01
   7.2255730e+06   5.3951619e+01
   7.2256210e+06   4.9877548e+01
   7.2257220e+06   4.6423613e+01
   7.2257570e+06   4.3136694e+01
   7.2259340e+06   5.0387933e+01
   7.2259490e+06   4.0077208e+01
   7.2260010e+06   5.3879188e+01
   7.2262260e+06   4.5205248e+01
   7.2263450e+06   4.5321332e+01
   7.2264600e+06   4.7575660e+01
   7.2266180e+06   5.0971756e+01
   7.2268180e+06   4.3489635e+01
   7.2281260e+06   4.0112375e+01
   7.2636710e+06   4.4442429e+01
   7.2763190e+06   4.3155603e+01
   7.3283260e+06   4.0040844e+01
   7.3309300e+06   4.1739373e+01
   7.3319040e+06   5.3272562e+01
   7.3372450e+06   4.5561504e+01
   7.3814910e+06   4.2004797e+01
   7.3815460e+06   4.2841176e+01
   7.3816350e+06   4.1697521e+01
   7.3816920e+06   4.1803517e+01
   7.3817840e+06   4.1248986e+01
   7.3818220e+06   5.3283196e+01
   7.3818480e+06   7.6464929e+01
   7.3818970e+06   4.4882323e+01
   7.3819440e+06   5.3437020e+01
   7.3819670e+06   4.5735954e+01
   7.3820040e+06   5.3625556e+01
   7.3821450e+06   5.5310633e+01
   7.3821580e+06   7.8174536e+01
   7.3822650e+06   5.6100010e+01
   7.3823100e+06   4.1638140e+01
   7.3823740e+06   5.4917961e+01
   7.3824460e+06   4.3739998e+01
   7.3824980e+06   4.5344385e+01
   7.3825250e+06   4.7231157e+01
   7.3826130e+06   4.0440088e+01
   7.4118340e+06   4.0095684e+01
   7.4300410e+06   4.5252934e+01
   7.4303050e+06   4.6262197e+01
   7.4492900e+06   4.2282605e+01
   7.4835990e+06   4.7383529e+01
   7.5141300e+06   5.4066794e+01
   7.5142550e+06   4.6602533e+01
   7.5144150e+06   4.6372930e+01
   7.5144650e+06   6.9669438e+01
   7.5144930e+06   4.1261261e+01
   7.5145290e+06   4.1275633e+01
   7.5145570e+06   6.7357627e+01
   7.5146250e+06   6.4257355e+01
   7.5147390e+06   4.9635700e+01
   7.5147490e+06   4.7359062e+01
   7.5148660e+06   4.1961538e+01
   7.5148910e+06   4.6724023e+01
   7.5149300e+06   4.0364838e+01
   7.5150280e+06   4.3243728e+01
   7.5151450e+06   5.3696666e+01
   7.5152700e+06   4.3672243e+01
   7.5154590e+06   4.1302499e+01
   7.5435060e+06   4.0456183e+01
   7.5523130e+06   4.0729084e+01
   7.5991210e+06   4.1730746e+01
   7.6025210e+06   4.7161081e+01
   7.6026540e+06   4.0306576e+01
   7.6027980e+06   4.9110070e+01
   7.6028350e+06   5.5527876e+01
   7.6029450e+06   4.5903823e+01
   7.6029630e+06   5.0619798e+01
   7.6030550e+06   8.1742692e+01
   7.6030730e+06   4.3081020e+01
   7.6031810e+06   4.7081854e+01
   7.6032150e+06   5.7796179e+01
   7.6032720e+06   7.0586526e+01
   7.6034370e+06   6.1411409e+01
   7.6034940e+06   7.7845887e+01
   7.6035090e+06   4.6275887e+01
   7.6035990e+06   4.2410549e+01
   7.6036390e+06   4.8033817e+01
   7.6036850e+06   4.4157071e+01
   7.6037120e+06   4.9328438e+01
   7.6037410e+06   4.2509753e+01
   7.6038810e+06   4.1920643e+01
   7.6039140e+06   5.8240140e+01
   7.6040970e+06   4.0460555e+01
   7.6042630e+06   4.6576882e+01
   7.6044450e+06   4.2424888e+01
   7.6045560e+06   4.4375368e+01
   7.6060110e+06   4.0355868e+01
   7.6636650e+06   4.3148103e+01
   7.7105330e+06   4.4997298e+01
   7.7110430e+06   4.0201146e+01
   7.7240310e+06   4.1922324e+01
   7.7255590e+06   3.9975782e+01
   7.7275830e+06   4.4440336e+01
   7.7493690e+06   4.4506747e+01
   7.7500070e+06   4.3790072e+01
   7.7508880e+06   4.1842712e+01
   7.7510800e+06   4.1662197e+01
   7.7584490e+06   4.1323705e+01
   7.7585480e+06   4.0782142e+01
   7.7585700e+06   4.4834054e+01
   7.7586730e+06   6.5421722e+01
   7.7586890e+06   5.6789173e+01
   7.7587790e+06   4.4526900e+01
   7.7588050e+06   4.5776781e+01
   7.7588480e+06   5.1499756e+01
   7.7588960e+06   4.1301771e+01
   7.7589620e+06   6.3080328e+01
   7.7589970e+06   5.6988081e+01
   7.7591190e+06   4.3373220e+01
   7.7591570e+06   4.9724424e+01
   7.7593350e+06   4.5127166e+01
   7.7593490e+06   4.9193116e+01
   7.7593770e+06   4.0281162e+01
   7.7594670e+06   5.2979742e+01
   7.7595010e+06   4.3531552e+01
   7.7596600e+06   4.4784582e+01
   7.7598500e+06   4.0596741e+01
   7.7604180e+06   4.0397135e+01
   7.7605350e+06   4.0300521e+01
   7.7893210e+06   4.6466467e+01
   7.7951720e+06   4.0606366e+01
   7.8131010e+06   4.2344293e+01
   7.8136810e+06   4.2791399e+01
   7.8161130e+06   4.2788857e+01
   7.8244380e+06   4.6813929e+01
   7.8291520e+06   4.1115112e+01
   7.8402510e+06   4.9711650e+01
   7.8567230e+06   4.0424375e+01
   7.8666170e+06   4.0779086e+01
   7.8678670e+06   4.0335114e+01
   7.8685780e+06   4.1399498e+01
   7.8690350e+06   4.4308595e+01
   7.8900780e+06   4.0877504e+01
   7.8933000e+06   4.5792935e+01
   7.9456260e+06   4.2326094e+01
   7.9457340e+06   5.4910124e+01
   7.9457530e+06   4.4665451e+01
   7.9458330e+06   4.5993745e+01
   7.9458540e+06   5.8772650e+01
   7.9459090e+06   5.4585487e+01
   7.9459600e+06   7.1935506e+01
   7.9460020e+06   4.3585864e+01
   7.9460190e+06   4.4189306e+01
   7.9460460e+06   4.0972298e+01
   7.9460950e+06   4.2459619e+01
   7.9461330e+06   4.3750226e+01
   7.9461450e+06   5.8550805e+01
   7.9462060e+06   4.1665715e+01
   7.9462680e+06   4.0618221e+01
   7.9462960e+06   5.4151604e+01
   7.9463550e+06   4.0206608e+01
   7.9464460e+06   4.0568764e+01
   7.9465400e+06   4.6837390e+01
   7.9467530e+06   4.0521346e+01
   7.9476020e+06   4.1984468e+01
   7.9979880e+06   4.5519828e+01
   8.0075600e+06   4.0877246e+01
   8.0363160e+06   4.0326232e+01
   8.0381100e+06   4.4743701e+01
   8.0383080e+06   4.6935978e+01
   8.0383790e+06   4.3898754e+01
   8.0384070e+06   4.0137592e+01
   8.0384230e+06   4.1433713e+01
   8.0384920e+06   4.7182190e+01
   8.0385710e+06   6.6037677e+01
   8.0386670e+06   4.7190708e+01
   8.0387190e+06   4.1506659e+01
   8.0388030e+06   4.0934532e+01
   8.0388500e+06   5.3437508e+01
   8.0388700e+06   5.0050209e+01
   8.0388810e+06   4.6911388e+01
   8.0390140e+06   5.1408370e+01
   8.0391030e+06   4.6965603e+01
   8.0391530e+06   5.2871814e+01
   8.0392620e+06   4.0607178e+01
   8.0393460e+06   4.3585059e+01
   8.0393710e+06   6.2949452e+01
   8.0394080e+06   4.0580881e+01
   8.0394720e+06   4.4344500e+01
   8.0980220e+06   4.5333306e+01
   8.1143860e+06   4.1294295e+01
   8.1658470e+06   4.4583809e+01
   8.1818230e+06   4.1415639e+01
   8.1820620e+06   4.1108406e+01
   8.1827710e+06   4.2732395e+01
   8.1828010e+06   5.9287321e+01
   8.1828190e+06   5.4348985e+01
   8.1828470e+06   4.9138851e+01
   8.1829020e+06   4.8796175e+01
   8.1829580e+06   6.7836389e+01
   8.1829700e+06   4.4893688e+01
   8.1830400e+06   5.9414035e+01
   8.1831030e+06   4.5095798e+01
   8.1832240e+06   4.8644573e+01
   8.1832340e+06   7.5308928e+01
   8.1832460e+06   6.5526819e+01
   8.1833740e+06   4.9502596e+01
   8.1834120e+06   5.6483128e+01
   8.1835470e+06   4.2656724e+01
   8.1835570e+06   4.4054932e+01
   8.1837410e+06   4.0136641e+01
   8.1847960e+06   4.1696030e+01
   8.2124050e+06   4.4420193e+01
   8.2532960e+06   4.0533564e+01
   8.2814860e+06   4.1906986e+01
   8.2824260e+06   5.1942003e+01
   8.2834760e+06   4.2310719e+01
   8.3044860e+06   4.5290684e+01
   8.3263860e+06   4.5404814e+01
   8.3269960e+06   4.0579402e+01
   8.3421690e+06   4.2783280e+01
   8.3447870e+06   5.1856189e+01
   8.3455050e+06   4.7957241e+01
   8.3564710e+06   4.1934792e+01
   8.3567360e+06   4.3655743e+01
   8.3567500e+06   6.3671156e+01
   8.3567890e+06   4.0258962e+01
   8.3568560e+06   4.7254976e+01
   8.3568780e+06   4.3534831e+01
   8.3570250e+06   7.7723122e+01
   8.3570800e+06   4.4244452e+01
   8.3571290e+06   6.3902893e+01
   8.3571540e+06   4.3452156e+01
   8.3572420e+06   5.5838689e+01
   8.3572900e+06   7.1185874e+01
   8.3574420e+06   4.9546090e+01
   8.3574930e+06   5.5657273e+01
   8.3577420e+06   4.2195149e+01
   8.3595750e+06   4.0995820e+01
   8.3599900e+06   4.0484001e+01
   8.4169620e+06   4.2768858e+01
   8.4171170e+06   4.2597460e+01
   8.4173560e+06   4.0101571e+01
   8.4329880e+06   4.2902224e+01
   8.4566360e+06   4.0925694e+01
   8.4865180e+06   4.2139261e+01
   8.5149980e+06   4.6371673e+01
   8.5152500e+06   5.9162242e+01
   8.5152610e+06   4.3827898e+01
   8.5153300e+06   4.3121140e+01
   8.5153540e+06   6.4271933e+01
   8.5153950e+06   4.0549839e+01
   8.5154340e+06   5.8506585e+01
   8.5154720e+06   4.2358107e+01
   8.5154970e+06   4.5547226e+01
   8.5156340e+06   5.6395928e+01
   8.5156530e+06   4.1057074e+01
   8.5157680e+06   4.2101927e+01
   8.5157910e+06   4.0711505e+01
   8.5158970e+06   4.1223493e+01
   8.5159220e+06   4.3111397e+01
   8.5160520e+06   4.2644303e+01
   8.5166380e+06   4.2581748e+01
   8.5176170e+06   4.0594823e+01
   8.5179610e+06   4.1577380e+01
   8.5383560e+06   4.0232261e+01
   8.5885600e+06   4.5717481e+01
   8.5887350e+06   4.5707034e+01
   8.5888290e+06   5.2789895e+01
   8.5889840e+06   5.1855886e+01
   8.5890910e+06   6.7916834e+01
   8.5891220e+06   4.6606466e+01
   8.5891800e+06   5.2632140e+01
   8.5892740e+06   4.0241536e+01
   8.5893600e+06   5.1182337e+01
   8.5893730e+06   5.9200754e+01
   8.5895350e+06   4.9372114e+01
   8.5896120e+06   6.8073914e+01
   8.5897020e+06   6.2528109e+01
   8.5897210e+06   4.5463900e+01
   8.5897970e+06   4.2156906e+01
   8.5898420e+06   4.4870110e+01
   8.5899780e+06   4.1493087e+01
   8.5903010e+06   4.6771667e+01
   8.5904770e+06   4.3263149e+01
   8.6213600e+06   4.4321506e+01
   8.6729650e+06   4.2397471e+01
   8.6742030e+06   4.6045427e+01
   8.6928550e+06   4.3547495e+01
   8.7311370e+06   4.5055024e+01
   8.7379300e+06   4.3136044e+01
   8.7428960e+06   4.5607809e+01
   8.7429520e+06   4.0296083e+01
   8.7429890e+06   5.1491979e+01
   8.7430230e+06   4.0994146e+01
   8.7430860e+06   4.1014218e+01
   8.7431130e+06   5.9354553e+01
   8.7431800e+06   4.2990893e+01
   8.7432340e+06   4.3150538e+01
   8.7432750e+06   5.8385700e+01
   8.7433270e+06   4.5261902e+01
   8.7433400e+06   7.0218599e+01
   8.7434100e+06   6.1024916e+01
   8.7435060e+06   5.2465198e+01
   8.7435200e+06   4.5913156e+01
   8.7436590e+06   4.4192899e+01
   8.7437990e+06   5.4235626e+01
   8.7439600e+06   4.2426476e+01
   8.7441320e+06   4.2789601e+01
   8.7447600e+06   4.1171038e+01
   8.7866570e+06   4.6823130e+01
   8.7868260e+06   5.7888242e+01
   8.7869490e+06   6.3118636e+01
   8.7869920e+06   5.6741586e+01
   8.7871660e+06   4.3454883e+01
   8.7872250e+06   5.1677239e+01
   8.7872410e+06   6.4333347e+01
   8.7873340e+06   4.4425802e+01
   8.7874450e+06   5.6475062e+01
   8.7875310e+06   6.9083131e+01
   8.7876120e+06   4.4323444e+01
   8.7879920e+06   5.1112281e+01
   8.7881310e+06   4.0678858e+01
   8.7881990e+06   4.1142928e+01
   8.7883600e+06   4.1984140e+01
   8.7887500e+06   4.3445553e+01
   8.7900010e+06   4.4962810e+01
   8.8163210e+06   4.2441109e+01
   8.9489900e+06   4.1561291e+01
   8.9490030e+06   7.1860159e+01
   8.9490820e+06   8.8854099e+01
   8.9491190e+06   5.7427194e+01
   8.9491380e+06   4.5801400e+01
   8.9492260e+06   4.0290566e+01
   8.9492520e+06   4.7342634e+01
   8.9492780e+06   8.3456184e+01
   8.9493340e+06   4.1261264e+01
   8.9493710e+06   5.8836185e+01
   8.9494400e+06   4.4826764e+01
   8.9496010e+06   4.6733463e+01
   8.9497260e+06   4.5669655e+01
   8.9828680e+06   4.3577257e+01
