   8.9990000e+06   0.0000000e+00
   1.3594000e+04   4.3395291e+01
   1.7000000e+04   4.0825171e+01
   2.9050000e+04   4.1706196e+01
   6.1771000e+04   4.0081147e+01
   8.0520000e+04   4.4227857e+01
   9.0175000e+04   4.0114746e+01
   9.2232000e+04   3.9498006e+01
   1.0996800e+05   3.9751377e+01
   1.1062200e+05   4.1956786e+01
   1.1080100e+05   4.3553157e+01
   1.1113100e+05   4.2476806e+01
   1.1542600e+05   4.0315385e+01
   1.3394900e+05   4.2772242e+01
   1.6536700e+05   4.0658190e+01
   1.8142700e+05   4.0035912e+01
   2.0374200e+05   5.0533949e+01
   2.0651400e+05   4.2909945e+01
   2.1618500e+05   4.1576922e+01
   2.3846500e+05   4.0490754e+01
   2.4033200e+05   4.0843362e+01
   2.5586000e+05   4.0464611e+01
   2.5792600e+05   4.9512713e+01
   2.9424000e+05   3.9763325e+01
   3.1388600e+05   3.9419470e+01
   3.1402400e+05   4.1175036e+01
   3.1409000e+05   4.4271142e+01
   3.1427200e+05   3.9819210e+01
   3.1433400e+05   4.4321220e+01
   3.1455900e+05   4.7276795e+01
   3.2588300e+05   3.9665944e+01
   3.2913000e+05   4.0318899e+01
   3.3996700e+05   3.9820790e+01
   3.4501400e+05   4.2107027e+01
   3.4881300e+05   4.6526105e+01
   3.6255400e+05   4.2102572e+01
   3.7104000e+05   4.2219093e+01
   3.7990600e+05   3.9452360e+01
   3.9431400e+05   4.0237948e+01
   3.9723400e+05   4.4117744e+01
   4.1404900e+05   3.9875838e+01
   4.1585600e+05   4.2401956e+01
   4.1603500e+05   4.2101885e+01
   4.1645100e+05   3.9448618e+01
   4.1652000e+05   4.1039008e+01
   4.1678800e+05   4.0119978e+01
   4.1685600e+05   4.0083562e+01
   4.2760300e+05   4.5192177e+01
   4.4100000e+05   4.1140097e+01
   4.6530800e+05   3.9596304e+01
   4.7958600e+05   4.2262743e+01
   4.9076400e+05   4.4531769e+01
   5.0518900e+05   4.1003001e+01
   5.1115500e+05   4.2886840e+01
   5.1379400e+05   4.3556119e+01
   5.2282500e+05   5.4183594e+01
   5.2318700e+05   4.1873468e+01
   5.2385000e+05   4.3730692e+01
   5.2453800e+05   4.2054925e+01
   5.3288400e+05   3.9946691e+01
   5.4002200e+05   3.9697717e+01
   5.6187100e+05   4.1478310e+01
   5.8719000e+05   4.0768361e+01
   5.8845200e+05   4.0494483e+01
   5.9396200e+05   4.0243789e+01
   6.0006600e+05   4.0517082e+01
   6.0832000e+05   3.9424567e+01
   6.1518200e+05   3.9615489e+01
   6.3169300e+05   3.9844486e+01
   6.4341700e+05   4.2320558e+01
   6.6509700e+05   4.9077161e+01
   6.6886600e+05   4.0687273e+01
   6.7766400e+05   4.0275593e+01
   6.7809500e+05   4.1321200e+01
   6.7852300e+05   4.3032284e+01
   6.8619800e+05   3.9395572e+01
   6.8743100e+05   4.6555221e+01
   6.9364800e+05   4.1856489e+01
   7.0965900e+05   3.9777535e+01
   7.1065900e+05   4.0639789e+01
   7.1181700e+05   4.4027082e+01
   7.1471600e+05   3.9356676e+01
   7.2917700e+05   4.1794537e+01
   7.4539800e+05   4.7698055e+01
   7.6505600e+05   3.9698286e+01
   7.6819800e+05   3.9322258e+01
   7.7593800e+05   4.0901599e+01
   7.8280000e+05   3.9519097e+01
   8.0358400e+05   4.2428464e+01
   8.0371800e+05   4.0754287e+01
   8.1046900e+05   4.0384315e+01
   8.1229300e+05   4.3217656e+01
   8.1230400e+05   4.5359109e+01
   8.1255300e+05   4.1938039e+01
   8.1300600e+05   4.1404908e+01
   8.1309500e+05   4.3408131e+01
   8.1322600e+05   4.3727006e+01
   8.7107400e+05   4.4618423e+01
   8.7768400e+05   4.8430121e+01
   8.7773300e+05   4.2132178e+01
   8.7784100e+05   4.0598614e+01
   8.7847500e+05   4.5851511e+01
   8.8031400e+05   4.3003207e+01
   9.0152500e+05   4.2495474e+01
   9.0437600e+05   4.0383766e+01
   9.0868400e+05   3.9852886e+01
   9.1495600e+05   4.2648342e+01
   9.1508200e+05   4.8681843e+01
   9.1516300e+05   4.7850814e+01
   9.1678000e+05   4.2276350e+01
   9.1701300e+05   4.1163341e+01
   9.1718700e+05   4.0337611e+01
   9.4555200e+05   4.1227444e+01
   9.5096200e+05   4.0454020e+01
   9.5127800e+05   4.3364011e+01
   9.5288200e+05   3.9743524e+01
   9.8747400e+05   3.9542668e+01
   1.0108900e+06   4.4999774e+01
   1.0411680e+06   4.4798026e+01
   1.0435550e+06   4.7861490e+01
   1.0436220e+06   4.3143547e+01
   1.0440380e+06   4.0093046e+01
   1.0440760e+06   5.2679400e+01
   1.0442220e+06   4.2037097e+01
   1.0444480e+06   4.6532329e+01
   1.0445530e+06   4.4000016e+01
   1.0450620e+06   4.0116275e+01
   1.0461790e+06   4.0423812e+01
   1.0629470e+06   4.0546537e+01
   1.0803280e+06   4.4709659e+01
   1.0963240e+06   4.7516015e+01
   1.0970790e+06   4.3303559e+01
   1.0971750e+06   4.6390636e+01
   1.0974770e+06   4.7383288e+01
   1.0980100e+06   4.1992784e+01
   1.1013160e+06   3.9928497e+01
   1.1339960e+06   4.0311188e+01
   1.1406230e+06   5.2027552e+01
   1.1434390e+06   4.0573779e+01
   1.1543690e+06   4.1193477e+01
   1.1797010e+06   5.0992633e+01
   1.1856970e+06   3.9665320e+01
   1.1970420e+06   3.9929163e+01
   1.1997760e+06   3.9846239e+01
   1.2104560e+06   4.3077142e+01
   1.2148680e+06   4.1769197e+01
   1.2183870e+06   3.9987046e+01
   1.2209370e+06   4.2624560e+01
   1.2230870e+06   4.0500703e+01
   1.2379990e+06   4.1977258e+01
   1.2399460e+06   4.0314814e+01
   1.2402930e+06   3.9490074e+01
   1.2410310e+06   3.9400153e+01
   1.2410790e+06   3.9383035e+01
   1.2413090e+06   4.4639263e+01
   1.2417600e+06   4.0317853e+01
   1.2426560e+06   3.9757371e+01
   1.2544460e+06   3.9398240e+01
   1.2684800e+06   3.9645901e+01
   1.2713220e+06   4.0557168e+01
   1.2727770e+06   4.0024836e+01
   1.2984480e+06   4.2928995e+01
   1.3093290e+06   3.9641999e+01
   1.3111660e+06   4.3274464e+01
   1.3297360e+06   3.9365164e+01
   1.3329790e+06   4.2481978e+01
   1.3335070e+06   4.4206511e+01
   1.3336380e+06   4.3409491e+01
   1.3338000e+06   3.9812688e+01
   1.3339130e+06   4.1013930e+01
   1.3539690e+06   4.0367882e+01
   1.3941450e+06   4.1629852e+01
   1.4057220e+06   4.1920999e+01
   1.4302080e+06   4.0035217e+01
   1.4337490e+06   4.1184168e+01
   1.4433640e+06   4.2881191e+01
   1.4439840e+06   4.2350747e+01
   1.4453160e+06   3.9776639e+01
   1.4889030e+06   4.2689944e+01
   1.4894510e+06   4.2133374e+01
   1.4981470e+06   4.0829791e+01
   1.5304300e+06   4.0673497e+01
   1.5380240e+06   4.1245631e+01
   1.5458340e+06   4.3109027e+01
   1.5461370e+06   4.1555964e+01
   1.5546720e+06   4.3670864e+01
   1.5734150e+06   4.3018083e+01
   1.5734250e+06   4.4450819e+01
   1.5734650e+06   4.4074820e+01
   1.5735870e+06   4.0626380e+01
   1.5736210e+06   4.9653047e+01
   1.5736360e+06   4.3629311e+01
   1.5736900e+06   4.3196958e+01
   1.5831100e+06   4.4317087e+01
   1.5874840e+06   3.9418924e+01
   1.5876080e+06   4.3596838e+01
   1.5912090e+06   3.9518408e+01
   1.6043880e+06   3.9528793e+01
   1.6046590e+06   4.1632078e+01
   1.6304300e+06   3.9563464e+01
   1.6527250e+06   4.2179469e+01
   1.6675370e+06   3.9467460e+01
   1.6676340e+06   4.0770440e+01
   1.6694390e+06   3.9328947e+01
   1.6851350e+06   4.0153029e+01
   1.6902940e+06   4.7339222e+01
   1.6957630e+06   3.9507705e+01
   1.7038090e+06   4.0419063e+01
   1.7176730e+06   4.5184755e+01
   1.7575860e+06   3.9708461e+01
   1.7648980e+06   4.3162873e+01
   1.8222550e+06   4.1574074e+01
   1.8318440e+06   3.9380208e+01
   1.8466750e+06   3.9524223e+01
   1.8567550e+06   4.2345836e+01
   1.8576340e+06   4.5672333e+01
   1.8580190e+06   4.0451549e+01
   1.8581050e+06   4.0456144e+01
   1.8583010e+06   4.1571338e+01
   1.8584230e+06   5.3059068e+01
   1.8589850e+06   4.3301617e+01
   1.8590460e+06   4.9648454e+01
   1.8598640e+06   3.9932554e+01
   1.8810390e+06   4.3460970e+01
   1.8882820e+06   5.0528233e+01
   1.9028410e+06   3.9587808e+01
   1.9217270e+06   4.0292519e+01
   1.9400250e+06   3.9501503e+01
   1.9551780e+06   4.2575844e+01
   1.9576640e+06   4.0698241e+01
   1.9720190e+06   4.5779538e+01
   1.9786730e+06   3.9399425e+01
   1.9788390e+06   4.0949029e+01
   1.9824230e+06   4.4345326e+01
   1.9827890e+06   4.3313807e+01
   1.9830040e+06   3.9715635e+01
   1.9833830e+06   4.1283826e+01
   2.0155320e+06   4.1525379e+01
   2.0420960e+06   4.3532141e+01
   2.0439870e+06   3.9676493e+01
   2.0453480e+06   3.9973239e+01
   2.0463910e+06   3.9649864e+01
   2.1063700e+06   4.3296872e+01
   2.1069040e+06   3.9722362e+01
   2.1075050e+06   3.9543037e+01
   2.1276660e+06   4.4466757e+01
   2.1281600e+06   4.2962112e+01
   2.1345240e+06   4.2681441e+01
   2.1473720e+06   4.0944023e+01
   2.1587240e+06   4.0108159e+01
   2.1719400e+06   4.0144512e+01
   2.1745460e+06   3.9809278e+01
   2.1878680e+06   4.0150625e+01
   2.1884670e+06   4.0670068e+01
   2.1886510e+06   3.9569977e+01
   2.1887930e+06   4.2317631e+01
   2.1888840e+06   4.3512686e+01
   2.1893360e+06   3.9533870e+01
   2.1947780e+06   4.1011478e+01
   2.2278200e+06   4.2518517e+01
   2.2283880e+06   5.0257331e+01
   2.2288570e+06   4.0721092e+01
   2.2289030e+06   4.2676415e+01
   2.2292340e+06   4.3678255e+01
   2.2294670e+06   4.6873261e+01
   2.2304560e+06   4.2553073e+01
   2.2513410e+06   3.9931667e+01
   2.2619290e+06   4.2645598e+01
   2.2752170e+06   4.0510103e+01
   2.2945320e+06   4.0288349e+01
   2.2989740e+06   3.9864659e+01
   2.3052210e+06   4.3946378e+01
   2.3196660e+06   3.9932132e+01
   2.3465570e+06   4.0418300e+01
   2.3510810e+06   4.3011802e+01
   2.3620930e+06   4.2022299e+01
   2.4016190e+06   4.3847147e+01
   2.4058910e+06   3.9666816e+01
   2.4062220e+06   4.1458726e+01
   2.4067360e+06   4.2036420e+01
   2.4068160e+06   4.4367316e+01
   2.4069280e+06   4.7180312e+01
   2.4125880e+06   4.1432132e+01
   2.4169310e+06   3.9667770e+01
   2.4342510e+06   4.0613260e+01
   2.4567280e+06   4.2324059e+01
   2.5114190e+06   4.3722404e+01
   2.5282870e+06   4.0585347e+01
   2.5495460e+06   3.9480950e+01
   2.5838650e+06   4.2279490e+01
   2.6326140e+06   3.9953210e+01
   2.6343560e+06   3.9759337e+01
   2.6422090e+06   3.9621101e+01
   2.6617430e+06   4.0607475e+01
   2.6767890e+06   3.9568224e+01
   2.6791590e+06   3.9424310e+01
   2.6935440e+06   4.1392239e+01
   2.6990660e+06   3.9756450e+01
   2.6993920e+06   4.0156682e+01
   2.6994780e+06   4.1999074e+01
   2.6997370e+06   3.9934674e+01
   2.6999840e+06   4.3151855e+01
   2.7136070e+06   3.9505186e+01
   2.7247630e+06   4.2231414e+01
   2.7343330e+06   4.0115769e+01
   2.7441890e+06   4.4522108e+01
   2.7853100e+06   4.0280764e+01
   2.7918800e+06   4.0715365e+01
   2.8149200e+06   3.9379365e+01
   2.8578610e+06   4.0111134e+01
   2.8602670e+06   4.0216410e+01
   2.8608840e+06   4.3204890e+01
   2.8609740e+06   4.3824900e+01
   2.9005040e+06   4.0805648e+01
   2.9163930e+06   4.0815376e+01
   2.9224860e+06   4.2994588e+01
   2.9228060e+06   4.6720819e+01
   2.9231810e+06   4.1645842e+01
   2.9233350e+06   4.8594641e+01
   2.9237060e+06   4.0046715e+01
   2.9538450e+06   4.2464475e+01
   2.9833150e+06   4.0840976e+01
   3.0108720e+06   4.2899057e+01
   3.0110300e+06   4.2037509e+01
   3.0115570e+06   5.1899333e+01
   3.0117050e+06   4.3930026e+01
   3.0248470e+06   4.1807226e+01
   3.0311200e+06   4.6293612e+01
   3.0352420e+06   4.4598259e+01
   3.0353330e+06   4.0055925e+01
   3.0402440e+06   4.4409257e+01
   3.0473160e+06   4.0483146e+01
   3.0604320e+06   4.0666522e+01
   3.0775890e+06   4.0538418e+01
   3.0889240e+06   4.5744370e+01
   3.1172540e+06   4.0608596e+01
   3.1297810e+06   4.5840959e+01
   3.1351080e+06   4.4519394e+01
   3.1539370e+06   4.0591300e+01
   3.1581520e+06   4.2018715e+01
   3.1587620e+06   4.4569101e+01
   3.1587940e+06   4.2844465e+01
   3.1589210e+06   4.0160525e+01
   3.1590290e+06   4.0417363e+01
   3.1909200e+06   4.1405268e+01
   3.2050990e+06   4.3626534e+01
   3.2255620e+06   4.1447794e+01
   3.2330820e+06   4.3296995e+01
   3.2503620e+06   4.2738036e+01
   3.2640860e+06   4.2751296e+01
   3.2968440e+06   4.1100488e+01
   3.3118950e+06   3.9682195e+01
   3.3404780e+06   4.0084492e+01
   3.3417300e+06   5.1849866e+01
   3.3419950e+06   4.1124201e+01
   3.3581010e+06   4.2330156e+01
   3.3753840e+06   3.9951868e+01
   3.4266250e+06   4.3595027e+01
   3.4318550e+06   4.0779395e+01
   3.4347180e+06   4.0858775e+01
   3.4361500e+06   3.9931013e+01
   3.4565070e+06   4.1829051e+01
   3.4572280e+06   4.2136510e+01
   3.4605810e+06   3.9920289e+01
   3.4606990e+06   3.9363369e+01
   3.4608630e+06   4.2205272e+01
   3.4706830e+06   4.4271317e+01
   3.4977380e+06   3.9487029e+01
   3.4980530e+06   4.7347771e+01
   3.5714170e+06   3.9362099e+01
   3.5836340e+06   4.8411118e+01
   3.5955560e+06   4.2183718e+01
   3.5956830e+06   4.3379730e+01
   3.5958580e+06   4.4786685e+01
   3.5960240e+06   3.9742806e+01
   3.5960850e+06   4.3605629e+01
   3.6025320e+06   4.1556419e+01
   3.6328540e+06   3.9947482e+01
   3.6373610e+06   4.1048152e+01
   3.6446220e+06   4.0359187e+01
   3.6455770e+06   4.9628259e+01
   3.6460890e+06   4.0750851e+01
   3.6462580e+06   4.3753419e+01
   3.6465770e+06   3.9730917e+01
   3.6470030e+06   3.9904177e+01
   3.6847870e+06   4.1835364e+01
   3.6885810e+06   4.2493653e+01
   3.6999150e+06   3.9744187e+01
   3.7093410e+06   4.1409029e+01
   3.7278930e+06   3.9589430e+01
   3.7426030e+06   3.9490080e+01
   3.7483070e+06   3.9390960e+01
   3.7737670e+06   4.0785979e+01
   3.7787310e+06   4.0901293e+01
   3.7847290e+06   4.5223219e+01
   3.7855430e+06   4.5478791e+01
   3.7856270e+06   5.0649681e+01
   3.7874010e+06   4.0943189e+01
   3.7885740e+06   4.0285119e+01
   3.8175360e+06   4.9307768e+01
   3.8190920e+06   3.9589308e+01
   3.8296820e+06   4.3058209e+01
   3.8375240e+06   4.5244463e+01
   3.8532900e+06   4.0026114e+01
   3.8737500e+06   4.0021081e+01
   3.9456210e+06   4.1204940e+01
   4.0018480e+06   4.3283358e+01
   4.0177830e+06   4.4363567e+01
   4.0179220e+06   4.2009702e+01
   4.0361940e+06   4.0663053e+01
   4.0362530e+06   4.4021580e+01
   4.0374200e+06   4.4332534e+01
   4.0397790e+06   4.0313150e+01
   4.0669900e+06   4.3196019e+01
   4.0853580e+06   4.0887302e+01
   4.0927260e+06   3.9932857e+01
   4.0938360e+06   3.9357358e+01
   4.0957490e+06   3.9430075e+01
   4.0987880e+06   3.9491822e+01
   4.1141530e+06   4.1524751e+01
   4.1172800e+06   4.0045688e+01
   4.1192860e+06   4.1279969e+01
   4.1370720e+06   4.0192371e+01
   4.1381290e+06   4.1846860e+01
   4.1383190e+06   4.2071620e+01
   4.1402800e+06   4.1458025e+01
   4.2178520e+06   4.2216613e+01
   4.2179230e+06   4.1019344e+01
   4.2180050e+06   4.0904433e+01
   4.2181450e+06   3.9953756e+01
   4.2182660e+06   4.0893178e+01
   4.2184890e+06   4.0605487e+01
   4.2187540e+06   4.1493146e+01
   4.2192110e+06   4.0229260e+01
   4.2365510e+06   4.1865181e+01
   4.2497180e+06   4.6598940e+01
   4.2730250e+06   4.6893440e+01
   4.3199850e+06   4.2870894e+01
   4.3550130e+06   3.9562756e+01
   4.3654350e+06   4.1268681e+01
   4.3714510e+06   4.0093014e+01
   4.3716260e+06   4.6336946e+01
   4.3718330e+06   4.0054384e+01
   4.3719870e+06   4.2004875e+01
   4.3735290e+06   4.5072995e+01
   4.4332000e+06   4.1933515e+01
   4.4376430e+06   4.0432649e+01
   4.4744900e+06   4.5778365e+01
   4.4747130e+06   4.0636566e+01
   4.4747690e+06   3.9339155e+01
   4.4750610e+06   4.5991212e+01
   4.5236520e+06   4.0080577e+01
   4.5431330e+06   4.2528246e+01
   4.5449290e+06   4.1861026e+01
   4.5527260e+06   3.9609954e+01
   4.5769980e+06   4.3872938e+01
   4.5812930e+06   4.3813824e+01
   4.6059820e+06   4.3755857e+01
   4.6170520e+06   4.3231898e+01
   4.6321770e+06   3.9933582e+01
   4.6353860e+06   4.3035235e+01
   4.6418380e+06   4.1644474e+01
   4.6488970e+06   3.9475609e+01
   4.6596000e+06   3.9638201e+01
   4.6644240e+06   4.4259661e+01
   4.6655630e+06   3.9960934e+01
   4.6658760e+06   4.0044117e+01
   4.6659340e+06   4.1161115e+01
   4.6664020e+06   4.4401439e+01
   4.7187170e+06   4.1473583e+01
   4.7189490e+06   4.1751252e+01
   4.7194270e+06   4.0419710e+01
   4.7274400e+06   4.2936431e+01
   4.7438060e+06   3.9854388e+01
   4.7530260e+06   4.2956154e+01
   4.7533970e+06   4.0334808e+01
   4.7567950e+06   4.4345346e+01
   4.7575060e+06   4.1987768e+01
   4.7655830e+06   4.0447832e+01
   4.7772950e+06   4.0161443e+01
   4.8095760e+06   4.0851000e+01
   4.8454170e+06   4.0315917e+01
   4.8665260e+06   4.3690100e+01
   4.8674320e+06   3.9435394e+01
   4.8760430e+06   4.0420235e+01
   4.9071430e+06   4.2412086e+01
   4.9619580e+06   4.0344010e+01
   4.9694060e+06   4.4620635e+01
   4.9698530e+06   4.1680286e+01
   4.9701890e+06   4.1475473e+01
   4.9712950e+06   4.0252878e+01
   4.9909000e+06   4.1493916e+01
   5.0213650e+06   3.9930029e+01
   5.0260430e+06   4.2495884e+01
   5.0378240e+06   4.1293152e+01
   5.0684240e+06   4.5728185e+01
   5.0686030e+06   4.3284871e+01
   5.0862510e+06   4.0486908e+01
   5.1055050e+06   4.0903382e+01
   5.1269890e+06   4.0055798e+01
   5.1790430e+06   4.2734900e+01
   5.1836170e+06   4.6964423e+01
   5.1853210e+06   4.3090464e+01
   5.1858680e+06   4.4767877e+01
   5.1860780e+06   4.1240934e+01
   5.1861650e+06   4.2296566e+01
   5.1863540e+06   4.0121512e+01
   5.1865050e+06   4.4270833e+01
   5.1867310e+06   3.9909389e+01
   5.2532830e+06   4.1508530e+01
   5.2724400e+06   4.3295062e+01
   5.2882630e+06   4.1458497e+01
   5.2984000e+06   3.9965374e+01
   5.3191420e+06   3.9992573e+01
   5.3342790e+06   4.1261573e+01
   5.3478870e+06   4.0876770e+01
   5.3556010e+06   4.0078660e+01
   5.3628410e+06   4.5457475e+01
   5.3629990e+06   4.0289646e+01
   5.3631770e+06   4.1607971e+01
   5.3632310e+06   4.5822780e+01
   5.3661880e+06   4.2380758e+01
   5.3940970e+06   4.3864855e+01
   5.4214390e+06   4.5594202e+01
   5.4249180e+06   4.1166864e+01
   5.4367910e+06   4.0696409e+01
   5.4506830e+06   4.2467055e+01
   5.4560650e+06   4.3859754e+01
   5.4617940e+06   4.4350711e+01
   5.4618350e+06   3.9645858e+01
   5.4620440e+06   4.0706224e+01
   5.4621890e+06   5.0686384e+01
   5.4624820e+06   4.1424066e+01
   5.4632680e+06   3.9782765e+01
   5.4823430e+06   3.9358151e+01
   5.5219660e+06   4.1402869e+01
   5.5543490e+06   4.0320371e+01
   5.5552370e+06   3.9590745e+01
   5.5657310e+06   4.0604976e+01
   5.5658840e+06   4.1967069e+01
   5.5724430e+06   4.1856411e+01
   5.5799120e+06   3.9757267e+01
   5.5873970e+06   4.0986071e+01
   5.5878090e+06   3.9728616e+01
   5.5883160e+06   3.9828237e+01
   5.5888360e+06   4.3588129e+01
   5.5898900e+06   4.0877582e+01
   5.6311760e+06   4.0701429e+01
   5.6313820e+06   4.7505287e+01
   5.6537600e+06   4.0349827e+01
   5.6671210e+06   3.9712109e+01
   5.6789330e+06   4.1822572e+01
   5.6961370e+06   3.9366827e+01
   5.6986340e+06   4.0424593e+01
   5.7037430e+06   4.0429079e+01
   5.7164610e+06   4.1074469e+01
   5.7282760e+06   4.2240556e+01
   5.7338570e+06   3.9972189e+01
   5.7341280e+06   4.5931791e+01
   5.7344130e+06   4.2440063e+01
   5.7344270e+06   4.2010307e+01
   5.7348230e+06   4.2762591e+01
   5.7348690e+06   4.2400741e+01
   5.7361040e+06   4.0238705e+01
   5.7377740e+06   4.1219488e+01
   5.7978500e+06   4.1737220e+01
   5.7978990e+06   3.9816403e+01
   5.8032780e+06   4.2627201e+01
   5.8288540e+06   4.1669018e+01
   5.8346770e+06   4.0388764e+01
   5.8518390e+06   4.3994657e+01
   5.8522910e+06   4.0436679e+01
   5.8523370e+06   3.9899816e+01
   5.8526110e+06   3.9499605e+01
   5.8527080e+06   4.8229734e+01
   5.8542570e+06   4.0254189e+01
   5.8636650e+06   3.9399305e+01
   5.8891190e+06   4.0008349e+01
   5.9034810e+06   3.9792493e+01
   5.9091990e+06   4.2152820e+01
   5.9405230e+06   4.1418985e+01
   5.9433460e+06   4.1277402e+01
   5.9435170e+06   4.1127555e+01
   5.9439150e+06   4.0310008e+01
   5.9442560e+06   4.6269604e+01
   5.9442970e+06   4.0171533e+01
   5.9464570e+06   4.2622952e+01
   5.9569230e+06   4.2050959e+01
   5.9797130e+06   3.9468526e+01
   6.0081660e+06   3.9837654e+01
   6.0256000e+06   4.2460480e+01
   6.0566410e+06   4.3930289e+01
   6.0638290e+06   4.0308080e+01
   6.0663840e+06   4.2240838e+01
   6.0665820e+06   3.9963767e+01
   6.0761230e+06   3.9758461e+01
   6.1192290e+06   4.2987188e+01
   6.1244550e+06   4.0649577e+01
   6.1356460e+06   4.1588506e+01
   6.1367830e+06   4.1449194e+01
   6.1526460e+06   4.0109091e+01
   6.1728440e+06   4.2146095e+01
   6.1839920e+06   4.3223045e+01
   6.1855170e+06   4.4284874e+01
   6.1983650e+06   4.7584151e+01
   6.2039780e+06   4.2630556e+01
   6.2129590e+06   4.4568320e+01
   6.2207900e+06   4.0592303e+01
   6.2209690e+06   4.1735931e+01
   6.2210800e+06   4.0873109e+01
   6.2211650e+06   3.9496960e+01
   6.2219620e+06   4.4976955e+01
   6.2235990e+06   3.9941261e+01
   6.2700310e+06   3.9811109e+01
   6.3118450e+06   4.0269122e+01
   6.3119770e+06   4.3443321e+01
   6.3128290e+06   4.1061170e+01
   6.3133800e+06   4.8785644e+01
   6.3134600e+06   4.1562379e+01
   6.3138420e+06   4.2738961e+01
   6.3140460e+06   4.0285496e+01
   6.3140970e+06   4.0978420e+01
   6.3988780e+06   4.0720030e+01
   6.3990160e+06   4.4166568e+01
   6.3992500e+06   4.0805876e+01
   6.3999780e+06   4.1805586e+01
   6.4111150e+06   4.0859949e+01
   6.4369870e+06   3.9451547e+01
   6.4724050e+06   3.9610596e+01
   6.4874780e+06   4.0490731e+01
   6.4905000e+06   4.0646942e+01
   6.4909190e+06   4.0461096e+01
   6.5404750e+06   4.1396535e+01
   6.5410870e+06   4.9915042e+01
   6.5606570e+06   4.0085936e+01
   6.5758910e+06   4.0279832e+01
   6.5760290e+06   4.4793125e+01
   6.5958960e+06   4.0459162e+01
   6.6030300e+06   4.2168864e+01
   6.6031660e+06   4.1833450e+01
   6.6033530e+06   3.9479609e+01
   6.6034830e+06   3.9719430e+01
   6.6125060e+06   3.9839567e+01
   6.6140380e+06   4.0137235e+01
   6.6228800e+06   4.1596715e+01
   6.6287580e+06   4.7202793e+01
   6.6357960e+06   4.1578635e+01
   6.6555670e+06   4.1848024e+01
   6.6662470e+06   4.0681921e+01
   6.6693940e+06   4.0858291e+01
   6.6851130e+06   4.3416720e+01
   6.6853040e+06   4.4027603e+01
   6.6854070e+06   3.9761104e+01
   6.7097080e+06   3.9753429e+01
   6.7129730e+06   4.3654336e+01
   6.7254170e+06   4.1028127e+01
   6.7398700e+06   4.0534197e+01
   6.7599020e+06   4.1716569e+01
   6.7602620e+06   3.9807253e+01
   6.7605340e+06   4.1132140e+01
   6.7606390e+06   4.2820834e+01
   6.7703770e+06   4.4024873e+01
   6.7842710e+06   3.9453048e+01
   6.7957130e+06   4.5411589e+01
   6.7984720e+06   4.6137485e+01
   6.8104070e+06   3.9836595e+01
   6.8164390e+06   4.4189451e+01
   6.8390230e+06   4.1301977e+01
   6.8678930e+06   4.0062789e+01
   6.8739020e+06   4.4815115e+01
   6.8741910e+06   4.2938760e+01
   6.8744420e+06   4.7467401e+01
   6.9061140e+06   4.4068140e+01
   6.9572410e+06   3.9755037e+01
   6.9573280e+06   4.0342340e+01
   6.9576420e+06   4.7259388e+01
   6.9578530e+06   4.0594638e+01
   6.9582230e+06   3.9520580e+01
   6.9584520e+06   4.4005742e+01
   6.9747460e+06   3.9824457e+01
   6.9748230e+06   3.9574316e+01
   6.9836850e+06   4.1998710e+01
   7.0142390e+06   4.1395451e+01
   7.0154420e+06   4.5282823e+01
   7.0262580e+06   4.2128349e+01
   7.0356250e+06   3.9621111e+01
   7.0397660e+06   4.0590208e+01
   7.0422090e+06   4.5515408e+01
   7.0466470e+06   3.9542900e+01
   7.0472600e+06   3.9902856e+01
   7.0521790e+06   4.4285447e+01
   7.0666840e+06   4.3532456e+01
   7.0827420e+06   4.1593224e+01
   7.0935360e+06   4.2648909e+01
   7.0937340e+06   3.9350249e+01
   7.0984930e+06   4.1952670e+01
   7.0988800e+06   4.0972574e+01
   7.1030990e+06   4.0422183e+01
   7.1034450e+06   4.3305600e+01
   7.1036720e+06   4.6575775e+01
   7.1039200e+06   3.9542587e+01
   7.1044730e+06   4.0496652e+01
   7.1174220e+06   3.9734968e+01
   7.1435440e+06   3.9950647e+01
   7.1538680e+06   3.9867768e+01
   7.1829080e+06   3.9605790e+01
   7.1876850e+06   3.9827265e+01
   7.2083190e+06   4.5527786e+01
   7.2086880e+06   4.2170915e+01
   7.2264940e+06   4.0103513e+01
   7.2266400e+06   4.0185943e+01
   7.2266740e+06   4.0867129e+01
   7.2268390e+06   4.1770286e+01
   7.2270290e+06   3.9632550e+01
   7.2855430e+06   4.2180134e+01
   7.2867980e+06   4.1012198e+01
   7.3063100e+06   4.1762587e+01
   7.3163550e+06   4.5519046e+01
   7.3285000e+06   4.6382986e+01
   7.3425360e+06   4.3361604e+01
   7.3489010e+06   4.5191900e+01
   7.3512860e+06   5.0249503e+01
   7.3817120e+06   4.0428747e+01
   7.3822450e+06   4.2324992e+01
   7.3823150e+06   4.1109156e+01
   7.3823670e+06   4.3272519e+01
   7.3841460e+06   4.1536094e+01
   7.3902520e+06   3.9871290e+01
   7.4045970e+06   3.9528337e+01
   7.4111470e+06   4.4389725e+01
   7.4826100e+06   4.0967166e+01
   7.4877440e+06   4.3488749e+01
   7.4934190e+06   3.9760655e+01
   7.5070240e+06   4.2738625e+01
   7.5101350e+06   4.3664779e+01
   7.5147600e+06   4.7073165e+01
   7.5149740e+06   4.3518510e+01
   7.5150100e+06   4.0242016e+01
   7.5158160e+06   4.2126087e+01
   7.5167690e+06   4.0046278e+01
   7.5430310e+06   4.4543622e+01
   7.5485740e+06   4.3554286e+01
   7.5614590e+06   4.0217170e+01
   7.5955600e+06   3.9428405e+01
   7.6036480e+06   4.4221785e+01
   7.6037490e+06   4.0219623e+01
   7.6038740e+06   4.1589168e+01
   7.6040860e+06   4.2144260e+01
   7.6042140e+06   4.3184039e+01
   7.6047530e+06   3.9980093e+01
   7.6049910e+06   4.6828422e+01
   7.6056980e+06   4.1154708e+01
   7.6247630e+06   4.2733557e+01
   7.6455630e+06   3.9607760e+01
   7.6682440e+06   4.2432973e+01
   7.6686450e+06   4.0890414e+01
   7.6879230e+06   4.5893321e+01
   7.7142230e+06   3.9906158e+01
   7.7154320e+06   4.1758372e+01
   7.7587750e+06   4.4690436e+01
   7.7589380e+06   4.0190652e+01
   7.7591530e+06   4.1523776e+01
   7.7592260e+06   4.8317953e+01
   7.7846990e+06   4.0145406e+01
   7.7861520e+06   4.1414651e+01
   7.7892300e+06   4.0410695e+01
   7.8005960e+06   3.9589888e+01
   7.8113150e+06   4.0242976e+01
   7.8137770e+06   4.0197311e+01
   7.8151980e+06   4.0163517e+01
   7.8236430e+06   4.3713121e+01
   7.8412290e+06   4.2387799e+01
   7.8413370e+06   4.6652523e+01
   7.8502200e+06   4.2224624e+01
   7.8667280e+06   3.9344246e+01
   7.9023250e+06   4.4310569e+01
   7.9116560e+06   4.4517728e+01
   7.9308690e+06   4.1401708e+01
   7.9459640e+06   4.4522192e+01
   7.9461430e+06   4.0652794e+01
   7.9462910e+06   4.6155964e+01
   7.9463170e+06   4.1226197e+01
   7.9467010e+06   4.0305214e+01
   7.9675440e+06   5.0163076e+01
   7.9751650e+06   4.0565104e+01
   7.9790220e+06   4.1429240e+01
   7.9970150e+06   4.1644636e+01
   8.0036560e+06   3.9691139e+01
   8.0226640e+06   4.0990216e+01
   8.0253690e+06   3.9582110e+01
   8.0388760e+06   4.0195930e+01
   8.0391290e+06   4.0349596e+01
   8.0392050e+06   4.0888609e+01
   8.0397580e+06   4.4568906e+01
   8.0401430e+06   4.7128238e+01
   8.0401550e+06   4.6312628e+01
   8.0406520e+06   4.3398149e+01
   8.0406750e+06   4.3080508e+01
   8.0617990e+06   3.9730607e+01
   8.0954470e+06   4.1081604e+01
   8.1174710e+06   4.1138763e+01
   8.1175330e+06   4.0675959e+01
   8.1204660e+06   4.1481896e+01
   8.1207840e+06   3.9883648e+01
   8.1232650e+06   3.9931848e+01
   8.1296790e+06   4.3975223e+01
   8.1379440e+06   4.0242465e+01
   8.1599840e+06   4.1631972e+01
   8.1751460e+06   4.1146297e+01
   8.1753360e+06   4.4039378e+01
   8.1830910e+06   5.3877754e+01
   8.1831280e+06   4.5943172e+01
   8.1832930e+06   4.9676787e+01
   8.1834560e+06   4.2068415e+01
   8.1840550e+06   4.4439490e+01
   8.1853850e+06   3.9407339e+01
   8.2044840e+06   3.9954109e+01
   8.2109570e+06   4.0433147e+01
   8.2192810e+06   4.0281540e+01
   8.2268830e+06   4.9951505e+01
   8.2614600e+06   4.0887845e+01
   8.2743940e+06   3.9471182e+01
   8.2753730e+06   3.9639974e+01
   8.2804900e+06   4.0327641e+01
   8.2979060e+06   3.9745602e+01
   8.3044270e+06   4.0485566e+01
   8.3084590e+06   4.4172257e+01
   8.3285080e+06   4.8633673e+01
   8.3460010e+06   4.0083934e+01
   8.3461320e+06   3.9724435e+01
   8.3569610e+06   4.1626744e+01
   8.3569920e+06   4.0594197e+01
   8.3571200e+06   4.2383126e+01
   8.3572740e+06   3.9794641e+01
   8.3573260e+06   5.1291281e+01
   8.3574710e+06   4.1467641e+01
   8.4169640e+06   3.9898532e+01
   8.4172530e+06   4.1960352e+01
   8.4325930e+06   4.2250322e+01
   8.4330570e+06   3.9718107e+01
   8.4379590e+06   4.2376578e+01
   8.4627390e+06   4.0497936e+01
   8.4646420e+06   4.0537365e+01
   8.4682360e+06   4.0343090e+01
   8.4903510e+06   4.1970088e+01
   8.4944720e+06   4.0548681e+01
   8.5008570e+06   4.3419573e+01
   8.5130580e+06   3.9779532e+01
   8.5152950e+06   4.1841965e+01
   8.5156540e+06   4.4967660e+01
   8.5157100e+06   3.9982112e+01
   8.5158330e+06   4.1911026e+01
   8.5160000e+06   3.9901681e+01
   8.5162280e+06   4.4482753e+01
   8.5166210e+06   4.1416778e+01
   8.5171670e+06   3.9436696e+01
   8.5174870e+06   4.0140872e+01
   8.5178170e+06   3.9724117e+01
   8.5216680e+06   3.9904149e+01
   8.5583920e+06   4.3636914e+01
   8.5658070e+06   4.2332451e+01
   8.5717970e+06   4.2057304e+01
   8.5764080e+06   4.5507566e+01
   8.5891330e+06   4.0149750e+01
   8.5893760e+06   4.0816362e+01
   8.5896370e+06   4.0961100e+01
   8.5899150e+06   4.7141443e+01
   8.5899800e+06   4.1662179e+01
   8.5902500e+06   4.2693788e+01
   8.5903070e+06   5.1575889e+01
   8.5908490e+06   4.3464597e+01
   8.5912960e+06   4.5757082e+01
   8.6231890e+06   4.2571333e+01
   8.6327720e+06   4.7590723e+01
   8.6362390e+06   4.2061183e+01
   8.6394640e+06   3.9749243e+01
   8.6466410e+06   4.0597371e+01
   8.6537250e+06   4.0952845e+01
   8.6649960e+06   4.0218618e+01
   8.6681680e+06   4.7921142e+01
   8.6781250e+06   4.1341902e+01
   8.6923610e+06   4.3539817e+01
   8.7138640e+06   4.4825709e+01
   8.7236830e+06   4.1663019e+01
   8.7263000e+06   4.1486369e+01
   8.7435400e+06   4.0016214e+01
   8.7435870e+06   4.6080816e+01
   8.7438620e+06   4.1168128e+01
   8.7440740e+06   4.1789989e+01
   8.7449390e+06   4.1567399e+01
   8.7469890e+06   4.1669430e+01
   8.7585780e+06   4.2189195e+01
   8.7668860e+06   4.0216142e+01
   8.7743700e+06   4.0582456e+01
   8.7826520e+06   3.9727666e+01
   8.7828850e+06   4.0463312e+01
   8.7838090e+06   4.0177705e+01
   8.7876020e+06   4.1698516e+01
   8.7877520e+06   4.2434834e+01
   8.7880680e+06   4.4866607e+01
   8.7890130e+06   4.4335966e+01
   8.7951500e+06   4.0837683e+01
   8.7976900e+06   4.1690898e+01
   8.8014970e+06   3.9620321e+01
   8.8270050e+06   4.1895262e+01
   8.8384140e+06   3.9373976e+01
   8.8888450e+06   4.0751493e+01
   8.8917540e+06   4.0655266e+01
   8.8993920e+06   4.7079217e+01
   8.9260810e+06   4.3494791e+01
   8.9491880e+06   4.2711815e+01
   8.9495070e+06   4.1342788e+01
   8.9702870e+06   3.9857049e+01
   8.9766640e+06   4.8250478e+01
   8.9809150e+06   4.0599716e+01
   8.9859220e+06   4.6049347e+01
   8.9915970e+06   4.0457775e+01
