   8.9990000e+06   0.0000000e+00
   4.0286000e+04   5.6363250e+01
   1.1026900e+05   5.0657611e+01
   1.1097600e+05   4.9684571e+01
   1.1150000e+05   4.9237502e+01
   1.1173400e+05   4.8951762e+01
   1.1260700e+05   4.2016696e+01
   1.1296500e+05   4.1437715e+01
   2.1569400e+05   5.4576610e+01
   2.1602500e+05   4.0699465e+01
   2.1634900e+05   5.8225421e+01
   2.1665000e+05   6.0721377e+01
   2.1690200e+05   4.2454978e+01
   2.1717600e+05   4.3776137e+01
   2.1747700e+05   4.3974709e+01
   2.1787700e+05   4.1301002e+01
   3.1365900e+05   5.7849981e+01
   3.1407400e+05   5.5349987e+01
   3.1442200e+05   4.9271971e+01
   3.1465600e+05   4.8459108e+01
   3.1491000e+05   4.3116802e+01
   3.1516700e+05   4.2938042e+01
   3.7956900e+05   4.0613816e+01
   3.9364300e+05   4.4506164e+01
   4.1574500e+05   4.0789559e+01
   4.1586000e+05   4.8304725e+01
   4.1630000e+05   4.7178326e+01
   4.1643600e+05   4.2748524e+01
   4.1660300e+05   5.1663219e+01
   4.1688700e+05   5.5023649e+01
   4.1716700e+05   4.5879273e+01
   4.1745700e+05   4.0754640e+01
   4.1778400e+05   4.3181689e+01
   4.1827100e+05   4.3372213e+01
   5.0454400e+05   5.5356448e+01
   5.2192400e+05   4.8221495e+01
   5.2279200e+05   5.5594662e+01
   5.2319100e+05   4.7171706e+01
   5.2355600e+05   5.6455466e+01
   5.2379700e+05   4.8965161e+01
   6.7822600e+05   6.6144017e+01
   6.7859600e+05   4.7982417e+01
   6.7883200e+05   4.3884254e+01
   6.7904600e+05   5.0999720e+01
   6.7951100e+05   4.2871366e+01
   7.0235300e+05   4.2652253e+01
   8.1225000e+05   5.5308589e+01
   8.1271900e+05   5.4401507e+01
   8.1303100e+05   5.6646085e+01
   8.1327700e+05   5.2504391e+01
   8.1354800e+05   4.8943104e+01
   8.1384200e+05   4.6649858e+01
   8.1492600e+05   4.5221610e+01
   8.7768500e+05   4.7408897e+01
   8.7965200e+05   4.0606391e+01
   8.8020400e+05   4.0677707e+01
   9.0541600e+05   5.3115732e+01
   9.1545800e+05   6.4588850e+01
   9.1593300e+05   4.6632070e+01
   9.1625800e+05   4.3963842e+01
   9.1653800e+05   4.8336946e+01
   9.5100800e+05   5.7961607e+01
   9.5161200e+05   4.2848029e+01
   9.5169200e+05   4.0883029e+01
   9.5170200e+05   4.3447606e+01
   9.5230800e+05   4.8203043e+01
   9.5349200e+05   4.3947496e+01
   1.0235340e+06   5.1846960e+01
   1.0438250e+06   5.5817588e+01
   1.0441850e+06   6.3813104e+01
   1.0444560e+06   5.8719251e+01
   1.0446620e+06   4.3630276e+01
   1.0449100e+06   4.3091801e+01
   1.0454230e+06   4.7225453e+01
   1.0458230e+06   4.1547986e+01
   1.0965840e+06   5.0509630e+01
   1.0970640e+06   4.8997316e+01
   1.0974140e+06   4.8414290e+01
   1.0978070e+06   4.0951437e+01
   1.0985940e+06   4.1437896e+01
   1.1603410e+06   6.1981108e+01
   1.2400630e+06   4.2224229e+01
   1.2405140e+06   4.2804827e+01
   1.2407000e+06   5.0756581e+01
   1.2409240e+06   4.8440502e+01
   1.2412230e+06   4.5443014e+01
   1.2414830e+06   4.2702386e+01
   1.2417840e+06   4.2067718e+01
   1.2636000e+06   4.3295845e+01
   1.2679010e+06   4.0915470e+01
   1.2732580e+06   4.8770222e+01
   1.2741800e+06   4.3810912e+01
   1.2742000e+06   4.2943031e+01
   1.3207930e+06   4.1981614e+01
   1.3330410e+06   5.1205134e+01
   1.3335140e+06   5.2419860e+01
   1.3342370e+06   5.0577866e+01
   1.3345550e+06   4.4148859e+01
   1.4557040e+06   5.2552762e+01
   1.4729380e+06   5.7854385e+01
   1.4888580e+06   5.7921746e+01
   1.4892000e+06   4.3579347e+01
   1.4894640e+06   5.4456816e+01
   1.4895830e+06   4.0643951e+01
   1.4898980e+06   4.2190656e+01
   1.5315570e+06   4.3564153e+01
   1.5369940e+06   4.4850743e+01
   1.5734220e+06   4.1669653e+01
   1.5737210e+06   4.2419414e+01
   1.5749240e+06   6.0360804e+01
   1.6039220e+06   6.1246686e+01
   1.6042060e+06   5.7124360e+01
   1.6042640e+06   4.3280136e+01
   1.6044750e+06   4.1829693e+01
   1.6052670e+06   4.1092217e+01
   1.6654700e+06   4.5194660e+01
   1.6672270e+06   5.2817700e+01
   1.6679020e+06   4.3997425e+01
   1.6682440e+06   4.7302050e+01
   1.6688770e+06   4.7988881e+01
   1.7134860e+06   4.9036867e+01
   1.7146650e+06   4.2509533e+01
   1.7153310e+06   5.1009635e+01
   1.7740870e+06   5.5462932e+01
   1.7746840e+06   4.4869662e+01
   1.7985930e+06   5.0386731e+01
   1.8582110e+06   5.0021405e+01
   1.8587970e+06   4.1902758e+01
   1.8590850e+06   5.1968812e+01
   1.8593440e+06   4.0959615e+01
   1.8603630e+06   4.1377148e+01
   1.9826050e+06   6.6845816e+01
   1.9829530e+06   5.4416513e+01
   1.9832880e+06   4.0672182e+01
   1.9835370e+06   5.8322169e+01
   1.9840160e+06   5.9271775e+01
   1.9840920e+06   4.2263628e+01
   2.0433420e+06   4.4723110e+01
   2.0439960e+06   4.6068652e+01
   2.0445910e+06   4.2103514e+01
   2.0455330e+06   4.8533035e+01
   2.0463610e+06   4.1914473e+01
   2.1109070e+06   5.1132231e+01
   2.1555080e+06   5.0446387e+01
   2.1882180e+06   5.3745479e+01
   2.1885620e+06   5.0420363e+01
   2.1889240e+06   4.7506415e+01
   2.1891820e+06   5.1765367e+01
   2.1894180e+06   4.3205757e+01
   2.1896220e+06   4.0936867e+01
   2.2285330e+06   4.3361924e+01
   2.2292590e+06   5.0541494e+01
   2.2298200e+06   4.3909173e+01
   2.2862250e+06   6.5522674e+01
   2.3033600e+06   4.2285901e+01
   2.3040320e+06   4.5529459e+01
   2.3043820e+06   4.6174703e+01
   2.3047300e+06   4.5047990e+01
   2.3050180e+06   4.6462511e+01
   2.3053360e+06   4.3699735e+01
   2.3232840e+06   4.0626690e+01
   2.3258860e+06   4.1645124e+01
   2.3700850e+06   5.3878163e+01
   2.4058870e+06   6.0646107e+01
   2.4062680e+06   4.8349248e+01
   2.4066120e+06   5.0285497e+01
   2.4068740e+06   4.4264832e+01
   2.4071010e+06   5.7504859e+01
   2.4073410e+06   4.3293429e+01
   2.4076240e+06   4.0617861e+01
   2.4627780e+06   5.2514954e+01
   2.4630560e+06   5.1069342e+01
   2.4633340e+06   4.4085440e+01
   2.4635380e+06   4.7347643e+01
   2.5498890e+06   4.1796739e+01
   2.5826000e+06   5.4357066e+01
   2.6501640e+06   6.6112336e+01
   2.6990890e+06   5.6927118e+01
   2.6994610e+06   6.1540164e+01
   2.6997140e+06   7.2393504e+01
   2.6999370e+06   4.9038765e+01
   2.7001790e+06   5.4870479e+01
   2.7328480e+06   4.3190077e+01
   2.7338190e+06   4.5938482e+01
   2.8089460e+06   6.2816493e+01
   2.8518970e+06   5.6140473e+01
   2.8602810e+06   4.2156793e+01
   2.8605580e+06   4.4459307e+01
   2.8608800e+06   5.2337671e+01
   2.8611240e+06   4.7260855e+01
   2.8613180e+06   5.1926421e+01
   2.8618830e+06   4.1336964e+01
   2.8807360e+06   4.1774314e+01
   2.9233620e+06   5.0146134e+01
   2.9237250e+06   4.3003049e+01
   2.9240370e+06   5.6625343e+01
   3.0109820e+06   5.0120851e+01
   3.0112690e+06   6.1789015e+01
   3.0115310e+06   5.5621563e+01
   3.0117600e+06   5.5748109e+01
   3.0124270e+06   5.0949334e+01
   3.0125440e+06   4.3539538e+01
   3.0126670e+06   4.1160568e+01
   3.0521960e+06   4.5612039e+01
   3.1555670e+06   4.5517565e+01
   3.1580330e+06   6.1002457e+01
   3.1585310e+06   5.8906360e+01
   3.1587450e+06   4.1788497e+01
   3.1587950e+06   4.7964146e+01
   3.1589510e+06   4.3002281e+01
   3.1589840e+06   4.6943038e+01
   3.1593530e+06   4.1407125e+01
   3.1597530e+06   4.2371084e+01
   3.1933610e+06   4.1643997e+01
   3.1940460e+06   4.2415411e+01
   3.1949060e+06   4.0852362e+01
   3.2316410e+06   4.9922523e+01
   3.2325430e+06   5.2413774e+01
   3.2329010e+06   4.8996564e+01
   3.2332870e+06   5.0731376e+01
   3.2337570e+06   4.2608711e+01
   3.3407510e+06   4.6525974e+01
   3.3410510e+06   5.4557888e+01
   3.3415080e+06   5.2381673e+01
   3.3418890e+06   4.7452237e+01
   3.3421530e+06   5.3778727e+01
   3.3423750e+06   4.5320266e+01
   3.3425990e+06   4.0736972e+01
   3.3499300e+06   4.4925873e+01
   3.4606140e+06   5.1623881e+01
   3.4609400e+06   5.3648499e+01
   3.4611310e+06   4.2766118e+01
   3.4611750e+06   4.3521116e+01
   3.4615580e+06   4.2518829e+01
   3.4617660e+06   4.2723639e+01
   3.4619720e+06   4.0603960e+01
   3.4966160e+06   6.1137336e+01
   3.4973130e+06   4.5130902e+01
   3.4979520e+06   5.3626748e+01
   3.4985740e+06   4.5997255e+01
   3.5953300e+06   6.2949806e+01
   3.5957990e+06   5.2128000e+01
   3.5961220e+06   4.2648407e+01
   3.5963770e+06   4.7656919e+01
   3.5966050e+06   4.1722941e+01
   3.6452140e+06   5.6256557e+01
   3.6455840e+06   4.8312903e+01
   3.6459260e+06   4.4480048e+01
   3.6462760e+06   4.8091908e+01
   3.6467520e+06   4.7996690e+01
   3.7826580e+06   4.3499825e+01
   3.7853000e+06   4.1538405e+01
   3.7857210e+06   6.2533769e+01
   3.7859900e+06   5.1198046e+01
   3.7862650e+06   4.6307865e+01
   3.7865330e+06   6.1815473e+01
   3.8169420e+06   4.8463422e+01
   3.8176680e+06   4.2946548e+01
   3.8183610e+06   4.8236266e+01
   3.8191030e+06   4.6232280e+01
   3.9300370e+06   4.1164943e+01
   3.9769800e+06   4.2386371e+01
   3.9779040e+06   5.5651888e+01
   3.9784490e+06   5.2722785e+01
   3.9787430e+06   5.4827427e+01
   3.9789900e+06   4.1000894e+01
   3.9791870e+06   4.0955407e+01
   4.0351370e+06   5.6117520e+01
   4.0356760e+06   5.0906531e+01
   4.0360360e+06   4.1051666e+01
   4.0362560e+06   4.2319174e+01
   4.0363280e+06   6.3283491e+01
   4.0365780e+06   4.9126535e+01
   4.0370130e+06   4.2728381e+01
   4.0372270e+06   4.0957338e+01
   4.1377800e+06   5.5618587e+01
   4.1382270e+06   4.9661484e+01
   4.1384780e+06   5.5025642e+01
   4.1386030e+06   4.0750641e+01
   4.1387120e+06   4.2296144e+01
   4.1389460e+06   4.3015061e+01
   4.1391290e+06   4.4279136e+01
   4.1393480e+06   4.5489380e+01
   4.1404310e+06   4.0925934e+01
   4.2176800e+06   5.8592980e+01
   4.2181790e+06   5.3532465e+01
   4.2184540e+06   5.7737497e+01
   4.2186750e+06   4.8937301e+01
   4.2188860e+06   4.8195252e+01
   4.2190920e+06   4.3499136e+01
   4.3712750e+06   5.9234464e+01
   4.3715960e+06   4.9862604e+01
   4.3718330e+06   5.5045150e+01
   4.3720430e+06   6.4367583e+01
   4.3722430e+06   5.9099079e+01
   4.3724420e+06   5.3093293e+01
   4.3737220e+06   4.0846391e+01
   4.4289390e+06   4.0739897e+01
   4.4738010e+06   6.0387570e+01
   4.4742580e+06   5.7154510e+01
   4.4745880e+06   5.0240805e+01
   4.4748450e+06   4.0862959e+01
   4.4750580e+06   4.5904562e+01
   4.4752440e+06   4.6113697e+01
   4.4754230e+06   4.1994355e+01
   4.5348990e+06   4.1072603e+01
   4.5435090e+06   5.8596424e+01
   4.5439250e+06   6.3355454e+01
   4.5442400e+06   4.3716202e+01
   4.5444450e+06   4.0853749e+01
   4.5448100e+06   4.2628792e+01
   4.6189590e+06   5.4452829e+01
   4.6661180e+06   4.9734144e+01
   4.6664430e+06   4.6020662e+01
   4.6666680e+06   6.1984312e+01
   4.6669000e+06   4.6877050e+01
   4.6672860e+06   5.0712702e+01
   4.6681890e+06   4.1639206e+01
   4.7562350e+06   5.9261095e+01
   4.7566850e+06   4.4075299e+01
   4.7567700e+06   5.4516913e+01
   4.7572940e+06   5.6656421e+01
   4.7576210e+06   4.4437267e+01
   4.7581450e+06   4.4841145e+01
   4.7588170e+06   4.4349837e+01
   4.8395120e+06   5.6926529e+01
   4.8664210e+06   4.1297598e+01
   4.8669130e+06   4.6738451e+01
   4.8671530e+06   6.7223510e+01
   4.8673670e+06   4.6820425e+01
   4.8675630e+06   4.6207338e+01
   4.8679200e+06   4.4852844e+01
   4.9690270e+06   5.9414666e+01
   4.9693410e+06   4.6408871e+01
   4.9696060e+06   4.3749424e+01
   4.9697980e+06   4.5187697e+01
   4.9699960e+06   4.0606644e+01
   4.9702000e+06   4.1593370e+01
   5.0289020e+06   4.1791167e+01
   5.0687340e+06   5.6034530e+01
   5.0690270e+06   4.7935375e+01
   5.0690810e+06   4.5501934e+01
   5.0692390e+06   4.6837797e+01
   5.0694020e+06   5.1731754e+01
   5.0699300e+06   4.2841233e+01
   5.1863300e+06   5.7678842e+01
   5.1866770e+06   4.5714560e+01
   5.1869140e+06   4.0936904e+01
   5.1871120e+06   4.5921383e+01
   5.2413190e+06   4.1075445e+01
   5.2841010e+06   4.1749440e+01
   5.2863370e+06   4.5727043e+01
   5.2866650e+06   4.7113136e+01
   5.2869690e+06   4.7763982e+01
   5.2872330e+06   4.9885585e+01
   5.3620850e+06   4.2528971e+01
   5.3624910e+06   5.4398019e+01
   5.3628210e+06   4.4654451e+01
   5.3628570e+06   4.1016761e+01
   5.3630610e+06   4.5302661e+01
   5.3632750e+06   4.7618251e+01
   5.3634870e+06   4.3258334e+01
   5.3637000e+06   5.0694963e+01
   5.3639580e+06   4.2434043e+01
   5.3641990e+06   4.5982084e+01
   5.4614120e+06   5.1292487e+01
   5.4618180e+06   5.1219355e+01
   5.4620640e+06   4.1843944e+01
   5.4622710e+06   4.3416815e+01
   5.4624530e+06   4.6779597e+01
   5.4626510e+06   4.1135249e+01
   5.4632900e+06   4.2673960e+01
   5.5876380e+06   4.9872064e+01
   5.5880890e+06   6.1136897e+01
   5.5883990e+06   4.5247788e+01
   5.5886830e+06   5.0674635e+01
   5.5889300e+06   5.0897464e+01
   5.5894100e+06   4.5328932e+01
   5.6310140e+06   4.4633524e+01
   5.6314430e+06   4.9042019e+01
   5.6317900e+06   4.6878256e+01
   5.6321200e+06   4.8706290e+01
   5.6324710e+06   5.1568277e+01
   5.6329140e+06   4.1375575e+01
   5.7340180e+06   4.1982733e+01
   5.7344130e+06   6.2104751e+01
   5.7346720e+06   4.8419415e+01
   5.7348770e+06   4.2375573e+01
   5.7350730e+06   4.7617620e+01
   5.7358270e+06   4.2150033e+01
   5.8525720e+06   5.5751272e+01
   5.8528610e+06   4.5366804e+01
   5.8530730e+06   4.4275124e+01
   5.8532400e+06   5.2567278e+01
   5.8534050e+06   4.2036606e+01
   5.9434020e+06   5.6152130e+01
   5.9438210e+06   4.7959680e+01
   5.9440540e+06   4.1232693e+01
   5.9441160e+06   4.1089403e+01
   5.9442550e+06   4.4002113e+01
   5.9444330e+06   4.0862440e+01
   5.9450230e+06   4.2404807e+01
   6.0668160e+06   5.2356890e+01
   6.0673010e+06   4.3149111e+01
   6.0686920e+06   4.4010464e+01
   6.2205050e+06   4.2525839e+01
   6.2208100e+06   6.1421395e+01
   6.2211270e+06   4.9362316e+01
   6.2213330e+06   5.0860667e+01
   6.2215050e+06   5.1499794e+01
   6.2216540e+06   4.2248788e+01
   6.2673290e+06   4.5241178e+01
   6.3132360e+06   4.7594973e+01
   6.3136300e+06   5.1109779e+01
   6.3139750e+06   5.4884038e+01
   6.3142660e+06   4.0955498e+01
   6.3145540e+06   5.0091053e+01
   6.3148010e+06   4.1036317e+01
   6.3994080e+06   6.3190470e+01
   6.3996730e+06   4.3665000e+01
   6.3997760e+06   4.1496433e+01
   6.3999420e+06   4.6966493e+01
   6.4003770e+06   4.4042387e+01
   6.4005830e+06   4.2646753e+01
   6.5397990e+06   4.7849017e+01
   6.5400340e+06   5.1066181e+01
   6.5405130e+06   5.2176917e+01
   6.5408080e+06   5.4193434e+01
   6.5408910e+06   4.7055486e+01
   6.5410410e+06   4.8541348e+01
   6.5414060e+06   4.0613078e+01
   6.5415800e+06   4.0859808e+01
   6.5422650e+06   4.1499756e+01
   6.6028830e+06   4.6308348e+01
   6.6032540e+06   5.5732982e+01
   6.6035800e+06   5.5094633e+01
   6.6038150e+06   4.3690195e+01
   6.6040550e+06   4.4158179e+01
   6.6855190e+06   5.8887449e+01
   6.6859450e+06   5.5945961e+01
   6.6860400e+06   4.5015874e+01
   6.6862190e+06   5.7732904e+01
   6.6864590e+06   4.5179397e+01
   6.6866900e+06   4.4683786e+01
   6.6869560e+06   4.1128152e+01
   6.6872650e+06   4.1311400e+01
   6.7587960e+06   5.8014274e+01
   6.7601200e+06   5.5016970e+01
   6.7605150e+06   6.3620756e+01
   6.7608330e+06   4.5016356e+01
   6.7611020e+06   4.1649919e+01
   6.7616730e+06   4.7769154e+01
   6.7620150e+06   4.2428961e+01
   6.8742620e+06   6.1817644e+01
   6.8745750e+06   5.8993301e+01
   6.8748170e+06   5.9635133e+01
   6.8750280e+06   5.2743598e+01
   6.8750390e+06   4.2015323e+01
   6.8752710e+06   6.3644892e+01
   6.8754530e+06   4.1440236e+01
   6.8762060e+06   4.4095436e+01
   6.9577190e+06   5.2643738e+01
   6.9581680e+06   5.7204057e+01
   6.9584170e+06   6.0613279e+01
   6.9586760e+06   4.3348602e+01
   6.9589200e+06   4.1178787e+01
   6.9590570e+06   4.2426279e+01
   6.9591900e+06   4.3445231e+01
   6.9594800e+06   4.9298870e+01
   6.9601530e+06   4.4915418e+01
   7.1033550e+06   5.6803961e+01
   7.1034680e+06   4.2370345e+01
   7.1036570e+06   7.4692552e+01
   7.1039160e+06   4.9409272e+01
   7.1041180e+06   5.1218846e+01
   7.1044800e+06   4.4335251e+01
   7.1055370e+06   4.1326456e+01
   7.1150350e+06   4.1431751e+01
   7.2264730e+06   7.0423422e+01
   7.2268730e+06   5.6813500e+01
   7.2271440e+06   5.3505252e+01
   7.2273500e+06   4.8288300e+01
   7.2277290e+06   5.1827481e+01
   7.2285200e+06   4.2415334e+01
   7.3823800e+06   4.3412552e+01
   7.3825460e+06   7.0013550e+01
   7.3828580e+06   5.6545831e+01
   7.3830810e+06   5.8489977e+01
   7.3832920e+06   4.7524939e+01
   7.3834840e+06   4.3913987e+01
   7.3836560e+06   5.0047630e+01
   7.3838540e+06   5.2247237e+01
   7.5155480e+06   6.3069254e+01
   7.5156720e+06   4.1562371e+01
   7.5158900e+06   6.4035819e+01
   7.5161430e+06   5.1405214e+01
   7.5163290e+06   4.8742730e+01
   7.5165060e+06   5.1673241e+01
   7.5169310e+06   4.7395359e+01
   7.6042050e+06   5.8533435e+01
   7.6046350e+06   5.3374278e+01
   7.6049770e+06   5.2489552e+01
   7.6052660e+06   4.8149032e+01
   7.6055030e+06   4.7400983e+01
   7.6057880e+06   4.7642666e+01
   7.6061260e+06   4.2087498e+01
   7.7591190e+06   5.8407836e+01
   7.7595120e+06   5.7617961e+01
   7.7597570e+06   4.2462367e+01
   7.7599750e+06   6.3080742e+01
   7.7601920e+06   5.0730523e+01
   7.7603870e+06   4.2700917e+01
   7.7605890e+06   4.7852597e+01
   7.9460000e+06   6.7797729e+01
   7.9462990e+06   5.9151528e+01
   7.9463860e+06   4.5463774e+01
   7.9465220e+06   7.5343766e+01
   7.9467240e+06   4.4452875e+01
   7.9469100e+06   4.7802787e+01
   7.9481410e+06   4.2580052e+01
   8.0389600e+06   4.2115107e+01
   8.0395620e+06   5.2057653e+01
   8.0399460e+06   6.2568903e+01
   8.0402040e+06   4.5542742e+01
   8.0403230e+06   4.0917445e+01
   8.0404530e+06   5.5440400e+01
   8.0406570e+06   5.4969879e+01
   8.0408640e+06   4.6925925e+01
   8.0413740e+06   4.2673466e+01
   8.1836910e+06   6.0583209e+01
   8.1840190e+06   5.9676059e+01
   8.1842820e+06   5.7027411e+01
   8.1846870e+06   4.5486301e+01
   8.1849150e+06   4.8470543e+01
   8.1854980e+06   4.7213937e+01
   8.3574540e+06   7.1038922e+01
   8.3577170e+06   7.7828922e+01
   8.3579040e+06   4.2977114e+01
   8.3580870e+06   6.3962726e+01
   8.3580980e+06   4.2142009e+01
   8.3582670e+06   4.6435052e+01
   8.3584370e+06   4.1674286e+01
   8.3586200e+06   4.1253228e+01
   8.4460210e+06   4.1640767e+01
   8.5160500e+06   5.4550778e+01
   8.5163510e+06   6.6958609e+01
   8.5164320e+06   4.3865572e+01
   8.5165760e+06   6.5698385e+01
   8.5167460e+06   6.4814394e+01
   8.5171040e+06   4.7319153e+01
   8.5174780e+06   4.6416670e+01
   8.5177240e+06   4.1286307e+01
   8.5180280e+06   4.1456649e+01
   8.5897600e+06   4.1444420e+01
   8.5900900e+06   6.3722164e+01
   8.5904950e+06   5.2466182e+01
   8.5907910e+06   6.5931733e+01
   8.5910080e+06   5.2901575e+01
   8.5912330e+06   5.1422655e+01
   8.5914730e+06   4.3256740e+01
   8.5917140e+06   4.2391803e+01
   8.5923160e+06   5.1991127e+01
   8.7436400e+06   6.0252309e+01
   8.7439350e+06   5.5477306e+01
   8.7441290e+06   6.8545933e+01
   8.7443060e+06   4.1336344e+01
   8.7444860e+06   5.5495941e+01
   8.7447040e+06   4.2591966e+01
   8.7449250e+06   4.8397651e+01
   8.7872340e+06   4.2495094e+01
   8.8516930e+06   4.6302118e+01
   8.9486310e+06   6.2547991e+01
   8.9490380e+06   4.0854708e+01
   8.9494690e+06   5.4369645e+01
   8.9498160e+06   6.7686588e+01
   8.9500900e+06   4.9154584e+01
   8.9503390e+06   4.3110736e+01
