   8.9990000e+06   0.0000000e+00
   6.4000000e+02   4.8214284e+01
   3.5900000e+03   5.2293251e+01
   3.6940000e+03   5.1351445e+01
   6.6570000e+03   4.9239355e+01
   6.8790000e+03   3.6300418e+01
   1.3555000e+04   4.3404170e+01
   1.3697000e+04   4.5661189e+01
   1.3996000e+04   4.2100849e+01
   2.3729000e+04   4.6038135e+01
   2.4075000e+04   4.1976375e+01
   2.6588000e+04   4.3852632e+01
   3.5689000e+04   4.6865773e+01
   3.8895000e+04   5.3606663e+01
   3.9009000e+04   5.0348217e+01
   3.9683000e+04   4.9601741e+01
   4.0309000e+04   4.1678998e+01
   4.3432000e+04   5.1393641e+01
   4.9592000e+04   3.5628029e+01
   4.9622000e+04   4.8436387e+01
   4.9909000e+04   4.4621399e+01
   5.1648000e+04   3.5868704e+01
   5.1842000e+04   3.6893351e+01
   6.3853000e+04   3.9854972e+01
   6.4662000e+04   4.3537859e+01
   6.5067000e+04   5.4992571e+01
   6.5648000e+04   3.8502270e+01
   8.1240000e+04   4.6747582e+01
   8.1745000e+04   4.2829377e+01
   8.8592000e+04   3.6898007e+01
   9.0213000e+04   5.1614165e+01
   9.0428000e+04   4.9004142e+01
   9.0940000e+04   3.7591878e+01
   9.2305000e+04   3.9788239e+01
   9.2579000e+04   3.7650091e+01
   9.3633000e+04   4.3575543e+01
   9.3998000e+04   3.6765848e+01
   9.4315000e+04   4.0366224e+01
   1.0541000e+05   5.9169086e+01
   1.0894600e+05   4.3167078e+01
   1.0958800e+05   4.5943934e+01
   1.0985700e+05   3.9811518e+01
   1.1024300e+05   3.6771465e+01
   1.2947300e+05   5.8156087e+01
   1.4646000e+05   4.8997932e+01
   1.4706500e+05   5.4217656e+01
   1.4734500e+05   4.1658978e+01
   1.4809600e+05   5.0861935e+01
   1.4849000e+05   3.9712187e+01
   1.4921400e+05   3.5746742e+01
   1.4972700e+05   3.8994594e+01
   1.6169500e+05   4.1068802e+01
   1.6678400e+05   5.4829014e+01
   1.6716900e+05   5.4121522e+01
   1.6893200e+05   5.3809851e+01
   1.6995700e+05   3.9059708e+01
   1.7579100e+05   5.2057040e+01
   1.7787900e+05   3.4819248e+01
   1.9232700e+05   4.8324420e+01
   1.9272400e+05   4.8900559e+01
   1.9318100e+05   4.7161819e+01
   1.9610800e+05   4.1759793e+01
   1.9673700e+05   5.4611789e+01
   1.9856200e+05   4.4717663e+01
   2.0889800e+05   5.5303462e+01
   2.0913800e+05   4.3222392e+01
   2.0930000e+05   4.6712398e+01
   2.0943200e+05   3.9360853e+01
   2.0973100e+05   3.9173436e+01
   2.1063800e+05   3.9005931e+01
   2.1343000e+05   4.2954547e+01
   2.1511000e+05   5.0212495e+01
   2.1552700e+05   4.2390273e+01
   2.3732100e+05   4.5832355e+01
   2.3747000e+05   4.5075992e+01
   2.4224100e+05   5.0931711e+01
   2.4238700e+05   3.5767921e+01
   2.5356600e+05   5.0844521e+01
   2.5983800e+05   5.4034838e+01
   2.6027000e+05   4.4532926e+01
   2.6548900e+05   3.5728677e+01
   2.6850000e+05   5.5447398e+01
   2.7435200e+05   4.0544716e+01
   2.7912400e+05   4.5080913e+01
   2.7925500e+05   4.7828452e+01
   2.7965100e+05   3.8335649e+01
   2.7994600e+05   3.9918130e+01
   2.8512700e+05   3.5930552e+01
   2.9056300e+05   4.9542265e+01
   2.9129500e+05   3.6177171e+01
   2.9303600e+05   4.1900422e+01
   2.9330600e+05   4.4805571e+01
   3.0282100e+05   5.2993717e+01
   3.0323500e+05   4.4622954e+01
   3.0403000e+05   3.8928769e+01
   3.1074500e+05   4.6047773e+01
   3.1324600e+05   5.1973662e+01
   3.1353700e+05   4.1297106e+01
   3.1375600e+05   4.1641506e+01
   3.1383900e+05   3.6131534e+01
   3.1435700e+05   3.7198839e+01
   3.1454400e+05   3.6368141e+01
   3.1689300e+05   3.8352081e+01
   3.3346700e+05   4.3272983e+01
   3.3360600e+05   3.8700940e+01
   3.3936300e+05   5.4760547e+01
   3.4711400e+05   3.7238288e+01
   3.4719100e+05   5.2339624e+01
   3.4769000e+05   5.7146313e+01
   3.4793200e+05   4.5876482e+01
   3.4804300e+05   3.4984280e+01
   3.5914600e+05   4.5938665e+01
   3.5968400e+05   4.8597301e+01
   3.6034100e+05   3.5029914e+01
   3.6080600e+05   3.5262847e+01
   3.6129800e+05   4.1846433e+01
   3.6223900e+05   4.0267667e+01
   3.6337900e+05   3.9330945e+01
   3.7293100e+05   4.4830141e+01
   3.7385000e+05   4.8354305e+01
   3.7432600e+05   4.4130672e+01
   3.7613600e+05   4.9798529e+01
   3.8015500e+05   5.4595262e+01
   3.8238100e+05   3.9012674e+01
   3.8328400e+05   4.4424500e+01
   3.9011200e+05   3.4913518e+01
   3.9540900e+05   4.6362733e+01
   3.9580200e+05   4.8371286e+01
   3.9644300e+05   3.8200227e+01
   3.9704900e+05   3.9408082e+01
   3.9797700e+05   3.5822963e+01
   3.9819700e+05   3.5625879e+01
   4.0698300e+05   4.8083707e+01
   4.1459700e+05   4.1894989e+01
   4.1495400e+05   4.1881438e+01
   4.1530900e+05   4.8298656e+01
   4.1547500e+05   3.6013614e+01
   4.1557900e+05   3.7812281e+01
   4.3995900e+05   5.0597828e+01
   4.4084000e+05   5.2656652e+01
   4.4728900e+05   5.5288166e+01
   4.4766300e+05   4.2896908e+01
   4.4787900e+05   4.9091250e+01
   4.4843700e+05   3.6880774e+01
   4.4866400e+05   4.6055356e+01
   4.6412600e+05   4.6869369e+01
   4.6609600e+05   5.9229557e+01
   4.7966400e+05   3.5831550e+01
   4.8027600e+05   4.8056625e+01
   4.8111600e+05   5.4495791e+01
   4.8366700e+05   5.0037178e+01
   4.8493200e+05   5.5149638e+01
   4.9073600e+05   5.1104815e+01
   4.9164900e+05   4.7145835e+01
   4.9206200e+05   4.8550874e+01
   4.9562000e+05   4.5595564e+01
   4.9578200e+05   4.0572556e+01
   4.9634500e+05   4.3868367e+01
   4.9713200e+05   4.0797738e+01
   5.0664900e+05   5.2421215e+01
   5.1168400e+05   4.8649718e+01
   5.1227500e+05   4.3886231e+01
   5.1252800e+05   3.8135402e+01
   5.1283700e+05   3.8395726e+01
   5.1348500e+05   4.0501138e+01
   5.2083400e+05   4.5706682e+01
   5.2141100e+05   4.1475027e+01
   5.2205000e+05   4.6972879e+01
   5.2219700e+05   3.6600290e+01
   5.2250900e+05   3.8105196e+01
   5.2287900e+05   3.5941336e+01
   5.4116600e+05   5.1620322e+01
   5.4141600e+05   3.9186302e+01
   5.4230000e+05   4.2674980e+01
   5.5353100e+05   5.3663700e+01
   5.5587900e+05   3.5551826e+01
   5.5811300e+05   4.9584920e+01
   5.5850300e+05   4.8394226e+01
   5.5918000e+05   5.0606967e+01
   5.5930100e+05   3.6089159e+01
   5.5968300e+05   3.8506673e+01
   5.7624000e+05   5.3367363e+01
   5.8213500e+05   4.6741453e+01
   5.8251600e+05   4.6138387e+01
   5.8873300e+05   5.3451844e+01
   5.9229400e+05   4.2638887e+01
   6.0334500e+05   5.2374614e+01
   6.0494500e+05   4.0417364e+01
   6.0618200e+05   4.7537380e+01
   6.0658900e+05   3.6154289e+01
   6.1553000e+05   5.0174916e+01
   6.1637000e+05   4.9342013e+01
   6.2784500e+05   5.0173784e+01
   6.2861500e+05   4.8901112e+01
   6.2894900e+05   4.4221783e+01
   6.4082500e+05   3.8583353e+01
   6.4119900e+05   5.5342097e+01
   6.4262900e+05   5.4766276e+01
   6.4302900e+05   5.4635023e+01
   6.4418800e+05   4.1487217e+01
   6.5303900e+05   5.5851263e+01
   6.5539100e+05   5.7605192e+01
   6.6410200e+05   5.1364581e+01
   6.6441000e+05   5.1059247e+01
   6.6453200e+05   4.9345630e+01
   6.6504900e+05   4.4619541e+01
   6.6535900e+05   4.1658312e+01
   6.6601200e+05   3.5175970e+01
   6.7446900e+05   4.7176348e+01
   6.7644900e+05   4.4347427e+01
   6.7723500e+05   4.2915419e+01
   6.7738000e+05   3.6628528e+01
   6.7763800e+05   4.1140146e+01
   6.7791100e+05   3.5157502e+01
   6.7803900e+05   3.6125306e+01
   6.7817200e+05   3.5801173e+01
   6.8224900e+05   3.6323258e+01
   6.9316100e+05   4.8035280e+01
   7.0004800e+05   5.9290420e+01
   7.0852700e+05   4.8313891e+01
   7.1245000e+05   5.2175822e+01
   7.1293500e+05   4.1956819e+01
   7.1314900e+05   3.6554522e+01
   7.1349000e+05   3.7801928e+01
   7.1423000e+05   3.9614853e+01
   7.1463700e+05   4.0061212e+01
   7.2506900e+05   3.4968468e+01
   7.3168900e+05   4.1807508e+01
   7.3208600e+05   4.6898531e+01
   7.3246600e+05   4.2018647e+01
   7.3871900e+05   4.5346727e+01
   7.4321600e+05   4.7935837e+01
   7.4372200e+05   3.5159652e+01
   7.4961100e+05   4.8425774e+01
   7.5061700e+05   4.3819642e+01
   7.5137600e+05   4.8325550e+01
   7.5431000e+05   4.6604045e+01
   7.5455700e+05   3.5670623e+01
   7.6044200e+05   4.6807934e+01
   7.6089600e+05   4.5277298e+01
   7.6146900e+05   3.6177029e+01
   7.6198700e+05   4.8775304e+01
   7.6534900e+05   5.5110409e+01
   7.6541000e+05   4.4030018e+01
   7.7656300e+05   4.9530844e+01
   7.7716800e+05   4.7871476e+01
   7.7749700e+05   3.5902652e+01
   7.8465200e+05   4.7445840e+01
   7.9489500e+05   4.8016671e+01
   8.0319900e+05   5.0159302e+01
   8.0672300e+05   6.1899168e+01
   8.0701100e+05   4.5321688e+01
   8.0721800e+05   4.2385389e+01
   8.0830000e+05   5.5361139e+01
   8.1089900e+05   3.7312742e+01
   8.1172800e+05   4.0573933e+01
   8.1210500e+05   3.6427293e+01
   8.1223200e+05   3.7096794e+01
   8.1258000e+05   3.9675115e+01
   8.3301600e+05   5.0617265e+01
   8.3407000e+05   4.8274642e+01
   8.4182800e+05   5.6925657e+01
   8.4511000e+05   5.3408558e+01
   8.4543300e+05   4.8400428e+01
   8.4589000e+05   4.5035507e+01
   8.4762200e+05   4.8231156e+01
   8.4776400e+05   3.7664388e+01
   8.4957100e+05   4.5739406e+01
   8.6336500e+05   5.4887553e+01
   8.6385800e+05   4.2300292e+01
   8.6884800e+05   4.6901530e+01
   8.6925000e+05   3.5898927e+01
   8.7303900e+05   3.9055796e+01
   8.7662200e+05   4.6859056e+01
   8.7713400e+05   5.1222177e+01
   8.7768500e+05   5.9293738e+01
   8.7789600e+05   4.0161336e+01
   8.7819100e+05   3.5016198e+01
   8.8660600e+05   4.2894769e+01
   8.9297800e+05   5.6050716e+01
   8.9346600e+05   5.2470245e+01
   8.9693900e+05   5.0955539e+01
   9.0002000e+05   4.0571995e+01
   9.0118300e+05   3.8161360e+01
   9.0130700e+05   3.6447076e+01
   9.0762000e+05   6.1493390e+01
   9.0803600e+05   3.7877808e+01
   9.1081300e+05   3.8038373e+01
   9.1169400e+05   4.6849942e+01
   9.1199300e+05   4.2514730e+01
   9.1252700e+05   4.2302908e+01
   9.1333500e+05   4.9676887e+01
   9.1405400e+05   4.5613617e+01
   9.1428000e+05   3.6213677e+01
   9.1481700e+05   3.5086161e+01
   9.3486500e+05   6.0689890e+01
   9.4196900e+05   5.8283349e+01
   9.4685600e+05   4.0963842e+01
   9.4698600e+05   5.2895888e+01
   9.4712700e+05   3.9649638e+01
   9.4789200e+05   3.7408016e+01
   9.4818800e+05   4.7156940e+01
   9.5081800e+05   4.3045785e+01
   9.5112700e+05   3.7183086e+01
   9.5192200e+05   3.6720586e+01
   9.7326200e+05   6.3283726e+01
   9.7350100e+05   5.4813846e+01
   9.7988100e+05   5.1415435e+01
   9.8290600e+05   4.4534547e+01
   9.8627900e+05   4.9388209e+01
   9.9230400e+05   5.0997587e+01
   1.0008480e+06   4.7053581e+01
   1.0068310e+06   5.2452555e+01
   1.0165760e+06   5.6502643e+01
   1.0209400e+06   5.1105193e+01
   1.0213630e+06   4.8798525e+01
   1.0219510e+06   3.8162410e+01
   1.0272930e+06   5.1014415e+01
   1.0276830e+06   4.0889545e+01
   1.0326870e+06   5.3521562e+01
   1.0390610e+06   4.3763037e+01
   1.0393870e+06   4.7057260e+01
   1.0428960e+06   4.8649462e+01
   1.0433370e+06   3.5170535e+01
   1.0433550e+06   3.5010922e+01
   1.0436520e+06   3.5015055e+01
   1.0440830e+06   3.6731183e+01
   1.0442030e+06   3.5644074e+01
   1.0560830e+06   4.3560857e+01
   1.0639930e+06   4.7236343e+01
   1.0689440e+06   5.3418579e+01
   1.0748440e+06   4.9155410e+01
   1.0796100e+06   4.7227689e+01
   1.0798090e+06   4.6231764e+01
   1.0801830e+06   3.7653080e+01
   1.0903720e+06   5.7671936e+01
   1.0906350e+06   4.6751927e+01
   1.0961840e+06   4.0176168e+01
   1.0964660e+06   4.8710958e+01
   1.0966000e+06   4.1483440e+01
   1.0973900e+06   3.5717963e+01
   1.1225660e+06   5.3277492e+01
   1.1227760e+06   5.2402164e+01
   1.1299490e+06   4.7456373e+01
   1.1339380e+06   5.4580009e+01
   1.1377300e+06   3.6506952e+01
   1.1384700e+06   5.5997095e+01
   1.1387810e+06   3.5338102e+01
   1.1390210e+06   4.7967955e+01
   1.1450940e+06   4.9530845e+01
   1.1513110e+06   4.9956813e+01
   1.1621040e+06   4.1379229e+01
   1.1662360e+06   4.3941218e+01
   1.1664950e+06   3.7425350e+01
   1.1676310e+06   3.9941778e+01
   1.1749950e+06   3.9668254e+01
   1.1807600e+06   4.2913825e+01
   1.1853580e+06   5.2137872e+01
   1.1907930e+06   5.8047372e+01
   1.1913900e+06   4.7970622e+01
   1.1959950e+06   4.4374389e+01
   1.1965330e+06   4.1055757e+01
   1.1969090e+06   4.3823267e+01
   1.1984340e+06   4.4854232e+01
   1.1987640e+06   4.2179694e+01
   1.1989230e+06   4.3615877e+01
   1.1994490e+06   3.7217279e+01
   1.2109880e+06   4.6840541e+01
   1.2112600e+06   4.5050300e+01
   1.2133420e+06   4.1021949e+01
   1.2137080e+06   4.9314900e+01
   1.2227310e+06   6.0947509e+01
   1.2230150e+06   4.3501314e+01
   1.2324200e+06   4.5169864e+01
   1.2327580e+06   5.1034584e+01
   1.2377030e+06   4.3320025e+01
   1.2381250e+06   4.4412282e+01
   1.2391230e+06   5.3633246e+01
   1.2393640e+06   3.4972365e+01
   1.2396070e+06   4.1638391e+01
   1.2397230e+06   3.5635066e+01
   1.2587490e+06   4.7370873e+01
   1.2644870e+06   3.6398095e+01
   1.2649920e+06   4.5189221e+01
   1.2652400e+06   4.7481382e+01
   1.2684490e+06   5.0807203e+01
   1.2725020e+06   4.8768081e+01
   1.2727200e+06   3.8528732e+01
   1.2728640e+06   3.7213255e+01
   1.2729860e+06   4.6102146e+01
   1.2730680e+06   3.6957063e+01
   1.2884310e+06   5.3843418e+01
   1.2965890e+06   5.0122693e+01
   1.2968900e+06   4.8883453e+01
   1.3017100e+06   4.3003299e+01
   1.3045240e+06   5.6621677e+01
   1.3135720e+06   4.0233096e+01
   1.3155270e+06   4.7788055e+01
   1.3160850e+06   4.5635933e+01
   1.3165460e+06   4.3916376e+01
   1.3190610e+06   5.3975439e+01
   1.3320350e+06   5.5362292e+01
   1.3323680e+06   3.9323854e+01
   1.3325100e+06   4.3830240e+01
   1.3326750e+06   3.5891951e+01
   1.3327520e+06   3.8076078e+01
   1.3328920e+06   4.2816741e+01
   1.3458470e+06   5.3527283e+01
   1.3498980e+06   4.5523021e+01
   1.3540840e+06   4.2667345e+01
   1.3593270e+06   4.9809859e+01
   1.3669030e+06   4.8429855e+01
   1.3675250e+06   5.1040434e+01
   1.3729820e+06   3.5708373e+01
   1.3763290e+06   4.7431615e+01
   1.3820610e+06   5.8201366e+01
   1.3821600e+06   4.1640524e+01
   1.3822720e+06   4.0241775e+01
   1.3845770e+06   5.2237777e+01
   1.3898460e+06   4.2816792e+01
   1.3901660e+06   4.2348346e+01
   1.3939120e+06   5.6229416e+01
   1.4003170e+06   5.4899991e+01
   1.4037340e+06   4.3062061e+01
   1.4050390e+06   5.1538962e+01
   1.4052590e+06   3.5871116e+01
   1.4059660e+06   3.6984542e+01
   1.4061410e+06   3.5621667e+01
   1.4093680e+06   5.2955796e+01
   1.4143020e+06   5.6127561e+01
   1.4205170e+06   5.4169700e+01
   1.4208140e+06   4.2553742e+01
   1.4211440e+06   3.8210787e+01
   1.4222000e+06   3.8311403e+01
   1.4229400e+06   3.4803045e+01
   1.4233610e+06   3.8906752e+01
   1.4318020e+06   3.6698198e+01
   1.4424510e+06   5.4199383e+01
   1.4435010e+06   4.7002638e+01
   1.4443990e+06   5.0387130e+01
   1.4539720e+06   5.4161181e+01
   1.4552070e+06   4.2283183e+01
   1.4556530e+06   4.2807303e+01
   1.4683650e+06   3.8827888e+01
   1.4684750e+06   5.1597607e+01
   1.4685540e+06   4.0587331e+01
   1.4687780e+06   4.0789118e+01
   1.4699240e+06   4.3421457e+01
   1.4802900e+06   4.3042129e+01
   1.4805760e+06   3.6323001e+01
   1.4813450e+06   3.6962024e+01
   1.4882810e+06   4.4155298e+01
   1.4885310e+06   4.5484552e+01
   1.4886450e+06   4.9540346e+01
   1.4887710e+06   3.4855171e+01
   1.4904630e+06   3.5086161e+01
   1.5070370e+06   4.6463730e+01
   1.5161200e+06   4.6943821e+01
   1.5162910e+06   4.0620273e+01
   1.5170400e+06   3.6110544e+01
   1.5222390e+06   3.5101032e+01
   1.5230850e+06   5.6375287e+01
   1.5266120e+06   5.2864148e+01
   1.5310520e+06   4.1828559e+01
   1.5322710e+06   5.3833100e+01
   1.5327030e+06   4.4056130e+01
   1.5412220e+06   4.6426774e+01
   1.5415590e+06   5.3997939e+01
   1.5420800e+06   3.9198935e+01
   1.5472520e+06   4.0893016e+01
   1.5479030e+06   4.9065704e+01
   1.5553970e+06   3.7526878e+01
   1.5556720e+06   3.8896046e+01
   1.5596060e+06   3.5552293e+01
   1.5606920e+06   4.1993804e+01
   1.5719250e+06   4.8922722e+01
   1.5722500e+06   5.3882986e+01
   1.5734220e+06   4.0215394e+01
   1.5737210e+06   3.8286726e+01
   1.5755020e+06   5.5485645e+01
   1.5815770e+06   4.8079761e+01
   1.5822380e+06   4.8794707e+01
   1.5848790e+06   4.6025085e+01
   1.5865720e+06   4.1191911e+01
   1.5868860e+06   3.9212544e+01
   1.5871660e+06   3.6276018e+01
   1.5880140e+06   3.7557568e+01
   1.5969240e+06   5.3872685e+01
   1.5969570e+06   3.4939189e+01
   1.5984550e+06   3.9473455e+01
   1.6008970e+06   4.1425061e+01
   1.6012670e+06   5.0883178e+01
   1.6018730e+06   4.3245131e+01
   1.6037580e+06   3.9075652e+01
   1.6040410e+06   3.9946396e+01
   1.6042500e+06   3.5390972e+01
   1.6046030e+06   4.0151233e+01
   1.6047340e+06   3.7215628e+01
   1.6048030e+06   3.6918636e+01
   1.6223630e+06   5.2211106e+01
   1.6287100e+06   5.1388086e+01
   1.6321520e+06   5.3972768e+01
   1.6325240e+06   4.4671593e+01
   1.6328400e+06   3.7246793e+01
   1.6330750e+06   3.6491177e+01
   1.6339780e+06   4.3224734e+01
   1.6415060e+06   5.6138008e+01
   1.6437470e+06   4.4256068e+01
   1.6445060e+06   4.6293659e+01
   1.6446770e+06   4.4066317e+01
   1.6543650e+06   4.9410940e+01
   1.6545970e+06   3.5473135e+01
   1.6546420e+06   4.0979428e+01
   1.6590640e+06   5.1014248e+01
   1.6599650e+06   4.3609138e+01
   1.6601650e+06   4.2393818e+01
   1.6658720e+06   5.1219805e+01
   1.6660410e+06   3.9364309e+01
   1.6661790e+06   3.9245798e+01
   1.6668210e+06   5.1230428e+01
   1.6671600e+06   4.4703416e+01
   1.6673700e+06   3.7220203e+01
   1.6850110e+06   5.5139464e+01
   1.6921940e+06   5.0224789e+01
   1.6979770e+06   4.4156992e+01
   1.7033560e+06   5.0085807e+01
   1.7036890e+06   3.8463536e+01
   1.7039180e+06   4.7691080e+01
   1.7041180e+06   5.1874195e+01
   1.7043860e+06   4.3421907e+01
   1.7122030e+06   4.9002969e+01
   1.7124140e+06   4.7624432e+01
   1.7131320e+06   5.2962401e+01
   1.7133520e+06   4.0986570e+01
   1.7141700e+06   4.3627192e+01
   1.7144000e+06   3.5528074e+01
   1.7274450e+06   4.8522077e+01
   1.7332630e+06   4.0548438e+01
   1.7433380e+06   5.5933310e+01
   1.7436220e+06   4.4912420e+01
   1.7532750e+06   5.1787184e+01
   1.7539240e+06   4.7691469e+01
   1.7541080e+06   4.5598962e+01
   1.7551510e+06   4.1996654e+01
   1.7563980e+06   4.0147204e+01
   1.7646470e+06   4.4736882e+01
   1.7668860e+06   5.1778470e+01
   1.7685010e+06   5.1172277e+01
   1.7694380e+06   4.5225799e+01
   1.7724560e+06   4.6961760e+01
   1.7736070e+06   4.4814181e+01
   1.7739510e+06   3.8777685e+01
   1.7742820e+06   3.6935540e+01
   1.7750570e+06   3.6273312e+01
   1.7851140e+06   5.9984351e+01
   1.7901060e+06   5.7117702e+01
   1.7985240e+06   4.3828850e+01
   1.8033070e+06   5.0625935e+01
   1.8038020e+06   4.8055828e+01
   1.8097080e+06   4.9747552e+01
   1.8100000e+06   4.3675338e+01
   1.8134350e+06   4.7319622e+01
   1.8137770e+06   4.1454227e+01
   1.8141090e+06   3.5024418e+01
   1.8144170e+06   4.9003654e+01
   1.8159000e+06   4.7494685e+01
   1.8224260e+06   4.0975854e+01
   1.8234460e+06   5.0781682e+01
   1.8237740e+06   5.4316787e+01
   1.8244020e+06   3.8320346e+01
   1.8308370e+06   4.4345306e+01
   1.8395140e+06   5.0030357e+01
   1.8492060e+06   6.4189679e+01
   1.8496770e+06   3.5048457e+01
   1.8501330e+06   4.3243465e+01
   1.8518640e+06   4.4888684e+01
   1.8559270e+06   5.4622393e+01
   1.8571070e+06   4.3976330e+01
   1.8573770e+06   4.2841015e+01
   1.8576000e+06   3.9061529e+01
   1.8579830e+06   4.5095792e+01
   1.8582120e+06   3.7219830e+01
   1.8671420e+06   3.6048666e+01
   1.8775360e+06   5.5111041e+01
   1.8829240e+06   5.3050185e+01
   1.8834370e+06   5.4029067e+01
   1.8847710e+06   5.2873766e+01
   1.8963740e+06   4.6518881e+01
   1.9042480e+06   5.0590638e+01
   1.9053110e+06   4.8869195e+01
   1.9058610e+06   4.8924130e+01
   1.9064140e+06   5.0217861e+01
   1.9078930e+06   4.6997711e+01
   1.9208650e+06   4.4912781e+01
   1.9212150e+06   3.9259704e+01
   1.9227690e+06   5.2847957e+01
   1.9263720e+06   4.9510635e+01
   1.9315850e+06   5.0525012e+01
   1.9374640e+06   3.8989167e+01
   1.9405470e+06   4.9157762e+01
   1.9415950e+06   3.9725990e+01
   1.9421030e+06   4.5721906e+01
   1.9452630e+06   4.7770770e+01
   1.9471960e+06   5.0603676e+01
   1.9549820e+06   5.2549558e+01
   1.9552470e+06   4.6557823e+01
   1.9574880e+06   4.2757725e+01
   1.9658660e+06   4.9189769e+01
   1.9678470e+06   4.0937677e+01
   1.9695270e+06   3.9705850e+01
   1.9760140e+06   5.6843308e+01
   1.9762900e+06   5.0266969e+01
   1.9774390e+06   3.5635606e+01
   1.9823470e+06   4.5876399e+01
   1.9824940e+06   4.7681871e+01
   1.9826430e+06   4.4409854e+01
   1.9827160e+06   3.5396509e+01
   1.9828930e+06   3.6187270e+01
   1.9851660e+06   3.6186778e+01
   1.9965110e+06   5.2394524e+01
   2.0019050e+06   4.3686502e+01
   2.0096950e+06   5.1533010e+01
   2.0130270e+06   4.0315426e+01
   2.0214650e+06   4.9524661e+01
   2.0318380e+06   5.2332126e+01
   2.0362330e+06   5.7010631e+01
   2.0368440e+06   3.9195600e+01
   2.0378640e+06   4.2436085e+01
   2.0428480e+06   4.0676417e+01
   2.0430820e+06   4.3720017e+01
   2.0433020e+06   3.5640740e+01
   2.0436680e+06   4.1370813e+01
   2.0438880e+06   4.2076689e+01
   2.0442360e+06   3.8600775e+01
   2.0448990e+06   3.8334115e+01
   2.0723910e+06   5.3284074e+01
   2.0726200e+06   4.5491419e+01
   2.0727630e+06   4.1061658e+01
   2.0729860e+06   3.8730064e+01
   2.0731750e+06   3.6935526e+01
   2.0833100e+06   5.2982147e+01
   2.0906410e+06   5.0218291e+01
   2.0942280e+06   4.0022208e+01
   2.0946520e+06   3.6774156e+01
   2.0965800e+06   3.8585038e+01
   2.1016410e+06   4.2617095e+01
   2.1061780e+06   3.6347721e+01
   2.1070790e+06   5.8909486e+01
   2.1093090e+06   5.2405101e+01
   2.1136210e+06   5.1736585e+01
   2.1140500e+06   4.5524859e+01
   2.1142740e+06   4.2445942e+01
   2.1145550e+06   4.2717052e+01
   2.1153760e+06   3.5261901e+01
   2.1159190e+06   3.6863131e+01
   2.1252100e+06   5.1148584e+01
   2.1255740e+06   4.0230144e+01
   2.1363380e+06   4.8695596e+01
   2.1383420e+06   4.1731061e+01
   2.1390950e+06   4.1069632e+01
   2.1404620e+06   4.6207835e+01
   2.1460730e+06   4.6297557e+01
   2.1466190e+06   4.2843109e+01
   2.1533390e+06   5.0748289e+01
   2.1582250e+06   5.0017961e+01
   2.1674760e+06   5.4009741e+01
   2.1705240e+06   4.7869240e+01
   2.1714150e+06   5.3344097e+01
   2.1736300e+06   3.5171817e+01
   2.1742880e+06   4.5793232e+01
   2.1746050e+06   4.2456065e+01
   2.1775060e+06   4.9595048e+01
   2.1777500e+06   3.8033654e+01
   2.1840980e+06   4.8741908e+01
   2.1844120e+06   4.8788214e+01
   2.1847120e+06   5.2827022e+01
   2.1880830e+06   4.4632187e+01
   2.1882300e+06   3.9258621e+01
   2.2089100e+06   5.4520827e+01
   2.2092290e+06   4.5746445e+01
   2.2152520e+06   5.2015980e+01
   2.2207460e+06   4.2581599e+01
   2.2273380e+06   5.0595512e+01
   2.2275710e+06   4.7186049e+01
   2.2277730e+06   3.9672719e+01
   2.2279390e+06   3.8130095e+01
   2.2282240e+06   3.5168877e+01
   2.2283550e+06   3.6829044e+01
   2.2458520e+06   3.5540457e+01
   2.2550150e+06   5.0283469e+01
   2.2638470e+06   5.4580215e+01
   2.2658250e+06   4.1212111e+01
   2.2671110e+06   4.6945176e+01
   2.2672730e+06   4.5179659e+01
   2.2678460e+06   4.9568560e+01
   2.2762040e+06   4.4695476e+01
   2.2772630e+06   4.6812717e+01
   2.2784120e+06   4.5945639e+01
   2.2789900e+06   4.6925136e+01
   2.2880650e+06   4.0865449e+01
   2.2903680e+06   3.9540663e+01
   2.2912310e+06   5.5916050e+01
   2.2968040e+06   4.0664003e+01
   2.2971760e+06   4.9198223e+01
   2.2979310e+06   4.1996433e+01
   2.3024310e+06   4.9402324e+01
   2.3028850e+06   4.7497912e+01
   2.3031230e+06   4.0322169e+01
   2.3032710e+06   4.1460933e+01
   2.3248870e+06   5.2811179e+01
   2.3304070e+06   4.9478391e+01
   2.3371740e+06   5.3519974e+01
   2.3374840e+06   4.4752293e+01
   2.3423840e+06   4.6325677e+01
   2.3526930e+06   5.3591261e+01
   2.3528390e+06   4.3126154e+01
   2.3534680e+06   4.9172963e+01
   2.3536230e+06   4.5723701e+01
   2.3537270e+06   4.3547997e+01
   2.3540210e+06   3.7884821e+01
   2.3544700e+06   3.6721459e+01
   2.3607650e+06   4.3698707e+01
   2.3669520e+06   5.8111867e+01
   2.3675790e+06   5.3356342e+01
   2.3751340e+06   6.1468595e+01
   2.3833820e+06   4.7517710e+01
   2.3835800e+06   4.0171002e+01
   2.3838230e+06   5.7207955e+01
   2.3840610e+06   3.5847181e+01
   2.3842670e+06   4.1666751e+01
   2.3853990e+06   4.3501128e+01
   2.3855790e+06   3.7922290e+01
   2.3861510e+06   4.3740866e+01
   2.4015140e+06   4.7853486e+01
   2.4057470e+06   4.8293515e+01
   2.4062140e+06   4.5488032e+01
   2.4064420e+06   5.2612384e+01
   2.4065860e+06   3.7138559e+01
   2.4066020e+06   3.8746108e+01
   2.4067440e+06   3.7119916e+01
   2.4180160e+06   4.6294673e+01
   2.4234690e+06   3.6266248e+01
   2.4245720e+06   5.1897915e+01
   2.4270860e+06   4.1690247e+01
   2.4330040e+06   4.6196909e+01
   2.4369360e+06   4.3769459e+01
   2.4380240e+06   5.1248334e+01
   2.4386130e+06   4.3977427e+01
   2.4431400e+06   5.6187315e+01
   2.4436910e+06   3.5283246e+01
   2.4508180e+06   5.7731880e+01
   2.4562970e+06   4.8886940e+01
   2.4610250e+06   3.8621101e+01
   2.4611260e+06   4.0377452e+01
   2.4614860e+06   4.4894076e+01
   2.4616010e+06   4.3293687e+01
   2.4619340e+06   3.5431390e+01
   2.4626330e+06   3.8626843e+01
   2.4629190e+06   3.8451598e+01
   2.4778480e+06   5.6609143e+01
   2.4837890e+06   4.6570018e+01
   2.4844070e+06   4.3004834e+01
   2.4888200e+06   5.3174205e+01
   2.4892720e+06   4.1974686e+01
   2.4931610e+06   4.2109415e+01
   2.5013020e+06   5.6558450e+01
   2.5062970e+06   5.1494062e+01
   2.5080700e+06   5.1622511e+01
   2.5088350e+06   4.5089579e+01
   2.5092600e+06   3.5200194e+01
   2.5094870e+06   4.1959909e+01
   2.5101760e+06   3.5310995e+01
   2.5108150e+06   3.7372857e+01
   2.5118680e+06   3.7727833e+01
   2.5208300e+06   6.0285189e+01
   2.5239410e+06   4.6227092e+01
   2.5244350e+06   4.1802550e+01
   2.5326560e+06   6.3559501e+01
   2.5452030e+06   5.3224680e+01
   2.5507520e+06   5.0692698e+01
   2.5516580e+06   5.0839020e+01
   2.5581220e+06   4.8137029e+01
   2.5598350e+06   4.1958959e+01
   2.5626480e+06   5.1165299e+01
   2.5652260e+06   4.6325859e+01
   2.5655660e+06   4.3481871e+01
   2.5658990e+06   4.4411615e+01
   2.5664840e+06   4.0929097e+01
   2.5667070e+06   3.8271393e+01
   2.5750280e+06   3.5314485e+01
   2.5766460e+06   5.1654714e+01
   2.5783990e+06   5.0209251e+01
   2.5823140e+06   4.5424053e+01
   2.5825320e+06   3.8894327e+01
   2.5826820e+06   3.5883276e+01
   2.5827960e+06   3.8302763e+01
   2.5829790e+06   4.1380484e+01
   2.5839210e+06   3.6777750e+01
   2.6018320e+06   4.9877566e+01
   2.6075070e+06   4.8899261e+01
   2.6095460e+06   4.6623543e+01
   2.6154690e+06   4.3129533e+01
   2.6193370e+06   4.4138563e+01
   2.6206760e+06   4.7404936e+01
   2.6277070e+06   5.4221502e+01
   2.6342640e+06   3.8603250e+01
   2.6346610e+06   6.1873795e+01
   2.6428480e+06   5.5971275e+01
   2.6435620e+06   4.2831595e+01
   2.6513360e+06   4.7364332e+01
   2.6517440e+06   4.7933643e+01
   2.6520120e+06   4.1203863e+01
   2.6567630e+06   3.4994238e+01
   2.6568200e+06   3.7197969e+01
   2.6571020e+06   4.2714153e+01
   2.6576770e+06   3.8084192e+01
   2.6652150e+06   5.2753726e+01
   2.6694540e+06   5.6011670e+01
   2.6761150e+06   4.4016337e+01
   2.6806450e+06   4.6577456e+01
   2.6811150e+06   4.2388484e+01
   2.6836880e+06   4.3750069e+01
   2.6838050e+06   4.4992157e+01
   2.6857210e+06   5.0644455e+01
   2.6945680e+06   4.7158324e+01
   2.6989480e+06   4.8022920e+01
   2.6991090e+06   4.8607188e+01
   2.6993300e+06   3.8043575e+01
   2.6994330e+06   3.6565028e+01
   2.7020770e+06   3.9220759e+01
   2.7248710e+06   4.7697652e+01
   2.7257800e+06   3.7030538e+01
   2.7266230e+06   4.3220747e+01
   2.7280020e+06   4.8659430e+01
   2.7313040e+06   4.2395037e+01
   2.7322280e+06   4.3965741e+01
   2.7325660e+06   4.1572267e+01
   2.7327780e+06   3.9459703e+01
   2.7330820e+06   4.1800467e+01
   2.7335140e+06   5.0014090e+01
   2.7338030e+06   3.6276180e+01
   2.7504900e+06   4.3232691e+01
   2.7632970e+06   4.0279823e+01
   2.7660210e+06   5.2244376e+01
   2.7682990e+06   4.4462530e+01
   2.7777280e+06   5.4781787e+01
   2.7818210e+06   4.5748905e+01
   2.7837230e+06   4.6016105e+01
   2.7849130e+06   5.2696168e+01
   2.7874530e+06   3.5192755e+01
   2.7879300e+06   4.7048473e+01
   2.7908000e+06   4.3876256e+01
   2.7946810e+06   4.8831619e+01
   2.7954970e+06   4.3751416e+01
   2.7967810e+06   5.1474363e+01
   2.7998550e+06   5.2799199e+01
   2.8003000e+06   4.6614073e+01
   2.8062730e+06   5.4016426e+01
   2.8126770e+06   5.1726105e+01
   2.8131110e+06   5.3265207e+01
   2.8142820e+06   4.0411581e+01
   2.8268130e+06   4.4239375e+01
   2.8289870e+06   4.8998636e+01
   2.8323970e+06   5.5312788e+01
   2.8401840e+06   5.1548796e+01
   2.8406830e+06   4.2941259e+01
   2.8409200e+06   3.9561154e+01
   2.8411090e+06   3.6499457e+01
   2.8412210e+06   3.4954138e+01
   2.8423280e+06   3.5886345e+01
   2.8444500e+06   4.2922516e+01
   2.8498680e+06   4.6047432e+01
   2.8549510e+06   5.1359638e+01
   2.8569420e+06   4.4280549e+01
   2.8604200e+06   5.9702437e+01
   2.8605260e+06   4.8419742e+01
   2.8609830e+06   3.8944926e+01
   2.8612190e+06   3.8282788e+01
   2.8788140e+06   4.6197263e+01
   2.8789230e+06   4.2963365e+01
   2.8871020e+06   5.3348451e+01
   2.8903480e+06   4.6245538e+01
   2.8909230e+06   5.6184504e+01
   2.8989090e+06   4.0010703e+01
   2.8992680e+06   4.4318511e+01
   2.8999540e+06   5.2750255e+01
   2.9002210e+06   3.8685747e+01
   2.9003060e+06   3.6952914e+01
   2.9008300e+06   3.8349010e+01
   2.9130630e+06   3.6188067e+01
   2.9174080e+06   4.3770496e+01
   2.9186720e+06   4.5067576e+01
   2.9198430e+06   5.3848603e+01
   2.9202120e+06   4.2994153e+01
   2.9226970e+06   4.0413158e+01
   2.9229160e+06   4.1735634e+01
   2.9230890e+06   3.8927125e+01
   2.9232320e+06   3.8033710e+01
   2.9238300e+06   3.7608200e+01
   2.9443070e+06   5.8891622e+01
   2.9490700e+06   5.1203850e+01
   2.9527030e+06   4.6210311e+01
   2.9625840e+06   5.0472794e+01
   2.9630630e+06   5.1362748e+01
   2.9694040e+06   5.4279990e+01
   2.9738690e+06   4.4182888e+01
   2.9770440e+06   5.2828654e+01
   2.9792180e+06   4.1213985e+01
   2.9861480e+06   4.3502789e+01
   2.9869090e+06   4.8334334e+01
   2.9900030e+06   4.2660490e+01
   2.9906220e+06   5.5249665e+01
   2.9994460e+06   4.7409776e+01
   2.9997980e+06   4.3426291e+01
   3.0016690e+06   3.9407805e+01
   3.0022680e+06   4.2452571e+01
   3.0063460e+06   4.7638945e+01
   3.0095660e+06   4.4042252e+01
   3.0099610e+06   4.3227105e+01
   3.0104160e+06   4.5741168e+01
   3.0106670e+06   4.7094130e+01
   3.0448720e+06   5.9916971e+01
   3.0526830e+06   4.1202698e+01
   3.0627000e+06   5.6652761e+01
   3.0631180e+06   5.0167811e+01
   3.0685860e+06   5.0177971e+01
   3.0688170e+06   4.3287724e+01
   3.0692030e+06   4.0134920e+01
   3.0755930e+06   4.7888973e+01
   3.0796020e+06   4.2458744e+01
   3.0845490e+06   3.7487661e+01
   3.0877270e+06   5.6564566e+01
   3.0917210e+06   5.0938401e+01
   3.0927170e+06   4.4979059e+01
   3.0928660e+06   3.6581412e+01
   3.0982010e+06   4.7306164e+01
   3.1001190e+06   4.0745464e+01
   3.1072290e+06   4.8428325e+01
   3.1092680e+06   4.9476333e+01
   3.1102280e+06   5.1153152e+01
   3.1113850e+06   5.4975588e+01
   3.1126180e+06   4.2500391e+01
   3.1202590e+06   4.5077918e+01
   3.1238630e+06   4.7310003e+01
   3.1273710e+06   3.9580502e+01
   3.1319230e+06   5.6793062e+01
   3.1326780e+06   4.0320799e+01
   3.1362140e+06   5.1642951e+01
   3.1371890e+06   5.2864356e+01
   3.1387150e+06   4.5797280e+01
   3.1400580e+06   4.5421516e+01
   3.1516500e+06   4.8063105e+01
   3.1525240e+06   4.9405970e+01
   3.1530560e+06   3.5398510e+01
   3.1530760e+06   3.7562688e+01
   3.1533470e+06   3.5419072e+01
   3.1573810e+06   3.6141553e+01
   3.1574780e+06   4.4331913e+01
   3.1581780e+06   3.6418153e+01
   3.1583530e+06   4.1369972e+01
   3.1585800e+06   4.0943759e+01
   3.1817650e+06   5.6988197e+01
   3.1894520e+06   3.9097821e+01
   3.1896370e+06   4.7679156e+01
   3.1898590e+06   3.5378140e+01
   3.1899490e+06   4.8347341e+01
   3.1900770e+06   3.9355981e+01
   3.1905460e+06   3.8126299e+01
   3.1919550e+06   4.4066498e+01
   3.1922700e+06   3.9973881e+01
   3.1928290e+06   3.7242037e+01
   3.1936250e+06   4.2016585e+01
   3.1938600e+06   3.6053767e+01
   3.1943120e+06   3.5304481e+01
   3.2058580e+06   4.5851581e+01
   3.2062100e+06   4.0365133e+01
   3.2228330e+06   5.7571923e+01
   3.2287890e+06   5.3765780e+01
   3.2294150e+06   4.9021252e+01
   3.2316290e+06   4.3255095e+01
   3.2318150e+06   4.3513820e+01
   3.2319000e+06   3.9503519e+01
   3.2320180e+06   3.8409892e+01
   3.2321190e+06   3.6231999e+01
   3.2324400e+06   3.6976584e+01
   3.2324760e+06   3.7506848e+01
   3.2519070e+06   5.2389365e+01
   3.2635860e+06   6.0796194e+01
   3.2642230e+06   4.3391884e+01
   3.2644120e+06   3.9955658e+01
   3.2660030e+06   3.9883713e+01
   3.2752550e+06   5.4025000e+01
   3.2823850e+06   4.6576674e+01
   3.2862920e+06   4.7788029e+01
   3.2896560e+06   4.6253990e+01
   3.2901890e+06   4.4193266e+01
   3.2902540e+06   3.8259222e+01
   3.2974740e+06   4.7221170e+01
   3.2980690e+06   4.0910260e+01
   3.3068680e+06   5.2701845e+01
   3.3081780e+06   4.0890089e+01
   3.3089520e+06   3.9328338e+01
   3.3195610e+06   5.4646757e+01
   3.3242940e+06   5.2259449e+01
   3.3249050e+06   5.0159209e+01
   3.3301520e+06   4.8872810e+01
   3.3310740e+06   4.5156887e+01
   3.3346330e+06   4.9398142e+01
   3.3355670e+06   3.5442428e+01
   3.3376420e+06   4.6977004e+01
   3.3408560e+06   5.1360348e+01
   3.3410790e+06   4.7920300e+01
   3.3411860e+06   3.8192985e+01
   3.3414740e+06   3.6786528e+01
   3.3428640e+06   3.5155154e+01
   3.3445590e+06   3.5507357e+01
   3.3617410e+06   4.5973696e+01
   3.3636510e+06   4.8294458e+01
   3.3645160e+06   4.2346192e+01
   3.3650530e+06   3.9624156e+01
   3.3726640e+06   5.2167088e+01
   3.3730480e+06   3.9822395e+01
   3.3732260e+06   5.0475681e+01
   3.3733530e+06   3.8153053e+01
   3.3734760e+06   3.5584343e+01
   3.3737030e+06   4.2983195e+01
   3.3744640e+06   3.5492818e+01
   3.3746900e+06   3.8161032e+01
   3.3877280e+06   3.5688264e+01
   3.3915640e+06   4.3215928e+01
   3.3985700e+06   4.9228377e+01
   3.3987660e+06   4.7804912e+01
   3.3989610e+06   4.4967384e+01
   3.3990780e+06   3.7993478e+01
   3.4073320e+06   4.3321954e+01
   3.4151570e+06   4.6620930e+01
   3.4156830e+06   4.0230394e+01
   3.4196180e+06   5.5013208e+01
   3.4286870e+06   5.5336640e+01
   3.4314920e+06   4.9653244e+01
   3.4329300e+06   4.8287642e+01
   3.4339130e+06   3.9519870e+01
   3.4374730e+06   4.9163609e+01
   3.4486030e+06   5.7061298e+01
   3.4490040e+06   4.5538207e+01
   3.4549770e+06   5.1736713e+01
   3.4555560e+06   5.0190511e+01
   3.4588230e+06   3.6141388e+01
   3.4603140e+06   4.4200218e+01
   3.4605870e+06   3.9304366e+01
   3.4606550e+06   5.0126909e+01
   3.4607280e+06   3.6675266e+01
   3.4610540e+06   3.9356696e+01
   3.4823680e+06   4.6071632e+01
   3.4840620e+06   4.8947553e+01
   3.4888080e+06   5.0091544e+01
   3.4903510e+06   5.2581908e+01
   3.4939890e+06   5.2207934e+01
   3.4953540e+06   5.0107269e+01
   3.4959260e+06   4.2821121e+01
   3.4963880e+06   4.2261803e+01
   3.4966950e+06   3.7297282e+01
   3.4973970e+06   3.8670300e+01
   3.4978000e+06   3.7926016e+01
   3.4981080e+06   3.6524714e+01
   3.5110700e+06   4.6222206e+01
   3.5235570e+06   5.6037965e+01
   3.5245580e+06   4.3903645e+01
   3.5249790e+06   4.6584216e+01
   3.5260750e+06   3.8787591e+01
   3.5334150e+06   5.3397226e+01
   3.5377880e+06   4.6757095e+01
   3.5392030e+06   4.5448765e+01
   3.5432240e+06   5.9065231e+01
   3.5436380e+06   3.9618206e+01
   3.5444890e+06   5.3066453e+01
   3.5460280e+06   3.5374639e+01
   3.5556530e+06   4.0840011e+01
   3.5560990e+06   4.5640342e+01
   3.5571810e+06   4.4385229e+01
   3.5576260e+06   4.2867471e+01
   3.5584400e+06   4.3157262e+01
   3.5587730e+06   3.9901856e+01
   3.5599930e+06   4.6190578e+01
   3.5694930e+06   4.7511858e+01
   3.5766940e+06   4.3578391e+01
   3.5784570e+06   3.9577091e+01
   3.5788150e+06   4.8179567e+01
   3.5791750e+06   4.3040857e+01
   3.5897180e+06   4.1317829e+01
   3.5904520e+06   4.6195028e+01
   3.5924630e+06   4.7064223e+01
   3.5931080e+06   4.6122318e+01
   3.5935870e+06   4.2264721e+01
   3.5953930e+06   4.1659734e+01
   3.6071660e+06   5.1046243e+01
   3.6123610e+06   4.7406495e+01
   3.6127070e+06   3.7306073e+01
   3.6237810e+06   4.4064289e+01
   3.6240670e+06   4.4125172e+01
   3.6242230e+06   4.4442660e+01
   3.6280820e+06   5.6496856e+01
   3.6331100e+06   4.9476547e+01
   3.6334990e+06   5.2468562e+01
   3.6392300e+06   4.5491743e+01
   3.6394030e+06   4.0789974e+01
   3.6396840e+06   3.7837751e+01
   3.6401090e+06   3.4900654e+01
   3.6447210e+06   4.3542384e+01
   3.6449850e+06   4.1513730e+01
   3.6450670e+06   3.7668697e+01
   3.6567000e+06   3.4866349e+01
   3.6635440e+06   5.0093366e+01
   3.6705410e+06   5.0342722e+01
   3.6709570e+06   4.0813906e+01
   3.6761930e+06   4.7037044e+01
   3.6785870e+06   5.2782362e+01
   3.6787600e+06   5.0266540e+01
   3.6793450e+06   4.3897553e+01
   3.6909160e+06   4.3018861e+01
   3.6927510e+06   4.4765549e+01
   3.6985780e+06   4.4888890e+01
   3.7025530e+06   4.8613301e+01
   3.7037640e+06   5.0930440e+01
   3.7085730e+06   3.8771302e+01
   3.7093970e+06   4.5846919e+01
   3.7116000e+06   4.6316448e+01
   3.7163460e+06   4.7061009e+01
   3.7194610e+06   3.5034810e+01
   3.7218030e+06   4.8778477e+01
   3.7240190e+06   5.3377980e+01
   3.7249660e+06   4.8284192e+01
   3.7269280e+06   4.4965764e+01
   3.7274890e+06   5.3213946e+01
   3.7285880e+06   4.9962261e+01
   3.7344420e+06   3.9414496e+01
   3.7384700e+06   4.7264107e+01
   3.7389390e+06   4.6711845e+01
   3.7403100e+06   4.7784987e+01
   3.7415730e+06   4.1223589e+01
   3.7502410e+06   5.1249574e+01
   3.7510310e+06   4.6307324e+01
   3.7541470e+06   3.7907651e+01
   3.7555190e+06   4.0647979e+01
   3.7587620e+06   4.3350814e+01
   3.7658510e+06   3.7058716e+01
   3.7658610e+06   4.2240562e+01
   3.7693810e+06   4.1133866e+01
   3.7699610e+06   4.8975746e+01
   3.7735940e+06   4.8340876e+01
   3.7777150e+06   4.9670155e+01
   3.7798760e+06   3.6418298e+01
   3.7829000e+06   4.4034567e+01
   3.7844290e+06   5.3484971e+01
   3.7845380e+06   4.0140494e+01
   3.7848240e+06   3.8186089e+01
   3.7849220e+06   3.6509060e+01
   3.7851460e+06   3.9399725e+01
   3.7852990e+06   3.5139130e+01
   3.7855720e+06   3.6278551e+01
   3.7967440e+06   6.2140886e+01
   3.8027940e+06   4.6333121e+01
   3.8092780e+06   4.8406908e+01
   3.8157500e+06   4.8245166e+01
   3.8163470e+06   4.1428276e+01
   3.8166470e+06   3.9686822e+01
   3.8167670e+06   5.3096053e+01
   3.8170620e+06   3.8458468e+01
   3.8173220e+06   3.5164385e+01
   3.8178230e+06   3.5350117e+01
   3.8301010e+06   5.1094272e+01
   3.8304880e+06   4.1072764e+01
   3.8380860e+06   5.3000843e+01
   3.8401810e+06   4.8579291e+01
   3.8430390e+06   4.5899016e+01
   3.8493620e+06   4.8733833e+01
   3.8500350e+06   4.2506479e+01
   3.8518450e+06   3.7572024e+01
   3.8624920e+06   5.5094844e+01
   3.8686230e+06   5.8035308e+01
   3.8688650e+06   4.2503752e+01
   3.8740970e+06   6.0326195e+01
   3.8747780e+06   5.0031915e+01
   3.8860470e+06   5.1722116e+01
   3.8877400e+06   5.0543410e+01
   3.8883900e+06   4.6256322e+01
   3.8888440e+06   4.0678173e+01
   3.8994030e+06   4.7162028e+01
   3.9005090e+06   4.8408376e+01
   3.9008750e+06   4.3178866e+01
   3.9011100e+06   4.9483995e+01
   3.9014400e+06   3.6172610e+01
   3.9061820e+06   4.6986839e+01
   3.9103540e+06   4.7256202e+01
   3.9132720e+06   4.7683178e+01
   3.9178990e+06   5.3427136e+01
   3.9216190e+06   4.6882908e+01
   3.9329000e+06   4.2658468e+01
   3.9332780e+06   5.1868503e+01
   3.9335940e+06   4.6149319e+01
   3.9365790e+06   4.7962946e+01
   3.9454450e+06   5.3831495e+01
   3.9458570e+06   4.6539392e+01
   3.9464960e+06   3.7267021e+01
   3.9467820e+06   3.6191843e+01
   3.9499240e+06   4.6903064e+01
   3.9530250e+06   4.6935488e+01
   3.9531790e+06   3.5807094e+01
   3.9540100e+06   3.9415050e+01
   3.9575460e+06   4.0367294e+01
   3.9613980e+06   5.6595847e+01
   3.9620930e+06   4.0645155e+01
   3.9627840e+06   3.5289184e+01
   3.9700000e+06   4.6416624e+01
   3.9711420e+06   4.4428327e+01
   3.9745010e+06   4.4217590e+01
   3.9747610e+06   4.2360192e+01
   3.9749810e+06   3.8305938e+01
   3.9751350e+06   3.6725330e+01
   3.9754790e+06   3.6318603e+01
   3.9772940e+06   4.4042069e+01
   3.9829860e+06   3.9283668e+01
   3.9932400e+06   4.6721779e+01
   3.9960030e+06   5.3586460e+01
   3.9992180e+06   3.6505414e+01
   4.0055610e+06   4.7613560e+01
   4.0121840e+06   5.3163322e+01
   4.0158980e+06   5.0191513e+01
   4.0168610e+06   4.9864679e+01
   4.0172850e+06   5.4426712e+01
   4.0178330e+06   4.6834600e+01
   4.0246630e+06   5.2366787e+01
   4.0248590e+06   4.3653458e+01
   4.0347820e+06   3.5811576e+01
   4.0348120e+06   5.6891569e+01
   4.0350280e+06   3.6749894e+01
   4.0353420e+06   3.7384422e+01
   4.0354700e+06   3.4905693e+01
   4.0360540e+06   3.6135447e+01
   4.0566780e+06   4.8366941e+01
   4.0574110e+06   5.1694994e+01
   4.0596650e+06   5.2070422e+01
   4.0603370e+06   4.6498933e+01
   4.0682060e+06   5.6195326e+01
   4.0690300e+06   5.6260114e+01
   4.0692880e+06   4.7620308e+01
   4.0736600e+06   5.3495893e+01
   4.0783930e+06   4.0705721e+01
   4.0846690e+06   5.6662012e+01
   4.0852310e+06   5.5131692e+01
   4.0881170e+06   4.3129276e+01
   4.0932390e+06   3.9948671e+01
   4.0990030e+06   4.1348274e+01
   4.0994760e+06   4.3861906e+01
   4.1043520e+06   4.4799385e+01
   4.1055880e+06   3.7246937e+01
   4.1064670e+06   5.6528919e+01
   4.1068070e+06   3.9786938e+01
   4.1097860e+06   4.9637027e+01
   4.1179310e+06   4.7650928e+01
   4.1183860e+06   4.6732104e+01
   4.1188430e+06   3.6270896e+01
   4.1190450e+06   3.5851516e+01
   4.1191810e+06   3.6311807e+01
   4.1196800e+06   4.6531302e+01
   4.1296700e+06   4.7230548e+01
   4.1344460e+06   4.8089260e+01
   4.1377080e+06   5.3822151e+01
   4.1378790e+06   4.1081622e+01
   4.1380460e+06   3.8889477e+01
   4.1382890e+06   3.5044494e+01
   4.1384870e+06   3.6894143e+01
   4.1594670e+06   5.5675217e+01
   4.1598720e+06   3.6754155e+01
   4.1602460e+06   4.0900657e+01
   4.1737070e+06   5.2991373e+01
   4.1742890e+06   4.5470065e+01
   4.1746450e+06   3.9519582e+01
   4.1842460e+06   5.3240487e+01
   4.1857990e+06   4.4741821e+01
   4.1859180e+06   4.8566238e+01
   4.1889280e+06   4.3637510e+01
   4.1951810e+06   4.0502476e+01
   4.1991280e+06   5.8042155e+01
   4.1995240e+06   3.6935356e+01
   4.2055210e+06   4.4346641e+01
   4.2061170e+06   5.0193786e+01
   4.2065120e+06   3.6854612e+01
   4.2069190e+06   4.0049068e+01
   4.2140110e+06   4.6532610e+01
   4.2146670e+06   5.4908347e+01
   4.2170960e+06   4.4665267e+01
   4.2173880e+06   3.5094549e+01
   4.2177220e+06   4.9853296e+01
   4.2179290e+06   3.6585503e+01
   4.2200480e+06   3.7441866e+01
   4.2326570e+06   4.8229306e+01
   4.2330170e+06   4.9992522e+01
   4.2392050e+06   5.5142053e+01
   4.2420180e+06   5.0873059e+01
   4.2542780e+06   5.3118162e+01
   4.2546280e+06   5.4899380e+01
   4.2569140e+06   5.0719039e+01
   4.2578270e+06   4.2330516e+01
   4.2648900e+06   5.9627951e+01
   4.2673730e+06   3.6293400e+01
   4.2681200e+06   4.1245540e+01
   4.2770470e+06   4.8434570e+01
   4.2786290e+06   5.3983334e+01
   4.2798540e+06   5.1274005e+01
   4.2800280e+06   4.5296697e+01
   4.2827000e+06   5.3459445e+01
   4.2892020e+06   5.0735345e+01
   4.2918350e+06   4.5432722e+01
   4.2991230e+06   5.2103322e+01
   4.2999200e+06   4.9473070e+01
   4.3036890e+06   5.3637561e+01
   4.3082030e+06   5.1547150e+01
   4.3097540e+06   3.9893050e+01
   4.3117350e+06   4.4536693e+01
   4.3221940e+06   4.8624096e+01
   4.3276880e+06   5.0347346e+01
   4.3305810e+06   4.4338930e+01
   4.3308550e+06   4.2526029e+01
   4.3311390e+06   4.4169298e+01
   4.3321810e+06   3.9706679e+01
   4.3419090e+06   5.6593285e+01
   4.3437940e+06   5.2016307e+01
   4.3495960e+06   4.8132033e+01
   4.3531410e+06   5.4056343e+01
   4.3532480e+06   4.4002220e+01
   4.3533550e+06   3.5966322e+01
   4.3535360e+06   3.9297513e+01
   4.3610350e+06   5.4993763e+01
   4.3698490e+06   5.0323366e+01
   4.3713440e+06   4.1881321e+01
   4.3715070e+06   4.2653999e+01
   4.3825910e+06   4.8279633e+01
   4.3917000e+06   3.8510185e+01
   4.3921990e+06   5.1209620e+01
   4.3923780e+06   4.3437131e+01
   4.3925450e+06   3.5541848e+01
   4.4016540e+06   4.3600708e+01
   4.4090070e+06   4.6633253e+01
   4.4184410e+06   5.0762037e+01
   4.4188760e+06   4.1834812e+01
   4.4288350e+06   4.0268111e+01
   4.4290790e+06   5.2168961e+01
   4.4292300e+06   3.8704914e+01
   4.4294730e+06   5.3309085e+01
   4.4299220e+06   3.8590284e+01
   4.4439130e+06   5.2620393e+01
   4.4444050e+06   4.3690035e+01
   4.4533780e+06   4.3078134e+01
   4.4537310e+06   4.2874115e+01
   4.4572820e+06   4.6470179e+01
   4.4581740e+06   5.5032297e+01
   4.4733460e+06   4.8601269e+01
   4.4735910e+06   3.8432567e+01
   4.4738370e+06   3.9384329e+01
   4.4739300e+06   3.5406184e+01
   4.4740770e+06   3.9435732e+01
   4.4743990e+06   3.6877454e+01
   4.4745290e+06   3.6141284e+01
   4.4746390e+06   3.8441123e+01
   4.4934310e+06   3.9208156e+01
   4.4937210e+06   4.6773824e+01
   4.4942670e+06   4.2263263e+01
   4.5035600e+06   4.8619016e+01
   4.5137920e+06   5.0781149e+01
   4.5178800e+06   4.3373292e+01
   4.5278710e+06   4.2926545e+01
   4.5285100e+06   5.6041973e+01
   4.5286630e+06   4.6092001e+01
   4.5300910e+06   4.5884222e+01
   4.5400170e+06   5.4673640e+01
   4.5425470e+06   5.2555019e+01
   4.5426640e+06   4.2966679e+01
   4.5428010e+06   4.9896520e+01
   4.5429490e+06   4.2455443e+01
   4.5430430e+06   3.6806288e+01
   4.5432250e+06   3.6643588e+01
   4.5600650e+06   4.7481438e+01
   4.5662420e+06   4.2732813e+01
   4.5761950e+06   5.0195342e+01
   4.5919620e+06   5.1658814e+01
   4.5995620e+06   5.6560128e+01
   4.6056560e+06   5.8390301e+01
   4.6089850e+06   4.2464080e+01
   4.6093110e+06   4.9539465e+01
   4.6098650e+06   5.1034142e+01
   4.6102750e+06   3.7081130e+01
   4.6104710e+06   4.2088742e+01
   4.6187750e+06   5.3922791e+01
   4.6196740e+06   3.9360569e+01
   4.6218630e+06   4.4001919e+01
   4.6226200e+06   4.5186560e+01
   4.6321970e+06   5.2060173e+01
   4.6324610e+06   4.6546292e+01
   4.6362340e+06   5.8204120e+01
   4.6406300e+06   4.4883177e+01
   4.6410670e+06   4.4942863e+01
   4.6497620e+06   5.5140980e+01
   4.6532670e+06   3.4831844e+01
   4.6550470e+06   5.2647914e+01
   4.6566680e+06   4.8815116e+01
   4.6597300e+06   5.3831519e+01
   4.6651220e+06   4.7678496e+01
   4.6653020e+06   3.8303809e+01
   4.6654490e+06   3.6412068e+01
   4.6655580e+06   4.0527916e+01
   4.6790180e+06   5.9102582e+01
   4.6902110e+06   4.5957950e+01
   4.6959870e+06   4.2805553e+01
   4.7021780e+06   5.0724230e+01
   4.7163240e+06   6.1097662e+01
   4.7192100e+06   4.8725698e+01
   4.7212990e+06   3.9547894e+01
   4.7219260e+06   4.0286710e+01
   4.7264650e+06   4.9682719e+01
   4.7356900e+06   4.4589731e+01
   4.7376770e+06   5.0508315e+01
   4.7380760e+06   4.4097683e+01
   4.7446540e+06   4.6922899e+01
   4.7468840e+06   3.9640297e+01
   4.7479990e+06   5.0664733e+01
   4.7562710e+06   4.9900977e+01
   4.7564550e+06   4.3698824e+01
   4.7565230e+06   3.9689798e+01
   4.7566770e+06   4.6725552e+01
   4.7570280e+06   3.9977715e+01
   4.7573570e+06   3.5169901e+01
   4.7593010e+06   3.9765372e+01
   4.7760850e+06   5.1718965e+01
   4.7767110e+06   4.4116064e+01
   4.7779890e+06   4.4247828e+01
   4.7782820e+06   4.2571969e+01
   4.7824800e+06   4.4877088e+01
   4.7851830e+06   3.7762218e+01
   4.7872290e+06   4.3691823e+01
   4.7878710e+06   3.9549806e+01
   4.7879530e+06   3.5397551e+01
   4.7885260e+06   4.3317777e+01
   4.7890490e+06   4.2790991e+01
   4.7967970e+06   4.5486504e+01
   4.8009340e+06   3.7200365e+01
   4.8010160e+06   4.3337033e+01
   4.8015320e+06   4.1866813e+01
   4.8069530e+06   4.3990492e+01
   4.8149550e+06   4.4070705e+01
   4.8158820e+06   4.6811825e+01
   4.8221470e+06   3.8966118e+01
   4.8226880e+06   4.8285478e+01
   4.8253450e+06   4.8932588e+01
   4.8350620e+06   5.0348049e+01
   4.8354230e+06   4.4006885e+01
   4.8369740e+06   4.6755488e+01
   4.8377430e+06   4.0069531e+01
   4.8495140e+06   5.3076451e+01
   4.8502310e+06   4.8698172e+01
   4.8516300e+06   4.7888608e+01
   4.8519710e+06   4.2411455e+01
   4.8588960e+06   5.2922665e+01
   4.8663370e+06   5.0751941e+01
   4.8664510e+06   4.1501124e+01
   4.8664800e+06   3.4927254e+01
   4.8666820e+06   3.8404341e+01
   4.8672840e+06   3.6677096e+01
   4.8860630e+06   4.4210452e+01
   4.8956140e+06   4.4984136e+01
   4.8969040e+06   4.9362925e+01
   4.8973090e+06   4.4131159e+01
   4.9064560e+06   5.1355416e+01
   4.9066260e+06   4.6110861e+01
   4.9075240e+06   3.8187518e+01
   4.9077540e+06   4.3629472e+01
   4.9083370e+06   3.9224135e+01
   4.9181670e+06   5.4729448e+01
   4.9194520e+06   5.2382366e+01
   4.9233670e+06   5.2387609e+01
   4.9316200e+06   5.1069230e+01
   4.9367180e+06   4.6768574e+01
   4.9381420e+06   4.5733524e+01
   4.9409330e+06   5.1542545e+01
   4.9429560e+06   4.5138614e+01
   4.9469110e+06   5.0579294e+01
   4.9602640e+06   5.1991258e+01
   4.9660580e+06   4.7288606e+01
   4.9689040e+06   4.4309203e+01
   4.9690130e+06   4.7259628e+01
   4.9691570e+06   3.7129265e+01
   4.9697820e+06   3.7966419e+01
   4.9899800e+06   5.8984626e+01
   4.9938230e+06   4.9523870e+01
   4.9963550e+06   3.4943301e+01
   4.9990110e+06   4.9769985e+01
   4.9992690e+06   4.6486890e+01
   5.0034630e+06   4.3091770e+01
   5.0106250e+06   4.8763248e+01
   5.0108610e+06   4.8977560e+01
   5.0112190e+06   4.9472430e+01
   5.0116100e+06   3.9887235e+01
   5.0156460e+06   4.1706836e+01
   5.0207040e+06   4.8863933e+01
   5.0251130e+06   4.7770377e+01
   5.0259610e+06   3.9550140e+01
   5.0261460e+06   3.8288050e+01
   5.0263440e+06   4.1084403e+01
   5.0267130e+06   3.7828850e+01
   5.0269660e+06   3.8281430e+01
   5.0358220e+06   4.0466465e+01
   5.0384110e+06   4.0899375e+01
   5.0445930e+06   4.3619897e+01
   5.0487330e+06   5.5779609e+01
   5.0525610e+06   4.8771071e+01
   5.0634210e+06   5.4534117e+01
   5.0638170e+06   4.1783513e+01
   5.0646070e+06   4.7927210e+01
   5.0648250e+06   4.3587816e+01
   5.0660240e+06   4.0623441e+01
   5.0674500e+06   4.4008026e+01
   5.0680430e+06   4.0270283e+01
   5.0681710e+06   4.1075900e+01
   5.0683470e+06   3.8954268e+01
   5.0684730e+06   4.0584715e+01
   5.0686820e+06   3.5982002e+01
   5.0879630e+06   4.5359139e+01
   5.0979690e+06   4.6735581e+01
   5.0980450e+06   4.5110546e+01
   5.1128410e+06   5.4862507e+01
   5.1135020e+06   3.8698670e+01
   5.1172790e+06   4.3012359e+01
   5.1204270e+06   3.7566640e+01
   5.1222340e+06   4.3308955e+01
   5.1265380e+06   4.4479423e+01
   5.1309720e+06   4.3553211e+01
   5.1314780e+06   4.7463886e+01
   5.1341710e+06   5.3054426e+01
   5.1350130e+06   4.8546241e+01
   5.1354980e+06   5.2901550e+01
   5.1366260e+06   4.0899929e+01
   5.1416450e+06   4.0192430e+01
   5.1461340e+06   5.0477073e+01
   5.1470420e+06   4.2178501e+01
   5.1491310e+06   4.2391230e+01
   5.1497330e+06   4.4276824e+01
   5.1529200e+06   3.5376822e+01
   5.1541750e+06   4.1234505e+01
   5.1597440e+06   4.0593913e+01
   5.1614900e+06   3.4979157e+01
   5.1617440e+06   4.0790082e+01
   5.1635640e+06   4.7824166e+01
   5.1727000e+06   5.0231181e+01
   5.1811040e+06   3.8591208e+01
   5.1812430e+06   4.9271160e+01
   5.1817470e+06   4.3927588e+01
   5.1822300e+06   3.7739965e+01
   5.1828390e+06   4.3486181e+01
   5.1832890e+06   4.5140569e+01
   5.1834320e+06   3.6650321e+01
   5.1839540e+06   3.8690122e+01
   5.1846810e+06   3.8910219e+01
   5.1855810e+06   3.6429303e+01
   5.2040610e+06   4.1623856e+01
   5.2143790e+06   5.6771228e+01
   5.2167350e+06   4.4472380e+01
   5.2174150e+06   3.7250959e+01
   5.2228240e+06   4.1251463e+01
   5.2253730e+06   6.0058083e+01
   5.2288010e+06   4.0268867e+01
   5.2292880e+06   5.2459873e+01
   5.2305000e+06   4.4721136e+01
   5.2360090e+06   3.8745565e+01
   5.2449160e+06   4.9554937e+01
   5.2473030e+06   5.5546980e+01
   5.2484670e+06   4.2990402e+01
   5.2519980e+06   4.2152986e+01
   5.2528090e+06   4.1823691e+01
   5.2738210e+06   4.6098819e+01
   5.2773060e+06   5.5337105e+01
   5.2837840e+06   5.2700312e+01
   5.2843440e+06   5.1064086e+01
   5.2850540e+06   4.0292090e+01
   5.2856380e+06   4.5129821e+01
   5.2860080e+06   3.8938616e+01
   5.2860910e+06   4.0005187e+01
   5.2863450e+06   3.5742546e+01
   5.2864550e+06   3.9729158e+01
   5.2884540e+06   3.9702924e+01
   5.2980070e+06   4.8357504e+01
   5.3047380e+06   4.7867459e+01
   5.3095130e+06   5.2483857e+01
   5.3098240e+06   4.6138705e+01
   5.3106940e+06   4.9834821e+01
   5.3205510e+06   4.8127518e+01
   5.3209230e+06   4.0152520e+01
   5.3292760e+06   4.7067338e+01
   5.3333380e+06   4.8406957e+01
   5.3350660e+06   4.3742435e+01
   5.3367530e+06   4.5281065e+01
   5.3370720e+06   4.6244399e+01
   5.3384970e+06   4.1117903e+01
   5.3425130e+06   5.2244658e+01
   5.3482840e+06   3.8458535e+01
   5.3613640e+06   5.8587118e+01
   5.3619110e+06   6.1876875e+01
   5.3620250e+06   4.4261712e+01
   5.3621920e+06   4.4971817e+01
   5.3623300e+06   4.4145306e+01
   5.3625740e+06   3.5816672e+01
   5.3640490e+06   3.8030509e+01
   5.3653130e+06   3.6782972e+01
   5.3758030e+06   4.8774664e+01
   5.3809450e+06   4.9691773e+01
   5.3819230e+06   4.3707132e+01
   5.3917900e+06   5.4902585e+01
   5.3925140e+06   5.1400248e+01
   5.3979130e+06   4.9118358e+01
   5.4004390e+06   4.7678918e+01
   5.4073790e+06   5.4398352e+01
   5.4157140e+06   5.8225378e+01
   5.4165020e+06   4.3325228e+01
   5.4180650e+06   3.6726791e+01
   5.4186170e+06   5.1080463e+01
   5.4243930e+06   4.9606121e+01
   5.4250870e+06   4.1876615e+01
   5.4394390e+06   4.9947988e+01
   5.4422300e+06   4.1678354e+01
   5.4465100e+06   5.2736836e+01
   5.4513800e+06   5.2319131e+01
   5.4547850e+06   4.8347025e+01
   5.4550940e+06   4.3067492e+01
   5.4554580e+06   4.3860448e+01
   5.4556880e+06   3.6265288e+01
   5.4558460e+06   3.4836255e+01
   5.4609280e+06   4.4921939e+01
   5.4610650e+06   3.6847143e+01
   5.4613090e+06   3.6572084e+01
   5.4614520e+06   4.1143215e+01
   5.4615710e+06   4.2335899e+01
   5.4801330e+06   4.8223422e+01
   5.4836080e+06   4.8133061e+01
   5.4867410e+06   3.9751859e+01
   5.4999230e+06   4.6268458e+01
   5.5004860e+06   4.2010284e+01
   5.5062430e+06   5.2310829e+01
   5.5121730e+06   4.1693760e+01
   5.5165160e+06   4.4517229e+01
   5.5177950e+06   4.2850047e+01
   5.5179520e+06   4.4645089e+01
   5.5181600e+06   4.7028095e+01
   5.5186980e+06   5.1293933e+01
   5.5190030e+06   4.1425279e+01
   5.5266700e+06   5.4520595e+01
   5.5277060e+06   4.1035691e+01
   5.5338080e+06   5.8519054e+01
   5.5395810e+06   3.6755205e+01
   5.5404330e+06   4.8551142e+01
   5.5481880e+06   5.7580964e+01
   5.5488050e+06   5.5841362e+01
   5.5502300e+06   3.5825722e+01
   5.5531950e+06   5.3016252e+01
   5.5532610e+06   3.9207886e+01
   5.5565300e+06   4.3789810e+01
   5.5571760e+06   4.4352049e+01
   5.5615720e+06   3.8516045e+01
   5.5643020e+06   5.4165364e+01
   5.5651740e+06   3.5224307e+01
   5.5715680e+06   4.9844524e+01
   5.5719840e+06   4.5436896e+01
   5.5726760e+06   4.6279301e+01
   5.5731720e+06   3.5453473e+01
   5.5797460e+06   3.4923224e+01
   5.5811290e+06   4.3703003e+01
   5.5845680e+06   4.2334051e+01
   5.5855110e+06   5.4175219e+01
   5.5867600e+06   3.8996143e+01
   5.5869890e+06   4.5338865e+01
   5.5871280e+06   4.3958040e+01
   5.5872890e+06   3.6398462e+01
   5.6014800e+06   4.5772144e+01
   5.6077500e+06   5.6120870e+01
   5.6138980e+06   4.7962610e+01
   5.6194530e+06   4.2229678e+01
   5.6262910e+06   4.5750802e+01
   5.6275880e+06   4.4975094e+01
   5.6298410e+06   5.2219461e+01
   5.6299220e+06   4.6117067e+01
   5.6299990e+06   3.7469914e+01
   5.6301950e+06   3.7339829e+01
   5.6303170e+06   3.5181361e+01
   5.6304870e+06   3.9817490e+01
   5.6305670e+06   4.3352769e+01
   5.6471700e+06   3.8533601e+01
   5.6506590e+06   4.8189729e+01
   5.6514100e+06   4.5477848e+01
   5.6573490e+06   5.0141702e+01
   5.6614300e+06   4.7313513e+01
   5.6679640e+06   5.3614025e+01
   5.6780050e+06   4.4809702e+01
   5.6800290e+06   5.7264028e+01
   5.6804130e+06   4.2567867e+01
   5.6817580e+06   4.5297192e+01
   5.6827510e+06   5.3368215e+01
   5.6833660e+06   3.8782372e+01
   5.6993760e+06   5.2917334e+01
   5.7042120e+06   5.4384739e+01
   5.7079320e+06   4.6192874e+01
   5.7136340e+06   4.3928636e+01
   5.7160660e+06   3.8604247e+01
   5.7162260e+06   3.9458958e+01
   5.7163090e+06   4.6384270e+01
   5.7181280e+06   4.6218864e+01
   5.7244690e+06   3.5502421e+01
   5.7247610e+06   4.4476891e+01
   5.7280220e+06   4.7926279e+01
   5.7284070e+06   4.0971908e+01
   5.7326970e+06   3.8761902e+01
   5.7329550e+06   3.9219363e+01
   5.7332080e+06   4.2500649e+01
   5.7332290e+06   3.5078209e+01
   5.7332810e+06   3.8732030e+01
   5.7335940e+06   4.3572685e+01
   5.7485470e+06   4.2636052e+01
   5.7574200e+06   4.8467738e+01
   5.7585690e+06   5.0218779e+01
   5.7590910e+06   4.5492448e+01
   5.7639000e+06   4.2095917e+01
   5.7684910e+06   5.1140417e+01
   5.7687190e+06   4.8104017e+01
   5.7690480e+06   4.0113679e+01
   5.7782000e+06   4.9633838e+01
   5.7864200e+06   4.5285278e+01
   5.7890580e+06   4.6527675e+01
   5.7951360e+06   4.7278502e+01
   5.8017120e+06   3.7105954e+01
   5.8029770e+06   5.2648423e+01
   5.8031700e+06   4.5889186e+01
   5.8036750e+06   4.5886594e+01
   5.8039030e+06   3.7886383e+01
   5.8041180e+06   3.5939023e+01
   5.8044570e+06   4.3130272e+01
   5.8065620e+06   3.4839829e+01
   5.8153600e+06   4.8737854e+01
   5.8175370e+06   6.0455551e+01
   5.8225810e+06   4.4080076e+01
   5.8239670e+06   5.4395190e+01
   5.8270410e+06   4.5430352e+01
   5.8301010e+06   4.7084666e+01
   5.8348920e+06   5.0291629e+01
   5.8408010e+06   3.5163124e+01
   5.8411200e+06   4.1282355e+01
   5.8415650e+06   4.8229354e+01
   5.8462670e+06   4.9563483e+01
   5.8467120e+06   4.2873060e+01
   5.8508040e+06   4.4664231e+01
   5.8514710e+06   4.9271114e+01
   5.8515920e+06   4.1534037e+01
   5.8518280e+06   3.9571600e+01
   5.8519610e+06   3.7767840e+01
   5.8520780e+06   5.0284602e+01
   5.8522240e+06   3.5759489e+01
   5.8696410e+06   4.6841999e+01
   5.8720770e+06   4.8410097e+01
   5.8866280e+06   4.6844568e+01
   5.8882380e+06   3.8814164e+01
   5.8906900e+06   5.2013138e+01
   5.8910610e+06   5.5083346e+01
   5.9030350e+06   6.1863666e+01
   5.9033810e+06   5.3144147e+01
   5.9049200e+06   5.1237266e+01
   5.9143610e+06   4.2879520e+01
   5.9250540e+06   4.2578753e+01
   5.9301020e+06   4.6810966e+01
   5.9305700e+06   4.7205698e+01
   5.9371170e+06   4.4955292e+01
   5.9420720e+06   4.4121625e+01
   5.9424840e+06   4.8878583e+01
   5.9425980e+06   5.3549357e+01
   5.9427690e+06   4.2431191e+01
   5.9430300e+06   3.9170783e+01
   5.9434320e+06   3.5505874e+01
   5.9521810e+06   5.0884228e+01
   5.9580820e+06   3.7564260e+01
   5.9611790e+06   4.1491095e+01
   5.9657740e+06   5.2647198e+01
   5.9702120e+06   4.6450351e+01
   5.9765620e+06   4.4453913e+01
   5.9828010e+06   5.5246572e+01
   5.9881160e+06   4.4374637e+01
   5.9919540e+06   4.6527317e+01
   5.9925230e+06   4.0623400e+01
   6.0013290e+06   4.8910832e+01
   6.0023010e+06   5.0532020e+01
   6.0121170e+06   5.7676655e+01
   6.0127180e+06   4.1774196e+01
   6.0138000e+06   4.7804737e+01
   6.0168010e+06   4.2193242e+01
   6.0274960e+06   5.3469177e+01
   6.0276820e+06   4.7180337e+01
   6.0281620e+06   4.7559637e+01
   6.0322140e+06   5.5045600e+01
   6.0349480e+06   4.4629609e+01
   6.0357500e+06   3.8140780e+01
   6.0365210e+06   4.5832835e+01
   6.0477740e+06   4.1565663e+01
   6.0484540e+06   4.4233493e+01
   6.0505810e+06   4.5712502e+01
   6.0555410e+06   4.5359199e+01
   6.0566680e+06   3.5027794e+01
   6.0648910e+06   4.8756192e+01
   6.0649210e+06   3.8252634e+01
   6.0653250e+06   5.1997951e+01
   6.0655970e+06   5.1914801e+01
   6.0656640e+06   4.0325121e+01
   6.0658160e+06   3.4879144e+01
   6.0659360e+06   4.2082150e+01
   6.0849490e+06   4.9192105e+01
   6.0919820e+06   4.7430323e+01
   6.0936910e+06   5.5460679e+01
   6.0987890e+06   5.1224162e+01
   6.0998320e+06   4.0527657e+01
   6.1056390e+06   3.9698642e+01
   6.1119300e+06   5.1468285e+01
   6.1123990e+06   4.1240595e+01
   6.1128390e+06   3.7167480e+01
   6.1175600e+06   4.4659257e+01
   6.1179390e+06   4.5877561e+01
   6.1210210e+06   4.5033121e+01
   6.1339710e+06   6.9699426e+01
   6.1434270e+06   5.2959055e+01
   6.1496540e+06   5.1797818e+01
   6.1501700e+06   4.6920606e+01
   6.1507510e+06   4.7061988e+01
   6.1512280e+06   4.3959993e+01
   6.1622070e+06   4.5338819e+01
   6.1630590e+06   4.6000998e+01
   6.1679660e+06   4.4765004e+01
   6.1686980e+06   4.6918848e+01
   6.1718040e+06   3.8552444e+01
   6.1721440e+06   4.0096484e+01
   6.1879770e+06   4.0158776e+01
   6.1882810e+06   4.6522347e+01
   6.1886400e+06   4.6621198e+01
   6.1887940e+06   4.0092668e+01
   6.1896710e+06   3.6336053e+01
   6.1908880e+06   3.8026648e+01
   6.1914590e+06   4.1567020e+01
   6.1981500e+06   5.2680911e+01
   6.2037140e+06   5.5796526e+01
   6.2055850e+06   5.1658794e+01
   6.2084310e+06   4.5289932e+01
   6.2112050e+06   5.0048196e+01
   6.2177560e+06   5.7766227e+01
   6.2179320e+06   4.0156304e+01
   6.2180360e+06   3.8884047e+01
   6.2190330e+06   3.9759287e+01
   6.2196220e+06   3.8317794e+01
   6.2199770e+06   4.1769479e+01
   6.2201820e+06   3.7036297e+01
   6.2423340e+06   4.9372220e+01
   6.2454250e+06   4.3573559e+01
   6.2465380e+06   5.3915601e+01
   6.2481670e+06   4.0436931e+01
   6.2588730e+06   5.0249824e+01
   6.2674710e+06   5.5734216e+01
   6.2675530e+06   5.5787184e+01
   6.2677300e+06   3.6579156e+01
   6.2680350e+06   3.5718467e+01
   6.2682520e+06   3.5773816e+01
   6.2868080e+06   4.7663172e+01
   6.2874350e+06   3.8774820e+01
   6.2943680e+06   3.5889045e+01
   6.2944730e+06   4.5604493e+01
   6.2949430e+06   4.1557273e+01
   6.3075280e+06   5.0949090e+01
   6.3084430e+06   4.9172130e+01
   6.3095760e+06   4.2355194e+01
   6.3126270e+06   3.9585581e+01
   6.3128510e+06   4.7640481e+01
   6.3131740e+06   3.6020150e+01
   6.3141300e+06   3.7456542e+01
   6.3194010e+06   3.7302182e+01
   6.3315620e+06   4.5846172e+01
   6.3319800e+06   3.8445987e+01
   6.3372560e+06   4.3211373e+01
   6.3415560e+06   3.7128914e+01
   6.3433450e+06   5.4313028e+01
   6.3451730e+06   5.0820845e+01
   6.3455780e+06   4.0912152e+01
   6.3461010e+06   3.9825392e+01
   6.3464510e+06   3.5909291e+01
   6.3573040e+06   4.2419443e+01
   6.3595150e+06   4.1213478e+01
   6.3598170e+06   3.6021329e+01
   6.3601850e+06   4.6823528e+01
   6.3754080e+06   4.2986506e+01
   6.3774270e+06   4.8538347e+01
   6.3777920e+06   3.9354226e+01
   6.3820510e+06   4.8594506e+01
   6.3823620e+06   4.0123742e+01
   6.3919800e+06   5.0792187e+01
   6.3927910e+06   3.7275049e+01
   6.3955900e+06   4.8965104e+01
   6.3978450e+06   5.3872528e+01
   6.3981820e+06   5.1421577e+01
   6.3985200e+06   4.3944649e+01
   6.3986600e+06   3.6426647e+01
   6.3988260e+06   3.6548711e+01
   6.3989790e+06   4.0977588e+01
   6.3994520e+06   3.7935605e+01
   6.4184570e+06   4.9639547e+01
   6.4277950e+06   5.3878535e+01
   6.4369320e+06   4.8462495e+01
   6.4380530e+06   4.4856348e+01
   6.4481650e+06   4.8897880e+01
   6.4496200e+06   4.4365468e+01
   6.4541530e+06   4.1481368e+01
   6.4652500e+06   5.8239967e+01
   6.4712830e+06   3.5918542e+01
   6.4721470e+06   5.0027939e+01
   6.4727570e+06   4.3241621e+01
   6.4731450e+06   3.7380947e+01
   6.4773180e+06   5.3362541e+01
   6.4841300e+06   5.0850518e+01
   6.4864170e+06   3.9411190e+01
   6.4918540e+06   5.5903629e+01
   6.4937500e+06   4.0625486e+01
   6.5031250e+06   4.6390210e+01
   6.5145510e+06   5.7875432e+01
   6.5148140e+06   3.6222978e+01
   6.5151970e+06   4.7804003e+01
   6.5173220e+06   5.6273111e+01
   6.5179550e+06   4.1567416e+01
   6.5183790e+06   3.9135642e+01
   6.5255720e+06   4.5439609e+01
   6.5262260e+06   4.3961111e+01
   6.5305180e+06   4.1845128e+01
   6.5307240e+06   4.8718462e+01
   6.5329950e+06   3.7006023e+01
   6.5353890e+06   5.7140636e+01
   6.5354860e+06   4.0688094e+01
   6.5355440e+06   4.6714722e+01
   6.5397700e+06   4.7442482e+01
   6.5399760e+06   4.8837051e+01
   6.5400870e+06   3.7897832e+01
   6.5402830e+06   3.5760143e+01
   6.5667210e+06   5.7634989e+01
   6.5670710e+06   5.4574516e+01
   6.5801510e+06   5.1715125e+01
   6.5876400e+06   4.8336540e+01
   6.5914710e+06   5.6866414e+01
   6.5923110e+06   4.6328714e+01
   6.5927980e+06   4.3297808e+01
   6.6007050e+06   5.3717192e+01
   6.6015900e+06   4.9853589e+01
   6.6019480e+06   4.2667191e+01
   6.6021940e+06   3.4814610e+01
   6.6022820e+06   5.1728290e+01
   6.6028790e+06   3.5016921e+01
   6.6280360e+06   5.5594419e+01
   6.6290450e+06   4.9524406e+01
   6.6291950e+06   4.4076313e+01
   6.6367440e+06   4.5130976e+01
   6.6420250e+06   5.0612794e+01
   6.6516170e+06   4.3689801e+01
   6.6521000e+06   4.3405270e+01
   6.6549810e+06   3.7178920e+01
   6.6556150e+06   3.6160056e+01
   6.6557070e+06   4.2062852e+01
   6.6563540e+06   4.4633552e+01
   6.6606540e+06   4.3864787e+01
   6.6651200e+06   4.4226812e+01
   6.6657690e+06   5.8424175e+01
   6.6659380e+06   4.5332640e+01
   6.6660590e+06   3.9054093e+01
   6.6746410e+06   4.8445399e+01
   6.6764330e+06   5.5559814e+01
   6.6794150e+06   5.0630432e+01
   6.6797330e+06   4.3601285e+01
   6.6827660e+06   4.7812974e+01
   6.6831560e+06   4.0636890e+01
   6.6836090e+06   4.7759225e+01
   6.6838550e+06   3.5258442e+01
   6.6842170e+06   3.6026145e+01
   6.6845640e+06   3.6300486e+01
   6.7107140e+06   4.5023196e+01
   6.7110550e+06   5.5865201e+01
   6.7116250e+06   4.1566011e+01
   6.7171570e+06   5.8362093e+01
   6.7174670e+06   3.8312567e+01
   6.7178280e+06   4.1588890e+01
   6.7225920e+06   4.9826897e+01
   6.7262230e+06   5.4575858e+01
   6.7269620e+06   4.3305446e+01
   6.7375680e+06   4.2056404e+01
   6.7377710e+06   4.2032074e+01
   6.7380070e+06   4.1595812e+01
   6.7468770e+06   3.6703080e+01
   6.7472020e+06   4.5268385e+01
   6.7544200e+06   4.8631791e+01
   6.7565340e+06   4.8922838e+01
   6.7580660e+06   4.5626070e+01
   6.7585960e+06   4.6656805e+01
   6.7586630e+06   5.1466267e+01
   6.7588120e+06   3.6277905e+01
   6.7724570e+06   5.6027231e+01
   6.7790430e+06   5.0086622e+01
   6.7797270e+06   5.8947901e+01
   6.7874510e+06   4.8826999e+01
   6.7885400e+06   4.3092999e+01
   6.7981200e+06   5.3027569e+01
   6.8110400e+06   5.2790511e+01
   6.8149920e+06   5.5055105e+01
   6.8154100e+06   4.8460733e+01
   6.8241690e+06   5.4323624e+01
   6.8258450e+06   5.4102814e+01
   6.8391200e+06   3.5689497e+01
   6.8396570e+06   4.6628946e+01
   6.8404270e+06   5.0803690e+01
   6.8470690e+06   4.1025211e+01
   6.8537730e+06   4.4303504e+01
   6.8586280e+06   4.9862296e+01
   6.8589020e+06   4.1831882e+01
   6.8624270e+06   5.7779099e+01
   6.8631280e+06   4.9742940e+01
   6.8731740e+06   5.5842405e+01
   6.8734210e+06   5.3125485e+01
   6.8734930e+06   4.2933825e+01
   6.8736740e+06   3.7920384e+01
   6.8737640e+06   3.9995880e+01
   6.8742670e+06   3.8626788e+01
   6.8978030e+06   5.3762733e+01
   6.9041980e+06   5.5229848e+01
   6.9096260e+06   5.3506469e+01
   6.9097580e+06   4.2703241e+01
   6.9104810e+06   3.9035491e+01
   6.9227890e+06   5.5006160e+01
   6.9235960e+06   4.5857599e+01
   6.9288110e+06   4.9405835e+01
   6.9292620e+06   4.3875399e+01
   6.9295820e+06   4.4898491e+01
   6.9305700e+06   3.8332208e+01
   6.9359460e+06   3.6130720e+01
   6.9415800e+06   4.7710168e+01
   6.9455520e+06   4.9490525e+01
   6.9465410e+06   5.2432411e+01
   6.9487440e+06   4.8158111e+01
   6.9562460e+06   4.4950288e+01
   6.9564420e+06   4.2963820e+01
   6.9565830e+06   4.7723122e+01
   6.9567330e+06   3.6090235e+01
   6.9798390e+06   4.9389228e+01
   6.9813400e+06   3.9543308e+01
   6.9819910e+06   4.8066895e+01
   6.9915300e+06   4.2269048e+01
   6.9941210e+06   4.7477111e+01
   6.9953880e+06   5.8186778e+01
   7.0010110e+06   4.4067067e+01
   7.0138470e+06   5.0468400e+01
   7.0139460e+06   4.9003702e+01
   7.0146600e+06   4.4166383e+01
   7.0267360e+06   4.1674970e+01
   7.0271160e+06   4.1378462e+01
   7.0276960e+06   5.2355056e+01
   7.0391150e+06   4.5395663e+01
   7.0465260e+06   6.2819645e+01
   7.0468970e+06   4.6077784e+01
   7.0475140e+06   4.7572184e+01
   7.0532810e+06   4.6519805e+01
   7.0597530e+06   4.3435567e+01
   7.0704770e+06   4.7477493e+01
   7.0745250e+06   5.8137910e+01
   7.0751820e+06   5.3567630e+01
   7.0761250e+06   5.0752327e+01
   7.0762320e+06   4.0575026e+01
   7.0780870e+06   4.7924544e+01
   7.0841690e+06   4.5936946e+01
   7.0895890e+06   5.1063068e+01
   7.0927490e+06   4.5826643e+01
   7.0936320e+06   3.7986978e+01
   7.0964670e+06   4.4641570e+01
   7.0969230e+06   4.1617266e+01
   7.0984820e+06   4.8284316e+01
   7.1012610e+06   3.9047299e+01
   7.1021600e+06   3.5108351e+01
   7.1023460e+06   4.6754979e+01
   7.1025360e+06   3.8870079e+01
   7.1026670e+06   3.5701829e+01
   7.1037470e+06   3.4912771e+01
   7.1338490e+06   6.0505807e+01
   7.1350200e+06   4.7104745e+01
   7.1351710e+06   4.7558922e+01
   7.1352620e+06   3.6883201e+01
   7.1354590e+06   3.6035296e+01
   7.1358060e+06   5.2631348e+01
   7.1413550e+06   5.0392991e+01
   7.1460380e+06   4.9991657e+01
   7.1467470e+06   4.5315352e+01
   7.1527940e+06   4.7114908e+01
   7.1534730e+06   4.6728947e+01
   7.1572460e+06   5.0185314e+01
   7.1604240e+06   5.0799533e+01
   7.1660740e+06   4.6069755e+01
   7.1669590e+06   3.5034038e+01
   7.1673430e+06   4.7203056e+01
   7.1689360e+06   3.5459009e+01
   7.1771570e+06   5.4666419e+01
   7.1777280e+06   6.1114427e+01
   7.1884740e+06   4.4932846e+01
   7.1888660e+06   5.3307349e+01
   7.1919420e+06   4.7471597e+01
   7.1923590e+06   4.4005834e+01
   7.1999460e+06   4.4250871e+01
   7.2004990e+06   4.1390654e+01
   7.2011350e+06   4.6385048e+01
   7.2067480e+06   4.5201364e+01
   7.2070730e+06   3.6699244e+01
   7.2119470e+06   4.5314427e+01
   7.2123320e+06   4.3048614e+01
   7.2124290e+06   3.7173064e+01
   7.2136720e+06   5.5398962e+01
   7.2179140e+06   4.2103884e+01
   7.2213520e+06   4.7560820e+01
   7.2219360e+06   4.5203679e+01
   7.2225620e+06   4.5038680e+01
   7.2231190e+06   3.6760862e+01
   7.2233800e+06   3.5004557e+01
   7.2244490e+06   3.5336370e+01
   7.2247210e+06   3.5724768e+01
   7.2255420e+06   3.6614479e+01
   7.2361570e+06   3.6862113e+01
   7.2485180e+06   5.2561611e+01
   7.2533960e+06   3.5936702e+01
   7.2551390e+06   3.7729661e+01
   7.2597100e+06   5.3157267e+01
   7.2609520e+06   4.7519910e+01
   7.2615500e+06   4.6729921e+01
   7.2628310e+06   5.2287004e+01
   7.2634540e+06   4.8371958e+01
   7.2746120e+06   5.0625302e+01
   7.2834110e+06   5.5997089e+01
   7.2836870e+06   4.2192384e+01
   7.2842850e+06   4.8455900e+01
   7.2854530e+06   5.5685329e+01
   7.2916510e+06   5.1016388e+01
   7.2946700e+06   4.7754242e+01
   7.3032350e+06   5.1289135e+01
   7.3076710e+06   3.5436283e+01
   7.3096280e+06   5.4142305e+01
   7.3157680e+06   4.6133903e+01
   7.3197330e+06   5.5966711e+01
   7.3249810e+06   5.2404853e+01
   7.3291240e+06   4.9802024e+01
   7.3306700e+06   5.4141731e+01
   7.3313720e+06   3.8581195e+01
   7.3314560e+06   4.0139373e+01
   7.3318810e+06   4.3444650e+01
   7.3489000e+06   4.3366472e+01
   7.3505530e+06   4.1935098e+01
   7.3523930e+06   4.1003079e+01
   7.3544570e+06   4.8795858e+01
   7.3570360e+06   3.9618758e+01
   7.3760630e+06   5.4414484e+01
   7.3764930e+06   4.4808101e+01
   7.3766260e+06   3.7798939e+01
   7.3768580e+06   3.5478464e+01
   7.3804120e+06   3.5099760e+01
   7.3816440e+06   4.4300986e+01
   7.3818450e+06   4.0881697e+01
   7.3819360e+06   3.8528420e+01
   7.3829590e+06   3.5982290e+01
   7.3876620e+06   3.6401603e+01
   7.4070950e+06   6.0029225e+01
   7.4098100e+06   4.4427102e+01
   7.4101690e+06   3.8436815e+01
   7.4111720e+06   4.6948520e+01
   7.4122800e+06   4.4438479e+01
   7.4176730e+06   4.1262638e+01
   7.4254180e+06   4.6078989e+01
   7.4300310e+06   5.3190236e+01
   7.4311400e+06   3.9887186e+01
   7.4399270e+06   4.8259660e+01
   7.4448750e+06   4.0262736e+01
   7.4459660e+06   4.8700846e+01
   7.4478570e+06   4.6330572e+01
   7.4493270e+06   4.0509937e+01
   7.4548870e+06   4.9442463e+01
   7.4603100e+06   4.5436358e+01
   7.4610000e+06   5.5688760e+01
   7.4650340e+06   5.1817510e+01
   7.4659750e+06   4.2526973e+01
   7.4675090e+06   4.5316633e+01
   7.4714720e+06   4.4591013e+01
   7.4840500e+06   5.0359093e+01
   7.4849010e+06   4.7423681e+01
   7.4931440e+06   5.3435180e+01
   7.4948350e+06   5.1282855e+01
   7.4985820e+06   5.3510531e+01
   7.5022910e+06   5.1352651e+01
   7.5086160e+06   4.7845165e+01
   7.5133410e+06   3.7861368e+01
   7.5139590e+06   5.6402485e+01
   7.5140300e+06   4.0279023e+01
   7.5140920e+06   4.1080937e+01
   7.5141500e+06   3.6700938e+01
   7.5142390e+06   3.6795504e+01
   7.5149400e+06   3.5766480e+01
   7.5295130e+06   5.0346980e+01
   7.5362100e+06   4.5517135e+01
   7.5449570e+06   5.0778852e+01
   7.5498180e+06   4.8459603e+01
   7.5546370e+06   4.6429654e+01
   7.5573150e+06   5.0681232e+01
   7.5589660e+06   3.5205767e+01
   7.5619630e+06   4.1512054e+01
   7.5632960e+06   4.9963577e+01
   7.5657540e+06   4.2322054e+01
   7.5783800e+06   3.5161093e+01
   7.5794350e+06   4.9337250e+01
   7.5810350e+06   4.6816748e+01
   7.5814160e+06   4.4601770e+01
   7.5849000e+06   4.1270181e+01
   7.5897370e+06   5.1657100e+01
   7.5937370e+06   4.5597240e+01
   7.5941540e+06   4.1342493e+01
   7.5959060e+06   5.1330230e+01
   7.5985100e+06   3.5596662e+01
   7.5985320e+06   4.0702441e+01
   7.5988480e+06   4.3899787e+01
   7.5993500e+06   4.3503705e+01
   7.6030280e+06   3.9903834e+01
   7.6031620e+06   4.1816095e+01
   7.6034680e+06   4.2730563e+01
   7.6035870e+06   3.6616508e+01
   7.6126250e+06   4.1374207e+01
   7.6255690e+06   4.5176672e+01
   7.6292250e+06   3.5929686e+01
   7.6294530e+06   4.8244196e+01
   7.6298540e+06   4.0701043e+01
   7.6377170e+06   5.4631020e+01
   7.6428290e+06   5.4990520e+01
   7.6497630e+06   3.5667770e+01
   7.6502670e+06   5.0169767e+01
   7.6504870e+06   3.8908150e+01
   7.6506550e+06   3.8050818e+01
   7.6522800e+06   3.6984863e+01
   7.6592780e+06   4.1973624e+01
   7.6636650e+06   4.1423696e+01
   7.6774130e+06   4.1738161e+01
   7.6776330e+06   4.7560475e+01
   7.6786590e+06   4.2352607e+01
   7.6844070e+06   4.5563918e+01
   7.6846340e+06   4.9231173e+01
   7.6901610e+06   3.6950179e+01
   7.6910930e+06   3.6803615e+01
   7.6984230e+06   5.0369706e+01
   7.7044950e+06   4.9419749e+01
   7.7053010e+06   4.9744250e+01
   7.7109000e+06   4.9800257e+01
   7.7110580e+06   4.8199443e+01
   7.7111490e+06   4.1798306e+01
   7.7128420e+06   5.0632617e+01
   7.7194760e+06   4.4792588e+01
   7.7242810e+06   5.5009268e+01
   7.7249340e+06   5.2881113e+01
   7.7255910e+06   3.6389523e+01
   7.7276330e+06   4.0703221e+01
   7.7305590e+06   4.6759525e+01
   7.7349270e+06   4.8008375e+01
   7.7354470e+06   4.0949099e+01
   7.7358120e+06   4.1192321e+01
   7.7400500e+06   6.7325709e+01
   7.7491810e+06   3.8632245e+01
   7.7493710e+06   4.9881303e+01
   7.7499230e+06   3.5291130e+01
   7.7504510e+06   5.3518823e+01
   7.7508430e+06   4.1745062e+01
   7.7583870e+06   3.5731478e+01
   7.7584550e+06   4.3875439e+01
   7.7586410e+06   4.3561946e+01
   7.7588190e+06   3.7731737e+01
   7.7589170e+06   4.1945178e+01
   7.7787690e+06   4.6483766e+01
   7.7839580e+06   4.7750606e+01
   7.7905710e+06   4.6596805e+01
   7.7995540e+06   4.5884340e+01
   7.8009990e+06   5.8813102e+01
   7.8132390e+06   5.3530415e+01
   7.8132590e+06   3.6718272e+01
   7.8135270e+06   5.3938695e+01
   7.8137020e+06   3.6401934e+01
   7.8140310e+06   3.9495160e+01
   7.8144890e+06   4.3195995e+01
   7.8146030e+06   3.4867031e+01
   7.8235750e+06   4.8794761e+01
   7.8250450e+06   4.3208602e+01
   7.8374930e+06   4.6278778e+01
   7.8388450e+06   5.1633020e+01
   7.8401850e+06   4.8961185e+01
   7.8425200e+06   4.8978016e+01
   7.8519100e+06   5.1702528e+01
   7.8587770e+06   4.8004909e+01
   7.8652960e+06   4.5829598e+01
   7.8666150e+06   5.2587354e+01
   7.8667620e+06   4.0342681e+01
   7.8668700e+06   3.5744449e+01
   7.8674140e+06   3.8846797e+01
   7.8693030e+06   4.4471450e+01
   7.8745110e+06   5.2214328e+01
   7.8793950e+06   4.7703552e+01
   7.8871960e+06   5.1165315e+01
   7.8924580e+06   4.8615447e+01
   7.8936420e+06   4.9731775e+01
   7.8939540e+06   4.7866636e+01
   7.9054940e+06   3.8720246e+01
   7.9056920e+06   4.6270873e+01
   7.9097720e+06   5.9471358e+01
   7.9112620e+06   4.8596934e+01
   7.9119470e+06   3.5195302e+01
   7.9125030e+06   5.1456470e+01
   7.9129810e+06   4.4671378e+01
   7.9186440e+06   4.2630256e+01
   7.9206940e+06   4.6561079e+01
   7.9253120e+06   4.5529595e+01
   7.9260530e+06   4.4638926e+01
   7.9266950e+06   3.9368541e+01
   7.9331730e+06   5.1896232e+01
   7.9333100e+06   4.3251410e+01
   7.9334240e+06   4.3958706e+01
   7.9388790e+06   4.1768433e+01
   7.9412640e+06   4.7036863e+01
   7.9440800e+06   4.8563530e+01
   7.9449590e+06   3.7941529e+01
   7.9457230e+06   5.1031406e+01
   7.9457970e+06   4.0072087e+01
   7.9458930e+06   4.0319354e+01
   7.9459800e+06   3.5068377e+01
   7.9462440e+06   3.7014690e+01
   7.9500920e+06   3.5235993e+01
   7.9596370e+06   5.3066182e+01
   7.9670010e+06   4.7911479e+01
   7.9680740e+06   4.9667934e+01
   7.9740370e+06   3.5973305e+01
   7.9838830e+06   4.2282763e+01
   7.9845330e+06   5.0624278e+01
   7.9886190e+06   4.2095020e+01
   7.9915240e+06   5.8435552e+01
   7.9933160e+06   4.6409612e+01
   7.9970550e+06   4.2692137e+01
   7.9979160e+06   3.5158220e+01
   7.9987100e+06   4.5013808e+01
   8.0077510e+06   4.5272472e+01
   8.0141050e+06   4.6253057e+01
   8.0148630e+06   4.8715975e+01
   8.0157070e+06   4.5866812e+01
   8.0170860e+06   3.8251529e+01
   8.0368670e+06   5.4477567e+01
   8.0370340e+06   5.3956868e+01
   8.0382730e+06   4.8959992e+01
   8.0384840e+06   3.9700838e+01
   8.0385970e+06   4.4187562e+01
   8.0388960e+06   4.0753905e+01
   8.0389960e+06   3.9827444e+01
   8.0392740e+06   3.6765522e+01
   8.0393520e+06   4.1511176e+01
   8.0591380e+06   4.6295368e+01
   8.0619950e+06   4.5811630e+01
   8.0662330e+06   5.9409367e+01
   8.0753730e+06   3.9861018e+01
   8.0766430e+06   3.9738978e+01
   8.0828700e+06   4.9784830e+01
   8.0840400e+06   3.9822801e+01
   8.0869680e+06   3.6329906e+01
   8.0884530e+06   5.4261434e+01
   8.0959150e+06   5.6639989e+01
   8.0995990e+06   4.6487189e+01
   8.1004450e+06   4.0722347e+01
   8.1066200e+06   3.6905590e+01
   8.1139260e+06   4.7459942e+01
   8.1140900e+06   4.8184747e+01
   8.1144800e+06   4.8633622e+01
   8.1162920e+06   4.2773152e+01
   8.1229780e+06   5.3256883e+01
   8.1266720e+06   4.3504605e+01
   8.1332030e+06   3.5889010e+01
   8.1339090e+06   5.6503076e+01
   8.1351680e+06   4.0189213e+01
   8.1434000e+06   4.6129571e+01
   8.1452710e+06   4.5388889e+01
   8.1507080e+06   3.5951926e+01
   8.1509850e+06   4.6521394e+01
   8.1532980e+06   3.7633355e+01
   8.1555800e+06   3.8208539e+01
   8.1647690e+06   5.2692554e+01
   8.1655510e+06   5.1565806e+01
   8.1660660e+06   4.7273691e+01
   8.1663020e+06   4.7675197e+01
   8.1725040e+06   4.9548297e+01
   8.1728680e+06   4.6750594e+01
   8.1736540e+06   4.3580822e+01
   8.1778500e+06   4.2240762e+01
   8.1826490e+06   4.4431415e+01
   8.1827590e+06   4.2208510e+01
   8.1828360e+06   3.5823221e+01
   8.1829680e+06   3.5021850e+01
   8.1831080e+06   3.8450414e+01
   8.1831790e+06   3.7044921e+01
   8.1833010e+06   3.5160303e+01
   8.1969320e+06   4.7601264e+01
   8.2004500e+06   4.6817413e+01
   8.2053740e+06   4.0318876e+01
   8.2058890e+06   4.4133892e+01
   8.2110990e+06   4.3342398e+01
   8.2117830e+06   4.6910532e+01
   8.2121940e+06   4.4723004e+01
   8.2126690e+06   4.6509077e+01
   8.2192100e+06   3.5074813e+01
   8.2228300e+06   4.9258165e+01
   8.2235060e+06   5.6833908e+01
   8.2404440e+06   4.4630157e+01
   8.2409200e+06   5.3624002e+01
   8.2448480e+06   4.9846780e+01
   8.2458480e+06   4.6096484e+01
   8.2524970e+06   3.7292304e+01
   8.2526390e+06   4.7034558e+01
   8.2549320e+06   4.9546978e+01
   8.2555390e+06   3.9625422e+01
   8.2597130e+06   5.8924985e+01
   8.2618340e+06   4.4835951e+01
   8.2631300e+06   4.7826135e+01
   8.2652510e+06   4.4031528e+01
   8.2781180e+06   4.9929006e+01
   8.2788410e+06   4.3483806e+01
   8.2817660e+06   5.0374437e+01
   8.2881780e+06   5.0814388e+01
   8.2889790e+06   3.9695742e+01
   8.2939860e+06   4.7415233e+01
   8.3015130e+06   3.5914440e+01
   8.3022250e+06   4.8530933e+01
   8.3031020e+06   5.0837719e+01
   8.3044150e+06   4.6870924e+01
   8.3047660e+06   4.5559219e+01
   8.3051520e+06   4.1890914e+01
   8.3115120e+06   4.6376778e+01
   8.3143000e+06   5.0136602e+01
   8.3259700e+06   4.9346768e+01
   8.3269690e+06   4.1344829e+01
   8.3336690e+06   4.4138990e+01
   8.3395170e+06   4.4612768e+01
   8.3449910e+06   5.2818754e+01
   8.3453780e+06   5.5577818e+01
   8.3454850e+06   4.2894620e+01
   8.3456980e+06   4.1483107e+01
   8.3458440e+06   3.7300602e+01
   8.3559150e+06   5.4719624e+01
   8.3567270e+06   4.3958475e+01
   8.3568490e+06   4.3858132e+01
   8.3569570e+06   3.7979642e+01
   8.3573460e+06   3.5072526e+01
   8.3575730e+06   3.7714535e+01
   8.3716260e+06   5.1554987e+01
   8.3759890e+06   5.5043696e+01
   8.3811080e+06   5.4305946e+01
   8.3815810e+06   4.7351356e+01
   8.3835400e+06   5.4391520e+01
   8.3842910e+06   3.7402822e+01
   8.3848970e+06   3.8521714e+01
   8.3864650e+06   4.3162763e+01
   8.3976890e+06   4.8261553e+01
   8.4162330e+06   4.9373232e+01
   8.4163990e+06   6.6153548e+01
   8.4169780e+06   6.3978296e+01
   8.4170960e+06   4.2612170e+01
   8.4173480e+06   4.4102958e+01
   8.4174960e+06   3.8415201e+01
   8.4209810e+06   4.5133811e+01
   8.4276610e+06   5.4535062e+01
   8.4289820e+06   3.5143794e+01
   8.4328470e+06   3.9865532e+01
   8.4444930e+06   5.1602473e+01
   8.4462470e+06   5.1347492e+01
   8.4466460e+06   4.9873340e+01
   8.4502370e+06   5.0596991e+01
   8.4515010e+06   5.9137873e+01
   8.4527490e+06   3.9804338e+01
   8.4552400e+06   4.4083406e+01
   8.4613490e+06   4.1933072e+01
   8.4620450e+06   5.0154003e+01
   8.4666330e+06   4.3919620e+01
   8.4744160e+06   5.0629162e+01
   8.4759280e+06   4.6694408e+01
   8.4846250e+06   4.5955498e+01
   8.4867730e+06   3.7784177e+01
   8.4869350e+06   4.7740201e+01
   8.4875000e+06   4.0711005e+01
   8.4880060e+06   4.0560672e+01
   8.4886230e+06   3.8725254e+01
   8.4892940e+06   4.1100890e+01
   8.4899240e+06   3.9085631e+01
   8.5023730e+06   5.0154149e+01
   8.5031290e+06   4.8334551e+01
   8.5093430e+06   4.7714237e+01
   8.5114920e+06   4.5365008e+01
   8.5121450e+06   4.2155905e+01
   8.5151900e+06   3.5781713e+01
   8.5153080e+06   5.0065111e+01
   8.5154270e+06   5.0790791e+01
   8.5155590e+06   3.6748687e+01
   8.5158650e+06   3.5035018e+01
   8.5302770e+06   4.1479404e+01
   8.5324300e+06   4.1505382e+01
   8.5374550e+06   4.8511120e+01
   8.5385960e+06   4.6648854e+01
   8.5387560e+06   3.7493071e+01
   8.5392220e+06   3.4852937e+01
   8.5471570e+06   4.7164222e+01
   8.5505310e+06   5.3046779e+01
   8.5543610e+06   4.5802611e+01
   8.5543880e+06   4.1469550e+01
   8.5625610e+06   3.8762683e+01
   8.5630890e+06   4.2111732e+01
   8.5673930e+06   4.5980306e+01
   8.5723380e+06   5.4045679e+01
   8.5756290e+06   5.3792379e+01
   8.5848690e+06   4.1122010e+01
   8.5858080e+06   4.2652582e+01
   8.5890240e+06   5.5781239e+01
   8.5892240e+06   4.3455603e+01
   8.5893870e+06   3.7183797e+01
   8.5895870e+06   3.5806165e+01
   8.5897660e+06   3.6730908e+01
   8.5901110e+06   3.5369093e+01
   8.6004310e+06   4.6574372e+01
   8.6013140e+06   5.7783693e+01
   8.6110760e+06   4.9105842e+01
   8.6114100e+06   4.6452127e+01
   8.6117240e+06   4.8296706e+01
   8.6208960e+06   3.6522774e+01
   8.6276430e+06   4.4247542e+01
   8.6283150e+06   4.6260186e+01
   8.6348340e+06   4.7621815e+01
   8.6378350e+06   4.2093461e+01
   8.6392530e+06   4.3905156e+01
   8.6428910e+06   4.5653095e+01
   8.6438170e+06   4.2954837e+01
   8.6495930e+06   4.3008906e+01
   8.6542840e+06   4.2942092e+01
   8.6579300e+06   4.5575476e+01
   8.6665730e+06   6.1041089e+01
   8.6672800e+06   4.6982829e+01
   8.6677710e+06   4.5327887e+01
   8.6728870e+06   5.4850367e+01
   8.6729830e+06   4.8475942e+01
   8.6885690e+06   5.1013128e+01
   8.6891080e+06   4.3570792e+01
   8.7030380e+06   4.7809253e+01
   8.7112120e+06   3.7530952e+01
   8.7132990e+06   4.5383504e+01
   8.7134930e+06   3.7537180e+01
   8.7140420e+06   4.1462518e+01
   8.7141210e+06   3.7896727e+01
   8.7149520e+06   4.0195590e+01
   8.7160300e+06   4.3438621e+01
   8.7167270e+06   4.2511164e+01
   8.7250550e+06   4.6368588e+01
   8.7256810e+06   3.7032407e+01
   8.7323420e+06   4.1852281e+01
   8.7333330e+06   4.8156832e+01
   8.7428020e+06   4.1840073e+01
   8.7429650e+06   5.6262595e+01
   8.7430720e+06   4.1619819e+01
   8.7431810e+06   3.6558566e+01
   8.7432530e+06   3.5221600e+01
   8.7432710e+06   3.4937642e+01
   8.7434710e+06   3.9485384e+01
   8.7435060e+06   4.0270189e+01
   8.7629060e+06   5.6038204e+01
   8.7858590e+06   5.1458281e+01
   8.7861540e+06   5.5001536e+01
   8.7865830e+06   3.8979734e+01
   8.7868670e+06   4.3337527e+01
   8.7870340e+06   3.8849758e+01
   8.7871350e+06   3.5584587e+01
   8.7877400e+06   3.7726444e+01
   8.7882980e+06   3.5617158e+01
   8.8101830e+06   4.0519862e+01
   8.8117600e+06   4.4487889e+01
   8.8261070e+06   4.2616228e+01
   8.8331760e+06   4.8149564e+01
   8.8359310e+06   5.1886145e+01
   8.8375960e+06   5.1532092e+01
   8.8524230e+06   5.0158948e+01
   8.8535890e+06   4.1264889e+01
   8.8562420e+06   4.3586294e+01
   8.8633080e+06   4.6360274e+01
   8.8641530e+06   3.9030980e+01
   8.8695910e+06   3.9114886e+01
   8.8704210e+06   5.3574505e+01
   8.8779870e+06   3.6739466e+01
   8.8802880e+06   3.5469040e+01
   8.8840800e+06   4.8690872e+01
   8.8863780e+06   4.8441467e+01
   8.8887760e+06   5.4099870e+01
   8.8957050e+06   5.3949832e+01
   8.9006850e+06   3.6374532e+01
   8.9033300e+06   5.0957833e+01
   8.9062030e+06   4.6560096e+01
   8.9120770e+06   4.7574410e+01
   8.9163440e+06   4.8823432e+01
   8.9191880e+06   4.1355394e+01
   8.9283270e+06   4.7768559e+01
   8.9289790e+06   4.6524590e+01
   8.9391620e+06   5.7559709e+01
   8.9392890e+06   4.1752723e+01
   8.9393740e+06   3.7711113e+01
   8.9394380e+06   4.5904464e+01
   8.9396120e+06   3.9947565e+01
   8.9437880e+06   4.2351439e+01
   8.9486730e+06   3.6087479e+01
   8.9487180e+06   4.7606806e+01
   8.9489690e+06   4.2658353e+01
   8.9490820e+06   5.0647982e+01
   8.9493140e+06   3.5479428e+01
   8.9526770e+06   3.9840085e+01
   8.9613890e+06   5.4015917e+01
   8.9769900e+06   5.1423299e+01
   8.9773610e+06   4.6273562e+01
   8.9813440e+06   4.3152987e+01
   8.9819820e+06   3.5361353e+01
   8.9872090e+06   3.6597182e+01
   8.9944970e+06   4.6100349e+01
   8.9986820e+06   4.4507094e+01
