   8.9990000e+06   0.0000000e+00
   5.2409100e+05   3.8878401e+01
   5.2610600e+05   4.3114855e+01
   6.0148800e+05   3.8183772e+01
   6.7831100e+05   4.2501630e+01
   6.7964300e+05   3.8400247e+01
   8.7768600e+05   4.9242429e+01
   8.7773600e+05   4.1935069e+01
   8.7790900e+05   4.2349894e+01
   9.5159800e+05   3.8703100e+01
   1.0115050e+06   3.9777511e+01
   1.0982440e+06   3.8576482e+01
   1.2734480e+06   4.2856618e+01
   1.3364950e+06   3.9103815e+01
   1.6042950e+06   3.8913908e+01
   1.8591720e+06   3.8917901e+01
   2.4067260e+06   3.8168917e+01
   2.6362520e+06   3.8384333e+01
   3.0110980e+06   4.0088037e+01
   3.1455420e+06   3.8631871e+01
   3.4617710e+06   4.1393673e+01
   3.5966370e+06   3.9893562e+01
   3.9790970e+06   3.8905426e+01
   3.9797960e+06   3.8971840e+01
   4.1380030e+06   3.9247962e+01
   4.1386840e+06   3.9090115e+01
   4.2178780e+06   4.1743254e+01
   4.2186360e+06   4.6400894e+01
   4.8668180e+06   3.8819072e+01
   4.8670880e+06   3.8107646e+01
   4.8672230e+06   4.3302968e+01
   4.8672530e+06   4.0000169e+01
   4.9607870e+06   3.9781900e+01
   5.2869740e+06   3.9226374e+01
   5.3624840e+06   4.0294140e+01
   5.5878580e+06   3.8523407e+01
   5.8534710e+06   3.8236107e+01
   6.0667160e+06   4.0691355e+01
   6.2206190e+06   3.9138185e+01
   6.3146070e+06   3.8272217e+01
   6.5413160e+06   4.0181000e+01
   7.3826220e+06   3.8131793e+01
   7.8872960e+06   4.0537187e+01
   7.9466940e+06   3.8501470e+01
   8.2381190e+06   3.8569514e+01
   8.4784360e+06   3.8157137e+01
