   8.9990000e+06   0.0000000e+00
   1.1064700e+05   4.4129247e+01
   1.1117500e+05   4.3788975e+01
   2.1616400e+05   3.8984694e+01
   2.5765600e+05   3.8805484e+01
   3.1367000e+05   3.9364422e+01
   3.1405300e+05   3.9318519e+01
   4.1541000e+05   3.8185616e+01
   4.1660500e+05   3.8670648e+01
   5.0980700e+05   3.8367925e+01
   5.2230200e+05   4.1216485e+01
   5.2378300e+05   3.9577106e+01
   5.2380000e+05   3.9647545e+01
   6.7661900e+05   3.9012862e+01
   8.1185100e+05   3.9828953e+01
   8.1206900e+05   3.8791327e+01
   8.1212100e+05   4.8382633e+01
   8.7768600e+05   4.5740860e+01
   8.7789700e+05   4.1106005e+01
   8.8004600e+05   3.8349028e+01
   1.0432570e+06   4.6933907e+01
   1.0435900e+06   4.2109264e+01
   1.0442780e+06   3.8527155e+01
   1.0444010e+06   4.1251855e+01
   1.0448610e+06   3.8482055e+01
   1.0863480e+06   4.0355958e+01
   1.0967200e+06   3.8224005e+01
   1.2396860e+06   3.8425135e+01
   1.2418070e+06   3.9774331e+01
   1.4883840e+06   4.1425167e+01
   1.6035400e+06   3.9627449e+01
   1.6043370e+06   4.1970106e+01
   1.6675130e+06   4.1029679e+01
   1.6677740e+06   4.1502092e+01
   1.6682590e+06   3.9402505e+01
   1.7142890e+06   3.8503388e+01
   1.9428240e+06   3.8659568e+01
   1.9823910e+06   3.9577095e+01
   2.0446880e+06   4.0018712e+01
   2.1897460e+06   4.1814869e+01
   2.3025310e+06   3.9376083e+01
   2.3044120e+06   4.2723206e+01
   2.4062530e+06   4.4435707e+01
   2.4613390e+06   4.4270164e+01
   2.4619100e+06   3.8986936e+01
   2.4622060e+06   4.2834404e+01
   2.6698310e+06   3.8969695e+01
   2.6996620e+06   3.8430553e+01
   2.7006130e+06   4.5743320e+01
   2.8602490e+06   3.8534215e+01
   2.8604090e+06   3.9220907e+01
   2.8608120e+06   4.0063586e+01
   3.0114830e+06   3.8517091e+01
   3.1377410e+06   4.0111330e+01
   3.1924010e+06   3.8777305e+01
   3.2608370e+06   3.8303416e+01
   3.3418340e+06   3.8734276e+01
   3.4608200e+06   4.1158323e+01
   3.6450600e+06   3.9708583e+01
   3.7843960e+06   4.0382984e+01
   3.7860990e+06   3.9385301e+01
   3.7868210e+06   3.8307362e+01
   3.8161450e+06   4.0104574e+01
   4.1375370e+06   3.9041725e+01
   4.1383050e+06   4.0543515e+01
   4.2171020e+06   3.8768311e+01
   4.2178690e+06   4.1755233e+01
   4.3714000e+06   4.1091190e+01
   4.3714390e+06   3.9624451e+01
   4.5435630e+06   4.0004589e+01
   4.6665030e+06   4.1772854e+01
   4.7574620e+06   3.8819628e+01
   4.8665610e+06   3.8278345e+01
   5.1866270e+06   4.9605299e+01
   5.2865000e+06   4.4716795e+01
   5.2873330e+06   4.0852836e+01
   5.3630840e+06   3.9879392e+01
   5.4615560e+06   4.0075410e+01
   5.4619420e+06   4.3288969e+01
   5.4657330e+06   3.8927868e+01
   5.5342360e+06   4.0223948e+01
   5.7334130e+06   3.8923132e+01
   5.7335480e+06   3.9408484e+01
   5.7336420e+06   3.9239334e+01
   5.8522320e+06   4.5034984e+01
   5.8524440e+06   3.9335082e+01
   5.9476500e+06   3.8694712e+01
   6.2205250e+06   4.2290270e+01
   6.2214680e+06   3.9101849e+01
   6.3989700e+06   3.8784199e+01
   6.3994690e+06   3.8234090e+01
   6.3997150e+06   4.2554713e+01
   6.5398210e+06   4.1670879e+01
   6.5401490e+06   3.9787402e+01
   6.5404900e+06   3.8882548e+01
   6.6013430e+06   4.3548722e+01
   6.6861050e+06   4.3051984e+01
   6.7604260e+06   4.0424627e+01
   6.7606440e+06   3.8793863e+01
   6.8735260e+06   3.9751580e+01
   6.8743010e+06   3.9797169e+01
   6.8749860e+06   4.0567926e+01
   6.8752570e+06   3.8440428e+01
   6.9549640e+06   3.9872029e+01
   6.9574740e+06   3.9701199e+01
   6.9577670e+06   3.9230165e+01
   6.9578410e+06   3.9829422e+01
   6.9578520e+06   4.5586595e+01
   6.9581350e+06   3.8955211e+01
   7.0676080e+06   3.9602936e+01
   7.1022310e+06   4.0873862e+01
   7.1034760e+06   4.2421341e+01
   7.2269510e+06   3.9344325e+01
   7.3832650e+06   3.8477004e+01
   7.5152440e+06   4.9409870e+01
   7.5154830e+06   3.8997785e+01
   7.5163920e+06   4.1519789e+01
   7.5167150e+06   4.1466180e+01
   7.6039050e+06   3.8550316e+01
   7.6043750e+06   4.1863292e+01
   7.7599970e+06   3.9108521e+01
   7.9458350e+06   4.6419461e+01
   7.9463490e+06   3.9882982e+01
   7.9464000e+06   3.8311825e+01
   8.0394300e+06   5.3597322e+01
   8.0406490e+06   3.9844150e+01
   8.1840350e+06   4.3579554e+01
   8.1845420e+06   4.2396708e+01
   8.3568910e+06   3.9879589e+01
   8.3584210e+06   4.2136480e+01
   8.5161850e+06   3.8313419e+01
   8.5168460e+06   3.9984879e+01
   8.5900740e+06   4.4892807e+01
   8.5905310e+06   4.1211195e+01
   8.7433520e+06   3.9563224e+01
   8.7433800e+06   4.2233980e+01
   8.7435860e+06   3.8358867e+01
   8.7437430e+06   4.5325112e+01
   8.7439200e+06   4.8423570e+01
   8.7886280e+06   3.9597985e+01
   8.9497670e+06   4.0179741e+01
