   8.9990000e+06   0.0000000e+00
   1.1059100e+05   4.1978228e+01
   1.1074700e+05   4.4288644e+01
   1.1077200e+05   4.5697363e+01
   1.1091500e+05   4.3283865e+01
   1.1111500e+05   4.2264917e+01
   1.1141200e+05   4.3024211e+01
   1.1147700e+05   4.1293913e+01
   1.1152600e+05   4.1865772e+01
   1.1243000e+05   4.6705110e+01
   2.1548500e+05   4.4382480e+01
   2.1732400e+05   4.1092831e+01
   3.1349100e+05   4.4965759e+01
   3.1377100e+05   4.1255329e+01
   3.1434100e+05   4.4207278e+01
   4.1557200e+05   4.6280158e+01
   4.1597500e+05   4.1934546e+01
   4.1611600e+05   4.2307919e+01
   4.1614900e+05   4.2899343e+01
   4.1728800e+05   4.4447538e+01
   4.1778000e+05   4.1293888e+01
   5.2273200e+05   4.1755905e+01
   5.3289400e+05   4.6223302e+01
   6.7776400e+05   4.1691256e+01
   6.7798400e+05   4.1309484e+01
   6.7866300e+05   4.2230530e+01
   8.1094200e+05   4.4934797e+01
   8.1222800e+05   4.1901090e+01
   8.1310600e+05   4.1144620e+01
   8.1333700e+05   4.1564313e+01
   8.7768700e+05   4.6157777e+01
   8.7790900e+05   5.0303682e+01
   8.8019600e+05   4.1930081e+01
   9.1492900e+05   4.3930711e+01
   9.1529600e+05   4.6322355e+01
   9.1535400e+05   5.1715344e+01
   9.1601900e+05   4.8180796e+01
   9.1607600e+05   4.1708070e+01
   9.4950700e+05   4.1849922e+01
   9.4981400e+05   4.2649827e+01
   9.5030900e+05   4.8208280e+01
   9.5055100e+05   4.3008270e+01
   9.5118200e+05   4.5499129e+01
   9.6491600e+05   4.1957860e+01
   1.0438760e+06   4.5923605e+01
   1.0440180e+06   4.1351510e+01
   1.0443240e+06   4.5838840e+01
   1.0444840e+06   4.9664114e+01
   1.0453200e+06   4.2702833e+01
   1.0957840e+06   4.1524619e+01
   1.0960850e+06   4.1472418e+01
   1.2398350e+06   4.2186168e+01
   1.2406140e+06   4.4712442e+01
   1.3328280e+06   4.2569330e+01
   1.3328760e+06   5.2254220e+01
   1.3333070e+06   4.2431326e+01
   1.3336880e+06   4.1986694e+01
   1.4884130e+06   4.4233214e+01
   1.4886200e+06   4.4413623e+01
   1.4890660e+06   4.2378248e+01
   1.4891180e+06   4.1689740e+01
   1.4899240e+06   4.7216576e+01
   1.4902800e+06   4.6863007e+01
   1.6036880e+06   5.4558617e+01
   1.6041640e+06   4.2315395e+01
   1.6044560e+06   4.1195933e+01
   1.6046720e+06   4.7369829e+01
   1.6687690e+06   4.1372542e+01
   1.6692570e+06   4.3934826e+01
   1.7147290e+06   4.1164668e+01
   1.7147960e+06   4.1120435e+01
   1.7161970e+06   4.5355062e+01
   1.7713520e+06   4.3124307e+01
   1.7736560e+06   5.2081052e+01
   1.7741120e+06   4.1080722e+01
   1.7751490e+06   4.7410211e+01
   1.8579470e+06   5.2173018e+01
   1.9823900e+06   4.6468045e+01
   1.9825850e+06   4.2966741e+01
   1.9827580e+06   4.1937574e+01
   1.9829260e+06   4.5612931e+01
   1.9833190e+06   4.8715415e+01
   1.9834660e+06   4.1302396e+01
   1.9835810e+06   4.2592465e+01
   1.9839550e+06   4.7614789e+01
   1.9948260e+06   4.3465371e+01
   2.0436600e+06   4.3929906e+01
   2.0440390e+06   4.4670409e+01
   2.1884220e+06   4.5420671e+01
   2.1892270e+06   4.3498389e+01
   2.1892460e+06   4.8280952e+01
   2.1907060e+06   4.2878486e+01
   2.2277680e+06   4.1868137e+01
   2.2604360e+06   4.1981428e+01
   2.3036000e+06   4.3947893e+01
   2.3049780e+06   4.7216719e+01
   2.3061540e+06   4.1414207e+01
   2.4055770e+06   4.2771484e+01
   2.4062260e+06   5.1401769e+01
   2.4072140e+06   4.8700199e+01
   2.4627450e+06   4.5961263e+01
   2.5810390e+06   5.4009920e+01
   2.5812760e+06   4.2532595e+01
   2.5827080e+06   4.3005902e+01
   2.6987850e+06   4.3288011e+01
   2.6995810e+06   5.6950627e+01
   2.6996660e+06   4.5433829e+01
   2.6999780e+06   4.4764001e+01
   2.7352540e+06   4.1965083e+01
   2.8600820e+06   4.4854900e+01
   2.8603080e+06   4.6841379e+01
   2.8606790e+06   4.3573133e+01
   2.9224470e+06   4.4936221e+01
   2.9227650e+06   4.2384413e+01
   3.0107640e+06   4.8167941e+01
   3.0113780e+06   4.4354444e+01
   3.0116060e+06   4.2448996e+01
   3.0122280e+06   4.4917260e+01
   3.1064930e+06   4.1320129e+01
   3.1582190e+06   4.3209714e+01
   3.1586310e+06   4.4938327e+01
   3.1590650e+06   4.4296290e+01
   3.1590880e+06   4.1288517e+01
   3.1591730e+06   4.6414187e+01
   3.1596090e+06   4.7203382e+01
   3.1937770e+06   4.4794895e+01
   3.2314860e+06   5.1153806e+01
   3.2339380e+06   4.1434531e+01
   3.2347240e+06   4.5121256e+01
   3.3409450e+06   4.3382732e+01
   3.3423530e+06   4.1494587e+01
   3.4599320e+06   4.3377839e+01
   3.5948760e+06   4.9675044e+01
   3.5955350e+06   4.2097242e+01
   3.6440960e+06   4.6219209e+01
   3.6443090e+06   4.1940589e+01
   3.6443950e+06   4.4846849e+01
   3.6449200e+06   4.3334189e+01
   3.6455650e+06   4.9226583e+01
   3.7852250e+06   4.1227453e+01
   3.7855010e+06   4.5961859e+01
   3.7864840e+06   4.4159684e+01
   3.8184060e+06   4.2236724e+01
   3.9773690e+06   4.3071181e+01
   3.9782280e+06   4.3172364e+01
   3.9782470e+06   4.4703957e+01
   4.0218380e+06   4.1501210e+01
   4.0357180e+06   4.1618135e+01
   4.0357340e+06   4.5398390e+01
   4.0361350e+06   4.3082783e+01
   4.0363950e+06   4.2546119e+01
   4.0365100e+06   4.2646501e+01
   4.1377270e+06   4.3215589e+01
   4.1377760e+06   4.2003175e+01
   4.1379780e+06   4.4677468e+01
   4.1384750e+06   4.3037948e+01
   4.1386230e+06   4.8359176e+01
   4.1388340e+06   4.4538886e+01
   4.1388640e+06   4.4133079e+01
   4.1389030e+06   4.1372242e+01
   4.2179840e+06   4.7762268e+01
   4.2183920e+06   4.3204843e+01
   4.2185610e+06   4.7226950e+01
   4.2187460e+06   5.0650433e+01
   4.3709260e+06   4.6754652e+01
   4.3711840e+06   4.7751220e+01
   4.3715700e+06   4.3905900e+01
   4.3717870e+06   5.2049524e+01
   4.4740250e+06   5.3638264e+01
   4.4744030e+06   4.3198426e+01
   4.4748730e+06   4.3317976e+01
   4.4750280e+06   4.2378007e+01
   4.4754510e+06   4.3781383e+01
   4.5440240e+06   4.5537829e+01
   4.5440880e+06   4.4743917e+01
   4.5443980e+06   4.8171415e+01
   4.5444490e+06   4.6225512e+01
   4.5448130e+06   4.1894202e+01
   4.6666150e+06   4.7525438e+01
   4.6666980e+06   4.3579251e+01
   4.6667350e+06   4.1377045e+01
   4.6672330e+06   4.1434066e+01
   4.6673200e+06   4.1908398e+01
   4.7581500e+06   4.4253305e+01
   4.8667670e+06   5.1721622e+01
   4.8670520e+06   4.6877667e+01
   4.8671120e+06   4.5086732e+01
   4.8675670e+06   4.4614752e+01
   4.8680750e+06   4.5525045e+01
   4.8689260e+06   4.1816238e+01
   4.9689970e+06   4.4548776e+01
   4.9690500e+06   4.4723515e+01
   4.9691770e+06   4.4000787e+01
   4.9696780e+06   4.3400791e+01
   4.9697930e+06   4.1622516e+01
   5.0687110e+06   4.3519501e+01
   5.0690000e+06   4.1379051e+01
   5.1860310e+06   4.5787404e+01
   5.1863680e+06   4.5217962e+01
   5.1865020e+06   4.7620242e+01
   5.2870260e+06   4.5911771e+01
   5.2875710e+06   4.4780342e+01
   5.3624360e+06   4.1358623e+01
   5.3630000e+06   4.3263731e+01
   5.3638200e+06   4.4238279e+01
   5.4619220e+06   4.7522693e+01
   5.4624180e+06   4.1303342e+01
   5.4624690e+06   4.3039079e+01
   5.5880130e+06   4.9122320e+01
   5.5881890e+06   4.6384031e+01
   5.5888370e+06   4.1929331e+01
   5.6329820e+06   4.2462238e+01
   5.7342720e+06   4.3613352e+01
   5.7345280e+06   4.1113082e+01
   5.7348920e+06   4.5890737e+01
   5.7349150e+06   4.2616479e+01
   5.8524340e+06   4.4352635e+01
   5.8526350e+06   4.2561312e+01
   5.8531600e+06   5.3952500e+01
   5.9434300e+06   4.2578379e+01
   5.9438090e+06   4.4409787e+01
   5.9438270e+06   5.0642222e+01
   5.9438610e+06   4.1569757e+01
   5.9439360e+06   4.1940928e+01
   5.9439820e+06   4.1894343e+01
   5.9441010e+06   4.7154829e+01
   5.9447090e+06   4.2897072e+01
   6.0648920e+06   4.4714686e+01
   6.2211610e+06   4.1086980e+01
   6.2705670e+06   4.3171743e+01
   6.2709630e+06   4.2215891e+01
   6.3129930e+06   4.3111237e+01
   6.3136510e+06   4.8642231e+01
   6.3149130e+06   4.2627559e+01
   6.3994140e+06   4.6029814e+01
   6.4001600e+06   4.6356458e+01
   6.5402430e+06   4.8965536e+01
   6.5404170e+06   5.7331589e+01
   6.5407370e+06   4.1859301e+01
   6.5409290e+06   4.1525369e+01
   6.5410380e+06   4.6422317e+01
   6.5411800e+06   4.2144485e+01
   6.6024740e+06   4.2892614e+01
   6.6027370e+06   5.7941329e+01
   6.6029580e+06   4.6223569e+01
   6.6041020e+06   4.6352015e+01
   6.6045420e+06   4.6450183e+01
   6.6046610e+06   4.6051704e+01
   6.6859240e+06   4.1997754e+01
   6.6860320e+06   4.9707182e+01
   6.6863140e+06   4.2623022e+01
   6.6869870e+06   4.1676169e+01
   6.7601020e+06   4.2320116e+01
   6.7601670e+06   4.9407348e+01
   6.7604460e+06   4.1567073e+01
   6.7612000e+06   4.2610568e+01
   6.7912150e+06   4.2502885e+01
   6.8742630e+06   4.4056717e+01
   6.8744790e+06   4.4772280e+01
   6.8745850e+06   4.5182417e+01
   6.8746640e+06   4.7838189e+01
   6.8748050e+06   4.6475316e+01
   6.8748620e+06   4.2217781e+01
   6.8748920e+06   4.2091535e+01
   6.8749070e+06   4.1420501e+01
   6.8764480e+06   4.1696954e+01
   6.9581670e+06   4.9908497e+01
   6.9585660e+06   4.3023115e+01
   6.9589100e+06   4.1437091e+01
   7.1033530e+06   4.5524338e+01
   7.1035150e+06   4.9190403e+01
   7.1037140e+06   4.5615218e+01
   7.1037640e+06   4.2208854e+01
   7.1037800e+06   4.1935983e+01
   7.1038510e+06   5.2619318e+01
   7.1041140e+06   4.1637701e+01
   7.1041410e+06   5.0638827e+01
   7.1042850e+06   4.1872867e+01
   7.1043970e+06   4.2542649e+01
   7.1051210e+06   4.1128729e+01
   7.2268240e+06   4.4241787e+01
   7.2269380e+06   5.4373985e+01
   7.2271210e+06   4.2287212e+01
   7.2274090e+06   4.1446669e+01
   7.2276430e+06   4.2788485e+01
   7.3826800e+06   4.3069950e+01
   7.3828770e+06   4.9513658e+01
   7.3830330e+06   4.8193028e+01
   7.3831890e+06   4.4093857e+01
   7.3833640e+06   4.1273126e+01
   7.3835210e+06   4.3341099e+01
   7.3836010e+06   4.3429606e+01
   7.5158910e+06   4.5805659e+01
   7.5159260e+06   4.1246411e+01
   7.5160490e+06   4.2381481e+01
   7.5161860e+06   4.6708603e+01
   7.5165300e+06   4.2844143e+01
   7.6035990e+06   4.5165541e+01
   7.6041810e+06   4.5974554e+01
   7.6045100e+06   4.1949559e+01
   7.6045710e+06   4.7735918e+01
   7.6045990e+06   4.1861356e+01
   7.6049270e+06   4.8833077e+01
   7.6051820e+06   4.3380190e+01
   7.6053770e+06   4.2881772e+01
   7.6054500e+06   4.2902339e+01
   7.6060940e+06   4.5067741e+01
   7.7592490e+06   4.3869351e+01
   7.7596230e+06   4.1902996e+01
   7.7596780e+06   4.3333906e+01
   7.7598950e+06   4.2201060e+01
   7.7599520e+06   5.4802694e+01
   7.7599930e+06   4.2887270e+01
   7.7601360e+06   6.8222136e+01
   7.7606230e+06   4.1620768e+01
   7.9456900e+06   4.1676449e+01
   7.9459010e+06   4.8619651e+01
   7.9460820e+06   4.3150103e+01
   7.9461750e+06   4.4647896e+01
   7.9462860e+06   4.1228696e+01
   7.9463310e+06   4.1808300e+01
   7.9463750e+06   4.2234161e+01
   7.9468950e+06   4.6109176e+01
   7.9470640e+06   4.1122548e+01
   7.9471980e+06   4.2882120e+01
   8.0397350e+06   4.5639893e+01
   8.0399840e+06   4.1203334e+01
   8.0400930e+06   4.4548397e+01
   8.0401580e+06   4.1912373e+01
   8.0402440e+06   4.6646515e+01
   8.0403180e+06   4.2011369e+01
   8.0405020e+06   4.4573520e+01
   8.0405880e+06   4.2504757e+01
   8.0406570e+06   4.1093793e+01
   8.0407250e+06   4.4522688e+01
   8.0407640e+06   4.2914933e+01
   8.0411690e+06   4.1234893e+01
   8.1839860e+06   4.2896994e+01
   8.1842160e+06   4.6805905e+01
   8.1844180e+06   4.5547111e+01
   8.1846180e+06   4.1857787e+01
   8.1850000e+06   4.2847822e+01
   8.1850970e+06   4.3283677e+01
   8.1854380e+06   4.2014102e+01
   8.3572660e+06   4.5037132e+01
   8.3574000e+06   4.1699682e+01
   8.3575600e+06   4.6744956e+01
   8.3580490e+06   4.3122826e+01
   8.3585120e+06   4.1196542e+01
   8.5161220e+06   5.3122512e+01
   8.5162530e+06   4.2589455e+01
   8.5163000e+06   4.4764868e+01
   8.5163510e+06   4.3405025e+01
   8.5165560e+06   5.0498554e+01
   8.5166050e+06   4.3320137e+01
   8.5166310e+06   4.3968131e+01
   8.5168290e+06   4.6061980e+01
   8.5171250e+06   4.1279742e+01
   8.5904620e+06   4.1669635e+01
   8.5905090e+06   4.9703015e+01
   8.5906710e+06   4.6782168e+01
   8.5906970e+06   4.2922854e+01
   8.5908010e+06   4.5341868e+01
   8.5910760e+06   4.5843960e+01
   8.5915340e+06   4.2757825e+01
   8.7435310e+06   4.4491347e+01
   8.7437500e+06   4.1835104e+01
   8.7439040e+06   5.8621874e+01
   8.7440020e+06   4.2087885e+01
   8.7440660e+06   4.2496080e+01
   8.7442180e+06   4.4517288e+01
   8.7444020e+06   4.7575075e+01
   8.7444170e+06   4.3990219e+01
   8.7444950e+06   4.3035602e+01
   8.7453870e+06   4.2483937e+01
   8.9484200e+06   4.2656990e+01
   8.9493180e+06   5.6327026e+01
   8.9495680e+06   4.7216169e+01
   8.9497400e+06   4.2410556e+01
   8.9498500e+06   4.1065800e+01
   8.9500780e+06   4.9874337e+01
   8.9502150e+06   5.3226083e+01
   8.9502620e+06   4.5600968e+01
   8.9503760e+06   4.6441598e+01
   8.9504460e+06   4.7136648e+01
   8.9504800e+06   4.2882404e+01
   8.9505910e+06   4.9556227e+01
   8.9512400e+06   4.1509802e+01
   8.9515300e+06   4.3426333e+01
