   8.9990000e+06   0.0000000e+00
   4.5759900e+05   3.6140155e+01
   8.7768400e+05   4.2822547e+01
   8.7773300e+05   3.6812347e+01
   8.7789600e+05   4.1063474e+01
   8.7938100e+05   3.6700836e+01
   8.8019900e+05   3.8043773e+01
   1.2402660e+06   3.9216829e+01
   1.3356290e+06   3.6105008e+01
   1.5734240e+06   3.5824555e+01
   1.9825010e+06   3.6981137e+01
   2.0440270e+06   3.6936760e+01
   2.2290760e+06   3.6361661e+01
   2.3925440e+06   3.6855064e+01
   2.4972920e+06   3.6026990e+01
   2.7316190e+06   3.8020867e+01
   3.2325180e+06   4.4386939e+01
   3.3417580e+06   3.6458119e+01
   3.5953840e+06   3.7099139e+01
   4.1383310e+06   3.8033122e+01
   4.8670400e+06   3.9342878e+01
   4.8674130e+06   3.7881447e+01
   4.9695390e+06   3.5517256e+01
   5.2861000e+06   3.8391060e+01
   5.4616110e+06   3.5427594e+01
   5.9901040e+06   3.6562589e+01
   6.2894090e+06   3.6420299e+01
   6.3143480e+06   3.5334450e+01
   6.7156750e+06   3.6374349e+01
   6.9582920e+06   3.6437735e+01
   7.1031000e+06   3.9141999e+01
   7.5434770e+06   3.6619047e+01
   7.6032420e+06   4.0539802e+01
   7.6034840e+06   4.2985744e+01
   7.6037180e+06   3.6411409e+01
   8.3544140e+06   3.8805809e+01
   8.7434060e+06   3.5336506e+01
