   8.9990000e+06   0.0000000e+00
   2.8450000e+04   3.9744861e+01
   3.9499000e+04   4.1768785e+01
   6.5479000e+04   3.9948045e+01
   1.0903200e+05   3.9935519e+01
   1.1032200e+05   3.9187147e+01
   1.1049700e+05   4.7207684e+01
   1.1071600e+05   4.6209492e+01
   1.3137200e+05   3.9125018e+01
   1.6394000e+05   4.4738515e+01
   1.9564900e+05   4.3789558e+01
   2.1593300e+05   4.1369043e+01
   2.1623700e+05   5.0198653e+01
   2.1633000e+05   4.0077739e+01
   2.1638200e+05   4.4364616e+01
   2.4243700e+05   4.0217247e+01
   2.5477300e+05   4.3308639e+01
   2.6504800e+05   4.1284993e+01
   3.0464700e+05   4.3281129e+01
   3.1417900e+05   4.1983311e+01
   3.1443200e+05   3.9317675e+01
   3.2910400e+05   4.1722250e+01
   4.1538100e+05   4.5885068e+01
   4.1616800e+05   4.4336542e+01
   4.1643400e+05   3.9195306e+01
   5.2217600e+05   4.4879008e+01
   5.2255600e+05   4.0455312e+01
   5.2278100e+05   4.0779108e+01
   5.2430900e+05   3.9183573e+01
   5.6201300e+05   3.9199855e+01
   6.6533900e+05   4.0239241e+01
   6.7789800e+05   5.1006163e+01
   6.7862700e+05   4.4919346e+01
   7.1360000e+05   3.9698653e+01
   8.1222800e+05   4.7766345e+01
   8.1272300e+05   4.7867392e+01
   8.1374200e+05   4.0340978e+01
   8.1392900e+05   4.0207061e+01
   8.3556200e+05   4.8431281e+01
   8.7197400e+05   3.9165819e+01
   8.7768600e+05   4.8356279e+01
   8.7773400e+05   4.8851183e+01
   8.7963000e+05   4.0488692e+01
   8.7984900e+05   4.4270985e+01
   8.9289500e+05   4.0135163e+01
   9.1484300e+05   4.5124188e+01
   9.1488600e+05   3.9697795e+01
   9.1603100e+05   3.9226074e+01
   9.1624400e+05   4.0597740e+01
   9.1850600e+05   3.9171264e+01
   9.2522200e+05   3.9178529e+01
   9.4881000e+05   4.1671441e+01
   9.5144500e+05   3.9534945e+01
   1.0222440e+06   4.7121556e+01
   1.0431870e+06   3.9317499e+01
   1.0435980e+06   4.6083955e+01
   1.0438700e+06   4.2904181e+01
   1.0453060e+06   3.9893713e+01
   1.0925830e+06   4.2460432e+01
   1.0926710e+06   4.9132583e+01
   1.0967270e+06   4.4152760e+01
   1.0973400e+06   4.3833644e+01
   1.1345140e+06   3.9732255e+01
   1.1539330e+06   4.7274194e+01
   1.1919960e+06   4.2060871e+01
   1.2394590e+06   4.4143173e+01
   1.2396970e+06   4.2769864e+01
   1.2403490e+06   4.0503691e+01
   1.2410430e+06   4.0464467e+01
   1.2435650e+06   4.2613032e+01
   1.2626770e+06   3.9140499e+01
   1.2657140e+06   3.9894656e+01
   1.2731230e+06   4.3133492e+01
   1.2734380e+06   4.2731564e+01
   1.2742590e+06   3.9369420e+01
   1.3040860e+06   3.9951900e+01
   1.3329950e+06   4.0113105e+01
   1.3330240e+06   4.9539309e+01
   1.3334480e+06   4.0759071e+01
   1.3823010e+06   4.0809893e+01
   1.3835010e+06   3.9295157e+01
   1.4314510e+06   3.9178281e+01
   1.4884960e+06   3.9895229e+01
   1.4886670e+06   3.9123651e+01
   1.4888270e+06   4.6023707e+01
   1.4891060e+06   4.3048034e+01
   1.5026910e+06   4.3974845e+01
   1.5734260e+06   3.9265524e+01
   1.5734450e+06   3.9906623e+01
   1.5735440e+06   4.5935033e+01
   1.5876590e+06   4.0287033e+01
   1.5972620e+06   3.9472526e+01
   1.6039670e+06   4.2950655e+01
   1.6107270e+06   4.0340002e+01
   1.6325140e+06   3.9220440e+01
   1.6681260e+06   4.3388763e+01
   1.6684790e+06   4.1134365e+01
   1.6686400e+06   3.9143306e+01
   1.6912740e+06   3.9697226e+01
   1.7137750e+06   3.9201913e+01
   1.7167930e+06   4.0146927e+01
   1.7739310e+06   4.0851924e+01
   1.8493510e+06   4.4091663e+01
   1.8580170e+06   3.9658101e+01
   1.8582260e+06   3.9242544e+01
   1.8583380e+06   4.6940014e+01
   1.9425820e+06   4.8031849e+01
   1.9825070e+06   4.0511324e+01
   1.9828730e+06   4.9175484e+01
   1.9829020e+06   4.3456167e+01
   1.9831930e+06   4.3796140e+01
   1.9832810e+06   4.2875859e+01
   1.9841560e+06   4.0853987e+01
   2.0431100e+06   3.9316847e+01
   2.0435650e+06   4.2280175e+01
   2.0442570e+06   4.3163609e+01
   2.0459560e+06   4.2595748e+01
   2.1148300e+06   3.9317729e+01
   2.1348460e+06   3.9198937e+01
   2.1885520e+06   3.9184921e+01
   2.1886930e+06   4.4099978e+01
   2.1888030e+06   4.8826573e+01
   2.2293370e+06   3.9648207e+01
   2.2296130e+06   4.0371912e+01
   2.2299270e+06   4.0935240e+01
   2.2518400e+06   3.9917517e+01
   2.3032310e+06   4.1655577e+01
   2.3038840e+06   4.0138671e+01
   2.3041550e+06   5.2448598e+01
   2.3060350e+06   4.0054133e+01
   2.4063260e+06   4.4064627e+01
   2.4066590e+06   4.6417809e+01
   2.4067130e+06   4.5149753e+01
   2.4361300e+06   4.0929604e+01
   2.4389410e+06   3.9143723e+01
   2.4613430e+06   4.0969467e+01
   2.4618680e+06   4.2254768e+01
   2.4629120e+06   3.9426932e+01
   2.4932500e+06   4.0411163e+01
   2.5092780e+06   4.2403690e+01
   2.5836890e+06   3.9529263e+01
   2.6758910e+06   3.9399424e+01
   2.6832330e+06   4.1097954e+01
   2.6997530e+06   4.0133512e+01
   2.7000480e+06   4.0161346e+01
   2.7001680e+06   4.3336496e+01
   2.7201050e+06   4.0037055e+01
   2.7315950e+06   3.9337372e+01
   2.7340790e+06   4.1121455e+01
   2.7967640e+06   4.0154134e+01
   2.8532860e+06   4.4586873e+01
   2.8604540e+06   4.6333534e+01
   2.8606730e+06   3.9194735e+01
   2.8610610e+06   4.1246391e+01
   2.8612700e+06   4.1233419e+01
   2.8617360e+06   4.3130564e+01
   2.9002980e+06   3.9578038e+01
   2.9234720e+06   4.1411783e+01
   2.9235910e+06   4.5376762e+01
   2.9236470e+06   4.3678323e+01
   2.9671050e+06   3.9788388e+01
   2.9975130e+06   4.3068785e+01
   3.0106090e+06   4.0266762e+01
   3.0111910e+06   3.9580652e+01
   3.0112420e+06   4.3328331e+01
   3.0744220e+06   4.1738123e+01
   3.1090560e+06   4.4059980e+01
   3.1593100e+06   3.9736878e+01
   3.1900880e+06   3.9144117e+01
   3.1906110e+06   4.0753615e+01
   3.1912850e+06   4.2916626e+01
   3.2321390e+06   4.1556589e+01
   3.2330930e+06   3.9282211e+01
   3.2355980e+06   4.0958872e+01
   3.2701450e+06   4.0737242e+01
   3.2863630e+06   4.0114780e+01
   3.3409790e+06   4.4070828e+01
   3.3412800e+06   4.0916346e+01
   3.3418370e+06   4.1095381e+01
   3.3427510e+06   4.0243014e+01
   3.3468170e+06   4.0322062e+01
   3.3735450e+06   4.7961827e+01
   3.3742620e+06   4.1971967e+01
   3.3747560e+06   4.0221494e+01
   3.4143130e+06   4.0245690e+01
   3.4601870e+06   3.9235666e+01
   3.4615800e+06   3.9416724e+01
   3.4955900e+06   4.2248807e+01
   3.4968820e+06   4.0182882e+01
   3.4983450e+06   3.9964021e+01
   3.5951300e+06   3.9435872e+01
   3.5955310e+06   4.0106324e+01
   3.5956930e+06   4.8708875e+01
   3.5958170e+06   3.9746081e+01
   3.5958870e+06   4.0404641e+01
   3.5959960e+06   4.2156659e+01
   3.5966850e+06   4.7563685e+01
   3.6450560e+06   3.9873778e+01
   3.7836660e+06   4.3092952e+01
   3.7847820e+06   4.1972625e+01
   3.7851820e+06   4.6685840e+01
   3.7861060e+06   4.3001007e+01
   3.7952510e+06   4.2948093e+01
   3.8686060e+06   4.2162823e+01
   3.9278330e+06   3.9230990e+01
   3.9773450e+06   3.9845020e+01
   4.0009960e+06   4.2412427e+01
   4.0349850e+06   4.0896487e+01
   4.1191850e+06   4.0055084e+01
   4.1381700e+06   4.6446871e+01
   4.1602940e+06   3.9880300e+01
   4.1604110e+06   3.9422101e+01
   4.2177490e+06   4.3828380e+01
   4.2179620e+06   4.0415475e+01
   4.2189710e+06   3.9282568e+01
   4.3724420e+06   3.9811281e+01
   4.4005310e+06   4.3959293e+01
   4.4192070e+06   3.9643744e+01
   4.4735220e+06   4.0932219e+01
   4.4739410e+06   4.2235240e+01
   4.4740330e+06   4.2555787e+01
   4.4746750e+06   4.0682736e+01
   4.4751370e+06   4.0264724e+01
   4.5430780e+06   3.9287264e+01
   4.5434580e+06   3.9726356e+01
   4.5449920e+06   4.4289679e+01
   4.6583620e+06   4.0063239e+01
   4.6655580e+06   4.7136339e+01
   4.6656780e+06   4.1683127e+01
   4.6658050e+06   4.1383793e+01
   4.6660210e+06   4.1432038e+01
   4.6665610e+06   4.1187627e+01
   4.7564160e+06   3.9256100e+01
   4.7567870e+06   4.0331997e+01
   4.7568390e+06   4.0239549e+01
   4.8485050e+06   4.4329314e+01
   4.8671700e+06   3.9235394e+01
   4.8793240e+06   4.0464361e+01
   4.9071810e+06   3.9671230e+01
   4.9078150e+06   3.9591606e+01
   4.9690240e+06   4.2944430e+01
   4.9693400e+06   4.4730935e+01
   5.0051290e+06   4.3521132e+01
   5.0266750e+06   4.1045065e+01
   5.0405120e+06   4.0906380e+01
   5.0680850e+06   4.8279942e+01
   5.0687170e+06   4.0719002e+01
   5.0687810e+06   4.3223991e+01
   5.1641190e+06   4.3405371e+01
   5.1706710e+06   4.1636389e+01
   5.1858280e+06   4.1164084e+01
   5.1859740e+06   4.6980550e+01
   5.1861060e+06   4.0448919e+01
   5.1864300e+06   5.0029096e+01
   5.2076140e+06   4.1104650e+01
   5.2859900e+06   4.0912836e+01
   5.2862320e+06   3.9701505e+01
   5.2865510e+06   4.3088436e+01
   5.3338180e+06   4.0077765e+01
   5.3484380e+06   4.0812461e+01
   5.3621740e+06   4.5317779e+01
   5.3622930e+06   4.0325540e+01
   5.4562390e+06   4.3778352e+01
   5.4564570e+06   3.9599838e+01
   5.4612880e+06   6.0595310e+01
   5.4633380e+06   4.0001811e+01
   5.4803640e+06   3.9621515e+01
   5.5717910e+06   3.9504985e+01
   5.5872880e+06   4.2417363e+01
   5.6302120e+06   4.1636907e+01
   5.6305670e+06   3.9838728e+01
   5.6836850e+06   4.1957934e+01
   5.7333440e+06   3.9487138e+01
   5.7333910e+06   4.0439692e+01
   5.7338510e+06   4.1872595e+01
   5.7340190e+06   4.2112456e+01
   5.7342500e+06   4.3462834e+01
   5.7442180e+06   4.1277932e+01
   5.7813320e+06   4.3372182e+01
   5.8318080e+06   4.0724228e+01
   5.8516700e+06   4.6352114e+01
   5.9427650e+06   4.2685912e+01
   5.9428360e+06   4.2833493e+01
   5.9429350e+06   4.4001871e+01
   5.9433910e+06   4.8351989e+01
   5.9439780e+06   4.1334361e+01
   5.9705660e+06   4.0545551e+01
   5.9782630e+06   3.9716964e+01
   6.0658740e+06   4.2812949e+01
   6.0894970e+06   4.4498952e+01
   6.1059380e+06   3.9172169e+01
   6.1155060e+06   4.1477167e+01
   6.1237690e+06   3.9883185e+01
   6.1282260e+06   4.0156898e+01
   6.2200500e+06   5.4039110e+01
   6.2721810e+06   4.1443830e+01
   6.2978390e+06   3.9676520e+01
   6.3125540e+06   3.9496359e+01
   6.3138820e+06   4.1150975e+01
   6.3986320e+06   3.9492296e+01
   6.3996280e+06   3.9636103e+01
   6.3996550e+06   4.5468157e+01
   6.4295730e+06   4.7399330e+01
   6.5400030e+06   4.2446792e+01
   6.5401420e+06   4.2552028e+01
   6.6015930e+06   3.9549991e+01
   6.6022960e+06   3.9504257e+01
   6.6027060e+06   4.0985043e+01
   6.6030790e+06   4.8199701e+01
   6.6033640e+06   4.7521050e+01
   6.6045880e+06   4.1536371e+01
   6.6280350e+06   3.9956016e+01
   6.6844240e+06   4.2047683e+01
   6.6930700e+06   4.2186907e+01
   6.7590530e+06   5.1911126e+01
   6.7601430e+06   3.9861015e+01
   6.7601750e+06   4.2460297e+01
   6.8348990e+06   3.9213597e+01
   6.8477020e+06   4.4096382e+01
   6.8735810e+06   4.0651487e+01
   6.8736930e+06   3.9580015e+01
   6.8737200e+06   4.6948572e+01
   6.8738640e+06   4.4725083e+01
   6.9042110e+06   4.0018255e+01
   6.9117190e+06   3.9524725e+01
   6.9565140e+06   4.0091032e+01
   6.9567040e+06   4.3538529e+01
   6.9571820e+06   4.7255271e+01
   6.9589750e+06   3.9458283e+01
   6.9814750e+06   4.4118347e+01
   7.0270770e+06   3.9541010e+01
   7.1027400e+06   4.5541721e+01
   7.1028610e+06   3.9649409e+01
   7.1031390e+06   4.4058222e+01
   7.1363090e+06   4.1063940e+01
   7.2124050e+06   4.1558881e+01
   7.2247080e+06   3.9437556e+01
   7.2254080e+06   4.5243073e+01
   7.2258240e+06   4.2334985e+01
   7.2281350e+06   4.0594146e+01
   7.3823910e+06   3.9695503e+01
   7.4018960e+06   3.9719096e+01
   7.5142700e+06   4.3077551e+01
   7.5150590e+06   4.0254165e+01
   7.5151700e+06   4.0287843e+01
   7.5448940e+06   4.2764438e+01
   7.5720180e+06   4.1203317e+01
   7.6031430e+06   4.6208292e+01
   7.6034270e+06   4.2660225e+01
   7.6034840e+06   4.6777605e+01
   7.6037270e+06   4.1075086e+01
   7.7261300e+06   4.3785555e+01
   7.7586320e+06   4.0582137e+01
   7.7589390e+06   4.5048265e+01
   7.7591090e+06   4.5663979e+01
   7.7895050e+06   4.5241860e+01
   7.8672860e+06   4.5321577e+01
   7.9458790e+06   4.1960306e+01
   7.9460740e+06   4.0819431e+01
   7.9461360e+06   3.9948497e+01
   8.0375320e+06   3.9153438e+01
   8.0388960e+06   4.5308743e+01
   8.0394840e+06   4.2975067e+01
   8.0395210e+06   3.9562103e+01
   8.0611930e+06   4.3648828e+01
   8.1544550e+06   3.9374090e+01
   8.1827810e+06   3.9759359e+01
   8.1829430e+06   4.0757480e+01
   8.1830840e+06   4.5418546e+01
   8.1831560e+06   4.2294294e+01
   8.1832370e+06   4.1529528e+01
   8.1842800e+06   4.0991028e+01
   8.3261800e+06   3.9117733e+01
   8.3571280e+06   4.3460979e+01
   8.3572160e+06   4.2587082e+01
   8.3574070e+06   4.4211124e+01
   8.4385310e+06   4.4682710e+01
   8.5086180e+06   3.9546428e+01
   8.5139360e+06   4.2787596e+01
   8.5156660e+06   4.3972679e+01
   8.5157220e+06   4.3725552e+01
   8.5162460e+06   4.3739800e+01
   8.5167710e+06   4.1851590e+01
   8.5890360e+06   4.3048851e+01
   8.5891050e+06   4.3213782e+01
   8.5894430e+06   4.3547796e+01
   8.5896980e+06   4.1009126e+01
   8.5897270e+06   3.9234322e+01
   8.5936030e+06   3.9928057e+01
   8.7433880e+06   3.9253538e+01
   8.7836900e+06   3.9449511e+01
   8.7878480e+06   3.9164971e+01
   8.7881820e+06   4.0114964e+01
   8.9125160e+06   4.1171671e+01
   8.9429720e+06   3.9123788e+01
   8.9490420e+06   4.2773668e+01
   8.9493680e+06   4.6694212e+01
   8.9495060e+06   4.3142894e+01
   8.9496530e+06   4.1020921e+01
   8.9649840e+06   3.9782135e+01
