   8.9990000e+06   0.0000000e+00
   1.1167100e+05   4.3052320e+01
   4.1610000e+05   3.8634706e+01
   8.7768700e+05   4.5813435e+01
   8.7773500e+05   3.8662558e+01
   8.7984900e+05   4.0121952e+01
   8.8194800e+05   3.8688134e+01
   1.0439190e+06   4.0044451e+01
   1.2412820e+06   4.4128519e+01
   1.5735740e+06   4.1498404e+01
   1.5736180e+06   3.9001977e+01
   2.6997630e+06   3.9445740e+01
   2.7012930e+06   3.8552008e+01
   2.8610250e+06   3.9148659e+01
   2.8610510e+06   3.9837937e+01
   2.8616290e+06   3.9950317e+01
   3.0117630e+06   4.0535512e+01
   3.1592790e+06   4.6068159e+01
   3.2322590e+06   4.0642801e+01
   3.4612560e+06   3.8606808e+01
   3.5955100e+06   4.0341442e+01
   3.7874580e+06   3.8928120e+01
   3.8189630e+06   3.8770590e+01
   3.9791100e+06   4.2613575e+01
   4.2185300e+06   3.9800080e+01
   4.3720560e+06   4.3078924e+01
   4.6668730e+06   3.9167301e+01
   4.8671690e+06   4.2834152e+01
   4.9713240e+06   4.0310881e+01
   5.0686420e+06   3.9083539e+01
   5.4627450e+06   4.0174974e+01
   5.9441640e+06   4.0590448e+01
   5.9441880e+06   3.8965318e+01
   6.3995900e+06   4.1681013e+01
   6.5211090e+06   3.8703284e+01
   6.7608580e+06   3.8990404e+01
   6.8752000e+06   4.7417005e+01
   7.2267690e+06   3.9083802e+01
   7.9462080e+06   3.9632298e+01
   7.9462500e+06   3.8848159e+01
   8.1837340e+06   3.9828757e+01
   8.1841970e+06   4.1066221e+01
   8.1842530e+06   3.9853141e+01
   8.3572910e+06   4.1664203e+01
   8.3581150e+06   3.8894848e+01
   8.5918080e+06   4.2339244e+01
   8.7440000e+06   4.1291498e+01
   8.7444030e+06   4.3061344e+01
