   8.9990000e+06   0.0000000e+00
   1.0979400e+05   3.7550633e+01
   1.1081100e+05   3.7589180e+01
   1.1174900e+05   3.7549993e+01
   2.9296200e+05   3.8420061e+01
   3.1533100e+05   3.6960871e+01
   5.2305300e+05   4.0492427e+01
   8.7768100e+05   3.7841646e+01
   9.1296400e+05   3.7381006e+01
   1.1376220e+06   3.7543854e+01
   1.2579350e+06   3.6857719e+01
   1.2743800e+06   3.7674866e+01
   2.1889190e+06   3.7310621e+01
   2.3046790e+06   4.1573572e+01
   2.3051930e+06   3.8449851e+01
   2.4069040e+06   4.0457386e+01
   2.4071540e+06   3.6843108e+01
   2.6100980e+06   3.6904237e+01
   3.4976850e+06   3.6659144e+01
   3.7568960e+06   3.6805832e+01
   4.2187270e+06   3.6722752e+01
   4.4747860e+06   4.1513843e+01
   4.5460130e+06   3.6663643e+01
   4.8671530e+06   3.8890679e+01
   4.9697930e+06   3.7184450e+01
   5.0642770e+06   3.8358925e+01
   5.2881460e+06   4.0417714e+01
   5.5880600e+06   4.2410098e+01
   5.8526150e+06   3.6984148e+01
   5.8526450e+06   3.6705817e+01
   6.3075010e+06   3.7775369e+01
   6.6860990e+06   3.7686187e+01
   8.0389860e+06   3.7635718e+01
   8.0395420e+06   4.1140947e+01
   8.1836640e+06   3.8397426e+01
   8.5157100e+06   3.8603082e+01
   8.6219250e+06   3.7932046e+01
   8.7873180e+06   3.9616629e+01
   8.8358580e+06   3.6842664e+01
   8.9495180e+06   3.7667203e+01
