   8.9990000e+06   0.0000000e+00
   1.1117500e+05   4.6376715e+01
   1.1146200e+05   3.6204927e+01
   2.1700200e+05   3.9642212e+01
   4.1657000e+05   3.6923830e+01
   4.8827200e+05   3.6730247e+01
   5.1802900e+05   3.5659707e+01
   6.1569700e+05   3.6168734e+01
   6.5752900e+05   3.5729805e+01
   7.9994700e+05   3.6432781e+01
   8.7768700e+05   4.0562100e+01
   8.7773200e+05   4.2393197e+01
   8.7790900e+05   4.2526044e+01
   8.7990300e+05   3.7795553e+01
   9.1378200e+05   3.8521756e+01
   9.1529500e+05   3.5890546e+01
   1.0438880e+06   3.7325455e+01
   1.2397040e+06   3.9193436e+01
   1.2750480e+06   3.5802739e+01
   1.5734260e+06   3.9366969e+01
   1.6053700e+06   3.8830756e+01
   1.6676230e+06   3.5837773e+01
   1.8592800e+06   3.5747732e+01
   1.9834470e+06   3.6229486e+01
   2.0456440e+06   3.7781747e+01
   2.1883890e+06   3.7369480e+01
   2.2284800e+06   3.7747025e+01
   2.3039570e+06   3.6232129e+01
   2.3449180e+06   3.5670704e+01
   2.5105560e+06   3.9069619e+01
   2.5373360e+06   3.6124508e+01
   2.6998440e+06   4.1475121e+01
   2.7330740e+06   3.7876052e+01
   2.8375860e+06   3.6871395e+01
   2.8612450e+06   3.8152881e+01
   2.8615400e+06   3.7682523e+01
   2.8625000e+06   3.7800144e+01
   2.8629810e+06   3.5725789e+01
   3.3745540e+06   3.5720478e+01
   3.4612590e+06   4.2888293e+01
   3.7848650e+06   3.6060563e+01
   3.7855430e+06   4.0926880e+01
   3.9778640e+06   4.0081462e+01
   4.1779150e+06   3.6093491e+01
   4.2193250e+06   4.1588539e+01
   4.3720770e+06   4.4316147e+01
   4.4109360e+06   3.6414612e+01
   4.5438460e+06   3.5728865e+01
   4.6674470e+06   3.6944988e+01
   4.7575550e+06   3.7672422e+01
   4.8682280e+06   3.7331617e+01
   4.9696550e+06   3.5763463e+01
   4.9704270e+06   3.8291950e+01
   5.3630460e+06   3.6976089e+01
   5.3633280e+06   4.6427289e+01
   5.4624970e+06   3.5823479e+01
   5.4625610e+06   3.7885443e+01
   5.5880530e+06   3.7728666e+01
   5.5882230e+06   3.5748954e+01
   5.6460610e+06   3.9469688e+01
   5.7091760e+06   3.5777987e+01
   5.7337160e+06   4.1089111e+01
   5.9437160e+06   3.7659064e+01
   6.2212150e+06   4.8476767e+01
   6.2699680e+06   4.8585915e+01
   6.3136360e+06   3.6537757e+01
   6.3287640e+06   3.5602309e+01
   6.3997360e+06   4.0584571e+01
   6.5207100e+06   3.7111307e+01
   6.6020270e+06   3.7184520e+01
   6.6027800e+06   3.6505257e+01
   6.6855760e+06   3.8900279e+01
   6.7603590e+06   3.5945681e+01
   6.8748810e+06   3.5962213e+01
   6.9579900e+06   3.7143462e+01
   7.2262700e+06   3.6320884e+01
   7.5911230e+06   3.6478100e+01
   7.6039150e+06   3.6906616e+01
   7.7596550e+06   3.6427332e+01
   7.9464500e+06   3.7150339e+01
   8.0397080e+06   3.7632662e+01
   8.1833360e+06   3.7019733e+01
   8.1846750e+06   3.8744380e+01
   8.3574360e+06   4.2108579e+01
   8.3575030e+06   3.6047753e+01
   8.3794910e+06   3.6935457e+01
   8.5160690e+06   3.6826045e+01
   8.5167060e+06   3.6958746e+01
   8.7437740e+06   3.9598433e+01
   8.7880200e+06   3.8573419e+01
   8.7885700e+06   3.7979127e+01
   8.9497540e+06   3.6735757e+01
   8.9499460e+06   3.5882401e+01
