   8.9990000e+06   0.0000000e+00
   1.1135800e+05   4.3029853e+01
   1.1182000e+05   4.1652259e+01
   2.1636800e+05   4.2198367e+01
   2.1646500e+05   4.7654812e+01
   2.1652500e+05   4.2345985e+01
   4.1708500e+05   4.1465747e+01
   5.2386600e+05   5.0568669e+01
   5.2392700e+05   4.0723280e+01
   5.2412000e+05   4.0575331e+01
   5.5745500e+05   4.2439999e+01
   6.7929000e+05   4.1277506e+01
   8.1295400e+05   4.3593859e+01
   8.7768600e+05   4.9638484e+01
   8.7773200e+05   4.4963966e+01
   9.1528900e+05   4.0352716e+01
   9.1554700e+05   5.0265521e+01
   9.1612800e+05   4.0577735e+01
   1.0447420e+06   4.2587470e+01
   1.2403910e+06   4.3675126e+01
   1.4893510e+06   4.1141504e+01
   1.5736210e+06   4.2010929e+01
   1.6040770e+06   4.0186907e+01
   1.6044140e+06   4.1062964e+01
   1.6044560e+06   4.2041667e+01
   1.6050370e+06   4.5030616e+01
   1.6687670e+06   4.2055083e+01
   1.7162580e+06   4.0538689e+01
   1.8577110e+06   4.1505243e+01
   1.8589650e+06   4.2473465e+01
   1.9832450e+06   4.6269055e+01
   1.9834480e+06   4.0317989e+01
   1.9835050e+06   4.6292969e+01
   1.9835980e+06   4.1087719e+01
   1.9842460e+06   4.1049751e+01
   2.0450980e+06   4.2518224e+01
   2.0699400e+06   4.4259152e+01
   2.1904350e+06   4.3167730e+01
   2.4634180e+06   4.6053351e+01
   2.6990310e+06   4.4452127e+01
   2.6995340e+06   4.1641644e+01
   2.6996140e+06   4.4600874e+01
   2.6998530e+06   4.7531465e+01
   2.7000900e+06   4.0452178e+01
   2.8608120e+06   4.1164028e+01
   2.8611540e+06   4.6625766e+01
   2.9250800e+06   4.0887220e+01
   3.0115670e+06   4.1148181e+01
   3.0125880e+06   4.1667991e+01
   3.1595850e+06   4.2596315e+01
   3.3415460e+06   4.2335889e+01
   3.4610290e+06   4.1388509e+01
   3.4612020e+06   4.1141060e+01
   3.4616680e+06   4.0882600e+01
   3.7859710e+06   4.4704312e+01
   3.7860430e+06   4.5419498e+01
   3.7867430e+06   4.4778390e+01
   3.9790260e+06   4.7951705e+01
   3.9797250e+06   4.0664695e+01
   3.9803730e+06   4.1081851e+01
   4.1385760e+06   4.1996048e+01
   4.2183190e+06   4.1887185e+01
   4.2183490e+06   4.2631865e+01
   4.3715370e+06   4.2046553e+01
   4.3718970e+06   4.1416452e+01
   4.3720230e+06   4.2307475e+01
   4.4750900e+06   5.1625631e+01
   4.6664130e+06   4.0429613e+01
   4.6674920e+06   4.2403629e+01
   4.7575080e+06   4.3080455e+01
   4.7578070e+06   4.1387879e+01
   4.7591670e+06   4.1137466e+01
   4.8671090e+06   4.5864106e+01
   4.8692930e+06   4.1239074e+01
   4.9694140e+06   4.0949104e+01
   4.9694890e+06   4.5387653e+01
   4.9698110e+06   4.4719732e+01
   5.0696010e+06   4.1297157e+01
   5.1866670e+06   4.3886171e+01
   5.2873120e+06   4.4193434e+01
   5.2873310e+06   4.4651998e+01
   5.3634760e+06   4.5913542e+01
   5.3636140e+06   4.2107389e+01
   5.4621120e+06   4.2341892e+01
   5.4623170e+06   4.4864870e+01
   5.4626570e+06   4.0862893e+01
   5.5880360e+06   4.3428594e+01
   5.8528700e+06   4.3827619e+01
   5.8536230e+06   4.2188499e+01
   5.9438260e+06   4.2118130e+01
   6.2208400e+06   4.1608673e+01
   6.2214260e+06   4.1238981e+01
   6.3145330e+06   4.0784824e+01
   6.3272270e+06   4.0821189e+01
   6.3998620e+06   4.7329454e+01
   6.4000930e+06   4.1850434e+01
   6.4006210e+06   4.2623819e+01
   6.5417120e+06   4.1347219e+01
   6.6032760e+06   4.2916603e+01
   6.6033770e+06   4.3640556e+01
   6.6864290e+06   4.1884033e+01
   6.7601300e+06   4.1106163e+01
   6.7612360e+06   4.3368058e+01
   6.8752600e+06   4.9234103e+01
   6.8758390e+06   4.2497698e+01
   6.9581660e+06   4.1410125e+01
   6.9585180e+06   4.2607288e+01
   6.9587810e+06   4.3296399e+01
   6.9589700e+06   4.4531006e+01
   6.9591080e+06   4.3761920e+01
   7.1032110e+06   4.0749955e+01
   7.1034100e+06   4.0547229e+01
   7.1042720e+06   4.0387475e+01
   7.1044330e+06   4.3755067e+01
   7.1049740e+06   4.0597065e+01
   7.2268930e+06   4.5914004e+01
   7.2273370e+06   4.0333126e+01
   7.2274860e+06   4.1581105e+01
   7.3831910e+06   4.0170019e+01
   7.3834280e+06   4.1946862e+01
   7.3834800e+06   4.0407071e+01
   7.3836010e+06   4.0590658e+01
   7.5162990e+06   4.2642079e+01
   7.6042610e+06   4.2027645e+01
   7.6046810e+06   4.2888332e+01
   7.6052620e+06   4.3360299e+01
   7.7601690e+06   4.4023973e+01
   7.7601990e+06   4.2391001e+01
   7.9463170e+06   4.6019496e+01
   7.9466450e+06   4.1140830e+01
   8.0399010e+06   4.2096647e+01
   8.0410540e+06   4.2835696e+01
   8.1840220e+06   4.2068930e+01
   8.1840680e+06   4.2774355e+01
   8.1840900e+06   4.0340337e+01
   8.1843510e+06   4.0642416e+01
   8.1844420e+06   4.5011989e+01
   8.1844910e+06   4.2998860e+01
   8.1849420e+06   4.1845487e+01
   8.3577070e+06   4.0876320e+01
   8.3580070e+06   5.2090947e+01
   8.3580430e+06   4.7737085e+01
   8.3583070e+06   4.2799520e+01
   8.3584800e+06   4.0358916e+01
   8.3586630e+06   4.0436884e+01
   8.5158490e+06   4.1284811e+01
   8.5179550e+06   4.0913048e+01
   8.5902290e+06   4.5730274e+01
   8.5903260e+06   4.2485095e+01
   8.5906090e+06   4.1082006e+01
   8.5907020e+06   4.6935446e+01
   8.5909510e+06   4.1475018e+01
   8.5911380e+06   4.1293021e+01
   8.7439400e+06   4.1153279e+01
   8.7441310e+06   4.2747376e+01
   8.7442530e+06   4.7373824e+01
   8.7444770e+06   4.0324479e+01
   8.7454630e+06   4.2743747e+01
   8.9500320e+06   4.5310785e+01
   8.9506980e+06   4.0421277e+01
   8.9509020e+06   4.4251864e+01
   8.9510730e+06   4.8495256e+01
   8.9513910e+06   4.2353443e+01
