   8.9990000e+06   0.0000000e+00
   2.4212000e+04   4.4361381e+01
   6.0301900e+05   4.1149294e+01
   8.2128100e+05   4.2032434e+01
   8.7768700e+05   4.3117591e+01
   8.7790000e+05   4.1572330e+01
   8.8035900e+05   4.1492834e+01
   9.2288600e+05   4.2299114e+01
   9.5909800e+05   4.1076966e+01
   1.2271690e+06   4.2021341e+01
   1.2274600e+06   4.2799475e+01
   1.2275730e+06   4.7364990e+01
   1.2276150e+06   4.1287555e+01
   1.2276400e+06   4.7122379e+01
   1.4518030e+06   4.1271180e+01
   1.5632470e+06   4.2106928e+01
   1.5734260e+06   4.7070310e+01
   1.5734990e+06   4.6953519e+01
   1.5735210e+06   5.7269203e+01
   1.5735700e+06   6.0309640e+01
   1.5735830e+06   5.9743620e+01
   1.5736680e+06   4.6602802e+01
   1.5736970e+06   5.2295084e+01
   1.5737130e+06   5.0798586e+01
   1.5737590e+06   4.3818628e+01
   1.5738020e+06   4.9945848e+01
   1.5740120e+06   4.2102808e+01
   1.6791920e+06   4.1406494e+01
   1.6792350e+06   4.4611595e+01
   1.6793980e+06   4.3366914e+01
   2.2687190e+06   4.2272596e+01
   2.5344780e+06   4.4088289e+01
   2.5686650e+06   4.1849277e+01
