   8.9990000e+06   0.0000000e+00
   1.2654000e+04   3.8452148e+01
   6.1469000e+04   3.8635254e+01
   9.5989000e+04   3.8574219e+01
   9.8858000e+04   4.4799805e+01
   9.9116000e+04   4.7729492e+01
   9.9245000e+04   5.0903320e+01
   9.9698000e+04   3.8269043e+01
   9.9853000e+04   3.8879395e+01
   1.0010800e+05   4.2968750e+01
   1.0049600e+05   3.8146973e+01
   1.0056300e+05   4.6325684e+01
   1.0072800e+05   4.2297363e+01
   1.0074500e+05   3.8452148e+01
   1.0078400e+05   4.5715332e+01
   1.0082700e+05   4.5104980e+01
   1.0085700e+05   4.8156738e+01
   1.0110900e+05   4.8889160e+01
   1.0112700e+05   4.2907715e+01
   1.0119100e+05   4.2175293e+01
   1.0125500e+05   3.8146973e+01
   1.0131900e+05   3.9367676e+01
   1.1362500e+05   3.8146973e+01
   1.1386700e+05   4.6997070e+01
   1.1489700e+05   3.7353516e+01
   1.1514400e+05   3.9733887e+01
   1.1930100e+05   3.8879395e+01
   1.2225200e+05   3.7292480e+01
   1.2785600e+05   4.2785645e+01
   1.2959900e+05   4.7668457e+01
   1.2967800e+05   4.0222168e+01
   1.3082300e+05   4.2907715e+01
   1.3112100e+05   3.8696289e+01
   1.3169800e+05   5.4931641e+01
   1.3203700e+05   4.2419434e+01
   1.3245700e+05   4.3518066e+01
   1.3256300e+05   4.8400879e+01
   1.3278300e+05   4.3762207e+01
   1.3292900e+05   3.8269043e+01
   1.3299700e+05   4.0954590e+01
   1.3309600e+05   3.9550781e+01
   1.3330800e+05   4.2785645e+01
   1.3339100e+05   4.2846680e+01
   1.3344600e+05   3.9062500e+01
   1.3376300e+05   3.7963867e+01
   1.3465100e+05   3.8757324e+01
   1.8273400e+05   3.7719727e+01
   1.8289600e+05   4.4677734e+01
   1.8454800e+05   4.1381836e+01
   2.3730300e+05   3.9184570e+01
   2.7286100e+05   3.8452148e+01
   3.2878800e+05   3.7475586e+01
   3.3710500e+05   4.2785645e+01
   3.3948500e+05   3.9001465e+01
   3.3960000e+05   3.9001465e+01
   3.4338400e+05   4.5410156e+01
   3.4467200e+05   4.2541504e+01
   3.4482700e+05   4.0283203e+01
   3.4507900e+05   3.7963867e+01
   3.4513800e+05   5.4443359e+01
   3.4517600e+05   4.8583984e+01
   3.4527500e+05   4.0893555e+01
   3.4553900e+05   4.7668457e+01
   3.4570000e+05   3.9245605e+01
   3.8865400e+05   3.9001465e+01
   3.9295400e+05   3.9367676e+01
   3.9474600e+05   4.6386719e+01
   3.9978800e+05   3.9611816e+01
   4.0389500e+05   3.9916992e+01
   4.1061400e+05   4.2053223e+01
   4.1156800e+05   3.7475586e+01
   4.5481300e+05   4.5959473e+01
   4.8064300e+05   5.4382324e+01
   5.7525800e+05   3.8146973e+01
   5.7974400e+05   4.5837402e+01
   5.7991700e+05   4.6386719e+01
   6.0373700e+05   4.6813965e+01
   6.2008900e+05   5.6335449e+01
   6.4094900e+05   4.5349121e+01
   6.5756200e+05   3.8452148e+01
   6.7235600e+05   3.9733887e+01
   7.0033700e+05   3.9550781e+01
   7.2861800e+05   3.8146973e+01
   7.8074100e+05   4.7851563e+01
   7.8603100e+05   4.0405273e+01
   7.8613300e+05   5.4809570e+01
   7.8643900e+05   4.3395996e+01
   7.8730700e+05   4.6691895e+01
   7.8769700e+05   4.4555664e+01
   7.8778700e+05   4.7790527e+01
   7.8788800e+05   3.7353516e+01
   7.8799600e+05   4.0954590e+01
   7.8805400e+05   3.9367676e+01
   7.8820000e+05   3.7902832e+01
   7.8824700e+05   4.2236328e+01
   8.2366200e+05   5.3405762e+01
   8.4409800e+05   4.7668457e+01
   8.4969600e+05   4.0649414e+01
   8.5120100e+05   4.9011230e+01
   8.5988700e+05   3.9367676e+01
   9.0706700e+05   4.7912598e+01
   9.0876300e+05   4.8034668e+01
   9.4585500e+05   4.1381836e+01
   9.5461900e+05   3.8085938e+01
   9.5496600e+05   4.6630859e+01
   9.5583000e+05   4.0100098e+01
   9.5622100e+05   4.3151855e+01
   9.6476400e+05   3.9184570e+01
   9.7957500e+05   3.7231445e+01
   9.9320200e+05   4.4128418e+01
   1.0136480e+06   3.8146973e+01
   1.0138180e+06   4.6203613e+01
   1.0139970e+06   3.7780762e+01
   1.0144760e+06   4.4494629e+01
   1.0218440e+06   4.6203613e+01
   1.0310700e+06   4.3029785e+01
   1.0380050e+06   4.9926758e+01
   1.0397190e+06   3.7841797e+01
   1.0466710e+06   3.8024902e+01
   1.0486790e+06   3.8818359e+01
   1.0497770e+06   3.7902832e+01
   1.0505670e+06   3.9794922e+01
   1.0510240e+06   4.8828125e+01
   1.0514010e+06   4.6936035e+01
   1.0725990e+06   3.9489746e+01
   1.1012790e+06   4.8400879e+01
   1.1057280e+06   4.1076660e+01
   1.1134440e+06   3.9489746e+01
   1.1166980e+06   3.9672852e+01
   1.1206210e+06   3.8330078e+01
   1.1471980e+06   3.8940430e+01
   1.1491050e+06   3.7536621e+01
   1.1524100e+06   3.8940430e+01
   1.1573270e+06   4.1320801e+01
   1.1589420e+06   4.2785645e+01
   1.1755620e+06   4.1442871e+01
   1.1908630e+06   5.0354004e+01
   1.2052350e+06   3.9428711e+01
   1.2106830e+06   4.1442871e+01
   1.2241650e+06   3.7780762e+01
   1.2317720e+06   3.7231445e+01
   1.2471720e+06   4.6020508e+01
   1.2477000e+06   3.7475586e+01
   1.2648620e+06   3.7597656e+01
   1.2815270e+06   3.7414551e+01
   1.2866970e+06   4.5593262e+01
   1.2940050e+06   6.2805176e+01
   1.2941410e+06   4.1564941e+01
   1.2944430e+06   3.9550781e+01
   1.2946410e+06   4.0832520e+01
   1.2950440e+06   4.9926758e+01
   1.2951230e+06   3.9916992e+01
   1.2953620e+06   3.9916992e+01
   1.2957100e+06   6.1096191e+01
   1.2958390e+06   3.9123535e+01
   1.2958620e+06   4.0466309e+01
   1.2959080e+06   3.7292480e+01
   1.2960080e+06   3.7902832e+01
   1.2961870e+06   4.1992188e+01
   1.2962640e+06   4.2968750e+01
   1.2962770e+06   4.1809082e+01
   1.2963150e+06   4.0588379e+01
   1.2964970e+06   3.7414551e+01
   1.2966900e+06   4.4677734e+01
   1.2967800e+06   3.8879395e+01
   1.3178810e+06   3.8024902e+01
   1.3179450e+06   4.0222168e+01
   1.3191030e+06   3.7902832e+01
   1.3195260e+06   4.7424316e+01
   1.3197680e+06   5.1696777e+01
   1.3230210e+06   4.0466309e+01
   1.3230590e+06   4.1198730e+01
   1.3234180e+06   4.6081543e+01
   1.3238160e+06   4.2419434e+01
   1.3240190e+06   3.8391113e+01
   1.3245770e+06   4.1137695e+01
   1.3246800e+06   5.1391602e+01
   1.3252010e+06   4.5410156e+01
   1.3254340e+06   5.0354004e+01
   1.3257920e+06   4.0588379e+01
   1.3447940e+06   4.7363281e+01
   1.3478020e+06   4.6081543e+01
   1.3481270e+06   4.6997070e+01
   1.3482610e+06   3.8452148e+01
   1.3500820e+06   4.9255371e+01
   1.3505250e+06   3.7292480e+01
   1.3530090e+06   4.1137695e+01
   1.3539030e+06   3.8757324e+01
   1.3560430e+06   4.3640137e+01
   1.3564100e+06   5.6701660e+01
   1.3565180e+06   3.8513184e+01
   1.3565530e+06   4.4616699e+01
   1.3571160e+06   4.0710449e+01
   1.3572900e+06   3.8574219e+01
   1.3574890e+06   4.9011230e+01
   1.3585090e+06   3.9001465e+01
   1.3880860e+06   4.2114258e+01
   1.4132350e+06   4.5959473e+01
   1.4151180e+06   3.8879395e+01
   1.4158470e+06   3.7231445e+01
   1.4191580e+06   4.2114258e+01
   1.4322860e+06   4.0466309e+01
   1.4448450e+06   3.7231445e+01
   1.4460590e+06   3.9855957e+01
   1.4593520e+06   4.8706055e+01
   1.4732250e+06   3.9245605e+01
   1.4771500e+06   4.0100098e+01
   1.4777520e+06   3.7719727e+01
   1.5051960e+06   3.8574219e+01
   1.6235990e+06   4.0649414e+01
   1.6311690e+06   4.6020508e+01
   1.6511440e+06   4.0954590e+01
   1.6595040e+06   3.7963867e+01
   1.6675380e+06   4.0283203e+01
   1.6795320e+06   4.1564941e+01
   1.6836510e+06   4.2724609e+01
   1.6941970e+06   3.7963867e+01
   1.6968360e+06   4.5410156e+01
   1.7019300e+06   4.0710449e+01
   1.7130840e+06   3.9062500e+01
   1.7174120e+06   3.9306641e+01
   1.7239590e+06   3.8513184e+01
   1.7510620e+06   4.0710449e+01
   1.7586590e+06   4.3762207e+01
   1.7619750e+06   4.1687012e+01
   1.7742300e+06   4.1931152e+01
   1.8237090e+06   4.5104980e+01
   1.8276270e+06   3.7719727e+01
   1.8410960e+06   4.0832520e+01
   1.8448470e+06   4.2114258e+01
   1.8480720e+06   3.9367676e+01
   1.8490540e+06   3.9123535e+01
   1.8498520e+06   4.5837402e+01
   1.8505720e+06   4.7851562e+01
   1.8739990e+06   3.9123535e+01
   1.8814500e+06   3.9916992e+01
   1.8949100e+06   3.7231445e+01
   1.9040280e+06   3.9306641e+01
   1.9183400e+06   3.9367676e+01
   1.9377920e+06   3.9001465e+01
   1.9498710e+06   3.7658691e+01
   1.9595990e+06   4.7912598e+01
   1.9714120e+06   3.9855957e+01
   1.9819610e+06   4.0283203e+01
   1.9835510e+06   3.9062500e+01
   2.0032670e+06   3.8940430e+01
   2.0081870e+06   4.8034668e+01
   2.0237080e+06   4.1381836e+01
   2.0275030e+06   3.7536621e+01
   2.0317130e+06   3.8391113e+01
   2.0415490e+06   3.8146973e+01
   2.0438080e+06   5.1269531e+01
   2.0440570e+06   4.8400879e+01
   2.0512820e+06   4.0649414e+01
   2.0691480e+06   4.1503906e+01
   2.0694880e+06   4.2358398e+01
   2.0696740e+06   4.1198730e+01
   2.0698690e+06   4.0405273e+01
   2.0700720e+06   3.8024902e+01
   2.0701640e+06   4.2175293e+01
   2.0702410e+06   3.7353516e+01
   2.0702980e+06   5.4260254e+01
   2.0703820e+06   3.9672852e+01
   2.0704350e+06   6.4514160e+01
   2.0705070e+06   5.7373047e+01
   2.0705220e+06   4.1076660e+01
   2.0705630e+06   4.1076660e+01
   2.0707320e+06   4.3273926e+01
   2.0708020e+06   5.9570312e+01
   2.0709340e+06   5.0170898e+01
   2.0710150e+06   3.9611816e+01
   2.0718080e+06   3.9184570e+01
   2.0764680e+06   3.9733887e+01
   2.0801730e+06   4.2419434e+01
   2.0802270e+06   3.8513184e+01
   2.0806960e+06   4.9621582e+01
   2.0821110e+06   3.9489746e+01
   2.0830290e+06   4.3334961e+01
   2.0835330e+06   4.2480469e+01
   2.0906270e+06   4.0161133e+01
   2.0919970e+06   4.0466309e+01
   2.0933460e+06   3.9489746e+01
   2.0935950e+06   3.7231445e+01
   2.0943590e+06   4.0771484e+01
   2.0945280e+06   4.1931152e+01
   2.0945910e+06   4.3762207e+01
   2.0950050e+06   4.8889160e+01
   2.0955060e+06   3.9611816e+01
   2.0996670e+06   3.7780762e+01
   2.1188260e+06   3.8085938e+01
   2.1242490e+06   3.9855957e+01
   2.1277250e+06   4.1076660e+01
   2.1415410e+06   3.7475586e+01
   2.1456660e+06   4.3395996e+01
   2.1460200e+06   3.8024902e+01
   2.1506200e+06   3.7231445e+01
   2.2292180e+06   4.2480469e+01
   2.2626680e+06   4.1503906e+01
   2.2641380e+06   3.7658691e+01
   2.2716070e+06   3.8452148e+01
   2.2774170e+06   4.0283203e+01
   2.2859890e+06   3.9245605e+01
   2.3285590e+06   3.7475586e+01
   2.3304490e+06   4.6142578e+01
   2.3318150e+06   3.9184570e+01
   2.3497460e+06   3.7353516e+01
   2.3539650e+06   3.9062500e+01
   2.3642260e+06   3.8635254e+01
   2.3976200e+06   3.9978027e+01
   2.4140800e+06   3.9245605e+01
   2.4637860e+06   4.2358398e+01
   2.4645420e+06   4.1137695e+01
   2.4747220e+06   3.7902832e+01
   2.4763030e+06   3.7780762e+01
   2.5244400e+06   3.8757324e+01
   2.5277180e+06   4.9560547e+01
   2.5458240e+06   3.7719727e+01
   2.6168670e+06   3.9855957e+01
   2.6449540e+06   4.7851563e+01
   2.6543540e+06   3.9855957e+01
   2.6621050e+06   4.5715332e+01
   2.6621760e+06   4.1137695e+01
   2.6623300e+06   5.1147461e+01
   2.6633810e+06   4.1198730e+01
   2.6639870e+06   4.5593262e+01
   2.6640820e+06   3.7963867e+01
   2.6641280e+06   3.9367676e+01
   2.6714360e+06   3.9001465e+01
   2.6824460e+06   3.9550781e+01
   2.7017790e+06   3.9733887e+01
   2.7037260e+06   4.7485352e+01
   2.7165170e+06   3.9367676e+01
   2.7214400e+06   4.2968750e+01
   2.7496390e+06   3.7719727e+01
   2.7516500e+06   4.4555664e+01
   2.7530240e+06   4.0527344e+01
   2.7533760e+06   5.7861328e+01
   2.7561490e+06   3.7231445e+01
   2.7589320e+06   4.1809082e+01
   2.7594200e+06   4.4189453e+01
   2.7702690e+06   3.7780762e+01
   2.7726770e+06   4.0039062e+01
   2.8213170e+06   3.7414551e+01
   2.8246710e+06   5.3039551e+01
   2.8259560e+06   3.8391113e+01
   2.8309170e+06   3.9855957e+01
   2.8442590e+06   3.8085938e+01
   2.8443560e+06   3.7536621e+01
   2.8584740e+06   5.0109863e+01
   2.8623560e+06   3.9489746e+01
   2.8941240e+06   3.7353516e+01
   2.8962720e+06   5.1330566e+01
   2.8972200e+06   6.1462402e+01
   2.8974040e+06   5.8898926e+01
   2.8985710e+06   4.0222168e+01
   2.9062140e+06   3.7597656e+01
   2.9073360e+06   3.8391113e+01
   2.9156280e+06   3.7719727e+01
   2.9240960e+06   3.9672852e+01
   2.9359400e+06   4.0466309e+01
   2.9620770e+06   3.9001465e+01
   2.9622720e+06   4.5288086e+01
   2.9631190e+06   4.4982910e+01
   2.9632590e+06   4.9560547e+01
   2.9633820e+06   4.7241211e+01
   2.9642120e+06   3.9916992e+01
   2.9647960e+06   3.7292480e+01
   2.9795920e+06   3.7414551e+01
   2.9796310e+06   4.6447754e+01
   2.9800200e+06   4.0222168e+01
   2.9805410e+06   4.8950195e+01
   2.9820940e+06   5.0109863e+01
   2.9823740e+06   4.6325684e+01
   2.9839600e+06   4.1687012e+01
   3.0129470e+06   4.0039062e+01
   3.0172480e+06   3.9001465e+01
   3.0589440e+06   4.1015625e+01
   3.0835830e+06   4.1748047e+01
   3.0866890e+06   5.9631348e+01
   3.0890740e+06   3.8635254e+01
   3.1005740e+06   5.3833008e+01
   3.1007880e+06   4.7851562e+01
   3.1012110e+06   4.2236328e+01
   3.1012810e+06   4.2053223e+01
   3.1015540e+06   3.9733887e+01
   3.1019210e+06   3.9611816e+01
   3.1020300e+06   3.8818359e+01
   3.1021340e+06   4.2114258e+01
   3.1046830e+06   3.8452148e+01
   3.1050820e+06   3.9184570e+01
   3.1051050e+06   4.8217773e+01
   3.1052900e+06   4.7729492e+01
   3.1059880e+06   3.7963867e+01
   3.1060940e+06   4.7241211e+01
   3.1063580e+06   4.4250488e+01
   3.1065550e+06   6.8725586e+01
   3.1065930e+06   3.7597656e+01
   3.1066640e+06   4.7180176e+01
   3.1069320e+06   4.3395996e+01
   3.1072940e+06   4.0222168e+01
   3.1342250e+06   4.4616699e+01
   3.1344390e+06   3.7414551e+01
   3.1344690e+06   4.0954590e+01
   3.1348260e+06   4.0588379e+01
   3.1348570e+06   4.5043945e+01
   3.1392220e+06   4.2297363e+01
   3.1394780e+06   4.3090820e+01
   3.1404040e+06   4.3640137e+01
   3.1414540e+06   3.9367676e+01
   3.1420050e+06   4.5349121e+01
   3.1430770e+06   3.7780762e+01
   3.1440600e+06   3.8330078e+01
   3.1445650e+06   3.7292480e+01
   3.1449710e+06   3.7231445e+01
   3.1608850e+06   3.8940430e+01
   3.1662750e+06   3.8208008e+01
   3.1793150e+06   3.7536621e+01
   3.1828310e+06   4.1748047e+01
   3.1987320e+06   3.7963867e+01
   3.1999700e+06   3.7841797e+01
   3.2018590e+06   5.0537109e+01
   3.2021010e+06   4.4738770e+01
   3.2032860e+06   3.7963867e+01
   3.2036890e+06   4.0100098e+01
   3.2037260e+06   4.1259766e+01
   3.2045410e+06   4.3579102e+01
   3.2048690e+06   4.5593262e+01
   3.2054980e+06   3.7475586e+01
   3.2056100e+06   3.9367676e+01
   3.2128790e+06   3.9367676e+01
   3.2174310e+06   3.7719727e+01
   3.2434420e+06   4.3518066e+01
   3.2438700e+06   4.0588379e+01
   3.2469740e+06   4.2358398e+01
   3.2855130e+06   4.7973633e+01
   3.2869050e+06   4.6936035e+01
   3.2871420e+06   4.2541504e+01
   3.2921280e+06   4.2358398e+01
   3.3124400e+06   3.7353516e+01
   3.3452470e+06   3.9184570e+01
   3.3511250e+06   3.7414551e+01
   3.3514260e+06   3.8146973e+01
   3.3551190e+06   3.8635254e+01
   3.3702500e+06   3.8879395e+01
   3.3790040e+06   4.2785645e+01
   3.3867380e+06   5.0781250e+01
   3.4361430e+06   5.1940918e+01
   3.4417300e+06   3.9733887e+01
   3.4720350e+06   4.5715332e+01
   3.5089580e+06   3.8085938e+01
   3.5104480e+06   4.0344238e+01
   3.5152210e+06   4.6875000e+01
   3.5157730e+06   3.9672852e+01
   3.5162280e+06   4.3029785e+01
   3.5164070e+06   3.8208008e+01
   3.5168690e+06   5.1757812e+01
   3.5181010e+06   4.8950195e+01
   3.5482000e+06   3.8818359e+01
   3.5513680e+06   3.8024902e+01
   3.5656240e+06   4.2297363e+01
   3.5657970e+06   3.7353516e+01
   3.5863810e+06   4.1992188e+01
   3.6109160e+06   3.8940430e+01
   3.6196910e+06   4.0466309e+01
   3.6273080e+06   5.3283691e+01
   3.6280710e+06   4.0039063e+01
   3.6467880e+06   4.2846680e+01
   3.6514450e+06   4.7546387e+01
   3.6550580e+06   3.9123535e+01
   3.6562580e+06   4.6875000e+01
   3.6587340e+06   3.8513184e+01
   3.6589060e+06   4.3151855e+01
   3.6852790e+06   4.1564941e+01
   3.6855210e+06   5.1574707e+01
   3.6864850e+06   3.7780762e+01
   3.7047550e+06   4.1259766e+01
   3.7457790e+06   3.8085938e+01
   3.7639180e+06   3.9001465e+01
   3.7993150e+06   3.7353516e+01
   3.8171280e+06   4.8095703e+01
   3.8695020e+06   4.0039062e+01
   3.8712560e+06   3.7841797e+01
   3.8717270e+06   4.0222168e+01
   3.8883410e+06   5.1208496e+01
   3.8895320e+06   3.9916992e+01
   3.8911070e+06   3.9978027e+01
   3.8913300e+06   4.4982910e+01
   3.8916760e+06   4.3457031e+01
   3.9083080e+06   3.7353516e+01
   3.9150640e+06   3.7597656e+01
   3.9256910e+06   4.4494629e+01
   3.9263450e+06   3.9794922e+01
   3.9275040e+06   4.7546387e+01
   3.9275370e+06   4.0100098e+01
   3.9277570e+06   4.0588379e+01
   3.9279230e+06   3.9428711e+01
   3.9279620e+06   3.8879395e+01
   3.9280270e+06   4.0588379e+01
   3.9288880e+06   3.7963867e+01
   3.9290410e+06   4.1931152e+01
   3.9291570e+06   4.9682617e+01
   3.9300280e+06   5.1696777e+01
   3.9300500e+06   5.7983398e+01
   3.9301990e+06   3.7902832e+01
   3.9302500e+06   3.9489746e+01
   3.9304270e+06   3.8024902e+01
   3.9304860e+06   3.8940430e+01
   3.9549370e+06   4.7241211e+01
   3.9566080e+06   3.7841797e+01
   3.9570720e+06   3.9733887e+01
   3.9580440e+06   4.2663574e+01
   3.9581990e+06   4.1687012e+01
   3.9582690e+06   3.8757324e+01
   3.9584560e+06   4.2541504e+01
   3.9586440e+06   4.1198730e+01
   3.9594630e+06   4.2114258e+01
   3.9594920e+06   6.8725586e+01
   3.9597080e+06   3.9550781e+01
   3.9598480e+06   4.3212891e+01
   3.9603340e+06   4.2236328e+01
   3.9605520e+06   4.9438477e+01
   3.9606260e+06   3.8513184e+01
   3.9610330e+06   4.9560547e+01
   3.9744790e+06   4.0893555e+01
   3.9748070e+06   4.0161133e+01
   3.9751280e+06   3.8330078e+01
   3.9763100e+06   5.2490234e+01
   3.9766240e+06   4.5959473e+01
   3.9768030e+06   3.7841797e+01
   3.9791810e+06   4.3640137e+01
   3.9802280e+06   3.7353516e+01
   3.9805390e+06   3.8513184e+01
   3.9807790e+06   3.8574219e+01
   3.9808470e+06   3.7597656e+01
   3.9817560e+06   5.4443359e+01
   3.9824870e+06   4.3884277e+01
   4.0122180e+06   4.1870117e+01
   4.0126750e+06   3.8940430e+01
   4.0136870e+06   4.1320801e+01
   4.0142000e+06   4.0832520e+01
   4.0148210e+06   4.1259766e+01
   4.0156520e+06   3.7536621e+01
   4.0157730e+06   3.9245605e+01
   4.0158040e+06   4.4433594e+01
   4.0166310e+06   4.2724609e+01
   4.0167650e+06   4.0893555e+01
   4.0168920e+06   3.9123535e+01
   4.0171330e+06   3.9428711e+01
   4.0179010e+06   3.7414551e+01
   4.0182020e+06   5.2734375e+01
   4.0182580e+06   3.9184570e+01
   4.0185380e+06   3.7841797e+01
   4.0190400e+06   3.7841797e+01
   4.0412440e+06   4.9316406e+01
   4.0416880e+06   3.8452148e+01
   4.0421400e+06   5.5603027e+01
   4.0425590e+06   4.3884277e+01
   4.0428580e+06   3.9489746e+01
   4.0429190e+06   4.3212891e+01
   4.0432250e+06   4.4006348e+01
   4.0433000e+06   4.3701172e+01
   4.0434410e+06   4.1259766e+01
   4.0437610e+06   4.1503906e+01
   4.0442640e+06   4.0039062e+01
   4.0444180e+06   4.2419434e+01
   4.0461020e+06   4.3212891e+01
   4.0468390e+06   4.0405273e+01
   4.0473080e+06   3.8452148e+01
   4.0475170e+06   4.0405273e+01
   4.0476200e+06   3.9245605e+01
   4.0478160e+06   3.9489746e+01
   4.0804840e+06   4.3762207e+01
   4.0947150e+06   3.7902832e+01
   4.1504170e+06   3.9733887e+01
   4.1562160e+06   3.8757324e+01
   4.1690630e+06   3.7597656e+01
   4.1718030e+06   3.9184570e+01
   4.1990220e+06   3.7719727e+01
   4.2608360e+06   3.9428711e+01
   4.2974160e+06   3.8757324e+01
   4.2996280e+06   4.5043945e+01
   4.3305920e+06   3.8208008e+01
   4.3673920e+06   3.8757324e+01
   4.3876960e+06   4.6875000e+01
   4.3911490e+06   3.9123535e+01
   4.4270270e+06   4.0161133e+01
   4.4323360e+06   4.4982910e+01
   4.4324530e+06   5.3527832e+01
   4.4328960e+06   3.8330078e+01
   4.4642430e+06   4.4250488e+01
   4.4648570e+06   4.7119141e+01
   4.4658030e+06   3.7780762e+01
   4.4865910e+06   4.9987793e+01
   4.4866920e+06   4.1503906e+01
   4.4871780e+06   3.8696289e+01
   4.4872590e+06   4.1259766e+01
   4.4880260e+06   3.8940430e+01
   4.4881230e+06   5.3649902e+01
   4.4886740e+06   3.8452148e+01
   4.4887190e+06   4.0283203e+01
   4.4895390e+06   3.9672852e+01
   4.4896750e+06   4.1748047e+01
   4.4902080e+06   3.7475586e+01
   4.4906980e+06   3.8024902e+01
   4.4907940e+06   3.8635254e+01
   4.4909310e+06   3.9367676e+01
   4.4911460e+06   4.0466309e+01
   4.4911690e+06   4.2968750e+01
   4.4912850e+06   3.7719727e+01
   4.5179460e+06   5.1452637e+01
   4.5181900e+06   4.7668457e+01
   4.5205370e+06   4.0100098e+01
   4.5222920e+06   4.3334961e+01
   4.5234130e+06   4.1137695e+01
   4.5237260e+06   3.7780762e+01
   4.5241410e+06   4.9377441e+01
   4.5242130e+06   4.3884277e+01
   4.5245700e+06   3.8085938e+01
   4.5264050e+06   4.4189453e+01
   4.5270170e+06   4.1503906e+01
   4.5272000e+06   4.2541504e+01
   4.5363740e+06   3.8269043e+01
   4.5399120e+06   3.9978027e+01
   4.5561300e+06   4.9865723e+01
   4.5561690e+06   3.8757324e+01
   4.5595840e+06   4.5715332e+01
   4.5607520e+06   3.8940430e+01
   4.5610480e+06   3.8208008e+01
   4.5611560e+06   4.1503906e+01
   4.5618800e+06   4.1442871e+01
   4.5633690e+06   4.1564941e+01
   4.5635090e+06   3.7536621e+01
   4.5636740e+06   4.0344238e+01
   4.5645710e+06   4.1992188e+01
   4.5849300e+06   5.1025391e+01
   4.5915190e+06   4.4311523e+01
   4.5918210e+06   4.4921875e+01
   4.5924680e+06   4.1198730e+01
   4.5934510e+06   3.8696289e+01
   4.5991670e+06   3.7658691e+01
   4.6003110e+06   3.9794922e+01
   4.6005510e+06   3.9123535e+01
   4.6007760e+06   4.5166016e+01
   4.6009700e+06   3.7353516e+01
   4.6012920e+06   4.1931152e+01
   4.6013190e+06   3.9245605e+01
   4.6017580e+06   3.9978027e+01
   4.6022220e+06   4.1320801e+01
   4.6026200e+06   5.6823730e+01
   4.6028770e+06   5.6152344e+01
   4.6029620e+06   3.7902832e+01
   4.6031890e+06   4.1198730e+01
   4.6038360e+06   4.0771484e+01
   4.6280230e+06   4.3090820e+01
   4.6291040e+06   4.4494629e+01
   4.6293760e+06   4.4067383e+01
   4.6293970e+06   3.7414551e+01
   4.6296990e+06   4.3273926e+01
   4.6299370e+06   3.7658691e+01
   4.6301900e+06   3.8879395e+01
   4.6307280e+06   3.7414551e+01
   4.6308880e+06   4.7302246e+01
   4.6310830e+06   3.8818359e+01
   4.6314950e+06   4.0344238e+01
   4.6322430e+06   4.8583984e+01
   4.6322550e+06   3.7536621e+01
   4.6324110e+06   3.7475586e+01
   4.6328760e+06   3.7963867e+01
   4.6332230e+06   3.7292480e+01
   4.6332660e+06   3.8940430e+01
   4.6333340e+06   3.9794922e+01
   4.6339970e+06   3.8391113e+01
   4.6506140e+06   3.8757324e+01
   4.6543950e+06   3.7536621e+01
   4.6581430e+06   4.1259766e+01
   4.6589520e+06   5.4443359e+01
   4.6633450e+06   3.7963867e+01
   4.6639700e+06   4.0954590e+01
   4.6665300e+06   3.7597656e+01
   4.6780810e+06   3.7963867e+01
   4.6923420e+06   5.0109863e+01
   4.6930200e+06   4.1992187e+01
   4.6931850e+06   5.7312012e+01
   4.6934880e+06   6.2255859e+01
   4.6934980e+06   4.3701172e+01
   4.6938370e+06   4.3762207e+01
   4.6940010e+06   4.9804688e+01
   4.6942280e+06   3.8818359e+01
   4.6943970e+06   5.4992676e+01
   4.6944370e+06   3.7353516e+01
   4.6944920e+06   4.1564941e+01
   4.6946440e+06   4.2907715e+01
   4.6947830e+06   4.1381836e+01
   4.6949680e+06   3.9611816e+01
   4.6949790e+06   4.9743652e+01
   4.6950610e+06   4.7973633e+01
   4.6950920e+06   5.2246094e+01
   4.6952300e+06   3.7292480e+01
   4.6953640e+06   4.4982910e+01
   4.6954890e+06   4.0405273e+01
   4.6957170e+06   4.6081543e+01
   4.7118620e+06   4.1137695e+01
   4.7134830e+06   4.2358398e+01
   4.7150540e+06   4.3640137e+01
   4.7156710e+06   3.8085938e+01
   4.7162700e+06   4.0344238e+01
   4.7166160e+06   3.9794922e+01
   4.7182690e+06   4.1381836e+01
   4.7194150e+06   4.6813965e+01
   4.7195660e+06   3.9978027e+01
   4.7195930e+06   4.1687012e+01
   4.7199950e+06   4.2907715e+01
   4.7202040e+06   3.8696289e+01
   4.7208370e+06   4.0466309e+01
   4.7209040e+06   4.1503906e+01
   4.7223960e+06   3.9916992e+01
   4.7459230e+06   3.9978027e+01
   4.7471640e+06   4.9438477e+01
   4.7553910e+06   3.9550781e+01
   4.7556450e+06   4.2114258e+01
   4.8069520e+06   4.0649414e+01
   4.9149370e+06   3.8635254e+01
   4.9279400e+06   3.7353516e+01
   4.9535670e+06   3.7780762e+01
   4.9694500e+06   4.4311523e+01
   4.9818790e+06   4.8339844e+01
   5.0050390e+06   3.7597656e+01
   5.0121740e+06   4.1442871e+01
   5.0787880e+06   4.1137695e+01
   5.1186770e+06   4.0222168e+01
   5.1415070e+06   3.7292480e+01
   5.1473550e+06   3.8208008e+01
   5.1492710e+06   6.0913086e+01
   5.1975000e+06   4.4433594e+01
   5.2032850e+06   3.7231445e+01
   5.2078090e+06   3.7475586e+01
   5.2379270e+06   4.2236328e+01
   5.2499280e+06   4.1198730e+01
   5.3070440e+06   4.8950195e+01
   5.3226570e+06   4.2419434e+01
   5.3292150e+06   4.0588379e+01
   5.3326430e+06   3.7780762e+01
   5.3329060e+06   4.1870117e+01
   5.3329530e+06   3.8024902e+01
   5.3330360e+06   4.4494629e+01
   5.3330530e+06   4.2602539e+01
   5.3336910e+06   4.2785645e+01
   5.3341030e+06   4.5227051e+01
   5.3344250e+06   4.2602539e+01
   5.3346950e+06   4.4860840e+01
   5.3348210e+06   3.7231445e+01
   5.3350060e+06   4.1015625e+01
   5.3354130e+06   4.2907715e+01
   5.3356720e+06   4.5959473e+01
   5.3656700e+06   4.5166016e+01
   5.3689030e+06   4.1320801e+01
   5.3700020e+06   4.5715332e+01
   5.3700260e+06   4.3579102e+01
   5.3705110e+06   4.8645020e+01
   5.3710080e+06   4.7851562e+01
   5.3714210e+06   3.9245605e+01
   5.3717200e+06   4.6813965e+01
   5.3717600e+06   3.9916992e+01
   5.3724390e+06   4.0161133e+01
   5.3725800e+06   3.8085938e+01
   5.3728720e+06   4.6875000e+01
   5.3740810e+06   3.7475586e+01
   5.3741690e+06   9.9731445e+01
   5.3742810e+06   4.2724609e+01
   5.3743610e+06   3.9062500e+01
   5.3745480e+06   3.7475586e+01
   5.3819540e+06   3.8208008e+01
   5.3920160e+06   5.2917480e+01
   5.3982450e+06   4.1503906e+01
   5.3995950e+06   4.7363281e+01
   5.4016140e+06   6.6101074e+01
   5.4022060e+06   3.7414551e+01
   5.4024650e+06   4.1076660e+01
   5.4027910e+06   4.2968750e+01
   5.4032200e+06   4.5043945e+01
   5.4036770e+06   4.3579102e+01
   5.4037500e+06   4.0832520e+01
   5.4149350e+06   3.8879395e+01
   5.4175170e+06   3.7597656e+01
   5.4177250e+06   4.9682617e+01
   5.4180800e+06   3.9855957e+01
   5.4183520e+06   4.5593262e+01
   5.4184470e+06   5.6945801e+01
   5.4192510e+06   3.7841797e+01
   5.4193770e+06   3.9489746e+01
   5.4201260e+06   3.7780762e+01
   5.4201640e+06   4.0161133e+01
   5.4203800e+06   3.8452148e+01
   5.4208530e+06   4.6508789e+01
   5.4212600e+06   4.3640137e+01
   5.4218910e+06   4.1137695e+01
   5.4223460e+06   4.8400879e+01
   5.4354640e+06   3.8635254e+01
   5.4356560e+06   3.8024902e+01
   5.4360440e+06   4.0100098e+01
   5.4362790e+06   5.3161621e+01
   5.4373820e+06   4.0832520e+01
   5.4376730e+06   4.5654297e+01
   5.4400170e+06   4.0527344e+01
   5.4401870e+06   4.3029785e+01
   5.4406670e+06   4.5288086e+01
   5.4407210e+06   4.8400879e+01
   5.4408580e+06   4.8583984e+01
   5.4410280e+06   4.2663574e+01
   5.4410900e+06   4.2419434e+01
   5.4412540e+06   4.7302246e+01
   5.4414060e+06   4.1076660e+01
   5.4419620e+06   4.5776367e+01
   5.4425070e+06   3.8452148e+01
   5.4425860e+06   4.8706055e+01
   5.4432110e+06   4.3701172e+01
   5.4587730e+06   4.9011230e+01
   5.4604580e+06   4.2419434e+01
   5.4611160e+06   4.3029785e+01
   5.4614810e+06   3.8635254e+01
   5.4620050e+06   4.1259766e+01
   5.4626730e+06   4.7546387e+01
   5.4640550e+06   3.7353516e+01
   5.4642450e+06   4.1809082e+01
   5.4679510e+06   3.9611816e+01
   5.4683360e+06   4.5715332e+01
   5.4888690e+06   4.5654297e+01
   5.5097170e+06   5.4870605e+01
   5.5098970e+06   5.1208496e+01
   5.5105260e+06   5.1513672e+01
   5.5110580e+06   3.9001465e+01
   5.5112190e+06   3.9550781e+01
   5.5116590e+06   3.9794922e+01
   5.5121730e+06   3.8696289e+01
   5.5123320e+06   4.1442871e+01
   5.5133570e+06   3.8818359e+01
   5.5139800e+06   4.1198730e+01
   5.5140600e+06   5.7250977e+01
   5.5140950e+06   4.0771484e+01
   5.5143710e+06   4.8645020e+01
   5.5143850e+06   4.1931152e+01
   5.5144270e+06   3.7292480e+01
   5.5145110e+06   6.1035156e+01
   5.5146820e+06   3.8879395e+01
   5.5150080e+06   3.7597656e+01
   5.5150870e+06   3.8024902e+01
   5.5151040e+06   6.4086914e+01
   5.5151360e+06   4.4128418e+01
   5.5153160e+06   4.0527344e+01
   5.5154360e+06   3.7780762e+01
   5.5155460e+06   3.7414551e+01
   5.5157100e+06   4.6630859e+01
   5.5160210e+06   4.2297363e+01
   5.5300930e+06   4.2236328e+01
   5.5420680e+06   3.8635254e+01
   5.6281690e+06   5.1513672e+01
   5.6551640e+06   3.7841797e+01
   5.6942670e+06   4.0344238e+01
   5.7110900e+06   3.9550781e+01
   5.7219230e+06   4.0100098e+01
   5.7344160e+06   3.7963867e+01
   5.8451740e+06   3.9428711e+01
   5.8673650e+06   3.7719727e+01
   5.9045030e+06   3.7353516e+01
   5.9243590e+06   3.8696289e+01
   5.9263300e+06   3.7780762e+01
   5.9303910e+06   4.6875000e+01
   5.9308440e+06   4.3029785e+01
   5.9315180e+06   3.7658691e+01
   5.9316350e+06   3.7719727e+01
   5.9377190e+06   4.1503906e+01
   5.9381940e+06   4.5837402e+01
   5.9383710e+06   4.9743652e+01
   5.9383920e+06   4.2663574e+01
   5.9388940e+06   3.7658691e+01
   5.9390770e+06   3.7292480e+01
   5.9391110e+06   4.8095703e+01
   5.9405430e+06   3.8452148e+01
   5.9405690e+06   4.4006348e+01
   5.9407510e+06   4.1442871e+01
   5.9410610e+06   4.5776367e+01
   5.9495630e+06   3.9062500e+01
   5.9779080e+06   3.8391113e+01
   5.9899100e+06   5.8227539e+01
   6.0014500e+06   3.8269043e+01
   6.0057240e+06   3.8146973e+01
   6.0058780e+06   4.8767090e+01
   6.0060770e+06   4.2480469e+01
   6.0064920e+06   4.1320801e+01
   6.0066890e+06   4.7119141e+01
   6.0072990e+06   4.0832520e+01
   6.0087020e+06   3.8818359e+01
   6.0096960e+06   4.8034668e+01
   6.0293250e+06   3.9855957e+01
   6.0488590e+06   3.8085938e+01
   6.0579010e+06   5.1940918e+01
   6.0609810e+06   4.7607422e+01
   6.0618500e+06   4.2602539e+01
   6.0620410e+06   4.6691895e+01
   6.0622920e+06   4.1259766e+01
   6.0626020e+06   4.6508789e+01
   6.0745420e+06   3.8269043e+01
   6.0851710e+06   3.8208008e+01
   6.1516720e+06   4.9133301e+01
   6.1802560e+06   3.7231445e+01
   6.1954080e+06   4.3762207e+01
   6.2076240e+06   3.7902832e+01
   6.2585090e+06   3.7658691e+01
   6.2628970e+06   3.7780762e+01
   6.2753730e+06   3.9062500e+01
   6.2785680e+06   3.8391113e+01
   6.2957260e+06   4.9682617e+01
   6.3012940e+06   3.8391113e+01
   6.3405600e+06   3.8330078e+01
   6.3423290e+06   3.7292480e+01
   6.3549950e+06   5.3283691e+01
   6.3562020e+06   3.7353516e+01
   6.3639970e+06   4.3945312e+01
   6.3641620e+06   3.7475586e+01
   6.3642720e+06   4.8278809e+01
   6.3646060e+06   3.8085938e+01
   6.3649540e+06   3.7719727e+01
   6.3650090e+06   4.6447754e+01
   6.3653480e+06   3.9550781e+01
   6.3656240e+06   4.7851562e+01
   6.3657120e+06   3.9611816e+01
   6.3658160e+06   4.0039062e+01
   6.3659070e+06   4.1870117e+01
   6.3660210e+06   3.8574219e+01
   6.3660440e+06   4.1870117e+01
   6.3661280e+06   4.5166016e+01
   6.3661550e+06   4.4860840e+01
   6.3662800e+06   4.8889160e+01
   6.3663290e+06   4.6752930e+01
   6.3664080e+06   4.9804688e+01
   6.3664690e+06   3.7292480e+01
   6.3665580e+06   3.9733887e+01
   6.3665810e+06   4.4006348e+01
   6.3667680e+06   4.1625977e+01
   6.3669750e+06   4.3029785e+01
   6.3671260e+06   3.8635254e+01
   6.3671600e+06   4.4372559e+01
   6.3695590e+06   3.7475586e+01
   6.3976170e+06   3.8940430e+01
   6.3984620e+06   3.8818359e+01
   6.4006440e+06   5.2429199e+01
   6.4033790e+06   4.5166016e+01
   6.4112050e+06   4.1564941e+01
   6.4114870e+06   4.3212891e+01
   6.4115160e+06   4.8706055e+01
   6.4117220e+06   3.7780762e+01
   6.4119620e+06   4.3640137e+01
   6.4121390e+06   6.3903809e+01
   6.4122560e+06   3.8940430e+01
   6.4124760e+06   4.5166016e+01
   6.4127790e+06   4.0405273e+01
   6.4129690e+06   3.8574219e+01
   6.4130410e+06   3.7597656e+01
   6.4130890e+06   3.9611816e+01
   6.4133270e+06   4.7180176e+01
   6.4135030e+06   4.1076660e+01
   6.4325330e+06   3.8085938e+01
   6.4340310e+06   5.5114746e+01
   6.4349760e+06   4.5654297e+01
   6.4352640e+06   3.9123535e+01
   6.4376300e+06   4.3151855e+01
   6.4548110e+06   3.8391113e+01
   6.4586070e+06   4.2297363e+01
   6.4586640e+06   3.9062500e+01
   6.4596950e+06   4.5410156e+01
   6.4601280e+06   4.1198730e+01
   6.4606310e+06   4.1198730e+01
   6.4606780e+06   5.3405762e+01
   6.4609120e+06   3.7658691e+01
   6.4609530e+06   4.2419434e+01
   6.4609770e+06   3.8024902e+01
   6.4610470e+06   4.1564941e+01
   6.4611420e+06   3.7658691e+01
   6.4613350e+06   4.8461914e+01
   6.4613610e+06   4.2175293e+01
   6.4614480e+06   4.3212891e+01
   6.4615350e+06   3.7292480e+01
   6.4615860e+06   5.3710938e+01
   6.4618910e+06   5.4626465e+01
   6.4621970e+06   4.8034668e+01
   6.4624920e+06   5.6762695e+01
   6.4628510e+06   3.7597656e+01
   6.6347850e+06   3.7658691e+01
   6.7258750e+06   4.1381836e+01
   6.7433820e+06   3.7414551e+01
   6.7905780e+06   3.9062500e+01
   6.8512850e+06   4.3457031e+01
   6.8816240e+06   4.4921875e+01
   6.8940570e+06   5.3039551e+01
   6.8955880e+06   4.0954590e+01
   6.8960740e+06   4.2907715e+01
   6.8966730e+06   4.0405273e+01
   6.8967360e+06   4.4860840e+01
   6.8968030e+06   5.9265137e+01
   6.8969920e+06   5.2551270e+01
   6.8971900e+06   3.7536621e+01
   6.8972060e+06   5.0476074e+01
   6.8972250e+06   4.5532227e+01
   6.8974070e+06   4.7912598e+01
   6.9174660e+06   3.7475586e+01
   6.9297190e+06   3.7963867e+01
   6.9510180e+06   4.6630859e+01
   6.9519670e+06   4.2724609e+01
   6.9520410e+06   5.9875488e+01
   6.9529150e+06   4.3334961e+01
   6.9532490e+06   3.7353516e+01
   6.9533330e+06   3.8208008e+01
   6.9537360e+06   5.1574707e+01
   6.9542040e+06   3.8940430e+01
   6.9926200e+06   6.0363770e+01
   6.9948010e+06   3.9733887e+01
   6.9971440e+06   3.8391113e+01
   7.0022400e+06   3.9611816e+01
   7.0028580e+06   3.9855957e+01
   7.0096880e+06   3.8146973e+01
   7.0171740e+06   3.8146973e+01
   7.0399280e+06   3.9184570e+01
   7.0661010e+06   3.8818359e+01
   7.0683450e+06   3.8269043e+01
   7.0996570e+06   3.7353516e+01
   7.1436300e+06   3.8269043e+01
   7.1915170e+06   3.9062500e+01
   7.2367510e+06   3.7231445e+01
   7.2513200e+06   4.1687012e+01
   7.3105360e+06   3.8818359e+01
   7.3743640e+06   3.9978027e+01
   7.3881530e+06   3.7536621e+01
   7.3888880e+06   3.7231445e+01
   7.3892150e+06   5.3771973e+01
   7.3893810e+06   4.6020508e+01
   7.3893950e+06   5.8837891e+01
   7.3894240e+06   4.1625977e+01
   7.3895540e+06   4.2602539e+01
   7.3896070e+06   4.4128418e+01
   7.3897610e+06   4.0222168e+01
   7.3897860e+06   4.8095703e+01
   7.3898170e+06   5.8288574e+01
   7.3899900e+06   4.0588379e+01
   7.3902660e+06   4.2663574e+01
   7.4032180e+06   3.9550781e+01
   7.4136050e+06   4.1198730e+01
   7.4382280e+06   4.6386719e+01
   7.4383870e+06   4.5410156e+01
   7.4385010e+06   5.5725098e+01
   7.4392580e+06   4.0344238e+01
   7.4395940e+06   6.1706543e+01
   7.4397100e+06   5.1635742e+01
   7.4398410e+06   3.8757324e+01
   7.4398850e+06   4.0649414e+01
   7.4399120e+06   3.9001465e+01
   7.4399720e+06   3.8757324e+01
   7.4400990e+06   3.7902832e+01
   7.4402290e+06   3.7353516e+01
   7.4405550e+06   5.1391602e+01
   7.4583920e+06   3.9367676e+01
   7.4784750e+06   3.9733887e+01
   7.4791100e+06   3.7536621e+01
   7.4795820e+06   3.8391113e+01
   7.4934420e+06   3.9062500e+01
   7.4939880e+06   5.0476074e+01
   7.4941150e+06   5.1452637e+01
   7.4942910e+06   4.7973633e+01
   7.4943260e+06   5.6396484e+01
   7.4948780e+06   4.8095703e+01
   7.4953530e+06   4.4433594e+01
   7.4954300e+06   4.0649414e+01
   7.4958330e+06   4.1137695e+01
   7.4962990e+06   3.8818359e+01
   7.4963990e+06   4.5410156e+01
   7.4969310e+06   4.7302246e+01
   7.4970160e+06   3.9306641e+01
   7.4970790e+06   3.9245605e+01
   7.4971320e+06   5.0354004e+01
   7.4972080e+06   3.8269043e+01
   7.4972350e+06   4.2297363e+01
   7.4976150e+06   3.9855957e+01
   7.4976930e+06   5.5664062e+01
   7.5351300e+06   3.8269043e+01
   7.5446350e+06   5.2062988e+01
   7.5493880e+06   4.3945312e+01
   7.5498930e+06   4.8645020e+01
   7.5508940e+06   5.9570313e+01
   7.5510740e+06   5.1086426e+01
   7.5511510e+06   4.5410156e+01
   7.5512830e+06   4.1687012e+01
   7.5513640e+06   4.2602539e+01
   7.5519320e+06   4.0283203e+01
   7.5522440e+06   4.4433594e+01
   7.5523820e+06   3.8879395e+01
   7.5527720e+06   3.7414551e+01
   7.5530870e+06   3.7597656e+01
   7.5532980e+06   3.8696289e+01
   7.5533770e+06   4.1870117e+01
   7.5536330e+06   4.1015625e+01
   7.5536660e+06   3.7292480e+01
   7.5541240e+06   5.1513672e+01
   7.5541410e+06   3.9672852e+01
   7.5542570e+06   4.7180176e+01
   7.5657200e+06   4.1870117e+01
   7.5792980e+06   4.0039062e+01
   7.6183750e+06   3.8391113e+01
   7.7004280e+06   3.7536621e+01
   7.7317850e+06   3.7963867e+01
   7.7887980e+06   3.7963867e+01
   7.7916040e+06   4.5532227e+01
   7.8293590e+06   4.0649414e+01
   7.8472450e+06   4.1809082e+01
   7.8476120e+06   4.6752930e+01
   7.8477620e+06   4.2602539e+01
   7.8490240e+06   3.8146973e+01
   7.8894040e+06   3.9428711e+01
   7.9201700e+06   3.7414551e+01
   7.9297440e+06   4.9499512e+01
   7.9348240e+06   3.7292480e+01
   7.9402730e+06   3.9367676e+01
   7.9419310e+06   3.7841797e+01
   7.9668310e+06   3.8513184e+01
   7.9795140e+06   3.7475586e+01
   8.0115740e+06   3.7841797e+01
   8.0355220e+06   3.8330078e+01
   8.1033340e+06   4.5043945e+01
   8.1110150e+06   4.4067383e+01
   8.1227590e+06   3.7353516e+01
   8.1231610e+06   3.8391113e+01
   8.1240340e+06   4.7119141e+01
   8.1243270e+06   4.1442871e+01
   8.1244350e+06   5.9509277e+01
   8.1245030e+06   5.7678223e+01
   8.1246340e+06   5.2124023e+01
   8.1250320e+06   3.7719727e+01
   8.1250840e+06   3.9306641e+01
   8.1258260e+06   3.7414551e+01
   8.1370730e+06   3.7841797e+01
   8.1644630e+06   3.9611816e+01
   8.1691320e+06   3.9062500e+01
   8.1772700e+06   4.9926758e+01
   8.1777000e+06   4.9377441e+01
   8.1778010e+06   4.3457031e+01
   8.1780880e+06   3.7475586e+01
   8.1787910e+06   3.8024902e+01
   8.1789290e+06   4.2114258e+01
   8.1790740e+06   3.9733887e+01
   8.1791480e+06   4.4616699e+01
   8.1792410e+06   4.0344238e+01
   8.1796210e+06   6.1401367e+01
   8.1801180e+06   4.0283203e+01
   8.2330620e+06   5.2124023e+01
   8.2354810e+06   3.9245605e+01
   8.2359440e+06   3.8757324e+01
   8.2360310e+06   5.0292969e+01
   8.2361580e+06   4.9072266e+01
   8.2363740e+06   3.8696289e+01
   8.2364620e+06   4.5166016e+01
   8.2630440e+06   4.1320801e+01
   8.2811200e+06   5.2917480e+01
   8.2823320e+06   5.3344727e+01
   8.2823600e+06   3.8208008e+01
   8.2823860e+06   4.1076660e+01
   8.2825430e+06   3.7536621e+01
   8.2826590e+06   4.6447754e+01
   8.2827800e+06   3.7719727e+01
   8.2828270e+06   6.9152832e+01
   8.2829390e+06   3.7841797e+01
   8.2830240e+06   3.8513184e+01
   8.2830970e+06   4.6386719e+01
   8.2832390e+06   3.7292480e+01
   8.3248520e+06   4.3701172e+01
   8.3263080e+06   4.2236328e+01
   8.3273120e+06   4.0710449e+01
   8.3314800e+06   4.6325684e+01
   8.3339610e+06   3.8085938e+01
   8.3343560e+06   3.7719727e+01
   8.3344160e+06   5.0720215e+01
   8.3349320e+06   3.8269043e+01
   8.3350600e+06   4.0588379e+01
   8.3351180e+06   3.7658691e+01
   8.3351860e+06   5.3405762e+01
   8.3665280e+06   4.2114258e+01
   8.3899240e+06   4.3457031e+01
   8.3910490e+06   4.4067383e+01
   8.4146000e+06   3.9306641e+01
   8.4333970e+06   4.9865723e+01
   8.5899210e+06   4.0283203e+01
   8.6057220e+06   3.9367676e+01
   8.6590450e+06   3.7902832e+01
   8.8157880e+06   4.1381836e+01
   8.8174310e+06   3.9062500e+01
   8.8180440e+06   4.7058105e+01
   8.8181150e+06   3.7231445e+01
   8.8183260e+06   3.9001465e+01
   8.8186250e+06   4.8400879e+01
   8.8856520e+06   3.7353516e+01
   8.8860100e+06   4.0405273e+01
   8.8863470e+06   4.0466309e+01
   8.8982280e+06   3.9428711e+01
   8.9497040e+06   3.8269043e+01
   8.9523130e+06   4.0222168e+01
   8.9649160e+06   4.3701172e+01
   8.9655780e+06   3.8513184e+01
   8.9661970e+06   4.0100098e+01
   8.9726360e+06   3.8452148e+01
   8.9830930e+06   3.7780762e+01
   8.9835160e+06   3.7597656e+01
   8.9837730e+06   4.0832520e+01
   8.9838220e+06   4.0710449e+01
   8.9842340e+06   4.7058105e+01
   8.9845170e+06   3.8635254e+01
   8.9847720e+06   3.8757324e+01
   8.9850410e+06   5.8227539e+01
   8.9851580e+06   3.8574219e+01
   8.9852590e+06   4.3579102e+01
   8.9852870e+06   4.6386719e+01
   8.9853630e+06   4.3273926e+01
   8.9854520e+06   6.4941406e+01
   8.9854870e+06   4.2480469e+01
   8.9856060e+06   5.4199219e+01
   8.9856520e+06   5.7861328e+01
   8.9857550e+06   4.5959473e+01
   8.9858310e+06   4.7485352e+01
   8.9858530e+06   3.8818359e+01
   8.9858940e+06   5.2734375e+01
   8.9860630e+06   3.9550781e+01
   8.9861260e+06   3.7597656e+01
   8.9862990e+06   3.8208008e+01
   8.9865500e+06   3.7414551e+01
   8.9974150e+06   3.7902832e+01
