   8.9990000e+06   0.0000000e+00
   4.6827900e+05   3.6132812e+01
   5.9371700e+05   3.5888672e+01
   8.1485400e+05   3.7475586e+01
   1.8238330e+06   4.0283203e+01
   1.9705570e+06   3.5278320e+01
   2.1458630e+06   3.7170410e+01
   2.4792900e+06   3.6193848e+01
   2.5796350e+06   3.7048340e+01
   2.6167490e+06   4.0405273e+01
   2.7465220e+06   3.6865234e+01
   2.7471010e+06   3.7170410e+01
   2.9555140e+06   3.6926270e+01
   3.1800100e+06   3.5095215e+01
   3.2502170e+06   3.9733887e+01
   3.3785770e+06   3.8085938e+01
   3.3835550e+06   3.8879395e+01
   3.6730380e+06   3.8146973e+01
   3.9135160e+06   3.5095215e+01
   3.9986160e+06   3.6804199e+01
   4.4043310e+06   3.5156250e+01
   5.0857710e+06   3.5766602e+01
   5.2005180e+06   3.5766602e+01
   5.2997850e+06   3.6132812e+01
   5.6159600e+06   3.4973145e+01
   5.7159410e+06   3.5949707e+01
   5.7167260e+06   3.6071777e+01
   6.0370960e+06   3.5278320e+01
   6.1180250e+06   3.6987305e+01
   6.6950510e+06   3.9367676e+01
   7.6072390e+06   3.5644531e+01
   7.7779110e+06   3.8635254e+01
   7.8881760e+06   3.6743164e+01
   7.9372010e+06   4.2785645e+01
   7.9849350e+06   3.7963867e+01
   8.0458770e+06   3.6010742e+01
   8.5099350e+06   3.6437988e+01
   8.5131480e+06   3.7048340e+01
