   8.9990000e+06   0.0000000e+00
   1.0077800e+05   4.4860840e+01
   1.1327900e+05   4.0222168e+01
   2.6402800e+05   4.1076660e+01
   3.4522900e+05   4.8217773e+01
   4.2290100e+05   4.3579102e+01
   5.4650700e+05   4.1076660e+01
   6.6874500e+05   3.9916992e+01
   7.8845500e+05   5.0781250e+01
   1.0375300e+06   4.1870117e+01
   1.2271690e+06   4.2968750e+01
   1.2524180e+06   4.2846680e+01
   1.2943400e+06   4.4189453e+01
   1.2960130e+06   4.4006348e+01
   1.3269990e+06   4.3395996e+01
   1.3569400e+06   4.1748047e+01
   1.4457350e+06   3.9611816e+01
   1.5819480e+06   4.4616699e+01
   1.7149880e+06   3.9367676e+01
   1.9623040e+06   4.1015625e+01
   2.0469360e+06   3.9733887e+01
   2.0531750e+06   4.1992188e+01
   2.0701260e+06   4.2358398e+01
   2.0710530e+06   3.9489746e+01
   2.0711540e+06   4.6203613e+01
   2.0852200e+06   4.7485352e+01
   2.2126590e+06   3.9428711e+01
   2.3073570e+06   4.1442871e+01
   2.3235880e+06   3.9978027e+01
   2.6638890e+06   4.8400879e+01
   2.7323000e+06   3.9428711e+01
   2.8929330e+06   5.5053711e+01
   3.0178000e+06   3.9733887e+01
   3.0835050e+06   5.2001953e+01
   3.1059510e+06   4.8706055e+01
   3.1070110e+06   4.5837402e+01
   3.1412890e+06   4.6813965e+01
   3.1459590e+06   5.5969238e+01
   3.1611970e+06   4.2907715e+01
   3.1985240e+06   4.1381836e+01
   3.2056690e+06   3.9672852e+01
   3.2070280e+06   4.3212891e+01
   3.2490500e+06   4.3762207e+01
   3.3816540e+06   4.1748047e+01
   3.5375690e+06   4.2297363e+01
   3.6275560e+06   5.4199219e+01
   3.7587140e+06   4.1320801e+01
   3.7753990e+06   4.0954590e+01
   3.7793360e+06   4.1015625e+01
   3.8668880e+06   4.1198730e+01
   3.9029430e+06   4.2602539e+01
   3.9602060e+06   5.0231934e+01
   3.9792230e+06   4.1076660e+01
   3.9819060e+06   4.0832520e+01
   4.0131760e+06   5.7434082e+01
   4.3215660e+06   5.2062988e+01
   4.3799970e+06   4.5898438e+01
   4.4653960e+06   4.1137695e+01
   4.4682640e+06   4.2602539e+01
   4.4868200e+06   3.9733887e+01
   4.4901780e+06   3.9672852e+01
   4.5644380e+06   4.5166016e+01
   4.5750840e+06   5.0048828e+01
   4.6951520e+06   3.9855957e+01
   4.6959180e+06   4.2053223e+01
   4.7581120e+06   4.7668457e+01
   5.1512800e+06   4.0344238e+01
   5.3710610e+06   4.6447754e+01
   5.3727620e+06   4.4982910e+01
   5.3730820e+06   4.1625977e+01
   5.4194800e+06   4.3823242e+01
   5.4218030e+06   5.5236816e+01
   5.4433650e+06   4.6691895e+01
   5.4809800e+06   3.9916992e+01
   5.5155290e+06   5.1696777e+01
   5.6755900e+06   3.9794922e+01
   5.9174930e+06   4.2480469e+01
   5.9411820e+06   3.9489746e+01
   6.0073210e+06   3.9428711e+01
   6.0081060e+06   4.9072266e+01
   6.0610490e+06   4.6569824e+01
   6.2222560e+06   4.9133301e+01
   6.3657310e+06   4.0344238e+01
   6.3661140e+06   5.7739258e+01
   6.4130060e+06   4.0832520e+01
   6.8967080e+06   4.1992188e+01
   6.9526030e+06   4.2846680e+01
   7.3890350e+06   4.7424316e+01
   7.3897370e+06   5.1147461e+01
   7.4405740e+06   4.8706055e+01
   7.4795930e+06   4.2541504e+01
   7.4800460e+06   4.1503906e+01
   7.4988400e+06   5.1330566e+01
   7.9411300e+06   4.4921875e+01
   7.9416710e+06   4.6997070e+01
   8.1245130e+06   3.9978027e+01
   8.1246220e+06   5.3039551e+01
   8.1791030e+06   5.2307129e+01
   8.1796320e+06   4.0039062e+01
   8.2663460e+06   4.0893555e+01
   8.2829010e+06   4.5227051e+01
   8.2831780e+06   5.1086426e+01
   8.3350640e+06   4.3334961e+01
   8.3354310e+06   4.5471191e+01
   8.9851590e+06   4.2907715e+01
   8.9856350e+06   4.1687012e+01
   8.9925270e+06   3.9978027e+01
