   8.9990000e+06   0.0000000e+00
   4.0310000e+03   3.8818359e+01
   1.9983000e+04   3.8574219e+01
   2.8068000e+04   4.2114258e+01
   3.9813000e+04   3.9855957e+01
   4.1447000e+04   1.1676025e+02
   5.7499000e+04   4.2724609e+01
   6.3839000e+04   4.3518066e+01
   6.4513000e+04   3.9062500e+01
   6.7747000e+04   4.0527344e+01
   7.4395000e+04   3.9062500e+01
   7.7243000e+04   3.8330078e+01
   8.9980000e+04   4.3884277e+01
   9.9516000e+04   1.1853027e+02
   1.0066600e+05   5.8105469e+01
   1.0071500e+05   1.1822510e+02
   1.0088700e+05   4.4921875e+01
   1.0096300e+05   3.9001465e+01
   1.1060500e+05   4.7119141e+01
   1.1216600e+05   4.0100098e+01
   1.1460600e+05   1.2048340e+02
   1.1485400e+05   5.6884766e+01
   1.1502100e+05   4.4921875e+01
   1.1564200e+05   1.1285400e+02
   1.1671500e+05   4.4067383e+01
   1.2078000e+05   1.1407471e+02
   1.2117100e+05   3.9062500e+01
   1.2372800e+05   4.4799805e+01
   1.2883100e+05   4.1687012e+01
   1.3314200e+05   4.2907715e+01
   1.3385300e+05   1.1199951e+02
   1.3508600e+05   4.2419434e+01
   1.3715800e+05   4.2663574e+01
   1.3854500e+05   3.9978027e+01
   1.4920800e+05   4.0893555e+01
   1.5495300e+05   4.1259766e+01
   1.6010100e+05   3.9794922e+01
   1.6130200e+05   4.4311523e+01
   1.6659700e+05   4.2114258e+01
   1.7890000e+05   4.1381836e+01
   1.7956200e+05   3.8513184e+01
   1.8834400e+05   3.8452148e+01
   1.9024900e+05   1.1218262e+02
   1.9295800e+05   4.1198730e+01
   1.9448200e+05   4.1870117e+01
   2.0273500e+05   4.3701172e+01
   2.0428200e+05   4.0832520e+01
   2.1763500e+05   3.8757324e+01
   2.3255100e+05   4.6386719e+01
   2.3354700e+05   1.0858154e+02
   2.4447500e+05   4.0344238e+01
   2.4823600e+05   3.9611816e+01
   2.4832200e+05   1.3214111e+02
   2.5324300e+05   4.0466309e+01
   2.6271700e+05   4.1137695e+01
   2.7561800e+05   4.6264648e+01
   2.9065900e+05   3.8940430e+01
   2.9686800e+05   3.8391113e+01
   3.0355100e+05   4.2236328e+01
   3.0547000e+05   3.9611816e+01
   3.1017500e+05   4.2541504e+01
   3.1595800e+05   4.5715332e+01
   3.3025600e+05   4.6020508e+01
   3.3215300e+05   3.8818359e+01
   3.3578600e+05   4.1137695e+01
   3.4009300e+05   3.9367676e+01
   3.4488600e+05   4.0344238e+01
   3.4536000e+05   1.2091064e+02
   3.5486900e+05   3.9428711e+01
   3.5598000e+05   4.1381836e+01
   3.5656300e+05   4.4555664e+01
   3.5891000e+05   3.9733887e+01
   3.7382900e+05   4.1076660e+01
   3.7589200e+05   4.1931152e+01
   3.8381700e+05   4.7180176e+01
   3.9107700e+05   4.5166016e+01
   3.9189600e+05   1.1535645e+02
   3.9204200e+05   4.0649414e+01
   3.9275100e+05   1.2487793e+02
   4.0557400e+05   3.9062500e+01
   4.1304600e+05   4.8767090e+01
   4.2458500e+05   4.3762207e+01
   4.2543200e+05   4.1198730e+01
   4.2916600e+05   4.9804688e+01
   4.3202300e+05   3.9062500e+01
   4.3838400e+05   4.5166016e+01
   4.4007500e+05   3.9367676e+01
   4.5021200e+05   4.6203613e+01
   4.5118600e+05   4.4189453e+01
   4.5475600e+05   4.2785645e+01
   4.7127400e+05   4.7790527e+01
   4.7850100e+05   4.8889160e+01
   4.8552300e+05   4.0771484e+01
   4.8784100e+05   4.1687012e+01
   4.9123900e+05   3.8696289e+01
   4.9802200e+05   4.3518066e+01
   5.0598400e+05   4.5043945e+01
   5.1736600e+05   3.9794922e+01
   5.2189200e+05   3.9855957e+01
   5.3921700e+05   4.3884277e+01
   5.4163400e+05   3.9001465e+01
   5.4280800e+05   4.2358398e+01
   5.4568600e+05   3.8452148e+01
   5.4915700e+05   1.1614990e+02
   5.5671300e+05   4.5532227e+01
   5.6875500e+05   5.4382324e+01
   5.6950300e+05   4.4555664e+01
   5.8003000e+05   4.0710449e+01
   5.8216000e+05   4.4433594e+01
   5.8249300e+05   4.1503906e+01
   5.9299600e+05   4.4860840e+01
   5.9703500e+05   4.1931152e+01
   6.0015500e+05   3.8757324e+01
   6.2284100e+05   4.5104980e+01
   6.2707700e+05   3.9794922e+01
   6.2838700e+05   1.1260986e+02
   6.2867000e+05   4.3212891e+01
   6.3936400e+05   3.8513184e+01
   6.4550100e+05   4.3334961e+01
   6.4752200e+05   4.9804688e+01
   6.5675000e+05   4.1015625e+01
   6.5847300e+05   3.9672852e+01
   6.6325500e+05   3.8269043e+01
   6.6499300e+05   5.3222656e+01
   6.6848400e+05   4.8400879e+01
   6.6924900e+05   3.8635254e+01
   6.7688300e+05   3.9855957e+01
   6.7882000e+05   3.9001465e+01
   6.8043100e+05   3.8574219e+01
   6.9605400e+05   3.8940430e+01
   6.9691000e+05   4.2297363e+01
   7.0338700e+05   5.0964355e+01
   7.0456900e+05   4.3823242e+01
   7.0728600e+05   4.2907715e+01
   7.0975300e+05   4.6386719e+01
   7.1168100e+05   1.2792969e+02
   7.1660200e+05   4.3212891e+01
   7.2029400e+05   4.6752930e+01
   7.2117200e+05   4.3212891e+01
   7.3130100e+05   4.1625977e+01
   7.3901600e+05   4.3823242e+01
   7.4490900e+05   3.8757324e+01
   7.4680800e+05   1.2896729e+02
   7.5146300e+05   3.9733887e+01
   7.5386000e+05   3.9489746e+01
   7.5498400e+05   4.0710449e+01
   7.6293100e+05   4.0344238e+01
   7.6325400e+05   1.1315918e+02
   7.6771100e+05   3.9550781e+01
   7.8457100e+05   4.2053223e+01
   7.8630800e+05   4.5776367e+01
   7.8648400e+05   1.2170410e+02
   7.8747100e+05   1.0614014e+02
   7.8779900e+05   3.9123535e+01
   7.8822900e+05   4.7241211e+01
   7.9501100e+05   5.0354004e+01
   7.9713500e+05   3.9855957e+01
   7.9865500e+05   3.8574219e+01
   8.1524300e+05   3.8818359e+01
   8.2048800e+05   3.9794922e+01
   8.2985000e+05   4.7912598e+01
   8.3409900e+05   3.8452148e+01
   8.3483400e+05   4.7363281e+01
   8.3730800e+05   4.2053223e+01
   8.4225100e+05   3.8879395e+01
   8.4570000e+05   4.9377441e+01
   8.4991700e+05   4.4982910e+01
   8.5374000e+05   3.9611816e+01
   8.5472000e+05   4.0466309e+01
   8.5794000e+05   3.9245605e+01
   8.6766000e+05   4.8095703e+01
   8.7732600e+05   4.3090820e+01
   8.8100500e+05   4.6264648e+01
   8.8172300e+05   4.3640137e+01
   8.8413800e+05   4.8645020e+01
   8.8543000e+05   4.4433594e+01
   8.8807300e+05   3.8696289e+01
   8.8912500e+05   4.2297363e+01
   8.9412300e+05   3.9489746e+01
   8.9911300e+05   1.1950684e+02
   9.0335100e+05   5.0354004e+01
   9.1343800e+05   4.0832520e+01
   9.1563900e+05   4.1809082e+01
   9.1723900e+05   4.1503906e+01
   9.1977700e+05   4.0527344e+01
   9.2317500e+05   4.2053223e+01
   9.2699000e+05   4.1076660e+01
   9.4134100e+05   1.1944580e+02
   9.4651600e+05   3.9855957e+01
   9.4990600e+05   3.8330078e+01
   9.5491900e+05   4.7729492e+01
   9.5792800e+05   4.5349121e+01
   9.6617700e+05   4.1381836e+01
   9.6764400e+05   3.8757324e+01
   9.6833400e+05   4.2114258e+01
   9.8098800e+05   4.0893555e+01
   9.8129100e+05   1.3659668e+02
   9.8260200e+05   4.4311523e+01
   9.9190200e+05   3.9367676e+01
   9.9638500e+05   5.0659180e+01
   9.9754100e+05   4.2053223e+01
   9.9891300e+05   4.3823242e+01
   1.0051380e+06   4.4555664e+01
   1.0176640e+06   4.1748047e+01
   1.0247600e+06   4.4433594e+01
   1.0333520e+06   4.7790527e+01
   1.0335760e+06   1.1907959e+02
   1.0344490e+06   4.4677734e+01
   1.0364280e+06   4.1748047e+01
   1.0427100e+06   5.2124023e+01
   1.0473430e+06   4.5043945e+01
   1.0545760e+06   3.9733887e+01
   1.0633590e+06   4.6264648e+01
   1.0671630e+06   3.9855957e+01
   1.0691650e+06   4.6813965e+01
   1.0854130e+06   4.7119141e+01
   1.0894400e+06   4.0649414e+01
   1.0898250e+06   1.1914062e+02
   1.0913420e+06   4.3884277e+01
   1.1056270e+06   4.0588379e+01
   1.1112340e+06   4.1381836e+01
   1.1190010e+06   4.9377441e+01
   1.1201660e+06   3.8391113e+01
   1.1284330e+06   4.3212891e+01
   1.1338060e+06   5.2124023e+01
   1.1358870e+06   3.9245605e+01
   1.1359610e+06   1.1437988e+02
   1.1385130e+06   4.4799805e+01
   1.1424540e+06   4.0832520e+01
   1.1517000e+06   4.4067383e+01
   1.1570060e+06   4.2419434e+01
   1.1604260e+06   5.6213379e+01
   1.1616710e+06   4.2236328e+01
   1.1653600e+06   4.1687012e+01
   1.1822620e+06   3.8879395e+01
   1.1997290e+06   4.0832520e+01
   1.2082660e+06   4.2785645e+01
   1.2111790e+06   4.2236328e+01
   1.2136900e+06   4.3762207e+01
   1.2173610e+06   3.8696289e+01
   1.2188520e+06   4.0832520e+01
   1.2195700e+06   3.9367676e+01
   1.2202480e+06   1.1895752e+02
   1.2230920e+06   4.9621582e+01
   1.2291270e+06   4.6264648e+01
   1.2311770e+06   4.6142578e+01
   1.2336410e+06   3.8940430e+01
   1.2387960e+06   4.0344238e+01
   1.2495260e+06   4.5471191e+01
   1.2555210e+06   4.0771484e+01
   1.2608040e+06   4.4616699e+01
   1.2628520e+06   4.1198730e+01
   1.2728960e+06   4.2785645e+01
   1.2764820e+06   4.4921875e+01
   1.2788050e+06   4.1015625e+01
   1.2796100e+06   4.0039062e+01
   1.2806870e+06   3.8391113e+01
   1.2843370e+06   4.6936035e+01
   1.2870470e+06   4.2480469e+01
   1.2931970e+06   4.8034668e+01
   1.2945360e+06   1.2866211e+02
   1.2945690e+06   4.4677734e+01
   1.2955830e+06   4.1870117e+01
   1.2959950e+06   4.0100098e+01
   1.2962490e+06   4.6203613e+01
   1.2962710e+06   1.1175537e+02
   1.3080740e+06   3.9306641e+01
   1.3089480e+06   4.7851562e+01
   1.3133080e+06   3.9611816e+01
   1.3147490e+06   4.2358398e+01
   1.3241230e+06   4.3579102e+01
   1.3249560e+06   5.1025391e+01
   1.3251050e+06   5.1147461e+01
   1.3257770e+06   4.2480469e+01
   1.3261430e+06   1.2280273e+02
   1.3281740e+06   4.1748047e+01
   1.3336400e+06   4.5043945e+01
   1.3412270e+06   4.1259766e+01
   1.3486310e+06   4.1076660e+01
   1.3558050e+06   4.8461914e+01
   1.3578660e+06   3.8452148e+01
   1.3580140e+06   3.9550781e+01
   1.3587940e+06   4.0466309e+01
   1.3895670e+06   4.7058105e+01
   1.3951020e+06   4.6447754e+01
   1.3979960e+06   4.1931152e+01
   1.4088160e+06   4.4494629e+01
   1.4106060e+06   4.4860840e+01
   1.4165070e+06   4.1503906e+01
   1.4197140e+06   1.3311768e+02
   1.4332230e+06   3.8818359e+01
   1.4392730e+06   4.5532227e+01
   1.4448980e+06   5.6762695e+01
   1.4454460e+06   4.1870117e+01
   1.4462640e+06   4.9682617e+01
   1.4464850e+06   1.1029053e+02
   1.4466880e+06   4.4067383e+01
   1.4540340e+06   3.9123535e+01
   1.4586780e+06   3.9367676e+01
   1.4632590e+06   4.7241211e+01
   1.4639090e+06   4.4311523e+01
   1.4708020e+06   4.3334961e+01
   1.4767260e+06   3.9428711e+01
   1.4813030e+06   4.1259766e+01
   1.4921740e+06   4.8339844e+01
   1.4982190e+06   4.4860840e+01
   1.4996790e+06   3.9978027e+01
   1.5020140e+06   4.8339844e+01
   1.5076130e+06   4.6875000e+01
   1.5136970e+06   4.3518066e+01
   1.5269690e+06   4.3640137e+01
   1.5290560e+06   4.5532227e+01
   1.5291620e+06   1.2707520e+02
   1.5351210e+06   4.1625977e+01
   1.5474630e+06   3.8635254e+01
   1.5591160e+06   1.2396240e+02
   1.5596830e+06   4.2907715e+01
   1.5651510e+06   3.8269043e+01
   1.5674880e+06   4.2846680e+01
   1.5707580e+06   3.9855957e+01
   1.5787150e+06   4.0100098e+01
   1.5831850e+06   3.9428711e+01
   1.5842800e+06   4.6142578e+01
   1.5869270e+06   4.0771484e+01
   1.5887510e+06   1.2994385e+02
   1.5941850e+06   3.9733887e+01
   1.5950030e+06   4.0466309e+01
   1.5997840e+06   3.9978027e+01
   1.6019170e+06   4.2724609e+01
   1.6040160e+06   4.1931152e+01
   1.6062950e+06   3.9306641e+01
   1.6149870e+06   4.1198730e+01
   1.6231760e+06   1.2878418e+02
   1.6253010e+06   3.8757324e+01
   1.6275560e+06   4.5532227e+01
   1.6299650e+06   3.8635254e+01
   1.6323820e+06   4.0893555e+01
   1.6396950e+06   4.7546387e+01
   1.6432420e+06   4.3090820e+01
   1.6513760e+06   3.9001465e+01
   1.6552420e+06   4.3762207e+01
   1.6563690e+06   3.9733887e+01
   1.6575180e+06   3.8879395e+01
   1.6600660e+06   4.0283203e+01
   1.6622390e+06   3.9611816e+01
   1.6707190e+06   3.9611816e+01
   1.6718020e+06   4.0588379e+01
   1.6731460e+06   4.5288086e+01
   1.6737480e+06   3.8452148e+01
   1.6743460e+06   4.1320801e+01
   1.6786430e+06   4.0588379e+01
   1.6920950e+06   3.9306641e+01
   1.6964950e+06   4.9682617e+01
   1.6998270e+06   4.1015625e+01
   1.7050050e+06   4.0405273e+01
   1.7129130e+06   4.6508789e+01
   1.7222300e+06   4.6997070e+01
   1.7331670e+06   4.2053223e+01
   1.7341690e+06   1.1383057e+02
   1.7348560e+06   1.1230469e+02
   1.7401270e+06   3.9428711e+01
   1.7440590e+06   3.8818359e+01
   1.7455240e+06   4.7302246e+01
   1.7464060e+06   3.8513184e+01
   1.7464600e+06   1.3183594e+02
   1.7511660e+06   4.0893555e+01
   1.7570370e+06   4.5776367e+01
   1.7603070e+06   4.2114258e+01
   1.7837920e+06   3.8574219e+01
   1.7896820e+06   3.8635254e+01
   1.7977280e+06   4.4250488e+01
   1.8018340e+06   5.3405762e+01
   1.8070570e+06   5.0537109e+01
   1.8149090e+06   4.2663574e+01
   1.8291620e+06   4.0405273e+01
   1.8358770e+06   3.9855957e+01
   1.8432820e+06   3.9978027e+01
   1.8449910e+06   3.9184570e+01
   1.8456430e+06   4.4677734e+01
   1.8497700e+06   4.1442871e+01
   1.8570720e+06   3.9672852e+01
   1.8581520e+06   4.1564941e+01
   1.8588910e+06   1.2738037e+02
   1.8638810e+06   4.1625977e+01
   1.8678580e+06   4.4616699e+01
   1.8703990e+06   3.9123535e+01
   1.8752480e+06   4.5043945e+01
   1.8844320e+06   1.2121582e+02
   1.8851300e+06   4.1503906e+01
   1.8945590e+06   4.7058105e+01
   1.9018360e+06   4.2785645e+01
   1.9034870e+06   4.1503906e+01
   1.9065310e+06   4.1809082e+01
   1.9084340e+06   4.6997070e+01
   1.9100040e+06   4.1625977e+01
   1.9330380e+06   4.2846680e+01
   1.9363290e+06   4.6203613e+01
   1.9390040e+06   3.8574219e+01
   1.9414790e+06   4.1198730e+01
   1.9482770e+06   1.1083984e+02
   1.9546020e+06   3.8940430e+01
   1.9624450e+06   3.8940430e+01
   1.9640400e+06   4.1320801e+01
   1.9670350e+06   4.2785645e+01
   1.9672750e+06   1.2011719e+02
   1.9677240e+06   1.0437012e+02
   1.9699630e+06   4.0588379e+01
   1.9715880e+06   4.4494629e+01
   1.9782340e+06   3.9123535e+01
   1.9803340e+06   1.1932373e+02
   1.9845410e+06   4.2419434e+01
   1.9983590e+06   5.6335449e+01
   1.9995530e+06   1.2438965e+02
   2.0049330e+06   3.8635254e+01
   2.0135530e+06   1.3134766e+02
   2.0182190e+06   4.2846680e+01
   2.0264960e+06   4.9560547e+01
   2.0318240e+06   4.0588379e+01
   2.0324060e+06   3.9184570e+01
   2.0343830e+06   4.1381836e+01
   2.0456870e+06   4.4982910e+01
   2.0501110e+06   4.7546387e+01
   2.0546520e+06   3.9184570e+01
   2.0557040e+06   4.6813965e+01
   2.0625810e+06   5.2001953e+01
   2.0663820e+06   1.2628174e+02
   2.0667720e+06   4.7424316e+01
   2.0668230e+06   1.1914062e+02
   2.0696390e+06   4.2541504e+01
   2.0700870e+06   1.2481689e+02
   2.0704430e+06   5.0048828e+01
   2.0705130e+06   1.2359619e+02
   2.0708490e+06   1.0089111e+02
   2.0712420e+06   6.9702148e+01
   2.0718270e+06   7.5500488e+01
   2.0793210e+06   4.2175293e+01
   2.0820580e+06   1.0351562e+02
   2.0825170e+06   5.5175781e+01
   2.0827160e+06   5.0537109e+01
   2.0830110e+06   4.0527344e+01
   2.0835460e+06   9.6984863e+01
   2.0837150e+06   4.1687012e+01
   2.0842400e+06   4.6020508e+01
   2.0845500e+06   9.3200684e+01
   2.0857390e+06   4.5166016e+01
   2.0865440e+06   4.3395996e+01
   2.0869290e+06   9.9243164e+01
   2.0874300e+06   8.3740234e+01
   2.0879020e+06   7.0251465e+01
   2.0884370e+06   6.6833496e+01
   2.1092180e+06   4.2114258e+01
   2.1099400e+06   4.2297363e+01
   2.1201460e+06   4.1198730e+01
   2.1261200e+06   4.6997070e+01
   2.1288760e+06   4.2175293e+01
   2.1375840e+06   1.2518311e+02
   2.1416330e+06   4.4616699e+01
   2.1445260e+06   4.4616699e+01
   2.1490190e+06   4.1320801e+01
   2.1522390e+06   5.1513672e+01
   2.1530490e+06   1.3031006e+02
   2.1533110e+06   4.8400879e+01
   2.1533600e+06   1.1065674e+02
   2.1550370e+06   3.9184570e+01
   2.1653840e+06   5.2368164e+01
   2.1706810e+06   4.7241211e+01
   2.1716980e+06   3.9794922e+01
   2.1726470e+06   1.2145996e+02
   2.1790760e+06   4.3701172e+01
   2.1804030e+06   4.4799805e+01
   2.1910870e+06   3.8940430e+01
   2.1915830e+06   4.1809082e+01
   2.2048510e+06   1.1578369e+02
   2.2053580e+06   4.3212891e+01
   2.2144700e+06   4.3334961e+01
   2.2158180e+06   4.2419434e+01
   2.2235710e+06   4.7180176e+01
   2.2263960e+06   1.0858154e+02
   2.2312300e+06   4.3884277e+01
   2.2321700e+06   4.2480469e+01
   2.2357330e+06   4.2663574e+01
   2.2383960e+06   4.1076660e+01
   2.2518570e+06   4.1198730e+01
   2.2609150e+06   4.4921875e+01
   2.2626150e+06   4.3823242e+01
   2.2647840e+06   3.9428711e+01
   2.2654670e+06   4.1442871e+01
   2.2728770e+06   3.8574219e+01
   2.2730670e+06   1.2109375e+02
   2.2792290e+06   4.1809082e+01
   2.2793460e+06   1.2561035e+02
   2.2840240e+06   4.0588379e+01
   2.2887210e+06   5.5114746e+01
   2.2960880e+06   3.9428711e+01
   2.2986080e+06   1.2329102e+02
   2.3109480e+06   4.0222168e+01
   2.3138430e+06   4.7546387e+01
   2.3145370e+06   4.5654297e+01
   2.3156560e+06   5.4809570e+01
   2.3160740e+06   1.2268066e+02
   2.3171250e+06   4.4982910e+01
   2.3213010e+06   4.5227051e+01
   2.3244790e+06   4.1076660e+01
   2.3331550e+06   4.2175293e+01
   2.3371450e+06   4.2785645e+01
   2.3371860e+06   1.3043213e+02
   2.3378880e+06   1.0791016e+02
   2.3405600e+06   3.9916992e+01
   2.3453230e+06   4.1503906e+01
   2.3514970e+06   1.1926270e+02
   2.3582170e+06   1.1773682e+02
   2.3585830e+06   1.0992432e+02
   2.3767560e+06   4.2785645e+01
   2.3829500e+06   4.3212891e+01
   2.3856260e+06   3.9978027e+01
   2.4116180e+06   4.5837402e+01
   2.4160660e+06   4.6752930e+01
   2.4304140e+06   1.2384033e+02
   2.4426140e+06   4.1748047e+01
   2.4428130e+06   1.2194824e+02
   2.4543760e+06   4.2053223e+01
   2.4579680e+06   4.1625977e+01
   2.4584050e+06   1.1358643e+02
   2.4618770e+06   4.6447754e+01
   2.4649130e+06   4.5532227e+01
   2.4658070e+06   3.9794922e+01
   2.4677940e+06   4.1687012e+01
   2.4691430e+06   1.2109375e+02
   2.4704420e+06   4.0222168e+01
   2.4764710e+06   5.2551270e+01
   2.4787150e+06   3.9672852e+01
   2.4838540e+06   4.0283203e+01
   2.4849660e+06   4.8583984e+01
   2.4871610e+06   3.8330078e+01
   2.4911690e+06   3.9428711e+01
   2.4958440e+06   1.2890625e+02
   2.5016090e+06   3.8818359e+01
   2.5027670e+06   4.8339844e+01
   2.5068860e+06   5.2307129e+01
   2.5236110e+06   4.2053223e+01
   2.5248410e+06   3.8879395e+01
   2.5292960e+06   4.7363281e+01
   2.5301270e+06   1.2878418e+02
   2.5303440e+06   1.0626221e+02
   2.5460430e+06   4.1687012e+01
   2.5501660e+06   4.4250488e+01
   2.5522280e+06   4.6569824e+01
   2.5544770e+06   4.1198730e+01
   2.5552810e+06   3.9367676e+01
   2.5634790e+06   5.1818848e+01
   2.5648770e+06   4.0527344e+01
   2.5759740e+06   4.3151855e+01
   2.5780070e+06   3.8940430e+01
   2.5856390e+06   4.1381836e+01
   2.5931090e+06   4.3395996e+01
   2.5940250e+06   3.9916992e+01
   2.5977580e+06   4.4189453e+01
   2.6025050e+06   3.8635254e+01
   2.6050140e+06   3.8696289e+01
   2.6123510e+06   3.9855957e+01
   2.6163580e+06   4.6264648e+01
   2.6185850e+06   4.2602539e+01
   2.6199570e+06   4.1687012e+01
   2.6209410e+06   4.6752930e+01
   2.6217070e+06   4.2114258e+01
   2.6222310e+06   1.1407471e+02
   2.6291330e+06   4.4677734e+01
   2.6362430e+06   4.7363281e+01
   2.6455700e+06   4.1320801e+01
   2.6506690e+06   4.8583984e+01
   2.6568930e+06   4.0588379e+01
   2.6596270e+06   1.2005615e+02
   2.6602850e+06   3.8330078e+01
   2.6614390e+06   4.2114258e+01
   2.6615580e+06   1.1810303e+02
   2.6633930e+06   3.8940430e+01
   2.6726420e+06   4.4555664e+01
   2.6766190e+06   4.2297363e+01
   2.6777370e+06   1.2518311e+02
   2.6823020e+06   4.4677734e+01
   2.6909190e+06   4.7119141e+01
   2.6971560e+06   4.6875000e+01
   2.7022370e+06   3.8574219e+01
   2.7063100e+06   4.1259766e+01
   2.7130890e+06   4.0039062e+01
   2.7153650e+06   9.6252441e+01
   2.7163770e+06   4.5166016e+01
   2.7172680e+06   4.0710449e+01
   2.7276850e+06   4.1015625e+01
   2.7422000e+06   3.8696289e+01
   2.7440920e+06   4.3518066e+01
   2.7473220e+06   4.2602539e+01
   2.7486890e+06   1.2896729e+02
   2.7488270e+06   3.9611816e+01
   2.7489320e+06   1.1315918e+02
   2.7508270e+06   4.5837402e+01
   2.7684890e+06   4.2602539e+01
   2.7721210e+06   4.3029785e+01
   2.7727720e+06   5.3039551e+01
   2.7807510e+06   3.9611816e+01
   2.7854070e+06   3.8757324e+01
   2.7932630e+06   5.2917480e+01
   2.7955760e+06   4.5166016e+01
   2.8045750e+06   4.4189453e+01
   2.8084090e+06   4.2114258e+01
   2.8150150e+06   3.9611816e+01
   2.8224790e+06   4.0222168e+01
   2.8231410e+06   4.0100098e+01
   2.8293750e+06   4.1870117e+01
   2.8300810e+06   3.8391113e+01
   2.8326500e+06   1.1083984e+02
   2.8355360e+06   3.9855957e+01
   2.8363950e+06   1.1834717e+02
   2.8366000e+06   1.0009766e+02
   2.8368810e+06   9.4299316e+01
   2.8389900e+06   4.1564941e+01
   2.8493470e+06   4.6508789e+01
   2.8546030e+06   3.8818359e+01
   2.8597880e+06   4.7363281e+01
   2.8623900e+06   4.0588379e+01
   2.8683480e+06   4.5288086e+01
   2.8701400e+06   1.2652588e+02
   2.8760720e+06   4.0039062e+01
   2.8867850e+06   3.8940430e+01
   2.8935840e+06   5.2734375e+01
   2.8984200e+06   1.2976074e+02
   2.9041380e+06   4.3579102e+01
   2.9061620e+06   4.5043945e+01
   2.9067040e+06   4.1687012e+01
   2.9110920e+06   3.9184570e+01
   2.9146050e+06   3.8635254e+01
   2.9161970e+06   3.8269043e+01
   2.9236850e+06   4.0710449e+01
   2.9427290e+06   4.5166016e+01
   2.9442130e+06   4.6203613e+01
   2.9452850e+06   4.2785645e+01
   2.9493310e+06   4.2602539e+01
   2.9589400e+06   1.2652588e+02
   2.9632520e+06   4.5898437e+01
   2.9709490e+06   4.2846680e+01
   2.9846940e+06   4.1198730e+01
   2.9894390e+06   4.3457031e+01
   2.9901840e+06   3.9245605e+01
   2.9939030e+06   3.8635254e+01
   2.9939220e+06   1.2780762e+02
   2.9982630e+06   4.0954590e+01
   3.0032660e+06   3.8452148e+01
   3.0145060e+06   4.2419434e+01
   3.0157790e+06   4.5349121e+01
   3.0180650e+06   4.1015625e+01
   3.0251090e+06   5.3100586e+01
   3.0253000e+06   5.1513672e+01
   3.0255940e+06   4.7729492e+01
   3.0286210e+06   4.7424316e+01
   3.0299980e+06   5.1696777e+01
   3.0307570e+06   4.7058105e+01
   3.0456510e+06   1.0754395e+02
   3.0514660e+06   4.6264648e+01
   3.0531240e+06   4.6325684e+01
   3.0590150e+06   4.6020508e+01
   3.0670460e+06   4.3151855e+01
   3.0677710e+06   3.8818359e+01
   3.0682330e+06   1.1883545e+02
   3.0685240e+06   1.0333252e+02
   3.0727940e+06   4.1259766e+01
   3.0788510e+06   3.9916992e+01
   3.0796740e+06   3.9306641e+01
   3.0802990e+06   4.4189453e+01
   3.0816740e+06   4.1076660e+01
   3.0936600e+06   4.3823242e+01
   3.0943590e+06   1.2591553e+02
   3.0971110e+06   3.8879395e+01
   3.1008680e+06   4.3151855e+01
   3.1044290e+06   1.2402344e+02
   3.1054830e+06   4.7607422e+01
   3.1056580e+06   1.0272217e+02
   3.1065350e+06   3.9794922e+01
   3.1065790e+06   3.8269043e+01
   3.1070570e+06   9.8327637e+01
   3.1203140e+06   4.1931152e+01
   3.1234210e+06   4.1503906e+01
   3.1302450e+06   5.2429199e+01
   3.1312400e+06   4.2480469e+01
   3.1423630e+06   4.4372559e+01
   3.1430380e+06   3.8818359e+01
   3.1430840e+06   1.1981201e+02
   3.1436260e+06   4.1015625e+01
   3.1457700e+06   4.0222168e+01
   3.1464290e+06   4.0771484e+01
   3.1468910e+06   3.9001465e+01
   3.1480970e+06   3.9184570e+01
   3.1506960e+06   4.1931152e+01
   3.1509260e+06   9.8999023e+01
   3.1523320e+06   3.8635254e+01
   3.1563830e+06   4.5593262e+01
   3.1602300e+06   3.8574219e+01
   3.1607060e+06   4.3640137e+01
   3.1645620e+06   4.7668457e+01
   3.1687770e+06   4.3029785e+01
   3.1712940e+06   4.0588379e+01
   3.1770330e+06   4.3945313e+01
   3.1901950e+06   3.8330078e+01
   3.1960960e+06   4.6142578e+01
   3.1984830e+06   1.1993408e+02
   3.1999120e+06   1.0736084e+02
   3.2012740e+06   4.5532227e+01
   3.2023740e+06   3.8269043e+01
   3.2062340e+06   1.1029053e+02
   3.2077790e+06   4.0222168e+01
   3.2089940e+06   4.4250488e+01
   3.2101240e+06   3.9978027e+01
   3.2252330e+06   5.3039551e+01
   3.2280130e+06   1.1914062e+02
   3.2329290e+06   3.8635254e+01
   3.2347690e+06   1.1022949e+02
   3.2490030e+06   4.1503906e+01
   3.2506480e+06   1.2567139e+02
   3.2507470e+06   5.1025391e+01
   3.2528510e+06   4.3823242e+01
   3.2588910e+06   1.1907959e+02
   3.2600230e+06   3.9245605e+01
   3.2638870e+06   3.9733887e+01
   3.2657660e+06   5.4138184e+01
   3.2737960e+06   4.1687012e+01
   3.2785430e+06   4.0161133e+01
   3.2805900e+06   4.4433594e+01
   3.2857280e+06   3.9001465e+01
   3.2873850e+06   3.8879395e+01
   3.2948350e+06   1.1291504e+02
   3.2950590e+06   1.0119629e+02
   3.2970650e+06   4.3640137e+01
   3.3027830e+06   3.9123535e+01
   3.3093020e+06   3.9611816e+01
   3.3178170e+06   4.1564941e+01
   3.3184780e+06   3.9489746e+01
   3.3260120e+06   1.0833740e+02
   3.3284940e+06   3.8696289e+01
   3.3328880e+06   3.8757324e+01
   3.3337420e+06   4.4921875e+01
   3.3450520e+06   4.5654297e+01
   3.3507750e+06   4.6569824e+01
   3.3554790e+06   3.9978027e+01
   3.3573880e+06   4.8461914e+01
   3.3589490e+06   4.6569824e+01
   3.3608040e+06   1.1676025e+02
   3.3626130e+06   3.9245605e+01
   3.3660310e+06   3.9001465e+01
   3.3661610e+06   1.1566162e+02
   3.3676380e+06   4.0405273e+01
   3.3703310e+06   1.1364746e+02
   3.3707380e+06   1.0443115e+02
   3.3737450e+06   4.1137695e+01
   3.3833000e+06   4.2419434e+01
   3.3875650e+06   4.3273926e+01
   3.3917120e+06   3.8696289e+01
   3.3923600e+06   4.6691895e+01
   3.3979400e+06   4.7485352e+01
   3.3989950e+06   4.5471191e+01
   3.3992300e+06   1.2408447e+02
   3.3997540e+06   1.1370850e+02
   3.4016080e+06   4.8034668e+01
   3.4055460e+06   4.4067383e+01
   3.4060620e+06   4.8339844e+01
   3.4112950e+06   4.0100098e+01
   3.4117460e+06   4.5166016e+01
   3.4122030e+06   3.8696289e+01
   3.4122690e+06   1.2725830e+02
   3.4125390e+06   4.0161133e+01
   3.4206710e+06   4.2724609e+01
   3.4251150e+06   4.0100098e+01
   3.4303290e+06   4.1442871e+01
   3.4304000e+06   1.0961914e+02
   3.4306820e+06   1.1419678e+02
   3.4344010e+06   3.8269043e+01
   3.4408420e+06   4.2358398e+01
   3.4465860e+06   5.6396484e+01
   3.4509170e+06   4.5837402e+01
   3.4524620e+06   4.1076660e+01
   3.4531990e+06   3.8330078e+01
   3.4548760e+06   4.0222168e+01
   3.4588800e+06   4.1687012e+01
   3.4655090e+06   3.9123535e+01
   3.4725030e+06   3.9428711e+01
   3.4827360e+06   4.5043945e+01
   3.4833170e+06   4.5104980e+01
   3.4851700e+06   4.3334961e+01
   3.4867270e+06   4.2297363e+01
   3.4896640e+06   5.5969238e+01
   3.4942250e+06   4.4555664e+01
   3.4958000e+06   4.8400879e+01
   3.5013440e+06   4.4006348e+01
   3.5014960e+06   1.2207031e+02
   3.5082040e+06   3.8574219e+01
   3.5089780e+06   1.1968994e+02
   3.5112950e+06   4.6691895e+01
   3.5127280e+06   3.9611816e+01
   3.5135180e+06   1.0131836e+02
   3.5140290e+06   3.9306641e+01
   3.5140980e+06   1.0699463e+02
   3.5171650e+06   4.0222168e+01
   3.5175970e+06   4.2480469e+01
   3.5224010e+06   3.9978027e+01
   3.5264830e+06   3.9672852e+01
   3.5323960e+06   4.4555664e+01
   3.5328650e+06   4.2663574e+01
   3.5365590e+06   4.3762207e+01
   3.5385680e+06   4.4982910e+01
   3.5390970e+06   1.2298584e+02
   3.5426810e+06   3.8696289e+01
   3.5428850e+06   1.1639404e+02
   3.5436350e+06   3.8818359e+01
   3.5501720e+06   3.9733887e+01
   3.5522160e+06   4.1076660e+01
   3.5612320e+06   4.4738770e+01
   3.5648770e+06   4.0527344e+01
   3.5668290e+06   4.1931152e+01
   3.5682680e+06   1.1901855e+02
   3.5709100e+06   4.1320801e+01
   3.5730740e+06   4.1931152e+01
   3.5733240e+06   1.2280273e+02
   3.5735570e+06   4.3640137e+01
   3.5737670e+06   9.9670410e+01
   3.5775240e+06   4.2663574e+01
   3.5792440e+06   4.3273926e+01
   3.5854940e+06   3.9550781e+01
   3.5879510e+06   3.9611816e+01
   3.5892410e+06   4.4616699e+01
   3.5930500e+06   4.4555664e+01
   3.6023020e+06   1.1035156e+02
   3.6063770e+06   4.8828125e+01
   3.6138550e+06   4.0954590e+01
   3.6190360e+06   3.9123535e+01
   3.6199740e+06   4.2297363e+01
   3.6210170e+06   4.4067383e+01
   3.6213950e+06   3.9733887e+01
   3.6269250e+06   4.1320801e+01
   3.6270400e+06   1.2390137e+02
   3.6278850e+06   3.8940430e+01
   3.6279240e+06   1.0491943e+02
   3.6323100e+06   4.0649414e+01
   3.6330100e+06   4.0527344e+01
   3.6351400e+06   4.0222168e+01
   3.6369610e+06   4.3579102e+01
   3.6461640e+06   1.0583496e+02
   3.6480430e+06   4.1137695e+01
   3.6521700e+06   3.8818359e+01
   3.6572470e+06   3.8330078e+01
   3.6582750e+06   3.8635254e+01
   3.6585010e+06   1.2170410e+02
   3.6681130e+06   1.2243652e+02
   3.6688460e+06   1.1413574e+02
   3.6692070e+06   4.0832520e+01
   3.6692700e+06   9.7656250e+01
   3.6694750e+06   6.3110352e+01
   3.6694940e+06   4.5593262e+01
   3.6696770e+06   4.7424316e+01
   3.6699280e+06   5.0720215e+01
   3.6704630e+06   6.0791016e+01
   3.6749180e+06   3.9916992e+01
   3.6762070e+06   3.9733887e+01
   3.6828900e+06   4.2053223e+01
   3.6884930e+06   3.9611816e+01
   3.6911690e+06   4.3334961e+01
   3.6960550e+06   4.2419434e+01
   3.7003370e+06   1.1511230e+02
   3.7018970e+06   4.5043945e+01
   3.7044470e+06   4.3273926e+01
   3.7049180e+06   1.1437988e+02
   3.7049860e+06   5.5786133e+01
   3.7051110e+06   8.7585449e+01
   3.7055730e+06   9.3566895e+01
   3.7059860e+06   8.8073730e+01
   3.7065980e+06   6.6040039e+01
   3.7069850e+06   7.3120117e+01
   3.7070530e+06   3.8818359e+01
   3.7182010e+06   4.1809082e+01
   3.7197080e+06   3.9611816e+01
   3.7207050e+06   1.0705566e+02
   3.7249700e+06   4.1992188e+01
   3.7405420e+06   4.0222168e+01
   3.7439790e+06   4.8034668e+01
   3.7440970e+06   1.2670898e+02
   3.7444080e+06   3.9001465e+01
   3.7509420e+06   4.8461914e+01
   3.7571440e+06   3.9855957e+01
   3.7601480e+06   4.6630859e+01
   3.7629470e+06   1.1419678e+02
   3.7631200e+06   8.8928223e+01
   3.7639630e+06   8.4960938e+01
   3.7644210e+06   4.7119141e+01
   3.7814800e+06   5.0659180e+01
   3.7849640e+06   4.0283203e+01
   3.7886670e+06   5.5725098e+01
   3.7888060e+06   4.4738770e+01
   3.7888750e+06   1.1834717e+02
   3.7895790e+06   9.8266602e+01
   3.7930640e+06   4.2419434e+01
   3.7939180e+06   4.4311523e+01
   3.7948820e+06   1.2908936e+02
   3.7984570e+06   4.7668457e+01
   3.7991940e+06   4.0649414e+01
   3.8025130e+06   1.1016846e+02
   3.8044080e+06   4.2541504e+01
   3.8057000e+06   4.4921875e+01
   3.8062070e+06   4.5532227e+01
   3.8093480e+06   4.4067383e+01
   3.8173240e+06   4.2846680e+01
   3.8259580e+06   4.8339844e+01
   3.8273750e+06   4.0527344e+01
   3.8283600e+06   4.8217773e+01
   3.8300180e+06   4.6386719e+01
   3.8375650e+06   4.1137695e+01
   3.8394910e+06   4.1748047e+01
   3.8398730e+06   1.1572266e+02
   3.8457260e+06   4.7241211e+01
   3.8460710e+06   1.1584473e+02
   3.8504200e+06   4.6691895e+01
   3.8528280e+06   4.2846680e+01
   3.8532250e+06   4.2358398e+01
   3.8536760e+06   1.1596680e+02
   3.8542520e+06   9.6435547e+01
   3.8544890e+06   4.4006348e+01
   3.8549820e+06   3.8940430e+01
   3.8554560e+06   3.9367676e+01
   3.8665980e+06   4.0710449e+01
   3.8686590e+06   4.2236328e+01
   3.8707590e+06   1.1688232e+02
   3.8710160e+06   9.9670410e+01
   3.8773890e+06   4.0405273e+01
   3.8778070e+06   1.1279297e+02
   3.8782420e+06   4.5532227e+01
   3.8784820e+06   8.9050293e+01
   3.8912590e+06   4.1076660e+01
   3.8915540e+06   1.1926270e+02
   3.8917960e+06   3.9062500e+01
   3.8919150e+06   9.5886230e+01
   3.8921270e+06   6.6589355e+01
   3.8925050e+06   7.8308105e+01
   3.8950570e+06   3.8452148e+01
   3.8978010e+06   4.7241211e+01
   3.9022280e+06   5.8166504e+01
   3.9030180e+06   5.7434082e+01
   3.9035420e+06   5.1330566e+01
   3.9040100e+06   4.2480469e+01
   3.9052070e+06   4.3334961e+01
   3.9062070e+06   4.4494629e+01
   3.9129720e+06   3.8940430e+01
   3.9181310e+06   5.0048828e+01
   3.9216690e+06   4.5532227e+01
   3.9226160e+06   4.4311523e+01
   3.9270020e+06   4.3212891e+01
   3.9270890e+06   1.2689209e+02
   3.9274610e+06   1.0534668e+02
   3.9284680e+06   4.0710449e+01
   3.9287450e+06   3.9855957e+01
   3.9300180e+06   1.0882568e+02
   3.9308460e+06   9.2407227e+01
   3.9319400e+06   7.9223633e+01
   3.9322410e+06   4.4494629e+01
   3.9338240e+06   4.5104980e+01
   3.9407660e+06   4.1198730e+01
   3.9419700e+06   4.0100098e+01
   3.9420580e+06   1.0552979e+02
   3.9422130e+06   6.5124512e+01
   3.9427830e+06   9.2102051e+01
   3.9576520e+06   4.0649414e+01
   3.9603880e+06   1.1657715e+02
   3.9617260e+06   3.8574219e+01
   3.9644210e+06   1.1364746e+02
   3.9742080e+06   4.8461914e+01
   3.9759080e+06   1.1267090e+02
   3.9764830e+06   1.0626221e+02
   3.9822930e+06   4.2297363e+01
   3.9828470e+06   3.8391113e+01
   3.9830330e+06   9.5764160e+01
   3.9835120e+06   8.2458496e+01
   3.9836730e+06   5.0842285e+01
   3.9840050e+06   7.9467773e+01
   3.9842530e+06   5.3344727e+01
   3.9847200e+06   4.3212891e+01
   3.9852500e+06   3.9184570e+01
   3.9852730e+06   5.8654785e+01
   3.9993030e+06   3.9978027e+01
   4.0002530e+06   4.3945312e+01
   4.0044910e+06   4.5104980e+01
   4.0115590e+06   3.9733887e+01
   4.0159370e+06   4.5532227e+01
   4.0162490e+06   4.3518066e+01
   4.0168910e+06   1.2145996e+02
   4.0196360e+06   4.5898438e+01
   4.0200080e+06   4.3945312e+01
   4.0209720e+06   1.1535645e+02
   4.0221570e+06   9.7229004e+01
   4.0224920e+06   3.8269043e+01
   4.0225710e+06   8.4960938e+01
   4.0226320e+06   3.8574219e+01
   4.0272860e+06   5.9326172e+01
   4.0274040e+06   4.6386719e+01
   4.0356810e+06   4.2114258e+01
   4.0481130e+06   4.8461914e+01
   4.0482090e+06   1.3183594e+02
   4.0482360e+06   3.8574219e+01
   4.0482840e+06   4.2846680e+01
   4.0485760e+06   1.0284424e+02
   4.0568450e+06   1.1267090e+02
   4.0569310e+06   5.0292969e+01
   4.0571500e+06   8.0505371e+01
   4.0662370e+06   4.9865723e+01
   4.0670800e+06   4.8034668e+01
   4.0697550e+06   4.3701172e+01
   4.0706470e+06   3.9733887e+01
   4.0808010e+06   3.8574219e+01
   4.0862830e+06   3.9611816e+01
   4.0871190e+06   4.5776367e+01
   4.0887610e+06   1.1230469e+02
   4.0894710e+06   9.9121094e+01
   4.0936640e+06   5.3649902e+01
   4.0938360e+06   1.2493896e+02
   4.0939300e+06   5.2856445e+01
   4.0950890e+06   3.8269043e+01
   4.0973980e+06   4.8950195e+01
   4.0985520e+06   3.9794922e+01
   4.1031700e+06   4.1076660e+01
   4.1048570e+06   4.4677734e+01
   4.1107870e+06   4.4128418e+01
   4.1173740e+06   4.4128418e+01
   4.1275340e+06   4.2236328e+01
   4.1454740e+06   4.4067383e+01
   4.1460830e+06   1.3513184e+02
   4.1547840e+06   4.2846680e+01
   4.1608830e+06   3.8757324e+01
   4.1613970e+06   1.0803223e+02
   4.1616120e+06   3.9123535e+01
   4.1616750e+06   1.0479736e+02
   4.1620380e+06   8.7890625e+01
   4.1634780e+06   4.1992188e+01
   4.1687310e+06   4.4311523e+01
   4.1724070e+06   4.2663574e+01
   4.1734650e+06   3.9367676e+01
   4.1737300e+06   1.2103271e+02
   4.1754710e+06   5.1696777e+01
   4.1847440e+06   4.1748047e+01
   4.1968360e+06   3.8574219e+01
   4.2095370e+06   4.9377441e+01
   4.2171160e+06   4.3457031e+01
   4.2177430e+06   1.0864258e+02
   4.2192340e+06   5.2124023e+01
   4.2210970e+06   4.4372559e+01
   4.2260580e+06   4.3395996e+01
   4.2367260e+06   3.8879395e+01
   4.2441630e+06   4.3090820e+01
   4.2465580e+06   3.8452148e+01
   4.2468300e+06   1.2927246e+02
   4.2535030e+06   4.2114258e+01
   4.2626730e+06   3.8696289e+01
   4.2627910e+06   1.1627197e+02
   4.2684190e+06   4.1870117e+01
   4.2785060e+06   5.1269531e+01
   4.2806310e+06   5.0964355e+01
   4.2841080e+06   1.2176514e+02
   4.2890630e+06   4.9560547e+01
   4.2925780e+06   3.9123535e+01
   4.2950790e+06   4.0527344e+01
   4.2961910e+06   4.4799805e+01
   4.2969070e+06   4.2968750e+01
   4.2977520e+06   3.8574219e+01
   4.2995680e+06   4.2846680e+01
   4.3047850e+06   4.0039062e+01
   4.3055140e+06   4.1503906e+01
   4.3116230e+06   4.7546387e+01
   4.3132630e+06   3.9978027e+01
   4.3150500e+06   3.8391113e+01
   4.3156510e+06   3.8635254e+01
   4.3169900e+06   1.1553955e+02
   4.3217040e+06   3.9489746e+01
   4.3252460e+06   3.9855957e+01
   4.3302140e+06   3.8574219e+01
   4.3349480e+06   4.0527344e+01
   4.3405890e+06   4.3212891e+01
   4.3489580e+06   4.1687012e+01
   4.3536160e+06   4.3518066e+01
   4.3562860e+06   4.2053223e+01
   4.3571150e+06   5.4809570e+01
   4.3572990e+06   4.7424316e+01
   4.3584660e+06   4.7180176e+01
   4.3613670e+06   4.0649414e+01
   4.3623750e+06   1.3311768e+02
   4.3625150e+06   8.9599609e+01
   4.3628640e+06   1.0119629e+02
   4.3661190e+06   3.8330078e+01
   4.3680780e+06   3.9123535e+01
   4.3708090e+06   4.8034668e+01
   4.3730920e+06   3.9001465e+01
   4.3826990e+06   1.1334229e+02
   4.3834450e+06   4.6997070e+01
   4.3872500e+06   3.9489746e+01
   4.3932540e+06   5.2246094e+01
   4.3944350e+06   4.6875000e+01
   4.3953520e+06   3.8391113e+01
   4.3954270e+06   1.1785889e+02
   4.4015680e+06   4.2846680e+01
   4.4071130e+06   4.8095703e+01
   4.4143410e+06   4.6630859e+01
   4.4208910e+06   1.2622070e+02
   4.4241770e+06   1.1047363e+02
   4.4278660e+06   3.9794922e+01
   4.4293290e+06   4.1809082e+01
   4.4298540e+06   4.2297363e+01
   4.4307340e+06   1.1682129e+02
   4.4345220e+06   4.0100098e+01
   4.4384870e+06   4.3212891e+01
   4.4425130e+06   4.0466309e+01
   4.4487080e+06   4.3151855e+01
   4.4517740e+06   5.4077148e+01
   4.4561190e+06   3.9978027e+01
   4.4572790e+06   3.8696289e+01
   4.4584500e+06   4.6264648e+01
   4.4622840e+06   4.2236328e+01
   4.4626860e+06   1.1816406e+02
   4.4629820e+06   4.0405273e+01
   4.4677410e+06   3.9672852e+01
   4.4688590e+06   4.2785645e+01
   4.4830900e+06   1.1267090e+02
   4.4878310e+06   1.1322021e+02
   4.4895720e+06   3.8330078e+01
   4.4911660e+06   1.0412598e+02
   4.5008710e+06   4.2480469e+01
   4.5052000e+06   3.8879395e+01
   4.5157910e+06   4.5166016e+01
   4.5164700e+06   4.1015625e+01
   4.5184310e+06   3.8635254e+01
   4.5253760e+06   4.0344238e+01
   4.5260250e+06   4.3395996e+01
   4.5268040e+06   4.1503906e+01
   4.5297920e+06   4.1015625e+01
   4.5364580e+06   1.1676025e+02
   4.5365740e+06   4.0161133e+01
   4.5374990e+06   4.7729492e+01
   4.5402780e+06   4.2785645e+01
   4.5435350e+06   1.0430908e+02
   4.5444570e+06   4.3762207e+01
   4.5455790e+06   3.8940430e+01
   4.5457940e+06   1.0992432e+02
   4.5461610e+06   8.7829590e+01
   4.5613880e+06   4.4738770e+01
   4.5633560e+06   6.2927246e+01
   4.5635580e+06   4.1931152e+01
   4.5635900e+06   4.5410156e+01
   4.5668950e+06   4.5532227e+01
   4.5729620e+06   4.0832520e+01
   4.5737690e+06   3.8940430e+01
   4.5752000e+06   5.3466797e+01
   4.5757590e+06   1.2969971e+02
   4.5769180e+06   4.0161133e+01
   4.5804170e+06   4.1992188e+01
   4.5963710e+06   4.3945312e+01
   4.5975510e+06   4.1931152e+01
   4.5979430e+06   4.2297363e+01
   4.5982170e+06   3.9672852e+01
   4.5983610e+06   1.1291504e+02
   4.5987200e+06   4.0100098e+01
   4.5995700e+06   3.8513184e+01
   4.6004250e+06   1.1547852e+02
   4.6026410e+06   4.3579102e+01
   4.6261690e+06   4.1381836e+01
   4.6322330e+06   4.5715332e+01
   4.6372760e+06   4.0832520e+01
   4.6451590e+06   4.7607422e+01
   4.6459560e+06   4.4189453e+01
   4.6547980e+06   3.8574219e+01
   4.6605100e+06   3.8269043e+01
   4.6615090e+06   4.3579102e+01
   4.6643270e+06   5.4931641e+01
   4.6647870e+06   1.1633301e+02
   4.6651800e+06   4.3212891e+01
   4.6657830e+06   1.1120605e+02
   4.6658460e+06   4.3334961e+01
   4.6659910e+06   8.0444336e+01
   4.6662000e+06   5.6152344e+01
   4.6664130e+06   5.6640625e+01
   4.6665270e+06   3.9672852e+01
   4.6666660e+06   5.8654785e+01
   4.6669710e+06   6.9946289e+01
   4.6672800e+06   4.7119141e+01
   4.6676170e+06   4.0771484e+01
   4.6683940e+06   4.1992188e+01
   4.6730440e+06   3.8574219e+01
   4.6734680e+06   3.9794922e+01
   4.6744800e+06   4.1259766e+01
   4.6795820e+06   1.0821533e+02
   4.6798400e+06   9.1491699e+01
   4.6827600e+06   4.5654297e+01
   4.6840680e+06   4.5410156e+01
   4.6886850e+06   4.5776367e+01
   4.6957010e+06   1.3311768e+02
   4.6959430e+06   1.0815430e+02
   4.6978600e+06   4.6508789e+01
   4.7076930e+06   4.2724609e+01
   4.7097520e+06   5.0231934e+01
   4.7133410e+06   4.1992188e+01
   4.7149150e+06   4.0344238e+01
   4.7223610e+06   4.3334961e+01
   4.7227300e+06   4.1809082e+01
   4.7230740e+06   1.0888672e+02
   4.7234690e+06   1.0119629e+02
   4.7242590e+06   9.5092773e+01
   4.7248490e+06   9.4848633e+01
   4.7251670e+06   7.3913574e+01
   4.7255150e+06   4.0710449e+01
   4.7255980e+06   4.6447754e+01
   4.7264150e+06   4.1992188e+01
   4.7267670e+06   4.1625977e+01
   4.7271320e+06   4.6203613e+01
   4.7351350e+06   5.8593750e+01
   4.7379630e+06   4.3945312e+01
   4.7444710e+06   3.8879395e+01
   4.7536990e+06   3.8757324e+01
   4.7557450e+06   4.2053223e+01
   4.7565770e+06   4.6936035e+01
   4.7567630e+06   1.0717773e+02
   4.7583870e+06   4.8400879e+01
   4.7599400e+06   8.9538574e+01
   4.7601910e+06   4.0954590e+01
   4.7602720e+06   1.0333252e+02
   4.7632170e+06   4.2785645e+01
   4.7638650e+06   1.0705566e+02
   4.7827730e+06   4.2053223e+01
   4.7879840e+06   1.0870361e+02
   4.7902590e+06   4.1625977e+01
   4.7906140e+06   3.9062500e+01
   4.8051840e+06   4.5288086e+01
   4.8112030e+06   4.5227051e+01
   4.8146410e+06   4.5410156e+01
   4.8165460e+06   4.4372559e+01
   4.8178420e+06   4.1015625e+01
   4.8256870e+06   3.8696289e+01
   4.8311380e+06   3.8452148e+01
   4.8317240e+06   4.7851563e+01
   4.8430940e+06   4.7790527e+01
   4.8460050e+06   4.6630859e+01
   4.8471010e+06   4.1381836e+01
   4.8526690e+06   3.8574219e+01
   4.8566440e+06   4.5288086e+01
   4.8632610e+06   4.1687012e+01
   4.8779680e+06   4.4982910e+01
   4.8781100e+06   1.1712646e+02
   4.8811510e+06   4.5898438e+01
   4.8856800e+06   3.9123535e+01
   4.8912610e+06   4.7790527e+01
   4.8925160e+06   4.2297363e+01
   4.8937380e+06   4.1870117e+01
   4.8944600e+06   1.1932373e+02
   4.8945670e+06   3.9855957e+01
   4.8946420e+06   1.0552979e+02
   4.8948970e+06   7.7758789e+01
   4.8983040e+06   4.6203613e+01
   4.8988880e+06   4.1015625e+01
   4.9048730e+06   4.0710449e+01
   4.9050780e+06   1.0809326e+02
   4.9105970e+06   4.5715332e+01
   4.9127700e+06   4.3334961e+01
   4.9149840e+06   4.9621582e+01
   4.9170980e+06   4.8522949e+01
   4.9217100e+06   4.5410156e+01
   4.9332870e+06   4.0649414e+01
   4.9333610e+06   1.2103271e+02
   4.9338900e+06   4.0954590e+01
   4.9353820e+06   4.5227051e+01
   4.9457180e+06   4.8828125e+01
   4.9575240e+06   4.7851563e+01
   4.9594060e+06   4.5959473e+01
   4.9596120e+06   1.3458252e+02
   4.9657830e+06   3.9184570e+01
   4.9689780e+06   3.9428711e+01
   4.9801330e+06   4.5898438e+01
   4.9847020e+06   1.2127686e+02
   4.9857480e+06   4.7912598e+01
   4.9993160e+06   4.2785645e+01
   5.0097180e+06   4.2175293e+01
   5.0122790e+06   4.4067383e+01
   5.0124740e+06   1.2170410e+02
   5.0170220e+06   1.1590576e+02
   5.0172150e+06   3.8940430e+01
   5.0174680e+06   1.0095215e+02
   5.0272850e+06   1.0723877e+02
   5.0281570e+06   4.0649414e+01
   5.0308850e+06   4.1198730e+01
   5.0313920e+06   3.9489746e+01
   5.0411270e+06   5.2062988e+01
   5.0460850e+06   1.2658691e+02
   5.0510770e+06   3.9794922e+01
   5.0565330e+06   3.9245605e+01
   5.0631640e+06   3.9428711e+01
   5.0681960e+06   4.7180176e+01
   5.0694580e+06   3.8818359e+01
   5.0702200e+06   1.1450195e+02
   5.0755030e+06   3.8513184e+01
   5.0799020e+06   4.1748047e+01
   5.0846030e+06   3.8269043e+01
   5.0873090e+06   4.3395996e+01
   5.0885780e+06   1.2194824e+02
   5.0885880e+06   3.8574219e+01
   5.1023520e+06   4.1503906e+01
   5.1025700e+06   1.2066650e+02
   5.1136830e+06   3.8269043e+01
   5.1150440e+06   4.2236328e+01
   5.1219660e+06   4.8889160e+01
   5.1285610e+06   3.8513184e+01
   5.1319070e+06   1.2133789e+02
   5.1383420e+06   4.5349121e+01
   5.1444100e+06   4.1931152e+01
   5.1446230e+06   4.0344238e+01
   5.1488140e+06   4.2419434e+01
   5.1538080e+06   4.2724609e+01
   5.1553830e+06   1.2005615e+02
   5.1574800e+06   4.9865723e+01
   5.1601040e+06   1.0821533e+02
   5.1607500e+06   1.0656738e+02
   5.1624650e+06   4.0283203e+01
   5.1676240e+06   4.7424316e+01
   5.1741270e+06   4.4982910e+01
   5.1754170e+06   4.0100098e+01
   5.1758510e+06   4.2541504e+01
   5.1783450e+06   4.7058105e+01
   5.1925780e+06   1.1981201e+02
   5.1926020e+06   4.5898438e+01
   5.1942350e+06   4.3029785e+01
   5.1949290e+06   4.8828125e+01
   5.1970860e+06   4.2663574e+01
   5.1978480e+06   3.9306641e+01
   5.2007230e+06   3.9794922e+01
   5.2048200e+06   3.9062500e+01
   5.2095000e+06   3.9794922e+01
   5.2143730e+06   4.4921875e+01
   5.2160160e+06   1.1462402e+02
   5.2164870e+06   4.1381836e+01
   5.2168560e+06   1.1273193e+02
   5.2289940e+06   4.3945312e+01
   5.2316220e+06   1.1871338e+02
   5.2323770e+06   1.0064697e+02
   5.2368350e+06   3.8635254e+01
   5.2448310e+06   4.4250488e+01
   5.2472380e+06   4.0283203e+01
   5.2479830e+06   3.9611816e+01
   5.2530960e+06   4.0649414e+01
   5.2610680e+06   4.5288086e+01
   5.2624060e+06   4.0039063e+01
   5.2638720e+06   4.6142578e+01
   5.2650980e+06   4.0588379e+01
   5.2681940e+06   4.2114258e+01
   5.2780470e+06   4.0039062e+01
   5.2845510e+06   3.8269043e+01
   5.2859810e+06   1.1425781e+02
   5.2862410e+06   3.9611816e+01
   5.2867310e+06   4.9499512e+01
   5.2868090e+06   1.0833740e+02
   5.2869320e+06   5.1086426e+01
   5.2872280e+06   8.5449219e+01
   5.2878580e+06   3.9489746e+01
   5.2882470e+06   4.9255371e+01
   5.2949270e+06   3.8818359e+01
   5.3046470e+06   3.9611816e+01
   5.3079910e+06   4.3518066e+01
   5.3169650e+06   4.2175293e+01
   5.3173100e+06   4.2480469e+01
   5.3174920e+06   1.1523438e+02
   5.3188990e+06   4.1809082e+01
   5.3198480e+06   9.7534180e+01
   5.3200830e+06   8.9843750e+01
   5.3323430e+06   1.1016846e+02
   5.3327390e+06   4.7607422e+01
   5.3331670e+06   1.0772705e+02
   5.3358510e+06   9.4665527e+01
   5.3430010e+06   3.8635254e+01
   5.3432420e+06   1.0949707e+02
   5.3435890e+06   9.8510742e+01
   5.3449500e+06   4.5593262e+01
   5.3462830e+06   4.0405273e+01
   5.3568680e+06   3.8330078e+01
   5.3630600e+06   3.9062500e+01
   5.3683830e+06   3.9978027e+01
   5.3696430e+06   1.1547852e+02
   5.3710030e+06   4.1931152e+01
   5.3727910e+06   1.1755371e+02
   5.3741810e+06   1.0858154e+02
   5.3741960e+06   3.8696289e+01
   5.3750710e+06   9.6191406e+01
   5.3756760e+06   5.4626465e+01
   5.3835920e+06   5.2795410e+01
   5.3850910e+06   4.2236328e+01
   5.3855780e+06   9.8022461e+01
   5.3862170e+06   4.7363281e+01
   5.3867340e+06   1.0675049e+02
   5.3954360e+06   3.9306641e+01
   5.3998170e+06   4.0527344e+01
   5.4002700e+06   4.3395996e+01
   5.4048410e+06   4.6691895e+01
   5.4097010e+06   4.5349121e+01
   5.4153320e+06   4.1748047e+01
   5.4158910e+06   4.9194336e+01
   5.4179200e+06   4.4250488e+01
   5.4179330e+06   1.0791016e+02
   5.4195960e+06   1.0119629e+02
   5.4198410e+06   9.2346191e+01
   5.4201080e+06   8.3862305e+01
   5.4204530e+06   8.0078125e+01
   5.4208950e+06   5.5541992e+01
   5.4212250e+06   6.0668945e+01
   5.4217100e+06   6.2438965e+01
   5.4405560e+06   4.6875000e+01
   5.4406600e+06   1.1608887e+02
   5.4423950e+06   9.6923828e+01
   5.4429480e+06   4.3212891e+01
   5.4440190e+06   4.1870117e+01
   5.4449200e+06   4.6325684e+01
   5.4484130e+06   3.8513184e+01
   5.4494800e+06   3.8513184e+01
   5.4495820e+06   1.0784912e+02
   5.4498530e+06   9.3872070e+01
   5.4503990e+06   7.0739746e+01
   5.4507460e+06   5.5541992e+01
   5.4511130e+06   6.3781738e+01
   5.4515080e+06   6.0180664e+01
   5.4518230e+06   4.9072266e+01
   5.4522680e+06   5.9326172e+01
   5.4527160e+06   4.6203613e+01
   5.4573090e+06   4.1809082e+01
   5.4645150e+06   4.3884277e+01
   5.4651490e+06   4.2724609e+01
   5.4686030e+06   4.4128418e+01
   5.4716040e+06   4.2053223e+01
   5.4758200e+06   1.2396240e+02
   5.4778460e+06   5.6152344e+01
   5.4783990e+06   4.9865723e+01
   5.4799140e+06   1.1468506e+02
   5.4835330e+06   3.9306641e+01
   5.4838780e+06   3.9123535e+01
   5.4843270e+06   4.1015625e+01
   5.4875600e+06   4.3579102e+01
   5.4882780e+06   1.0900879e+02
   5.4885050e+06   4.3273926e+01
   5.4887590e+06   8.3435059e+01
   5.4892380e+06   1.0321045e+02
   5.4894260e+06   5.0964355e+01
   5.4897700e+06   8.1909180e+01
   5.4901850e+06   3.9611816e+01
   5.4917540e+06   4.8767090e+01
   5.4943020e+06   3.8391113e+01
   5.4977160e+06   4.0344238e+01
   5.4982750e+06   1.0388184e+02
   5.4988520e+06   4.0649414e+01
   5.4992610e+06   4.8095703e+01
   5.4997830e+06   7.9528809e+01
   5.5004140e+06   3.8330078e+01
   5.5024070e+06   4.0527344e+01
   5.5148160e+06   1.1444092e+02
   5.5150790e+06   9.5642090e+01
   5.5159510e+06   9.1491699e+01
   5.5168120e+06   4.3029785e+01
   5.5169300e+06   9.2651367e+01
   5.5172120e+06   4.6813965e+01
   5.5284750e+06   4.4677734e+01
   5.5292520e+06   1.0876465e+02
   5.5357030e+06   4.8400879e+01
   5.5416740e+06   4.8217773e+01
   5.5477540e+06   4.8156738e+01
   5.5551540e+06   1.1926270e+02
   5.5672870e+06   3.9550781e+01
   5.5761330e+06   5.0170898e+01
   5.5772520e+06   4.1442871e+01
   5.5829320e+06   1.2023926e+02
   5.5831330e+06   4.0100098e+01
   5.5833770e+06   9.0881348e+01
   5.5906340e+06   4.5349121e+01
   5.5929780e+06   4.0466309e+01
   5.5973000e+06   3.9123535e+01
   5.6087450e+06   4.2236328e+01
   5.6107160e+06   1.1016846e+02
   5.6108100e+06   4.3395996e+01
   5.6109550e+06   1.0742188e+02
   5.6113870e+06   9.3444824e+01
   5.6152230e+06   4.4433594e+01
   5.6228800e+06   4.1259766e+01
   5.6284910e+06   3.9855957e+01
   5.6285920e+06   1.2152100e+02
   5.6328230e+06   5.0842285e+01
   5.6347130e+06   3.9978027e+01
   5.6374700e+06   1.1541748e+02
   5.6457680e+06   3.9367676e+01
   5.6522730e+06   3.8452148e+01
   5.6583610e+06   4.0344238e+01
   5.6589970e+06   1.0791016e+02
   5.6601860e+06   4.3762207e+01
   5.6608770e+06   3.9062500e+01
   5.6615480e+06   1.0424805e+02
   5.6744220e+06   4.6203613e+01
   5.6760460e+06   4.1198730e+01
   5.6795850e+06   4.8706055e+01
   5.6798410e+06   1.0546875e+02
   5.6808910e+06   4.1931152e+01
   5.6834500e+06   4.4006348e+01
   5.6958910e+06   1.2109375e+02
   5.7098240e+06   3.8696289e+01
   5.7105740e+06   4.2724609e+01
   5.7128900e+06   4.1198730e+01
   5.7182150e+06   4.9743652e+01
   5.7198100e+06   4.0893555e+01
   5.7207240e+06   1.2145996e+02
   5.7243820e+06   4.0161133e+01
   5.7315160e+06   4.4921875e+01
   5.7337660e+06   4.1809082e+01
   5.7536940e+06   4.3212891e+01
   5.7563260e+06   4.7241211e+01
   5.7600860e+06   3.9062500e+01
   5.7670950e+06   3.9672852e+01
   5.7715050e+06   4.8950195e+01
   5.7718320e+06   4.1809082e+01
   5.7724110e+06   4.1442871e+01
   5.7724460e+06   1.2091064e+02
   5.7749810e+06   3.9428711e+01
   5.7806380e+06   3.9916992e+01
   5.7895620e+06   5.1940918e+01
   5.7971140e+06   4.0832520e+01
   5.7981240e+06   4.5227051e+01
   5.8149630e+06   4.2724609e+01
   5.8174150e+06   4.7668457e+01
   5.8182500e+06   1.1395264e+02
   5.8226850e+06   4.6203613e+01
   5.8280150e+06   4.2602539e+01
   5.8398380e+06   4.5349121e+01
   5.8440320e+06   4.4006348e+01
   5.8461620e+06   4.5043945e+01
   5.8465900e+06   4.3395996e+01
   5.8495400e+06   3.8757324e+01
   5.8533230e+06   4.1076660e+01
   5.8559770e+06   3.9855957e+01
   5.8589900e+06   4.1870117e+01
   5.8644810e+06   4.3518066e+01
   5.8670950e+06   4.5837402e+01
   5.8677230e+06   1.2060547e+02
   5.8736130e+06   4.4616699e+01
   5.8751340e+06   4.2785645e+01
   5.8757640e+06   3.9978027e+01
   5.8799420e+06   4.3090820e+01
   5.8860660e+06   3.8879395e+01
   5.8874300e+06   3.8635254e+01
   5.8883010e+06   4.1992188e+01
   5.8912380e+06   4.0466309e+01
   5.8946530e+06   4.1442871e+01
   5.9042250e+06   4.0527344e+01
   5.9054590e+06   1.2261963e+02
   5.9116030e+06   5.3771973e+01
   5.9151390e+06   4.3457031e+01
   5.9210410e+06   4.9560547e+01
   5.9258650e+06   4.5349121e+01
   5.9262890e+06   4.2846680e+01
   5.9279650e+06   1.1737061e+02
   5.9316110e+06   3.9794922e+01
   5.9326720e+06   3.8757324e+01
   5.9344700e+06   1.2371826e+02
   5.9347590e+06   4.2907715e+01
   5.9348560e+06   1.0614014e+02
   5.9392960e+06   4.2480469e+01
   5.9420030e+06   1.0748291e+02
   5.9528740e+06   4.2785645e+01
   5.9552310e+06   4.0344238e+01
   5.9587280e+06   4.2053223e+01
   5.9650090e+06   5.4748535e+01
   5.9651640e+06   4.0222168e+01
   5.9656350e+06   4.1564941e+01
   5.9702570e+06   3.8269043e+01
   5.9750570e+06   4.9316406e+01
   5.9821820e+06   4.5593262e+01
   5.9829650e+06   3.9855957e+01
   5.9841890e+06   4.1320801e+01
   5.9936220e+06   4.4616699e+01
   6.0009190e+06   4.6875000e+01
   6.0056880e+06   4.8889160e+01
   6.0067120e+06   1.2377930e+02
   6.0070630e+06   4.9743652e+01
   6.0167000e+06   1.3092041e+02
   6.0194060e+06   4.5410156e+01
   6.0300240e+06   4.1931152e+01
   6.0324620e+06   4.7058105e+01
   6.0360800e+06   4.1931152e+01
   6.0400630e+06   4.1442871e+01
   6.0405480e+06   4.4067383e+01
   6.0412160e+06   1.2408447e+02
   6.0412480e+06   3.8330078e+01
   6.0416620e+06   9.7961426e+01
   6.0545990e+06   5.1696777e+01
   6.0576310e+06   4.7790527e+01
   6.0584680e+06   5.6518555e+01
   6.0611060e+06   1.2927246e+02
   6.0617200e+06   1.1456299e+02
   6.0669710e+06   4.3762207e+01
   6.0681020e+06   4.2968750e+01
   6.0689550e+06   4.7180176e+01
   6.0701580e+06   3.9550781e+01
   6.0712780e+06   4.1442871e+01
   6.0752580e+06   4.9072266e+01
   6.0794420e+06   4.2053223e+01
   6.0863370e+06   4.0100098e+01
   6.0874790e+06   4.8583984e+01
   6.0936980e+06   1.1004639e+02
   6.0939370e+06   4.0222168e+01
   6.0940920e+06   1.1572266e+02
   6.0975060e+06   4.2907715e+01
   6.1015380e+06   4.5104980e+01
   6.1058410e+06   4.4250488e+01
   6.1068920e+06   4.3090820e+01
   6.1075090e+06   1.1486816e+02
   6.1087430e+06   4.0222168e+01
   6.1152870e+06   3.8574219e+01
   6.1159260e+06   1.3275146e+02
   6.1161520e+06   4.3640137e+01
   6.1194040e+06   4.7729492e+01
   6.1291430e+06   5.0231934e+01
   6.1303840e+06   4.7241211e+01
   6.1332810e+06   4.7241211e+01
   6.1357310e+06   4.2907715e+01
   6.1394940e+06   4.6203613e+01
   6.1441840e+06   3.9245605e+01
   6.1447080e+06   1.1480713e+02
   6.1515550e+06   4.4067383e+01
   6.1522530e+06   3.9428711e+01
   6.1596410e+06   4.9621582e+01
   6.1604730e+06   1.2731934e+02
   6.1608730e+06   4.3518066e+01
   6.1611330e+06   1.1602783e+02
   6.1733540e+06   4.8522949e+01
   6.1744180e+06   3.9001465e+01
   6.1751380e+06   1.1602783e+02
   6.1824390e+06   4.9926758e+01
   6.1908630e+06   1.3348389e+02
   6.1950820e+06   4.4067383e+01
   6.2004730e+06   3.9428711e+01
   6.2047690e+06   3.8940430e+01
   6.2108950e+06   4.1137695e+01
   6.2134740e+06   1.2524414e+02
   6.2162900e+06   3.8513184e+01
   6.2176320e+06   4.2724609e+01
   6.2217660e+06   1.0333252e+02
   6.2264540e+06   4.2907715e+01
   6.2273460e+06   3.9062500e+01
   6.2337320e+06   4.0527344e+01
   6.2352840e+06   4.5410156e+01
   6.2368280e+06   1.0833740e+02
   6.2379100e+06   4.4128418e+01
   6.2472200e+06   4.1809082e+01
   6.2530440e+06   4.7607422e+01
   6.2622810e+06   4.7851562e+01
   6.2637100e+06   5.4016113e+01
   6.2666010e+06   4.0588379e+01
   6.2691090e+06   4.2724609e+01
   6.2713550e+06   4.9682617e+01
   6.2743240e+06   4.5715332e+01
   6.2781180e+06   3.9428711e+01
   6.2803480e+06   4.0771484e+01
   6.2841520e+06   4.0405273e+01
   6.2884440e+06   4.1503906e+01
   6.2947910e+06   4.1564941e+01
   6.3028730e+06   3.8574219e+01
   6.3038450e+06   4.1381836e+01
   6.3091730e+06   3.8391113e+01
   6.3233290e+06   4.3884277e+01
   6.3328060e+06   4.3029785e+01
   6.3335420e+06   4.2968750e+01
   6.3341440e+06   5.1330566e+01
   6.3345280e+06   4.0161133e+01
   6.3352090e+06   4.4616699e+01
   6.3436470e+06   3.8391113e+01
   6.3501370e+06   4.0466309e+01
   6.3526730e+06   3.9062500e+01
   6.3573160e+06   3.8635254e+01
   6.3580100e+06   4.8767090e+01
   6.3602520e+06   4.3090820e+01
   6.3652790e+06   4.1259766e+01
   6.3656260e+06   1.1480713e+02
   6.3659680e+06   4.0039062e+01
   6.3661770e+06   4.8400879e+01
   6.3662740e+06   1.2121582e+02
   6.3667450e+06   1.0675049e+02
   6.3671890e+06   9.3017578e+01
   6.3771090e+06   4.0954590e+01
   6.3796800e+06   4.5776367e+01
   6.3815280e+06   4.4860840e+01
   6.3891920e+06   4.4921875e+01
   6.3903910e+06   4.3273926e+01
   6.3909370e+06   4.1687012e+01
   6.3936700e+06   4.6264648e+01
   6.3994210e+06   4.0405273e+01
   6.4026540e+06   4.8828125e+01
   6.4027380e+06   1.1566162e+02
   6.4037010e+06   4.4067383e+01
   6.4038330e+06   4.0100098e+01
   6.4050110e+06   5.6518555e+01
   6.4055570e+06   4.6203613e+01
   6.4111260e+06   1.1633301e+02
   6.4116320e+06   4.2724609e+01
   6.4117570e+06   9.7900391e+01
   6.4137880e+06   9.8815918e+01
   6.4207630e+06   4.0283203e+01
   6.4250790e+06   4.7424316e+01
   6.4252170e+06   1.1517334e+02
   6.4305760e+06   3.9855957e+01
   6.4383520e+06   1.2268066e+02
   6.4385840e+06   9.3261719e+01
   6.4411370e+06   4.3212891e+01
   6.4437220e+06   3.9733887e+01
   6.4475830e+06   4.2602539e+01
   6.4507810e+06   3.8757324e+01
   6.4541220e+06   1.1779785e+02
   6.4580750e+06   4.6264648e+01
   6.4615300e+06   1.1828613e+02
   6.4619330e+06   3.8940430e+01
   6.4619660e+06   9.9975586e+01
   6.4779650e+06   4.3273926e+01
   6.4810970e+06   4.1992188e+01
   6.4828640e+06   4.3212891e+01
   6.4863750e+06   4.7241211e+01
   6.4876390e+06   4.6081543e+01
   6.4941460e+06   3.9306641e+01
   6.4975410e+06   1.1181641e+02
   6.5011580e+06   5.4260254e+01
   6.5023890e+06   4.1076660e+01
   6.5066610e+06   3.9001465e+01
   6.5217880e+06   3.9367676e+01
   6.5225150e+06   5.2917480e+01
   6.5294670e+06   4.3457031e+01
   6.5332140e+06   4.0161133e+01
   6.5346270e+06   4.2846680e+01
   6.5377300e+06   4.3640137e+01
   6.5445270e+06   4.7912598e+01
   6.5495050e+06   4.3762207e+01
   6.5563770e+06   5.1574707e+01
   6.5594080e+06   4.0527344e+01
   6.5631950e+06   4.6203613e+01
   6.5645810e+06   1.2622070e+02
   6.5696550e+06   4.0710449e+01
   6.5763030e+06   4.1931152e+01
   6.5772670e+06   4.2297363e+01
   6.5867860e+06   4.4372559e+01
   6.5915670e+06   4.0649414e+01
   6.6023240e+06   4.6203613e+01
   6.6049370e+06   5.1452637e+01
   6.6126780e+06   4.1137695e+01
   6.6220880e+06   4.5959473e+01
   6.6230470e+06   1.2048340e+02
   6.6249380e+06   4.7180176e+01
   6.6300690e+06   4.6386719e+01
   6.6315690e+06   4.1809082e+01
   6.6318080e+06   1.1724854e+02
   6.6328920e+06   3.8879395e+01
   6.6330370e+06   1.0284424e+02
   6.6355070e+06   4.2114258e+01
   6.6497070e+06   1.1700439e+02
   6.6499840e+06   4.0893555e+01
   6.6500820e+06   1.0876465e+02
   6.6556950e+06   4.3273926e+01
   6.6634930e+06   3.9672852e+01
   6.6669720e+06   4.4006348e+01
   6.6682470e+06   4.6203613e+01
   6.6709920e+06   3.9978027e+01
   6.6775740e+06   3.9550781e+01
   6.6834270e+06   4.5104980e+01
   6.6897520e+06   4.5837402e+01
   6.7000190e+06   5.2246094e+01
   6.7072050e+06   4.9560547e+01
   6.7085840e+06   3.8391113e+01
   6.7111230e+06   3.8635254e+01
   6.7124680e+06   4.3640137e+01
   6.7155940e+06   5.2551270e+01
   6.7165270e+06   4.0588379e+01
   6.7222900e+06   4.0893555e+01
   6.7289650e+06   4.1442871e+01
   6.7301780e+06   5.0048828e+01
   6.7372110e+06   3.8635254e+01
   6.7422780e+06   4.2541504e+01
   6.7483730e+06   4.2724609e+01
   6.7501820e+06   3.9062500e+01
   6.7525730e+06   4.6752930e+01
   6.7570160e+06   4.6630859e+01
   6.7596050e+06   4.5715332e+01
   6.7620230e+06   4.7729492e+01
   6.7628850e+06   4.0954590e+01
   6.7654350e+06   4.2785645e+01
   6.7675460e+06   3.8574219e+01
   6.7734170e+06   4.6691895e+01
   6.7735970e+06   1.2841797e+02
   6.7739750e+06   1.0491943e+02
   6.7813990e+06   4.4128418e+01
   6.7822910e+06   4.5837402e+01
   6.7826770e+06   1.0870361e+02
   6.7831760e+06   4.8645020e+01
   6.7836350e+06   3.8574219e+01
   6.7836990e+06   1.0284424e+02
   6.7866780e+06   4.3457031e+01
   6.7904560e+06   4.0466309e+01
   6.7990590e+06   4.1748047e+01
   6.8032890e+06   3.9123535e+01
   6.8058650e+06   4.8278809e+01
   6.8079160e+06   4.5410156e+01
   6.8097400e+06   4.5043945e+01
   6.8147160e+06   4.2724609e+01
   6.8159960e+06   4.5837402e+01
   6.8168180e+06   4.1381836e+01
   6.8174960e+06   4.0588379e+01
   6.8253400e+06   1.3287354e+02
   6.8269870e+06   4.8095703e+01
   6.8416590e+06   3.9306641e+01
   6.8441570e+06   3.9733887e+01
   6.8447580e+06   1.1907959e+02
   6.8460700e+06   4.5288086e+01
   6.8470840e+06   4.1564941e+01
   6.8531020e+06   4.1625977e+01
   6.8537340e+06   3.8330078e+01
   6.8567900e+06   4.5288086e+01
   6.8617820e+06   1.2695312e+02
   6.8651080e+06   3.8940430e+01
   6.8695070e+06   3.9062500e+01
   6.8740820e+06   4.3395996e+01
   6.8828040e+06   4.5471191e+01
   6.8837250e+06   4.0344238e+01
   6.8908260e+06   4.9011230e+01
   6.8923810e+06   6.2561035e+01
   6.8950440e+06   4.9743652e+01
   6.8971900e+06   1.2390137e+02
   6.9079500e+06   4.3029785e+01
   6.9112160e+06   5.2856445e+01
   6.9122110e+06   4.6447754e+01
   6.9135830e+06   3.8879395e+01
   6.9141190e+06   1.1584473e+02
   6.9168930e+06   4.0893555e+01
   6.9178530e+06   3.8940430e+01
   6.9192370e+06   4.6142578e+01
   6.9244390e+06   4.2236328e+01
   6.9263700e+06   4.5898438e+01
   6.9359630e+06   4.8583984e+01
   6.9384950e+06   3.9916992e+01
   6.9514050e+06   5.1208496e+01
   6.9514580e+06   1.2017822e+02
   6.9532480e+06   3.8879395e+01
   6.9557500e+06   3.9611816e+01
   6.9614390e+06   4.1076660e+01
   6.9650720e+06   3.9428711e+01
   6.9684890e+06   4.1076660e+01
   6.9715410e+06   4.0527344e+01
   6.9920420e+06   4.2114258e+01
   6.9967790e+06   4.5898438e+01
   6.9980990e+06   4.2724609e+01
   6.9990680e+06   5.0903320e+01
   7.0067150e+06   4.0893555e+01
   7.0117330e+06   5.2551270e+01
   7.0218770e+06   4.6325684e+01
   7.0242290e+06   4.4067383e+01
   7.0283000e+06   4.4860840e+01
   7.0333500e+06   5.0415039e+01
   7.0392750e+06   4.9072266e+01
   7.0397040e+06   3.8391113e+01
   7.0406110e+06   3.9245605e+01
   7.0447890e+06   1.1657715e+02
   7.0448820e+06   4.2602539e+01
   7.0490080e+06   4.0344238e+01
   7.0554300e+06   3.9123535e+01
   7.0601790e+06   4.1137695e+01
   7.0681730e+06   3.9123535e+01
   7.0721030e+06   4.5227051e+01
   7.0780660e+06   4.0222168e+01
   7.0821620e+06   4.2419434e+01
   7.0850670e+06   4.4189453e+01
   7.0890780e+06   4.9682617e+01
   7.0923070e+06   4.3518066e+01
   7.0986240e+06   3.9184570e+01
   7.0992090e+06   4.1198730e+01
   7.0996800e+06   1.4178467e+02
   7.1002080e+06   3.9978027e+01
   7.1051230e+06   4.0954590e+01
   7.1111830e+06   4.2358398e+01
   7.1138730e+06   3.9550781e+01
   7.1159740e+06   3.8696289e+01
   7.1209300e+06   4.2419434e+01
   7.1317000e+06   4.3457031e+01
   7.1338100e+06   4.0283203e+01
   7.1382110e+06   4.6997070e+01
   7.1419110e+06   4.0466309e+01
   7.1425930e+06   4.4738770e+01
   7.1428270e+06   1.2402344e+02
   7.1538800e+06   4.2663574e+01
   7.1641850e+06   3.8879395e+01
   7.1672840e+06   1.1956787e+02
   7.1676320e+06   1.1706543e+02
   7.1713460e+06   4.1564941e+01
   7.1816960e+06   4.5898437e+01
   7.1851640e+06   4.4494629e+01
   7.1857890e+06   4.2785645e+01
   7.1897480e+06   5.5236816e+01
   7.1913860e+06   4.3151855e+01
   7.1923800e+06   4.4738770e+01
   7.1959270e+06   4.4616699e+01
   7.2007370e+06   4.9621582e+01
   7.2013490e+06   3.8879395e+01
   7.2085510e+06   4.3273926e+01
   7.2112350e+06   4.2968750e+01
   7.2135050e+06   4.2358398e+01
   7.2178350e+06   3.8757324e+01
   7.2280970e+06   3.9733887e+01
   7.2308140e+06   3.8940430e+01
   7.2311850e+06   1.2597656e+02
   7.2318770e+06   4.1320801e+01
   7.2334680e+06   4.6020508e+01
   7.2342240e+06   1.1230469e+02
   7.2366410e+06   4.1015625e+01
   7.2394390e+06   3.9184570e+01
   7.2474830e+06   4.6325684e+01
   7.2488390e+06   3.8757324e+01
   7.2495120e+06   4.4128418e+01
   7.2578420e+06   4.3029785e+01
   7.2650910e+06   4.8767090e+01
   7.2655060e+06   4.9804687e+01
   7.2656260e+06   1.1865234e+02
   7.2664730e+06   4.3334961e+01
   7.2728470e+06   4.3762207e+01
   7.2903890e+06   4.0344238e+01
   7.2924260e+06   4.2724609e+01
   7.2954740e+06   4.2602539e+01
   7.2962420e+06   1.2738037e+02
   7.2965880e+06   1.1492920e+02
   7.2998000e+06   3.8940430e+01
   7.3077600e+06   4.4189453e+01
   7.3113970e+06   4.9743652e+01
   7.3193310e+06   5.0109863e+01
   7.3226620e+06   4.8278809e+01
   7.3232890e+06   4.3090820e+01
   7.3367150e+06   3.9733887e+01
   7.3413870e+06   4.6142578e+01
   7.3459100e+06   4.0832520e+01
   7.3554650e+06   4.1076660e+01
   7.3556390e+06   1.2188721e+02
   7.3596580e+06   4.3212891e+01
   7.3686060e+06   4.4250488e+01
   7.3704800e+06   4.0161133e+01
   7.3781220e+06   4.5288086e+01
   7.3790210e+06   1.0418701e+02
   7.3797840e+06   4.1259766e+01
   7.3882160e+06   1.3317871e+02
   7.3897640e+06   1.0632324e+02
   7.3902070e+06   9.5703125e+01
   7.3965590e+06   5.1086426e+01
   7.3991710e+06   4.3457031e+01
   7.3997430e+06   4.4250488e+01
   7.4015000e+06   4.2236328e+01
   7.4052570e+06   4.4982910e+01
   7.4161990e+06   4.7973633e+01
   7.4201130e+06   4.3090820e+01
   7.4246260e+06   3.9062500e+01
   7.4266610e+06   4.6875000e+01
   7.4296490e+06   4.5288086e+01
   7.4322090e+06   1.3067627e+02
   7.4348290e+06   4.1809082e+01
   7.4352790e+06   4.3579102e+01
   7.4353530e+06   1.1206055e+02
   7.4361890e+06   3.9062500e+01
   7.4366860e+06   1.1651611e+02
   7.4399340e+06   4.6264648e+01
   7.4403770e+06   1.2097168e+02
   7.4551960e+06   4.6630859e+01
   7.4580260e+06   4.4616699e+01
   7.4584810e+06   3.9672852e+01
   7.4615990e+06   4.7973633e+01
   7.4689170e+06   5.0781250e+01
   7.4698980e+06   4.0710449e+01
   7.4758200e+06   4.2541504e+01
   7.4771410e+06   4.3762207e+01
   7.4782980e+06   5.1574707e+01
   7.4783140e+06   1.2500000e+02
   7.4783670e+06   4.0100098e+01
   7.4786150e+06   4.1625977e+01
   7.4789250e+06   1.0717773e+02
   7.4793280e+06   1.0003662e+02
   7.4797920e+06   8.7768555e+01
   7.4800610e+06   7.9284668e+01
   7.4804780e+06   8.6303711e+01
   7.4837200e+06   5.2062988e+01
   7.4944340e+06   3.9428711e+01
   7.4951670e+06   4.0710449e+01
   7.4954500e+06   1.1407471e+02
   7.4971300e+06   3.9611816e+01
   7.4976540e+06   1.0046387e+02
   7.5085730e+06   3.9550781e+01
   7.5093810e+06   1.1810303e+02
   7.5112950e+06   4.0283203e+01
   7.5167890e+06   4.2358398e+01
   7.5280820e+06   4.7851562e+01
   7.5310940e+06   4.1748047e+01
   7.5329050e+06   3.8269043e+01
   7.5384870e+06   4.6569824e+01
   7.5391050e+06   4.1381836e+01
   7.5397350e+06   4.2785645e+01
   7.5433900e+06   3.8879395e+01
   7.5451220e+06   4.1076660e+01
   7.5532500e+06   4.9499512e+01
   7.5538320e+06   4.2968750e+01
   7.5538540e+06   4.0649414e+01
   7.5540600e+06   1.2951660e+02
   7.5543010e+06   3.9794922e+01
   7.5628590e+06   4.9560547e+01
   7.5718300e+06   4.4982910e+01
   7.5718980e+06   1.3171387e+02
   7.5753830e+06   4.6875000e+01
   7.5768040e+06   3.9306641e+01
   7.5779090e+06   3.9489746e+01
   7.5784280e+06   3.9123535e+01
   7.5848730e+06   4.0832520e+01
   7.5880130e+06   4.1259766e+01
   7.5886050e+06   1.2365723e+02
   7.5896360e+06   4.0832520e+01
   7.5935840e+06   4.5043945e+01
   7.5986380e+06   4.1015625e+01
   7.5988890e+06   1.0473633e+02
   7.5994140e+06   4.4677734e+01
   7.6050440e+06   4.0710449e+01
   7.6083030e+06   4.3884277e+01
   7.6120320e+06   3.9367676e+01
   7.6142020e+06   4.2297363e+01
   7.6185220e+06   4.7058105e+01
   7.6185970e+06   1.2414551e+02
   7.6239570e+06   4.3579102e+01
   7.6274870e+06   4.7058105e+01
   7.6348580e+06   4.3029785e+01
   7.6356110e+06   4.1198730e+01
   7.6365510e+06   4.0588379e+01
   7.6389200e+06   3.9184570e+01
   7.6428770e+06   3.8940430e+01
   7.6443490e+06   4.3273926e+01
   7.6472250e+06   4.0344238e+01
   7.6528200e+06   4.4616699e+01
   7.6533230e+06   4.1870117e+01
   7.6619430e+06   4.4921875e+01
   7.6702900e+06   4.5227051e+01
   7.6730190e+06   4.5288086e+01
   7.6804490e+06   4.1748047e+01
   7.6878850e+06   4.2541504e+01
   7.6934100e+06   4.0405273e+01
   7.6955650e+06   4.1442871e+01
   7.6975000e+06   4.2968750e+01
   7.7010680e+06   3.9672852e+01
   7.7017700e+06   1.2670898e+02
   7.7019550e+06   3.9916992e+01
   7.7025120e+06   4.0710449e+01
   7.7026740e+06   1.1914063e+02
   7.7071060e+06   4.1748047e+01
   7.7238650e+06   4.0771484e+01
   7.7307730e+06   5.3222656e+01
   7.7378950e+06   4.2663574e+01
   7.7417240e+06   4.2297363e+01
   7.7457630e+06   4.2907715e+01
   7.7510490e+06   4.2785645e+01
   7.7529320e+06   3.8269043e+01
   7.7546390e+06   3.9550781e+01
   7.7572590e+06   4.2236328e+01
   7.7581620e+06   3.9184570e+01
   7.7641610e+06   4.6691895e+01
   7.7662950e+06   4.5410156e+01
   7.7677690e+06   4.1137695e+01
   7.7809590e+06   4.0588379e+01
   7.7832690e+06   3.8940430e+01
   7.7892580e+06   4.0710449e+01
   7.7909520e+06   3.9672852e+01
   7.7920030e+06   4.2114258e+01
   7.7972140e+06   4.1625977e+01
   7.8047240e+06   3.8513184e+01
   7.8082910e+06   4.1687012e+01
   7.8089030e+06   3.8513184e+01
   7.8154060e+06   4.3518066e+01
   7.8190500e+06   4.1015625e+01
   7.8214160e+06   4.2968750e+01
   7.8220820e+06   4.3579102e+01
   7.8229780e+06   1.2322998e+02
   7.8236980e+06   1.1743164e+02
   7.8319440e+06   3.9978027e+01
   7.8324830e+06   3.9306641e+01
   7.8386060e+06   4.9072266e+01
   7.8415270e+06   4.3212891e+01
   7.8468650e+06   3.8879395e+01
   7.8509260e+06   4.4921875e+01
   7.8530940e+06   3.8757324e+01
   7.8535020e+06   1.2322998e+02
   7.8541210e+06   3.9672852e+01
   7.8566500e+06   4.0588379e+01
   7.8603550e+06   4.6081543e+01
   7.8646390e+06   4.0771484e+01
   7.8697340e+06   4.5471191e+01
   7.8750280e+06   4.1137695e+01
   7.8779670e+06   4.0222168e+01
   7.8788950e+06   4.7668457e+01
   7.8790980e+06   1.2890625e+02
   7.8975000e+06   4.3701172e+01
   7.8998480e+06   4.1320801e+01
   7.9045740e+06   4.7424316e+01
   7.9115750e+06   4.7058105e+01
   7.9142530e+06   4.4189453e+01
   7.9171370e+06   3.9733887e+01
   7.9173900e+06   1.1596680e+02
   7.9175000e+06   3.9184570e+01
   7.9182790e+06   9.9060059e+01
   7.9188270e+06   1.0382080e+02
   7.9200500e+06   4.2175293e+01
   7.9220480e+06   4.1381836e+01
   7.9283560e+06   3.9978027e+01
   7.9292790e+06   3.8269043e+01
   7.9330310e+06   4.8339844e+01
   7.9340530e+06   1.3366699e+02
   7.9406020e+06   5.6640625e+01
   7.9409530e+06   4.6081543e+01
   7.9413670e+06   4.7119141e+01
   7.9418870e+06   1.0534668e+02
   7.9421210e+06   4.3945312e+01
   7.9489100e+06   4.5349121e+01
   7.9507680e+06   4.6386719e+01
   7.9547060e+06   4.9621582e+01
   7.9725280e+06   4.1381836e+01
   7.9731980e+06   4.9072266e+01
   7.9738450e+06   4.9377441e+01
   7.9741780e+06   1.3031006e+02
   7.9798980e+06   3.9978027e+01
   7.9836360e+06   3.8330078e+01
   7.9900070e+06   4.2480469e+01
   7.9942660e+06   4.4738770e+01
   7.9994530e+06   3.8574219e+01
   8.0003880e+06   4.1076660e+01
   8.0020470e+06   4.3212891e+01
   8.0130640e+06   5.0292969e+01
   8.0168990e+06   4.6569824e+01
   8.0213910e+06   4.8217773e+01
   8.0261340e+06   4.4128418e+01
   8.0386590e+06   1.1419678e+02
   8.0427990e+06   4.0283203e+01
   8.0505200e+06   4.2419434e+01
   8.0571140e+06   4.3762207e+01
   8.0601930e+06   4.1259766e+01
   8.0699440e+06   4.0588379e+01
   8.0720520e+06   3.8879395e+01
   8.0734490e+06   3.9978027e+01
   8.0820360e+06   3.9062500e+01
   8.0831140e+06   4.4799805e+01
   8.0866360e+06   1.2683105e+02
   8.0957170e+06   4.5837402e+01
   8.1024300e+06   4.9316406e+01
   8.1050770e+06   4.0039062e+01
   8.1089490e+06   3.9001465e+01
   8.1100080e+06   4.7180176e+01
   8.1140730e+06   4.2541504e+01
   8.1148040e+06   3.8574219e+01
   8.1194540e+06   4.7912598e+01
   8.1220580e+06   4.3334961e+01
   8.1225240e+06   1.2713623e+02
   8.1246150e+06   1.1975098e+02
   8.1344040e+06   4.0100098e+01
   8.1369890e+06   3.9978027e+01
   8.1407670e+06   4.8278809e+01
   8.1461720e+06   4.7241211e+01
   8.1506390e+06   4.3884277e+01
   8.1526190e+06   3.9794922e+01
   8.1643270e+06   4.0222168e+01
   8.1708800e+06   5.2429199e+01
   8.1719370e+06   4.0893555e+01
   8.1723730e+06   4.3273926e+01
   8.1779770e+06   1.2286377e+02
   8.1797320e+06   1.1004639e+02
   8.1797500e+06   4.0466309e+01
   8.1946750e+06   4.3579102e+01
   8.2009580e+06   4.5715332e+01
   8.2053070e+06   4.2358398e+01
   8.2091090e+06   4.2724609e+01
   8.2163280e+06   4.0039062e+01
   8.2195570e+06   4.1259766e+01
   8.2235330e+06   4.0039062e+01
   8.2325490e+06   3.8757324e+01
   8.2355230e+06   1.1450195e+02
   8.2451190e+06   4.1076660e+01
   8.2535530e+06   3.9123535e+01
   8.2602580e+06   4.6752930e+01
   8.2654650e+06   4.9743652e+01
   8.2730450e+06   4.0710449e+01
   8.2825530e+06   3.8452148e+01
   8.2826540e+06   4.0893555e+01
   8.2829110e+06   1.1529541e+02
   8.2833140e+06   1.1187744e+02
   8.3070830e+06   4.5166016e+01
   8.3089240e+06   3.9428711e+01
   8.3147720e+06   3.8818359e+01
   8.3257700e+06   4.2114258e+01
   8.3293090e+06   4.2907715e+01
   8.3454510e+06   4.0222168e+01
   8.3493720e+06   4.1259766e+01
   8.3650860e+06   5.3039551e+01
   8.3656970e+06   5.4382324e+01
   8.3728880e+06   4.1442871e+01
   8.3738490e+06   4.3273926e+01
   8.3834860e+06   4.0283203e+01
   8.3843030e+06   4.1992188e+01
   8.3892920e+06   3.8635254e+01
   8.3903140e+06   4.7912598e+01
   8.3968000e+06   4.2419434e+01
   8.3972130e+06   1.1413574e+02
   8.4022220e+06   4.0222168e+01
   8.4064590e+06   4.6142578e+01
   8.4100930e+06   4.4067383e+01
   8.4196030e+06   4.2907715e+01
   8.4321480e+06   4.3212891e+01
   8.4375100e+06   5.1879883e+01
   8.4397210e+06   4.0039062e+01
   8.4470730e+06   1.2371826e+02
   8.4590850e+06   4.0344238e+01
   8.4687730e+06   4.5532227e+01
   8.4695940e+06   4.3212891e+01
   8.4790340e+06   3.9367676e+01
   8.5029470e+06   4.5227051e+01
   8.5060850e+06   4.2236328e+01
   8.5086020e+06   4.3762207e+01
   8.5129870e+06   4.1015625e+01
   8.5168800e+06   4.0222168e+01
   8.5256440e+06   4.1503906e+01
   8.5280630e+06   3.8757324e+01
   8.5371710e+06   4.5227051e+01
   8.5427260e+06   4.0222168e+01
   8.5492080e+06   4.0588379e+01
   8.5553550e+06   5.2734375e+01
   8.5616540e+06   4.0649414e+01
   8.5644780e+06   4.1259766e+01
   8.5684350e+06   4.1381836e+01
   8.5700280e+06   5.9509277e+01
   8.5702510e+06   4.5471191e+01
   8.5753460e+06   3.8940430e+01
   8.5886450e+06   4.5166016e+01
   8.5995060e+06   4.8217773e+01
   8.6010360e+06   4.6264648e+01
   8.6067740e+06   4.2175293e+01
   8.6244210e+06   4.2419434e+01
   8.6384480e+06   5.0598145e+01
   8.6516960e+06   4.1076660e+01
   8.6528470e+06   4.4128418e+01
   8.6544500e+06   1.1437988e+02
   8.6577690e+06   4.3518066e+01
   8.6661870e+06   4.5654297e+01
   8.6750890e+06   4.0527344e+01
   8.6786590e+06   4.3334961e+01
   8.6809740e+06   4.0588379e+01
   8.6927270e+06   4.1442871e+01
   8.6969790e+06   4.0954590e+01
   8.7089000e+06   3.9123535e+01
   8.7139970e+06   4.1076660e+01
   8.7277170e+06   4.4067383e+01
   8.7316330e+06   4.9438477e+01
   8.7404050e+06   3.9733887e+01
   8.7488800e+06   4.1442871e+01
   8.7499220e+06   4.3945312e+01
   8.7616530e+06   5.8166504e+01
   8.7650680e+06   4.0039062e+01
   8.7672590e+06   4.7119141e+01
   8.7680690e+06   4.1992188e+01
   8.7766080e+06   3.8635254e+01
   8.7803780e+06   4.7973633e+01
   8.7826050e+06   4.1381836e+01
   8.7834340e+06   3.8696289e+01
   8.7873790e+06   4.1137695e+01
   8.7922710e+06   5.0537109e+01
   8.7976070e+06   4.0527344e+01
   8.8004320e+06   4.2541504e+01
   8.8061290e+06   3.9611816e+01
   8.8169360e+06   4.0649414e+01
   8.8181230e+06   1.2976074e+02
   8.8288310e+06   4.2236328e+01
   8.8305490e+06   4.3273926e+01
   8.8321660e+06   3.9123535e+01
   8.8404550e+06   4.0588379e+01
   8.8421270e+06   4.6997070e+01
   8.8447450e+06   4.7119141e+01
   8.8562590e+06   4.6325684e+01
   8.8622180e+06   4.2297363e+01
   8.8663370e+06   3.8818359e+01
   8.8695460e+06   4.5166016e+01
   8.8715480e+06   4.4250488e+01
   8.8721380e+06   3.8696289e+01
   8.8757540e+06   3.8452148e+01
   8.8778340e+06   4.0283203e+01
   8.8851420e+06   1.2023926e+02
   8.8957800e+06   4.3334961e+01
   8.8969530e+06   4.1748047e+01
   8.9002280e+06   4.8522949e+01
   8.9158790e+06   4.4555664e+01
   8.9197040e+06   4.2724609e+01
   8.9225660e+06   4.7546387e+01
   8.9233740e+06   3.9550781e+01
   8.9304890e+06   4.1259766e+01
   8.9334340e+06   4.6813965e+01
   8.9358970e+06   4.3334961e+01
   8.9396700e+06   4.2114258e+01
   8.9424360e+06   4.7485352e+01
   8.9447670e+06   4.1931152e+01
   8.9460100e+06   9.3566895e+01
   8.9505740e+06   3.9245605e+01
   8.9529850e+06   1.3366699e+02
   8.9644280e+06   5.2368164e+01
   8.9645130e+06   3.8452148e+01
   8.9649930e+06   5.0109863e+01
   8.9658310e+06   1.0809326e+02
   8.9658610e+06   4.9133301e+01
   8.9734100e+06   4.5349121e+01
   8.9768070e+06   3.9550781e+01
   8.9830200e+06   4.3029785e+01
   8.9840080e+06   9.8449707e+01
   8.9841580e+06   9.0209961e+01
   8.9844850e+06   8.5144043e+01
   8.9851900e+06   8.6425781e+01
   8.9852010e+06   3.9978027e+01
   8.9956080e+06   4.1137695e+01
   8.9983840e+06   4.0283203e+01
