   8.9990000e+06   0.0000000e+00
   1.8400000e+04   5.0781250e+01
   2.9835000e+04   4.7180176e+01
   3.1253000e+04   5.8166504e+01
   3.2449000e+04   4.7973633e+01
   5.5377000e+04   3.6499023e+01
   6.6041000e+04   5.7678223e+01
   7.2473000e+04   5.1269531e+01
   1.0042100e+05   3.9001465e+01
   1.0096800e+05   3.8696289e+01
   1.0102600e+05   4.0405273e+01
   1.0172000e+05   4.2907715e+01
   1.2638800e+05   4.5043945e+01
   1.2773700e+05   5.1879883e+01
   1.3124400e+05   3.8269043e+01
   1.3258600e+05   3.5888672e+01
   1.3278700e+05   6.5612793e+01
   1.3310600e+05   4.0771484e+01
   1.3358000e+05   5.9692383e+01
   1.3375900e+05   4.0222168e+01
   1.3408200e+05   3.9916992e+01
   1.6531700e+05   5.9814453e+01
   1.6567500e+05   3.6254883e+01
   1.6663500e+05   5.1757813e+01
   1.6862700e+05   5.2185059e+01
   1.7175300e+05   5.0781250e+01
   1.7362000e+05   5.9020996e+01
   1.7830800e+05   5.8715820e+01
   1.9111200e+05   4.6569824e+01
   2.1586300e+05   4.6081543e+01
   2.3792000e+05   4.6081543e+01
   2.4682200e+05   3.5156250e+01
   2.6441700e+05   4.6386719e+01
   2.6755700e+05   4.5471191e+01
   2.9387200e+05   3.9916992e+01
   2.9790500e+05   3.7353516e+01
   3.1440700e+05   5.0659180e+01
   3.1638300e+05   5.4626465e+01
   3.2119500e+05   5.0292969e+01
   3.2351600e+05   5.6274414e+01
   3.2560500e+05   4.7973633e+01
   3.2777400e+05   5.6945801e+01
   3.4234800e+05   4.7363281e+01
   3.4323600e+05   4.6875000e+01
   3.4519800e+05   3.9794922e+01
   3.4526500e+05   5.4077148e+01
   3.4550400e+05   3.6315918e+01
   4.1106300e+05   5.2124023e+01
   4.1110500e+05   3.5888672e+01
   4.1700000e+05   5.1940918e+01
   4.5273800e+05   6.2316895e+01
   4.5427800e+05   5.1452637e+01
   4.5867100e+05   5.6579590e+01
   4.7280200e+05   5.0598145e+01
   4.8019500e+05   3.6987305e+01
   4.8358800e+05   5.8410645e+01
   4.9683600e+05   4.6569824e+01
   5.0259600e+05   5.3161621e+01
   5.0560200e+05   3.6254883e+01
   5.0997800e+05   3.8024902e+01
   5.7320800e+05   6.6528320e+01
   5.7438400e+05   5.0415039e+01
   5.8192400e+05   5.4992676e+01
   5.8340600e+05   5.3344727e+01
   6.2416900e+05   4.7973633e+01
   6.2775600e+05   6.0119629e+01
   6.3019900e+05   4.6142578e+01
   6.5905700e+05   5.7250977e+01
   6.7612300e+05   5.0964355e+01
   6.7971000e+05   4.7668457e+01
   6.8324100e+05   4.5227051e+01
   6.8530300e+05   5.2856445e+01
   6.9191400e+05   5.0476074e+01
   6.9437400e+05   4.7546387e+01
   7.4684100e+05   5.1574707e+01
   7.5526300e+05   3.5400391e+01
   7.7487400e+05   5.3161621e+01
   7.7710400e+05   5.4565430e+01
   7.7856000e+05   3.6132812e+01
   7.8169100e+05   6.0424805e+01
   7.8567800e+05   4.5288086e+01
   7.8618300e+05   4.4982910e+01
   7.8656900e+05   4.1687012e+01
   8.0554000e+05   4.6813965e+01
   8.2322000e+05   4.8461914e+01
   8.2532200e+05   5.7434082e+01
   8.3597400e+05   3.6254883e+01
   8.7271100e+05   5.1147461e+01
   8.7762400e+05   5.3161621e+01
   8.7931800e+05   5.1025391e+01
   8.8124800e+05   4.5837402e+01
   8.8621600e+05   5.3405762e+01
   9.0404900e+05   5.3833008e+01
   9.0714700e+05   5.0109863e+01
   9.0837900e+05   5.5297852e+01
   9.3323600e+05   3.6987305e+01
   9.5606300e+05   4.7851562e+01
   9.5700100e+05   4.2663574e+01
   1.0013740e+06   4.5471191e+01
   1.0026940e+06   6.2805176e+01
   1.0054890e+06   5.7312012e+01
   1.0083780e+06   6.9702148e+01
   1.0302260e+06   5.8959961e+01
   1.0441980e+06   4.8339844e+01
   1.0456220e+06   5.2734375e+01
   1.0466830e+06   5.9509277e+01
   1.0523690e+06   5.1940918e+01
   1.0733480e+06   4.9621582e+01
   1.0776380e+06   5.1757812e+01
   1.1522530e+06   6.8054199e+01
   1.1525540e+06   4.9255371e+01
   1.1552110e+06   5.4321289e+01
   1.1586020e+06   5.4016113e+01
   1.1650050e+06   5.7250977e+01
   1.1691480e+06   3.5400391e+01
   1.2079570e+06   5.7373047e+01
   1.2206380e+06   5.3039551e+01
   1.2531410e+06   4.9011230e+01
   1.2714160e+06   5.6762695e+01
   1.2742900e+06   3.5888672e+01
   1.2773800e+06   5.2734375e+01
   1.2780880e+06   4.8889160e+01
   1.2864000e+06   4.9377441e+01
   1.2952900e+06   4.6569824e+01
   1.3150220e+06   5.0231934e+01
   1.3224530e+06   5.5908203e+01
   1.3240950e+06   4.7485352e+01
   1.3246140e+06   3.8574219e+01
   1.3259150e+06   7.3974609e+01
   1.3385500e+06   5.5664062e+01
   1.3493370e+06   4.7119141e+01
   1.3504830e+06   4.9011230e+01
   1.3523560e+06   4.9194336e+01
   1.3553290e+06   4.6203613e+01
   1.3562540e+06   3.7231445e+01
   1.3575240e+06   4.7912598e+01
   1.3582560e+06   4.0527344e+01
   1.3672090e+06   5.2001953e+01
   1.3707890e+06   5.0170898e+01
   1.4106770e+06   5.4992676e+01
   1.4150920e+06   5.4687500e+01
   1.4351360e+06   5.1940918e+01
   1.4364270e+06   4.7302246e+01
   1.4427660e+06   5.2368164e+01
   1.4563720e+06   4.5349121e+01
   1.4600700e+06   3.5339355e+01
   1.4704590e+06   4.3945312e+01
   1.4718870e+06   5.6701660e+01
   1.4900020e+06   5.0537109e+01
   1.4939740e+06   4.6508789e+01
   1.4962090e+06   5.4748535e+01
   1.5270210e+06   5.1269531e+01
   1.5270990e+06   3.6010742e+01
   1.5435220e+06   5.1208496e+01
   1.5464260e+06   4.9865723e+01
   1.6071290e+06   5.7067871e+01
   1.6074320e+06   3.5766602e+01
   1.6087320e+06   5.4931641e+01
   1.6111320e+06   6.3720703e+01
   1.6400940e+06   5.1696777e+01
   1.6450970e+06   5.2124023e+01
   1.6474370e+06   4.9560547e+01
   1.6545290e+06   5.2490234e+01
   1.6580370e+06   5.1147461e+01
   1.6610180e+06   6.2133789e+01
   1.6831740e+06   5.6762695e+01
   1.6839790e+06   5.7861328e+01
   1.6842080e+06   3.5156250e+01
   1.6918770e+06   5.2001953e+01
   1.7062570e+06   6.0180664e+01
   1.7086110e+06   4.1198730e+01
   1.7161260e+06   3.6499023e+01
   1.7441990e+06   5.3405762e+01
   1.7454250e+06   5.3466797e+01
   1.7474560e+06   4.9194336e+01
   1.7529730e+06   5.0720215e+01
   1.7550600e+06   3.6315918e+01
   1.7681340e+06   4.3029785e+01
   1.7697140e+06   5.8654785e+01
   1.7832350e+06   5.0292969e+01
   1.7869220e+06   5.1147461e+01
   1.8029060e+06   5.0842285e+01
   1.8035810e+06   5.3100586e+01
   1.8228630e+06   7.0556641e+01
   1.8325790e+06   6.3781738e+01
   1.8451610e+06   4.9072266e+01
   1.8459740e+06   5.1879883e+01
   1.8501740e+06   5.3283691e+01
   1.8787440e+06   4.8583984e+01
   1.8791850e+06   3.7597656e+01
   1.8805820e+06   6.1462402e+01
   1.9033490e+06   4.9743652e+01
   1.9040980e+06   5.6030273e+01
   1.9180780e+06   5.2185059e+01
   1.9180930e+06   3.5705566e+01
   1.9242340e+06   5.5175781e+01
   1.9263090e+06   6.0913086e+01
   1.9264870e+06   3.6071777e+01
   1.9289090e+06   5.0109863e+01
   1.9553050e+06   4.7119141e+01
   1.9615810e+06   3.9001465e+01
   1.9636850e+06   5.3466797e+01
   1.9651310e+06   5.5786133e+01
   1.9656670e+06   6.8359375e+01
   1.9661770e+06   5.4626465e+01
   1.9743220e+06   6.4514160e+01
   1.9756220e+06   4.8889160e+01
   1.9818270e+06   5.2551270e+01
   1.9959250e+06   5.2734375e+01
   2.0011410e+06   5.3710938e+01
   2.0026080e+06   4.6875000e+01
   2.0036880e+06   5.2673340e+01
   2.0086920e+06   5.1208496e+01
   2.0572810e+06   5.5908203e+01
   2.0584790e+06   4.5532227e+01
   2.0608070e+06   5.7434082e+01
   2.0618100e+06   4.9621582e+01
   2.0656610e+06   4.7180176e+01
   2.0687490e+06   4.9316406e+01
   2.0696090e+06   5.7556152e+01
   2.0704960e+06   4.1381836e+01
   2.0707480e+06   5.1452637e+01
   2.0710050e+06   3.9123535e+01
   2.0713460e+06   4.4189453e+01
   2.0714760e+06   3.9916992e+01
   2.0820310e+06   4.8461914e+01
   2.0913100e+06   4.5898438e+01
   2.0937410e+06   4.5715332e+01
   2.0941750e+06   6.6345215e+01
   2.0953590e+06   5.0537109e+01
   2.0960000e+06   4.6081543e+01
   2.0964450e+06   4.4677734e+01
   2.1006660e+06   4.1992188e+01
   2.1323930e+06   3.5522461e+01
   2.1361760e+06   3.8330078e+01
   2.1530350e+06   3.5156250e+01
   2.1574600e+06   4.0283203e+01
   2.1583580e+06   5.7373047e+01
   2.1656950e+06   4.8950195e+01
   2.1728770e+06   5.6213379e+01
   2.1760670e+06   5.8532715e+01
   2.1768560e+06   6.4270020e+01
   2.2057620e+06   5.1025391e+01
   2.2066510e+06   5.3588867e+01
   2.2138080e+06   5.2368164e+01
   2.2149720e+06   4.8828125e+01
   2.2159690e+06   4.8217773e+01
   2.2303380e+06   5.6274414e+01
   2.2328120e+06   5.1269531e+01
   2.2481380e+06   4.2602539e+01
   2.2541030e+06   5.1696777e+01
   2.2552670e+06   4.6447754e+01
   2.2632300e+06   5.6152344e+01
   2.2792310e+06   5.3039551e+01
   2.3075300e+06   4.6813965e+01
   2.3109270e+06   6.3171387e+01
   2.3123460e+06   4.0771484e+01
   2.3136880e+06   5.2856445e+01
   2.3217280e+06   4.6569824e+01
   2.3263150e+06   4.7851563e+01
   2.3321680e+06   4.4982910e+01
   2.3516770e+06   6.8420410e+01
   2.3654280e+06   3.7963867e+01
   2.3668040e+06   4.9865723e+01
   2.3686910e+06   5.4565430e+01
   2.3707530e+06   4.7973633e+01
   2.3721970e+06   5.9020996e+01
   2.3781060e+06   4.7119141e+01
   2.3858520e+06   5.3283691e+01
   2.4037060e+06   4.9987793e+01
   2.4051010e+06   5.4199219e+01
   2.4052240e+06   3.5278320e+01
   2.4071380e+06   5.1452637e+01
   2.4089820e+06   5.0231934e+01
   2.4093150e+06   4.3334961e+01
   2.4110870e+06   5.6762695e+01
   2.4687250e+06   4.2968750e+01
   2.4692540e+06   4.0893555e+01
   2.4701310e+06   5.1940918e+01
   2.4713700e+06   4.7729492e+01
   2.4772490e+06   5.8715820e+01
   2.4947410e+06   5.3466797e+01
   2.5041570e+06   5.0964355e+01
   2.5092390e+06   4.1259766e+01
   2.5114950e+06   4.4921875e+01
   2.5183040e+06   5.2734375e+01
   2.5202140e+06   4.7058105e+01
   2.5209480e+06   5.1025391e+01
   2.5233300e+06   5.2429199e+01
   2.5259820e+06   5.4809570e+01
   2.5263340e+06   3.6743164e+01
   2.5264840e+06   4.5898438e+01
   2.5316840e+06   3.5278320e+01
   2.5354730e+06   4.0710449e+01
   2.5427580e+06   6.4941406e+01
   2.5708160e+06   4.9987793e+01
   2.5779310e+06   3.9733887e+01
   2.5784100e+06   3.8574219e+01
   2.5786470e+06   5.2917480e+01
   2.5795340e+06   5.4504395e+01
   2.5806530e+06   5.0537109e+01
   2.5900980e+06   3.7719727e+01
   2.6028060e+06   5.4199219e+01
   2.6031920e+06   3.7719727e+01
   2.6105300e+06   5.1025391e+01
   2.6111920e+06   4.9133301e+01
   2.6120660e+06   4.5593262e+01
   2.6182790e+06   4.0771484e+01
   2.6509920e+06   4.1870117e+01
   2.6611810e+06   4.8156738e+01
   2.6614890e+06   4.6020508e+01
   2.6619580e+06   5.1635742e+01
   2.6625790e+06   3.5461426e+01
   2.6641150e+06   3.8879395e+01
   2.6644790e+06   4.5471191e+01
   2.6645210e+06   3.6132812e+01
   2.6917420e+06   4.7241211e+01
   2.6920930e+06   4.8950195e+01
   2.6934920e+06   5.0964355e+01
   2.6972490e+06   5.2001953e+01
   2.7127190e+06   4.1137695e+01
   2.7129720e+06   4.1137695e+01
   2.7153270e+06   5.0842285e+01
   2.7232910e+06   4.6081543e+01
   2.7272280e+06   4.3029785e+01
   2.7287440e+06   4.6325684e+01
   2.7379250e+06   4.3395996e+01
   2.7396510e+06   5.4016113e+01
   2.7531710e+06   5.6396484e+01
   2.7644910e+06   4.2480469e+01
   2.7645730e+06   4.5288086e+01
   2.7714950e+06   6.0424805e+01
   2.7950950e+06   3.6010742e+01
   2.8251120e+06   5.4260254e+01
   2.8477950e+06   4.4494629e+01
   2.8485320e+06   4.1442871e+01
   2.8555020e+06   5.0659180e+01
   2.8563090e+06   5.8776855e+01
   2.8637720e+06   5.5725098e+01
   2.8669700e+06   5.2795410e+01
   2.8696180e+06   5.6030273e+01
   2.8703880e+06   4.8522949e+01
   2.8740390e+06   5.1452637e+01
   2.8787460e+06   5.7006836e+01
   2.8983650e+06   5.0231934e+01
   2.9027170e+06   5.2062988e+01
   2.9033080e+06   5.5114746e+01
   2.9109280e+06   5.2062988e+01
   2.9127310e+06   5.0048828e+01
   2.9137880e+06   4.8095703e+01
   2.9228900e+06   6.1706543e+01
   2.9328640e+06   5.3405762e+01
   2.9332230e+06   3.5888672e+01
   2.9340550e+06   4.8217773e+01
   2.9341730e+06   3.5949707e+01
   2.9350230e+06   4.4494629e+01
   2.9369450e+06   4.2480469e+01
   2.9378220e+06   5.9082031e+01
   2.9426070e+06   3.9367676e+01
   2.9471520e+06   3.5766602e+01
   2.9534180e+06   4.1076660e+01
   2.9545110e+06   4.4250488e+01
   2.9553660e+06   4.9377441e+01
   2.9823900e+06   5.9753418e+01
   2.9828660e+06   4.1381836e+01
   2.9964400e+06   4.6508789e+01
   3.0051830e+06   4.5898438e+01
   3.0088880e+06   4.3518066e+01
   3.0089590e+06   4.1320801e+01
   3.0385870e+06   3.7170410e+01
   3.0580350e+06   5.3222656e+01
   3.0592050e+06   5.0659180e+01
   3.0597850e+06   5.2795410e+01
   3.0820870e+06   3.8024902e+01
   3.0896870e+06   4.6325684e+01
   3.0914690e+06   3.9245605e+01
   3.0954870e+06   3.5217285e+01
   3.0984170e+06   5.6274414e+01
   3.0987440e+06   4.1076660e+01
   3.0989640e+06   5.5114746e+01
   3.0993620e+06   4.0649414e+01
   3.1009960e+06   5.7189941e+01
   3.1010390e+06   5.9143066e+01
   3.1011070e+06   4.6325684e+01
   3.1019360e+06   5.2673340e+01
   3.1047760e+06   3.6560059e+01
   3.1059130e+06   5.0170898e+01
   3.1067990e+06   5.9997559e+01
   3.1070420e+06   3.8574219e+01
   3.1075730e+06   3.8146973e+01
   3.1440820e+06   3.5644531e+01
   3.1444970e+06   6.7687988e+01
   3.1446660e+06   4.6630859e+01
   3.1463040e+06   4.4555664e+01
   3.1468040e+06   4.3762207e+01
   3.1477250e+06   3.7780762e+01
   3.1621920e+06   4.4128418e+01
   3.1625110e+06   3.5644531e+01
   3.1632490e+06   5.0109863e+01
   3.1676340e+06   5.2307129e+01
   3.1689540e+06   4.9499512e+01
   3.1754220e+06   4.4311523e+01
   3.1788410e+06   5.1208496e+01
   3.1825230e+06   5.2368164e+01
   3.1830670e+06   3.5705566e+01
   3.1847370e+06   4.4250488e+01
   3.1887610e+06   5.4992676e+01
   3.1890040e+06   4.6997070e+01
   3.2058520e+06   4.5104980e+01
   3.2065310e+06   4.0649414e+01
   3.2200490e+06   4.8522949e+01
   3.2215210e+06   5.4016113e+01
   3.2248180e+06   5.4870605e+01
   3.2289450e+06   5.0842285e+01
   3.2328540e+06   4.3579102e+01
   3.2463880e+06   4.3029785e+01
   3.2496500e+06   4.9560547e+01
   3.2502850e+06   3.9306641e+01
   3.2574680e+06   3.8269043e+01
   3.2617100e+06   5.0537109e+01
   3.2741560e+06   4.5288086e+01
   3.2876760e+06   4.0649414e+01
   3.2881220e+06   5.1574707e+01
   3.2881560e+06   4.2480469e+01
   3.2884260e+06   5.7189941e+01
   3.2889380e+06   5.2062988e+01
   3.2893080e+06   3.8024902e+01
   3.2897290e+06   5.4382324e+01
   3.3384030e+06   4.4982910e+01
   3.3388500e+06   3.6743164e+01
   3.3391130e+06   4.5166016e+01
   3.3395670e+06   3.6621094e+01
   3.3456490e+06   4.1015625e+01
   3.3467440e+06   5.0231934e+01
   3.3497230e+06   5.6152344e+01
   3.3596770e+06   3.5339355e+01
   3.3884090e+06   5.5847168e+01
   3.3886930e+06   4.1564941e+01
   3.3896620e+06   5.1147461e+01
   3.3956160e+06   5.8349609e+01
   3.4007880e+06   3.9062500e+01
   3.4010510e+06   4.1015625e+01
   3.4018770e+06   5.2490234e+01
   3.4020280e+06   4.3273926e+01
   3.4023170e+06   4.4189453e+01
   3.4026970e+06   4.9011230e+01
   3.4030010e+06   4.7485352e+01
   3.4033350e+06   3.7719727e+01
   3.4045070e+06   5.1025391e+01
   3.4105940e+06   5.2429199e+01
   3.4120500e+06   5.2368164e+01
   3.4183340e+06   4.5776367e+01
   3.4487880e+06   4.3334961e+01
   3.4508420e+06   3.5949707e+01
   3.4526420e+06   4.3029785e+01
   3.4529640e+06   4.7180176e+01
   3.4538360e+06   4.8522949e+01
   3.4578720e+06   5.2917480e+01
   3.4646200e+06   3.9184570e+01
   3.4685360e+06   4.0832520e+01
   3.5012300e+06   5.5053711e+01
   3.5014800e+06   3.5156250e+01
   3.5173610e+06   4.3273926e+01
   3.5205670e+06   3.5400391e+01
   3.5224170e+06   4.8950195e+01
   3.5233390e+06   4.2114258e+01
   3.5239630e+06   4.1015625e+01
   3.5250840e+06   3.9428711e+01
   3.5271490e+06   5.0476074e+01
   3.5279670e+06   4.9560547e+01
   3.5294380e+06   4.7119141e+01
   3.5344420e+06   5.4138184e+01
   3.5381040e+06   6.0485840e+01
   3.5446680e+06   5.2490234e+01
   3.5502700e+06   4.3029785e+01
   3.5502970e+06   3.8757324e+01
   3.5554290e+06   4.5471191e+01
   3.5557300e+06   4.2297363e+01
   3.5654630e+06   4.6081543e+01
   3.5663820e+06   4.5532227e+01
   3.5682970e+06   4.7241211e+01
   3.5705900e+06   4.4677734e+01
   3.6025170e+06   4.3090820e+01
   3.6128310e+06   3.6560059e+01
   3.6185100e+06   5.2917480e+01
   3.6188120e+06   3.9062500e+01
   3.6205770e+06   5.5114746e+01
   3.6271140e+06   4.7668457e+01
   3.6279090e+06   4.4738770e+01
   3.6356150e+06   4.8400879e+01
   3.6396030e+06   5.6518555e+01
   3.6410050e+06   3.8330078e+01
   3.6410790e+06   4.2785645e+01
   3.6428400e+06   6.4147949e+01
   3.6578230e+06   3.9672852e+01
   3.6588930e+06   4.9621582e+01
   3.6796500e+06   3.9611816e+01
   3.6864760e+06   4.3151855e+01
   3.6869210e+06   4.2236328e+01
   3.6876010e+06   5.1147461e+01
   3.6891070e+06   4.4555664e+01
   3.6895320e+06   4.0527344e+01
   3.6901700e+06   3.8513184e+01
   3.6915340e+06   5.0170898e+01
   3.6965370e+06   4.0039062e+01
   3.6966050e+06   3.9794922e+01
   3.7149340e+06   4.3395996e+01
   3.7149650e+06   5.8898926e+01
   3.7169890e+06   4.9072266e+01
   3.7388730e+06   4.1992188e+01
   3.7503070e+06   4.0954590e+01
   3.7505690e+06   3.6193848e+01
   3.7509220e+06   4.4250488e+01
   3.7513790e+06   4.8461914e+01
   3.7518650e+06   4.5227051e+01
   3.7579070e+06   3.8635254e+01
   3.7709310e+06   5.0964355e+01
   3.7755260e+06   4.6081543e+01
   3.7755830e+06   4.2846680e+01
   3.7764540e+06   4.5104980e+01
   3.7836160e+06   3.9794922e+01
   3.7845340e+06   4.5593262e+01
   3.7859980e+06   5.2368164e+01
   3.7941510e+06   4.7607422e+01
   3.7943600e+06   3.9306641e+01
   3.8133460e+06   3.6682129e+01
   3.8155210e+06   3.5644531e+01
   3.8169020e+06   3.5583496e+01
   3.8291240e+06   5.3222656e+01
   3.8299250e+06   3.8269043e+01
   3.8327120e+06   4.7607422e+01
   3.8404730e+06   4.0649414e+01
   3.8468270e+06   3.6865234e+01
   3.8468820e+06   5.4382324e+01
   3.8515900e+06   5.3527832e+01
   3.8523790e+06   4.9621582e+01
   3.8570920e+06   4.4006348e+01
   3.8602200e+06   4.5349121e+01
   3.8665750e+06   4.6630859e+01
   3.8673250e+06   4.6264648e+01
   3.8685040e+06   4.5288086e+01
   3.8686040e+06   4.4433594e+01
   3.8712050e+06   4.2785645e+01
   3.8718660e+06   3.6621094e+01
   3.8832780e+06   4.2053223e+01
   3.8904240e+06   4.3518066e+01
   3.8928120e+06   4.4738770e+01
   3.8929150e+06   4.0649414e+01
   3.8938790e+06   4.9133301e+01
   3.8978640e+06   5.0476074e+01
   3.8978920e+06   4.3823242e+01
   3.9042770e+06   3.6376953e+01
   3.9057200e+06   3.7963867e+01
   3.9127570e+06   3.6865234e+01
   3.9298210e+06   4.8645020e+01
   3.9302280e+06   6.0668945e+01
   3.9307520e+06   4.9743652e+01
   3.9314100e+06   3.7048340e+01
   3.9371930e+06   3.6315918e+01
   3.9574060e+06   4.3884277e+01
   3.9584190e+06   4.4067383e+01
   3.9594780e+06   4.3273926e+01
   3.9595180e+06   3.6682129e+01
   3.9601100e+06   5.3405762e+01
   3.9603250e+06   5.5175781e+01
   3.9605440e+06   4.9011230e+01
   3.9613490e+06   3.5278320e+01
   3.9774950e+06   4.7241211e+01
   3.9778600e+06   6.0974121e+01
   3.9806050e+06   4.2175293e+01
   3.9821370e+06   7.2082520e+01
   3.9829500e+06   4.5043945e+01
   3.9953630e+06   5.2001953e+01
   3.9958910e+06   4.3029785e+01
   3.9979630e+06   4.2724609e+01
   4.0014280e+06   4.2663574e+01
   4.0169710e+06   3.6376953e+01
   4.0170760e+06   6.1462402e+01
   4.0182980e+06   4.9499512e+01
   4.0216240e+06   4.2175293e+01
   4.0228200e+06   4.0039062e+01
   4.0230090e+06   4.1625977e+01
   4.0232730e+06   3.5766602e+01
   4.0238160e+06   4.7119141e+01
   4.0249620e+06   5.5847168e+01
   4.0254770e+06   6.1889648e+01
   4.0284250e+06   5.5480957e+01
   4.0306610e+06   4.9987793e+01
   4.0358660e+06   4.1015625e+01
   4.0423620e+06   5.4687500e+01
   4.0429720e+06   3.9123535e+01
   4.0438740e+06   3.8330078e+01
   4.0455990e+06   4.7424316e+01
   4.0469050e+06   5.0109863e+01
   4.0471300e+06   3.7719727e+01
   4.0476750e+06   4.2785645e+01
   4.0554490e+06   5.4443359e+01
   4.0567140e+06   5.7556152e+01
   4.0574470e+06   4.3090820e+01
   4.0579200e+06   5.3100586e+01
   4.0586690e+06   4.0466309e+01
   4.0695840e+06   5.1147461e+01
   4.0841790e+06   4.7180176e+01
   4.0845700e+06   3.6499023e+01
   4.0880860e+06   4.7851562e+01
   4.0909270e+06   4.4128418e+01
   4.0909870e+06   4.1137695e+01
   4.0924680e+06   4.8828125e+01
   4.0981890e+06   5.1879883e+01
   4.1385260e+06   4.8400879e+01
   4.1388090e+06   4.1198730e+01
   4.1390680e+06   4.7851563e+01
   4.1408020e+06   5.2246094e+01
   4.1426700e+06   3.7292480e+01
   4.1428450e+06   3.6132812e+01
   4.1466770e+06   4.8461914e+01
   4.1474440e+06   5.3955078e+01
   4.1484030e+06   4.7058105e+01
   4.1486080e+06   5.3039551e+01
   4.1487600e+06   4.1259766e+01
   4.1490700e+06   4.1992188e+01
   4.1504190e+06   4.1442871e+01
   4.1522000e+06   5.0048828e+01
   4.1608910e+06   5.1391602e+01
   4.1613190e+06   3.9794922e+01
   4.1614000e+06   4.3273926e+01
   4.1676760e+06   3.7536621e+01
   4.1836410e+06   3.9550781e+01
   4.1845110e+06   5.0964355e+01
   4.1862180e+06   4.4311523e+01
   4.1910280e+06   4.6997070e+01
   4.1910680e+06   4.7851562e+01
   4.1937040e+06   5.4504395e+01
   4.2183940e+06   4.8583984e+01
   4.2186890e+06   5.1757812e+01
   4.2198260e+06   5.2429199e+01
   4.2203870e+06   4.9621582e+01
   4.2224800e+06   4.3579102e+01
   4.2434140e+06   5.3955078e+01
   4.2516050e+06   4.8522949e+01
   4.2519270e+06   4.7851562e+01
   4.2522480e+06   4.4128418e+01
   4.2567330e+06   5.1940918e+01
   4.2841110e+06   3.7292480e+01
   4.2841520e+06   4.3823242e+01
   4.2843820e+06   5.4504395e+01
   4.2853800e+06   4.3762207e+01
   4.2864640e+06   5.1452637e+01
   4.2892600e+06   4.8278809e+01
   4.2893470e+06   4.1931152e+01
   4.2961100e+06   4.1870117e+01
   4.3019110e+06   4.3457031e+01
   4.3061020e+06   4.8400879e+01
   4.3096310e+06   3.6987305e+01
   4.3240320e+06   4.9682617e+01
   4.3244100e+06   4.6325684e+01
   4.3247760e+06   4.2968750e+01
   4.3257710e+06   4.0466309e+01
   4.3305750e+06   3.9062500e+01
   4.3317790e+06   5.7983398e+01
   4.3319900e+06   4.5776367e+01
   4.3322490e+06   4.8034668e+01
   4.3356430e+06   4.7363281e+01
   4.3380360e+06   4.0527344e+01
   4.3380670e+06   4.6936035e+01
   4.3498980e+06   5.2856445e+01
   4.3499420e+06   5.0903320e+01
   4.3824740e+06   3.7292480e+01
   4.3848040e+06   4.1748047e+01
   4.3875070e+06   6.3537598e+01
   4.3878060e+06   4.2053223e+01
   4.3879720e+06   4.7973633e+01
   4.3885390e+06   3.8269043e+01
   4.3923500e+06   5.1696777e+01
   4.3972350e+06   4.2968750e+01
   4.4064870e+06   5.0842285e+01
   4.4213830e+06   4.8522949e+01
   4.4379460e+06   4.3029785e+01
   4.4398580e+06   5.1940918e+01
   4.4400970e+06   5.8776855e+01
   4.4412530e+06   3.9489746e+01
   4.4414950e+06   4.3212891e+01
   4.4418440e+06   5.0537109e+01
   4.4504060e+06   4.7424316e+01
   4.4712790e+06   3.9428711e+01
   4.4781220e+06   5.1269531e+01
   4.4807870e+06   5.3039551e+01
   4.4811550e+06   4.0527344e+01
   4.4814200e+06   5.0415039e+01
   4.4903550e+06   5.5908203e+01
   4.4908760e+06   3.8696289e+01
   4.4912670e+06   4.3029785e+01
   4.4913150e+06   5.4077148e+01
   4.4914710e+06   3.7353516e+01
   4.4916850e+06   4.1015625e+01
   4.4918130e+06   4.0832520e+01
   4.5016870e+06   3.8757324e+01
   4.5091620e+06   3.6132812e+01
   4.5116430e+06   6.8725586e+01
   4.5239170e+06   4.2968750e+01
   4.5239440e+06   5.2673340e+01
   4.5250600e+06   3.7719727e+01
   4.5256770e+06   6.2316895e+01
   4.5260950e+06   4.3823242e+01
   4.5276220e+06   4.3090820e+01
   4.5288950e+06   4.3579102e+01
   4.5431600e+06   3.9855957e+01
   4.5633550e+06   5.1330566e+01
   4.5635260e+06   3.5583496e+01
   4.5637280e+06   3.7780762e+01
   4.5732280e+06   3.7414551e+01
   4.5768850e+06   3.5644531e+01
   4.5778300e+06   4.9682617e+01
   4.5911170e+06   5.9326172e+01
   4.5914620e+06   4.3151855e+01
   4.5980840e+06   3.5278320e+01
   4.6023350e+06   3.5156250e+01
   4.6029170e+06   5.0170898e+01
   4.6038560e+06   5.1025391e+01
   4.6263550e+06   3.6865234e+01
   4.6263810e+06   4.8400879e+01
   4.6331330e+06   5.1696777e+01
   4.6336370e+06   6.4147949e+01
   4.6337440e+06   5.1269531e+01
   4.6348830e+06   3.5644531e+01
   4.6361030e+06   4.3334961e+01
   4.6599810e+06   4.3090820e+01
   4.6610840e+06   4.5349121e+01
   4.6623470e+06   4.0283203e+01
   4.6623800e+06   4.8156738e+01
   4.6647360e+06   4.1137695e+01
   4.6678120e+06   5.2856445e+01
   4.6702510e+06   5.1147461e+01
   4.6711940e+06   4.6386719e+01
   4.6720300e+06   4.7607422e+01
   4.6753000e+06   4.7485352e+01
   4.6847910e+06   6.1157227e+01
   4.6891440e+06   5.0231934e+01
   4.6944780e+06   4.7912598e+01
   4.6950420e+06   4.1503906e+01
   4.6955990e+06   4.8706055e+01
   4.6966430e+06   3.7902832e+01
   4.7118370e+06   6.4208984e+01
   4.7122250e+06   4.9255371e+01
   4.7184220e+06   3.7841797e+01
   4.7208560e+06   3.9184570e+01
   4.7217080e+06   4.2724609e+01
   4.7294300e+06   6.0607910e+01
   4.7305830e+06   6.3720703e+01
   4.7398570e+06   4.1259766e+01
   4.7406930e+06   3.5888672e+01
   4.7428210e+06   4.4433594e+01
   4.7451720e+06   3.6010742e+01
   4.7826630e+06   4.2297363e+01
   4.7829270e+06   5.0781250e+01
   4.7832300e+06   3.6926270e+01
   4.7837260e+06   5.1086426e+01
   4.7896520e+06   5.4565430e+01
   4.8102930e+06   5.1513672e+01
   4.8107070e+06   4.7668457e+01
   4.8119120e+06   5.2856445e+01
   4.8122190e+06   3.8940430e+01
   4.8156660e+06   3.5949707e+01
   4.8175780e+06   5.7922363e+01
   4.8346020e+06   5.0048828e+01
   4.8363800e+06   5.1330566e+01
   4.8378400e+06   4.8522949e+01
   4.8427550e+06   5.1269531e+01
   4.8513730e+06   4.6081543e+01
   4.8903650e+06   5.2490234e+01
   4.8906310e+06   4.4494629e+01
   4.8960930e+06   5.0292969e+01
   4.9087180e+06   4.0832520e+01
   4.9105490e+06   5.2978516e+01
   4.9335620e+06   5.3161621e+01
   4.9426990e+06   4.9560547e+01
   4.9439730e+06   5.1147461e+01
   4.9446150e+06   3.5339355e+01
   4.9446450e+06   5.8471680e+01
   4.9448640e+06   3.8330078e+01
   4.9481040e+06   5.5725098e+01
   4.9484020e+06   4.2419434e+01
   4.9519470e+06   3.5339355e+01
   4.9543870e+06   6.3842773e+01
   4.9670350e+06   5.2124023e+01
   4.9751250e+06   5.7678223e+01
   4.9825770e+06   4.7607422e+01
   4.9863990e+06   4.8583984e+01
   4.9890430e+06   5.4077148e+01
   5.0389360e+06   3.5400391e+01
   5.0431380e+06   4.5166016e+01
   5.0433830e+06   3.8269043e+01
   5.0478700e+06   4.7180176e+01
   5.0499820e+06   5.8288574e+01
   5.0616070e+06   5.0781250e+01
   5.0619270e+06   4.4860840e+01
   5.0662530e+06   4.5959473e+01
   5.0666640e+06   4.5410156e+01
   5.0671780e+06   5.1574707e+01
   5.0678720e+06   5.0537109e+01
   5.0731750e+06   5.2185059e+01
   5.0809220e+06   5.4992676e+01
   5.0954460e+06   3.6071777e+01
   5.1183160e+06   5.1086426e+01
   5.1189100e+06   6.0119629e+01
   5.1205620e+06   3.6132812e+01
   5.1330440e+06   5.4931641e+01
   5.1558860e+06   5.2612305e+01
   5.1733980e+06   6.8725586e+01
   5.1739560e+06   4.8645020e+01
   5.1744520e+06   5.0415039e+01
   5.1814460e+06   5.1391602e+01
   5.1823710e+06   4.3518066e+01
   5.2019470e+06   4.3762207e+01
   5.2307140e+06   3.7231445e+01
   5.2809240e+06   5.3649902e+01
   5.2816330e+06   4.5471191e+01
   5.2912240e+06   5.1513672e+01
   5.3153720e+06   5.5358887e+01
   5.3167690e+06   4.8034668e+01
   5.3189200e+06   5.4077148e+01
   5.3318730e+06   4.5104980e+01
   5.3575490e+06   3.5217285e+01
   5.3702640e+06   4.0283203e+01
   5.3743000e+06   3.7719727e+01
   5.3746620e+06   3.8085938e+01
   5.3749420e+06   3.6315918e+01
   5.3753840e+06   3.6865234e+01
   5.3754650e+06   5.5480957e+01
   5.3758680e+06   3.7475586e+01
   5.3767740e+06   3.6193848e+01
   5.4189650e+06   4.3884277e+01
   5.4192910e+06   4.6569824e+01
   5.4203560e+06   4.5288086e+01
   5.4207050e+06   3.7048340e+01
   5.4209360e+06   3.9367676e+01
   5.4398470e+06   3.8085938e+01
   5.4405100e+06   3.5583496e+01
   5.4413560e+06   3.6926270e+01
   5.4415280e+06   3.5339355e+01
   5.4416610e+06   3.6621094e+01
   5.4423650e+06   4.3395996e+01
   5.4863330e+06   3.5888672e+01
   5.4880470e+06   3.6560059e+01
   5.5117930e+06   4.3151855e+01
   5.5144390e+06   4.9743652e+01
   5.5153150e+06   3.7170410e+01
   5.5158960e+06   4.2480469e+01
   5.5284490e+06   5.3466797e+01
   5.5288390e+06   4.3823242e+01
   5.5352440e+06   4.8339844e+01
   5.5366410e+06   3.5278320e+01
   5.5398920e+06   5.0781250e+01
   5.5417050e+06   5.8105469e+01
   5.5421510e+06   4.3212891e+01
   5.5464060e+06   5.6884766e+01
   5.5479540e+06   5.0537109e+01
   5.5502800e+06   5.0781250e+01
   5.5507290e+06   3.5400391e+01
   5.5508750e+06   4.0893555e+01
   5.5570170e+06   5.2062988e+01
   5.5638310e+06   4.9865723e+01
   5.5650730e+06   5.3222656e+01
   5.5654510e+06   5.0964355e+01
   5.5664310e+06   6.0546875e+01
   5.6158610e+06   5.0292969e+01
   5.6161170e+06   3.5156250e+01
   5.6167120e+06   5.2856445e+01
   5.6180120e+06   5.3649902e+01
   5.6241440e+06   5.4260254e+01
   5.6244010e+06   5.7312012e+01
   5.6254960e+06   5.4870605e+01
   5.6259630e+06   5.2062988e+01
   5.6538840e+06   4.5227051e+01
   5.6539050e+06   4.3579102e+01
   5.6555400e+06   5.2185059e+01
   5.6562660e+06   4.6264648e+01
   5.6587540e+06   5.9509277e+01
   5.6756890e+06   5.3222656e+01
   5.6768930e+06   4.8950195e+01
   5.6823350e+06   5.1574707e+01
   5.6825820e+06   4.5837402e+01
   5.6858870e+06   5.5725098e+01
   5.6896310e+06   3.5827637e+01
   5.6907400e+06   5.0964355e+01
   5.6911180e+06   4.1992188e+01
   5.6920620e+06   5.5236816e+01
   5.6930210e+06   5.3100586e+01
   5.7033880e+06   4.1381836e+01
   5.7203240e+06   5.0415039e+01
   5.7212200e+06   5.1452637e+01
   5.7226850e+06   4.4616699e+01
   5.7231650e+06   4.6386719e+01
   5.7618800e+06   5.2124023e+01
   5.7621270e+06   3.8146973e+01
   5.7626640e+06   4.3579102e+01
   5.7642150e+06   4.6203613e+01
   5.7655700e+06   5.1269531e+01
   5.7679790e+06   4.9499512e+01
   5.7692130e+06   4.9804688e+01
   5.7703810e+06   3.5827637e+01
   5.7831910e+06   6.4453125e+01
   5.8065970e+06   3.7231445e+01
   5.8189680e+06   3.5583496e+01
   5.8285310e+06   4.9743652e+01
   5.8418270e+06   5.3405762e+01
   5.8421240e+06   4.3884277e+01
   5.8423930e+06   4.4677734e+01
   5.8509630e+06   3.7719727e+01
   5.8525790e+06   4.2602539e+01
   5.8581630e+06   5.2917480e+01
   5.8873950e+06   4.5104980e+01
   5.8878580e+06   5.3955078e+01
   5.8937500e+06   4.1748047e+01
   5.8939310e+06   4.0100098e+01
   5.9043730e+06   5.4382324e+01
   5.9132680e+06   4.6752930e+01
   5.9143830e+06   5.9204102e+01
   5.9152660e+06   4.9926758e+01
   5.9226410e+06   5.9020996e+01
   5.9231180e+06   5.4321289e+01
   5.9237000e+06   4.3579102e+01
   5.9257060e+06   3.5949707e+01
   5.9283310e+06   5.1330566e+01
   5.9533110e+06   4.2785645e+01
   5.9677600e+06   5.6213379e+01
   5.9681650e+06   4.6508789e+01
   5.9690810e+06   4.4311523e+01
   5.9748120e+06   5.8654785e+01
   5.9903810e+06   7.1166992e+01
   5.9919030e+06   3.9306641e+01
   6.0071140e+06   3.9794922e+01
   6.0082390e+06   5.0598145e+01
   6.0085300e+06   3.8513184e+01
   6.0175660e+06   4.8645020e+01
   6.0190930e+06   5.3466797e+01
   6.0193650e+06   3.7658691e+01
   6.0199080e+06   4.9682617e+01
   6.0214980e+06   4.8706055e+01
   6.0264640e+06   4.7424316e+01
   6.0280530e+06   3.5278320e+01
   6.0308790e+06   5.5603027e+01
   6.0314950e+06   5.4382324e+01
   6.0379470e+06   4.4250488e+01
   6.0488020e+06   4.9987793e+01
   6.0488260e+06   5.3161621e+01
   6.0499410e+06   6.1340332e+01
   6.0503470e+06   4.9865723e+01
   6.0617350e+06   3.6621094e+01
   6.0761240e+06   4.7241211e+01
   6.0894430e+06   5.5847168e+01
   6.0897810e+06   3.7536621e+01
   6.0924900e+06   5.4016113e+01
   6.0953720e+06   4.9682617e+01
   6.0960420e+06   3.7841797e+01
   6.1149980e+06   4.6936035e+01
   6.1152350e+06   3.6621094e+01
   6.1508100e+06   5.5419922e+01
   6.1511510e+06   3.9794922e+01
   6.1512280e+06   4.1442871e+01
   6.1553100e+06   4.8645020e+01
   6.1579490e+06   5.3833008e+01
   6.1591810e+06   5.5297852e+01
   6.1711140e+06   5.3100586e+01
   6.1744380e+06   5.6274414e+01
   6.2142820e+06   3.5400391e+01
   6.2148580e+06   5.2429199e+01
   6.2150520e+06   3.7292480e+01
   6.2181530e+06   5.4504395e+01
   6.2192510e+06   4.0893555e+01
   6.2197020e+06   4.6813965e+01
   6.2222180e+06   4.8583984e+01
   6.2548930e+06   4.4494629e+01
   6.2551980e+06   4.3762207e+01
   6.2553580e+06   4.9072266e+01
   6.2581450e+06   4.8706055e+01
   6.2590430e+06   5.4992676e+01
   6.2665970e+06   3.6132812e+01
   6.2732530e+06   4.9560547e+01
   6.2735000e+06   4.9804688e+01
   6.2741550e+06   4.6875000e+01
   6.2940460e+06   5.0048828e+01
   6.2943990e+06   4.0405273e+01
   6.2952770e+06   5.2307129e+01
   6.2957400e+06   4.2541504e+01
   6.2970030e+06   4.9560547e+01
   6.3008470e+06   5.3588867e+01
   6.3023590e+06   3.9733887e+01
   6.3031160e+06   5.0231934e+01
   6.3100610e+06   4.4494629e+01
   6.3104180e+06   4.1259766e+01
   6.3109840e+06   4.9987793e+01
   6.3230560e+06   5.1757812e+01
   6.3360470e+06   5.8715820e+01
   6.3365150e+06   4.8339844e+01
   6.3370280e+06   4.1381836e+01
   6.3439820e+06   4.8461914e+01
   6.3662760e+06   3.7048340e+01
   6.3664320e+06   4.8034668e+01
   6.3667780e+06   4.2785645e+01
   6.3669750e+06   4.6752930e+01
   6.4004630e+06   3.8635254e+01
   6.4050250e+06   4.5104980e+01
   6.4123190e+06   4.8522949e+01
   6.4125030e+06   5.4138184e+01
   6.4129500e+06   3.8818359e+01
   6.4135500e+06   5.8288574e+01
   6.4220730e+06   4.0344238e+01
   6.4353540e+06   4.7668457e+01
   6.4355350e+06   4.3212891e+01
   6.4477570e+06   3.6743164e+01
   6.4533620e+06   5.9814453e+01
   6.4538560e+06   3.6254883e+01
   6.4543030e+06   5.3588867e+01
   6.4547760e+06   4.5288086e+01
   6.4587190e+06   5.0109863e+01
   6.4605970e+06   3.5339355e+01
   6.4618460e+06   4.1381836e+01
   6.4918390e+06   3.6499023e+01
   6.5014470e+06   5.4077148e+01
   6.5017770e+06   4.8156738e+01
   6.5064300e+06   4.0344238e+01
   6.5066950e+06   4.6691895e+01
   6.5073760e+06   4.3701172e+01
   6.5109130e+06   4.3701172e+01
   6.5173160e+06   4.6936035e+01
   6.5173380e+06   4.4738770e+01
   6.5228130e+06   4.1931152e+01
   6.5297050e+06   5.0903320e+01
   6.5301270e+06   3.8696289e+01
   6.5305110e+06   5.6457520e+01
   6.5412070e+06   4.3945312e+01
   6.5550840e+06   5.9204102e+01
   6.5555000e+06   3.7780762e+01
   6.5700040e+06   4.1442871e+01
   6.6037140e+06   5.5603027e+01
   6.6039110e+06   4.5837402e+01
   6.6042330e+06   5.2978516e+01
   6.6053450e+06   4.9987793e+01
   6.6105660e+06   4.9072266e+01
   6.6305440e+06   4.5959473e+01
   6.6314120e+06   5.9814453e+01
   6.6358190e+06   5.7006836e+01
   6.6860270e+06   4.3579102e+01
   6.7033270e+06   4.5654297e+01
   6.7036760e+06   4.7973633e+01
   6.7050410e+06   4.9743652e+01
   6.7055250e+06   4.6813965e+01
   6.7073350e+06   4.6630859e+01
   6.7088650e+06   5.1696777e+01
   6.7173970e+06   5.2307129e+01
   6.7197050e+06   5.7312012e+01
   6.7275670e+06   3.8574219e+01
   6.7400170e+06   6.6528320e+01
   6.7595420e+06   3.5278320e+01
   6.7670700e+06   3.9428711e+01
   6.7673670e+06   4.3884277e+01
   6.7713440e+06   4.9926758e+01
   6.7755600e+06   3.5949707e+01
   6.7775250e+06   4.1809082e+01
   6.7820220e+06   4.6447754e+01
   6.7823310e+06   5.5114746e+01
   6.7915730e+06   4.7180176e+01
   6.8032850e+06   4.5288086e+01
   6.8079040e+06   4.0161133e+01
   6.8190830e+06   4.9865723e+01
   6.8212720e+06   5.3649902e+01
   6.8404370e+06   5.9448242e+01
   6.8414110e+06   4.9133301e+01
   6.8511320e+06   3.7963867e+01
   6.8706220e+06   4.3029785e+01
   6.8756720e+06   5.2551270e+01
   6.8775010e+06   4.8522949e+01
   6.8820590e+06   5.5786133e+01
   6.8860800e+06   5.1086426e+01
   6.8866550e+06   5.2368164e+01
   6.8871350e+06   5.1513672e+01
   6.8970900e+06   3.7414551e+01
   6.8971920e+06   5.6823730e+01
   6.8974700e+06   4.6325684e+01
   6.9155320e+06   5.0354004e+01
   6.9158170e+06   4.0344238e+01
   6.9181310e+06   4.2236328e+01
   6.9208280e+06   5.0537109e+01
   6.9231710e+06   5.1818848e+01
   6.9289150e+06   4.9682617e+01
   6.9312820e+06   4.7302246e+01
   6.9539530e+06   4.6569824e+01
   6.9788030e+06   3.8635254e+01
   6.9796920e+06   4.8645020e+01
   6.9807270e+06   5.5358887e+01
   6.9813270e+06   5.5664062e+01
   6.9904210e+06   3.9611816e+01
   6.9953390e+06   6.5124512e+01
   6.9988820e+06   5.4260254e+01
   7.0012050e+06   5.6457520e+01
   7.0175030e+06   5.4687500e+01
   7.0178420e+06   3.6743164e+01
   7.0331220e+06   4.8034668e+01
   7.0638530e+06   5.3894043e+01
   7.0651710e+06   5.6640625e+01
   7.0661230e+06   4.6752930e+01
   7.0666180e+06   4.8950195e+01
   7.0703170e+06   5.1574707e+01
   7.1081670e+06   5.9692383e+01
   7.1111850e+06   5.6518555e+01
   7.1145660e+06   4.5532227e+01
   7.1272290e+06   4.3395996e+01
   7.1284020e+06   4.7119141e+01
   7.1396460e+06   5.2429199e+01
   7.1406450e+06   4.3640137e+01
   7.1406620e+06   4.9133301e+01
   7.1471980e+06   3.6315918e+01
   7.1574910e+06   6.9213867e+01
   7.1650410e+06   3.5461426e+01
   7.1839980e+06   4.7058105e+01
   7.1879770e+06   5.8654785e+01
   7.1948510e+06   4.8645020e+01
   7.2145050e+06   5.4443359e+01
   7.2298390e+06   5.2307129e+01
   7.2325280e+06   5.3039551e+01
   7.2333670e+06   5.1391602e+01
   7.2385120e+06   3.9062500e+01
   7.2389190e+06   3.6315918e+01
   7.2528760e+06   4.2602539e+01
   7.2547330e+06   5.0598145e+01
   7.2745430e+06   4.4067383e+01
   7.2759750e+06   5.3283691e+01
   7.2799060e+06   5.4565430e+01
   7.3040320e+06   4.5593262e+01
   7.3131850e+06   5.4016113e+01
   7.3142130e+06   5.3649902e+01
   7.3321360e+06   4.8889160e+01
   7.3365240e+06   5.6457520e+01
   7.3370160e+06   4.1076660e+01
   7.3447840e+06   5.5236816e+01
   7.3479320e+06   4.6264648e+01
   7.3553720e+06   5.1269531e+01
   7.3789040e+06   5.2490234e+01
   7.3858790e+06   3.6743164e+01
   7.3866210e+06   4.5593262e+01
   7.3885250e+06   3.5400391e+01
   7.3889250e+06   6.6528320e+01
   7.3896590e+06   4.3334961e+01
   7.3901140e+06   3.5644531e+01
   7.3902070e+06   3.7719727e+01
   7.4267020e+06   3.8330078e+01
   7.4267200e+06   5.7800293e+01
   7.4281260e+06   4.1931152e+01
   7.4283920e+06   5.0964355e+01
   7.4324470e+06   5.6884766e+01
   7.4345030e+06   3.5949707e+01
   7.4388240e+06   4.5043945e+01
   7.4401460e+06   4.2602539e+01
   7.4585410e+06   4.1625977e+01
   7.4600600e+06   3.5400391e+01
   7.4600950e+06   5.9143066e+01
   7.4649570e+06   4.8400879e+01
   7.4688570e+06   5.6579590e+01
   7.4711150e+06   4.2602539e+01
   7.4757650e+06   3.5339355e+01
   7.4973920e+06   4.0893555e+01
   7.4986480e+06   4.0222168e+01
   7.5164840e+06   5.2307129e+01
   7.5252320e+06   5.7189941e+01
   7.5256480e+06   3.9978027e+01
   7.5263300e+06   4.9865723e+01
   7.5275340e+06   5.3405762e+01
   7.5308870e+06   5.6640625e+01
   7.5334640e+06   5.1513672e+01
   7.5370710e+06   5.0903320e+01
   7.5398630e+06   5.0415039e+01
   7.5524230e+06   4.6447754e+01
   7.5537850e+06   5.4809570e+01
   7.5546630e+06   4.2480469e+01
   7.5838490e+06   5.5725098e+01
   7.5838710e+06   4.5776367e+01
   7.5929180e+06   4.8461914e+01
   7.5931700e+06   3.5217285e+01
   7.5935140e+06   5.5297852e+01
   7.5941250e+06   5.3588867e+01
   7.6082430e+06   5.8654785e+01
   7.6295800e+06   4.7851563e+01
   7.6298700e+06   4.3395996e+01
   7.6316160e+06   4.8522949e+01
   7.6330110e+06   6.0241699e+01
   7.6371910e+06   4.9682617e+01
   7.6547330e+06   5.5419922e+01
   7.6649820e+06   4.8583984e+01
   7.6656140e+06   4.7058105e+01
   7.6667030e+06   5.0903320e+01
   7.6673040e+06   4.9560547e+01
   7.6921280e+06   4.7912598e+01
   7.6931770e+06   5.8105469e+01
   7.6956080e+06   4.9133301e+01
   7.7026300e+06   5.8776855e+01
   7.7155850e+06   5.1513672e+01
   7.7257800e+06   5.7067871e+01
   7.7286420e+06   6.0241699e+01
   7.7306020e+06   5.8654785e+01
   7.7315940e+06   5.7922363e+01
   7.7468580e+06   4.7302246e+01
   7.7590180e+06   3.7353516e+01
   7.7708600e+06   3.6315918e+01
   7.7832610e+06   6.0546875e+01
   7.7839460e+06   4.5898438e+01
   7.7878230e+06   4.8950195e+01
   7.7956360e+06   5.0781250e+01
   7.8233510e+06   3.6010742e+01
   7.8438490e+06   6.0424805e+01
   7.8449650e+06   4.2175293e+01
   7.8486880e+06   5.1208496e+01
   7.8500180e+06   5.7128906e+01
   7.8568520e+06   5.8044434e+01
   7.8689930e+06   5.2429199e+01
   7.8761060e+06   5.3649902e+01
   7.8846830e+06   5.3100586e+01
   7.8855000e+06   4.6264648e+01
   7.8871270e+06   3.6071777e+01
   7.8871470e+06   5.8898926e+01
   7.9285110e+06   5.1452637e+01
   7.9292040e+06   5.1208496e+01
   7.9413530e+06   3.5217285e+01
   7.9417740e+06   3.5827637e+01
   7.9505360e+06   5.4687500e+01
   7.9520970e+06   5.6335449e+01
   7.9577720e+06   4.7424316e+01
   7.9600340e+06   6.1096191e+01
   7.9631100e+06   4.7607422e+01
   7.9661580e+06   5.4138184e+01
   7.9691700e+06   3.5705566e+01
   7.9952460e+06   6.5002441e+01
   7.9980920e+06   6.0058594e+01
   8.0063420e+06   4.5837402e+01
   8.0096450e+06   5.8410645e+01
   8.0104380e+06   4.3518066e+01
   8.0145070e+06   5.0720215e+01
   8.0150060e+06   6.4147949e+01
   8.0326790e+06   5.0781250e+01
   8.0333860e+06   5.1940918e+01
   8.0391610e+06   6.4575195e+01
   8.0577400e+06   3.8330078e+01
   8.0883840e+06   3.5339355e+01
   8.0887580e+06   4.6020508e+01
   8.0947340e+06   4.5715332e+01
   8.1247310e+06   6.0729980e+01
   8.1252360e+06   3.7170410e+01
   8.1746290e+06   3.8574219e+01
   8.1778110e+06   5.6152344e+01
   8.1780820e+06   3.6743164e+01
   8.1784580e+06   5.8837891e+01
   8.1787360e+06   5.1696777e+01
   8.1795700e+06   3.7536621e+01
   8.2001510e+06   5.3649902e+01
   8.2031760e+06   3.8330078e+01
   8.2144490e+06   3.6254883e+01
   8.2153640e+06   4.7546387e+01
   8.2192370e+06   4.3029785e+01
   8.2252520e+06   5.2429199e+01
   8.2361580e+06   3.7841797e+01
   8.2811930e+06   4.8583984e+01
   8.2815530e+06   3.6499023e+01
   8.2816770e+06   3.8391113e+01
   8.2823210e+06   5.6762695e+01
   8.2824450e+06   4.9255371e+01
   8.2825190e+06   4.1259766e+01
   8.2828360e+06   5.6030273e+01
   8.2830600e+06   4.2419434e+01
   8.3188040e+06   6.2255859e+01
   8.3205140e+06   5.6823730e+01
   8.3353270e+06   3.6682129e+01
   8.3604040e+06   3.6315918e+01
   8.3774790e+06   6.1157227e+01
   8.3777750e+06   4.0161133e+01
   8.3783580e+06   5.5664062e+01
   8.3822100e+06   5.6091309e+01
   8.3858450e+06   4.8339844e+01
   8.3942400e+06   4.0405273e+01
   8.4989120e+06   5.2551270e+01
   8.5002140e+06   4.9316406e+01
   8.5037100e+06   5.7128906e+01
   8.5115100e+06   5.4931641e+01
   8.5291590e+06   4.4860840e+01
   8.5705970e+06   6.1035156e+01
   8.5715840e+06   5.6213379e+01
   8.5975150e+06   4.7424316e+01
   8.5985680e+06   5.0720215e+01
   8.6012450e+06   4.5776367e+01
   8.6517700e+06   4.7851562e+01
   8.6522560e+06   4.9255371e+01
   8.6530210e+06   5.9875488e+01
   8.6559000e+06   4.8950195e+01
   8.6938240e+06   3.6804199e+01
   8.7042880e+06   3.9306641e+01
   8.7615510e+06   3.8146973e+01
   8.7957370e+06   3.6926270e+01
   8.8159700e+06   5.3894043e+01
   8.8454150e+06   5.3833008e+01
   8.8457130e+06   3.9733887e+01
   8.8491740e+06   5.3222656e+01
   8.8863350e+06   5.2734375e+01
   8.9244220e+06   5.0598145e+01
   8.9361730e+06   5.5358887e+01
   8.9533420e+06   6.1584473e+01
   8.9572970e+06   4.3945312e+01
   8.9602150e+06   5.5114746e+01
   8.9849350e+06   5.2795410e+01
   8.9854540e+06   5.4016113e+01
