   8.9990000e+06   0.0000000e+00
   9.9107000e+04   8.7280273e+01
   1.3096100e+05   6.7260742e+01
   1.3279900e+05   7.2814941e+01
   1.3298600e+05   6.3720703e+01
   2.3779400e+05   3.9489746e+01
   3.4451400e+05   4.4311523e+01
   6.7939300e+05   4.2724609e+01
   7.0200500e+05   4.0039062e+01
   7.0937500e+05   3.8635254e+01
   7.5958200e+05   3.9184570e+01
   8.9417300e+05   7.4707031e+01
   9.7411100e+05   3.9672852e+01
   1.4520290e+06   4.1931152e+01
   1.4914380e+06   3.8940430e+01
   1.6949940e+06   3.8818359e+01
   2.0804730e+06   3.9245605e+01
   2.1624060e+06   8.4350586e+01
   2.2756350e+06   7.0739746e+01
   2.2907310e+06   3.8879395e+01
   2.4822580e+06   8.2763672e+01
   2.5359030e+06   7.3303223e+01
   2.6249540e+06   8.1359863e+01
   2.6663140e+06   3.9611816e+01
   2.7199830e+06   4.1564941e+01
   2.7768930e+06   3.9184570e+01
   2.8428340e+06   4.1198730e+01
   2.9026780e+06   7.7575684e+01
   2.9759260e+06   4.1320801e+01
   3.0844370e+06   8.7951660e+01
   3.1070950e+06   7.1777344e+01
   3.1439800e+06   4.5532227e+01
   3.1444650e+06   4.1198730e+01
   3.4307140e+06   4.3518066e+01
   3.4939930e+06   7.0129395e+01
   3.6252740e+06   7.4584961e+01
   3.7619800e+06   7.8063965e+01
   4.0165950e+06   4.1503906e+01
   4.0196200e+06   5.3771973e+01
   4.0206160e+06   4.1503906e+01
   4.0348340e+06   9.1796875e+01
   4.1312670e+06   4.1931152e+01
   4.3956730e+06   4.4311523e+01
   4.4899960e+06   7.7453613e+01
   4.7158470e+06   3.9306641e+01
   4.7582450e+06   4.2297363e+01
   5.0637120e+06   7.3181152e+01
   5.0656300e+06   4.0283203e+01
   5.2693600e+06   4.1503906e+01
   5.3280970e+06   8.3435059e+01
   5.4132630e+06   4.0588379e+01
   5.4407190e+06   8.2153320e+01
   5.4412530e+06   4.0039062e+01
   5.4674510e+06   4.3273926e+01
   5.5105910e+06   8.3251953e+01
   5.5112800e+06   7.9345703e+01
   5.5115820e+06   6.8359375e+01
   5.5117420e+06   7.0129395e+01
   5.5126630e+06   7.2082520e+01
   5.5131610e+06   7.2509766e+01
   5.5133370e+06   4.9743652e+01
   5.5134850e+06   3.9184570e+01
   5.5136440e+06   3.9550781e+01
   5.5149800e+06   3.8879395e+01
   5.5483840e+06   3.9733887e+01
   5.5758490e+06   7.1899414e+01
   6.0503050e+06   8.3374023e+01
   6.0505360e+06   7.1289062e+01
   6.1267370e+06   3.9489746e+01
   6.1694960e+06   8.0444336e+01
   6.2232920e+06   3.8940430e+01
   6.2811540e+06   4.1320801e+01
   6.7866700e+06   4.0710449e+01
   6.8037580e+06   4.0893555e+01
   6.8759530e+06   4.0588379e+01
   6.9510570e+06   3.9184570e+01
   6.9631180e+06   3.8757324e+01
   7.0713250e+06   3.9794922e+01
   7.3211740e+06   4.8828125e+01
   7.4574540e+06   3.9978027e+01
   7.4648440e+06   4.0100098e+01
   7.4796850e+06   7.8063965e+01
   7.9238220e+06   3.9001465e+01
   8.0288220e+06   3.8574219e+01
   8.1248680e+06   3.9367676e+01
   8.2811460e+06   6.7932129e+01
   8.3351780e+06   3.8818359e+01
   8.6804370e+06   3.9550781e+01
   8.7850320e+06   3.9306641e+01
   8.8170740e+06   4.2541504e+01
