   8.9990000e+06   0.0000000e+00
   5.6890000e+03   3.4240723e+01
   6.6350000e+03   3.3874512e+01
   1.0086300e+05   3.7231445e+01
   1.0184800e+05   9.5336914e+01
   1.2993500e+05   7.4035645e+01
   1.3142700e+05   6.7687988e+01
   1.3326700e+05   3.4362793e+01
   3.4511100e+05   4.0466309e+01
   3.4540600e+05   3.7658691e+01
   3.9569800e+05   3.3935547e+01
   5.8207400e+05   3.9978027e+01
   7.2266200e+05   3.9306641e+01
   8.0865000e+05   3.4118652e+01
   1.1339930e+06   3.8269043e+01
   1.2435530e+06   4.0466309e+01
   1.3059200e+06   3.4301758e+01
   1.3264970e+06   3.5034180e+01
   1.4009230e+06   3.4790039e+01
   1.4612990e+06   3.5644531e+01
   1.6040990e+06   4.0405273e+01
   1.6486280e+06   3.4057617e+01
   1.7745620e+06   3.4545898e+01
   1.8635180e+06   3.8269043e+01
   1.8640640e+06   3.6010742e+01
   1.9602790e+06   3.5217285e+01
   1.9847420e+06   4.4860840e+01
   1.9960600e+06   3.5583496e+01
   2.0704280e+06   3.8940430e+01
   2.0943330e+06   3.6193848e+01
   2.3952220e+06   4.8522949e+01
   2.4848240e+06   4.4738770e+01
   2.6275010e+06   3.8452148e+01
   2.6644590e+06   3.4484863e+01
   2.7096150e+06   3.6315918e+01
   2.8409600e+06   3.6193848e+01
   2.8560740e+06   3.4301758e+01
   2.9303430e+06   3.5827637e+01
   2.9370210e+06   3.7658691e+01
   3.1050060e+06   3.5217285e+01
   3.1068640e+06   1.0943604e+02
   3.1448950e+06   3.4057617e+01
   3.1465370e+06   3.4545898e+01
   3.1472880e+06   9.6862793e+01
   3.2070110e+06   3.6804199e+01
   3.3096860e+06   3.4912109e+01
   3.3522030e+06   3.3996582e+01
   3.5873420e+06   3.9855957e+01
   3.6187000e+06   3.5034180e+01
   3.7532040e+06   4.4799805e+01
   3.7969430e+06   3.5827637e+01
   3.8133490e+06   3.8635254e+01
   3.8650050e+06   3.5278320e+01
   3.9297290e+06   3.9611816e+01
   3.9603840e+06   1.0198975e+02
   3.9605480e+06   7.5744629e+01
   3.9607620e+06   5.9143066e+01
   3.9615980e+06   8.5021973e+01
   3.9618150e+06   5.5297852e+01
   3.9619660e+06   4.1625977e+01
   3.9621320e+06   4.6630859e+01
   3.9622630e+06   3.4057617e+01
   3.9624060e+06   3.5888672e+01
   3.9625460e+06   3.4973145e+01
   3.9627230e+06   3.5034180e+01
   3.9630700e+06   3.8330078e+01
   3.9632510e+06   3.6071777e+01
   3.9651250e+06   3.4240723e+01
   3.9657110e+06   3.5583496e+01
   3.9819430e+06   4.2419434e+01
   3.9822260e+06   3.5095215e+01
   4.0177770e+06   3.5644531e+01
   4.0902330e+06   3.6071777e+01
   4.1463210e+06   3.4301758e+01
   4.1493360e+06   3.4545898e+01
   4.5270320e+06   3.7475586e+01
   4.6023800e+06   4.1076660e+01
   4.6346460e+06   1.0083008e+02
   4.6348490e+06   8.7707520e+01
   4.6349040e+06   3.9428711e+01
   4.6349950e+06   5.4077148e+01
   4.6352710e+06   6.7749023e+01
   4.6354100e+06   3.5339355e+01
   4.6356500e+06   5.8471680e+01
   4.6359070e+06   5.8776855e+01
   4.6361300e+06   4.5776367e+01
   4.6363210e+06   4.0954590e+01
   4.6369260e+06   3.8269043e+01
   4.6372020e+06   3.8452148e+01
   4.6374880e+06   3.9978027e+01
   4.6378340e+06   3.6987305e+01
   4.6383750e+06   4.0161133e+01
   4.6394760e+06   4.3823242e+01
   4.6950710e+06   3.4729004e+01
   4.7374300e+06   3.4851074e+01
   4.7894270e+06   3.5034180e+01
   4.9913500e+06   3.4545898e+01
   5.3740180e+06   3.3996582e+01
   5.4026140e+06   3.6376953e+01
   5.4413700e+06   3.8452148e+01
   5.4416370e+06   3.6987305e+01
   5.4610330e+06   3.5034180e+01
   5.4756110e+06   3.5095215e+01
   5.5149340e+06   4.3273926e+01
   5.5153200e+06   3.3935547e+01
   5.5460980e+06   3.3935547e+01
   5.9408640e+06   3.6621094e+01
   6.0887050e+06   3.3935547e+01
   6.1834900e+06   3.6132812e+01
   6.3663010e+06   3.9306641e+01
   6.4133140e+06   3.8452148e+01
   6.4136010e+06   3.9855957e+01
   6.4616750e+06   3.7170410e+01
   6.4626870e+06   3.6254883e+01
   6.6442880e+06   3.4301758e+01
   6.8100850e+06   3.4484863e+01
   6.8970570e+06   3.7414551e+01
   6.8973480e+06   3.4362793e+01
   6.8977210e+06   3.6437988e+01
   6.9542870e+06   4.0222168e+01
   6.9546230e+06   3.6010742e+01
   7.3898400e+06   3.4545898e+01
   7.4402480e+06   3.5095215e+01
   7.4405200e+06   3.4545898e+01
   7.4966350e+06   3.4545898e+01
   7.4974380e+06   3.7597656e+01
   7.5545780e+06   3.7902832e+01
   7.5548580e+06   3.4118652e+01
   8.0454550e+06   3.6132812e+01
   8.0557170e+06   3.7231445e+01
   8.1246440e+06   3.9855957e+01
   8.1799660e+06   3.8696289e+01
   8.2038870e+06   3.8024902e+01
   8.2365860e+06   3.7048340e+01
   8.2827690e+06   3.9916992e+01
   8.2830160e+06   3.3935547e+01
   8.3358230e+06   3.6376953e+01
   8.4455940e+06   3.7170410e+01
   8.4677130e+06   3.8146973e+01
   8.8181310e+06   3.7902832e+01
   8.8185670e+06   3.7414551e+01
   8.8871950e+06   3.8696289e+01
   8.8875490e+06   3.7231445e+01
   8.9855500e+06   3.9916992e+01
