   8.9990000e+06   0.0000000e+00
   9.9409000e+04   4.9133301e+01
   1.0192900e+05   9.6069336e+01
   1.1401400e+05   5.0354004e+01
   1.1578300e+05   4.4067383e+01
   1.3273400e+05   4.2541504e+01
   1.3384800e+05   9.4726562e+01
   3.4565700e+05   9.4665527e+01
   1.2962010e+06   9.7900391e+01
   1.3560370e+06   4.5715332e+01
   1.4460420e+06   4.0710449e+01
   2.0704960e+06   4.6020508e+01
   2.0710480e+06   9.4055176e+01
   2.0938000e+06   8.9294434e+01
   3.1548340e+06   4.2419434e+01
   3.9302350e+06   8.5754395e+01
   3.9307880e+06   9.1735840e+01
   3.9313000e+06   6.4636230e+01
   3.9605060e+06   8.0078125e+01
   3.9615870e+06   7.2937012e+01
   3.9803960e+06   8.4960938e+01
   3.9808000e+06   8.6425781e+01
   4.0239930e+06   5.5114746e+01
   4.0387320e+06   8.8562012e+01
   4.0393710e+06   8.3068848e+01
   4.0396290e+06   6.0852051e+01
   4.0398710e+06   4.4982910e+01
   4.0401740e+06   5.5236816e+01
   4.0454470e+06   4.1076660e+01
   4.0700970e+06   4.5166016e+01
   4.0705750e+06   4.5898438e+01
   4.0708870e+06   4.7119141e+01
   4.4915320e+06   9.3750000e+01
   4.6030060e+06   9.1674805e+01
   4.6657820e+06   4.1625977e+01
   4.6955730e+06   8.4106445e+01
   4.6958060e+06   7.7636719e+01
   4.6960410e+06   8.1909180e+01
   4.6961960e+06   4.4128418e+01
   4.7004220e+06   4.4616699e+01
   4.7196560e+06   7.3547363e+01
   4.7227740e+06   7.0983887e+01
   4.7287140e+06   4.2663574e+01
   4.8503050e+06   5.0415039e+01
   4.8700970e+06   4.1320801e+01
   4.8703650e+06   4.9194336e+01
   4.9006630e+06   5.3100586e+01
   4.9011230e+06   4.6875000e+01
   4.9030830e+06   4.0466309e+01
   5.2131890e+06   4.8400879e+01
   5.3112350e+06   5.0903320e+01
   5.3591350e+06   5.4260254e+01
   5.3746500e+06   9.1796875e+01
   5.3751350e+06   8.6914062e+01
   5.4405830e+06   4.2846680e+01
   5.4426940e+06   9.6557617e+01
   5.4541010e+06   5.6884766e+01
   5.4725580e+06   4.2053223e+01
   5.5153100e+06   1.0089111e+02
   5.5155770e+06   8.3129883e+01
   5.5158040e+06   6.5917969e+01
   5.5160620e+06   6.7077637e+01
   5.5163090e+06   4.4311523e+01
   5.5424580e+06   4.6386719e+01
   5.5426840e+06   4.5104980e+01
   5.5624060e+06   5.4870605e+01
   5.5626640e+06   4.4677734e+01
   5.5978710e+06   4.5532227e+01
   5.6378280e+06   5.5786133e+01
   5.6381820e+06   4.9072266e+01
   5.6383830e+06   4.5043945e+01
   5.7235810e+06   5.2490234e+01
   5.7371690e+06   5.8654785e+01
   5.8872150e+06   4.3395996e+01
   6.2145830e+06   4.6447754e+01
   6.3528910e+06   4.7363281e+01
   6.4343860e+06   4.8461914e+01
   6.4440940e+06   4.7546387e+01
   6.4443590e+06   4.2907715e+01
   6.4445660e+06   4.1198730e+01
   6.4621770e+06   7.2875977e+01
   6.6577150e+06   4.9438477e+01
   7.3901040e+06   9.1613770e+01
   7.4787640e+06   4.8950195e+01
