   8.9990000e+06   0.0000000e+00
   6.9800000e+02   4.9011230e+01
   4.2050000e+03   5.1696777e+01
   8.5450000e+03   5.3833008e+01
   3.1375000e+04   4.6875000e+01
   3.4972000e+04   4.0405273e+01
   3.9758000e+04   3.7170410e+01
   4.8727000e+04   5.0476074e+01
   5.1739000e+04   4.3151855e+01
   5.8149000e+04   4.5410156e+01
   6.7538000e+04   3.9123535e+01
   7.6903000e+04   4.5471191e+01
   8.3560000e+04   3.6376953e+01
   9.1227000e+04   4.8583984e+01
   9.9516000e+04   4.0100098e+01
   9.9979000e+04   3.7170410e+01
   1.0038300e+05   4.1259766e+01
   1.0120300e+05   3.6193848e+01
   1.0662500e+05   4.3090820e+01
   1.1186500e+05   5.0109863e+01
   1.1408500e+05   3.9001465e+01
   1.1465100e+05   3.5644531e+01
   1.1590300e+05   3.7292480e+01
   1.1624700e+05   3.5827637e+01
   1.1768600e+05   4.4860840e+01
   1.3097000e+05   3.8635254e+01
   1.3185600e+05   3.8085938e+01
   1.3392600e+05   4.7241211e+01
   1.3415900e+05   4.0771484e+01
   1.3453900e+05   3.7109375e+01
   1.7221200e+05   4.4982910e+01
   1.7793500e+05   5.3039551e+01
   1.8100300e+05   4.1198730e+01
   1.8839000e+05   4.6569824e+01
   1.9452100e+05   3.6743164e+01
   1.9944600e+05   4.2968750e+01
   2.0833500e+05   4.3029785e+01
   2.1857600e+05   4.4677734e+01
   2.2167900e+05   4.7119141e+01
   2.3472800e+05   5.0170898e+01
   2.3792400e+05   4.2236328e+01
   2.4099600e+05   3.6926270e+01
   2.4811800e+05   4.9987793e+01
   2.6323800e+05   4.1076660e+01
   2.6751300e+05   4.7180176e+01
   2.8244600e+05   4.0588379e+01
   2.8861800e+05   4.1198730e+01
   2.9064000e+05   5.4443359e+01
   3.0900800e+05   4.6630859e+01
   3.1875100e+05   3.5949707e+01
   3.2166700e+05   5.0476074e+01
   3.2873400e+05   4.1137695e+01
   3.3386000e+05   3.7536621e+01
   3.4299400e+05   3.8574219e+01
   3.4359500e+05   3.6560059e+01
   3.4452900e+05   3.8024902e+01
   3.4520200e+05   3.9978027e+01
   3.5941100e+05   5.5236816e+01
   3.7635600e+05   4.9743652e+01
   3.8331700e+05   4.8278809e+01
   3.9172100e+05   5.1086426e+01
   3.9266500e+05   5.1452637e+01
   3.9957100e+05   4.9743652e+01
   4.0491200e+05   3.8818359e+01
   4.0969400e+05   5.0720215e+01
   4.1623700e+05   3.9978027e+01
   4.2172800e+05   5.3222656e+01
   4.2429300e+05   4.9682617e+01
   4.3847200e+05   3.6499023e+01
   4.4916400e+05   3.6315918e+01
   4.6200600e+05   4.8278809e+01
   4.6457400e+05   5.7189941e+01
   4.6921300e+05   4.3701172e+01
   4.7085800e+05   4.1320801e+01
   4.7444600e+05   5.3649902e+01
   4.8361500e+05   4.6264648e+01
   4.9429200e+05   4.5776367e+01
   5.0886300e+05   5.5664062e+01
   5.1591800e+05   4.5776367e+01
   5.2076900e+05   4.9987793e+01
   5.2570300e+05   4.2602539e+01
   5.3939400e+05   3.8391113e+01
   5.4273500e+05   4.2602539e+01
   5.4978400e+05   5.0842285e+01
   5.6080600e+05   3.6499023e+01
   5.6470500e+05   4.0954590e+01
   5.8242900e+05   4.9133301e+01
   5.9067400e+05   4.2053223e+01
   5.9968400e+05   4.1320801e+01
   6.0912800e+05   4.0649414e+01
   6.1137400e+05   4.9438477e+01
   6.2011900e+05   5.1696777e+01
   6.3231400e+05   4.6508789e+01
   6.3486900e+05   4.4433594e+01
   6.4422900e+05   4.9072266e+01
   6.5743200e+05   6.2988281e+01
   6.6150600e+05   3.9367676e+01
   6.6778100e+05   4.5471191e+01
   6.7824700e+05   4.9133301e+01
   6.8148700e+05   5.3527832e+01
   6.9182500e+05   4.5349121e+01
   7.0338000e+05   4.0039062e+01
   7.0436500e+05   4.5166016e+01
   7.1852400e+05   3.6743164e+01
   7.3384600e+05   5.0476074e+01
   7.4364000e+05   5.7312012e+01
   7.5150600e+05   5.4748535e+01
   7.5967300e+05   5.1818848e+01
   7.6782800e+05   5.3344727e+01
   7.7477600e+05   4.7363281e+01
   7.7897500e+05   4.0588379e+01
   7.8239600e+05   4.5410156e+01
   7.8629000e+05   4.7607422e+01
   7.8699900e+05   4.4433594e+01
   7.8732900e+05   3.5827637e+01
   7.8791300e+05   3.6743164e+01
   8.0173200e+05   3.8635254e+01
   8.0938300e+05   4.0405273e+01
   8.1500000e+05   3.9916992e+01
   8.2216500e+05   3.9672852e+01
   8.3380400e+05   4.0100098e+01
   8.4005900e+05   4.7058105e+01
   8.4522100e+05   4.7668457e+01
   8.4945200e+05   3.9062500e+01
   8.5411500e+05   5.1086426e+01
   8.5796600e+05   4.7302246e+01
   8.6604400e+05   4.3518066e+01
   8.7663700e+05   4.6203613e+01
   8.9482700e+05   5.1147461e+01
   9.0743400e+05   4.5471191e+01
   9.1007100e+05   4.4067383e+01
   9.2337800e+05   5.1086426e+01
   9.2634700e+05   4.1198730e+01
   9.3035400e+05   4.9682617e+01
   9.3738400e+05   3.9611816e+01
   9.5275600e+05   5.6457520e+01
   9.5595200e+05   4.4250488e+01
   9.5697100e+05   3.7353516e+01
   9.5881800e+05   4.3884277e+01
   9.6331400e+05   4.5349121e+01
   9.7785300e+05   5.1513672e+01
   9.8017600e+05   5.4382324e+01
   9.8632900e+05   4.5959473e+01
   9.8956900e+05   4.3640137e+01
   9.9226800e+05   3.8635254e+01
   1.0027970e+06   4.1992188e+01
   1.0103510e+06   5.0292969e+01
   1.0233110e+06   4.5715332e+01
   1.0281430e+06   4.4799805e+01
   1.0337190e+06   3.7536621e+01
   1.0350550e+06   3.9611816e+01
   1.0363150e+06   3.6865234e+01
   1.0378450e+06   3.7658691e+01
   1.0432950e+06   4.0100098e+01
   1.0521550e+06   4.0039062e+01
   1.0551350e+06   4.8889160e+01
   1.0713300e+06   4.6325684e+01
   1.0788870e+06   4.4982910e+01
   1.0835450e+06   4.2785645e+01
   1.0901700e+06   4.7241211e+01
   1.1016750e+06   4.6020508e+01
   1.1098560e+06   3.8757324e+01
   1.1144030e+06   4.6630859e+01
   1.1231730e+06   4.1259766e+01
   1.1317690e+06   4.9377441e+01
   1.1393280e+06   4.5288086e+01
   1.1439510e+06   4.9560547e+01
   1.1529670e+06   4.7546387e+01
   1.1581480e+06   3.5888672e+01
   1.1647050e+06   3.7719727e+01
   1.1665490e+06   4.5837402e+01
   1.1683110e+06   3.6315918e+01
   1.1718080e+06   3.7780762e+01
   1.1736320e+06   3.6010742e+01
   1.1820770e+06   5.1879883e+01
   1.1877280e+06   3.7963867e+01
   1.2031510e+06   4.8217773e+01
   1.2073950e+06   4.7241211e+01
   1.2085100e+06   4.3518066e+01
   1.2107260e+06   4.8767090e+01
   1.2177210e+06   4.3701172e+01
   1.2247040e+06   4.7973633e+01
   1.2290930e+06   4.1809082e+01
   1.2369490e+06   4.8400879e+01
   1.2386480e+06   4.1259766e+01
   1.2478220e+06   3.7902832e+01
   1.2521070e+06   4.0039062e+01
   1.2564210e+06   5.0170898e+01
   1.2605070e+06   3.7475586e+01
   1.2762930e+06   5.2612305e+01
   1.2800590e+06   4.4799805e+01
   1.2857230e+06   4.9072266e+01
   1.2943520e+06   4.0954590e+01
   1.2952160e+06   3.5888672e+01
   1.2955430e+06   4.3273926e+01
   1.3046260e+06   3.6132812e+01
   1.3054730e+06   3.8879395e+01
   1.3115120e+06   4.9194336e+01
   1.3138970e+06   4.1625977e+01
   1.3227320e+06   4.9072266e+01
   1.3241510e+06   4.0039062e+01
   1.3245320e+06   4.2846680e+01
   1.3249470e+06   3.7597656e+01
   1.3258240e+06   4.0222168e+01
   1.3277910e+06   3.7475586e+01
   1.3456610e+06   5.3100586e+01
   1.3502140e+06   4.1503906e+01
   1.3524430e+06   3.6499023e+01
   1.3536330e+06   4.0161133e+01
   1.3557170e+06   3.5583496e+01
   1.3561140e+06   3.9550781e+01
   1.3568490e+06   3.6682129e+01
   1.3584560e+06   4.3090820e+01
   1.3825530e+06   4.9804688e+01
   1.3875400e+06   4.7180176e+01
   1.3923960e+06   4.7119141e+01
   1.3952040e+06   3.8330078e+01
   1.3973650e+06   3.5705566e+01
   1.4101630e+06   4.1015625e+01
   1.4128720e+06   4.6386719e+01
   1.4269430e+06   4.6508789e+01
   1.4301520e+06   4.5898438e+01
   1.4349800e+06   4.2846680e+01
   1.4390090e+06   3.7841797e+01
   1.4430650e+06   3.6193848e+01
   1.4454900e+06   3.5949707e+01
   1.4465070e+06   3.9978027e+01
   1.4581640e+06   4.1748047e+01
   1.4665120e+06   4.4006348e+01
   1.4700240e+06   5.1025391e+01
   1.4705350e+06   4.7851562e+01
   1.4751910e+06   4.0649414e+01
   1.4865270e+06   5.4748535e+01
   1.4943150e+06   4.0466309e+01
   1.4972060e+06   4.4189453e+01
   1.5002190e+06   4.4006348e+01
   1.5097470e+06   4.2724609e+01
   1.5152380e+06   4.8400879e+01
   1.5164670e+06   4.1137695e+01
   1.5179600e+06   4.6203613e+01
   1.5223430e+06   5.3344727e+01
   1.5290970e+06   4.8095703e+01
   1.5329500e+06   3.9916992e+01
   1.5429300e+06   4.1198730e+01
   1.5483760e+06   4.3884277e+01
   1.5505870e+06   4.0649414e+01
   1.5534730e+06   4.8828125e+01
   1.5586640e+06   5.3222656e+01
   1.5614170e+06   4.1076660e+01
   1.5694910e+06   3.7231445e+01
   1.5763840e+06   5.3588867e+01
   1.5839830e+06   3.9550781e+01
   1.5871770e+06   5.1574707e+01
   1.5997110e+06   3.9306641e+01
   1.6015960e+06   4.7790527e+01
   1.6047610e+06   3.5949707e+01
   1.6214320e+06   3.9855957e+01
   1.6222140e+06   3.8757324e+01
   1.6292640e+06   4.1748047e+01
   1.6391850e+06   3.9489746e+01
   1.6470640e+06   4.3640137e+01
   1.6532620e+06   6.3171387e+01
   1.6600910e+06   4.7668457e+01
   1.6722780e+06   4.3151855e+01
   1.6741470e+06   4.0466309e+01
   1.6780660e+06   4.2419434e+01
   1.6822830e+06   4.0588379e+01
   1.6916580e+06   3.9367676e+01
   1.6975360e+06   4.4921875e+01
   1.7015830e+06   4.9438477e+01
   1.7104650e+06   4.2968750e+01
   1.7187660e+06   4.2602539e+01
   1.7258280e+06   4.4250488e+01
   1.7409600e+06   4.0710449e+01
   1.7524220e+06   4.1931152e+01
   1.7574660e+06   3.8391113e+01
   1.7652490e+06   3.6193848e+01
   1.7680120e+06   5.2978516e+01
   1.7737780e+06   4.5349121e+01
   1.7858800e+06   4.8522949e+01
   1.7908060e+06   4.0588379e+01
   1.8011560e+06   3.9245605e+01
   1.8037700e+06   4.5715332e+01
   1.8128760e+06   3.5522461e+01
   1.8136750e+06   4.4799805e+01
   1.8222390e+06   4.2602539e+01
   1.8265500e+06   4.3457031e+01
   1.8328450e+06   4.3334961e+01
   1.8377140e+06   4.1076660e+01
   1.8468170e+06   4.5043945e+01
   1.8516780e+06   3.9489746e+01
   1.8586360e+06   3.7658691e+01
   1.8614910e+06   4.0710449e+01
   1.8651640e+06   4.6386719e+01
   1.8708070e+06   5.4077148e+01
   1.8769880e+06   5.7739258e+01
   1.8840900e+06   4.2419434e+01
   1.8896500e+06   4.3518066e+01
   1.8940320e+06   3.6254883e+01
   1.8981760e+06   4.4738770e+01
   1.9037580e+06   4.3579102e+01
   1.9107870e+06   4.8400879e+01
   1.9128970e+06   3.9916992e+01
   1.9185170e+06   4.8828125e+01
   1.9239210e+06   3.9428711e+01
   1.9244130e+06   4.4128418e+01
   1.9322400e+06   3.8635254e+01
   1.9428750e+06   5.2917480e+01
   1.9484040e+06   4.5654297e+01
   1.9521690e+06   4.2419434e+01
   1.9561720e+06   3.7414551e+01
   1.9670990e+06   4.5349121e+01
   1.9697640e+06   4.1564941e+01
   1.9796420e+06   3.5644531e+01
   1.9802770e+06   4.7424316e+01
   1.9920680e+06   5.1025391e+01
   1.9937870e+06   4.5959473e+01
   2.0019610e+06   4.4982910e+01
   2.0032730e+06   4.2175293e+01
   2.0182760e+06   4.2846680e+01
   2.0236590e+06   4.5043945e+01
   2.0326910e+06   3.6865234e+01
   2.0396430e+06   4.1320801e+01
   2.0606770e+06   3.6987305e+01
   2.0681090e+06   3.8269043e+01
   2.0699510e+06   4.0588379e+01
   2.0704100e+06   3.6682129e+01
   2.0705830e+06   4.2480469e+01
   2.0712540e+06   3.6621094e+01
   2.0722210e+06   3.7597656e+01
   2.0769800e+06   4.4067383e+01
   2.0804860e+06   3.6987305e+01
   2.0813680e+06   3.9306641e+01
   2.0818690e+06   3.7536621e+01
   2.0828570e+06   3.6437988e+01
   2.0830620e+06   3.6621094e+01
   2.0840160e+06   3.7414551e+01
   2.0875320e+06   3.8391113e+01
   2.0895790e+06   4.9743652e+01
   2.0918500e+06   4.0954590e+01
   2.0926200e+06   3.6926270e+01
   2.0931320e+06   4.2297363e+01
   2.0947530e+06   3.8269043e+01
   2.0956130e+06   4.9865723e+01
   2.0985550e+06   3.6254883e+01
   2.1038890e+06   3.8696289e+01
   2.1050190e+06   3.8635254e+01
   2.1063960e+06   3.9611816e+01
   2.1244090e+06   3.9672852e+01
   2.1264620e+06   3.7536621e+01
   2.1272560e+06   3.9428711e+01
   2.1330730e+06   5.4382324e+01
   2.1366310e+06   5.1391602e+01
   2.1438990e+06   4.0283203e+01
   2.1468720e+06   3.9672852e+01
   2.1513200e+06   4.5104980e+01
   2.1632190e+06   3.9245605e+01
   2.1726690e+06   4.6386719e+01
   2.1796410e+06   4.2480469e+01
   2.1866970e+06   4.3395996e+01
   2.1894080e+06   3.8757324e+01
   2.1905620e+06   4.2968750e+01
   2.1979670e+06   3.9489746e+01
   2.1999840e+06   5.1452637e+01
   2.2116810e+06   4.1931152e+01
   2.2157600e+06   4.2480469e+01
   2.2183540e+06   4.5471191e+01
   2.2257910e+06   4.4738770e+01
   2.2389840e+06   4.9194336e+01
   2.2408440e+06   4.8461914e+01
   2.2475070e+06   5.1025391e+01
   2.2481640e+06   4.1259766e+01
   2.2484240e+06   4.3457031e+01
   2.2604170e+06   4.4616699e+01
   2.2726670e+06   4.2236328e+01
   2.2751180e+06   4.0649414e+01
   2.2841880e+06   5.2368164e+01
   2.2908980e+06   4.0222168e+01
   2.2982200e+06   4.0710449e+01
   2.3008350e+06   4.0527344e+01
   2.3072890e+06   3.8574219e+01
   2.3154480e+06   3.9672852e+01
   2.3245520e+06   4.6447754e+01
   2.3295590e+06   4.8339844e+01
   2.3323700e+06   4.7851562e+01
   2.3372240e+06   4.6875000e+01
   2.3409380e+06   4.1442871e+01
   2.3494460e+06   4.2602539e+01
   2.3542410e+06   4.4677734e+01
   2.3582720e+06   4.5532227e+01
   2.3613070e+06   4.3273926e+01
   2.3715950e+06   3.7414551e+01
   2.3749310e+06   4.7058105e+01
   2.3766960e+06   4.6813965e+01
   2.3917630e+06   4.0405273e+01
   2.3925700e+06   3.9916992e+01
   2.3933410e+06   3.5827637e+01
   2.4033520e+06   4.0649414e+01
   2.4074780e+06   4.4128418e+01
   2.4097320e+06   4.3151855e+01
   2.4157850e+06   5.0354004e+01
   2.4231420e+06   4.5104980e+01
   2.4245410e+06   5.3894043e+01
   2.4338090e+06   3.8879395e+01
   2.4349480e+06   3.7170410e+01
   2.4409130e+06   5.4809570e+01
   2.4518640e+06   4.2663574e+01
   2.4633650e+06   5.4138184e+01
   2.4662260e+06   4.7119141e+01
   2.4689900e+06   3.9184570e+01
   2.4706920e+06   3.7414551e+01
   2.4747460e+06   3.7109375e+01
   2.4819090e+06   5.0109863e+01
   2.4887030e+06   4.9194336e+01
   2.4955480e+06   4.8461914e+01
   2.5008570e+06   5.0476074e+01
   2.5135880e+06   5.4870605e+01
   2.5301200e+06   4.2297363e+01
   2.5434470e+06   4.8706055e+01
   2.5464340e+06   4.3518066e+01
   2.5505640e+06   3.6499023e+01
   2.5570200e+06   4.7668457e+01
   2.5640200e+06   3.9611816e+01
   2.5752030e+06   3.9489746e+01
   2.5825350e+06   4.1320801e+01
   2.5876480e+06   4.6997070e+01
   2.5934890e+06   4.2602539e+01
   2.5959970e+06   5.4504395e+01
   2.6020070e+06   3.9489746e+01
   2.6085370e+06   3.6865234e+01
   2.6251810e+06   4.5471191e+01
   2.6400670e+06   3.6560059e+01
   2.6438500e+06   5.5603027e+01
   2.6507920e+06   4.0283203e+01
   2.6544710e+06   4.7851563e+01
   2.6566820e+06   3.5522461e+01
   2.6623110e+06   4.1076660e+01
   2.6627460e+06   4.1564941e+01
   2.6631880e+06   4.2175293e+01
   2.6640240e+06   4.1992188e+01
   2.6814800e+06   3.7536621e+01
   2.6827230e+06   4.0771484e+01
   2.6842310e+06   3.7231445e+01
   2.6857200e+06   3.8879395e+01
   2.6908610e+06   4.6813965e+01
   2.7036420e+06   5.3344727e+01
   2.7041730e+06   4.4555664e+01
   2.7123390e+06   4.5654297e+01
   2.7304010e+06   4.2297363e+01
   2.7377410e+06   4.8034668e+01
   2.7401190e+06   5.4199219e+01
   2.7449620e+06   5.2124023e+01
   2.7466410e+06   3.7475586e+01
   2.7592310e+06   4.3701172e+01
   2.7642580e+06   4.6325684e+01
   2.7712530e+06   4.7119141e+01
   2.7734500e+06   5.0292969e+01
   2.7882170e+06   4.2114258e+01
   2.7892410e+06   4.1931152e+01
   2.7968860e+06   4.0283203e+01
   2.8157010e+06   5.0842285e+01
   2.8179850e+06   4.6142578e+01
   2.8302380e+06   4.4494629e+01
   2.8510190e+06   4.2602539e+01
   2.8562840e+06   3.9794922e+01
   2.8620610e+06   4.1748047e+01
   2.8669100e+06   4.0466309e+01
   2.8698750e+06   3.9123535e+01
   2.8866640e+06   4.5654297e+01
   2.8925330e+06   4.3151855e+01
   2.8974210e+06   4.9316406e+01
   2.8975300e+06   4.1870117e+01
   2.8977560e+06   3.7353516e+01
   2.8986190e+06   4.3579102e+01
   2.9026110e+06   3.5888672e+01
   2.9061320e+06   4.1442871e+01
   2.9097730e+06   4.1381836e+01
   2.9308500e+06   3.9306641e+01
   2.9336450e+06   3.9550781e+01
   2.9342410e+06   4.5410156e+01
   2.9466360e+06   4.8095703e+01
   2.9551900e+06   3.7536621e+01
   2.9632890e+06   4.9316406e+01
   2.9641220e+06   4.0710449e+01
   2.9750190e+06   4.2175293e+01
   2.9758670e+06   4.6875000e+01
   2.9827760e+06   3.5766602e+01
   2.9917100e+06   4.7180176e+01
   2.9956950e+06   3.9794922e+01
   3.0066850e+06   4.4250488e+01
   3.0124050e+06   4.4372559e+01
   3.0234750e+06   4.6630859e+01
   3.0278110e+06   4.2053223e+01
   3.0290690e+06   3.9245605e+01
   3.0376860e+06   4.1870117e+01
   3.0384760e+06   3.9062500e+01
   3.0429770e+06   5.0415039e+01
   3.0452620e+06   3.8269043e+01
   3.0531060e+06   3.7353516e+01
   3.0546850e+06   4.8522949e+01
   3.0661890e+06   4.6447754e+01
   3.0787350e+06   3.8818359e+01
   3.0837870e+06   3.8391113e+01
   3.0884140e+06   4.9743652e+01
   3.0893730e+06   3.6193848e+01
   3.1017800e+06   4.2358398e+01
   3.1022890e+06   5.0842285e+01
   3.1046200e+06   4.8889160e+01
   3.1054100e+06   3.9184570e+01
   3.1065720e+06   4.3884277e+01
   3.1068440e+06   3.9978027e+01
   3.1071370e+06   3.6376953e+01
   3.1074270e+06   3.9978027e+01
   3.1092120e+06   4.1870117e+01
   3.1165410e+06   3.9245605e+01
   3.1176950e+06   4.0039062e+01
   3.1179650e+06   3.8024902e+01
   3.1239350e+06   4.1931152e+01
   3.1245180e+06   3.6804199e+01
   3.1390020e+06   3.6010742e+01
   3.1438940e+06   4.2297363e+01
   3.1465790e+06   3.6926270e+01
   3.1492710e+06   3.7353516e+01
   3.1508790e+06   3.5949707e+01
   3.1538420e+06   4.3884277e+01
   3.1559200e+06   4.3823242e+01
   3.1605110e+06   3.7597656e+01
   3.1698030e+06   4.5410156e+01
   3.1705420e+06   4.3151855e+01
   3.1766540e+06   4.8095703e+01
   3.1896400e+06   4.5532227e+01
   3.1928840e+06   4.3273926e+01
   3.1992960e+06   3.9489746e+01
   3.2011650e+06   4.8156738e+01
   3.2026180e+06   3.5583496e+01
   3.2036110e+06   4.2541504e+01
   3.2047910e+06   3.9001465e+01
   3.2103590e+06   3.8024902e+01
   3.2145700e+06   4.1381836e+01
   3.2150940e+06   4.1503906e+01
   3.2170070e+06   4.9072266e+01
   3.2224000e+06   4.0161133e+01
   3.2321490e+06   4.1320801e+01
   3.2398670e+06   4.1748047e+01
   3.2425880e+06   3.6804199e+01
   3.2434400e+06   4.1320801e+01
   3.2484620e+06   3.6560059e+01
   3.2504920e+06   3.5766602e+01
   3.2580570e+06   3.8146973e+01
   3.2629620e+06   3.5888672e+01
   3.2731470e+06   3.9550781e+01
   3.2782390e+06   4.4799805e+01
   3.2786990e+06   5.5114746e+01
   3.2838940e+06   4.2541504e+01
   3.2920060e+06   4.1809082e+01
   3.2947310e+06   4.6264648e+01
   3.2984910e+06   4.6691895e+01
   3.3020760e+06   4.8583984e+01
   3.3088980e+06   5.3466797e+01
   3.3171300e+06   4.1564941e+01
   3.3216710e+06   4.1503906e+01
   3.3241190e+06   3.6560059e+01
   3.3326200e+06   3.9123535e+01
   3.3358620e+06   3.6010742e+01
   3.3508670e+06   4.0222168e+01
   3.3541390e+06   4.1992188e+01
   3.3562290e+06   5.3527832e+01
   3.3584540e+06   4.0649414e+01
   3.3638010e+06   3.5705566e+01
   3.3750460e+06   4.9438477e+01
   3.3795900e+06   3.6682129e+01
   3.3820400e+06   3.7231445e+01
   3.3919050e+06   3.9001465e+01
   3.4006840e+06   4.1931152e+01
   3.4070290e+06   4.1076660e+01
   3.4080790e+06   4.5654297e+01
   3.4244250e+06   4.8278809e+01
   3.4261030e+06   3.7963867e+01
   3.4332570e+06   3.7902832e+01
   3.4341980e+06   4.0344238e+01
   3.4362450e+06   3.9733887e+01
   3.4413090e+06   3.7231445e+01
   3.4468880e+06   4.8339844e+01
   3.4482760e+06   3.9123535e+01
   3.4619970e+06   3.6437988e+01
   3.4635370e+06   4.9255371e+01
   3.4655380e+06   4.1381836e+01
   3.4714590e+06   3.6865234e+01
   3.4757300e+06   4.6630859e+01
   3.4838220e+06   4.1137695e+01
   3.4902600e+06   4.1748047e+01
   3.4964540e+06   4.7668457e+01
   3.4978580e+06   4.3701172e+01
   3.5048510e+06   4.5104980e+01
   3.5058420e+06   3.6315918e+01
   3.5063840e+06   3.8879395e+01
   3.5088320e+06   4.1503906e+01
   3.5178190e+06   4.4494629e+01
   3.5220100e+06   5.0476074e+01
   3.5240570e+06   4.5349121e+01
   3.5303010e+06   4.9316406e+01
   3.5336060e+06   3.7963867e+01
   3.5366650e+06   4.5898437e+01
   3.5379420e+06   3.7353516e+01
   3.5537250e+06   4.4677734e+01
   3.5542280e+06   4.0283203e+01
   3.5548720e+06   3.6926270e+01
   3.5626770e+06   4.1503906e+01
   3.5676650e+06   3.6254883e+01
   3.5684750e+06   3.8879395e+01
   3.5726020e+06   5.3161621e+01
   3.5729760e+06   4.4067383e+01
   3.5874250e+06   4.5410156e+01
   3.5951430e+06   4.1259766e+01
   3.6011970e+06   4.1625977e+01
   3.6019020e+06   4.4128418e+01
   3.6118650e+06   4.6020508e+01
   3.6270520e+06   4.8461914e+01
   3.6322720e+06   4.7058105e+01
   3.6345050e+06   3.9489746e+01
   3.6584640e+06   4.3395996e+01
   3.6619180e+06   4.0344238e+01
   3.6667480e+06   3.7902832e+01
   3.6695450e+06   4.0161133e+01
   3.6700630e+06   3.5583496e+01
   3.6806670e+06   4.3640137e+01
   3.6901730e+06   3.7414551e+01
   3.6955480e+06   4.6569824e+01
   3.7200600e+06   4.0771484e+01
   3.7319110e+06   3.7902832e+01
   3.7356610e+06   4.4250488e+01
   3.7456810e+06   3.9733887e+01
   3.7462470e+06   3.6499023e+01
   3.7483470e+06   4.3457031e+01
   3.7528780e+06   4.0832520e+01
   3.7577290e+06   4.2419434e+01
   3.7716050e+06   4.5349121e+01
   3.7726690e+06   4.5227051e+01
   3.7801160e+06   4.6203613e+01
   3.7902680e+06   4.8339844e+01
   3.7941220e+06   3.7414551e+01
   3.8021310e+06   5.2185059e+01
   3.8083160e+06   4.6813965e+01
   3.8224480e+06   4.8400879e+01
   3.8280830e+06   4.1015625e+01
   3.8288750e+06   4.9560547e+01
   3.8385870e+06   3.8879395e+01
   3.8394570e+06   4.6325684e+01
   3.8462640e+06   4.4006348e+01
   3.8529660e+06   3.6560059e+01
   3.8540460e+06   5.4077148e+01
   3.8654140e+06   4.1931152e+01
   3.8669210e+06   3.5888672e+01
   3.8704970e+06   4.4067383e+01
   3.8717930e+06   3.6682129e+01
   3.8729040e+06   3.7780762e+01
   3.8755500e+06   3.7109375e+01
   3.8822520e+06   4.4677734e+01
   3.8847560e+06   4.1015625e+01
   3.8864640e+06   3.8269043e+01
   3.8914540e+06   4.6325684e+01
   3.8982810e+06   4.1992188e+01
   3.9043500e+06   4.2358398e+01
   3.9048310e+06   3.6621094e+01
   3.9208320e+06   4.2602539e+01
   3.9266020e+06   4.7180176e+01
   3.9285900e+06   3.5644531e+01
   3.9291030e+06   3.5766602e+01
   3.9299800e+06   3.5644531e+01
   3.9316740e+06   4.1687012e+01
   3.9319610e+06   3.9184570e+01
   3.9355030e+06   3.5827637e+01
   3.9390080e+06   3.9794922e+01
   3.9415470e+06   3.8513184e+01
   3.9416680e+06   3.6743164e+01
   3.9488300e+06   3.9916992e+01
   3.9558990e+06   4.6813965e+01
   3.9579110e+06   3.9367676e+01
   3.9599640e+06   4.0771484e+01
   3.9603850e+06   3.6437988e+01
   3.9616240e+06   4.1442871e+01
   3.9620150e+06   4.0466309e+01
   3.9641060e+06   3.6743164e+01
   3.9652600e+06   4.2785645e+01
   3.9690150e+06   3.8818359e+01
   3.9730280e+06   3.9855957e+01
   3.9764640e+06   3.7658691e+01
   3.9777280e+06   3.8330078e+01
   3.9784350e+06   4.1198730e+01
   3.9803600e+06   3.8208008e+01
   3.9823370e+06   3.7048340e+01
   3.9830840e+06   3.8146973e+01
   3.9874220e+06   4.0100098e+01
   3.9918880e+06   3.6376953e+01
   3.9928320e+06   3.5949707e+01
   4.0029960e+06   5.0537109e+01
   4.0049600e+06   4.0527344e+01
   4.0098700e+06   3.8208008e+01
   4.0163400e+06   4.1076660e+01
   4.0195870e+06   3.9794922e+01
   4.0219120e+06   3.8085938e+01
   4.0226200e+06   4.2602539e+01
   4.0266860e+06   3.8269043e+01
   4.0349500e+06   3.6010742e+01
   4.0441350e+06   4.0405273e+01
   4.0446540e+06   3.9855957e+01
   4.0458660e+06   4.5043945e+01
   4.0464850e+06   4.4189453e+01
   4.0476340e+06   3.6193848e+01
   4.0560720e+06   3.5827637e+01
   4.0567200e+06   4.1137695e+01
   4.0593680e+06   3.9733887e+01
   4.0633890e+06   4.9621582e+01
   4.0666670e+06   4.3151855e+01
   4.0715400e+06   4.5349121e+01
   4.0810060e+06   4.4433594e+01
   4.0831520e+06   5.1513672e+01
   4.0840070e+06   3.8391113e+01
   4.0846360e+06   4.3884277e+01
   4.0888670e+06   3.8330078e+01
   4.0894610e+06   4.3395996e+01
   4.0937310e+06   4.1687012e+01
   4.0960020e+06   4.5959473e+01
   4.0978690e+06   4.0222168e+01
   4.1077170e+06   4.7790527e+01
   4.1122050e+06   3.9184570e+01
   4.1133790e+06   5.5419922e+01
   4.1141940e+06   3.5583496e+01
   4.1299720e+06   4.4311523e+01
   4.1314350e+06   5.1757812e+01
   4.1372790e+06   3.9123535e+01
   4.1497700e+06   3.8940430e+01
   4.1532100e+06   4.2236328e+01
   4.1541730e+06   4.0344238e+01
   4.1646190e+06   4.3395996e+01
   4.1671380e+06   4.4982910e+01
   4.1768810e+06   4.2053223e+01
   4.1924230e+06   4.1625977e+01
   4.1950000e+06   3.9916992e+01
   4.2069430e+06   4.2663574e+01
   4.2091450e+06   4.8217773e+01
   4.2293960e+06   4.8522949e+01
   4.2351080e+06   4.8828125e+01
   4.2387210e+06   4.2419434e+01
   4.2457480e+06   5.1086426e+01
   4.2566960e+06   4.9316406e+01
   4.2588420e+06   4.2297363e+01
   4.2724560e+06   4.3090820e+01
   4.2830380e+06   4.2236328e+01
   4.2836250e+06   3.8146973e+01
   4.2953930e+06   3.7292480e+01
   4.2981750e+06   4.8339844e+01
   4.3063260e+06   4.5471191e+01
   4.3118710e+06   4.4738770e+01
   4.3139180e+06   3.9123535e+01
   4.3193820e+06   4.2297363e+01
   4.3299330e+06   4.2175293e+01
   4.3625020e+06   4.4433594e+01
   4.3652720e+06   4.0527344e+01
   4.3658810e+06   4.5532227e+01
   4.3696920e+06   4.4067383e+01
   4.4080970e+06   4.6569824e+01
   4.4121970e+06   4.4128418e+01
   4.4206150e+06   4.0710449e+01
   4.4310960e+06   3.7231445e+01
   4.4347440e+06   4.1137695e+01
   4.4350210e+06   3.6376953e+01
   4.4350950e+06   4.1015625e+01
   4.4422840e+06   4.4494629e+01
   4.4488180e+06   4.3457031e+01
   4.4503110e+06   4.6691895e+01
   4.4587750e+06   4.7119141e+01
   4.4592270e+06   3.8146973e+01
   4.4632230e+06   4.1442871e+01
   4.4658230e+06   4.3029785e+01
   4.4659460e+06   3.7719727e+01
   4.4711340e+06   3.8879395e+01
   4.4894880e+06   4.0039062e+01
   4.4899620e+06   3.8269043e+01
   4.4904050e+06   3.5888672e+01
   4.4911020e+06   3.6743164e+01
   4.4920260e+06   3.7292480e+01
   4.5016960e+06   3.6987305e+01
   4.5191550e+06   3.8085938e+01
   4.5206940e+06   4.1625977e+01
   4.5219790e+06   3.5705566e+01
   4.5226490e+06   3.6071777e+01
   4.5273480e+06   3.6987305e+01
   4.5317220e+06   3.7353516e+01
   4.5330500e+06   4.2846680e+01
   4.5453370e+06   3.6804199e+01
   4.5608100e+06   4.2114258e+01
   4.5632890e+06   4.8278809e+01
   4.5656530e+06   3.8024902e+01
   4.5751130e+06   4.0954590e+01
   4.5766620e+06   3.5766602e+01
   4.5822420e+06   3.6193848e+01
   4.5900840e+06   4.5776367e+01
   4.5909070e+06   4.0771484e+01
   4.5941540e+06   4.1564941e+01
   4.5984400e+06   4.9011230e+01
   4.5995150e+06   4.2175293e+01
   4.6016650e+06   3.7414551e+01
   4.6022350e+06   4.1259766e+01
   4.6030370e+06   3.7719727e+01
   4.6130000e+06   4.0161133e+01
   4.6250640e+06   3.7109375e+01
   4.6334730e+06   4.3334961e+01
   4.6372930e+06   3.8452148e+01
   4.6418920e+06   4.7790527e+01
   4.6599350e+06   4.3090820e+01
   4.6636910e+06   4.4616699e+01
   4.6659900e+06   3.9123535e+01
   4.6667370e+06   3.6987305e+01
   4.6721230e+06   4.3029785e+01
   4.6753130e+06   4.7058105e+01
   4.6761220e+06   4.1076660e+01
   4.6931550e+06   4.0405273e+01
   4.6939800e+06   3.9855957e+01
   4.6949210e+06   4.0283203e+01
   4.6957710e+06   3.8085938e+01
   4.6968120e+06   3.8452148e+01
   4.7113400e+06   3.6193848e+01
   4.7172020e+06   4.0039062e+01
   4.7242850e+06   5.1391602e+01
   4.7273290e+06   4.4677734e+01
   4.7284300e+06   3.9794922e+01
   4.7296980e+06   4.0710449e+01
   4.7310810e+06   4.3518066e+01
   4.7348290e+06   3.8574219e+01
   4.7524010e+06   4.0405273e+01
   4.7552500e+06   4.3701172e+01
   4.7559480e+06   3.6865234e+01
   4.7567220e+06   3.7475586e+01
   4.7584100e+06   4.4006348e+01
   4.7596630e+06   4.0588379e+01
   4.7610590e+06   4.0466309e+01
   4.7792390e+06   4.5837402e+01
   4.8138120e+06   4.2358398e+01
   4.8149590e+06   4.2785645e+01
   4.8262200e+06   4.5227051e+01
   4.8409320e+06   4.4860840e+01
   4.8576470e+06   4.5837402e+01
   4.8739910e+06   3.9001465e+01
   4.8959150e+06   4.1503906e+01
   4.9040610e+06   4.2724609e+01
   4.9139690e+06   5.2001953e+01
   4.9294400e+06   3.5888672e+01
   4.9433460e+06   4.4311523e+01
   4.9509550e+06   4.2968750e+01
   4.9612150e+06   5.0415039e+01
   4.9751940e+06   4.2663574e+01
   4.9764040e+06   4.0954590e+01
   4.9778860e+06   4.0588379e+01
   4.9953570e+06   3.6071777e+01
   5.0007570e+06   4.2053223e+01
   5.0033560e+06   4.6569824e+01
   5.0149550e+06   4.2846680e+01
   5.0293370e+06   4.6936035e+01
   5.0412400e+06   4.0405273e+01
   5.0469780e+06   4.6386719e+01
   5.0528550e+06   4.4067383e+01
   5.0534770e+06   4.2724609e+01
   5.0594310e+06   5.5053711e+01
   5.0776660e+06   3.7597656e+01
   5.1196970e+06   4.3334961e+01
   5.1203180e+06   4.7424316e+01
   5.1341770e+06   5.1513672e+01
   5.1450510e+06   3.8574219e+01
   5.1487400e+06   4.4555664e+01
   5.1496390e+06   4.1198730e+01
   5.1505350e+06   3.7353516e+01
   5.1541700e+06   4.4921875e+01
   5.1631930e+06   4.7973633e+01
   5.1787730e+06   3.6865234e+01
   5.1810210e+06   4.6752930e+01
   5.1867600e+06   4.2724609e+01
   5.1923410e+06   4.6447754e+01
   5.2050330e+06   4.7180176e+01
   5.2159890e+06   3.9001465e+01
   5.2261430e+06   4.1320801e+01
   5.2415940e+06   4.1259766e+01
   5.2420640e+06   4.0527344e+01
   5.2511450e+06   4.6264648e+01
   5.2582440e+06   4.1625977e+01
   5.2664600e+06   5.5786133e+01
   5.2847820e+06   4.9011230e+01
   5.2853060e+06   3.6926270e+01
   5.3056010e+06   5.1269531e+01
   5.3120030e+06   3.6193848e+01
   5.3172530e+06   4.1564941e+01
   5.3196120e+06   4.6142578e+01
   5.3263490e+06   4.1503906e+01
   5.3269270e+06   4.2907715e+01
   5.3465400e+06   5.7495117e+01
   5.3702140e+06   3.7597656e+01
   5.3727320e+06   4.0466309e+01
   5.3728790e+06   4.4494629e+01
   5.3742710e+06   3.6804199e+01
   5.3750480e+06   3.7719727e+01
   5.3752440e+06   3.7109375e+01
   5.3756480e+06   4.2968750e+01
   5.3760740e+06   3.7414551e+01
   5.3836290e+06   4.4860840e+01
   5.3853680e+06   4.1198730e+01
   5.3995920e+06   4.7119141e+01
   5.4034070e+06   4.3029785e+01
   5.4098790e+06   4.0222168e+01
   5.4134470e+06   3.9123535e+01
   5.4147990e+06   4.6020508e+01
   5.4180150e+06   4.2114258e+01
   5.4189320e+06   3.9916992e+01
   5.4190740e+06   3.6437988e+01
   5.4192740e+06   3.6193848e+01
   5.4201650e+06   3.7170410e+01
   5.4315590e+06   4.1137695e+01
   5.4321260e+06   3.8269043e+01
   5.4390410e+06   4.1259766e+01
   5.4412190e+06   5.0292969e+01
   5.4438590e+06   4.5715332e+01
   5.4444020e+06   4.3273926e+01
   5.4450350e+06   3.5949707e+01
   5.4474600e+06   3.6254883e+01
   5.4626780e+06   3.5522461e+01
   5.4654770e+06   3.5949707e+01
   5.4758130e+06   3.9428711e+01
   5.4763800e+06   3.7475586e+01
   5.4777710e+06   4.7668457e+01
   5.4811730e+06   3.7597656e+01
   5.4878810e+06   3.6560059e+01
   5.4926980e+06   4.3457031e+01
   5.4953310e+06   4.3090820e+01
   5.5137320e+06   4.6813965e+01
   5.5140700e+06   4.3334961e+01
   5.5152630e+06   4.2053223e+01
   5.5155750e+06   3.6193848e+01
   5.5169300e+06   3.7536621e+01
   5.5287700e+06   4.3395996e+01
   5.5399670e+06   5.2795410e+01
   5.5743490e+06   4.6142578e+01
   5.5891760e+06   4.2846680e+01
   5.5989720e+06   4.0771484e+01
   5.6127900e+06   4.2053223e+01
   5.6159610e+06   3.9916992e+01
   5.6182230e+06   3.6499023e+01
   5.6353780e+06   4.1320801e+01
   5.6564730e+06   5.0048828e+01
   5.6593980e+06   3.7963867e+01
   5.6782170e+06   4.9682617e+01
   5.6793800e+06   3.6926270e+01
   5.6932280e+06   4.4494629e+01
   5.7052780e+06   3.6987305e+01
   5.7090890e+06   3.9489746e+01
   5.7098730e+06   3.6315918e+01
   5.7184740e+06   4.2114258e+01
   5.7237970e+06   4.4860840e+01
   5.7318090e+06   3.8940430e+01
   5.7349630e+06   4.3029785e+01
   5.7385480e+06   5.0231934e+01
   5.7558720e+06   4.6569824e+01
   5.7723850e+06   3.9733887e+01
   5.7992050e+06   3.5949707e+01
   5.8058390e+06   4.6691895e+01
   5.8214950e+06   4.4372559e+01
   5.8226850e+06   4.0222168e+01
   5.8429770e+06   4.4006348e+01
   5.8484260e+06   3.7780762e+01
   5.8654710e+06   5.1818848e+01
   5.8786630e+06   4.0283203e+01
   5.8798350e+06   4.7058105e+01
   5.8892610e+06   4.4494629e+01
   5.8923220e+06   4.2236328e+01
   5.9264380e+06   3.6560059e+01
   5.9279890e+06   3.8635254e+01
   5.9296420e+06   4.0527344e+01
   5.9300460e+06   3.9184570e+01
   5.9404100e+06   4.1442871e+01
   5.9409110e+06   3.7353516e+01
   5.9410290e+06   4.2175293e+01
   5.9416040e+06   4.0649414e+01
   5.9418940e+06   4.0466309e+01
   5.9509370e+06   4.2175293e+01
   5.9523730e+06   3.9184570e+01
   5.9613310e+06   4.4982910e+01
   5.9710470e+06   4.8400879e+01
   5.9875970e+06   4.8767090e+01
   5.9906390e+06   4.0344238e+01
   5.9942770e+06   3.7963867e+01
   6.0005780e+06   3.7170410e+01
   6.0065480e+06   4.4067383e+01
   6.0086370e+06   3.7292480e+01
   6.0411530e+06   5.6030273e+01
   6.0470040e+06   4.7058105e+01
   6.0501190e+06   4.5227051e+01
   6.0611060e+06   4.8645020e+01
   6.0617890e+06   4.5715332e+01
   6.0633840e+06   4.2724609e+01
   6.0636550e+06   3.5827637e+01
   6.0737880e+06   4.3823242e+01
   6.0760590e+06   4.2724609e+01
   6.0897710e+06   4.8156738e+01
   6.0933570e+06   3.9184570e+01
   6.1048280e+06   4.7058105e+01
   6.1170550e+06   4.8095703e+01
   6.1262080e+06   4.5288086e+01
   6.1333300e+06   4.1442871e+01
   6.1532940e+06   5.2917480e+01
   6.1605580e+06   3.5949707e+01
   6.1630920e+06   3.8452148e+01
   6.1734020e+06   4.1198730e+01
   6.2086700e+06   4.2724609e+01
   6.2110150e+06   4.6081543e+01
   6.2232150e+06   3.7902832e+01
   6.2348020e+06   4.0039062e+01
   6.2359960e+06   4.7790527e+01
   6.2424500e+06   4.6508789e+01
   6.2553840e+06   4.6752930e+01
   6.2590650e+06   4.3945313e+01
   6.2600420e+06   3.8574219e+01
   6.2651230e+06   4.5043945e+01
   6.2749340e+06   4.7180176e+01
   6.2757040e+06   4.6081543e+01
   6.2779690e+06   5.2612305e+01
   6.2938090e+06   3.8574219e+01
   6.3022720e+06   4.1748047e+01
   6.3036500e+06   4.3273926e+01
   6.3522340e+06   5.3344727e+01
   6.3559530e+06   3.6254883e+01
   6.3653830e+06   5.1940918e+01
   6.3660220e+06   4.0100098e+01
   6.3668320e+06   3.8391113e+01
   6.3671350e+06   3.5766602e+01
   6.3672200e+06   3.9001465e+01
   6.3770500e+06   4.5593262e+01
   6.3789520e+06   3.9672852e+01
   6.3878160e+06   4.1259766e+01
   6.3898130e+06   4.0771484e+01
   6.4044700e+06   4.1809082e+01
   6.4050700e+06   4.3457031e+01
   6.4069570e+06   4.3579102e+01
   6.4117060e+06   4.4494629e+01
   6.4135450e+06   3.6071777e+01
   6.4205630e+06   4.7119141e+01
   6.4270130e+06   4.7790527e+01
   6.4375960e+06   4.2358398e+01
   6.4383550e+06   4.6569824e+01
   6.4521250e+06   4.2968750e+01
   6.4535240e+06   3.7048340e+01
   6.4605040e+06   3.7292480e+01
   6.4610800e+06   4.3457031e+01
   6.4722000e+06   3.6193848e+01
   6.4752800e+06   3.8391113e+01
   6.4894030e+06   5.4565430e+01
   6.5060500e+06   3.5888672e+01
   6.5079740e+06   4.4555664e+01
   6.5175130e+06   4.4006348e+01
   6.5262220e+06   4.6691895e+01
   6.5433620e+06   4.1809082e+01
   6.5452450e+06   4.5715332e+01
   6.5549320e+06   4.3884277e+01
   6.5853230e+06   4.1015625e+01
   6.5989870e+06   4.0771484e+01
   6.6002540e+06   4.6264648e+01
   6.6012540e+06   4.0222168e+01
   6.6303790e+06   3.9611816e+01
   6.6526610e+06   3.9123535e+01
   6.6776260e+06   3.8208008e+01
   6.6798700e+06   3.7048340e+01
   6.7006610e+06   4.4372559e+01
   6.7170910e+06   4.5715332e+01
   6.7254670e+06   4.4433594e+01
   6.7385810e+06   4.5471191e+01
   6.7393280e+06   4.6020508e+01
   6.7543810e+06   4.8034668e+01
   6.7610570e+06   4.2053223e+01
   6.7684170e+06   4.0893555e+01
   6.7755530e+06   3.7292480e+01
   6.7766220e+06   3.8024902e+01
   6.7966990e+06   5.3344727e+01
   6.8114780e+06   4.6020508e+01
   6.8205920e+06   4.0100098e+01
   6.8252920e+06   5.4931641e+01
   6.8321690e+06   4.0344238e+01
   6.8351850e+06   4.7058105e+01
   6.8362070e+06   3.7719727e+01
   6.8429840e+06   4.8217773e+01
   6.8543570e+06   4.2297363e+01
   6.8621660e+06   4.5532227e+01
   6.8717730e+06   4.2541504e+01
   6.8836760e+06   3.9062500e+01
   6.8933220e+06   5.1879883e+01
   6.8962550e+06   4.1442871e+01
   6.8972470e+06   5.1269531e+01
   6.9073520e+06   3.7719727e+01
   6.9220370e+06   4.4311523e+01
   6.9429730e+06   5.1757813e+01
   6.9504580e+06   4.2785645e+01
   6.9512570e+06   4.0344238e+01
   6.9519460e+06   3.7841797e+01
   6.9540790e+06   4.5288086e+01
   6.9624180e+06   3.9978027e+01
   6.9637980e+06   4.7485352e+01
   6.9688030e+06   3.6132812e+01
   6.9758010e+06   4.1625977e+01
   6.9793490e+06   3.6376953e+01
   6.9884870e+06   5.7434082e+01
   6.9921560e+06   4.7485352e+01
   6.9926590e+06   4.6264648e+01
   6.9932630e+06   3.7597656e+01
   6.9941220e+06   3.9794922e+01
   6.9949420e+06   4.1198730e+01
   6.9994750e+06   3.8269043e+01
   7.0032710e+06   3.5644531e+01
   7.0054430e+06   3.8146973e+01
   7.0067120e+06   4.9560547e+01
   7.0174750e+06   4.4494629e+01
   7.0347200e+06   5.1757812e+01
   7.0356130e+06   3.8452148e+01
   7.0538030e+06   4.6020508e+01
   7.0653390e+06   3.5949707e+01
   7.0726650e+06   5.6335449e+01
   7.0829590e+06   4.1809082e+01
   7.0838470e+06   4.1687012e+01
   7.0907220e+06   3.8513184e+01
   7.0923910e+06   4.7485352e+01
   7.1023900e+06   4.4494629e+01
   7.1093520e+06   4.5227051e+01
   7.1239530e+06   4.3029785e+01
   7.1515220e+06   4.5471191e+01
   7.1677070e+06   4.7912598e+01
   7.1711190e+06   3.6315918e+01
   7.1861490e+06   5.1513672e+01
   7.1923580e+06   3.9733887e+01
   7.2125640e+06   3.5705566e+01
   7.2131000e+06   3.9855957e+01
   7.2272030e+06   3.9306641e+01
   7.2361040e+06   4.1381836e+01
   7.2378680e+06   4.5959473e+01
   7.2470690e+06   5.0476074e+01
   7.2487320e+06   3.5644531e+01
   7.2557730e+06   4.5410156e+01
   7.2597310e+06   4.7607422e+01
   7.2672780e+06   5.2368164e+01
   7.3070820e+06   4.6813965e+01
   7.3313830e+06   3.5644531e+01
   7.3351170e+06   4.2602539e+01
   7.3618930e+06   3.8513184e+01
   7.3841660e+06   3.5766602e+01
   7.3877230e+06   4.6508789e+01
   7.3880330e+06   4.0893555e+01
   7.3901980e+06   3.9794922e+01
   7.3903150e+06   3.6560059e+01
   7.4022260e+06   5.1879883e+01
   7.4136140e+06   3.9367676e+01
   7.4162250e+06   4.9377441e+01
   7.4315250e+06   4.6569824e+01
   7.4388570e+06   4.1564941e+01
   7.4397430e+06   3.6743164e+01
   7.4403730e+06   4.3945312e+01
   7.4643220e+06   4.6447754e+01
   7.4676630e+06   5.1818848e+01
   7.4707760e+06   3.7109375e+01
   7.4759880e+06   3.7414551e+01
   7.4784180e+06   4.7302246e+01
   7.4789540e+06   3.6621094e+01
   7.4955060e+06   5.5297852e+01
   7.4966710e+06   3.6743164e+01
   7.5132270e+06   5.2307129e+01
   7.5152130e+06   3.8879395e+01
   7.5274510e+06   5.6701660e+01
   7.5413640e+06   4.4616699e+01
   7.5440230e+06   4.5043945e+01
   7.5521980e+06   4.8583984e+01
   7.5537210e+06   4.1381836e+01
   7.5541630e+06   3.5522461e+01
   7.5994640e+06   4.5959473e+01
   7.6174210e+06   4.4738770e+01
   7.6217300e+06   4.4433594e+01
   7.6267700e+06   4.1748047e+01
   7.6376110e+06   4.9194336e+01
   7.6507880e+06   4.5166016e+01
   7.6516930e+06   4.3029785e+01
   7.6561380e+06   4.5043945e+01
   7.6571670e+06   3.5705566e+01
   7.6736510e+06   3.8574219e+01
   7.6782350e+06   5.0964355e+01
   7.6818350e+06   4.2541504e+01
   7.6896770e+06   4.9865723e+01
   7.6905340e+06   4.2297363e+01
   7.7032820e+06   4.2846680e+01
   7.7078730e+06   4.4494629e+01
   7.7203930e+06   3.6865234e+01
   7.7233270e+06   5.4199219e+01
   7.7241620e+06   4.6691895e+01
   7.7310410e+06   3.6071777e+01
   7.7329870e+06   3.7048340e+01
   7.7399440e+06   4.0893555e+01
   7.7465350e+06   4.2541504e+01
   7.7512270e+06   3.9428711e+01
   7.7552430e+06   3.9916992e+01
   7.7622670e+06   4.6752930e+01
   7.7799060e+06   5.5541992e+01
   7.7900650e+06   4.6264648e+01
   7.7917190e+06   4.1992188e+01
   7.7989130e+06   3.9916992e+01
   7.8266050e+06   4.5532227e+01
   7.8325070e+06   5.5419922e+01
   7.8407800e+06   4.6386719e+01
   7.8438450e+06   5.8593750e+01
   7.8480490e+06   3.9245605e+01
   7.8505820e+06   4.7241211e+01
   7.8538650e+06   4.3762207e+01
   7.8607860e+06   4.9804688e+01
   7.8644160e+06   5.2124023e+01
   7.8883980e+06   4.0405273e+01
   7.8920250e+06   4.5043945e+01
   7.9076600e+06   4.6936035e+01
   7.9175050e+06   4.0161133e+01
   7.9179990e+06   4.3212891e+01
   7.9380770e+06   4.3395996e+01
   7.9414370e+06   5.0476074e+01
   7.9517280e+06   3.6437988e+01
   7.9676140e+06   4.5715332e+01
   7.9762100e+06   4.2663574e+01
   7.9948510e+06   4.3579102e+01
   8.0041460e+06   4.9316406e+01
   8.0091720e+06   3.9489746e+01
   8.0118950e+06   3.9733887e+01
   8.0409110e+06   3.7902832e+01
   8.0437890e+06   4.9865723e+01
   8.0483050e+06   3.8818359e+01
   8.0569070e+06   3.8940430e+01
   8.0659880e+06   4.4982910e+01
   8.0681120e+06   4.7546387e+01
   8.0887950e+06   4.0283203e+01
   8.0903040e+06   4.3457031e+01
   8.1038460e+06   4.7424316e+01
   8.1113910e+06   4.8278809e+01
   8.1146530e+06   4.0405273e+01
   8.1225340e+06   4.7729492e+01
   8.1230150e+06   3.7414551e+01
   8.1235140e+06   3.9062500e+01
   8.1241320e+06   4.1870117e+01
   8.1245560e+06   3.7719727e+01
   8.1246450e+06   3.8085938e+01
   8.1249390e+06   3.7048340e+01
   8.1323840e+06   3.9001465e+01
   8.1581710e+06   5.0048828e+01
   8.1587630e+06   3.7475586e+01
   8.1637720e+06   3.8208008e+01
   8.1780010e+06   4.9011230e+01
   8.1785140e+06   4.4982910e+01
   8.1793860e+06   3.9733887e+01
   8.1958640e+06   3.7231445e+01
   8.2029470e+06   4.8217773e+01
   8.2135340e+06   4.3151855e+01
   8.2140540e+06   5.3466797e+01
   8.2346150e+06   5.5053711e+01
   8.2352050e+06   4.7851563e+01
   8.2359330e+06   4.6691895e+01
   8.2577170e+06   3.7658691e+01
   8.2611010e+06   3.7902832e+01
   8.2657020e+06   3.7109375e+01
   8.2810900e+06   5.1025391e+01
   8.2825580e+06   5.1757812e+01
   8.2828740e+06   4.3579102e+01
   8.2986320e+06   5.1452637e+01
   8.3054620e+06   5.3039551e+01
   8.3093490e+06   4.1564941e+01
   8.3172820e+06   4.6936035e+01
   8.3289800e+06   4.5593262e+01
   8.3320670e+06   4.1442871e+01
   8.3445060e+06   4.7607422e+01
   8.3585930e+06   3.6682129e+01
   8.3668610e+06   4.5104980e+01
   8.3907640e+06   4.7302246e+01
   8.3973970e+06   5.0354004e+01
   8.3996300e+06   4.6691895e+01
   8.4306270e+06   4.5776367e+01
   8.4378060e+06   3.7902832e+01
   8.4432530e+06   4.9865723e+01
   8.4469680e+06   4.5410156e+01
   8.4627680e+06   4.3457031e+01
   8.4653830e+06   4.4982910e+01
   8.4702600e+06   4.3518066e+01
   8.4871980e+06   3.6499023e+01
   8.5078230e+06   4.5104980e+01
   8.5222610e+06   4.2663574e+01
   8.5281340e+06   3.8696289e+01
   8.5294810e+06   4.8156738e+01
   8.5400080e+06   4.0771484e+01
   8.5494500e+06   5.0354004e+01
   8.5514740e+06   3.9062500e+01
   8.5655240e+06   5.1208496e+01
   8.5714600e+06   4.7973633e+01
   8.5762690e+06   3.8208008e+01
   8.5849540e+06   3.9794922e+01
   8.5913700e+06   4.5043945e+01
   8.6157310e+06   3.6010742e+01
   8.6307470e+06   3.5888672e+01
   8.6390160e+06   4.2846680e+01
   8.6395750e+06   3.8085938e+01
   8.6502720e+06   4.5227051e+01
   8.6704780e+06   5.2001953e+01
   8.6734560e+06   5.0415039e+01
   8.6806910e+06   4.6142578e+01
   8.6841080e+06   4.1564941e+01
   8.6954590e+06   4.8522949e+01
   8.7013320e+06   3.9550781e+01
   8.7040590e+06   4.2297363e+01
   8.7156140e+06   5.2978516e+01
   8.7186420e+06   5.1818848e+01
   8.7263430e+06   4.2236328e+01
   8.7304990e+06   4.0832520e+01
   8.7514810e+06   4.4921875e+01
   8.7527770e+06   3.8391113e+01
   8.7610520e+06   4.5776367e+01
   8.7740290e+06   3.9245605e+01
   8.7927940e+06   4.1137695e+01
   8.8085790e+06   5.6701660e+01
   8.8153750e+06   6.8969727e+01
   8.8169530e+06   3.9672852e+01
   8.8399610e+06   3.9672852e+01
   8.8439900e+06   4.9987793e+01
   8.8579070e+06   4.7363281e+01
   8.8631260e+06   4.2785645e+01
   8.8689420e+06   5.7434082e+01
   8.8768820e+06   5.4321289e+01
   8.8809200e+06   5.0781250e+01
   8.8850350e+06   4.3212891e+01
   8.8859830e+06   4.1320801e+01
   8.8863660e+06   3.7841797e+01
   8.9097640e+06   4.1137695e+01
   8.9166980e+06   3.8879395e+01
   8.9224910e+06   5.4870605e+01
   8.9330840e+06   6.0852051e+01
   8.9356800e+06   4.2968750e+01
   8.9368180e+06   4.0039063e+01
   8.9377030e+06   4.4433594e+01
   8.9538770e+06   3.8085938e+01
   8.9646400e+06   4.0527344e+01
   8.9658650e+06   4.0161133e+01
   8.9785340e+06   5.2490234e+01
   8.9837730e+06   4.9499512e+01
   8.9843950e+06   4.7790527e+01
   8.9853380e+06   4.0588379e+01
   8.9855740e+06   4.1137695e+01
   8.9861830e+06   4.2846680e+01
