   8.9990000e+06   0.0000000e+00
   1.0046900e+05   9.9487305e+01
   1.0079100e+05   9.3322754e+01
   1.3354200e+05   8.9660645e+01
   1.3409200e+05   6.1096191e+01
   2.1071300e+05   5.8166504e+01
   3.4410600e+05   8.9660645e+01
   3.4463300e+05   8.3435059e+01
   3.4491900e+05   6.7016602e+01
   3.4528900e+05   5.8776855e+01
   3.4625200e+05   5.8593750e+01
   5.4736800e+05   6.0852051e+01
   7.8376200e+05   5.6762695e+01
   7.8690400e+05   9.8205566e+01
   7.8752600e+05   1.0296631e+02
   7.8780100e+05   6.5673828e+01
   7.8809500e+05   6.3354492e+01
   8.8748800e+05   5.7067871e+01
   9.5776500e+05   7.6721191e+01
   9.5811100e+05   8.6486816e+01
   9.5853400e+05   7.0068359e+01
   9.5864600e+05   5.6213379e+01
   1.2443690e+06   6.1096191e+01
   1.2944190e+06   5.9204102e+01
   1.2950470e+06   1.0266113e+02
   1.2954120e+06   7.7880859e+01
   1.2956870e+06   5.9265137e+01
   1.2957620e+06   5.7067871e+01
   1.2977890e+06   6.1157227e+01
   1.3128600e+06   6.3964844e+01
   1.3196780e+06   6.5490723e+01
   1.3251110e+06   5.8227539e+01
   1.3252270e+06   8.2641602e+01
   1.3263190e+06   8.9050293e+01
   1.3274600e+06   7.6171875e+01
   1.3468910e+06   5.7922363e+01
   1.3571200e+06   5.6335449e+01
   1.3578950e+06   5.5969238e+01
   1.3695880e+06   5.7861328e+01
   1.4450340e+06   5.7434082e+01
   1.6107450e+06   5.6213379e+01
   1.6752410e+06   5.7922363e+01
   1.8370480e+06   5.6457520e+01
   1.8781000e+06   5.6457520e+01
   1.8929470e+06   5.6579590e+01
   1.9891850e+06   6.7138672e+01
   2.0200060e+06   5.9326172e+01
   2.0473110e+06   5.9448242e+01
   2.0701360e+06   9.4238281e+01
   2.0703890e+06   7.8186035e+01
   2.0705520e+06   5.7800293e+01
   2.0705760e+06   5.9692383e+01
   2.0721730e+06   5.6030273e+01
   2.1641540e+06   5.8288574e+01
   2.1723800e+06   6.2133789e+01
   2.1985900e+06   5.6091309e+01
   2.2272880e+06   5.6823730e+01
   2.2640410e+06   5.9570312e+01
   2.2726690e+06   5.8715820e+01
   2.3547000e+06   5.7434082e+01
   2.6623890e+06   6.0546875e+01
   2.6628520e+06   6.2988281e+01
   2.6632080e+06   9.5581055e+01
   2.6635300e+06   9.4726562e+01
   2.6638370e+06   5.5969238e+01
   2.6638920e+06   6.0180664e+01
   2.7223840e+06   5.6457520e+01
   2.8975040e+06   5.9143066e+01
   2.8985580e+06   8.4838867e+01
   2.9645260e+06   8.8195801e+01
   2.9774790e+06   5.8715820e+01
   3.0754440e+06   5.6701660e+01
   3.1060370e+06   8.9660645e+01
   3.1063060e+06   8.9111328e+01
   3.1449250e+06   8.7646484e+01
   3.1459510e+06   8.7036133e+01
   3.1464780e+06   7.4584961e+01
   3.2035370e+06   5.6152344e+01
   3.6276500e+06   5.6823730e+01
   3.6283820e+06   8.3740234e+01
   3.6286540e+06   7.3608398e+01
   3.6821500e+06   5.7739258e+01
   3.8466700e+06   6.0302734e+01
   3.9291500e+06   7.8613281e+01
   3.9298000e+06   9.5336914e+01
   3.9315890e+06   5.6091309e+01
   3.9591160e+06   8.5205078e+01
   3.9595570e+06   6.3659668e+01
   3.9599110e+06   5.7617188e+01
   3.9813470e+06   7.0739746e+01
   3.9822310e+06   6.6528320e+01
   4.0158550e+06   7.4401855e+01
   4.0163470e+06   7.0068359e+01
   4.0171250e+06   6.3415527e+01
   4.0480320e+06   7.9223633e+01
   4.0486770e+06   6.2255859e+01
   4.3759850e+06   5.8349609e+01
   4.4080640e+06   5.7373047e+01
   4.4900420e+06   6.8664551e+01
   4.4905200e+06   9.6923828e+01
   4.4908040e+06   8.3618164e+01
   4.5250170e+06   5.7067871e+01
   4.5264730e+06   6.6101074e+01
   4.5271430e+06   8.0932617e+01
   4.5278230e+06   6.2561035e+01
   4.5634410e+06   8.3496094e+01
   4.5640340e+06   8.4533691e+01
   4.5643700e+06   6.0485840e+01
   4.6012360e+06   7.9589844e+01
   4.6018270e+06   9.4665527e+01
   4.6157000e+06   5.8593750e+01
   4.6188820e+06   5.9326172e+01
   4.6325290e+06   9.2224121e+01
   4.6330770e+06   6.4208984e+01
   4.6335240e+06   5.6213379e+01
   4.6345810e+06   5.9936523e+01
   4.6674770e+06   8.3923340e+01
   4.6680860e+06   7.7819824e+01
   4.6688450e+06   5.8715820e+01
   4.6949120e+06   8.6547852e+01
   4.6952740e+06   6.9091797e+01
   4.6955650e+06   6.8054199e+01
   4.7197760e+06   6.6894531e+01
   4.7202600e+06   8.5693359e+01
   4.7221750e+06   5.6457520e+01
   4.7585700e+06   7.5683594e+01
   4.7588430e+06   5.7006836e+01
   4.7594620e+06   6.6772461e+01
   4.9382260e+06   5.6274414e+01
   5.3333350e+06   5.6274414e+01
   5.3357980e+06   5.6457520e+01
   5.3361300e+06   9.2773438e+01
   5.3365490e+06   7.4768066e+01
   5.3372210e+06   7.0678711e+01
   5.3739040e+06   7.3059082e+01
   5.3741380e+06   7.5317383e+01
   5.4023030e+06   8.3312988e+01
   5.4028010e+06   6.2500000e+01
   5.4032830e+06   7.3059082e+01
   5.4062370e+06   5.5969238e+01
   5.4203100e+06   1.0272217e+02
   5.4209710e+06   7.7514648e+01
   5.4412280e+06   5.6030273e+01
   5.4412960e+06   8.1359863e+01
   5.4419280e+06   8.7341309e+01
   5.4428670e+06   6.6223145e+01
   5.4665920e+06   6.7871094e+01
   5.4671700e+06   6.6589355e+01
   5.4679310e+06   6.2683105e+01
   5.4692170e+06   5.7556152e+01
   5.4693220e+06   5.9448242e+01
   5.5144310e+06   9.6008301e+01
   5.5147080e+06   8.3007813e+01
   5.5149520e+06   5.6518555e+01
   5.5152560e+06   6.2133789e+01
   5.5153130e+06   5.8410645e+01
   5.5632210e+06   5.7495117e+01
   5.6757500e+06   5.7067871e+01
   5.7206320e+06   5.7189941e+01
   5.7451980e+06   6.0180664e+01
   5.9400100e+06   9.5947266e+01
   5.9403700e+06   7.4768066e+01
   5.9406090e+06   8.0810547e+01
   5.9695970e+06   5.7006836e+01
   6.0088250e+06   5.6518555e+01
   6.2232870e+06   7.5195312e+01
   6.2238720e+06   7.5256348e+01
   6.2889980e+06   5.8349609e+01
   6.3657810e+06   9.1491699e+01
   6.3659820e+06   7.3669434e+01
   6.3662950e+06   5.8166504e+01
   6.4129750e+06   8.4777832e+01
   6.4133650e+06   6.4086914e+01
   6.4137690e+06   7.2387695e+01
   6.4141980e+06   7.1960449e+01
   6.4147690e+06   5.5969238e+01
   6.4611470e+06   9.2285156e+01
   6.4612740e+06   5.6030273e+01
   6.4614530e+06   7.3547363e+01
   6.4617180e+06   6.3537598e+01
   6.8783030e+06   6.0852051e+01
   6.8959280e+06   1.0638428e+02
   6.8962570e+06   9.0698242e+01
   6.8966190e+06   7.6110840e+01
   6.8969220e+06   8.3679199e+01
   6.9512720e+06   6.1401367e+01
   6.9534480e+06   8.8256836e+01
   6.9537000e+06   8.4777832e+01
   6.9540590e+06   7.6599121e+01
   6.9544840e+06   6.5979004e+01
   6.9944430e+06   6.2255859e+01
   7.3416770e+06   5.7373047e+01
   7.3890150e+06   9.0698242e+01
   7.3893580e+06   1.0046387e+02
   7.3899000e+06   6.1889648e+01
   7.4396610e+06   9.2468262e+01
   7.4399300e+06   6.9396973e+01
   7.4402460e+06   6.2316895e+01
   7.4407240e+06   6.5979004e+01
   7.4413400e+06   5.9631348e+01
   7.4970190e+06   9.8999023e+01
   7.4972980e+06   8.3862305e+01
   7.4975360e+06   1.0388184e+02
   7.4978600e+06   6.1706543e+01
   7.5540380e+06   7.8430176e+01
   7.5544870e+06   9.2590332e+01
   7.6968120e+06   5.6396484e+01
   7.8503370e+06   1.1547852e+02
   8.1192750e+06   6.0913086e+01
   8.1239820e+06   8.4838867e+01
   8.1242790e+06   7.7209473e+01
   8.1245860e+06   9.3139648e+01
   8.1246460e+06   5.9020996e+01
   8.1247730e+06   6.1523438e+01
   8.1792050e+06   9.5153809e+01
   8.1795690e+06   9.1247559e+01
   8.1799550e+06   7.8979492e+01
   8.1804980e+06   7.4890137e+01
   8.2356410e+06   9.4116211e+01
   8.2358840e+06   9.3322754e+01
   8.2362710e+06   9.0698242e+01
   8.2367980e+06   7.5744629e+01
   8.2814350e+06   6.3598633e+01
   8.2824830e+06   9.8754883e+01
   8.2828660e+06   9.9304199e+01
   8.2831420e+06   8.6791992e+01
   8.2837620e+06   7.3730469e+01
   8.3350820e+06   8.9538574e+01
   8.3354180e+06   7.8552246e+01
   8.3359200e+06   6.8420410e+01
   8.8154920e+06   6.1096191e+01
   8.8176080e+06   1.0803223e+02
   8.8178540e+06   9.2224121e+01
   8.8179010e+06   6.2866211e+01
   8.8181640e+06   6.5429688e+01
   8.8185760e+06   6.9946289e+01
   8.8865350e+06   1.1645508e+02
   8.8868120e+06   9.4665527e+01
   8.8874760e+06   1.0192871e+02
   8.9853220e+06   8.6730957e+01
   8.9854990e+06   7.4890137e+01
   8.9856940e+06   8.0810547e+01
   8.9859200e+06   8.0017090e+01
   8.9862850e+06   6.6040039e+01
