   8.9990000e+06   0.0000000e+00
   1.8793000e+04   3.7414551e+01
   8.6266000e+04   3.6437988e+01
   9.8802000e+04   7.5866699e+01
   9.9056000e+04   5.9936523e+01
   9.9379000e+04   6.1157227e+01
   9.9671000e+04   6.1096191e+01
   1.0001500e+05   6.6650391e+01
   1.0035400e+05   4.5471191e+01
   1.0088900e+05   3.6682129e+01
   1.0114000e+05   4.3029785e+01
   1.0142400e+05   4.8217773e+01
   1.0182800e+05   4.0832520e+01
   1.0403800e+05   4.5532227e+01
   1.1312100e+05   6.1523437e+01
   1.1350000e+05   6.3293457e+01
   1.1381700e+05   3.6743164e+01
   1.1602600e+05   5.6640625e+01
   1.1630500e+05   4.6020508e+01
   1.1799000e+05   5.1574707e+01
   1.3147700e+05   6.7016602e+01
   1.3259300e+05   7.5988770e+01
   1.7550800e+05   3.8940430e+01
   2.8278400e+05   3.7780762e+01
   3.2902100e+05   6.9213867e+01
   3.4201700e+05   8.0078125e+01
   3.4303500e+05   8.0810547e+01
   3.4352300e+05   6.5063477e+01
   3.4376600e+05   3.8330078e+01
   3.4419800e+05   4.4494629e+01
   3.4449400e+05   4.5593262e+01
   3.4505900e+05   4.7485352e+01
   3.4555600e+05   5.2673340e+01
   3.4632800e+05   4.9316406e+01
   4.3610000e+05   3.7841797e+01
   4.8208800e+05   3.5583496e+01
   4.8640300e+05   3.5888672e+01
   5.8156600e+05   3.8085938e+01
   5.9395100e+05   3.6071777e+01
   5.9836800e+05   4.0710449e+01
   7.2841300e+05   3.5766602e+01
   7.3491200e+05   3.6499023e+01
   7.8447800e+05   7.1166992e+01
   7.8547000e+05   6.7138672e+01
   7.8605600e+05   6.5612793e+01
   7.8635800e+05   6.2133789e+01
   7.8738900e+05   5.9326172e+01
   7.8787100e+05   5.4382324e+01
   7.8822400e+05   5.7800293e+01
   7.8870300e+05   4.4372559e+01
   8.5711100e+05   3.7109375e+01
   9.3613400e+05   6.6467285e+01
   9.5560100e+05   7.4035645e+01
   9.5661900e+05   7.4951172e+01
   9.5693300e+05   5.6396484e+01
   9.5717600e+05   6.3659668e+01
   9.5773400e+05   6.3598633e+01
   9.6763300e+05   3.6193848e+01
   9.6934000e+05   4.0893555e+01
   1.0246470e+06   3.5766602e+01
   1.0350630e+06   6.5551758e+01
   1.0362600e+06   6.8725586e+01
   1.0379010e+06   6.6772461e+01
   1.0521070e+06   7.3913574e+01
   1.0684680e+06   3.6437988e+01
   1.0718710e+06   3.7048340e+01
   1.0912210e+06   3.8574219e+01
   1.0993260e+06   3.8146973e+01
   1.2150070e+06   4.3640137e+01
   1.2215300e+06   3.6499023e+01
   1.2405950e+06   3.7719727e+01
   1.2693840e+06   3.6804199e+01
   1.2913510e+06   6.7077637e+01
   1.2937120e+06   6.9519043e+01
   1.2939360e+06   6.1889648e+01
   1.2944830e+06   6.0180664e+01
   1.2952570e+06   7.0678711e+01
   1.2962150e+06   7.3364258e+01
   1.2966350e+06   5.4931641e+01
   1.2993950e+06   7.1166992e+01
   1.3103560e+06   6.5795898e+01
   1.3233340e+06   6.4758301e+01
   1.3245070e+06   7.2814941e+01
   1.3252020e+06   5.9265137e+01
   1.3256380e+06   3.6132812e+01
   1.3258110e+06   7.8674316e+01
   1.3467150e+06   7.6782227e+01
   1.3469390e+06   5.7189941e+01
   1.3538640e+06   6.6040039e+01
   1.3540350e+06   3.8757324e+01
   1.3558260e+06   6.9824219e+01
   1.3561370e+06   4.3640137e+01
   1.3567620e+06   5.0842285e+01
   1.3574970e+06   5.4931641e+01
   1.3994190e+06   3.6926270e+01
   1.4103370e+06   3.8513184e+01
   1.4118080e+06   3.6437988e+01
   1.5651590e+06   3.8330078e+01
   1.5859910e+06   7.8613281e+01
   1.6072820e+06   3.5888672e+01
   1.6589430e+06   6.3415527e+01
   1.6722760e+06   8.4289551e+01
   1.7316590e+06   3.6254883e+01
   1.8104560e+06   3.6132812e+01
   1.8124690e+06   7.0983887e+01
   1.8260950e+06   3.6376953e+01
   1.8490200e+06   7.1350098e+01
   1.8496310e+06   6.5917969e+01
   1.8589000e+06   7.2448730e+01
   1.8590560e+06   6.3110352e+01
   1.8593260e+06   6.2194824e+01
   1.8734620e+06   3.5888672e+01
   1.9157490e+06   3.6560059e+01
   1.9821690e+06   3.7292480e+01
   1.9832380e+06   6.8054199e+01
   2.0651270e+06   4.2053223e+01
   2.0678260e+06   6.6650391e+01
   2.0681950e+06   7.2387695e+01
   2.0688730e+06   6.7932129e+01
   2.0692780e+06   5.7739258e+01
   2.0694570e+06   4.1381836e+01
   2.0699340e+06   5.8898926e+01
   2.0707210e+06   5.6640625e+01
   2.0711720e+06   4.5349121e+01
   2.0715130e+06   3.7353516e+01
   2.0723670e+06   3.9306641e+01
   2.0730080e+06   4.2724609e+01
   2.0813010e+06   6.3171387e+01
   2.0820170e+06   6.2438965e+01
   2.0826170e+06   4.2236328e+01
   2.0828950e+06   3.6682129e+01
   2.0829720e+06   4.5410156e+01
   2.0836090e+06   3.9794922e+01
   2.0840410e+06   4.2297363e+01
   2.0850010e+06   3.9001465e+01
   2.0901710e+06   5.0476074e+01
   2.0919980e+06   6.3171387e+01
   2.0940720e+06   6.3354492e+01
   2.0942390e+06   3.7902832e+01
   2.0947610e+06   4.4860840e+01
   2.1132610e+06   3.5766602e+01
   2.1877520e+06   3.5949707e+01
   2.2919750e+06   3.8085938e+01
   2.3165910e+06   6.8420410e+01
   2.3256100e+06   4.1442871e+01
   2.3806320e+06   3.6254883e+01
   2.3934580e+06   7.4340820e+01
   2.4224170e+06   3.8269043e+01
   2.4710960e+06   7.4096680e+01
   2.4774800e+06   3.7109375e+01
   2.5272730e+06   6.7626953e+01
   2.5300910e+06   7.2326660e+01
   2.5305010e+06   5.6457520e+01
   2.5311000e+06   6.1889648e+01
   2.5653030e+06   3.7658691e+01
   2.5687480e+06   7.9162598e+01
   2.6087710e+06   3.5705566e+01
   2.6416840e+06   6.4575195e+01
   2.6620390e+06   7.7758789e+01
   2.6624900e+06   7.1594238e+01
   2.6629950e+06   6.2194824e+01
   2.6633200e+06   4.7912598e+01
   2.6640000e+06   6.5246582e+01
   2.6791190e+06   4.1076660e+01
   2.6825320e+06   3.8146973e+01
   2.7000950e+06   8.6486816e+01
   2.7091960e+06   3.5949707e+01
   2.7104810e+06   3.6987305e+01
   2.7189280e+06   7.1166992e+01
   2.7533330e+06   4.1198730e+01
   2.8454410e+06   8.7646484e+01
   2.8587260e+06   3.6743164e+01
   2.8704160e+06   7.6904297e+01
   2.8779850e+06   3.5949707e+01
   2.8922420e+06   3.8452148e+01
   2.8971100e+06   7.7941895e+01
   2.8972550e+06   5.7067871e+01
   2.8977540e+06   7.3974609e+01
   2.8983990e+06   6.2072754e+01
   2.8987210e+06   6.1889648e+01
   2.9077430e+06   3.6193848e+01
   2.9416310e+06   3.5705566e+01
   2.9621110e+06   6.1645508e+01
   2.9635880e+06   5.8227539e+01
   2.9639080e+06   6.3232422e+01
   2.9788180e+06   6.8847656e+01
   2.9789820e+06   4.9926758e+01
   2.9882220e+06   3.6254883e+01
   2.9926240e+06   6.5124512e+01
   2.9928030e+06   5.0231934e+01
   3.0583340e+06   5.9875488e+01
   3.0780410e+06   7.0678711e+01
   3.0861470e+06   6.4636230e+01
   3.0894700e+06   6.5917969e+01
   3.0898350e+06   6.3903809e+01
   3.0989850e+06   4.1992188e+01
   3.1014800e+06   6.4880371e+01
   3.1020510e+06   6.3049316e+01
   3.1023150e+06   3.7475586e+01
   3.1026410e+06   4.6569824e+01
   3.1038080e+06   3.6987305e+01
   3.1046680e+06   4.3518066e+01
   3.1051450e+06   4.2968750e+01
   3.1057300e+06   4.6020508e+01
   3.1060720e+06   3.9367676e+01
   3.1069490e+06   4.4067383e+01
   3.1381520e+06   6.3598633e+01
   3.1433030e+06   6.0913086e+01
   3.1580950e+06   6.9091797e+01
   3.1583980e+06   7.3547363e+01
   3.1746270e+06   3.6193848e+01
   3.1811180e+06   3.6621094e+01
   3.2026770e+06   6.6711426e+01
   3.2047020e+06   5.9326172e+01
   3.2382230e+06   3.8696289e+01
   3.2435130e+06   7.9467773e+01
   3.2436010e+06   4.1870117e+01
   3.2548070e+06   7.2326660e+01
   3.2648610e+06   6.9396973e+01
   3.2923920e+06   3.6743164e+01
   3.2926210e+06   7.0068359e+01
   3.2950110e+06   6.3537598e+01
   3.3584460e+06   4.9133301e+01
   3.3587300e+06   6.8542480e+01
   3.3901490e+06   6.0913086e+01
   3.5104780e+06   3.7170410e+01
   3.5139300e+06   6.8115234e+01
   3.5269440e+06   3.7841797e+01
   3.5329350e+06   3.6560059e+01
   3.5394970e+06   3.9001465e+01
   3.5477060e+06   6.1950684e+01
   3.5859990e+06   6.3293457e+01
   3.5861710e+06   6.6040039e+01
   3.6138170e+06   7.1105957e+01
   3.6268980e+06   7.5561523e+01
   3.6270550e+06   5.0598145e+01
   3.6278780e+06   5.4504395e+01
   3.6284160e+06   5.7617188e+01
   3.6288530e+06   5.2246094e+01
   3.6546570e+06   6.5368652e+01
   3.6591000e+06   6.5246582e+01
   3.6659780e+06   5.6701660e+01
   3.6705830e+06   6.7749023e+01
   3.7280840e+06   6.6772461e+01
   3.7351860e+06   3.6254883e+01
   3.7905830e+06   6.3903809e+01
   3.8088630e+06   6.8786621e+01
   3.8090050e+06   4.9499512e+01
   3.8129980e+06   6.8115234e+01
   3.8131660e+06   5.0048828e+01
   3.8248060e+06   5.9936523e+01
   3.8248890e+06   3.6071777e+01
   3.8251130e+06   6.7626953e+01
   3.8254860e+06   5.6945801e+01
   3.8335630e+06   4.1137695e+01
   3.8538510e+06   3.6376953e+01
   3.8622030e+06   6.7993164e+01
   3.8687940e+06   6.5429688e+01
   3.8690070e+06   7.3669434e+01
   3.8693950e+06   4.9743652e+01
   3.8698190e+06   4.0466309e+01
   3.8701610e+06   4.5043945e+01
   3.8710580e+06   4.8522949e+01
   3.8715990e+06   4.0405273e+01
   3.8722710e+06   3.8635254e+01
   3.8829960e+06   3.6865234e+01
   3.8989150e+06   3.6132812e+01
   3.9221800e+06   3.7780762e+01
   3.9299730e+06   7.3425293e+01
   3.9302980e+06   5.9692383e+01
   3.9309700e+06   5.5480957e+01
   3.9315830e+06   5.6762695e+01
   3.9498750e+06   3.6865234e+01
   3.9609990e+06   5.5664062e+01
   3.9616720e+06   5.7861328e+01
   3.9695110e+06   4.0649414e+01
   3.9696720e+06   5.3771973e+01
   3.9768490e+06   6.7382812e+01
   3.9771840e+06   5.4809570e+01
   3.9791800e+06   3.8085938e+01
   3.9795420e+06   6.4514160e+01
   3.9802940e+06   3.6926270e+01
   4.0126230e+06   6.5002441e+01
   4.0169770e+06   4.6691895e+01
   4.0365760e+06   3.7780762e+01
   4.0427950e+06   6.6833496e+01
   4.0430070e+06   5.5297852e+01
   4.0435240e+06   6.7565918e+01
   4.0442410e+06   4.9987793e+01
   4.0451950e+06   5.0476074e+01
   4.0459790e+06   5.3649902e+01
   4.0566580e+06   7.1411133e+01
   4.1061320e+06   4.1992188e+01
   4.1135160e+06   3.5583496e+01
   4.1211850e+06   3.6315918e+01
   4.1263530e+06   6.7077637e+01
   4.1574250e+06   3.7536621e+01
   4.1776610e+06   7.6293945e+01
   4.1924930e+06   3.7048340e+01
   4.2029730e+06   3.9855957e+01
   4.2675560e+06   3.7597656e+01
   4.2927880e+06   3.8146973e+01
   4.3582660e+06   3.7902832e+01
   4.3919190e+06   3.6865234e+01
   4.3959550e+06   3.8574219e+01
   4.4326460e+06   6.6955566e+01
   4.4329490e+06   6.0791016e+01
   4.4646770e+06   6.6406250e+01
   4.4661120e+06   7.2692871e+01
   4.4881620e+06   7.0434570e+01
   4.4894560e+06   5.9875488e+01
   4.4907650e+06   4.0283203e+01
   4.4912350e+06   6.9274902e+01
   4.4917170e+06   6.9274902e+01
   4.4924590e+06   5.6335449e+01
   4.5118400e+06   3.6865234e+01
   4.5401420e+06   4.0039062e+01
   4.5564280e+06   6.8908691e+01
   4.5587940e+06   7.3547363e+01
   4.5596040e+06   6.1340332e+01
   4.5597380e+06   4.1503906e+01
   4.5603190e+06   5.0720215e+01
   4.5607940e+06   5.4199219e+01
   4.5610900e+06   4.1564941e+01
   4.6021920e+06   6.4880371e+01
   4.6029420e+06   6.8176270e+01
   4.6033820e+06   5.7250977e+01
   4.6039100e+06   6.3293457e+01
   4.6293180e+06   6.6894531e+01
   4.6296170e+06   6.0241699e+01
   4.6519210e+06   4.3273926e+01
   4.6603610e+06   6.1950684e+01
   4.6605850e+06   7.9467773e+01
   4.6939580e+06   8.8806152e+01
   4.6942440e+06   5.5969238e+01
   4.6957830e+06   6.5795898e+01
   4.7115270e+06   6.4270020e+01
   4.7120130e+06   6.1035156e+01
   4.7122440e+06   5.1696777e+01
   4.7153100e+06   6.1462402e+01
   4.7154620e+06   3.7353516e+01
   4.7158510e+06   5.4138184e+01
   4.7740580e+06   3.5705566e+01
   4.8235130e+06   3.9611816e+01
   4.9065060e+06   3.6437988e+01
   4.9529250e+06   3.6193848e+01
   5.0723860e+06   8.5388184e+01
   5.0827600e+06   3.9306641e+01
   5.1005670e+06   3.5766602e+01
   5.1379000e+06   4.3701172e+01
   5.1784400e+06   3.5827637e+01
   5.1805070e+06   3.6376953e+01
   5.2364040e+06   3.8757324e+01
   5.2372890e+06   3.5705566e+01
   5.2434210e+06   7.3913574e+01
   5.2715410e+06   3.7658691e+01
   5.2853080e+06   3.6254883e+01
   5.2935300e+06   3.6254883e+01
   5.3087480e+06   3.5766602e+01
   5.3311590e+06   7.5439453e+01
   5.3333150e+06   6.9335938e+01
   5.3340130e+06   6.6223145e+01
   5.3341240e+06   4.2297363e+01
   5.3342680e+06   3.6926270e+01
   5.3347230e+06   4.9621582e+01
   5.3355160e+06   5.6396484e+01
   5.3718790e+06   6.5368652e+01
   5.3725610e+06   5.9631348e+01
   5.3728490e+06   6.0363770e+01
   5.3734730e+06   5.7006836e+01
   5.3745280e+06   6.5856934e+01
   5.3748200e+06   5.6579590e+01
   5.3751670e+06   5.1086426e+01
   5.3755560e+06   5.2734375e+01
   5.3760270e+06   4.4982910e+01
   5.3932530e+06   3.9855957e+01
   5.4188770e+06   6.7077637e+01
   5.4196190e+06   6.5673828e+01
   5.4200860e+06   6.9885254e+01
   5.4202240e+06   3.7902832e+01
   5.4211030e+06   6.8603516e+01
   5.4359530e+06   6.5246582e+01
   5.4393690e+06   7.1228027e+01
   5.4396760e+06   6.0302734e+01
   5.4408300e+06   5.5603027e+01
   5.4563110e+06   3.7292480e+01
   5.4616660e+06   6.2133789e+01
   5.4812400e+06   7.4951172e+01
   5.4817490e+06   5.9753418e+01
   5.4977240e+06   6.6589355e+01
   5.5111120e+06   6.2438965e+01
   5.5112220e+06   4.4982910e+01
   5.5120290e+06   6.0485840e+01
   5.5128260e+06   3.9978027e+01
   5.5130370e+06   4.1625977e+01
   5.5133160e+06   4.4616699e+01
   5.5136790e+06   4.2419434e+01
   5.5140140e+06   3.9123535e+01
   5.5142450e+06   4.4067383e+01
   5.5151910e+06   4.7668457e+01
   5.5157800e+06   4.9438477e+01
   5.5164630e+06   3.5888672e+01
   5.5168540e+06   4.2053223e+01
   5.5176270e+06   3.6560059e+01
   5.5410550e+06   3.6987305e+01
   5.5741930e+06   3.8513184e+01
   5.5786970e+06   3.7414551e+01
   5.5818380e+06   3.9367676e+01
   5.5877590e+06   3.9062500e+01
   5.6397890e+06   3.7658691e+01
   5.7275080e+06   3.8452148e+01
   5.7607680e+06   3.6071777e+01
   5.7677130e+06   4.0710449e+01
   5.7875530e+06   3.6315918e+01
   5.8597290e+06   3.7292480e+01
   5.9382860e+06   6.7443848e+01
   5.9398580e+06   6.9519043e+01
   5.9404280e+06   7.1228027e+01
   5.9410060e+06   3.8208008e+01
   5.9414040e+06   6.6711426e+01
   5.9768850e+06   3.6437988e+01
   5.9824810e+06   6.7565918e+01
   6.0033470e+06   5.9997559e+01
   6.0063270e+06   6.8908691e+01
   6.0073360e+06   6.6589355e+01
   6.0076260e+06   5.2673340e+01
   6.0076930e+06   3.7597656e+01
   6.0078710e+06   3.7536621e+01
   6.0096110e+06   3.7719727e+01
   6.0230650e+06   3.6865234e+01
   6.0637590e+06   6.9885254e+01
   6.0835360e+06   3.6560059e+01
   6.1187870e+06   3.9184570e+01
   6.1592140e+06   3.6315918e+01
   6.2202120e+06   7.3059082e+01
   6.2213360e+06   6.2866211e+01
   6.2224750e+06   7.6477051e+01
   6.2469470e+06   3.5766602e+01
   6.3148950e+06   3.7841797e+01
   6.3214110e+06   4.1931152e+01
   6.3433840e+06   3.6499023e+01
   6.3526510e+06   7.6354980e+01
   6.3542280e+06   6.9213867e+01
   6.3545140e+06   6.8786621e+01
   6.3562740e+06   6.5673828e+01
   6.3569630e+06   6.1584473e+01
   6.3641510e+06   7.2326660e+01
   6.3650570e+06   6.3720703e+01
   6.3653790e+06   5.1635742e+01
   6.3658030e+06   6.0607910e+01
   6.4058690e+06   3.7414551e+01
   6.4481390e+06   3.9978027e+01
   6.4538980e+06   3.7109375e+01
   6.4573930e+06   7.0861816e+01
   6.4617290e+06   8.4594727e+01
   6.4766710e+06   4.2419434e+01
   6.4930870e+06   3.7048340e+01
   6.5306960e+06   3.8696289e+01
   6.5488430e+06   3.7841797e+01
   6.5986430e+06   3.5522461e+01
   6.6132180e+06   3.6071777e+01
   6.6139560e+06   3.5949707e+01
   6.6293440e+06   3.8696289e+01
   6.6533830e+06   3.6499023e+01
   6.7493590e+06   3.6193848e+01
   6.8069920e+06   3.6437988e+01
   6.8954150e+06   6.5551758e+01
   6.8963830e+06   6.5185547e+01
   6.8970010e+06   7.8186035e+01
   6.8972810e+06   6.3659668e+01
   6.8975970e+06   5.9997559e+01
   6.9267010e+06   3.9184570e+01
   6.9377560e+06   3.6743164e+01
   6.9409950e+06   3.6865234e+01
   6.9505440e+06   6.6345215e+01
   6.9517500e+06   6.5307617e+01
   6.9536500e+06   6.9213867e+01
   6.9932780e+06   4.2480469e+01
   6.9933680e+06   7.0312500e+01
   6.9943880e+06   6.7077637e+01
   6.9945570e+06   5.0354004e+01
   6.9952520e+06   6.8603516e+01
   7.0188680e+06   3.9672852e+01
   7.0364860e+06   3.6865234e+01
   7.0625720e+06   3.5522461e+01
   7.1420210e+06   7.6721191e+01
   7.1423430e+06   6.7687988e+01
   7.1794400e+06   3.7536621e+01
   7.2004580e+06   3.6254883e+01
   7.2157260e+06   3.5949707e+01
   7.2378460e+06   3.8879395e+01
   7.2771970e+06   6.2194824e+01
   7.2893710e+06   4.1625977e+01
   7.3503340e+06   3.9184570e+01
   7.3804020e+06   3.9489746e+01
   7.3887080e+06   6.7871094e+01
   7.3899850e+06   6.5612793e+01
   7.4388960e+06   7.1533203e+01
   7.4390480e+06   6.0729980e+01
   7.4790800e+06   7.5073242e+01
   7.4878960e+06   3.6682129e+01
   7.4949980e+06   6.5002441e+01
   7.5235180e+06   3.5766602e+01
   7.5516040e+06   8.8684082e+01
   7.5521850e+06   6.5612793e+01
   7.6651730e+06   3.8696289e+01
   7.6989340e+06   3.8635254e+01
   7.7202540e+06   3.5766602e+01
   7.7624490e+06   3.7170410e+01
   7.8158590e+06   3.6560059e+01
   7.8249520e+06   3.6499023e+01
   7.8476620e+06   6.4514160e+01
   7.8506930e+06   7.8552246e+01
   7.8625750e+06   3.5583496e+01
   7.8633750e+06   3.6865234e+01
   7.8682950e+06   3.7170410e+01
   7.8757070e+06   3.8696289e+01
   7.9177820e+06   6.1523438e+01
   7.9216240e+06   3.8696289e+01
   7.9234800e+06   6.9091797e+01
   7.9604610e+06   3.5522461e+01
   8.0196330e+06   3.7841797e+01
   8.0299010e+06   7.3852539e+01
   8.1219570e+06   7.1716309e+01
   8.1246760e+06   3.5522461e+01
   8.1248870e+06   6.6955566e+01
   8.1643730e+06   3.9245605e+01
   8.1788580e+06   7.6477051e+01
   8.2353190e+06   7.6232910e+01
   8.2563020e+06   3.6193848e+01
   8.2812960e+06   6.6894531e+01
   8.4097390e+06   3.6499023e+01
   8.4234160e+06   3.8085938e+01
   8.4730490e+06   3.5888672e+01
   8.4824940e+06   3.8024902e+01
   8.4975010e+06   3.5522461e+01
   8.5095900e+06   3.9672852e+01
   8.5215880e+06   3.6987305e+01
   8.5581740e+06   3.7109375e+01
   8.5920750e+06   3.7231445e+01
   8.7148070e+06   7.4096680e+01
   8.7816210e+06   3.7170410e+01
   8.7883120e+06   3.7597656e+01
   8.7960180e+06   3.8879395e+01
   8.8158430e+06   7.2814941e+01
   8.8420330e+06   3.7597656e+01
   8.9199400e+06   3.8330078e+01
   8.9479560e+06   8.2153320e+01
   8.9512330e+06   7.8369141e+01
   8.9838850e+06   7.4829102e+01
