   8.9990000e+06   0.0000000e+00
   4.2734000e+04   3.8146973e+01
   1.3415600e+05   4.2724609e+01
   6.9615400e+05   3.6743164e+01
   7.8365800e+05   4.9133301e+01
   7.9215600e+05   3.7597656e+01
   1.0798510e+06   3.6315918e+01
   1.1171330e+06   3.7414551e+01
   1.2165960e+06   3.5949707e+01
   1.2404620e+06   3.6010742e+01
   1.3925730e+06   3.5644531e+01
   1.4206870e+06   3.9245605e+01
   1.7979030e+06   3.7841797e+01
   2.0363090e+06   3.7658691e+01
   2.0705600e+06   3.5827637e+01
   2.0705710e+06   4.1809082e+01
   2.0709350e+06   3.6499023e+01
   2.0908010e+06   3.6193848e+01
   2.2465160e+06   3.6010742e+01
   2.2519850e+06   3.6560059e+01
   2.3215790e+06   3.8024902e+01
   2.3589510e+06   4.1137695e+01
   2.3850180e+06   3.6315918e+01
   2.5478950e+06   3.7841797e+01
   2.5653850e+06   3.6987305e+01
   2.7668560e+06   3.8208008e+01
   2.9618620e+06   4.1076660e+01
   3.0395660e+06   4.1320801e+01
   3.0931800e+06   3.5766602e+01
   3.1000390e+06   3.7536621e+01
   3.1200980e+06   4.3945312e+01
   3.2640560e+06   4.0832520e+01
   3.2685470e+06   3.6865234e+01
   3.2702170e+06   4.0405273e+01
   3.3049890e+06   4.0283203e+01
   3.3259640e+06   3.5827637e+01
   3.3331240e+06   3.6560059e+01
   3.3831860e+06   4.5898438e+01
   3.4466920e+06   3.8940430e+01
   3.4567280e+06   3.9062500e+01
   3.4600400e+06   4.1137695e+01
   3.4859090e+06   4.6264648e+01
   3.4861860e+06   3.5888672e+01
   3.5684800e+06   3.7170410e+01
   3.5691670e+06   3.6682129e+01
   3.6435810e+06   4.1259766e+01
   3.6727970e+06   3.8574219e+01
   3.6731180e+06   3.8452148e+01
   3.6972840e+06   4.3701172e+01
   3.7178570e+06   3.7780762e+01
   3.7778040e+06   3.9733887e+01
   3.8020940e+06   3.7353516e+01
   3.8233870e+06   4.6691895e+01
   3.8769360e+06   3.7109375e+01
   3.8798880e+06   4.0649414e+01
   3.9131250e+06   3.5827637e+01
   3.9133450e+06   3.7475586e+01
   3.9328070e+06   3.6193848e+01
   4.0097040e+06   3.5766602e+01
   4.0112370e+06   3.6804199e+01
   4.0116880e+06   4.0100098e+01
   4.0199860e+06   3.6010742e+01
   4.0399270e+06   3.7597656e+01
   4.0416050e+06   3.6743164e+01
   4.0422990e+06   3.5766602e+01
   4.0930680e+06   3.8085937e+01
   4.0935860e+06   3.7902832e+01
   4.1157690e+06   3.8391113e+01
   4.1350000e+06   3.7292480e+01
   4.2538340e+06   3.6071777e+01
   4.3182550e+06   4.5043945e+01
   4.3221030e+06   3.6132812e+01
   4.3659990e+06   3.6437988e+01
   4.3735180e+06   3.6132813e+01
   4.4158580e+06   4.0161133e+01
   4.4380020e+06   3.7231445e+01
   4.4800500e+06   3.9428711e+01
   4.4917900e+06   4.0832520e+01
   4.5052320e+06   3.6315918e+01
   4.5229800e+06   3.7109375e+01
   4.5248990e+06   3.9367676e+01
   4.5599560e+06   4.0893555e+01
   4.5946720e+06   4.0893555e+01
   4.6156090e+06   3.9306641e+01
   4.6189180e+06   3.6987305e+01
   4.6434960e+06   4.4372559e+01
   4.6445340e+06   3.6132812e+01
   4.6963660e+06   3.9245605e+01
   4.7510870e+06   3.6804199e+01
   4.7771030e+06   4.0222168e+01
   4.8045840e+06   3.6193848e+01
   4.8778820e+06   3.5766602e+01
   4.8995130e+06   4.3090820e+01
   5.0005320e+06   3.9916992e+01
   5.0519920e+06   3.6132812e+01
   5.0530580e+06   3.9001465e+01
   5.0535470e+06   3.6987305e+01
   5.1080340e+06   3.6193848e+01
   5.1403630e+06   3.6621094e+01
   5.2333560e+06   3.8940430e+01
   5.2743060e+06   3.7414551e+01
   5.3448800e+06   5.1574707e+01
   5.3694040e+06   4.2968750e+01
   5.3723610e+06   3.6499023e+01
   5.3748110e+06   3.6132812e+01
   5.3900850e+06   3.7048340e+01
   5.3903690e+06   3.7231445e+01
   5.4148440e+06   3.8757324e+01
   5.4604990e+06   3.6987305e+01
   5.5158950e+06   3.8391113e+01
   5.5480930e+06   3.8879395e+01
   5.5712690e+06   3.6560059e+01
   5.7500840e+06   4.4311523e+01
   5.8120050e+06   3.7963867e+01
   5.8261690e+06   4.3762207e+01
   5.9288110e+06   4.0954590e+01
   6.1326360e+06   3.9062500e+01
   6.1644830e+06   3.6560059e+01
   6.3662580e+06   3.7475586e+01
   6.3669460e+06   3.9367676e+01
   6.3847410e+06   4.6203613e+01
   6.9554280e+06   3.5705566e+01
   6.9907600e+06   3.6865234e+01
   6.9992610e+06   4.4128418e+01
   7.0175160e+06   3.9062500e+01
   7.1673660e+06   3.7963867e+01
   7.4400540e+06   3.9428711e+01
   7.4971550e+06   3.7353516e+01
   7.5074800e+06   3.5888672e+01
   7.5529450e+06   3.6376953e+01
   7.8060230e+06   3.6743164e+01
   7.9190920e+06   3.5827637e+01
   8.0589440e+06   3.7414551e+01
   8.1177430e+06   3.6132812e+01
   8.1247450e+06   3.9855957e+01
   8.2826040e+06   3.9733887e+01
   8.2827040e+06   3.5766602e+01
   8.8239460e+06   3.7353516e+01
   8.8247970e+06   3.8146973e+01
   8.8372810e+06   3.8574219e+01
   8.9854520e+06   4.4982910e+01
   8.9857350e+06   3.9062500e+01
