   8.9990000e+06   0.0000000e+00
   9.8800000e+02   4.2541504e+01
   1.7630000e+04   4.2297363e+01
   3.7749000e+04   3.8085938e+01
   9.9110000e+04   1.5783691e+02
   9.9802000e+04   1.5454102e+02
   1.0027500e+05   1.3244629e+02
   1.0029800e+05   4.8950195e+01
   1.0049400e+05   3.8208008e+01
   1.0074700e+05   4.0405273e+01
   1.0082700e+05   1.1712646e+02
   1.0091000e+05   4.8828125e+01
   1.0112900e+05   8.7768555e+01
   1.0130100e+05   4.9194336e+01
   1.0131800e+05   3.8513184e+01
   1.0135000e+05   4.0100098e+01
   1.0137500e+05   4.4433594e+01
   1.0151000e+05   3.6010742e+01
   1.0190500e+05   3.8940430e+01
   1.0200300e+05   4.0649414e+01
   1.0298100e+05   4.4250488e+01
   1.0554800e+05   3.6010742e+01
   1.1371300e+05   1.2518311e+02
   1.1549000e+05   3.5827637e+01
   1.3078300e+05   1.2646484e+02
   1.3153300e+05   1.0894775e+02
   1.3181900e+05   9.7839355e+01
   1.3188200e+05   4.1442871e+01
   1.3206900e+05   5.8288574e+01
   1.3242900e+05   7.3852539e+01
   1.3275800e+05   7.2631836e+01
   1.3308100e+05   7.4401855e+01
   1.3329800e+05   5.4809570e+01
   1.3377500e+05   4.8889160e+01
   1.5531800e+05   3.6132812e+01
   1.9413100e+05   3.5766602e+01
   2.0756800e+05   3.7780762e+01
   2.3450500e+05   3.6865234e+01
   2.5542800e+05   3.5949707e+01
   2.8051700e+05   3.7719727e+01
   3.0179700e+05   3.9428711e+01
   3.4034400e+05   1.4111328e+02
   3.4321000e+05   1.3916016e+02
   3.4364400e+05   1.2176514e+02
   3.4440200e+05   1.1132812e+02
   3.4453200e+05   3.8818359e+01
   3.4486100e+05   1.0180664e+02
   3.4510800e+05   5.4199219e+01
   3.4525000e+05   7.8735352e+01
   3.4546200e+05   4.0649414e+01
   3.4565600e+05   4.2846680e+01
   3.4615900e+05   5.8654785e+01
   3.5723600e+05   3.6132812e+01
   3.7841700e+05   3.6254883e+01
   4.0370000e+05   3.6499023e+01
   4.1756200e+05   3.5766602e+01
   4.2748400e+05   3.5583496e+01
   4.3621800e+05   3.8513184e+01
   4.4010700e+05   3.7414551e+01
   4.6266200e+05   3.6071777e+01
   4.6978400e+05   3.7109375e+01
   4.7321200e+05   3.8208008e+01
   4.8442700e+05   3.7597656e+01
   4.9638800e+05   3.5583496e+01
   4.9963800e+05   4.2541504e+01
   5.1108400e+05   3.8024902e+01
   5.4464800e+05   3.6804199e+01
   5.4872900e+05   3.7231445e+01
   5.5997800e+05   3.6254883e+01
   5.7616700e+05   3.7353516e+01
   6.0279400e+05   3.8513184e+01
   6.1229700e+05   3.7658691e+01
   6.2175400e+05   3.6071777e+01
   6.3159200e+05   3.6987305e+01
   6.4245200e+05   3.7597656e+01
   7.0357300e+05   3.5766602e+01
   7.4661100e+05   4.1137695e+01
   7.5010900e+05   4.2297363e+01
   7.8497600e+05   1.5930176e+02
   7.8569300e+05   1.2902832e+02
   7.8779700e+05   3.7841797e+01
   7.8810600e+05   3.5827637e+01
   7.8830000e+05   3.6560059e+01
   8.0495700e+05   4.1198730e+01
   8.1098700e+05   4.1076660e+01
   8.1937800e+05   3.5888672e+01
   8.2318600e+05   3.5766602e+01
   8.3671000e+05   4.1931152e+01
   9.0286600e+05   3.9733887e+01
   9.0858400e+05   3.6865234e+01
   9.4848200e+05   3.6254883e+01
   9.5609800e+05   1.5087891e+02
   9.5674100e+05   3.6743164e+01
   9.5702300e+05   1.4294434e+02
   9.5721100e+05   3.6499023e+01
   9.8746100e+05   3.6132812e+01
   1.0154800e+06   3.8574219e+01
   1.0316740e+06   4.0222168e+01
   1.0363420e+06   1.4807129e+02
   1.0373640e+06   4.2663574e+01
   1.0378610e+06   1.3873291e+02
   1.0751810e+06   3.6132812e+01
   1.0866990e+06   3.5583496e+01
   1.1054320e+06   4.0649414e+01
   1.1093280e+06   4.0771484e+01
   1.1236020e+06   3.6071777e+01
   1.1281170e+06   3.9855957e+01
   1.1372170e+06   3.7719727e+01
   1.1427650e+06   3.5888672e+01
   1.1475530e+06   1.5423584e+02
   1.1616670e+06   4.2053223e+01
   1.2069140e+06   3.6621094e+01
   1.2200890e+06   3.7658691e+01
   1.2942470e+06   1.6546631e+02
   1.2946900e+06   1.4440918e+02
   1.2954980e+06   1.1291504e+02
   1.2956690e+06   3.5644531e+01
   1.2960550e+06   4.6997070e+01
   1.2960880e+06   4.0771484e+01
   1.2962450e+06   1.0449219e+02
   1.2964190e+06   3.6132812e+01
   1.2964380e+06   4.6569824e+01
   1.2965650e+06   3.7170410e+01
   1.2966120e+06   9.1003418e+01
   1.2970450e+06   7.2570801e+01
   1.3073920e+06   3.7719727e+01
   1.3094780e+06   4.4494629e+01
   1.3213900e+06   1.4349365e+02
   1.3235950e+06   1.3391113e+02
   1.3240160e+06   1.2237549e+02
   1.3250680e+06   1.0522461e+02
   1.3254190e+06   3.7963867e+01
   1.3256600e+06   8.6669922e+01
   1.3259480e+06   4.0893555e+01
   1.3261660e+06   3.6437988e+01
   1.3442930e+06   3.8330078e+01
   1.3508080e+06   1.3391113e+02
   1.3529970e+06   1.2792969e+02
   1.3551930e+06   1.3226318e+02
   1.3559130e+06   1.0028076e+02
   1.3559470e+06   3.7841797e+01
   1.3565870e+06   7.3486328e+01
   1.3567410e+06   4.0649414e+01
   1.3569840e+06   6.0180664e+01
   1.3573490e+06   3.5949707e+01
   1.3575490e+06   7.1472168e+01
   1.3578900e+06   4.7119141e+01
   1.3582470e+06   3.9367676e+01
   1.3878130e+06   4.1442871e+01
   1.3905770e+06   3.5888672e+01
   1.3977820e+06   3.6376953e+01
   1.4055180e+06   3.6560059e+01
   1.4338640e+06   3.5644531e+01
   1.4426350e+06   4.2053223e+01
   1.4704070e+06   4.1687012e+01
   1.4738320e+06   3.7536621e+01
   1.4782220e+06   3.7597656e+01
   1.4817860e+06   3.6071777e+01
   1.5015760e+06   3.6132812e+01
   1.5092550e+06   4.0527344e+01
   1.5660300e+06   3.5827637e+01
   1.5693600e+06   4.2114258e+01
   1.5876370e+06   3.7597656e+01
   1.5949250e+06   3.5888672e+01
   1.5999820e+06   3.5644531e+01
   1.6233370e+06   3.6437988e+01
   1.6304860e+06   3.8940430e+01
   1.6379540e+06   3.9062500e+01
   1.6409070e+06   3.7353516e+01
   1.6475050e+06   3.7170410e+01
   1.6661970e+06   4.3212891e+01
   1.6855250e+06   4.1259766e+01
   1.6891410e+06   4.2602539e+01
   1.6922050e+06   3.6621094e+01
   1.7157480e+06   3.8208008e+01
   1.7623340e+06   3.6621094e+01
   1.7649140e+06   3.6926270e+01
   1.7971680e+06   4.1870117e+01
   1.8460720e+06   3.7475586e+01
   1.8613690e+06   1.5393066e+02
   1.8664420e+06   3.7719727e+01
   1.8920800e+06   4.0283203e+01
   1.9167840e+06   3.6254883e+01
   1.9306150e+06   3.8208008e+01
   1.9410530e+06   3.7170410e+01
   1.9504950e+06   4.0283203e+01
   1.9538360e+06   3.6865234e+01
   1.9885290e+06   3.9733887e+01
   2.0029430e+06   3.5827637e+01
   2.0114990e+06   3.5949707e+01
   2.0182610e+06   4.2968750e+01
   2.0231150e+06   3.5644531e+01
   2.0508450e+06   3.8757324e+01
   2.0694760e+06   1.4855957e+02
   2.0697210e+06   5.1269531e+01
   2.0700450e+06   5.1513672e+01
   2.0701500e+06   1.4587402e+02
   2.0703370e+06   4.1015625e+01
   2.0703610e+06   3.6499023e+01
   2.0705740e+06   1.1553955e+02
   2.0708160e+06   6.4208984e+01
   2.0708470e+06   9.0759277e+01
   2.0710810e+06   6.5124512e+01
   2.0711690e+06   3.7048340e+01
   2.0716590e+06   4.1320801e+01
   2.0720670e+06   4.8950195e+01
   2.0724330e+06   5.7678223e+01
   2.0728880e+06   5.1574707e+01
   2.0735490e+06   5.8471680e+01
   2.0794410e+06   3.7109375e+01
   2.0812160e+06   1.1334229e+02
   2.0815680e+06   9.7351074e+01
   2.0818270e+06   5.8410645e+01
   2.0821080e+06   6.0791016e+01
   2.0897300e+06   3.6926270e+01
   2.0938030e+06   4.2541504e+01
   2.0955570e+06   3.9855957e+01
   2.0961280e+06   3.7719727e+01
   2.1132360e+06   3.8513184e+01
   2.1992150e+06   3.8696289e+01
   2.2198720e+06   3.5827637e+01
   2.2365850e+06   3.5583496e+01
   2.2411930e+06   3.7231445e+01
   2.2504290e+06   3.7475586e+01
   2.2695530e+06   3.6499023e+01
   2.2837510e+06   3.5949707e+01
   2.3058060e+06   3.6315918e+01
   2.3150210e+06   4.0832520e+01
   2.3236900e+06   3.6926270e+01
   2.3405100e+06   4.0649414e+01
   2.3640660e+06   3.5888672e+01
   2.3861640e+06   3.7109375e+01
   2.4209650e+06   3.6560059e+01
   2.4243690e+06   3.5888672e+01
   2.4448920e+06   3.6376953e+01
   2.4531960e+06   4.2541504e+01
   2.4535350e+06   1.6320801e+02
   2.4910050e+06   4.1076660e+01
   2.5023240e+06   3.6743164e+01
   2.5277130e+06   3.6865234e+01
   2.5621640e+06   4.2968750e+01
   2.5690940e+06   3.6926270e+01
   2.5714520e+06   3.8146973e+01
   2.5857470e+06   3.6132812e+01
   2.5923100e+06   1.5045166e+02
   2.5976940e+06   3.6376953e+01
   2.6105120e+06   3.5644531e+01
   2.6186980e+06   3.5888672e+01
   2.6301150e+06   3.5644531e+01
   2.6346940e+06   3.7353516e+01
   2.6410960e+06   1.5319824e+02
   2.6465960e+06   1.3348389e+02
   2.6556240e+06   3.9428711e+01
   2.6608470e+06   3.6682129e+01
   2.6623470e+06   1.4489746e+02
   2.6625570e+06   5.1086426e+01
   2.6627090e+06   1.2524414e+02
   2.6628120e+06   3.7292480e+01
   2.6634340e+06   3.5827637e+01
   2.6638630e+06   3.9611816e+01
   2.6638740e+06   3.9367676e+01
   2.6639140e+06   3.8269043e+01
   2.6641930e+06   4.5349121e+01
   2.6781740e+06   3.6987305e+01
   2.6888000e+06   3.6193848e+01
   2.7016710e+06   1.3562012e+02
   2.7052520e+06   4.4372559e+01
   2.7096590e+06   1.3024902e+02
   2.7162360e+06   3.5949707e+01
   2.7415750e+06   3.7963867e+01
   2.7597850e+06   4.3518066e+01
   2.7656880e+06   3.7231445e+01
   2.7795930e+06   3.6560059e+01
   2.7798200e+06   3.6682129e+01
   2.7865970e+06   4.0832520e+01
   2.7914500e+06   3.7170410e+01
   2.8020680e+06   3.5766602e+01
   2.8259850e+06   4.1259766e+01
   2.8354210e+06   3.5583496e+01
   2.8519990e+06   3.6560059e+01
   2.8579300e+06   1.5588379e+02
   2.8634910e+06   1.4178467e+02
   2.8723180e+06   3.8146973e+01
   2.8971320e+06   4.4921875e+01
   2.8974540e+06   1.5649414e+02
   2.8978330e+06   3.8269043e+01
   2.8981880e+06   1.2176514e+02
   2.9046160e+06   3.6376953e+01
   2.9123180e+06   3.7902832e+01
   2.9170820e+06   3.6682129e+01
   2.9353320e+06   3.5644531e+01
   2.9497030e+06   3.7109375e+01
   2.9625080e+06   1.3751221e+02
   2.9826700e+06   1.4910889e+02
   2.9974330e+06   4.0588379e+01
   3.0181180e+06   3.8513184e+01
   3.0308810e+06   3.7048340e+01
   3.0534410e+06   3.7597656e+01
   3.0542380e+06   1.4764404e+02
   3.0665860e+06   3.5644531e+01
   3.0713870e+06   3.8879395e+01
   3.0768740e+06   1.4489746e+02
   3.0862270e+06   1.4172363e+02
   3.0873460e+06   1.3122559e+02
   3.0883680e+06   3.6132812e+01
   3.0891000e+06   1.3122559e+02
   3.0949220e+06   3.6193848e+01
   3.0978450e+06   4.1015625e+01
   3.1030660e+06   1.3128662e+02
   3.1036580e+06   4.2663574e+01
   3.1043460e+06   1.2799072e+02
   3.1047320e+06   3.8085938e+01
   3.1050800e+06   4.2114258e+01
   3.1052840e+06   1.3092041e+02
   3.1055760e+06   8.3068848e+01
   3.1059970e+06   8.1298828e+01
   3.1062670e+06   5.7006836e+01
   3.1065390e+06   3.7475586e+01
   3.1065750e+06   5.3588867e+01
   3.1067230e+06   3.7902832e+01
   3.1371480e+06   3.9367676e+01
   3.1429630e+06   1.2847900e+02
   3.1435850e+06   1.1987305e+02
   3.1468670e+06   3.7231445e+01
   3.1649730e+06   1.3403320e+02
   3.1691560e+06   1.2854004e+02
   3.1846560e+06   1.5191650e+02
   3.2026760e+06   1.3427734e+02
   3.2035540e+06   1.1578369e+02
   3.2043740e+06   3.8757324e+01
   3.2053040e+06   3.6926270e+01
   3.2065470e+06   4.0405273e+01
   3.2080240e+06   3.6743164e+01
   3.2266970e+06   3.5827637e+01
   3.2267990e+06   3.6437988e+01
   3.2273120e+06   1.2011719e+02
   3.2303900e+06   3.6987305e+01
   3.2422110e+06   3.8818359e+01
   3.2477950e+06   1.5222168e+02
   3.2507220e+06   3.7902832e+01
   3.2543310e+06   1.2756348e+02
   3.2573020e+06   3.5644531e+01
   3.2617470e+06   3.6193848e+01
   3.2650390e+06   3.8879395e+01
   3.2826060e+06   3.7841797e+01
   3.2926970e+06   3.9733887e+01
   3.3039370e+06   3.6315918e+01
   3.3173360e+06   3.6010742e+01
   3.3210590e+06   3.8208008e+01
   3.3485790e+06   3.5888672e+01
   3.3605310e+06   3.5644531e+01
   3.3677850e+06   3.5888672e+01
   3.3808870e+06   3.9001465e+01
   3.4270650e+06   3.9489746e+01
   3.4374790e+06   1.5405273e+02
   3.4451600e+06   3.7597656e+01
   3.4489010e+06   3.6682129e+01
   3.4651270e+06   1.3458252e+02
   3.4702610e+06   3.5949707e+01
   3.4741000e+06   3.6499023e+01
   3.4965360e+06   3.5583496e+01
   3.5000580e+06   3.8818359e+01
   3.5059750e+06   1.5313721e+02
   3.5111180e+06   3.5705566e+01
   3.5117290e+06   1.2585449e+02
   3.5148510e+06   3.8208008e+01
   3.5184430e+06   4.0039062e+01
   3.5302060e+06   4.1931152e+01
   3.5373740e+06   4.1320801e+01
   3.5609230e+06   3.6987305e+01
   3.5693090e+06   3.9245605e+01
   3.5782800e+06   3.8269043e+01
   3.6049430e+06   3.5644531e+01
   3.6088580e+06   1.3635254e+02
   3.6200510e+06   3.5644531e+01
   3.6276930e+06   1.4392090e+02
   3.6277870e+06   4.2541504e+01
   3.6574100e+06   3.7841797e+01
   3.6580080e+06   1.4874268e+02
   3.6599720e+06   3.8391113e+01
   3.6664270e+06   3.6865234e+01
   3.6688520e+06   4.5349121e+01
   3.6705530e+06   1.3250732e+02
   3.6852300e+06   3.5827637e+01
   3.7062930e+06   3.7780762e+01
   3.7097040e+06   1.5179443e+02
   3.7132900e+06   3.6804199e+01
   3.7187260e+06   1.5106201e+02
   3.7254640e+06   4.0954590e+01
   3.7324740e+06   4.0405273e+01
   3.7539450e+06   1.4300537e+02
   3.7567160e+06   4.4128418e+01
   3.7645480e+06   3.9672852e+01
   3.7795190e+06   3.8330078e+01
   3.7974270e+06   3.9306641e+01
   3.8006890e+06   3.7292480e+01
   3.8133620e+06   3.9489746e+01
   3.8148330e+06   1.4965820e+02
   3.8168880e+06   3.8208008e+01
   3.8180520e+06   1.4099121e+02
   3.8374270e+06   4.0527344e+01
   3.8409810e+06   3.6743164e+01
   3.8419710e+06   3.6499023e+01
   3.8597610e+06   3.5888672e+01
   3.8619310e+06   4.1442871e+01
   3.8664920e+06   1.4276123e+02
   3.8684890e+06   1.2548828e+02
   3.8698650e+06   1.1877441e+02
   3.8705340e+06   1.2280273e+02
   3.8709600e+06   4.3395996e+01
   3.8718670e+06   1.0986328e+02
   3.8828390e+06   3.9428711e+01
   3.8893200e+06   1.3073730e+02
   3.8987390e+06   4.5410156e+01
   3.9049490e+06   3.5949707e+01
   3.9127930e+06   3.5644531e+01
   3.9186370e+06   3.7719727e+01
   3.9262200e+06   1.4984131e+02
   3.9266320e+06   1.3958740e+02
   3.9274930e+06   5.7556152e+01
   3.9277780e+06   1.1968994e+02
   3.9280350e+06   9.6252441e+01
   3.9287140e+06   9.6496582e+01
   3.9290980e+06   8.2397461e+01
   3.9296150e+06   8.8867188e+01
   3.9300980e+06   7.2814941e+01
   3.9304030e+06   3.7109375e+01
   3.9304390e+06   5.8471680e+01
   3.9308460e+06   3.9672852e+01
   3.9415520e+06   3.8269043e+01
   3.9475780e+06   3.6804199e+01
   3.9572830e+06   1.3775635e+02
   3.9574850e+06   3.6315918e+01
   3.9577550e+06   1.1425781e+02
   3.9580450e+06   9.7717285e+01
   3.9581770e+06   3.7109375e+01
   3.9584150e+06   8.1726074e+01
   3.9586640e+06   5.1513672e+01
   3.9589230e+06   3.8146973e+01
   3.9758690e+06   3.8879395e+01
   3.9763940e+06   9.9121094e+01
   3.9776100e+06   9.5703125e+01
   3.9787490e+06   7.3852539e+01
   3.9791940e+06   5.3405762e+01
   3.9795290e+06   3.6376953e+01
   3.9809210e+06   3.7170410e+01
   3.9875980e+06   3.8391113e+01
   4.0069510e+06   3.6621094e+01
   4.0139860e+06   3.6621094e+01
   4.0141640e+06   3.9550781e+01
   4.0146690e+06   3.7353516e+01
   4.0153560e+06   3.9123535e+01
   4.0159050e+06   1.3543701e+02
   4.0175930e+06   1.1206055e+02
   4.0193550e+06   3.5766602e+01
   4.0435270e+06   1.3269043e+02
   4.0450150e+06   3.6315918e+01
   4.0457590e+06   1.3800049e+02
   4.0460020e+06   4.4128418e+01
   4.0463110e+06   1.1022949e+02
   4.0463370e+06   4.1870117e+01
   4.0467640e+06   1.0638428e+02
   4.0472040e+06   8.1420898e+01
   4.0475460e+06   7.9040527e+01
   4.0478500e+06   5.7800293e+01
   4.0482450e+06   5.1391602e+01
   4.0486030e+06   3.5949707e+01
   4.0493780e+06   3.9367676e+01
   4.0516710e+06   3.6743164e+01
   4.0747480e+06   3.6254883e+01
   4.0954110e+06   4.0771484e+01
   4.1044290e+06   4.1931152e+01
   4.1103630e+06   4.0588379e+01
   4.1205280e+06   3.5949707e+01
   4.1363230e+06   3.6437988e+01
   4.1468810e+06   3.6254883e+01
   4.1581370e+06   3.6926270e+01
   4.1687700e+06   3.5827637e+01
   4.1778850e+06   4.8828125e+01
   4.1874930e+06   3.7475586e+01
   4.2055680e+06   3.7170410e+01
   4.2142430e+06   3.9062500e+01
   4.2159950e+06   4.4799805e+01
   4.2162520e+06   1.4532471e+02
   4.2240790e+06   3.9855957e+01
   4.2427660e+06   1.3360596e+02
   4.2716370e+06   3.9245605e+01
   4.2738600e+06   1.5234375e+02
   4.2866460e+06   3.7597656e+01
   4.2908950e+06   3.6254883e+01
   4.2945700e+06   4.2480469e+01
   4.3001930e+06   3.7841797e+01
   4.3093190e+06   3.6743164e+01
   4.3128210e+06   3.8024902e+01
   4.3165010e+06   3.6071777e+01
   4.3225140e+06   1.3604736e+02
   4.3358020e+06   3.6376953e+01
   4.3576210e+06   4.1381836e+01
   4.3604800e+06   4.0893555e+01
   4.3651900e+06   1.4080811e+02
   4.3664480e+06   3.7353516e+01
   4.3906180e+06   3.7719727e+01
   4.4008350e+06   4.1137695e+01
   4.4338650e+06   1.4227295e+02
   4.4349060e+06   3.7902832e+01
   4.4355080e+06   1.4257813e+02
   4.4360600e+06   1.2756348e+02
   4.4361310e+06   3.6071777e+01
   4.4364510e+06   4.2480469e+01
   4.4436710e+06   4.1442871e+01
   4.4504000e+06   3.7536621e+01
   4.4586400e+06   3.6071777e+01
   4.4589880e+06   1.3208008e+02
   4.4630890e+06   3.7292480e+01
   4.4647210e+06   1.3806152e+02
   4.4668880e+06   1.1865234e+02
   4.4724700e+06   4.1198730e+01
   4.4798470e+06   3.5644531e+01
   4.4879800e+06   3.9245605e+01
   4.4883270e+06   3.6315918e+01
   4.4889170e+06   1.3500977e+02
   4.4894270e+06   1.1523438e+02
   4.4909360e+06   1.2719727e+02
   4.4913080e+06   4.8095703e+01
   4.4914970e+06   8.8684082e+01
   4.4917820e+06   5.9753418e+01
   4.4920780e+06   5.2490234e+01
   4.4924610e+06   5.4931641e+01
   4.5041550e+06   3.6987305e+01
   4.5189080e+06   4.1564941e+01
   4.5193080e+06   4.5959473e+01
   4.5198390e+06   4.2846680e+01
   4.5199490e+06   1.4611816e+02
   4.5227820e+06   1.2646484e+02
   4.5258580e+06   3.7292480e+01
   4.5264840e+06   1.1706543e+02
   4.5274930e+06   1.0766602e+02
   4.5279190e+06   1.0278320e+02
   4.5373000e+06   4.0222168e+01
   4.5398860e+06   3.7292480e+01
   4.5434260e+06   9.4665527e+01
   4.5541930e+06   3.7109375e+01
   4.5598490e+06   3.7414551e+01
   4.5619210e+06   3.8635254e+01
   4.5621510e+06   1.3873291e+02
   4.5628340e+06   1.3562012e+02
   4.5631550e+06   1.0552979e+02
   4.5634840e+06   8.3740234e+01
   4.5640660e+06   8.1848145e+01
   4.5890580e+06   3.6926270e+01
   4.5929490e+06   1.2670898e+02
   4.5995370e+06   1.3677979e+02
   4.6002530e+06   1.2274170e+02
   4.6006240e+06   4.6875000e+01
   4.6007130e+06   1.1334229e+02
   4.6009930e+06   3.6621094e+01
   4.6010060e+06   8.2336426e+01
   4.6012620e+06   5.5603027e+01
   4.6013070e+06   3.5949707e+01
   4.6015430e+06   3.8940430e+01
   4.6018860e+06   6.7687988e+01
   4.6020080e+06   3.6315918e+01
   4.6021360e+06   3.9184570e+01
   4.6209160e+06   3.9428711e+01
   4.6227650e+06   3.9367676e+01
   4.6275470e+06   3.6315918e+01
   4.6302310e+06   1.3397217e+02
   4.6308990e+06   3.8513184e+01
   4.6313520e+06   1.2292480e+02
   4.6316490e+06   1.0314941e+02
   4.6319330e+06   8.2336426e+01
   4.6323110e+06   7.3486328e+01
   4.6326240e+06   6.4086914e+01
   4.6329230e+06   4.5166016e+01
   4.6503410e+06   3.6315918e+01
   4.6661050e+06   3.6254883e+01
   4.6934570e+06   1.4978027e+02
   4.6938420e+06   1.4141846e+02
   4.6939720e+06   4.4067383e+01
   4.6944130e+06   4.0527344e+01
   4.6946160e+06   1.1779785e+02
   4.6947740e+06   4.0039062e+01
   4.6948260e+06   3.6682129e+01
   4.6948740e+06   3.6071777e+01
   4.6950070e+06   9.7717285e+01
   4.6952580e+06   7.5073242e+01
   4.6955030e+06   4.4006348e+01
   4.6957450e+06   3.5888672e+01
   4.7085380e+06   3.5949707e+01
   4.7167800e+06   1.1370850e+02
   4.7172500e+06   9.9060059e+01
   4.7176050e+06   7.4401855e+01
   4.7179020e+06   4.9499512e+01
   4.7182170e+06   5.6884766e+01
   4.7185310e+06   3.6010742e+01
   4.7389300e+06   3.9489746e+01
   4.7512740e+06   3.9184570e+01
   4.7854730e+06   3.6437988e+01
   4.8154020e+06   3.9916992e+01
   4.8249080e+06   3.7170410e+01
   4.8293340e+06   3.5705566e+01
   4.8337030e+06   3.9489746e+01
   4.8593880e+06   3.8330078e+01
   4.8701200e+06   3.6926270e+01
   4.8878900e+06   3.6804199e+01
   4.8917820e+06   3.7963867e+01
   4.8966450e+06   3.6682129e+01
   4.9120950e+06   3.5766602e+01
   4.9166100e+06   3.8940430e+01
   4.9336700e+06   3.8085937e+01
   4.9591940e+06   3.7902832e+01
   4.9626930e+06   3.5949707e+01
   4.9682190e+06   4.3151855e+01
   4.9730830e+06   3.6865234e+01
   4.9971300e+06   3.9245605e+01
   5.0132850e+06   4.2846680e+01
   5.0448460e+06   3.7048340e+01
   5.0600680e+06   3.7475586e+01
   5.0656140e+06   3.6254883e+01
   5.0694040e+06   3.6926270e+01
   5.0736140e+06   3.5888672e+01
   5.0838590e+06   3.9367676e+01
   5.0923760e+06   3.7536621e+01
   5.1050070e+06   4.1870117e+01
   5.1316570e+06   3.8330078e+01
   5.1373580e+06   3.6132812e+01
   5.1374310e+06   3.9123535e+01
   5.1801190e+06   3.6743164e+01
   5.1995750e+06   1.4355469e+02
   5.2163410e+06   3.5949707e+01
   5.2484350e+06   4.1137695e+01
   5.2693870e+06   3.6376953e+01
   5.2828420e+06   4.2053223e+01
   5.2993720e+06   5.0903320e+01
   5.3100180e+06   3.5583496e+01
   5.3223390e+06   3.7414551e+01
   5.3332850e+06   1.5191650e+02
   5.3343950e+06   4.3029785e+01
   5.3344520e+06   4.2419434e+01
   5.3385740e+06   3.8085937e+01
   5.3571900e+06   3.5583496e+01
   5.3678990e+06   4.2785645e+01
   5.3707660e+06   1.4428711e+02
   5.3722590e+06   1.1199951e+02
   5.3725430e+06   4.1931152e+01
   5.3727150e+06   1.2200928e+02
   5.3737420e+06   4.2358398e+01
   5.3739790e+06   4.5043945e+01
   5.3741750e+06   4.8156738e+01
   5.3742090e+06   1.1773682e+02
   5.3748160e+06   1.0363770e+02
   5.3752110e+06   9.1796875e+01
   5.3871570e+06   3.9489746e+01
   5.3929430e+06   3.5644531e+01
   5.3995390e+06   3.6682129e+01
   5.4025570e+06   4.7973633e+01
   5.4034210e+06   3.6865234e+01
   5.4034720e+06   3.6926270e+01
   5.4117970e+06   3.9916992e+01
   5.4167520e+06   1.4355469e+02
   5.4177290e+06   1.3934326e+02
   5.4183760e+06   1.3409424e+02
   5.4187730e+06   1.0797119e+02
   5.4191390e+06   3.6560059e+01
   5.4197570e+06   1.1151123e+02
   5.4197850e+06   4.2907715e+01
   5.4198630e+06   4.1809082e+01
   5.4211140e+06   9.5336914e+01
   5.4216250e+06   8.2641602e+01
   5.4239460e+06   3.7780762e+01
   5.4376380e+06   1.2646484e+02
   5.4379980e+06   1.1413574e+02
   5.4383350e+06   1.0327148e+02
   5.4386770e+06   8.6425781e+01
   5.4389250e+06   4.3823242e+01
   5.4391800e+06   3.7597656e+01
   5.4404190e+06   4.2053223e+01
   5.4412780e+06   3.8024902e+01
   5.4471070e+06   3.5766602e+01
   5.4538970e+06   3.7170410e+01
   5.4637890e+06   1.2597656e+02
   5.4647400e+06   1.1486816e+02
   5.4650250e+06   3.7048340e+01
   5.4653350e+06   9.9243164e+01
   5.4657270e+06   8.8073730e+01
   5.4657450e+06   3.6804199e+01
   5.4660780e+06   7.7392578e+01
   5.4664780e+06   6.1950684e+01
   5.4668040e+06   4.1076660e+01
   5.4671620e+06   4.1259766e+01
   5.4785760e+06   3.8146973e+01
   5.4852330e+06   4.1564941e+01
   5.4991480e+06   3.7963867e+01
   5.5082360e+06   3.6010742e+01
   5.5127850e+06   4.3640137e+01
   5.5129600e+06   1.3488770e+02
   5.5130730e+06   4.1259766e+01
   5.5130970e+06   3.9428711e+01
   5.5132850e+06   1.1254883e+02
   5.5136350e+06   3.9123535e+01
   5.5136660e+06   1.1450195e+02
   5.5137490e+06   3.8513184e+01
   5.5139530e+06   8.6425781e+01
   5.5140130e+06   4.2297363e+01
   5.5142820e+06   7.1228027e+01
   5.5144570e+06   3.5644531e+01
   5.5145590e+06   6.0607910e+01
   5.5148780e+06   7.2937012e+01
   5.5151830e+06   5.5603027e+01
   5.5495750e+06   3.5888672e+01
   5.5531530e+06   4.1687012e+01
   5.5652320e+06   3.5888672e+01
   5.5685140e+06   4.3334961e+01
   5.5754180e+06   3.7048340e+01
   5.5924090e+06   3.6315918e+01
   5.6244390e+06   3.9794922e+01
   5.6320870e+06   3.8146973e+01
   5.6683530e+06   3.5888672e+01
   5.6974680e+06   3.5949707e+01
   5.7091700e+06   3.9123535e+01
   5.7410940e+06   3.8146973e+01
   5.7622690e+06   3.5888672e+01
   5.7663520e+06   3.5949707e+01
   5.7723400e+06   3.8879395e+01
   5.7731210e+06   3.6987305e+01
   5.7895330e+06   3.8391113e+01
   5.7952230e+06   4.1564941e+01
   5.7968990e+06   3.5888672e+01
   5.8024560e+06   3.9916992e+01
   5.8106280e+06   3.6010742e+01
   5.8225120e+06   3.7475586e+01
   5.8706160e+06   3.5949707e+01
   5.8899360e+06   4.0405273e+01
   5.8998690e+06   3.6071777e+01
   5.9159530e+06   3.5888672e+01
   5.9274680e+06   3.5705566e+01
   5.9334120e+06   3.6560059e+01
   5.9390440e+06   1.4678955e+02
   5.9471720e+06   4.2968750e+01
   5.9622700e+06   3.6682129e+01
   5.9889360e+06   4.0954590e+01
   6.0001570e+06   1.5533447e+02
   6.0045690e+06   3.6926270e+01
   6.0057190e+06   1.4178467e+02
   6.0063760e+06   1.3104248e+02
   6.0063950e+06   3.7658691e+01
   6.0071100e+06   4.3273926e+01
   6.0075130e+06   3.7109375e+01
   6.0075600e+06   1.3604736e+02
   6.0080330e+06   3.5583496e+01
   6.0085720e+06   3.8085938e+01
   6.0195310e+06   3.6132812e+01
   6.0234390e+06   4.2541504e+01
   6.0335990e+06   4.1320801e+01
   6.0466350e+06   3.8818359e+01
   6.0508830e+06   3.6132812e+01
   6.0625850e+06   1.5356445e+02
   6.0635960e+06   4.1931152e+01
   6.0641780e+06   3.7475586e+01
   6.0647610e+06   3.6865234e+01
   6.0686410e+06   3.6682129e+01
   6.0740790e+06   4.1687012e+01
   6.1008290e+06   4.0100098e+01
   6.1357620e+06   3.6254883e+01
   6.1524650e+06   3.8208008e+01
   6.1819140e+06   3.5949707e+01
   6.1941620e+06   3.6254883e+01
   6.2011170e+06   3.5644531e+01
   6.2055970e+06   4.0771484e+01
   6.2147780e+06   4.3457031e+01
   6.2212780e+06   1.5454102e+02
   6.2219040e+06   1.5905762e+02
   6.2222720e+06   4.1748047e+01
   6.2223800e+06   4.3273926e+01
   6.2480180e+06   3.6010742e+01
   6.2515430e+06   3.5949707e+01
   6.2727550e+06   3.9123535e+01
   6.2805390e+06   3.9367676e+01
   6.2890360e+06   3.6499023e+01
   6.3052610e+06   3.6499023e+01
   6.3161680e+06   3.6010742e+01
   6.3201180e+06   3.6315918e+01
   6.3338660e+06   3.7231445e+01
   6.3363610e+06   3.6499023e+01
   6.3523690e+06   3.6743164e+01
   6.3545930e+06   1.5350342e+02
   6.3658110e+06   1.7364502e+02
   6.3659270e+06   4.2602539e+01
   6.3659980e+06   3.9306641e+01
   6.3660730e+06   4.2297363e+01
   6.3664880e+06   5.3588867e+01
   6.3665230e+06   1.4208984e+02
   6.3665420e+06   3.6682129e+01
   6.3666850e+06   3.9794922e+01
   6.3742190e+06   3.6132812e+01
   6.3778330e+06   3.8391113e+01
   6.3897660e+06   3.5827637e+01
   6.3929680e+06   3.5766602e+01
   6.4027330e+06   4.1442871e+01
   6.4042050e+06   3.6437988e+01
   6.4112270e+06   1.4349365e+02
   6.4125440e+06   3.6499023e+01
   6.4127650e+06   3.7414551e+01
   6.4127960e+06   4.3212891e+01
   6.4128430e+06   1.4984131e+02
   6.4132760e+06   1.4355469e+02
   6.4133310e+06   4.1625977e+01
   6.4138250e+06   1.1425781e+02
   6.4139620e+06   5.0781250e+01
   6.4253200e+06   3.7719727e+01
   6.4307120e+06   3.7475586e+01
   6.4353710e+06   1.5142822e+02
   6.4590790e+06   1.2030029e+02
   6.4601380e+06   1.4019775e+02
   6.4602480e+06   3.8452148e+01
   6.4607050e+06   4.3273926e+01
   6.4610070e+06   4.6203613e+01
   6.4610390e+06   4.8645020e+01
   6.4611630e+06   1.1730957e+02
   6.4612750e+06   3.5766602e+01
   6.4616410e+06   1.1480713e+02
   6.4823670e+06   3.8330078e+01
   6.4862630e+06   3.8940430e+01
   6.4936650e+06   3.6926270e+01
   6.4993290e+06   3.9855957e+01
   6.5030940e+06   3.7170410e+01
   6.5092020e+06   3.6010742e+01
   6.5212690e+06   3.7170410e+01
   6.5267080e+06   3.6621094e+01
   6.5304570e+06   4.1259766e+01
   6.5343550e+06   4.1198730e+01
   6.5387320e+06   3.5705566e+01
   6.5560110e+06   3.8879395e+01
   6.5592730e+06   3.7475586e+01
   6.5805770e+06   3.7963867e+01
   6.5935800e+06   4.1076660e+01
   6.5955500e+06   3.5705566e+01
   6.6181420e+06   3.9123535e+01
   6.6301470e+06   3.9001465e+01
   6.6375350e+06   3.7780762e+01
   6.6420900e+06   3.9245605e+01
   6.6443120e+06   3.8024902e+01
   6.6687000e+06   3.7292480e+01
   6.6799540e+06   4.0283203e+01
   6.6905730e+06   4.0588379e+01
   6.7043880e+06   3.6621094e+01
   6.7145070e+06   3.7841797e+01
   6.7237280e+06   3.8940430e+01
   6.7280380e+06   3.7109375e+01
   6.7409290e+06   3.5644531e+01
   6.7465920e+06   3.8269043e+01
   6.7548020e+06   3.5705566e+01
   6.7589560e+06   3.6193848e+01
   6.7820550e+06   3.9428711e+01
   6.7855450e+06   3.7048340e+01
   6.7898040e+06   3.6376953e+01
   6.8009680e+06   4.5104980e+01
   6.8390100e+06   3.6193848e+01
   6.8446680e+06   3.6865234e+01
   6.8621150e+06   3.6132812e+01
   6.8697740e+06   3.9245605e+01
   6.8729670e+06   3.7231445e+01
   6.8765000e+06   3.6193848e+01
   6.8960930e+06   3.6315918e+01
   6.8962570e+06   5.1391602e+01
   6.8964020e+06   4.2541504e+01
   6.8966640e+06   3.9550781e+01
   6.8970420e+06   4.7485352e+01
   6.8972740e+06   1.5588379e+02
   6.8973120e+06   3.9306641e+01
   6.8976010e+06   3.5705566e+01
   6.9015930e+06   3.8330078e+01
   6.9045110e+06   3.6987305e+01
   6.9167450e+06   3.5644531e+01
   6.9497040e+06   3.7231445e+01
   6.9507740e+06   1.5728760e+02
   6.9525880e+06   3.6193848e+01
   6.9526270e+06   3.7963867e+01
   6.9528240e+06   1.4636230e+02
   6.9532260e+06   5.0476074e+01
   6.9607960e+06   3.6926270e+01
   6.9920810e+06   3.7048340e+01
   6.9943750e+06   1.4422607e+02
   6.9961530e+06   3.9489746e+01
   7.0077370e+06   3.5827637e+01
   7.0140980e+06   3.6804199e+01
   7.0313250e+06   3.8146973e+01
   7.0385080e+06   3.6376953e+01
   7.0423100e+06   3.9916992e+01
   7.0498960e+06   4.3640137e+01
   7.0556890e+06   3.7658691e+01
   7.0993800e+06   3.5766602e+01
   7.1063860e+06   3.8269043e+01
   7.1104330e+06   3.7597656e+01
   7.1288710e+06   3.5705566e+01
   7.1323870e+06   4.2236328e+01
   7.1473310e+06   3.9245605e+01
   7.1683510e+06   3.6621094e+01
   7.1705110e+06   3.5949707e+01
   7.1755900e+06   4.0771484e+01
   7.1827930e+06   3.6071777e+01
   7.2010920e+06   3.7841797e+01
   7.2077170e+06   4.0466309e+01
   7.2166190e+06   3.6193848e+01
   7.2167250e+06   3.6315918e+01
   7.2286910e+06   4.0649414e+01
   7.2393320e+06   3.7231445e+01
   7.2569260e+06   4.5104980e+01
   7.2713350e+06   3.8574219e+01
   7.2930960e+06   3.6560059e+01
   7.2986080e+06   3.6987305e+01
   7.3253660e+06   3.5827637e+01
   7.3269800e+06   3.7658691e+01
   7.3330470e+06   3.6926270e+01
   7.3486270e+06   3.8024902e+01
   7.3522200e+06   3.5949707e+01
   7.3606250e+06   3.5827637e+01
   7.3688030e+06   4.0161133e+01
   7.3734170e+06   3.5888672e+01
   7.3893330e+06   4.1320801e+01
   7.3893900e+06   3.7780762e+01
   7.4104350e+06   3.5766602e+01
   7.4155220e+06   3.6987305e+01
   7.4181890e+06   3.9123535e+01
   7.4206210e+06   3.8635254e+01
   7.4243970e+06   3.5644531e+01
   7.4386800e+06   1.5954590e+02
   7.4387770e+06   5.3649902e+01
   7.4390760e+06   4.1076660e+01
   7.4397900e+06   4.5349121e+01
   7.4403800e+06   3.7719727e+01
   7.4446270e+06   3.6376953e+01
   7.4562150e+06   4.0527344e+01
   7.4598940e+06   3.6132812e+01
   7.4657740e+06   4.0832520e+01
   7.4689090e+06   4.2053223e+01
   7.4731730e+06   3.8757324e+01
   7.4854450e+06   3.5644531e+01
   7.4951130e+06   1.5490723e+02
   7.4964380e+06   1.3067627e+02
   7.4964640e+06   4.0466309e+01
   7.4967630e+06   4.9682617e+01
   7.4972400e+06   3.8879395e+01
   7.4974880e+06   4.8217773e+01
   7.5147450e+06   3.9978027e+01
   7.5192530e+06   3.5827637e+01
   7.5518450e+06   1.6442871e+02
   7.5525200e+06   1.4526367e+02
   7.5526060e+06   4.5959473e+01
   7.5527060e+06   4.7485352e+01
   7.5537050e+06   3.8879395e+01
   7.5540060e+06   4.1259766e+01
   7.5542580e+06   5.3833008e+01
   7.5734850e+06   4.3273926e+01
   7.5916210e+06   3.8696289e+01
   7.6107840e+06   4.1564941e+01
   7.6292890e+06   3.5583496e+01
   7.6718700e+06   4.6508789e+01
   7.6867790e+06   3.9978027e+01
   7.6905610e+06   4.8767090e+01
   7.7085440e+06   3.6682129e+01
   7.7143070e+06   3.6132812e+01
   7.7192810e+06   3.7536621e+01
   7.7517840e+06   4.1076660e+01
   7.7680020e+06   3.5949707e+01
   7.7765950e+06   3.9733887e+01
   7.7796400e+06   3.7353516e+01
   7.7798300e+06   3.6743164e+01
   7.7907970e+06   3.5705566e+01
   7.7951440e+06   3.6743164e+01
   7.8005330e+06   3.6926270e+01
   7.8144840e+06   3.7414551e+01
   7.8264070e+06   3.6376953e+01
   7.8308700e+06   3.6132812e+01
   7.8310550e+06   3.5827637e+01
   7.8355670e+06   3.8513184e+01
   7.8488250e+06   1.5136719e+02
   7.8515930e+06   3.6254883e+01
   7.8536770e+06   3.8635254e+01
   7.8571470e+06   3.5888672e+01
   7.8753590e+06   3.9855957e+01
   7.9016470e+06   3.8085938e+01
   7.9054340e+06   3.7719727e+01
   7.9153380e+06   4.1503906e+01
   7.9196380e+06   3.9367676e+01
   7.9307680e+06   3.7292480e+01
   7.9417230e+06   3.5949707e+01
   8.0131320e+06   3.8391113e+01
   8.0207320e+06   3.5827637e+01
   8.0251520e+06   3.8696289e+01
   8.0335230e+06   3.7963867e+01
   8.0544980e+06   3.9550781e+01
   8.0593710e+06   3.7109375e+01
   8.0657410e+06   4.0222168e+01
   8.0794970e+06   3.6804199e+01
   8.0835110e+06   3.5583496e+01
   8.0875870e+06   3.7231445e+01
   8.0966830e+06   3.9489746e+01
   8.1232920e+06   1.5051270e+02
   8.1246050e+06   4.5227051e+01
   8.1248380e+06   1.4581299e+02
   8.1249060e+06   4.2236328e+01
   8.1299870e+06   3.7292480e+01
   8.1445800e+06   3.7109375e+01
   8.1778410e+06   1.4715576e+02
   8.1788760e+06   3.9489746e+01
   8.1793800e+06   3.6621094e+01
   8.1795050e+06   3.8879395e+01
   8.1797250e+06   1.4727783e+02
   8.1806830e+06   3.5949707e+01
   8.1858350e+06   3.8085938e+01
   8.2013340e+06   3.7719727e+01
   8.2171430e+06   3.6499023e+01
   8.2276280e+06   3.6437988e+01
   8.2352750e+06   3.7170410e+01
   8.2356570e+06   3.8879395e+01
   8.2358440e+06   3.6743164e+01
   8.2360070e+06   4.4921875e+01
   8.2513690e+06   4.3090820e+01
   8.2747350e+06   3.9306641e+01
   8.2792010e+06   4.0222168e+01
   8.2807730e+06   1.7077637e+02
   8.2816850e+06   1.5625000e+02
   8.2821160e+06   3.9794922e+01
   8.2821510e+06   1.4263916e+02
   8.2824530e+06   7.1044922e+01
   8.2831540e+06   3.6437988e+01
   8.3051380e+06   3.7231445e+01
   8.3323930e+06   3.7536621e+01
   8.3326150e+06   1.4782715e+02
   8.3332010e+06   1.6174316e+02
   8.3347340e+06   3.8452148e+01
   8.3352120e+06   1.3641357e+02
   8.3354820e+06   5.7739258e+01
   8.3440440e+06   3.5644531e+01
   8.3480510e+06   4.1198730e+01
   8.3549990e+06   3.6376953e+01
   8.3600020e+06   3.6132812e+01
   8.3751200e+06   4.2785645e+01
   8.3870180e+06   3.9978027e+01
   8.3970020e+06   3.6254883e+01
   8.4270980e+06   4.0954590e+01
   8.4356510e+06   3.7963867e+01
   8.4502950e+06   3.6560059e+01
   8.4544810e+06   3.7536621e+01
   8.4642780e+06   3.6560059e+01
   8.4830600e+06   4.5837402e+01
   8.4980330e+06   3.6315918e+01
   8.5022990e+06   3.7353516e+01
   8.5061240e+06   3.5644531e+01
   8.5138930e+06   4.1320801e+01
   8.5204870e+06   3.6315918e+01
   8.5254330e+06   4.2602539e+01
   8.5300780e+06   3.9611816e+01
   8.5342380e+06   3.5766602e+01
   8.5423480e+06   3.6499023e+01
   8.5464050e+06   4.4616699e+01
   8.5855900e+06   4.1320801e+01
   8.6060020e+06   3.6804199e+01
   8.6097040e+06   3.7231445e+01
   8.6398540e+06   3.5705566e+01
   8.6467810e+06   4.0344238e+01
   8.6512850e+06   4.1259766e+01
   8.6625590e+06   3.5827637e+01
   8.6683810e+06   4.0527344e+01
   8.6933640e+06   3.9794922e+01
   8.7005900e+06   3.6193848e+01
   8.7158770e+06   3.8757324e+01
   8.7192330e+06   3.6315918e+01
   8.7268810e+06   3.7292480e+01
   8.7487230e+06   3.8208008e+01
   8.7536050e+06   3.7231445e+01
   8.7653990e+06   4.5043945e+01
   8.7703250e+06   3.7048340e+01
   8.7747640e+06   3.5766602e+01
   8.7790990e+06   4.0161133e+01
   8.7953470e+06   3.8818359e+01
   8.7995240e+06   4.2602539e+01
   8.8158680e+06   1.6656494e+02
   8.8178410e+06   5.6762695e+01
   8.8178720e+06   4.0527344e+01
   8.8182240e+06   3.5583496e+01
   8.8222620e+06   3.8269043e+01
   8.8250640e+06   3.5705566e+01
   8.8342240e+06   3.8696289e+01
   8.8510090e+06   3.6499023e+01
   8.8550590e+06   3.7719727e+01
   8.8641330e+06   3.8391113e+01
   8.8841000e+06   3.5888672e+01
   8.8865470e+06   4.1198730e+01
   8.8866420e+06   3.6987305e+01
   8.8867510e+06   3.6132812e+01
   8.8870930e+06   3.6132812e+01
   8.9055870e+06   3.8391113e+01
   8.9058320e+06   3.6437988e+01
   8.9141760e+06   3.7780762e+01
   8.9186830e+06   3.7597656e+01
   8.9237580e+06   3.7902832e+01
   8.9311080e+06   3.6926270e+01
   8.9346510e+06   3.6437988e+01
   8.9390720e+06   3.6010742e+01
   8.9467960e+06   3.8818359e+01
   8.9510250e+06   1.3244629e+02
   8.9526350e+06   1.3342285e+02
   8.9558340e+06   3.8024902e+01
   8.9633500e+06   3.7780762e+01
   8.9655060e+06   3.5705566e+01
   8.9740020e+06   3.6743164e+01
   8.9835740e+06   1.5960693e+02
   8.9842530e+06   1.3806152e+02
   8.9845060e+06   1.2207031e+02
   8.9849500e+06   5.0415039e+01
   8.9850520e+06   1.3238525e+02
   8.9851670e+06   3.6987305e+01
   8.9853380e+06   3.9001465e+01
   8.9908420e+06   3.6132812e+01
