   8.9990000e+06   0.0000000e+00
   1.0030400e+05   4.5715332e+01
   1.0055300e+05   4.2480469e+01
   1.0064500e+05   4.5837402e+01
   1.0085900e+05   3.9428711e+01
   1.0092200e+05   3.8085938e+01
   1.3165100e+05   4.2663574e+01
   1.3300500e+05   3.9855957e+01
   1.3432400e+05   3.7719727e+01
   3.4486200e+05   3.8452148e+01
   4.5248300e+05   3.8391113e+01
   7.8783300e+05   4.7180176e+01
   9.2487000e+05   3.8696289e+01
   9.5749200e+05   3.7658691e+01
   9.5865600e+05   4.0222168e+01
   1.0470930e+06   3.7963867e+01
   1.0828820e+06   3.8024902e+01
   1.0939000e+06   3.8574219e+01
   1.1851140e+06   3.9794922e+01
   1.2698110e+06   3.8208008e+01
   1.2956350e+06   4.1564941e+01
   1.3247830e+06   4.4250488e+01
   1.3548400e+06   5.4382324e+01
   1.3550220e+06   3.9245605e+01
   1.3562010e+06   4.5043945e+01
   1.3569310e+06   3.7658691e+01
   1.3572990e+06   4.3090820e+01
   2.0702710e+06   3.8391113e+01
   2.0703830e+06   4.2846680e+01
   2.0710780e+06   3.8574219e+01
   2.0929930e+06   3.9184570e+01
   2.0933910e+06   4.1687012e+01
   2.0936920e+06   4.5288086e+01
   2.0951270e+06   3.9916992e+01
   2.1406850e+06   3.7841797e+01
   2.3298860e+06   3.7902832e+01
   2.6184480e+06   3.7658691e+01
   2.6639310e+06   3.8757324e+01
   2.6640730e+06   3.7719727e+01
   2.6641730e+06   3.9367676e+01
   3.1045510e+06   3.8818359e+01
   3.1426550e+06   4.0710449e+01
   3.1462600e+06   3.9550781e+01
   3.1694470e+06   3.9123535e+01
   3.1989000e+06   4.1015625e+01
   3.2067000e+06   3.8146973e+01
   3.8650050e+06   4.0527344e+01
   3.8872910e+06   4.0161133e+01
   3.9085590e+06   3.8085938e+01
   3.9586270e+06   4.3273926e+01
   3.9597060e+06   4.5104980e+01
   3.9786730e+06   4.2358398e+01
   4.0471540e+06   4.1809082e+01
   4.0472220e+06   3.9978027e+01
   4.3135970e+06   3.8330078e+01
   4.3832150e+06   3.8696289e+01
   4.5246750e+06   3.8635254e+01
   4.5253220e+06   3.8208008e+01
   4.5276160e+06   3.7963867e+01
   4.5633930e+06   4.1259766e+01
   4.5640380e+06   3.9611816e+01
   4.6334790e+06   3.7658691e+01
   4.6336500e+06   3.7658691e+01
   4.6344680e+06   4.1809082e+01
   4.6951810e+06   4.2602539e+01
   4.6952930e+06   3.7719727e+01
   4.7032510e+06   4.0283203e+01
   4.7172270e+06   4.6203613e+01
   4.7175140e+06   4.5288086e+01
   4.7180720e+06   3.8269043e+01
   4.7201960e+06   4.5959473e+01
   4.7573220e+06   3.7780762e+01
   4.7585770e+06   3.9001465e+01
   4.7935850e+06   4.0344238e+01
   5.0436970e+06   4.0893555e+01
   5.3737750e+06   4.0466309e+01
   5.4033510e+06   3.8513184e+01
   5.4206630e+06   3.9245605e+01
   5.4212400e+06   4.7546387e+01
   5.4395530e+06   4.4128418e+01
   5.4398160e+06   4.1809082e+01
   5.4414750e+06   4.3151855e+01
   5.4629730e+06   3.7780762e+01
   5.4652230e+06   4.2968750e+01
   5.4662190e+06   3.8635254e+01
   5.7988690e+06   3.9184570e+01
   5.9108860e+06   3.7841797e+01
   6.3661860e+06   4.0649414e+01
   6.4125420e+06   4.2114258e+01
   6.4155500e+06   3.7658691e+01
   6.4162410e+06   3.7780762e+01
   6.4613840e+06   4.2358398e+01
   6.6388610e+06   4.0832520e+01
   6.8966170e+06   3.8391113e+01
   6.8967160e+06   3.9184570e+01
   6.8970670e+06   3.9306641e+01
   7.0045290e+06   3.7658691e+01
   7.0889110e+06   3.7719727e+01
   7.0932670e+06   3.9245605e+01
   7.5533760e+06   4.0100098e+01
   7.6640980e+06   3.8330078e+01
   7.7465930e+06   3.8085938e+01
   7.9871740e+06   3.8635254e+01
   8.1243480e+06   4.0161133e+01
   8.1244210e+06   4.3151855e+01
   8.1791490e+06   4.1503906e+01
   8.1795330e+06   3.7658691e+01
   8.1798130e+06   4.1687012e+01
   8.2355620e+06   4.0649414e+01
   8.2361400e+06   4.1992188e+01
   8.2368900e+06   4.0588379e+01
   8.2765570e+06   3.8818359e+01
   8.2824380e+06   4.2053223e+01
   8.2826070e+06   4.9011230e+01
   8.3245980e+06   3.9306641e+01
   8.3364620e+06   3.9428711e+01
   8.3610460e+06   3.7658691e+01
   8.4486490e+06   3.8940430e+01
   8.4537190e+06   3.8146973e+01
   8.4667640e+06   3.8452148e+01
   8.5765560e+06   4.0771484e+01
   8.6377920e+06   4.0527344e+01
   8.7832900e+06   4.2846680e+01
   8.8177420e+06   3.9184570e+01
   8.8177900e+06   5.0048828e+01
   8.8178150e+06   3.7963867e+01
   8.8871640e+06   4.0649414e+01
   8.9044520e+06   3.8024902e+01
   8.9851790e+06   3.8391113e+01
   8.9852280e+06   4.5654297e+01
   8.9852510e+06   4.3273926e+01
   8.9853030e+06   4.7668457e+01
   8.9855490e+06   3.9672852e+01
