   8.9990000e+06   0.0000000e+00
   1.0087100e+05   4.8095703e+01
   3.4513400e+05   4.5532227e+01
   7.2461900e+05   4.5654297e+01
   7.8800700e+05   4.6691895e+01
   1.2959780e+06   4.1198730e+01
   2.0705220e+06   4.9438477e+01
   2.0707280e+06   5.0720215e+01
   2.2654570e+06   4.2907715e+01
   3.1072910e+06   4.3029785e+01
   3.1467010e+06   4.4189453e+01
   3.2859400e+06   5.4504395e+01
   3.9220050e+06   4.8645020e+01
   3.9300550e+06   4.3701172e+01
   4.0098700e+06   4.3945312e+01
   4.0182920e+06   4.1870117e+01
   4.4906320e+06   5.1269531e+01
   4.6023900e+06   4.4921875e+01
   4.6951770e+06   4.9499512e+01
   5.3740700e+06   5.7189941e+01
   5.4017340e+06   4.6508789e+01
   5.4695000e+06   4.7485352e+01
   5.8424680e+06   8.3007812e+01
   6.2965730e+06   4.2053223e+01
   6.3660230e+06   5.0537109e+01
   6.3664840e+06   4.3701172e+01
   6.4128050e+06   4.3945312e+01
   6.4613330e+06   4.6325684e+01
   6.8966850e+06   4.5471191e+01
   6.9535910e+06   4.5349121e+01
   7.3893260e+06   6.2866211e+01
   7.4210590e+06   4.7119141e+01
   7.4399170e+06   6.0302734e+01
   7.4403080e+06   4.1076660e+01
   7.4970740e+06   4.1320801e+01
   7.5544490e+06   5.4626465e+01
   7.5980480e+06   4.0405273e+01
   7.8474410e+06   4.1809082e+01
   8.1244100e+06   4.9072266e+01
   8.1793580e+06   4.8889160e+01
   8.1797010e+06   4.0954590e+01
   8.2357070e+06   6.6284180e+01
   8.2825660e+06   4.5166016e+01
   8.3349700e+06   6.4025879e+01
   8.5331110e+06   4.1442871e+01
   8.8867230e+06   5.3527832e+01
   8.9836960e+06   4.6142578e+01
   8.9853530e+06   5.2612305e+01
