   8.9990000e+06   0.0000000e+00
   1.6858400e+05   3.5034180e+01
   4.8053100e+05   3.5644531e+01
   6.2447400e+05   3.5644531e+01
   8.9809200e+05   3.5156250e+01
   1.6017680e+06   4.0283203e+01
   2.5800010e+06   3.6254883e+01
   4.3583700e+06   3.7109375e+01
   4.4932220e+06   3.5339355e+01
   5.4984730e+06   3.5034180e+01
   5.6386030e+06   3.6926270e+01
   5.6453960e+06   3.6682129e+01
   7.0615450e+06   3.7231445e+01
   7.0762970e+06   4.4921875e+01
   7.1693900e+06   3.5644531e+01
   7.6621050e+06   3.5522461e+01
