   8.9990000e+06   0.0000000e+00
   6.6810000e+04   3.6926270e+01
   7.7538000e+04   4.6020508e+01
   9.7543000e+04   4.2297363e+01
   1.0006900e+05   4.0222168e+01
   1.0036400e+05   3.8635254e+01
   1.0048100e+05   6.4025879e+01
   1.0056700e+05   4.6691895e+01
   1.0062500e+05   6.2011719e+01
   1.0064300e+05   4.7546387e+01
   1.0072200e+05   3.8391113e+01
   1.0078300e+05   6.1645508e+01
   1.0079300e+05   8.4899902e+01
   1.0081600e+05   3.6376953e+01
   1.0088400e+05   4.3273926e+01
   1.0090500e+05   4.9438477e+01
   1.0108200e+05   4.1625977e+01
   1.0110700e+05   3.6193848e+01
   1.0129000e+05   4.2175293e+01
   1.0141300e+05   3.6132812e+01
   1.0268900e+05   3.7597656e+01
   1.1301500e+05   4.3395996e+01
   1.1466400e+05   4.0100098e+01
   1.1534200e+05   4.3945312e+01
   1.1584000e+05   3.9794922e+01
   1.1653300e+05   3.6560059e+01
   1.1675000e+05   3.8391113e+01
   1.2034500e+05   4.1381836e+01
   1.2149000e+05   3.6071777e+01
   1.2229600e+05   3.8879395e+01
   1.2300200e+05   3.9489746e+01
   1.3246600e+05   3.6315918e+01
   1.3280800e+05   4.3029785e+01
   1.3283700e+05   5.6274414e+01
   1.3311400e+05   5.5969238e+01
   1.3314500e+05   3.7414551e+01
   1.3316900e+05   4.0649414e+01
   1.3351200e+05   5.5786133e+01
   1.3357000e+05   4.3029785e+01
   1.3358900e+05   4.1076660e+01
   1.3362600e+05   3.6560059e+01
   1.3376800e+05   5.4443359e+01
   1.3386400e+05   3.8330078e+01
   1.3406400e+05   4.1992188e+01
   1.3426900e+05   4.9133301e+01
   1.3461800e+05   3.6376953e+01
   1.3468600e+05   4.1198730e+01
   1.3478200e+05   3.6560059e+01
   1.3527500e+05   4.0283203e+01
   1.4663300e+05   3.9550781e+01
   1.4698000e+05   3.7292480e+01
   1.4713900e+05   5.6518555e+01
   1.7494900e+05   4.5104980e+01
   1.7545100e+05   3.7048340e+01
   1.7594800e+05   4.0344238e+01
   1.7624100e+05   3.7536621e+01
   1.8210300e+05   3.7597656e+01
   2.8772200e+05   6.2927246e+01
   2.8813400e+05   5.8715820e+01
   3.3132200e+05   3.9489746e+01
   3.3165400e+05   5.5358887e+01
   3.3870100e+05   4.0527344e+01
   3.4075400e+05   5.8044434e+01
   3.4103400e+05   5.6091309e+01
   3.4150600e+05   5.2001953e+01
   3.4450100e+05   6.0546875e+01
   3.4467400e+05   5.6335449e+01
   3.4481800e+05   4.5654297e+01
   3.4491100e+05   6.6711426e+01
   3.4493100e+05   3.7109375e+01
   3.4500700e+05   4.2846680e+01
   3.4506500e+05   6.9213867e+01
   3.4514700e+05   5.0659180e+01
   3.4520800e+05   4.8706055e+01
   3.4523600e+05   4.7912598e+01
   3.4524700e+05   4.7668457e+01
   3.4529500e+05   4.5349121e+01
   3.4549600e+05   4.4189453e+01
   3.4566100e+05   3.8146973e+01
   3.5615000e+05   3.6071777e+01
   4.1269200e+05   3.7902832e+01
   4.1270200e+05   4.1076660e+01
   5.4423200e+05   7.2326660e+01
   5.4453400e+05   5.2734375e+01
   5.4497200e+05   4.9133301e+01
   5.4575400e+05   4.4616699e+01
   5.4940100e+05   4.1870117e+01
   5.8598900e+05   4.3640137e+01
   6.3704400e+05   6.8542480e+01
   6.3733400e+05   5.2490234e+01
   6.3811200e+05   4.3762207e+01
   7.0611100e+05   5.9509277e+01
   7.1543700e+05   3.9855957e+01
   7.3166500e+05   6.5917969e+01
   7.3202400e+05   5.8532715e+01
   7.3294800e+05   5.0231934e+01
   7.3368700e+05   4.7485352e+01
   7.7961300e+05   4.7424316e+01
   7.8290900e+05   4.0649414e+01
   7.8519000e+05   3.6987305e+01
   7.8585200e+05   4.0100098e+01
   7.8635500e+05   4.8828125e+01
   7.8731700e+05   6.2133789e+01
   7.8742500e+05   5.9143066e+01
   7.8749500e+05   7.2021484e+01
   7.8762200e+05   5.4687500e+01
   7.8769400e+05   5.1086426e+01
   7.8774400e+05   5.1208496e+01
   7.8796600e+05   3.8574219e+01
   7.8799200e+05   6.5002441e+01
   7.8800500e+05   5.0476074e+01
   7.8803300e+05   6.7016602e+01
   7.8870700e+05   3.6621094e+01
   7.8927600e+05   3.9062500e+01
   8.4512800e+05   3.6010742e+01
   8.8744000e+05   3.7353516e+01
   9.2923700e+05   4.0405273e+01
   9.5638600e+05   3.6804199e+01
   9.5673200e+05   4.2297363e+01
   9.5697500e+05   3.6254883e+01
   9.5704800e+05   3.7841797e+01
   9.5857800e+05   5.5480957e+01
   9.5924900e+05   3.6987305e+01
   1.0025270e+06   6.3049316e+01
   1.0029230e+06   5.5969238e+01
   1.0033490e+06   3.7048340e+01
   1.0366100e+06   3.9367676e+01
   1.0380150e+06   5.1513672e+01
   1.0397890e+06   3.8269043e+01
   1.0410240e+06   4.2053223e+01
   1.0780690e+06   3.9489746e+01
   1.0891520e+06   8.0139160e+01
   1.1099020e+06   6.1889648e+01
   1.1102440e+06   5.8654785e+01
   1.1108790e+06   4.3090820e+01
   1.1115850e+06   4.5959473e+01
   1.1753260e+06   4.1931152e+01
   1.1755170e+06   4.4311523e+01
   1.1775800e+06   3.7780762e+01
   1.2008830e+06   6.1767578e+01
   1.2011420e+06   5.4748535e+01
   1.2017730e+06   4.9987793e+01
   1.2025880e+06   4.4555664e+01
   1.2395330e+06   4.0161133e+01
   1.2404830e+06   3.6682129e+01
   1.2889700e+06   4.0588379e+01
   1.2947320e+06   4.4921875e+01
   1.2950810e+06   4.0710449e+01
   1.2954040e+06   3.8269043e+01
   1.2954390e+06   7.8063965e+01
   1.2955840e+06   6.4086914e+01
   1.2956360e+06   6.3537598e+01
   1.2957500e+06   4.8278809e+01
   1.2957680e+06   4.6264648e+01
   1.2958560e+06   6.4147949e+01
   1.2958680e+06   3.6254883e+01
   1.2958920e+06   4.2358398e+01
   1.2960650e+06   4.3029785e+01
   1.2961150e+06   3.6743164e+01
   1.3095270e+06   3.7536621e+01
   1.3239340e+06   3.6499023e+01
   1.3256320e+06   3.7963867e+01
   1.3256700e+06   6.2133789e+01
   1.3259520e+06   4.9011230e+01
   1.3264630e+06   5.2978516e+01
   1.3272220e+06   6.2194824e+01
   1.3279230e+06   5.7006836e+01
   1.3468920e+06   4.3762207e+01
   1.3551100e+06   3.7780762e+01
   1.3561190e+06   6.6528320e+01
   1.3563400e+06   4.5410156e+01
   1.3568880e+06   6.3964844e+01
   1.3575710e+06   4.1992188e+01
   1.3577670e+06   5.5480957e+01
   1.3580600e+06   5.6030273e+01
   1.3580780e+06   5.0659180e+01
   1.3582030e+06   3.6010742e+01
   1.3583450e+06   4.2541504e+01
   1.3585550e+06   4.2785645e+01
   1.3586630e+06   4.3334961e+01
   1.4415250e+06   3.8330078e+01
   1.4438280e+06   3.9855957e+01
   1.4439310e+06   3.7780762e+01
   1.4439820e+06   3.7963867e+01
   1.4459860e+06   4.4616699e+01
   1.4462810e+06   3.6193848e+01
   1.4555010e+06   3.6804199e+01
   1.4683930e+06   3.8696289e+01
   1.5130460e+06   3.6804199e+01
   1.5552260e+06   4.1381836e+01
   1.5684510e+06   6.7016602e+01
   1.6291490e+06   3.7475586e+01
   1.6338500e+06   4.5471191e+01
   1.6353980e+06   3.7109375e+01
   1.6515590e+06   3.8391113e+01
   1.7389470e+06   4.0649414e+01
   1.7419840e+06   3.7292480e+01
   1.7774290e+06   7.8002930e+01
   1.7777610e+06   5.7067871e+01
   1.7784100e+06   5.2612305e+01
   1.7806790e+06   3.8879395e+01
   1.7967750e+06   4.1748047e+01
   1.8182850e+06   4.0527344e+01
   1.8284300e+06   7.4218750e+01
   1.8361050e+06   4.7729492e+01
   1.8377340e+06   6.3049316e+01
   1.8701570e+06   3.6987305e+01
   1.8823500e+06   4.4494629e+01
   1.9364710e+06   3.6132812e+01
   1.9658760e+06   3.6132812e+01
   1.9674670e+06   3.6193848e+01
   1.9733370e+06   4.6691895e+01
   1.9738620e+06   6.3598633e+01
   1.9750740e+06   3.9245605e+01
   1.9758760e+06   4.2480469e+01
   1.9813580e+06   4.1076660e+01
   1.9876890e+06   4.0649414e+01
   1.9969230e+06   7.8796387e+01
   1.9971790e+06   3.9794922e+01
   1.9973890e+06   4.4555664e+01
   1.9977210e+06   4.0222168e+01
   1.9981790e+06   4.1687012e+01
   2.0125030e+06   4.2358398e+01
   2.0351540e+06   5.6579590e+01
   2.0364460e+06   4.0832520e+01
   2.0417390e+06   4.0771484e+01
   2.0650060e+06   3.9916992e+01
   2.0696310e+06   4.0100098e+01
   2.0701260e+06   3.8085938e+01
   2.0702570e+06   7.2021484e+01
   2.0702990e+06   5.6701660e+01
   2.0703150e+06   6.1096191e+01
   2.0703960e+06   4.4738770e+01
   2.0704320e+06   4.5654297e+01
   2.0704650e+06   4.5104980e+01
   2.0704760e+06   4.6997070e+01
   2.0706720e+06   3.8146973e+01
   2.0708650e+06   4.4250488e+01
   2.0724540e+06   4.7973633e+01
   2.0813150e+06   4.1748047e+01
   2.0815950e+06   3.6499023e+01
   2.0818110e+06   4.1564941e+01
   2.0818430e+06   3.6315918e+01
   2.0836280e+06   5.3527832e+01
   2.0837230e+06   4.7363281e+01
   2.0881230e+06   3.9001465e+01
   2.0881820e+06   3.6926270e+01
   2.0944960e+06   4.2175293e+01
   2.0946900e+06   7.0373535e+01
   2.0947290e+06   3.7658691e+01
   2.0948480e+06   4.4616699e+01
   2.0949430e+06   5.3344727e+01
   2.0951690e+06   4.0527344e+01
   2.0955470e+06   4.5532227e+01
   2.0958080e+06   5.3100586e+01
   2.0961230e+06   3.6987305e+01
   2.0962770e+06   4.7790527e+01
   2.0974360e+06   3.8452148e+01
   2.1124530e+06   4.2175293e+01
   2.1128000e+06   4.1564941e+01
   2.1360840e+06   3.7292480e+01
   2.1467910e+06   3.6926270e+01
   2.1645650e+06   3.9367676e+01
   2.2202610e+06   4.3457031e+01
   2.2393030e+06   5.1147461e+01
   2.2398460e+06   3.7109375e+01
   2.2486590e+06   6.7443848e+01
   2.2957560e+06   4.4006348e+01
   2.3015800e+06   4.3395996e+01
   2.3018850e+06   3.6376953e+01
   2.3029920e+06   3.7658691e+01
   2.3200020e+06   4.0161133e+01
   2.3204250e+06   3.7719727e+01
   2.3364310e+06   4.6691895e+01
   2.3585900e+06   4.7607422e+01
   2.3884190e+06   4.0405273e+01
   2.3910810e+06   4.0588379e+01
   2.4014680e+06   4.1687012e+01
   2.4324790e+06   4.1564941e+01
   2.4445490e+06   4.1015625e+01
   2.4495270e+06   6.2683105e+01
   2.4497760e+06   5.3894043e+01
   2.4504070e+06   4.9621582e+01
   2.4505030e+06   3.7109375e+01
   2.4512940e+06   5.1086426e+01
   2.4542600e+06   4.3029785e+01
   2.4779530e+06   4.1931152e+01
   2.4837230e+06   7.2204590e+01
   2.4953670e+06   7.1594238e+01
   2.5041330e+06   3.6376953e+01
   2.5152900e+06   3.8391113e+01
   2.5596120e+06   3.8085938e+01
   2.5624900e+06   4.2663574e+01
   2.5973840e+06   4.0466309e+01
   2.5977380e+06   4.4494629e+01
   2.6097570e+06   3.6682129e+01
   2.6289550e+06   4.0222168e+01
   2.6335410e+06   4.6447754e+01
   2.6532220e+06   4.0283203e+01
   2.6620960e+06   4.2480469e+01
   2.6625330e+06   4.6997070e+01
   2.6634570e+06   7.2937012e+01
   2.6636710e+06   3.9855957e+01
   2.6637240e+06   4.8767090e+01
   2.6638070e+06   5.6396484e+01
   2.6638820e+06   6.6467285e+01
   2.6639980e+06   4.1320801e+01
   2.6640450e+06   5.3833008e+01
   2.6640620e+06   5.5114746e+01
   2.6640760e+06   6.4514160e+01
   2.6642000e+06   3.8879395e+01
   2.6642150e+06   3.9733887e+01
   2.6643730e+06   4.0893555e+01
   2.6643890e+06   4.2175293e+01
   2.6646940e+06   4.8767090e+01
   2.6650690e+06   3.6560059e+01
   2.6653950e+06   4.1015625e+01
   2.6842360e+06   4.7607422e+01
   2.7023870e+06   3.6499023e+01
   2.7211280e+06   3.6376953e+01
   2.7440850e+06   4.8828125e+01
   2.7442320e+06   4.9743652e+01
   2.7444350e+06   3.6071777e+01
   2.7445010e+06   3.9123535e+01
   2.7585130e+06   3.8513184e+01
   2.7696770e+06   4.4982910e+01
   2.7931700e+06   3.9794922e+01
   2.7947560e+06   4.0588379e+01
   2.8031690e+06   3.8940430e+01
   2.8194870e+06   4.1076660e+01
   2.8197660e+06   4.7546387e+01
   2.8198250e+06   3.7231445e+01
   2.8202110e+06   5.4626465e+01
   2.8203220e+06   3.6010742e+01
   2.8208020e+06   4.2724609e+01
   2.8490310e+06   7.5744629e+01
   2.8499450e+06   6.0302734e+01
   2.8503490e+06   3.8208008e+01
   2.8509130e+06   3.6193848e+01
   2.8543700e+06   4.0954590e+01
   2.8546280e+06   3.6926270e+01
   2.8559690e+06   4.5349121e+01
   2.8726400e+06   3.6743164e+01
   2.8758290e+06   4.2480469e+01
   2.8863140e+06   3.6010742e+01
   2.8969990e+06   5.0354004e+01
   2.8973820e+06   3.8635254e+01
   2.9210620e+06   4.6325684e+01
   2.9217340e+06   4.0039062e+01
   2.9341890e+06   3.8452148e+01
   2.9368020e+06   3.8513184e+01
   2.9385950e+06   5.6640625e+01
   2.9491010e+06   3.9733887e+01
   2.9621830e+06   3.6193848e+01
   2.9638430e+06   5.2246094e+01
   2.9645670e+06   3.9794922e+01
   2.9646550e+06   7.5317383e+01
   2.9820310e+06   3.7414551e+01
   2.9878060e+06   4.6447754e+01
   3.0198460e+06   3.7109375e+01
   3.0381960e+06   4.7790527e+01
   3.0409730e+06   4.2968750e+01
   3.0411250e+06   3.9184570e+01
   3.0534670e+06   3.9184570e+01
   3.0536110e+06   3.6071777e+01
   3.0584250e+06   4.0100098e+01
   3.0778870e+06   4.2846680e+01
   3.0887420e+06   4.2175293e+01
   3.0892530e+06   3.6560059e+01
   3.0895940e+06   7.4340820e+01
   3.0902250e+06   6.7932129e+01
   3.0911190e+06   5.3039551e+01
   3.0916530e+06   4.3884277e+01
   3.1030790e+06   4.0039062e+01
   3.1042750e+06   3.8513184e+01
   3.1046020e+06   5.1818848e+01
   3.1046610e+06   3.9428711e+01
   3.1052430e+06   6.0607910e+01
   3.1054210e+06   3.8696289e+01
   3.1057280e+06   5.7128906e+01
   3.1060780e+06   3.9367676e+01
   3.1061200e+06   4.6875000e+01
   3.1062690e+06   5.7312012e+01
   3.1063280e+06   4.2602539e+01
   3.1064780e+06   5.0537109e+01
   3.1065410e+06   7.2631836e+01
   3.1068160e+06   5.1086426e+01
   3.1070640e+06   4.0039062e+01
   3.1187750e+06   3.9062500e+01
   3.1259690e+06   4.2480469e+01
   3.1434700e+06   3.8574219e+01
   3.1437480e+06   3.9794922e+01
   3.1443350e+06   3.7353516e+01
   3.1443900e+06   7.3181152e+01
   3.1449970e+06   5.9936523e+01
   3.1455280e+06   5.4687500e+01
   3.1460260e+06   4.5410156e+01
   3.1466070e+06   4.4006348e+01
   3.1473360e+06   3.7536621e+01
   3.1476510e+06   4.8828125e+01
   3.1535350e+06   4.5043945e+01
   3.1564610e+06   4.5166016e+01
   3.1567700e+06   4.0283203e+01
   3.1570820e+06   3.7048340e+01
   3.1680110e+06   5.1208496e+01
   3.1685960e+06   3.9489746e+01
   3.1696510e+06   3.7658691e+01
   3.1877890e+06   4.5593262e+01
   3.1950940e+06   4.0466309e+01
   3.2028390e+06   5.4321289e+01
   3.2032880e+06   4.2968750e+01
   3.2050810e+06   4.0283203e+01
   3.2052330e+06   4.0466309e+01
   3.2053990e+06   3.6376953e+01
   3.2056780e+06   3.6071777e+01
   3.2059800e+06   6.5429688e+01
   3.2059980e+06   4.4250488e+01
   3.2062350e+06   4.6020508e+01
   3.2064860e+06   3.6071777e+01
   3.2066930e+06   3.7292480e+01
   3.2067210e+06   5.3283691e+01
   3.2068260e+06   6.0424805e+01
   3.2075940e+06   4.2358398e+01
   3.2077170e+06   4.1564941e+01
   3.2081430e+06   3.7048340e+01
   3.2453570e+06   3.9367676e+01
   3.2487850e+06   4.4616699e+01
   3.2846120e+06   5.7067871e+01
   3.2922190e+06   3.7902832e+01
   3.2959050e+06   4.8828125e+01
   3.3232640e+06   4.3395996e+01
   3.3538840e+06   6.4758301e+01
   3.3550630e+06   7.6843262e+01
   3.3553080e+06   5.9814453e+01
   3.3559140e+06   5.5541992e+01
   3.3559950e+06   4.5227051e+01
   3.3564220e+06   4.6997070e+01
   3.3569720e+06   3.7902832e+01
   3.4402560e+06   3.9489746e+01
   3.4488070e+06   4.0100098e+01
   3.4735920e+06   3.8696289e+01
   3.4869210e+06   3.6865234e+01
   3.4943990e+06   3.7963867e+01
   3.4945750e+06   3.8574219e+01
   3.4946560e+06   4.1503906e+01
   3.5037210e+06   3.6621094e+01
   3.5187150e+06   3.8330078e+01
   3.5230020e+06   3.9978027e+01
   3.5623290e+06   6.3049316e+01
   3.6277040e+06   3.9550781e+01
   3.6285060e+06   3.6743164e+01
   3.6546140e+06   3.7109375e+01
   3.6587510e+06   4.0954590e+01
   3.6656610e+06   3.6010742e+01
   3.6768060e+06   3.8818359e+01
   3.6770820e+06   4.7363281e+01
   3.7003930e+06   3.6926270e+01
   3.7019620e+06   3.8330078e+01
   3.7353560e+06   3.8208008e+01
   3.7997940e+06   3.9489746e+01
   3.8053620e+06   3.6621094e+01
   3.8072850e+06   5.1391602e+01
   3.8075380e+06   5.4443359e+01
   3.8091980e+06   3.9245605e+01
   3.8343980e+06   4.0954590e+01
   3.8361030e+06   4.2114258e+01
   3.8369310e+06   3.6560059e+01
   3.8524620e+06   4.1809082e+01
   3.8689710e+06   3.7536621e+01
   3.8701010e+06   4.2785645e+01
   3.8720060e+06   7.2998047e+01
   3.9019100e+06   3.7231445e+01
   3.9020290e+06   3.7841797e+01
   3.9023280e+06   4.5471191e+01
   3.9024410e+06   5.3161621e+01
   3.9284860e+06   3.6437988e+01
   3.9289060e+06   6.9274902e+01
   3.9290870e+06   4.4555664e+01
   3.9293850e+06   4.6569824e+01
   3.9295370e+06   4.0710449e+01
   3.9296800e+06   3.9978027e+01
   3.9297620e+06   5.4992676e+01
   3.9299100e+06   3.8574219e+01
   3.9299350e+06   4.7851562e+01
   3.9299970e+06   5.0231934e+01
   3.9300640e+06   5.6518555e+01
   3.9301820e+06   3.8635254e+01
   3.9303300e+06   4.1320801e+01
   3.9305550e+06   3.6987305e+01
   3.9432040e+06   4.5104980e+01
   3.9590400e+06   4.1015625e+01
   3.9594650e+06   7.2143555e+01
   3.9597390e+06   5.9204102e+01
   3.9598120e+06   5.8898926e+01
   3.9599020e+06   5.7373047e+01
   3.9600220e+06   4.4555664e+01
   3.9600850e+06   4.3945312e+01
   3.9601520e+06   4.9438477e+01
   3.9603180e+06   5.0964355e+01
   3.9603580e+06   3.8391113e+01
   3.9606790e+06   6.5612793e+01
   3.9608180e+06   3.8269043e+01
   3.9610280e+06   4.1870117e+01
   3.9614120e+06   3.6376953e+01
   3.9614690e+06   4.1381836e+01
   3.9618730e+06   4.0832520e+01
   3.9619190e+06   3.7597656e+01
   3.9621730e+06   4.2968750e+01
   3.9625750e+06   3.8452148e+01
   3.9806930e+06   3.8391113e+01
   3.9812110e+06   6.9091797e+01
   3.9813760e+06   4.9560547e+01
   3.9814230e+06   4.5410156e+01
   3.9815130e+06   3.6804199e+01
   3.9817410e+06   5.0598145e+01
   3.9818020e+06   4.4372559e+01
   3.9819960e+06   5.0781250e+01
   3.9820580e+06   4.3884277e+01
   3.9824030e+06   6.2072754e+01
   3.9827910e+06   4.3212891e+01
   3.9830440e+06   4.5837402e+01
   4.0025720e+06   4.2236328e+01
   4.0027860e+06   4.4128418e+01
   4.0030040e+06   4.3518066e+01
   4.0030860e+06   3.9855957e+01
   4.0046900e+06   4.2175293e+01
   4.0147550e+06   3.9306641e+01
   4.0158550e+06   4.6203613e+01
   4.0161390e+06   3.9794922e+01
   4.0161760e+06   5.3161621e+01
   4.0167680e+06   3.9306641e+01
   4.0170750e+06   4.1931152e+01
   4.0176440e+06   7.4584961e+01
   4.0183360e+06   5.7922363e+01
   4.0186310e+06   4.7912598e+01
   4.0196030e+06   5.2673340e+01
   4.0248720e+06   4.4616699e+01
   4.0256740e+06   4.3090820e+01
   4.0463990e+06   4.6813965e+01
   4.0472070e+06   4.9377441e+01
   4.0477470e+06   6.6040039e+01
   4.0477670e+06   7.8857422e+01
   4.0477970e+06   5.3771973e+01
   4.0478300e+06   3.6254883e+01
   4.0484650e+06   5.6945801e+01
   4.0487640e+06   5.8776855e+01
   4.0582290e+06   3.6315918e+01
   4.0772040e+06   5.2856445e+01
   4.0775830e+06   4.1992188e+01
   4.0900190e+06   5.3466797e+01
   4.0904170e+06   4.2663574e+01
   4.2158420e+06   4.1870117e+01
   4.3128640e+06   3.6804199e+01
   4.3147670e+06   3.8879395e+01
   4.3449040e+06   5.1025391e+01
   4.3668530e+06   3.9306641e+01
   4.3975280e+06   4.0100098e+01
   4.4244390e+06   3.8940430e+01
   4.4246560e+06   6.0424805e+01
   4.4326120e+06   4.7668457e+01
   4.4350450e+06   4.0100098e+01
   4.4366250e+06   3.9611816e+01
   4.4645920e+06   3.6743164e+01
   4.4646050e+06   4.1259766e+01
   4.4660990e+06   5.9997559e+01
   4.4679020e+06   3.7048340e+01
   4.4742310e+06   3.6376953e+01
   4.4846890e+06   3.8818359e+01
   4.4878910e+06   3.7963867e+01
   4.4881380e+06   4.2053223e+01
   4.4892230e+06   3.7353516e+01
   4.4896390e+06   3.7597656e+01
   4.4901060e+06   7.6721191e+01
   4.4902040e+06   4.1503906e+01
   4.4903060e+06   5.2490234e+01
   4.4905260e+06   5.2246094e+01
   4.4905500e+06   4.9011230e+01
   4.4906000e+06   5.5297852e+01
   4.4907010e+06   4.4494629e+01
   4.4907420e+06   4.1076660e+01
   4.4908140e+06   5.8837891e+01
   4.4908320e+06   6.3110352e+01
   4.4909510e+06   4.4860840e+01
   4.4911660e+06   6.7871094e+01
   4.4912450e+06   3.9062500e+01
   4.4914440e+06   4.1503906e+01
   4.4916070e+06   3.7536621e+01
   4.4925960e+06   3.6560059e+01
   4.4928380e+06   4.1992188e+01
   4.5113420e+06   4.2602539e+01
   4.5131210e+06   3.6865234e+01
   4.5132760e+06   3.9428711e+01
   4.5159550e+06   3.9062500e+01
   4.5183590e+06   3.6987305e+01
   4.5191120e+06   4.1992188e+01
   4.5193690e+06   4.0710449e+01
   4.5198700e+06   3.8391113e+01
   4.5220990e+06   4.3884277e+01
   4.5256270e+06   6.5002441e+01
   4.5260980e+06   5.6152344e+01
   4.5266660e+06   5.9814453e+01
   4.5269090e+06   4.2541504e+01
   4.5273280e+06   6.3232422e+01
   4.5278850e+06   4.0466309e+01
   4.5280600e+06   4.8767090e+01
   4.5283160e+06   4.1259766e+01
   4.5284450e+06   3.9794922e+01
   4.5287830e+06   4.5104980e+01
   4.5293390e+06   4.1625977e+01
   4.5360460e+06   3.9062500e+01
   4.5406970e+06   3.6254883e+01
   4.5614730e+06   4.3762207e+01
   4.5625550e+06   4.3945312e+01
   4.5629770e+06   3.7231445e+01
   4.5632620e+06   3.8818359e+01
   4.5776200e+06   3.6560059e+01
   4.5902100e+06   5.0170898e+01
   4.5932680e+06   3.9794922e+01
   4.5939430e+06   3.7780762e+01
   4.5940650e+06   6.2133789e+01
   4.5950690e+06   5.8105469e+01
   4.5958450e+06   4.4250488e+01
   4.5968140e+06   4.6081543e+01
   4.5972920e+06   3.7780762e+01
   4.5976040e+06   4.5410156e+01
   4.5979210e+06   3.8024902e+01
   4.6001680e+06   4.0283203e+01
   4.6019670e+06   7.1533203e+01
   4.6022450e+06   5.2673340e+01
   4.6022650e+06   6.7871094e+01
   4.6023100e+06   3.7780762e+01
   4.6023400e+06   4.1320801e+01
   4.6024130e+06   6.6955566e+01
   4.6025510e+06   3.9123535e+01
   4.6027890e+06   3.6437988e+01
   4.6030390e+06   4.1259766e+01
   4.6035010e+06   3.7170410e+01
   4.6036780e+06   3.7292480e+01
   4.6042410e+06   4.1992188e+01
   4.6136990e+06   4.8217773e+01
   4.6192460e+06   3.8513184e+01
   4.6322570e+06   4.4738770e+01
   4.6324220e+06   3.9184570e+01
   4.6326500e+06   4.5471191e+01
   4.6334400e+06   6.9274902e+01
   4.6336440e+06   3.7414551e+01
   4.6337540e+06   6.2194824e+01
   4.6337860e+06   4.7912598e+01
   4.6339440e+06   4.4128418e+01
   4.6339900e+06   6.1157227e+01
   4.6342750e+06   4.8156738e+01
   4.6343180e+06   5.0415039e+01
   4.6345170e+06   4.6020508e+01
   4.6346230e+06   3.6437988e+01
   4.6350070e+06   4.6875000e+01
   4.6353740e+06   4.6508789e+01
   4.6490030e+06   3.7780762e+01
   4.6493310e+06   3.6376953e+01
   4.6632810e+06   3.8452148e+01
   4.6633130e+06   4.0832520e+01
   4.6638810e+06   3.9672852e+01
   4.6659770e+06   3.9428711e+01
   4.6758060e+06   4.7241211e+01
   4.6758550e+06   4.2358398e+01
   4.6760480e+06   4.1625977e+01
   4.6778450e+06   3.9001465e+01
   4.6782690e+06   3.9978027e+01
   4.6792480e+06   3.8940430e+01
   4.6940840e+06   3.9428711e+01
   4.6944680e+06   3.7414551e+01
   4.6947140e+06   3.8024902e+01
   4.6948340e+06   6.5429688e+01
   4.6950680e+06   5.4260254e+01
   4.6950790e+06   6.7871094e+01
   4.6950930e+06   4.9438477e+01
   4.6952870e+06   4.6997070e+01
   4.6952990e+06   3.6132812e+01
   4.6953540e+06   5.2612305e+01
   4.6955610e+06   3.6499023e+01
   4.6956520e+06   7.6293945e+01
   4.6961840e+06   3.8879395e+01
   4.6962460e+06   3.8513184e+01
   4.6975510e+06   4.8278809e+01
   4.7069600e+06   3.9916992e+01
   4.7074270e+06   3.6437988e+01
   4.7154360e+06   3.6376953e+01
   4.7165080e+06   3.9978027e+01
   4.7171310e+06   3.6804199e+01
   4.7175170e+06   3.6132812e+01
   4.7196950e+06   6.9519043e+01
   4.7204280e+06   4.7973633e+01
   4.7207090e+06   7.4340820e+01
   4.7267220e+06   4.8156738e+01
   4.7428210e+06   4.2175293e+01
   4.7432090e+06   3.8208008e+01
   4.7511270e+06   4.4982910e+01
   4.7514370e+06   4.0649414e+01
   4.7522870e+06   3.8146973e+01
   4.7527740e+06   3.6560059e+01
   4.7539240e+06   4.1076660e+01
   4.7546070e+06   3.9855957e+01
   4.7564900e+06   3.7658691e+01
   4.7580920e+06   5.7067871e+01
   4.7586860e+06   5.6579590e+01
   4.7594010e+06   5.1391602e+01
   4.7598930e+06   5.0659180e+01
   4.7883250e+06   4.7241211e+01
   4.7898140e+06   3.9001465e+01
   4.8033170e+06   4.8217773e+01
   4.8270920e+06   5.6579590e+01
   4.8288110e+06   5.7067871e+01
   4.9311990e+06   3.8818359e+01
   4.9497690e+06   6.1828613e+01
   4.9536790e+06   3.7536621e+01
   4.9602920e+06   4.2785645e+01
   4.9783520e+06   3.9367676e+01
   4.9853290e+06   3.9489746e+01
   4.9858690e+06   3.7719727e+01
   5.0060620e+06   3.6254883e+01
   5.0183210e+06   3.6071777e+01
   5.0524860e+06   4.2724609e+01
   5.0533650e+06   3.9428711e+01
   5.0646300e+06   3.6010742e+01
   5.0690670e+06   4.0100098e+01
   5.0697880e+06   4.1015625e+01
   5.0763250e+06   3.9611816e+01
   5.0842800e+06   3.6987305e+01
   5.1155150e+06   3.6865234e+01
   5.1223060e+06   3.7353516e+01
   5.1232310e+06   4.0832520e+01
   5.1492610e+06   3.8330078e+01
   5.1506520e+06   4.9377441e+01
   5.1697560e+06   3.7292480e+01
   5.1723370e+06   3.8513184e+01
   5.1960650e+06   3.6315918e+01
   5.1998260e+06   3.7475586e+01
   5.1999460e+06   4.8950195e+01
   5.2002050e+06   3.6560059e+01
   5.2019050e+06   3.7231445e+01
   5.2378500e+06   6.2438965e+01
   5.2384300e+06   4.3762207e+01
   5.2397930e+06   4.4982910e+01
   5.2439720e+06   3.8024902e+01
   5.2479750e+06   5.4992676e+01
   5.2482340e+06   3.8574219e+01
   5.2487010e+06   4.3640137e+01
   5.2490350e+06   3.6865234e+01
   5.2530800e+06   3.7902832e+01
   5.2567500e+06   4.0954590e+01
   5.2571940e+06   4.0527344e+01
   5.2576540e+06   3.6804199e+01
   5.2740950e+06   4.4738770e+01
   5.3183920e+06   3.6865234e+01
   5.3186740e+06   4.6386719e+01
   5.3216740e+06   4.0588379e+01
   5.3221260e+06   4.6875000e+01
   5.3262340e+06   3.7353516e+01
   5.3285100e+06   5.8044434e+01
   5.3336010e+06   4.4616699e+01
   5.3365970e+06   4.3884277e+01
   5.3366800e+06   6.5795898e+01
   5.3369310e+06   3.9916992e+01
   5.3371200e+06   4.0527344e+01
   5.3513620e+06   4.0832520e+01
   5.3517760e+06   3.9978027e+01
   5.3521060e+06   3.7475586e+01
   5.3717680e+06   4.7424316e+01
   5.3727210e+06   3.8269043e+01
   5.3735320e+06   4.1625977e+01
   5.3735450e+06   7.0678711e+01
   5.3736830e+06   4.3151855e+01
   5.3737910e+06   6.4025879e+01
   5.3738600e+06   5.2917480e+01
   5.3739080e+06   4.2846680e+01
   5.3740630e+06   5.0903320e+01
   5.3741200e+06   6.4208984e+01
   5.3743690e+06   4.2846680e+01
   5.3749880e+06   3.7597656e+01
   5.3753230e+06   3.6376953e+01
   5.3872390e+06   3.6621094e+01
   5.3917940e+06   4.1687012e+01
   5.3975310e+06   3.6254883e+01
   5.4017180e+06   6.3110352e+01
   5.4019110e+06   5.1818848e+01
   5.4021030e+06   3.8269043e+01
   5.4021550e+06   4.7912598e+01
   5.4022310e+06   5.5297852e+01
   5.4023970e+06   3.9245605e+01
   5.4024570e+06   5.8288574e+01
   5.4025300e+06   4.7668457e+01
   5.4027930e+06   4.6997070e+01
   5.4028620e+06   4.9926758e+01
   5.4028840e+06   4.3945312e+01
   5.4031240e+06   3.6132812e+01
   5.4041660e+06   4.8156738e+01
   5.4125010e+06   3.6010742e+01
   5.4130250e+06   3.7048340e+01
   5.4133730e+06   3.6926270e+01
   5.4142010e+06   4.7729492e+01
   5.4144620e+06   3.7780762e+01
   5.4151220e+06   5.3344727e+01
   5.4155450e+06   4.5715332e+01
   5.4168080e+06   4.8278809e+01
   5.4172650e+06   3.6132812e+01
   5.4182630e+06   4.3823242e+01
   5.4203410e+06   6.3232422e+01
   5.4204450e+06   4.2785645e+01
   5.4207040e+06   7.9895020e+01
   5.4208820e+06   4.6508789e+01
   5.4209790e+06   5.9692383e+01
   5.4210410e+06   4.2785645e+01
   5.4211530e+06   4.5410156e+01
   5.4213780e+06   4.9621582e+01
   5.4214250e+06   3.7292480e+01
   5.4218300e+06   4.8828125e+01
   5.4222370e+06   3.8146973e+01
   5.4315190e+06   4.4250488e+01
   5.4346880e+06   3.7963867e+01
   5.4397110e+06   3.7963867e+01
   5.4397500e+06   4.2480469e+01
   5.4409960e+06   3.8818359e+01
   5.4411880e+06   5.1696777e+01
   5.4412330e+06   5.7556152e+01
   5.4414700e+06   5.7861328e+01
   5.4418670e+06   5.4687500e+01
   5.4419440e+06   3.7292480e+01
   5.4420080e+06   5.3466797e+01
   5.4421670e+06   4.0649414e+01
   5.4422480e+06   3.7475586e+01
   5.4424950e+06   4.0405273e+01
   5.4426390e+06   3.8208008e+01
   5.4427750e+06   3.9001465e+01
   5.4429160e+06   3.7475586e+01
   5.4434430e+06   3.7841797e+01
   5.4527660e+06   3.9367676e+01
   5.4529660e+06   3.8696289e+01
   5.4533540e+06   4.1687012e+01
   5.4541060e+06   4.1931152e+01
   5.4541370e+06   4.4189453e+01
   5.4548800e+06   4.0771484e+01
   5.4648650e+06   3.8574219e+01
   5.4651040e+06   3.8574219e+01
   5.4651300e+06   4.0588379e+01
   5.4653690e+06   3.9306641e+01
   5.4659890e+06   4.2114258e+01
   5.4670600e+06   3.7231445e+01
   5.4681370e+06   3.9550781e+01
   5.4684550e+06   6.8481445e+01
   5.4765500e+06   3.7353516e+01
   5.4793340e+06   3.7231445e+01
   5.4864640e+06   3.9428711e+01
   5.4872360e+06   3.8879395e+01
   5.4975280e+06   4.2053223e+01
   5.5134720e+06   4.5349121e+01
   5.5142830e+06   4.2724609e+01
   5.5143320e+06   3.9123535e+01
   5.5144490e+06   6.9519043e+01
   5.5145550e+06   5.8715820e+01
   5.5146120e+06   5.2551270e+01
   5.5147680e+06   4.6813965e+01
   5.5148200e+06   4.6081543e+01
   5.5149160e+06   5.2551270e+01
   5.5149350e+06   4.1748047e+01
   5.5150270e+06   4.0588379e+01
   5.5152650e+06   5.8715820e+01
   5.5155020e+06   3.9306641e+01
   5.5165400e+06   3.6621094e+01
   5.5449450e+06   3.7414551e+01
   5.5484670e+06   4.0222168e+01
   5.5487720e+06   3.9245605e+01
   5.5489130e+06   4.4494629e+01
   5.5490980e+06   3.7536621e+01
   5.5505300e+06   4.1564941e+01
   5.5652360e+06   4.5410156e+01
   5.6271770e+06   4.5410156e+01
   5.6966220e+06   3.6010742e+01
   5.7346720e+06   5.7312012e+01
   5.7611990e+06   4.0527344e+01
   5.7730880e+06   3.6437988e+01
   5.8833280e+06   4.1931152e+01
   5.8840270e+06   3.9733887e+01
   5.9122750e+06   3.7536621e+01
   5.9124410e+06   3.7841797e+01
   5.9126830e+06   3.8940430e+01
   5.9160400e+06   4.1809082e+01
   5.9169710e+06   3.7292480e+01
   5.9293520e+06   4.2907715e+01
   5.9383770e+06   4.2114258e+01
   5.9390380e+06   3.9184570e+01
   5.9397370e+06   4.4616699e+01
   5.9401060e+06   5.5969238e+01
   5.9401940e+06   5.5358887e+01
   5.9403020e+06   3.9428711e+01
   5.9403700e+06   5.2612305e+01
   5.9404530e+06   6.3415527e+01
   5.9404700e+06   7.1533203e+01
   5.9405400e+06   3.8024902e+01
   5.9405900e+06   4.4372559e+01
   5.9408000e+06   6.3476562e+01
   5.9409070e+06   3.7902832e+01
   5.9410340e+06   4.0283203e+01
   5.9411200e+06   4.2846680e+01
   5.9417060e+06   4.2480469e+01
   5.9621950e+06   4.0405273e+01
   5.9645710e+06   3.7963867e+01
   5.9698240e+06   6.2377930e+01
   5.9700740e+06   4.6020508e+01
   5.9703460e+06   3.9367676e+01
   6.0034390e+06   4.0832520e+01
   6.0061300e+06   4.7607422e+01
   6.0067750e+06   3.9916992e+01
   6.0077090e+06   5.1635742e+01
   6.0077350e+06   3.7902832e+01
   6.0083630e+06   3.6865234e+01
   6.0085960e+06   4.1259766e+01
   6.0091130e+06   3.9428711e+01
   6.0133360e+06   3.7109375e+01
   6.0253050e+06   3.6193848e+01
   6.0631090e+06   4.4799805e+01
   6.0708390e+06   3.8757324e+01
   6.1153630e+06   3.8879395e+01
   6.1287980e+06   3.6132812e+01
   6.1619760e+06   5.4992676e+01
   6.1621540e+06   3.9062500e+01
   6.2034570e+06   3.8940430e+01
   6.2213930e+06   3.8208008e+01
   6.3155740e+06   4.1076660e+01
   6.3532830e+06   3.7475586e+01
   6.3553850e+06   3.9367676e+01
   6.3590210e+06   3.8513184e+01
   6.3656370e+06   4.3884277e+01
   6.3656750e+06   4.4982910e+01
   6.3657300e+06   6.2683105e+01
   6.3658030e+06   6.5673828e+01
   6.3658430e+06   6.6894531e+01
   6.3658990e+06   3.8574219e+01
   6.3659310e+06   4.6447754e+01
   6.3659570e+06   5.4748535e+01
   6.3659920e+06   4.7424316e+01
   6.3660250e+06   4.0588379e+01
   6.3660730e+06   6.2744141e+01
   6.3661100e+06   6.1096191e+01
   6.3661790e+06   3.6682129e+01
   6.3663140e+06   4.6875000e+01
   6.3774810e+06   3.7048340e+01
   6.3864450e+06   3.6254883e+01
   6.3869350e+06   3.6865234e+01
   6.3876130e+06   3.8146973e+01
   6.3943110e+06   3.8940430e+01
   6.4045430e+06   3.6071777e+01
   6.4048280e+06   4.0466309e+01
   6.4061330e+06   4.7363281e+01
   6.4068590e+06   3.8146973e+01
   6.4075130e+06   4.2480469e+01
   6.4085980e+06   4.3090820e+01
   6.4106370e+06   4.2541504e+01
   6.4126110e+06   7.6110840e+01
   6.4128620e+06   6.3171387e+01
   6.4128820e+06   6.2377930e+01
   6.4129980e+06   4.7851562e+01
   6.4130090e+06   3.6560059e+01
   6.4130470e+06   3.7780762e+01
   6.4132250e+06   6.0974121e+01
   6.4132420e+06   3.8696289e+01
   6.4132630e+06   4.2846680e+01
   6.4135450e+06   6.4392090e+01
   6.4135680e+06   4.9682617e+01
   6.4136990e+06   4.8339844e+01
   6.4137770e+06   3.7109375e+01
   6.4138280e+06   4.6142578e+01
   6.4138850e+06   3.7597656e+01
   6.4140610e+06   3.6132812e+01
   6.4142840e+06   3.7963867e+01
   6.4147110e+06   3.7780762e+01
   6.4372420e+06   4.9316406e+01
   6.4372840e+06   4.5104980e+01
   6.4374680e+06   3.6743164e+01
   6.4377950e+06   4.0832520e+01
   6.4384120e+06   4.0649414e+01
   6.4393050e+06   4.0588379e+01
   6.4438410e+06   3.6437988e+01
   6.4584830e+06   3.9855957e+01
   6.4596260e+06   3.7048340e+01
   6.4608070e+06   3.6193848e+01
   6.4610070e+06   3.6865234e+01
   6.4610730e+06   4.5288086e+01
   6.4611940e+06   9.1979980e+01
   6.4612130e+06   5.9631348e+01
   6.4613650e+06   6.1401367e+01
   6.4613880e+06   5.4016113e+01
   6.4614680e+06   4.4555664e+01
   6.4615670e+06   6.4636230e+01
   6.4616200e+06   4.7119141e+01
   6.4618610e+06   5.8044434e+01
   6.4623580e+06   4.8034668e+01
   6.4623730e+06   4.4860840e+01
   6.4628730e+06   5.6030273e+01
   6.4629640e+06   4.2236328e+01
   6.4772300e+06   4.0710449e+01
   6.4787000e+06   4.5288086e+01
   6.5305810e+06   4.0527344e+01
   6.6004860e+06   6.1523438e+01
   6.6309730e+06   4.6325684e+01
   6.6389610e+06   3.6743164e+01
   6.6644500e+06   3.6437988e+01
   6.8890480e+06   4.0466309e+01
   6.8952910e+06   4.1259766e+01
   6.8960620e+06   3.8146973e+01
   6.8962590e+06   5.7495117e+01
   6.8964320e+06   5.1513672e+01
   6.8964850e+06   6.5429688e+01
   6.8966210e+06   6.3049316e+01
   6.8966380e+06   6.5490723e+01
   6.8966670e+06   6.0913086e+01
   6.8966860e+06   4.4921875e+01
   6.8967910e+06   3.9123535e+01
   6.8968090e+06   4.3579102e+01
   6.8968250e+06   3.7902832e+01
   6.8968820e+06   5.1696777e+01
   6.8971400e+06   4.9682617e+01
   6.8974080e+06   4.4982910e+01
   6.8974860e+06   3.9489746e+01
   6.8979700e+06   3.6621094e+01
   6.9331300e+06   3.6132812e+01
   6.9334670e+06   3.7780762e+01
   6.9512190e+06   4.6447754e+01
   6.9520610e+06   3.9123535e+01
   6.9523640e+06   4.3212891e+01
   6.9524790e+06   4.3823242e+01
   6.9530720e+06   3.7170410e+01
   6.9532470e+06   4.3884277e+01
   6.9533880e+06   6.2438965e+01
   6.9533980e+06   7.6354980e+01
   6.9534390e+06   4.6142578e+01
   6.9535710e+06   3.8574219e+01
   6.9536040e+06   5.7006836e+01
   6.9536740e+06   6.4636230e+01
   6.9538200e+06   6.9030762e+01
   6.9539370e+06   3.6743164e+01
   6.9539770e+06   6.0974121e+01
   6.9541910e+06   4.1381836e+01
   6.9542490e+06   4.3395996e+01
   6.9542620e+06   6.5307617e+01
   6.9543060e+06   4.8645020e+01
   6.9546890e+06   3.7048340e+01
   6.9958110e+06   4.3090820e+01
   6.9966370e+06   3.7353516e+01
   7.1825350e+06   3.7536621e+01
   7.3332870e+06   3.6682129e+01
   7.3886020e+06   4.1259766e+01
   7.3889200e+06   5.5419922e+01
   7.3890170e+06   3.6987305e+01
   7.3891320e+06   6.7871094e+01
   7.3891640e+06   5.5725098e+01
   7.3891750e+06   7.6110840e+01
   7.3892390e+06   3.7841797e+01
   7.3892920e+06   6.3171387e+01
   7.3893490e+06   7.3120117e+01
   7.3893640e+06   3.9794922e+01
   7.3893980e+06   3.8208008e+01
   7.3895070e+06   5.6335449e+01
   7.3895180e+06   7.0068359e+01
   7.3897130e+06   3.8452148e+01
   7.3899920e+06   4.5837402e+01
   7.3901590e+06   4.2968750e+01
   7.3902960e+06   3.8757324e+01
   7.4197590e+06   5.4138184e+01
   7.4390860e+06   4.1137695e+01
   7.4396180e+06   4.9804688e+01
   7.4396760e+06   7.2570801e+01
   7.4396960e+06   3.8146973e+01
   7.4397200e+06   5.3344727e+01
   7.4398280e+06   4.7485352e+01
   7.4398770e+06   5.2001953e+01
   7.4399020e+06   3.7292480e+01
   7.4399310e+06   5.1696777e+01
   7.4400500e+06   4.7973633e+01
   7.4400810e+06   5.3833008e+01
   7.4401050e+06   5.3283691e+01
   7.4401170e+06   3.6743164e+01
   7.4402290e+06   5.2612305e+01
   7.4403180e+06   3.6804199e+01
   7.4404740e+06   4.8095703e+01
   7.4404980e+06   4.0222168e+01
   7.4411380e+06   3.8024902e+01
   7.4783380e+06   5.0903320e+01
   7.4791560e+06   4.8583984e+01
   7.4794820e+06   4.1809082e+01
   7.4799420e+06   3.9916992e+01
   7.4799940e+06   4.5166016e+01
   7.4966050e+06   3.6071777e+01
   7.4966390e+06   3.6071777e+01
   7.4968930e+06   5.4687500e+01
   7.4969850e+06   4.1137695e+01
   7.4970650e+06   7.9467773e+01
   7.4970850e+06   6.2438965e+01
   7.4971310e+06   4.1259766e+01
   7.4971710e+06   6.7504883e+01
   7.4972440e+06   4.0100098e+01
   7.4972720e+06   3.7170410e+01
   7.4973400e+06   5.1025391e+01
   7.4974390e+06   5.5725098e+01
   7.4974740e+06   4.4860840e+01
   7.4975080e+06   7.1350098e+01
   7.4976360e+06   4.6325684e+01
   7.4977660e+06   4.3151855e+01
   7.4979150e+06   4.3395996e+01
   7.4980780e+06   4.1625977e+01
   7.4981810e+06   4.5288086e+01
   7.4985400e+06   4.2236328e+01
   7.4986700e+06   4.2785645e+01
   7.5534970e+06   4.0832520e+01
   7.5538710e+06   6.6528320e+01
   7.5540350e+06   5.9204102e+01
   7.5541260e+06   5.6823730e+01
   7.5542530e+06   5.9814453e+01
   7.5543230e+06   3.9184570e+01
   7.5545140e+06   6.4880371e+01
   7.5545460e+06   6.1218262e+01
   7.5545620e+06   4.0771484e+01
   7.5547780e+06   4.7546387e+01
   7.5547970e+06   4.1198730e+01
   7.5548590e+06   5.4870605e+01
   7.5549260e+06   4.4189453e+01
   7.7959540e+06   5.3344727e+01
   7.7963330e+06   3.6254883e+01
   7.8491430e+06   4.3090820e+01
   7.8504410e+06   4.6691895e+01
   7.9411540e+06   4.5288086e+01
   7.9413350e+06   4.3823242e+01
   7.9417600e+06   6.3171387e+01
   7.9418040e+06   4.7668457e+01
   7.9668590e+06   3.8818359e+01
   8.1239380e+06   4.6264648e+01
   8.1239980e+06   5.3588867e+01
   8.1241270e+06   4.0039062e+01
   8.1241420e+06   3.8818359e+01
   8.1241630e+06   7.1350098e+01
   8.1241880e+06   5.5419922e+01
   8.1243410e+06   9.2041016e+01
   8.1244460e+06   4.4494629e+01
   8.1245090e+06   3.7048340e+01
   8.1245260e+06   3.9733887e+01
   8.1245500e+06   4.2236328e+01
   8.1245880e+06   3.7048340e+01
   8.1247410e+06   4.6203613e+01
   8.1247900e+06   4.0893555e+01
   8.1249720e+06   4.0161133e+01
   8.1249960e+06   4.1992188e+01
   8.1253720e+06   3.8452148e+01
   8.1788240e+06   4.6752930e+01
   8.1790430e+06   6.7810059e+01
   8.1791690e+06   6.7932129e+01
   8.1792020e+06   4.2114258e+01
   8.1792700e+06   6.4392090e+01
   8.1793160e+06   4.9865723e+01
   8.1793350e+06   6.5429688e+01
   8.1794530e+06   3.7719727e+01
   8.1794850e+06   6.1828613e+01
   8.1795060e+06   3.6682129e+01
   8.1795400e+06   3.6804199e+01
   8.1795770e+06   5.2612305e+01
   8.1796470e+06   5.0781250e+01
   8.1797490e+06   4.2724609e+01
   8.1798170e+06   3.7292480e+01
   8.1798870e+06   4.7729492e+01
   8.1799440e+06   3.6621094e+01
   8.1800380e+06   3.9123535e+01
   8.1803000e+06   4.0283203e+01
   8.1803590e+06   3.9550781e+01
   8.1803850e+06   4.5227051e+01
   8.1808080e+06   4.4128418e+01
   8.2349470e+06   3.7658691e+01
   8.2353360e+06   4.0222168e+01
   8.2355120e+06   5.9204102e+01
   8.2355300e+06   5.7250977e+01
   8.2356060e+06   7.3730469e+01
   8.2357750e+06   5.9753418e+01
   8.2358140e+06   5.3527832e+01
   8.2358980e+06   5.4321289e+01
   8.2361120e+06   7.8857422e+01
   8.2361330e+06   4.1748047e+01
   8.2363970e+06   3.6865234e+01
   8.2647080e+06   4.3151855e+01
   8.2662710e+06   4.6813965e+01
   8.2821910e+06   4.1320801e+01
   8.2823530e+06   4.5410156e+01
   8.2823890e+06   9.2712402e+01
   8.2824080e+06   4.5715332e+01
   8.2824350e+06   6.1340332e+01
   8.2824550e+06   5.2124023e+01
   8.2825660e+06   4.4616699e+01
   8.2826050e+06   5.4199219e+01
   8.2826230e+06   7.2998047e+01
   8.2826380e+06   4.6936035e+01
   8.2827230e+06   4.4921875e+01
   8.2827950e+06   5.0842285e+01
   8.2829070e+06   5.4199219e+01
   8.2829240e+06   5.7617188e+01
   8.2830340e+06   4.8034668e+01
   8.2831480e+06   3.9916992e+01
   8.2831590e+06   3.8391113e+01
   8.2832500e+06   4.7302246e+01
   8.2834980e+06   3.9978027e+01
   8.2835850e+06   4.4921875e+01
   8.3349070e+06   7.6904297e+01
   8.3350530e+06   5.6701660e+01
   8.3351180e+06   3.8269043e+01
   8.3351820e+06   5.4382324e+01
   8.3352210e+06   4.2480469e+01
   8.3353320e+06   4.0222168e+01
   8.3354140e+06   5.8776855e+01
   8.3354640e+06   3.6010742e+01
   8.3355650e+06   5.5114746e+01
   8.3356030e+06   4.2114258e+01
   8.3357760e+06   4.6630859e+01
   8.3358330e+06   5.7006836e+01
   8.3361170e+06   4.2175293e+01
   8.3652080e+06   4.2358398e+01
   8.3654140e+06   4.0161133e+01
   8.3657540e+06   3.9062500e+01
   8.6288600e+06   3.8696289e+01
   8.8172580e+06   5.5664062e+01
   8.8174180e+06   5.6579590e+01
   8.8175150e+06   5.4992676e+01
   8.8176290e+06   5.1696777e+01
   8.8176710e+06   8.4167480e+01
   8.8176880e+06   3.9245605e+01
   8.8178170e+06   5.8593750e+01
   8.8178360e+06   5.7617188e+01
   8.8179370e+06   4.8583984e+01
   8.8179620e+06   4.0161133e+01
   8.8179910e+06   5.6152344e+01
   8.8180090e+06   3.9123535e+01
   8.8182030e+06   4.7485352e+01
   8.8182670e+06   3.9550781e+01
   8.8186700e+06   4.8645020e+01
   8.8188050e+06   3.6193848e+01
   8.8188860e+06   3.6132812e+01
   8.8862550e+06   4.8950195e+01
   8.8865680e+06   5.0415039e+01
   8.8867000e+06   5.8288574e+01
   8.8867130e+06   4.8583984e+01
   8.8867540e+06   4.6081543e+01
   8.8868320e+06   6.9030762e+01
   8.8868910e+06   5.2856445e+01
   8.8869060e+06   6.1523438e+01
   8.8870460e+06   4.0893555e+01
   8.8871080e+06   4.3395996e+01
   8.8872050e+06   4.3395996e+01
   8.8872360e+06   4.9499512e+01
   8.8872970e+06   5.2062988e+01
   8.8874520e+06   3.6621094e+01
   8.9533150e+06   4.0649414e+01
   8.9642620e+06   3.6865234e+01
   8.9643730e+06   3.9489746e+01
   8.9650970e+06   3.6804199e+01
   8.9851570e+06   4.5227051e+01
   8.9851790e+06   4.3151855e+01
   8.9852600e+06   3.6315918e+01
   8.9852890e+06   4.4738770e+01
   8.9853770e+06   4.8339844e+01
   8.9853960e+06   5.3649902e+01
   8.9854240e+06   5.8471680e+01
   8.9854670e+06   3.8208008e+01
   8.9855210e+06   4.6264648e+01
   8.9855600e+06   5.8471680e+01
   8.9855810e+06   4.1748047e+01
   8.9857290e+06   5.5847168e+01
   8.9857530e+06   4.1992188e+01
   8.9857810e+06   5.4016113e+01
   8.9859940e+06   3.8635254e+01
   8.9866350e+06   3.8818359e+01
