   8.9990000e+06   0.0000000e+00
   3.7410000e+03   4.2602539e+01
   1.1882000e+04   4.2358398e+01
   2.2762000e+04   4.2297363e+01
   2.6450000e+04   4.3212891e+01
   2.7471000e+04   4.4677734e+01
   3.2317000e+04   3.6682129e+01
   3.2953000e+04   5.0598145e+01
   4.2682000e+04   4.1015625e+01
   4.8281000e+04   4.3579102e+01
   5.5518000e+04   3.9123535e+01
   6.7809000e+04   4.0954590e+01
   7.3431000e+04   4.7546387e+01
   8.7835000e+04   3.9306641e+01
   1.0083500e+05   6.3171387e+01
   1.0116400e+05   3.9367676e+01
   1.0145700e+05   5.7739258e+01
   1.1076300e+05   3.6804199e+01
   1.1518000e+05   5.7189941e+01
   1.1569700e+05   5.0170898e+01
   1.1635700e+05   5.3527832e+01
   1.1722200e+05   5.2856445e+01
   1.1774200e+05   4.1564941e+01
   1.1831000e+05   3.7780762e+01
   1.3316700e+05   4.2907715e+01
   1.3379500e+05   3.8085938e+01
   1.3415200e+05   4.0222168e+01
   1.5116900e+05   3.6376953e+01
   1.5186300e+05   4.6691895e+01
   1.5507100e+05   4.4006348e+01
   1.6446800e+05   4.2663574e+01
   1.7338000e+05   4.1503906e+01
   1.7842600e+05   4.3884277e+01
   1.8573200e+05   4.6142578e+01
   1.9910400e+05   5.2001953e+01
   2.0609100e+05   3.6987305e+01
   2.0848500e+05   3.9916992e+01
   2.1213400e+05   4.0527344e+01
   2.1303000e+05   5.5664062e+01
   2.2234000e+05   3.9367676e+01
   2.2607100e+05   4.0283203e+01
   2.3317900e+05   4.7241211e+01
   2.4908200e+05   4.9133301e+01
   2.5336300e+05   4.8889160e+01
   2.6007800e+05   4.1870117e+01
   2.6821200e+05   3.8452148e+01
   2.7795200e+05   3.9489746e+01
   2.8518200e+05   3.9794922e+01
   3.0102800e+05   4.5166016e+01
   3.0597900e+05   4.2602539e+01
   3.1620500e+05   5.2307129e+01
   3.3490500e+05   4.5104980e+01
   3.4023200e+05   5.1330566e+01
   3.4374300e+05   4.2114258e+01
   3.4463000e+05   6.7138672e+01
   3.4479800e+05   4.8095703e+01
   3.4510900e+05   4.6569824e+01
   3.4547400e+05   4.4738770e+01
   3.6195200e+05   4.3334961e+01
   3.7314100e+05   4.4860840e+01
   3.7553500e+05   4.1198730e+01
   3.9003700e+05   4.7180176e+01
   4.0248100e+05   4.3273926e+01
   4.0706500e+05   4.2358398e+01
   4.1571700e+05   3.7902832e+01
   4.2891200e+05   3.8940430e+01
   4.3941500e+05   4.4372559e+01
   4.4915600e+05   4.5593262e+01
   4.5630700e+05   3.9001465e+01
   4.5688700e+05   3.6132812e+01
   4.6610300e+05   4.6447754e+01
   4.7307000e+05   3.6437988e+01
   4.8067000e+05   4.3762207e+01
   4.8850200e+05   4.8034668e+01
   4.8936200e+05   4.3762207e+01
   4.9699800e+05   3.6499023e+01
   5.0920600e+05   5.5847168e+01
   5.3520700e+05   4.7729492e+01
   5.4264900e+05   4.2480469e+01
   5.5483900e+05   4.0344238e+01
   5.7426700e+05   3.8696289e+01
   5.7812100e+05   4.6081543e+01
   5.8486500e+05   3.9794922e+01
   5.9590100e+05   4.3884277e+01
   5.9854500e+05   4.1442871e+01
   6.0470100e+05   4.0893555e+01
   6.0932000e+05   3.7292480e+01
   6.1152400e+05   3.7353516e+01
   6.2013300e+05   3.6865234e+01
   6.3014100e+05   3.6682129e+01
   6.4184600e+05   4.5471191e+01
   6.4752100e+05   4.0100098e+01
   6.5194100e+05   4.4433594e+01
   6.6152000e+05   3.8452148e+01
   6.6693000e+05   4.0405273e+01
   6.7158500e+05   4.6569824e+01
   6.8655000e+05   4.4189453e+01
   6.9379000e+05   4.2968750e+01
   7.0305100e+05   4.9743652e+01
   7.0959300e+05   3.8391113e+01
   7.1014100e+05   4.6386719e+01
   7.1626300e+05   5.1757812e+01
   7.3342000e+05   4.0283203e+01
   7.4129100e+05   3.7292480e+01
   7.5300600e+05   3.9367676e+01
   7.5802900e+05   4.6142578e+01
   7.7171900e+05   3.9428711e+01
   7.8448800e+05   5.2551270e+01
   7.8700700e+05   3.6560059e+01
   7.8747700e+05   5.2124023e+01
   7.8845000e+05   4.0527344e+01
   7.9739900e+05   4.2236328e+01
   8.0129400e+05   4.2053223e+01
   8.1173800e+05   4.8767090e+01
   8.1625700e+05   3.7353516e+01
   8.5197100e+05   4.3945312e+01
   8.5830800e+05   4.4494629e+01
   8.7226300e+05   3.6499023e+01
   8.8281700e+05   4.5043945e+01
   8.9087700e+05   3.9184570e+01
   8.9776500e+05   4.9072266e+01
   9.0267700e+05   4.8095703e+01
   9.3750600e+05   4.5471191e+01
   9.3881700e+05   3.9855957e+01
   9.4093800e+05   4.2236328e+01
   9.4244200e+05   4.1320801e+01
   9.4670600e+05   3.6499023e+01
   9.5755900e+05   6.5612793e+01
   9.5767500e+05   4.0649414e+01
   9.6702800e+05   5.1513672e+01
   9.7426500e+05   4.2846680e+01
   9.8586900e+05   5.2612305e+01
   9.8610200e+05   3.6132812e+01
   1.0055750e+06   3.6621094e+01
   1.0135590e+06   3.9306641e+01
   1.0212040e+06   3.7902832e+01
   1.0260500e+06   3.9428711e+01
   1.0308850e+06   4.2236328e+01
   1.0582010e+06   3.8269043e+01
   1.0652770e+06   4.4372559e+01
   1.0689740e+06   3.7475586e+01
   1.0722890e+06   3.9062500e+01
   1.0781210e+06   3.8085938e+01
   1.0829410e+06   5.3344727e+01
   1.0938000e+06   4.2602539e+01
   1.0975460e+06   4.2968750e+01
   1.1085620e+06   4.8156738e+01
   1.1153740e+06   4.6630859e+01
   1.1295690e+06   4.6936035e+01
   1.1346340e+06   4.3640137e+01
   1.1355570e+06   4.9194336e+01
   1.1415240e+06   3.6743164e+01
   1.1627340e+06   5.6640625e+01
   1.1696090e+06   4.3701172e+01
   1.1810580e+06   4.2114258e+01
   1.1929330e+06   5.4504395e+01
   1.1972950e+06   4.5532227e+01
   1.2032610e+06   3.9611816e+01
   1.2132480e+06   5.2246094e+01
   1.2207900e+06   4.6386719e+01
   1.2270580e+06   4.4555664e+01
   1.2303690e+06   4.4616699e+01
   1.2312690e+06   4.5959473e+01
   1.2437610e+06   4.9377441e+01
   1.2541740e+06   4.8583984e+01
   1.2621660e+06   4.4250488e+01
   1.2649570e+06   4.1381836e+01
   1.2701430e+06   4.6203613e+01
   1.2752590e+06   4.2114258e+01
   1.2822000e+06   3.9306641e+01
   1.2886120e+06   4.1931152e+01
   1.2909330e+06   3.7780762e+01
   1.2954820e+06   6.4697266e+01
   1.2963080e+06   6.1645508e+01
   1.2969090e+06   4.5288086e+01
   1.3074250e+06   4.1992188e+01
   1.3123630e+06   4.0222168e+01
   1.3251130e+06   6.4331055e+01
   1.3257950e+06   4.7668457e+01
   1.3271940e+06   4.5715332e+01
   1.3359500e+06   4.0710449e+01
   1.3431790e+06   4.2724609e+01
   1.3531690e+06   4.0893555e+01
   1.3570250e+06   5.4199219e+01
   1.3572940e+06   5.2001953e+01
   1.3577790e+06   4.9499512e+01
   1.3583470e+06   4.0649414e+01
   1.3663930e+06   4.9743652e+01
   1.3718290e+06   5.1513672e+01
   1.3757770e+06   4.6630859e+01
   1.3834410e+06   4.8339844e+01
   1.3876000e+06   4.7424316e+01
   1.3975600e+06   4.6325684e+01
   1.3985830e+06   3.6743164e+01
   1.3989560e+06   4.2053223e+01
   1.4049660e+06   3.6376953e+01
   1.4085390e+06   3.8574219e+01
   1.4097700e+06   4.5654297e+01
   1.4119710e+06   4.0100098e+01
   1.4167830e+06   4.4006348e+01
   1.4199980e+06   4.0466309e+01
   1.4282330e+06   4.0771484e+01
   1.4379630e+06   3.8085938e+01
   1.4470920e+06   7.2753906e+01
   1.4472040e+06   4.4006348e+01
   1.4504200e+06   4.4616699e+01
   1.4535820e+06   4.7302246e+01
   1.4574410e+06   4.2907715e+01
   1.4686010e+06   4.0771484e+01
   1.4713500e+06   4.3029785e+01
   1.4790360e+06   3.6865234e+01
   1.4874900e+06   4.3640137e+01
   1.4912860e+06   3.7902832e+01
   1.5007270e+06   4.5043945e+01
   1.5058170e+06   4.1259766e+01
   1.5107200e+06   4.8767090e+01
   1.5192770e+06   4.1564941e+01
   1.5202170e+06   3.8696289e+01
   1.5297910e+06   5.0354004e+01
   1.5306210e+06   3.7536621e+01
   1.5346580e+06   4.5104980e+01
   1.5390560e+06   5.3039551e+01
   1.5411050e+06   4.0771484e+01
   1.5447230e+06   4.5715332e+01
   1.5479690e+06   5.0476074e+01
   1.5561410e+06   5.1025391e+01
   1.5665380e+06   4.8828125e+01
   1.5726070e+06   5.0781250e+01
   1.5764850e+06   4.2053223e+01
   1.5807360e+06   4.4799805e+01
   1.5895010e+06   3.9001465e+01
   1.5927510e+06   4.0832520e+01
   1.5977890e+06   4.1625977e+01
   1.6001820e+06   3.6193848e+01
   1.6113230e+06   3.7597656e+01
   1.6169420e+06   5.3527832e+01
   1.6280560e+06   4.3395996e+01
   1.6291960e+06   4.6081543e+01
   1.6380980e+06   3.8513184e+01
   1.6420590e+06   5.0842285e+01
   1.6434200e+06   3.6743164e+01
   1.6510020e+06   4.2175293e+01
   1.6583660e+06   4.4311523e+01
   1.6601750e+06   3.7353516e+01
   1.6711900e+06   5.0048828e+01
   1.6743400e+06   4.6508789e+01
   1.6826460e+06   4.6997070e+01
   1.6857670e+06   5.1818848e+01
   1.6926430e+06   4.0283203e+01
   1.6970700e+06   3.8757324e+01
   1.6999540e+06   4.0527344e+01
   1.7048500e+06   4.1503906e+01
   1.7123170e+06   4.2053223e+01
   1.7175310e+06   5.0842285e+01
   1.7251880e+06   4.1015625e+01
   1.7261290e+06   4.8767090e+01
   1.7287350e+06   4.0710449e+01
   1.7297140e+06   4.2419434e+01
   1.7380470e+06   3.6682129e+01
   1.7448860e+06   4.9438477e+01
   1.7476910e+06   4.1564941e+01
   1.7541380e+06   4.6569824e+01
   1.7592780e+06   4.4128418e+01
   1.7628930e+06   4.0100098e+01
   1.7714620e+06   4.7180176e+01
   1.7775430e+06   4.0832520e+01
   1.7823790e+06   4.2785645e+01
   1.7858540e+06   4.4189453e+01
   1.7897620e+06   3.8574219e+01
   1.7940400e+06   4.2602539e+01
   1.8052230e+06   3.8391113e+01
   1.8122420e+06   4.0222168e+01
   1.8147970e+06   4.1992188e+01
   1.8200160e+06   4.4799805e+01
   1.8236040e+06   4.4677734e+01
   1.8275240e+06   4.4128418e+01
   1.8289080e+06   4.4372559e+01
   1.8301780e+06   3.8696289e+01
   1.8367350e+06   3.9245605e+01
   1.8392790e+06   4.9377441e+01
   1.8451920e+06   4.2663574e+01
   1.8479690e+06   4.0344238e+01
   1.8521390e+06   4.3212891e+01
   1.8538570e+06   3.8269043e+01
   1.8591440e+06   4.4250488e+01
   1.8647140e+06   4.6508789e+01
   1.8703370e+06   4.7302246e+01
   1.8728520e+06   3.7231445e+01
   1.8745350e+06   3.6254883e+01
   1.8792840e+06   4.7180176e+01
   1.8838040e+06   5.5969238e+01
   1.8869870e+06   4.9072266e+01
   1.8930070e+06   5.2185059e+01
   1.8963540e+06   4.2358398e+01
   1.8977490e+06   4.8217773e+01
   1.8985150e+06   4.0161133e+01
   1.9036730e+06   4.8278809e+01
   1.9042810e+06   4.4677734e+01
   1.9140970e+06   4.0649414e+01
   1.9202470e+06   3.7719727e+01
   1.9257780e+06   4.1992188e+01
   1.9287690e+06   4.7729492e+01
   1.9336810e+06   3.9794922e+01
   1.9395770e+06   4.6264648e+01
   1.9516380e+06   4.4616699e+01
   1.9547820e+06   5.1025391e+01
   1.9592030e+06   4.3884277e+01
   1.9692740e+06   3.9733887e+01
   1.9710780e+06   3.8391113e+01
   1.9774230e+06   4.3701172e+01
   1.9789380e+06   3.6865234e+01
   1.9860600e+06   4.3212891e+01
   1.9953520e+06   4.3823242e+01
   2.0012100e+06   4.8278809e+01
   2.0057850e+06   3.7048340e+01
   2.0114990e+06   4.6691895e+01
   2.0247600e+06   3.9794922e+01
   2.0366490e+06   4.9987793e+01
   2.0450670e+06   4.1198730e+01
   2.0552410e+06   5.2368164e+01
   2.0682040e+06   4.7790527e+01
   2.0705620e+06   7.4829102e+01
   2.0706060e+06   3.6071777e+01
   2.0712090e+06   6.2622070e+01
   2.0829420e+06   5.7495117e+01
   2.0842830e+06   6.5246582e+01
   2.0884340e+06   3.7353516e+01
   2.0952280e+06   4.1625977e+01
   2.0962820e+06   4.5227051e+01
   2.1049060e+06   3.9672852e+01
   2.1068350e+06   4.3762207e+01
   2.1123780e+06   5.1330566e+01
   2.1189170e+06   3.9550781e+01
   2.1269870e+06   4.5471191e+01
   2.1297210e+06   4.1259766e+01
   2.1310470e+06   4.2907715e+01
   2.1339050e+06   4.2785645e+01
   2.1392320e+06   3.6499023e+01
   2.1425250e+06   4.3762207e+01
   2.1495140e+06   4.6813965e+01
   2.1511460e+06   3.9489746e+01
   2.1591810e+06   5.1696777e+01
   2.1604490e+06   3.9550781e+01
   2.1687440e+06   4.9804688e+01
   2.1756250e+06   3.6926270e+01
   2.1926650e+06   4.5288086e+01
   2.2009760e+06   3.7109375e+01
   2.2037770e+06   4.5104980e+01
   2.2059020e+06   4.8583984e+01
   2.2087360e+06   3.7597656e+01
   2.2125990e+06   3.6254883e+01
   2.2186020e+06   4.6264648e+01
   2.2214680e+06   4.0893555e+01
   2.2250220e+06   4.5410156e+01
   2.2327050e+06   3.9001465e+01
   2.2444860e+06   5.0048828e+01
   2.2481680e+06   3.8757324e+01
   2.2487340e+06   3.9733887e+01
   2.2548950e+06   4.0893555e+01
   2.2608140e+06   4.0466309e+01
   2.2684080e+06   4.5043945e+01
   2.2751050e+06   4.1992188e+01
   2.2828660e+06   4.1687012e+01
   2.2885780e+06   4.6203613e+01
   2.2915390e+06   4.7729492e+01
   2.3009020e+06   4.5532227e+01
   2.3170740e+06   4.2480469e+01
   2.3258540e+06   3.9062500e+01
   2.3290220e+06   5.4626465e+01
   2.3334600e+06   4.3457031e+01
   2.3368820e+06   4.6447754e+01
   2.3399720e+06   5.8166504e+01
   2.3420320e+06   4.5410156e+01
   2.3462400e+06   4.4067383e+01
   2.3490020e+06   3.6560059e+01
   2.3495000e+06   4.2114258e+01
   2.3530440e+06   4.0954590e+01
   2.3569200e+06   4.6997070e+01
   2.3609400e+06   4.9682617e+01
   2.3737130e+06   5.1452637e+01
   2.3848480e+06   3.7597656e+01
   2.3897730e+06   3.7536621e+01
   2.3930290e+06   5.9326172e+01
   2.4017370e+06   4.1748047e+01
   2.4104790e+06   4.3029785e+01
   2.4162750e+06   4.4128418e+01
   2.4200180e+06   4.4799805e+01
   2.4234940e+06   4.4860840e+01
   2.4272910e+06   4.1748047e+01
   2.4306410e+06   4.0039062e+01
   2.4354560e+06   4.0466309e+01
   2.4384690e+06   5.4199219e+01
   2.4473970e+06   4.9499512e+01
   2.4484320e+06   4.8522949e+01
   2.4556010e+06   4.4555664e+01
   2.4589360e+06   5.4016113e+01
   2.4603900e+06   4.8400879e+01
   2.4657840e+06   5.0170898e+01
   2.4726160e+06   3.7963867e+01
   2.4744630e+06   4.0222168e+01
   2.4759060e+06   3.6010742e+01
   2.4804160e+06   4.9133301e+01
   2.4824820e+06   4.2541504e+01
   2.4861430e+06   4.9072266e+01
   2.4914110e+06   4.2358398e+01
   2.4938220e+06   4.8339844e+01
   2.4946590e+06   4.1320801e+01
   2.5069420e+06   4.3457031e+01
   2.5139580e+06   4.8461914e+01
   2.5163500e+06   5.3955078e+01
   2.5185920e+06   4.4738770e+01
   2.5227530e+06   3.9245605e+01
   2.5315690e+06   5.1269531e+01
   2.5324850e+06   4.5532227e+01
   2.5366300e+06   3.6071777e+01
   2.5376970e+06   5.4565430e+01
   2.5416880e+06   4.9194336e+01
   2.5450130e+06   4.3212891e+01
   2.5485760e+06   4.5104980e+01
   2.5500060e+06   3.8024902e+01
   2.5536970e+06   4.2114258e+01
   2.5604770e+06   3.7536621e+01
   2.5620780e+06   4.6508789e+01
   2.5685120e+06   4.6630859e+01
   2.5722540e+06   4.1381836e+01
   2.5747380e+06   4.7424316e+01
   2.5782130e+06   3.8391113e+01
   2.5837600e+06   4.4616699e+01
   2.5863780e+06   4.8950195e+01
   2.5874420e+06   5.0231934e+01
   2.5902610e+06   4.4555664e+01
   2.5970940e+06   4.8889160e+01
   2.6026230e+06   4.0466309e+01
   2.6081370e+06   4.7668457e+01
   2.6201440e+06   4.6386719e+01
   2.6221580e+06   5.0598145e+01
   2.6283820e+06   4.3090820e+01
   2.6402360e+06   4.1809082e+01
   2.6431150e+06   6.1950684e+01
   2.6482890e+06   4.7912598e+01
   2.6583920e+06   4.9072266e+01
   2.6629670e+06   4.3457031e+01
   2.6636160e+06   4.3151855e+01
   2.6641790e+06   4.2663574e+01
   2.6645490e+06   4.4616699e+01
   2.6755770e+06   4.4738770e+01
   2.6864290e+06   4.3762207e+01
   2.6914600e+06   4.5898438e+01
   2.6950310e+06   5.0048828e+01
   2.7045750e+06   4.1992188e+01
   2.7090080e+06   4.4494629e+01
   2.7107690e+06   3.7597656e+01
   2.7127800e+06   4.5288086e+01
   2.7139030e+06   3.9916992e+01
   2.7152380e+06   3.6621094e+01
   2.7182510e+06   3.6926270e+01
   2.7217220e+06   5.2978516e+01
   2.7257520e+06   3.6560059e+01
   2.7364080e+06   5.3039551e+01
   2.7373020e+06   4.3640137e+01
   2.7383830e+06   3.6743164e+01
   2.7403550e+06   4.5349121e+01
   2.7457940e+06   4.5288086e+01
   2.7481980e+06   3.8391113e+01
   2.7521670e+06   4.3151855e+01
   2.7586740e+06   3.9978027e+01
   2.7675230e+06   3.6376953e+01
   2.7698270e+06   4.6081543e+01
   2.7721820e+06   4.2968750e+01
   2.7800100e+06   4.3579102e+01
   2.7809180e+06   3.9550781e+01
   2.7891860e+06   4.5898437e+01
   2.7919120e+06   5.6091309e+01
   2.7983010e+06   3.8269043e+01
   2.8028650e+06   3.9001465e+01
   2.8126720e+06   4.4250488e+01
   2.8147540e+06   4.5959473e+01
   2.8158490e+06   4.6081543e+01
   2.8176980e+06   4.8278809e+01
   2.8232140e+06   4.5532227e+01
   2.8255850e+06   3.9916992e+01
   2.8273430e+06   3.7902832e+01
   2.8331000e+06   4.7119141e+01
   2.8344830e+06   4.8706055e+01
   2.8458120e+06   4.8217773e+01
   2.8495470e+06   4.2724609e+01
   2.8599340e+06   4.0344238e+01
   2.8607710e+06   4.6020508e+01
   2.8637030e+06   3.9733887e+01
   2.8655950e+06   4.0100098e+01
   2.8665550e+06   4.8583984e+01
   2.8686010e+06   4.9621582e+01
   2.8736490e+06   4.3762207e+01
   2.8826140e+06   4.7119141e+01
   2.8860570e+06   5.3833008e+01
   2.8962440e+06   5.6518555e+01
   2.8969160e+06   4.7241211e+01
   2.8986560e+06   3.9794922e+01
   2.9049690e+06   4.1381836e+01
   2.9056450e+06   4.5654297e+01
   2.9131350e+06   4.6020508e+01
   2.9166830e+06   4.3212891e+01
   2.9206920e+06   4.0466309e+01
   2.9234560e+06   4.4799805e+01
   2.9302720e+06   4.2236328e+01
   2.9322110e+06   4.1992187e+01
   2.9352100e+06   4.5715332e+01
   2.9445230e+06   4.3945312e+01
   2.9483640e+06   4.7790527e+01
   2.9514250e+06   4.3762207e+01
   2.9619990e+06   4.6386719e+01
   2.9644820e+06   5.4321289e+01
   2.9652130e+06   5.3222656e+01
   2.9686770e+06   4.1564941e+01
   2.9740380e+06   4.4128418e+01
   2.9797990e+06   4.0405273e+01
   2.9814640e+06   5.2978516e+01
   2.9833940e+06   3.8574219e+01
   2.9907630e+06   5.0903320e+01
   2.9942090e+06   3.6132812e+01
   2.9965170e+06   5.4382324e+01
   2.9982680e+06   3.7231445e+01
   3.0044320e+06   3.7902832e+01
   3.0086220e+06   4.3823242e+01
   3.0110580e+06   4.3273926e+01
   3.0166380e+06   4.8828125e+01
   3.0200020e+06   3.9123535e+01
   3.0220560e+06   4.3334961e+01
   3.0302240e+06   4.3029785e+01
   3.0334330e+06   4.3884277e+01
   3.0393760e+06   4.8034668e+01
   3.0455710e+06   4.2785645e+01
   3.0477550e+06   4.1687012e+01
   3.0499650e+06   3.8146973e+01
   3.0514280e+06   3.8879395e+01
   3.0586400e+06   6.0424805e+01
   3.0650250e+06   5.4504395e+01
   3.0658410e+06   3.9672852e+01
   3.0684900e+06   4.6447754e+01
   3.0693690e+06   3.8391113e+01
   3.0709200e+06   3.9978027e+01
   3.0759090e+06   3.9733887e+01
   3.0848460e+06   4.2907715e+01
   3.0942440e+06   5.4687500e+01
   3.0978050e+06   3.8391113e+01
   3.1050240e+06   4.6936035e+01
   3.1061370e+06   4.0893555e+01
   3.1065430e+06   3.7109375e+01
   3.1065770e+06   5.2490234e+01
   3.1211450e+06   3.9489746e+01
   3.1348240e+06   3.7658691e+01
   3.1368120e+06   4.8583984e+01
   3.1437420e+06   5.3588867e+01
   3.1482890e+06   4.0222168e+01
   3.1554400e+06   4.0222168e+01
   3.1556520e+06   3.6621094e+01
   3.1564480e+06   4.4616699e+01
   3.1665620e+06   3.6499023e+01
   3.1688040e+06   5.0170898e+01
   3.1737360e+06   4.4006348e+01
   3.1786440e+06   4.5898438e+01
   3.1811500e+06   6.0974121e+01
   3.1897100e+06   5.4443359e+01
   3.1923860e+06   4.1931152e+01
   3.2032290e+06   3.6560059e+01
   3.2057630e+06   6.6467285e+01
   3.2064450e+06   4.2175293e+01
   3.2084640e+06   4.8034668e+01
   3.2129420e+06   4.4799805e+01
   3.2203240e+06   4.4433594e+01
   3.2257310e+06   3.7597656e+01
   3.2338570e+06   6.2316895e+01
   3.2364110e+06   4.4372559e+01
   3.2417350e+06   4.3090820e+01
   3.2490450e+06   4.5654297e+01
   3.2520570e+06   4.5959473e+01
   3.2584770e+06   4.7973633e+01
   3.2604650e+06   4.9194336e+01
   3.2620300e+06   3.9062500e+01
   3.2666570e+06   4.5959473e+01
   3.2758390e+06   4.5288086e+01
   3.2805750e+06   3.8146973e+01
   3.2841580e+06   4.8706055e+01
   3.2859240e+06   4.7607422e+01
   3.2952600e+06   5.5175781e+01
   3.2967180e+06   4.2480469e+01
   3.2989880e+06   3.7719727e+01
   3.3038460e+06   4.5349121e+01
   3.3047410e+06   4.2358398e+01
   3.3089070e+06   3.7109375e+01
   3.3096820e+06   4.4799805e+01
   3.3115710e+06   4.8828125e+01
   3.3201570e+06   3.6865234e+01
   3.3248070e+06   4.8583984e+01
   3.3258160e+06   3.7597656e+01
   3.3295130e+06   4.0649414e+01
   3.3345790e+06   3.9367676e+01
   3.3383910e+06   3.9367676e+01
   3.3438200e+06   3.6987305e+01
   3.3447310e+06   5.3222656e+01
   3.3471340e+06   4.0161133e+01
   3.3615780e+06   5.4382324e+01
   3.3652320e+06   4.2419434e+01
   3.3694720e+06   4.8522949e+01
   3.3817170e+06   4.4128418e+01
   3.3880660e+06   5.9387207e+01
   3.3932840e+06   4.3945313e+01
   3.3967250e+06   3.9428711e+01
   3.4035930e+06   5.3039551e+01
   3.4081180e+06   4.4860840e+01
   3.4141800e+06   3.8513184e+01
   3.4171510e+06   4.6203613e+01
   3.4214070e+06   3.8391113e+01
   3.4274320e+06   5.2734375e+01
   3.4284530e+06   5.0231934e+01
   3.4319240e+06   4.4921875e+01
   3.4399490e+06   4.3518066e+01
   3.4425660e+06   3.9306641e+01
   3.4458410e+06   3.7292480e+01
   3.4509900e+06   4.1564941e+01
   3.4539420e+06   3.8269043e+01
   3.4603680e+06   4.5471191e+01
   3.4620150e+06   4.1687012e+01
   3.4701440e+06   4.5104980e+01
   3.4733350e+06   4.8461914e+01
   3.4747600e+06   3.7475586e+01
   3.4820440e+06   5.0231934e+01
   3.4969170e+06   4.4677734e+01
   3.5210800e+06   4.0283203e+01
   3.5307430e+06   4.0405273e+01
   3.5373550e+06   4.7851562e+01
   3.5407330e+06   3.8452148e+01
   3.5421840e+06   4.6020508e+01
   3.5498000e+06   4.3273926e+01
   3.5523370e+06   4.1137695e+01
   3.5588940e+06   5.2612305e+01
   3.5636700e+06   4.2724609e+01
   3.5683120e+06   4.4860840e+01
   3.5696590e+06   3.7414551e+01
   3.5722710e+06   5.0964355e+01
   3.5764770e+06   4.2968750e+01
   3.5777030e+06   3.9306641e+01
   3.5810260e+06   4.2968750e+01
   3.5856040e+06   4.6264648e+01
   3.5872960e+06   4.1076660e+01
   3.5900280e+06   3.8208008e+01
   3.5996550e+06   4.3518066e+01
   3.6018510e+06   3.9550781e+01
   3.6024470e+06   4.0161133e+01
   3.6085240e+06   5.0659180e+01
   3.6096540e+06   5.4321289e+01
   3.6213430e+06   3.9794922e+01
   3.6237310e+06   3.6560059e+01
   3.6290450e+06   4.3151855e+01
   3.6331380e+06   5.6762695e+01
   3.6367870e+06   4.1320801e+01
   3.6419480e+06   4.0649414e+01
   3.6481100e+06   4.5288086e+01
   3.6491360e+06   4.3945312e+01
   3.6546270e+06   3.7902832e+01
   3.6568040e+06   4.5043945e+01
   3.6662520e+06   4.2297363e+01
   3.6686750e+06   5.5541992e+01
   3.6799930e+06   4.7485352e+01
   3.6882420e+06   4.3701172e+01
   3.6929200e+06   4.8217773e+01
   3.6967530e+06   5.4138184e+01
   3.7032130e+06   5.6579590e+01
   3.7042390e+06   4.4616699e+01
   3.7089320e+06   3.6254883e+01
   3.7129390e+06   4.0466309e+01
   3.7261990e+06   5.1208496e+01
   3.7316060e+06   4.5776367e+01
   3.7334330e+06   4.4189453e+01
   3.7410810e+06   4.8095703e+01
   3.7448860e+06   4.0405273e+01
   3.7481690e+06   3.8635254e+01
   3.7597970e+06   3.9855957e+01
   3.7675600e+06   4.4860840e+01
   3.7703430e+06   4.4372559e+01
   3.7727570e+06   4.4372559e+01
   3.7744420e+06   5.2673340e+01
   3.7788420e+06   5.0170898e+01
   3.7833620e+06   4.4555664e+01
   3.7854070e+06   3.8574219e+01
   3.7937030e+06   5.0048828e+01
   3.7945050e+06   5.2001953e+01
   3.7997320e+06   4.3823242e+01
   3.8020740e+06   4.4128418e+01
   3.8032670e+06   4.2053223e+01
   3.8117540e+06   4.3029785e+01
   3.8155670e+06   4.1748047e+01
   3.8192010e+06   5.7861328e+01
   3.8308800e+06   4.3212891e+01
   3.8400100e+06   4.3884277e+01
   3.8411320e+06   3.8940430e+01
   3.8488080e+06   5.1391602e+01
   3.8531220e+06   4.2175293e+01
   3.8541280e+06   4.3762207e+01
   3.8585250e+06   4.5532227e+01
   3.8709320e+06   3.8269043e+01
   3.8752940e+06   3.8085938e+01
   3.8801850e+06   4.1809082e+01
   3.8861150e+06   4.5898438e+01
   3.8894670e+06   4.2602539e+01
   3.8955660e+06   3.7597656e+01
   3.9005630e+06   5.3405762e+01
   3.9092030e+06   3.9978027e+01
   3.9163790e+06   4.1198730e+01
   3.9224930e+06   4.2968750e+01
   3.9251400e+06   3.8085938e+01
   3.9292710e+06   5.3955078e+01
   3.9298200e+06   3.6926270e+01
   3.9300500e+06   4.7241211e+01
   3.9305250e+06   9.2956543e+01
   3.9412170e+06   4.8278809e+01
   3.9458900e+06   3.7170410e+01
   3.9471670e+06   4.0344238e+01
   3.9571200e+06   4.7180176e+01
   3.9587890e+06   4.0344238e+01
   3.9594830e+06   4.9011230e+01
   3.9602550e+06   6.5551758e+01
   3.9603560e+06   4.6264648e+01
   3.9610310e+06   6.2927246e+01
   3.9610870e+06   3.9550781e+01
   3.9708580e+06   3.8818359e+01
   3.9739040e+06   5.6274414e+01
   3.9741170e+06   4.1259766e+01
   3.9751140e+06   5.4504395e+01
   3.9752210e+06   3.6926270e+01
   3.9806440e+06   5.2368164e+01
   3.9822850e+06   4.0832520e+01
   3.9907340e+06   4.1809082e+01
   3.9921840e+06   5.2001953e+01
   3.9941380e+06   4.2175293e+01
   4.0034230e+06   4.4616699e+01
   4.0039430e+06   4.1748047e+01
   4.0052100e+06   4.4128418e+01
   4.0149920e+06   3.8513184e+01
   4.0158680e+06   4.6142578e+01
   4.0166400e+06   3.8208008e+01
   4.0174670e+06   4.4921875e+01
   4.0180980e+06   4.1076660e+01
   4.0320580e+06   3.7353516e+01
   4.0355240e+06   4.1992188e+01
   4.0466200e+06   4.4921875e+01
   4.0472570e+06   4.2236328e+01
   4.0476020e+06   4.2358398e+01
   4.0486080e+06   3.7597656e+01
   4.0493490e+06   5.0659180e+01
   4.0531980e+06   3.7780762e+01
   4.0630300e+06   4.1381836e+01
   4.0726920e+06   3.7963867e+01
   4.0784770e+06   4.0039063e+01
   4.0796090e+06   4.4494629e+01
   4.0889730e+06   4.8217773e+01
   4.0923850e+06   4.2602539e+01
   4.0936930e+06   4.5043945e+01
   4.1008630e+06   4.5349121e+01
   4.1052150e+06   3.6437988e+01
   4.1069980e+06   3.8513184e+01
   4.1082510e+06   4.4860840e+01
   4.1129160e+06   4.5166016e+01
   4.1164440e+06   5.0903320e+01
   4.1172720e+06   3.6315918e+01
   4.1229910e+06   3.7658691e+01
   4.1242930e+06   4.5715332e+01
   4.1263170e+06   4.4433594e+01
   4.1338380e+06   4.8095703e+01
   4.1381400e+06   4.2480469e+01
   4.1457280e+06   4.2785645e+01
   4.1472150e+06   3.7719727e+01
   4.1499240e+06   4.1381836e+01
   4.1533640e+06   4.0588379e+01
   4.1573210e+06   4.1748047e+01
   4.1602240e+06   4.1076660e+01
   4.1626300e+06   4.3395996e+01
   4.1672960e+06   5.3649902e+01
   4.1692350e+06   4.0710449e+01
   4.1718130e+06   3.8391113e+01
   4.1772780e+06   4.1870117e+01
   4.1795700e+06   5.3039551e+01
   4.1812270e+06   4.2236328e+01
   4.1877360e+06   3.9001465e+01
   4.1904110e+06   4.4372559e+01
   4.1965300e+06   4.2419434e+01
   4.2017540e+06   4.6508789e+01
   4.2029600e+06   3.7719727e+01
   4.2078590e+06   5.6396484e+01
   4.2116640e+06   4.9011230e+01
   4.2260380e+06   4.4616699e+01
   4.2310560e+06   4.2297363e+01
   4.2389020e+06   4.9743652e+01
   4.2397440e+06   4.5959473e+01
   4.2412220e+06   3.9245605e+01
   4.2496980e+06   3.7719727e+01
   4.2516500e+06   4.4921875e+01
   4.2547020e+06   3.6743164e+01
   4.2563550e+06   4.2663574e+01
   4.2629850e+06   4.9682617e+01
   4.2662170e+06   6.2500000e+01
   4.2721270e+06   3.6987305e+01
   4.2747740e+06   4.8095703e+01
   4.2781830e+06   3.8818359e+01
   4.2854060e+06   4.2907715e+01
   4.2891110e+06   3.8940430e+01
   4.2930980e+06   4.6936035e+01
   4.3014080e+06   4.2968750e+01
   4.3027030e+06   3.7414551e+01
   4.3129800e+06   4.6875000e+01
   4.3171570e+06   3.6437988e+01
   4.3256290e+06   4.1564941e+01
   4.3279700e+06   4.3823242e+01
   4.3312240e+06   4.7058105e+01
   4.3424760e+06   4.4189453e+01
   4.3466340e+06   3.9001465e+01
   4.3474220e+06   4.7363281e+01
   4.3530320e+06   4.1076660e+01
   4.3610980e+06   4.2053223e+01
   4.3620960e+06   4.6020508e+01
   4.3709530e+06   3.6499023e+01
   4.3720240e+06   4.3823242e+01
   4.3761240e+06   4.7851563e+01
   4.3866640e+06   4.4921875e+01
   4.3875800e+06   4.6997070e+01
   4.3939440e+06   4.2785645e+01
   4.3979560e+06   4.3334961e+01
   4.3993700e+06   4.8706055e+01
   4.4084820e+06   4.3029785e+01
   4.4097990e+06   4.2480469e+01
   4.4132730e+06   5.0537109e+01
   4.4170230e+06   4.0771484e+01
   4.4195650e+06   3.8513184e+01
   4.4226040e+06   4.1687012e+01
   4.4241150e+06   4.0649414e+01
   4.4275830e+06   4.5288086e+01
   4.4288020e+06   3.8269043e+01
   4.4375700e+06   5.0170898e+01
   4.4389420e+06   5.0964355e+01
   4.4443280e+06   4.8461914e+01
   4.4464050e+06   3.6499023e+01
   4.4495940e+06   4.2907715e+01
   4.4576220e+06   4.0405273e+01
   4.4629440e+06   4.9804688e+01
   4.4657220e+06   7.2937012e+01
   4.4659410e+06   4.1198730e+01
   4.4768540e+06   4.4128418e+01
   4.4813080e+06   4.1320801e+01
   4.4855100e+06   4.0893555e+01
   4.4901090e+06   5.7434082e+01
   4.4905020e+06   4.6203613e+01
   4.4910010e+06   7.2082520e+01
   4.4917910e+06   3.7231445e+01
   4.5043720e+06   4.2297363e+01
   4.5130350e+06   3.9672852e+01
   4.5191780e+06   3.6560059e+01
   4.5222140e+06   4.8706055e+01
   4.5255350e+06   3.6743164e+01
   4.5263500e+06   4.7607422e+01
   4.5269370e+06   5.3405762e+01
   4.5289020e+06   3.7902832e+01
   4.5348590e+06   4.6875000e+01
   4.5413090e+06   3.7475586e+01
   4.5472380e+06   4.6447754e+01
   4.5527150e+06   3.6804199e+01
   4.5587890e+06   4.5532227e+01
   4.5630280e+06   6.7382812e+01
   4.5638090e+06   4.7668457e+01
   4.5642470e+06   3.6560059e+01
   4.5694300e+06   4.2175293e+01
   4.5765500e+06   4.9926758e+01
   4.5810480e+06   4.2846680e+01
   4.5818340e+06   3.6376953e+01
   4.5865560e+06   4.1687012e+01
   4.5892210e+06   4.3579102e+01
   4.5917190e+06   5.1574707e+01
   4.5943040e+06   4.8889160e+01
   4.5960100e+06   4.1564941e+01
   4.5979950e+06   3.8269043e+01
   4.6009770e+06   4.1931152e+01
   4.6019260e+06   4.9682617e+01
   4.6023240e+06   3.9672852e+01
   4.6025340e+06   5.8532715e+01
   4.6027270e+06   6.4697266e+01
   4.6027520e+06   3.9062500e+01
   4.6183320e+06   3.8391113e+01
   4.6228880e+06   4.1748047e+01
   4.6262010e+06   3.8146973e+01
   4.6310660e+06   4.3334961e+01
   4.6338720e+06   4.7241211e+01
   4.6441460e+06   4.1992188e+01
   4.6481730e+06   4.1564941e+01
   4.6538160e+06   4.5349121e+01
   4.6633920e+06   5.0048828e+01
   4.6647690e+06   7.3059082e+01
   4.6657100e+06   4.0710449e+01
   4.6755060e+06   4.3212891e+01
   4.6785060e+06   4.1015625e+01
   4.6795730e+06   4.8767090e+01
   4.6857500e+06   3.8269043e+01
   4.6946770e+06   3.6376953e+01
   4.6950890e+06   3.9245605e+01
   4.6952870e+06   5.8288574e+01
   4.6955580e+06   4.1870117e+01
   4.6958840e+06   4.5715332e+01
   4.6961530e+06   3.9550781e+01
   4.7097120e+06   4.1503906e+01
   4.7176660e+06   4.9987793e+01
   4.7188410e+06   4.4616699e+01
   4.7213750e+06   4.8278809e+01
   4.7267360e+06   4.0771484e+01
   4.7289150e+06   4.0710449e+01
   4.7316930e+06   3.6010742e+01
   4.7363130e+06   4.3518066e+01
   4.7412420e+06   4.1320801e+01
   4.7416880e+06   4.5288086e+01
   4.7456610e+06   4.8156738e+01
   4.7484770e+06   4.0649414e+01
   4.7513080e+06   4.7729492e+01
   4.7550940e+06   4.0100098e+01
   4.7569940e+06   4.8828125e+01
   4.7631770e+06   3.7170410e+01
   4.7646170e+06   4.6875000e+01
   4.7655910e+06   4.0100098e+01
   4.7724160e+06   4.8706055e+01
   4.7800240e+06   3.8818359e+01
   4.7855500e+06   4.8767090e+01
   4.7884790e+06   4.2907715e+01
   4.7916520e+06   4.4921875e+01
   4.7962680e+06   5.4992676e+01
   4.7987110e+06   3.9184570e+01
   4.8000230e+06   4.1320801e+01
   4.8014200e+06   3.7109375e+01
   4.8057230e+06   3.8879395e+01
   4.8090400e+06   3.7353516e+01
   4.8091750e+06   4.4921875e+01
   4.8155670e+06   3.8757324e+01
   4.8169480e+06   4.6203613e+01
   4.8184430e+06   4.1931152e+01
   4.8201830e+06   3.8818359e+01
   4.8258080e+06   4.1809082e+01
   4.8294150e+06   3.8635254e+01
   4.8309610e+06   4.2297363e+01
   4.8314850e+06   3.6071777e+01
   4.8385580e+06   4.4189453e+01
   4.8420260e+06   4.1442871e+01
   4.8435360e+06   4.3640137e+01
   4.8527750e+06   4.1687012e+01
   4.8543350e+06   4.8828125e+01
   4.8665210e+06   4.3334961e+01
   4.8671430e+06   4.8645020e+01
   4.8764680e+06   3.8513184e+01
   4.8831130e+06   4.0588379e+01
   4.8939270e+06   4.2236328e+01
   4.8994120e+06   3.7048340e+01
   4.9000990e+06   4.3640137e+01
   4.9090420e+06   5.0415039e+01
   4.9115920e+06   4.5959473e+01
   4.9197420e+06   4.3457031e+01
   4.9265620e+06   4.6325684e+01
   4.9282440e+06   4.1381836e+01
   4.9385900e+06   3.8879395e+01
   4.9444150e+06   3.9428711e+01
   4.9483060e+06   4.2236328e+01
   4.9540710e+06   4.9255371e+01
   4.9589740e+06   4.0588379e+01
   4.9619990e+06   4.0954590e+01
   4.9738960e+06   4.9682617e+01
   4.9836190e+06   4.3701172e+01
   4.9868860e+06   4.7363281e+01
   4.9891420e+06   4.1870117e+01
   5.0019700e+06   4.2053223e+01
   5.0055240e+06   5.1879883e+01
   5.0069440e+06   3.7170410e+01
   5.0145050e+06   4.9133301e+01
   5.0167410e+06   4.0222168e+01
   5.0203400e+06   6.3964844e+01
   5.0306260e+06   4.7424316e+01
   5.0349030e+06   4.1137695e+01
   5.0421750e+06   4.7424316e+01
   5.0456930e+06   4.2846680e+01
   5.0500310e+06   3.9916992e+01
   5.0534410e+06   4.0649414e+01
   5.0718480e+06   5.0659180e+01
   5.0719880e+06   3.8757324e+01
   5.0769390e+06   4.5532227e+01
   5.0781750e+06   4.6386719e+01
   5.0794540e+06   3.7597656e+01
   5.0821240e+06   4.4311523e+01
   5.0871870e+06   4.1748047e+01
   5.1050480e+06   4.3884277e+01
   5.1093690e+06   4.4555664e+01
   5.1157070e+06   4.2480469e+01
   5.1160770e+06   4.4616699e+01
   5.1249670e+06   3.8879395e+01
   5.1284080e+06   3.8635254e+01
   5.1314940e+06   4.3395996e+01
   5.1359990e+06   3.9672852e+01
   5.1448100e+06   3.8024902e+01
   5.1500150e+06   4.3395996e+01
   5.1659380e+06   5.2673340e+01
   5.1755370e+06   4.4982910e+01
   5.1835350e+06   3.8696289e+01
   5.1899570e+06   4.9621582e+01
   5.2037650e+06   4.9072266e+01
   5.2151030e+06   3.8574219e+01
   5.2230380e+06   4.9316406e+01
   5.2265820e+06   4.5043945e+01
   5.2368860e+06   4.2236328e+01
   5.2408510e+06   4.6264648e+01
   5.2414580e+06   3.8452148e+01
   5.2422860e+06   3.7963867e+01
   5.2469750e+06   3.6865234e+01
   5.2526610e+06   4.4250488e+01
   5.2550680e+06   4.2236328e+01
   5.2562730e+06   4.3945312e+01
   5.2570960e+06   4.4128418e+01
   5.2776150e+06   4.0771484e+01
   5.2806750e+06   4.6020508e+01
   5.2908300e+06   4.9316406e+01
   5.2979770e+06   5.0048828e+01
   5.3044540e+06   4.0710449e+01
   5.3252420e+06   4.1381836e+01
   5.3327290e+06   4.2907715e+01
   5.3433260e+06   4.1442871e+01
   5.3504880e+06   3.8879395e+01
   5.3596720e+06   4.1625977e+01
   5.3631720e+06   4.6875000e+01
   5.3694090e+06   3.9184570e+01
   5.3741340e+06   4.2114258e+01
   5.3746400e+06   7.2570801e+01
   5.3878940e+06   4.4494629e+01
   5.3925690e+06   6.7138672e+01
   5.3927690e+06   4.7363281e+01
   5.3969150e+06   4.4128418e+01
   5.4149910e+06   3.8757324e+01
   5.4192500e+06   4.1748047e+01
   5.4201990e+06   4.2419434e+01
   5.4207250e+06   4.2114258e+01
   5.4212480e+06   5.4382324e+01
   5.4213390e+06   3.9733887e+01
   5.4333920e+06   3.9978027e+01
   5.4343810e+06   3.9733887e+01
   5.4410770e+06   5.2001953e+01
   5.4415470e+06   4.2114258e+01
   5.4420110e+06   5.1940918e+01
   5.4543940e+06   4.1687012e+01
   5.4657470e+06   6.5124512e+01
   5.4701200e+06   5.2612305e+01
   5.4749260e+06   3.7658691e+01
   5.4753900e+06   3.6865234e+01
   5.4792590e+06   5.0537109e+01
   5.4849590e+06   4.3090820e+01
   5.4857170e+06   5.8349609e+01
   5.4876540e+06   3.8635254e+01
   5.4888140e+06   6.0302734e+01
   5.4891520e+06   3.8879395e+01
   5.4908360e+06   4.2480469e+01
   5.4947470e+06   4.9926758e+01
   5.5087860e+06   3.9062500e+01
   5.5118990e+06   5.3344727e+01
   5.5146850e+06   4.5104980e+01
   5.5149830e+06   4.6691895e+01
   5.5157760e+06   3.8513184e+01
   5.5298890e+06   4.5471191e+01
   5.5411850e+06   3.8818359e+01
   5.5439120e+06   4.7912598e+01
   5.5501010e+06   5.5175781e+01
   5.5538040e+06   5.0903320e+01
   5.5553890e+06   4.4738770e+01
   5.5587770e+06   3.9184570e+01
   5.5614680e+06   4.1442871e+01
   5.5672100e+06   4.6508789e+01
   5.5777450e+06   4.2053223e+01
   5.5820020e+06   3.9428711e+01
   5.5826380e+06   5.2307129e+01
   5.5889990e+06   4.2907715e+01
   5.5904980e+06   3.9794922e+01
   5.5971280e+06   4.2907715e+01
   5.6035190e+06   4.5959473e+01
   5.6051780e+06   4.3273926e+01
   5.6135790e+06   4.2297363e+01
   5.6142930e+06   4.3518066e+01
   5.6208500e+06   5.6701660e+01
   5.6275390e+06   4.3640137e+01
   5.6323990e+06   4.8034668e+01
   5.6369270e+06   3.6376953e+01
   5.6372750e+06   6.3232422e+01
   5.6451990e+06   4.7302246e+01
   5.6610700e+06   4.8583984e+01
   5.6618890e+06   4.3884277e+01
   5.6686020e+06   3.6376953e+01
   5.6714140e+06   3.6254883e+01
   5.6757550e+06   4.3273926e+01
   5.6803970e+06   3.8146973e+01
   5.6859300e+06   4.2114258e+01
   5.6910880e+06   4.7790527e+01
   5.6981620e+06   4.1870117e+01
   5.7095410e+06   5.3283691e+01
   5.7113050e+06   4.3212891e+01
   5.7176150e+06   3.9184570e+01
   5.7402360e+06   4.4433594e+01
   5.7478870e+06   3.8635254e+01
   5.7492960e+06   3.9611816e+01
   5.7584200e+06   4.4738770e+01
   5.7643650e+06   4.8828125e+01
   5.7741170e+06   4.2480469e+01
   5.7761250e+06   4.0344238e+01
   5.7801430e+06   4.6020508e+01
   5.7833540e+06   4.9316406e+01
   5.7859490e+06   4.0588379e+01
   5.7902350e+06   4.0527344e+01
   5.7956950e+06   4.4372559e+01
   5.8009010e+06   3.8513184e+01
   5.8126660e+06   5.1086426e+01
   5.8263800e+06   5.1147461e+01
   5.8355790e+06   4.7485352e+01
   5.8462960e+06   4.1564941e+01
   5.8568190e+06   4.8706055e+01
   5.8627210e+06   5.0415039e+01
   5.8656350e+06   3.8574219e+01
   5.8667000e+06   4.8461914e+01
   5.8714030e+06   3.7048340e+01
   5.8719240e+06   5.2612305e+01
   5.8759450e+06   4.0527344e+01
   5.8781020e+06   3.9550781e+01
   5.8846220e+06   4.8278809e+01
   5.8901960e+06   4.5898438e+01
   5.8988860e+06   3.8635254e+01
   5.9040890e+06   4.6447754e+01
   5.9096510e+06   6.0180664e+01
   5.9134500e+06   4.5104980e+01
   5.9166660e+06   4.3151855e+01
   5.9213560e+06   4.0710449e+01
   5.9224060e+06   4.0771484e+01
   5.9294650e+06   3.9306641e+01
   5.9376350e+06   3.6743164e+01
   5.9378540e+06   4.9560547e+01
   5.9400120e+06   3.9001465e+01
   5.9403900e+06   3.7719727e+01
   5.9410870e+06   8.5205078e+01
   5.9563050e+06   4.2663574e+01
   5.9652010e+06   3.8879395e+01
   5.9738050e+06   4.4250488e+01
   5.9761650e+06   4.6264648e+01
   5.9827250e+06   4.0710449e+01
   5.9872810e+06   5.9631348e+01
   5.9910730e+06   4.4738770e+01
   5.9992570e+06   4.5715332e+01
   6.0081170e+06   4.4616699e+01
   6.0088340e+06   5.5297852e+01
   6.0175900e+06   4.4555664e+01
   6.0244810e+06   5.1452637e+01
   6.0274470e+06   3.6254883e+01
   6.0313240e+06   3.9489746e+01
   6.0376590e+06   5.1147461e+01
   6.0505400e+06   5.9448242e+01
   6.0584970e+06   5.9082031e+01
   6.0595810e+06   4.3029785e+01
   6.0610750e+06   4.4982910e+01
   6.0759570e+06   3.8818359e+01
   6.0808330e+06   5.5541992e+01
   6.0877310e+06   3.9184570e+01
   6.0937160e+06   4.1870117e+01
   6.1013700e+06   4.4250488e+01
   6.1049850e+06   4.2053223e+01
   6.1093100e+06   5.2490234e+01
   6.1111910e+06   5.4992676e+01
   6.1138190e+06   3.9062500e+01
   6.1214980e+06   4.4555664e+01
   6.1278780e+06   4.6936035e+01
   6.1330660e+06   4.6752930e+01
   6.1414430e+06   4.0832520e+01
   6.1448840e+06   5.3710938e+01
   6.1452110e+06   3.8146973e+01
   6.1525090e+06   4.3762207e+01
   6.1553350e+06   4.6997070e+01
   6.1590420e+06   3.8146973e+01
   6.1659530e+06   4.7546387e+01
   6.1725890e+06   4.5898438e+01
   6.1851060e+06   3.8635254e+01
   6.1910010e+06   4.4616699e+01
   6.1999350e+06   4.7729492e+01
   6.2164350e+06   4.2114258e+01
   6.2226850e+06   4.4189453e+01
   6.2234030e+06   5.1025391e+01
   6.2283870e+06   4.2175293e+01
   6.2307820e+06   3.9489746e+01
   6.2390020e+06   4.1442871e+01
   6.2413380e+06   4.6020508e+01
   6.2444630e+06   3.8513184e+01
   6.2446510e+06   4.4250488e+01
   6.2512130e+06   5.1208496e+01
   6.2571790e+06   3.8330078e+01
   6.2680770e+06   4.1198730e+01
   6.2738170e+06   4.2663574e+01
   6.2769570e+06   4.6081543e+01
   6.2833530e+06   4.5410156e+01
   6.2896260e+06   3.8452148e+01
   6.2954630e+06   4.2419434e+01
   6.3018970e+06   4.7790527e+01
   6.3153550e+06   4.8767090e+01
   6.3208430e+06   4.4189453e+01
   6.3225680e+06   3.7048340e+01
   6.3328830e+06   4.4982910e+01
   6.3374700e+06   4.2175293e+01
   6.3471700e+06   3.9123535e+01
   6.3529300e+06   5.3955078e+01
   6.3624820e+06   5.1513672e+01
   6.3660030e+06   5.3222656e+01
   6.3873980e+06   4.4921875e+01
   6.3897830e+06   3.6804199e+01
   6.3911880e+06   3.7963867e+01
   6.4035290e+06   4.7485352e+01
   6.4060580e+06   4.3457031e+01
   6.4094060e+06   4.6264648e+01
   6.4106850e+06   5.2062988e+01
   6.4132470e+06   4.7424316e+01
   6.4220580e+06   3.9489746e+01
   6.4362150e+06   4.8339844e+01
   6.4434850e+06   5.5603027e+01
   6.4465830e+06   5.1879883e+01
   6.4533020e+06   4.9987793e+01
   6.4617170e+06   4.7180176e+01
   6.4756580e+06   4.1625977e+01
   6.4830010e+06   4.2846680e+01
   6.4955330e+06   3.6560059e+01
   6.5029210e+06   4.6203613e+01
   6.5038640e+06   4.2053223e+01
   6.5055220e+06   3.8024902e+01
   6.5126520e+06   4.3273926e+01
   6.5207040e+06   4.1503906e+01
   6.5235270e+06   3.9489746e+01
   6.5321200e+06   4.9011230e+01
   6.5428010e+06   4.7424316e+01
   6.5489780e+06   3.7231445e+01
   6.5511430e+06   3.7292480e+01
   6.5567490e+06   4.2602539e+01
   6.5646420e+06   4.9926758e+01
   6.5647780e+06   3.6010742e+01
   6.5746090e+06   4.3273926e+01
   6.5770790e+06   4.5043945e+01
   6.5862400e+06   4.5166016e+01
   6.5948340e+06   4.6936035e+01
   6.5998630e+06   4.6020508e+01
   6.6130260e+06   4.9865723e+01
   6.6228170e+06   4.4677734e+01
   6.6345810e+06   4.9194336e+01
   6.6361250e+06   4.5227051e+01
   6.6491030e+06   3.8818359e+01
   6.6549780e+06   5.4138184e+01
   6.6636200e+06   4.7973633e+01
   6.6652610e+06   4.4738770e+01
   6.6783880e+06   5.0109863e+01
   6.6799680e+06   3.9794922e+01
   6.6893460e+06   3.9367676e+01
   6.6993800e+06   4.3823242e+01
   6.7020790e+06   4.1748047e+01
   6.7109410e+06   4.1076660e+01
   6.7237620e+06   5.7739258e+01
   6.7331590e+06   4.1503906e+01
   6.7405670e+06   5.1940918e+01
   6.7507150e+06   4.3212891e+01
   6.7558950e+06   4.6386719e+01
   6.7649060e+06   3.9367676e+01
   6.7655130e+06   3.9062500e+01
   6.7734260e+06   4.0283203e+01
   6.7789110e+06   5.3833008e+01
   6.7947190e+06   3.6193848e+01
   6.8008350e+06   5.5236816e+01
   6.8084410e+06   5.1269531e+01
   6.8325240e+06   4.5349121e+01
   6.8617040e+06   4.9438477e+01
   6.8657860e+06   4.6752930e+01
   6.8718280e+06   4.2114258e+01
   6.8818730e+06   4.8156738e+01
   6.8910110e+06   5.1391602e+01
   6.8957880e+06   5.5419922e+01
   6.9066400e+06   4.1137695e+01
   6.9110660e+06   3.9489746e+01
   6.9159680e+06   3.7048340e+01
   6.9473240e+06   3.7475586e+01
   6.9525540e+06   4.5959473e+01
   6.9538680e+06   4.8583984e+01
   6.9685180e+06   4.2663574e+01
   6.9697930e+06   3.9550781e+01
   6.9806200e+06   3.6437988e+01
   6.9840000e+06   4.3762207e+01
   6.9911560e+06   4.6569824e+01
   7.0031980e+06   3.8940430e+01
   7.0070400e+06   4.9621582e+01
   7.0119590e+06   3.6621094e+01
   7.0181470e+06   4.9377441e+01
   7.0254640e+06   4.7973633e+01
   7.0295080e+06   5.1696777e+01
   7.0383800e+06   4.5654297e+01
   7.0532320e+06   4.4189453e+01
   7.0727700e+06   5.0170898e+01
   7.0854500e+06   4.3090820e+01
   7.0902160e+06   4.5959473e+01
   7.1026420e+06   4.4616699e+01
   7.1183370e+06   3.9306641e+01
   7.1247860e+06   3.6621094e+01
   7.1400340e+06   3.6804199e+01
   7.1401580e+06   5.1025391e+01
   7.1430090e+06   4.4433594e+01
   7.1491100e+06   4.5593262e+01
   7.1575460e+06   4.8400879e+01
   7.1693890e+06   3.6132813e+01
   7.1847780e+06   4.1259766e+01
   7.1971180e+06   4.1076660e+01
   7.2251780e+06   3.8085938e+01
   7.2375360e+06   4.2541504e+01
   7.2513980e+06   4.1137695e+01
   7.2609020e+06   3.9916992e+01
   7.2822890e+06   4.5410156e+01
   7.3522630e+06   5.0964355e+01
   7.3763450e+06   4.3334961e+01
   7.3827440e+06   4.8461914e+01
   7.3879530e+06   3.7963867e+01
   7.3888900e+06   4.7424316e+01
   7.4164670e+06   3.9245605e+01
   7.4290270e+06   3.9978027e+01
   7.4341790e+06   5.0537109e+01
   7.4394940e+06   3.9001465e+01
   7.4399260e+06   5.0415039e+01
   7.4402430e+06   6.3964844e+01
   7.4505990e+06   4.7424316e+01
   7.4592300e+06   4.2724609e+01
   7.4751370e+06   4.5959473e+01
   7.4757180e+06   3.6437988e+01
   7.4786460e+06   5.0048828e+01
   7.4972990e+06   4.3029785e+01
   7.5173960e+06   5.6640625e+01
   7.5478690e+06   4.8645020e+01
   7.5526790e+06   4.4067383e+01
   7.5542890e+06   3.8085938e+01
   7.5676750e+06   4.7485352e+01
   7.5811320e+06   3.7109375e+01
   7.6244570e+06   4.2968750e+01
   7.6284380e+06   5.8959961e+01
   7.6513380e+06   3.8574219e+01
   7.6617050e+06   4.1748047e+01
   7.6625130e+06   3.7048340e+01
   7.6741310e+06   4.4982910e+01
   7.6880790e+06   4.8645020e+01
   7.7095300e+06   4.9255371e+01
   7.7341690e+06   3.7719727e+01
   7.7582160e+06   4.5532227e+01
   7.7862680e+06   3.7109375e+01
   7.8091020e+06   6.0668945e+01
   7.8234280e+06   3.7353516e+01
   7.8497000e+06   3.6804199e+01
   7.8505830e+06   3.9794922e+01
   7.8887320e+06   3.6132812e+01
   7.9954890e+06   3.6376953e+01
   8.0075510e+06   3.6560059e+01
   8.0658570e+06   5.2368164e+01
   8.1241270e+06   5.4199219e+01
   8.1246040e+06   4.1320801e+01
   8.1978610e+06   6.0180664e+01
   8.2362410e+06   4.1687012e+01
   8.2651150e+06   4.4799805e+01
   8.2825660e+06   4.8034668e+01
   8.3232140e+06   4.4433594e+01
   8.3479960e+06   4.6569824e+01
   8.3914790e+06   5.2734375e+01
   8.3976770e+06   3.6560059e+01
   8.3979220e+06   6.0607910e+01
   8.4322600e+06   3.7719727e+01
   8.8988840e+06   3.9428711e+01
   8.9340060e+06   3.7475586e+01
   8.9656040e+06   4.2480469e+01
   8.9821440e+06   3.6682129e+01
   8.9852270e+06   5.1330566e+01
   8.9854630e+06   4.3212891e+01
