   8.9990000e+06   0.0000000e+00
   1.0072900e+05   6.1462402e+01
   1.3277500e+05   3.8940430e+01
   3.2495400e+05   3.5339355e+01
   3.4470700e+05   4.6813965e+01
   8.9912000e+05   3.4606934e+01
   1.3246400e+06   5.9936523e+01
   1.3253420e+06   4.4555664e+01
   1.3558420e+06   4.5532227e+01
   1.3563210e+06   4.3334961e+01
   1.3567070e+06   3.6865234e+01
   1.6250050e+06   3.5522461e+01
   2.0701140e+06   5.6152344e+01
   2.6624410e+06   5.7312012e+01
   2.6632260e+06   3.7170410e+01
   2.7520370e+06   3.5461426e+01
   2.7721610e+06   3.5949707e+01
   2.7762440e+06   3.4729004e+01
   2.8115490e+06   3.7414551e+01
   2.8978070e+06   5.2856445e+01
   2.8983660e+06   4.3090820e+01
   2.8990460e+06   4.2968750e+01
   2.9520320e+06   3.5522461e+01
   3.0775670e+06   5.3283691e+01
   3.1432220e+06   5.5908203e+01
   3.1435980e+06   4.7851562e+01
   3.2057610e+06   4.5288086e+01
   3.2070850e+06   3.9001465e+01
   3.2078700e+06   3.6560059e+01
   3.6285670e+06   4.6203613e+01
   3.8700070e+06   4.7668457e+01
   3.9304640e+06   3.4606934e+01
   4.0157380e+06   4.8034668e+01
   4.0170220e+06   3.9978027e+01
   4.1389250e+06   3.4545898e+01
   4.5023920e+06   3.6010742e+01
   4.5409380e+06   3.6010742e+01
   4.5630600e+06   4.3457031e+01
   4.6023510e+06   5.2490234e+01
   4.7186390e+06   4.1320801e+01
   4.7195200e+06   3.7475586e+01
   4.7222980e+06   3.4912109e+01
   5.1476220e+06   3.6499023e+01
   5.2323860e+06   3.4973145e+01
   5.3227730e+06   3.5217285e+01
   5.3340600e+06   5.4626465e+01
   5.3346080e+06   4.6386719e+01
   5.3730220e+06   4.5104980e+01
   5.3735930e+06   4.2358398e+01
   5.4654300e+06   5.1025391e+01
   6.0082120e+06   5.5236816e+01
   6.0642080e+06   4.4982910e+01
   6.4122180e+06   5.8105469e+01
   6.4126020e+06   3.7353516e+01
   6.4130850e+06   3.5827637e+01
   7.1013160e+06   3.4606934e+01
   7.5533690e+06   6.2866211e+01
   7.5538720e+06   5.0598145e+01
   7.6815450e+06   3.8085938e+01
   8.3350320e+06   4.4128418e+01
   8.4545920e+06   3.4667969e+01
   8.5648060e+06   3.4545898e+01
   8.8186810e+06   3.6865234e+01
   8.9291250e+06   3.4667969e+01
