   8.9990000e+06   0.0000000e+00
   7.1025000e+04   6.6650391e+01
   7.1622000e+04   5.3222656e+01
   7.2013000e+04   4.1992188e+01
   7.3037000e+04   3.7292480e+01
   7.3759000e+04   4.8583984e+01
   7.4758000e+04   3.6315918e+01
   7.5396000e+04   3.6010742e+01
   1.0074600e+05   7.4768066e+01
   1.0085800e+05   3.6682129e+01
   1.0096500e+05   5.5847168e+01
   1.0100700e+05   5.4016113e+01
   1.0120300e+05   6.1950684e+01
   1.0133000e+05   4.3884277e+01
   1.0142500e+05   4.9804688e+01
   1.1533700e+05   4.9255371e+01
   1.1556300e+05   4.1198730e+01
   1.1560900e+05   5.1696777e+01
   1.1598400e+05   3.9367676e+01
   1.1631100e+05   3.7597656e+01
   1.1707000e+05   4.0222168e+01
   1.2998800e+05   3.5583496e+01
   1.3053800e+05   3.7414551e+01
   1.3193000e+05   5.7983398e+01
   1.3331500e+05   6.5795898e+01
   1.3397600e+05   4.0527344e+01
   2.0187800e+05   6.3537598e+01
   2.0276800e+05   5.8898926e+01
   2.0331100e+05   4.5776367e+01
   2.0372700e+05   3.6926270e+01
   2.0440500e+05   4.6142578e+01
   2.0571000e+05   4.2175293e+01
   2.0765000e+05   3.7414551e+01
   2.0868600e+05   4.4799805e+01
   2.4943600e+05   3.6315918e+01
   3.4486200e+05   4.3151855e+01
   3.4495700e+05   7.1105957e+01
   3.4518000e+05   8.4411621e+01
   3.4529800e+05   4.7912598e+01
   3.4549900e+05   5.2124023e+01
   3.4561700e+05   3.7719727e+01
   3.4844900e+05   3.5461426e+01
   3.6726200e+05   6.2561035e+01
   3.6831700e+05   6.6223145e+01
   3.6987000e+05   5.7067871e+01
   4.6872900e+05   6.6467285e+01
   4.6929000e+05   4.9682617e+01
   4.6971500e+05   5.4260254e+01
   4.7039500e+05   4.6630859e+01
   4.7089000e+05   3.6743164e+01
   4.7158700e+05   4.2419434e+01
   4.7272800e+05   3.7536621e+01
   4.7346200e+05   3.9550781e+01
   4.7493600e+05   4.0283203e+01
   5.3157100e+05   7.8063965e+01
   5.3252400e+05   6.0363770e+01
   5.3336800e+05   5.3833008e+01
   5.3373800e+05   3.9855957e+01
   5.3439600e+05   4.3090820e+01
   5.3504700e+05   4.2297363e+01
   6.1388200e+05   6.1218262e+01
   6.1430500e+05   5.8410645e+01
   6.1470100e+05   3.5400391e+01
   6.1530400e+05   4.5593262e+01
   6.1598000e+05   3.5400391e+01
   6.1795100e+05   3.6499023e+01
   6.2035100e+05   3.5766602e+01
   6.9678500e+05   6.5979004e+01
   6.9723500e+05   5.4199219e+01
   6.9764800e+05   4.3395996e+01
   6.9841800e+05   4.5654297e+01
   6.9893700e+05   3.7536621e+01
   6.9943400e+05   3.6193848e+01
   7.8756300e+05   3.5705566e+01
   7.8788000e+05   5.7922363e+01
   7.8798300e+05   3.8024902e+01
   7.8799700e+05   4.4494629e+01
   7.8815900e+05   3.7719727e+01
   7.8819700e+05   5.4565430e+01
   7.8834800e+05   3.8146973e+01
   7.8873900e+05   5.9509277e+01
   7.8880200e+05   3.6010742e+01
   8.2244500e+05   6.6162109e+01
   8.2318900e+05   6.1584473e+01
   8.2366200e+05   4.6752930e+01
   8.2430200e+05   5.0598145e+01
   8.2516400e+05   3.6010742e+01
   9.1030500e+05   6.7932129e+01
   9.1087500e+05   5.8105469e+01
   9.1172800e+05   5.0781250e+01
   9.1210200e+05   3.5461426e+01
   9.1300700e+05   3.6560059e+01
   9.1392900e+05   3.6010742e+01
   9.1608100e+05   3.5583496e+01
   9.1707200e+05   3.9123535e+01
   9.2125800e+05   3.8940430e+01
   9.5724800e+05   3.7780762e+01
   9.5837600e+05   4.1381836e+01
   1.0480230e+06   6.9702148e+01
   1.0485460e+06   5.8654785e+01
   1.0489850e+06   5.3771973e+01
   1.0531970e+06   3.7231445e+01
   1.1234500e+06   3.7536621e+01
   1.1616060e+06   6.5185547e+01
   1.1833490e+06   3.6071777e+01
   1.2009680e+06   6.3598633e+01
   1.2034750e+06   5.7556152e+01
   1.2039270e+06   5.2612305e+01
   1.2046660e+06   3.7658691e+01
   1.2051190e+06   3.6254883e+01
   1.2089600e+06   3.5583496e+01
   1.2100910e+06   3.9611816e+01
   1.2958170e+06   4.5776367e+01
   1.2958760e+06   4.0100098e+01
   1.2959160e+06   7.3242188e+01
   1.2960710e+06   3.6926270e+01
   1.2961210e+06   5.3222656e+01
   1.2961540e+06   3.7902832e+01
   1.2963280e+06   4.7546387e+01
   1.2965990e+06   3.7170410e+01
   1.3455100e+06   7.3608398e+01
   1.3460280e+06   5.8593750e+01
   1.3465820e+06   5.4931641e+01
   1.3469670e+06   4.3518066e+01
   1.3476420e+06   4.6997070e+01
   1.3482230e+06   3.6010742e+01
   1.3487510e+06   3.6010742e+01
   1.3579880e+06   5.6640625e+01
   1.3784750e+06   5.9753418e+01
   1.3996210e+06   6.8481445e+01
   1.4001170e+06   4.9621582e+01
   1.4006250e+06   5.3283691e+01
   1.4014310e+06   4.1687012e+01
   1.4020110e+06   4.3457031e+01
   1.4028460e+06   3.5827637e+01
   1.4061990e+06   4.5532227e+01
   1.4338560e+06   3.5766602e+01
   1.5688580e+06   3.5461426e+01
   1.5804910e+06   7.6477051e+01
   1.5809120e+06   5.7373047e+01
   1.5813790e+06   4.9621582e+01
   1.5826360e+06   3.7170410e+01
   1.6835980e+06   3.5461426e+01
   1.6976240e+06   7.2631836e+01
   1.6980190e+06   5.8593750e+01
   1.6982990e+06   4.1198730e+01
   1.6988760e+06   4.0039062e+01
   1.6995910e+06   4.0344238e+01
   1.7009470e+06   3.7170410e+01
   1.7015850e+06   3.6987305e+01
   1.7027570e+06   3.6987305e+01
   1.7038000e+06   3.5644531e+01
   1.7046720e+06   4.2053223e+01
   1.7965200e+06   7.6171875e+01
   1.7968590e+06   6.8725586e+01
   1.7973430e+06   4.7546387e+01
   1.7977390e+06   3.6804199e+01
   1.7981250e+06   3.6010742e+01
   1.7993630e+06   3.6682129e+01
   1.8017890e+06   3.6315918e+01
   1.9049460e+06   6.6711426e+01
   1.9058030e+06   5.8105469e+01
   1.9065930e+06   5.4260254e+01
   1.9071470e+06   4.6752930e+01
   1.9078520e+06   4.0100098e+01
   1.9109270e+06   3.8330078e+01
   2.0666210e+06   3.6926270e+01
   2.0682570e+06   7.0861816e+01
   2.0684980e+06   4.9072266e+01
   2.0689040e+06   5.7067871e+01
   2.0704530e+06   3.6865234e+01
   2.0704790e+06   4.6752930e+01
   2.0705190e+06   4.2358398e+01
   2.0706520e+06   3.6193848e+01
   2.0707220e+06   4.0710449e+01
   2.0707550e+06   5.9143066e+01
   2.0830480e+06   5.6396484e+01
   2.0835750e+06   4.6447754e+01
   2.0840460e+06   4.9560547e+01
   2.0865790e+06   3.7780762e+01
   2.0945050e+06   3.7475586e+01
   2.0950400e+06   3.6437988e+01
   2.0957190e+06   3.5827637e+01
   2.0959090e+06   4.0710449e+01
   2.1045880e+06   5.7739258e+01
   2.1054820e+06   6.5551758e+01
   2.1161120e+06   7.3059082e+01
   2.1364640e+06   7.4218750e+01
   2.1367660e+06   4.1442871e+01
   2.1374980e+06   3.8513184e+01
   2.1378900e+06   3.5583496e+01
   2.1383160e+06   4.0710449e+01
   2.1417720e+06   3.8696289e+01
   2.1437470e+06   3.7048340e+01
   2.2344580e+06   6.6955566e+01
   2.2347150e+06   5.7617188e+01
   2.2386570e+06   3.8391113e+01
   2.2626490e+06   3.5400391e+01
   2.3046740e+06   3.6560059e+01
   2.3812690e+06   3.7170410e+01
   2.3935610e+06   6.1828613e+01
   2.3939970e+06   5.3527832e+01
   2.3950610e+06   3.5400391e+01
   2.3955140e+06   3.5400391e+01
   2.4125930e+06   3.5583496e+01
   2.4735290e+06   7.1594238e+01
   2.4739100e+06   6.2622070e+01
   2.4741540e+06   3.8085938e+01
   2.4744820e+06   3.8146973e+01
   2.4758610e+06   3.9611816e+01
   2.4777740e+06   3.6437988e+01
   2.4807180e+06   3.5888672e+01
   2.5646840e+06   3.5827637e+01
   2.5902840e+06   6.3171387e+01
   2.6234750e+06   6.9885254e+01
   2.6238930e+06   6.4880371e+01
   2.6335330e+06   3.5766602e+01
   2.6638680e+06   4.4555664e+01
   2.6641080e+06   6.2866211e+01
   2.6641360e+06   3.7475586e+01
   2.6644690e+06   7.0434570e+01
   2.6648420e+06   5.5541992e+01
   2.7013160e+06   3.7902832e+01
   2.7064390e+06   3.8452148e+01
   2.7066800e+06   7.5927734e+01
   2.7071510e+06   6.2377930e+01
   2.7074520e+06   4.5104980e+01
   2.7080300e+06   3.6560059e+01
   2.7095150e+06   3.8269043e+01
   2.7117100e+06   3.9367676e+01
   2.7125730e+06   3.7658691e+01
   2.8268390e+06   6.3659668e+01
   2.8271790e+06   5.7495117e+01
   2.8274590e+06   3.5888672e+01
   2.8278160e+06   3.8635254e+01
   2.8283600e+06   3.9611816e+01
   2.8292620e+06   3.8757324e+01
   2.8297490e+06   3.5583496e+01
   2.8720550e+06   3.5949707e+01
   2.9149920e+06   5.5358887e+01
   2.9152880e+06   5.8898926e+01
   2.9155850e+06   3.8574219e+01
   2.9159950e+06   3.9428711e+01
   2.9163040e+06   3.9672852e+01
   2.9382230e+06   5.3649902e+01
   2.9566620e+06   6.1401367e+01
   2.9573460e+06   5.9997559e+01
   2.9582210e+06   4.0649414e+01
   2.9585940e+06   3.8940430e+01
   2.9590470e+06   4.9011230e+01
   2.9594580e+06   4.0222168e+01
   2.9621520e+06   3.6682129e+01
   2.9880620e+06   3.8146973e+01
   3.0097370e+06   6.4880371e+01
   3.0297760e+06   6.2500000e+01
   3.0497200e+06   6.3720703e+01
   3.0636650e+06   3.5522461e+01
   3.0662580e+06   7.5378418e+01
   3.0666340e+06   4.7485352e+01
   3.0686930e+06   3.7902832e+01
   3.0789300e+06   5.3955078e+01
   3.1052520e+06   3.5644531e+01
   3.1062850e+06   3.8024902e+01
   3.1064330e+06   6.0852051e+01
   3.1065140e+06   3.6010742e+01
   3.1066720e+06   6.5979004e+01
   3.1068160e+06   4.0832520e+01
   3.1069690e+06   3.5705566e+01
   3.1074160e+06   4.4128418e+01
   3.1306930e+06   3.7658691e+01
   3.1447270e+06   3.6743164e+01
   3.1454760e+06   3.7902832e+01
   3.1455770e+06   3.6193848e+01
   3.1466170e+06   1.1865234e+02
   3.1472310e+06   6.4025879e+01
   3.1475770e+06   3.7109375e+01
   3.1583370e+06   3.6987305e+01
   3.1719940e+06   7.0922852e+01
   3.1860550e+06   4.9499512e+01
   3.1937780e+06   7.6477051e+01
   3.1944640e+06   6.4331055e+01
   3.1947750e+06   4.1931152e+01
   3.1951770e+06   4.7241211e+01
   3.1974260e+06   5.2734375e+01
   3.2064600e+06   4.2846680e+01
   3.2463590e+06   6.8664551e+01
   3.2834820e+06   6.6101074e+01
   3.2838230e+06   6.5429688e+01
   3.3554490e+06   7.0617676e+01
   3.3773520e+06   7.3730469e+01
   3.3779590e+06   5.4565430e+01
   3.3782730e+06   3.9916992e+01
   3.3788920e+06   3.8146973e+01
   3.4267020e+06   4.6813965e+01
   3.4453640e+06   6.6833496e+01
   3.4457380e+06   6.0058594e+01
   3.4462630e+06   3.6071777e+01
   3.4465980e+06   3.6804199e+01
   3.4470550e+06   4.2114258e+01
   3.4475140e+06   3.6987305e+01
   3.5017960e+06   6.4697266e+01
   3.5021150e+06   5.7739258e+01
   3.5027640e+06   4.0344238e+01
   3.5038240e+06   3.6071777e+01
   3.5042470e+06   3.6315918e+01
   3.5954260e+06   4.1564941e+01
   3.5957560e+06   4.6875000e+01
   3.5961560e+06   4.1625977e+01
   3.6024120e+06   3.6804199e+01
   3.6159230e+06   7.1594238e+01
   3.6162080e+06   4.9987793e+01
   3.6181700e+06   3.9428711e+01
   3.6203510e+06   4.4250488e+01
   3.6290570e+06   4.1931152e+01
   3.6361400e+06   3.6560059e+01
   3.6594210e+06   5.6762695e+01
   3.6828990e+06   7.6232910e+01
   3.6838460e+06   5.7922363e+01
   3.6843570e+06   4.8889160e+01
   3.6851270e+06   4.2907715e+01
   3.7133290e+06   3.7414551e+01
   3.7171750e+06   3.9794922e+01
   3.7540120e+06   3.5949707e+01
   3.7699660e+06   6.9702148e+01
   3.7703960e+06   5.6945801e+01
   3.7710290e+06   5.8044434e+01
   3.7713210e+06   3.6987305e+01
   3.7721360e+06   4.2724609e+01
   3.8529340e+06   6.9763184e+01
   3.8537380e+06   5.9753418e+01
   3.8664580e+06   3.6499023e+01
   3.8977440e+06   3.9123535e+01
   3.9034790e+06   5.7983398e+01
   3.9040440e+06   5.6213379e+01
   3.9120880e+06   7.0556641e+01
   3.9123800e+06   6.2316895e+01
   3.9125920e+06   3.6682129e+01
   3.9143740e+06   6.3781738e+01
   3.9149880e+06   3.9916992e+01
   3.9159580e+06   5.1879883e+01
   3.9180410e+06   4.5959473e+01
   3.9185410e+06   3.6499023e+01
   3.9299550e+06   3.5705566e+01
   3.9300400e+06   5.5358887e+01
   3.9302020e+06   5.0842285e+01
   3.9602690e+06   6.9396973e+01
   3.9808630e+06   3.8085938e+01
   3.9819900e+06   3.6315918e+01
   4.0095900e+06   7.5073242e+01
   4.0098020e+06   4.9255371e+01
   4.0107770e+06   4.9560547e+01
   4.0122970e+06   4.6752930e+01
   4.0133010e+06   4.4616699e+01
   4.0170070e+06   3.7658691e+01
   4.0176670e+06   3.8635254e+01
   4.0186950e+06   1.1071777e+02
   4.0195830e+06   7.6171875e+01
   4.0200260e+06   4.1625977e+01
   4.0438850e+06   6.7932129e+01
   4.0440640e+06   4.5410156e+01
   4.0446080e+06   5.5297852e+01
   4.0455140e+06   5.6640625e+01
   4.0481130e+06   4.3212891e+01
   4.0488380e+06   4.9743652e+01
   4.0492800e+06   4.4860840e+01
   4.0499330e+06   3.7475586e+01
   4.0738610e+06   8.0505371e+01
   4.0740660e+06   4.3823242e+01
   4.0758990e+06   5.1269531e+01
   4.0773910e+06   5.1452637e+01
   4.0784860e+06   4.3090820e+01
   4.0814990e+06   3.8269043e+01
   4.0896390e+06   3.7719727e+01
   4.1080340e+06   3.5949707e+01
   4.1087210e+06   6.9580078e+01
   4.1134950e+06   4.1870117e+01
   4.1563860e+06   6.6833496e+01
   4.1688570e+06   7.5134277e+01
   4.1691020e+06   5.9448242e+01
   4.1694030e+06   4.5654297e+01
   4.1716410e+06   5.4931641e+01
   4.1729220e+06   3.9306641e+01
   4.1743610e+06   5.5725098e+01
   4.1751050e+06   4.1381836e+01
   4.2296380e+06   6.8054199e+01
   4.2405310e+06   7.3059082e+01
   4.2407990e+06   5.4809570e+01
   4.2437570e+06   4.1198730e+01
   4.2938920e+06   6.5979004e+01
   4.3343470e+06   7.1655273e+01
   4.3345340e+06   4.6936035e+01
   4.3359690e+06   5.8532715e+01
   4.3362680e+06   4.6142578e+01
   4.3380180e+06   5.6884766e+01
   4.3384950e+06   3.8757324e+01
   4.3412470e+06   4.7668457e+01
   4.3418930e+06   3.5766602e+01
   4.3759140e+06   5.0537109e+01
   4.3876680e+06   6.3476563e+01
   4.3879660e+06   5.3833008e+01
   4.4125860e+06   3.6193848e+01
   4.4611480e+06   4.9255371e+01
   4.4878900e+06   5.9631348e+01
   4.4880970e+06   5.4504395e+01
   4.4906330e+06   4.2541504e+01
   4.4908140e+06   6.7749023e+01
   4.4909320e+06   4.1809082e+01
   4.4909580e+06   6.9885254e+01
   4.4911840e+06   3.8757324e+01
   4.4913430e+06   3.7658691e+01
   4.4930050e+06   3.5461426e+01
   4.5177500e+06   7.1044922e+01
   4.5179110e+06   5.2795410e+01
   4.5183890e+06   6.5002441e+01
   4.5201170e+06   5.0354004e+01
   4.5613420e+06   3.6010742e+01
   4.5633330e+06   4.1870117e+01
   4.5638840e+06   5.2368164e+01
   4.5639500e+06   4.2968750e+01
   4.5642170e+06   4.1625977e+01
   4.5647960e+06   3.5583496e+01
   4.5649160e+06   3.5400391e+01
   4.5749290e+06   4.5349121e+01
   4.5895780e+06   6.6223145e+01
   4.5911490e+06   6.8176270e+01
   4.5924000e+06   5.2917480e+01
   4.5936690e+06   4.3884277e+01
   4.5948310e+06   4.7424316e+01
   4.5960320e+06   4.5227051e+01
   4.6023210e+06   4.3945312e+01
   4.6023960e+06   3.6926270e+01
   4.6024690e+06   7.1899414e+01
   4.6027200e+06   4.1198730e+01
   4.6027780e+06   5.8044434e+01
   4.6029550e+06   4.6264648e+01
   4.6121450e+06   4.6936035e+01
   4.6339760e+06   3.7963867e+01
   4.6640470e+06   4.8400879e+01
   4.6642260e+06   5.2734375e+01
   4.6785400e+06   5.4016113e+01
   4.6789310e+06   5.2734375e+01
   4.6795770e+06   4.6630859e+01
   4.6802620e+06   3.5888672e+01
   4.6840930e+06   3.5888672e+01
   4.6947630e+06   3.5583496e+01
   4.6953020e+06   6.6650391e+01
   4.6953680e+06   3.9428711e+01
   4.6953810e+06   3.6499023e+01
   4.6954810e+06   5.8166504e+01
   4.6955740e+06   3.8208008e+01
   4.6956530e+06   4.3945312e+01
   4.6957080e+06   5.4016113e+01
   4.7118770e+06   6.6955566e+01
   4.7153170e+06   7.1289062e+01
   4.7156750e+06   4.2114258e+01
   4.7167630e+06   4.2602539e+01
   4.7174440e+06   4.8278809e+01
   4.7347220e+06   6.5429688e+01
   4.7415740e+06   7.5317383e+01
   4.7417570e+06   4.2053223e+01
   4.7423180e+06   6.0485840e+01
   4.7428420e+06   3.8696289e+01
   4.7434070e+06   5.3833008e+01
   4.7444330e+06   3.8574219e+01
   4.7836840e+06   6.5124512e+01
   4.7839230e+06   4.2907715e+01
   4.8055420e+06   3.6132812e+01
   4.8588840e+06   7.5805664e+01
   4.8591980e+06   5.5847168e+01
   4.8595980e+06   5.7800293e+01
   4.8611780e+06   4.4311523e+01
   4.8622410e+06   3.5949707e+01
   4.8639210e+06   5.0842285e+01
   4.8747170e+06   3.8757324e+01
   4.8952150e+06   3.5949707e+01
   4.9074810e+06   3.6621094e+01
   4.9446850e+06   3.5949707e+01
   4.9678390e+06   6.8115234e+01
   4.9681320e+06   6.1889648e+01
   4.9685780e+06   3.7109375e+01
   4.9968720e+06   7.1289062e+01
   4.9974410e+06   5.6030273e+01
   4.9977420e+06   4.2053223e+01
   4.9979960e+06   3.9733887e+01
   4.9983470e+06   4.4677734e+01
   5.0009110e+06   3.7292480e+01
   5.0034180e+06   3.8818359e+01
   5.0842720e+06   7.2814941e+01
   5.0845160e+06   5.7861328e+01
   5.0848180e+06   4.6325684e+01
   5.0855700e+06   5.9448242e+01
   5.0861090e+06   5.2917480e+01
   5.0910820e+06   3.5522461e+01
   5.1436750e+06   3.5888672e+01
   5.1489480e+06   3.7597656e+01
   5.1814270e+06   7.9895020e+01
   5.2044660e+06   6.4636230e+01
   5.2050190e+06   5.3588867e+01
   5.2405420e+06   7.3364258e+01
   5.2408110e+06   4.9682617e+01
   5.2414700e+06   4.2785645e+01
   5.2446840e+06   3.9428711e+01
   5.2462390e+06   3.5522461e+01
   5.2555820e+06   3.6743164e+01
   5.3118700e+06   6.6772461e+01
   5.3121320e+06   5.4748535e+01
   5.3123540e+06   4.2297363e+01
   5.3128310e+06   4.9926758e+01
   5.3142920e+06   4.2236328e+01
   5.3147220e+06   3.8085938e+01
   5.3164040e+06   5.3649902e+01
   5.3735760e+06   4.2114258e+01
   5.3739410e+06   4.0161133e+01
   5.3742840e+06   5.4321289e+01
   5.3743040e+06   4.4250488e+01
   5.3745720e+06   6.6528320e+01
   5.3746120e+06   4.2236328e+01
   5.3746910e+06   3.7963867e+01
   5.4024140e+06   7.0251465e+01
   5.4028560e+06   5.8776855e+01
   5.4199470e+06   5.5114746e+01
   5.4213200e+06   3.8330078e+01
   5.4214370e+06   3.8757324e+01
   5.4411670e+06   3.7292480e+01
   5.4604650e+06   4.6630859e+01
   5.4608440e+06   6.7810059e+01
   5.4610820e+06   5.7434082e+01
   5.4618180e+06   5.8898926e+01
   5.4625290e+06   5.8898926e+01
   5.4631770e+06   5.1513672e+01
   5.4638860e+06   4.4555664e+01
   5.4673260e+06   3.7414551e+01
   5.4693060e+06   1.1065674e+02
   5.4795540e+06   3.8696289e+01
   5.4889130e+06   4.7485352e+01
   5.4895690e+06   4.5776367e+01
   5.4965220e+06   4.7851562e+01
   5.4975630e+06   4.0710449e+01
   5.4981100e+06   4.6081543e+01
   5.5062190e+06   7.0617676e+01
   5.5065470e+06   5.5175781e+01
   5.5130280e+06   4.4555664e+01
   5.5136460e+06   3.8391113e+01
   5.5149220e+06   4.5776367e+01
   5.5149960e+06   5.9570312e+01
   5.5152570e+06   6.5063477e+01
   5.5152770e+06   3.7414551e+01
   5.5154910e+06   4.0161133e+01
   5.5155910e+06   3.7292480e+01
   5.5157190e+06   3.8757324e+01
   5.5163610e+06   3.9062500e+01
   5.5165610e+06   3.8940430e+01
   5.5445820e+06   7.7697754e+01
   5.5448580e+06   6.2072754e+01
   5.5451160e+06   4.3151855e+01
   5.5460390e+06   5.2551270e+01
   5.5471300e+06   4.1137695e+01
   5.5475390e+06   3.5644531e+01
   5.5480350e+06   3.6132812e+01
   5.5880630e+06   3.6437988e+01
   5.5967030e+06   3.8635254e+01
   5.6288070e+06   7.6599121e+01
   5.6291100e+06   6.2072754e+01
   5.6296990e+06   3.7109375e+01
   5.6302930e+06   3.7780762e+01
   5.6317140e+06   3.8940430e+01
   5.6326620e+06   3.5644531e+01
   5.6339930e+06   3.7414551e+01
   5.6348860e+06   4.2724609e+01
   5.6369060e+06   3.6315918e+01
   5.6698380e+06   3.8024902e+01
   5.7003580e+06   3.6682129e+01
   5.7728770e+06   6.3964844e+01
   5.7732690e+06   5.8898926e+01
   5.7735460e+06   4.5410156e+01
   5.7754260e+06   3.7109375e+01
   5.7761710e+06   3.9245605e+01
   5.8777490e+06   6.9641113e+01
   5.8782850e+06   6.7260742e+01
   5.8785250e+06   3.8757324e+01
   5.8787920e+06   3.6010742e+01
   5.8791470e+06   4.4250488e+01
   5.8795160e+06   4.2663574e+01
   5.8799900e+06   4.0771484e+01
   5.8809860e+06   4.0222168e+01
   5.8819140e+06   3.5705566e+01
   5.9406300e+06   4.8828125e+01
   5.9411470e+06   6.6711426e+01
   5.9412770e+06   3.7109375e+01
   5.9415110e+06   6.1767578e+01
   5.9417630e+06   5.1330566e+01
   5.9419380e+06   3.6560059e+01
   6.0476060e+06   3.5522461e+01
   6.0780470e+06   6.7626953e+01
   6.0782410e+06   4.4311523e+01
   6.0785900e+06   5.3222656e+01
   6.0793120e+06   6.5856934e+01
   6.0795810e+06   3.6743164e+01
   6.0801170e+06   3.5522461e+01
   6.0812350e+06   4.4128418e+01
   6.0833080e+06   4.3701172e+01
   6.1685470e+06   3.5522461e+01
   6.3274080e+06   6.6955566e+01
   6.3277500e+06   6.1889648e+01
   6.3280130e+06   5.3833008e+01
   6.3284910e+06   4.7973633e+01
   6.3301860e+06   4.3579102e+01
   6.3306930e+06   3.7292480e+01
   6.3315290e+06   3.6193848e+01
   6.3320480e+06   4.1748047e+01
   6.3331030e+06   4.0100098e+01
   6.3659970e+06   4.0466309e+01
   6.3660350e+06   7.6416016e+01
   6.3661380e+06   8.9965820e+01
   6.3662720e+06   3.7414551e+01
   6.3662840e+06   5.2307129e+01
   6.3664210e+06   3.9855957e+01
   6.3665360e+06   3.5705566e+01
   6.3674180e+06   3.5705566e+01
   6.3925590e+06   5.5175781e+01
   6.3933800e+06   3.9245605e+01
   6.4040080e+06   3.6254883e+01
   6.4049870e+06   3.9428711e+01
   6.4103740e+06   4.0222168e+01
   6.4133220e+06   5.9875488e+01
   6.4249460e+06   3.5644531e+01
   6.4369130e+06   5.4138184e+01
   6.4418100e+06   4.5532227e+01
   6.4613090e+06   7.2692871e+01
   6.4617130e+06   9.7473145e+01
   6.4618330e+06   3.5583496e+01
   6.4621580e+06   3.9794922e+01
   6.4625650e+06   4.7607422e+01
   6.4791080e+06   3.6193848e+01
   6.5057800e+06   6.9519043e+01
   6.5060970e+06   5.9326172e+01
   6.5103690e+06   4.3273926e+01
   6.5996140e+06   3.6682129e+01
   6.6215470e+06   7.0800781e+01
   6.6221350e+06   5.5969238e+01
   6.6224260e+06   4.5288086e+01
   6.6228230e+06   4.6691895e+01
   6.6233100e+06   5.9265137e+01
   6.6237530e+06   3.8330078e+01
   6.6244870e+06   4.0283203e+01
   6.7513460e+06   4.1076660e+01
   6.8248990e+06   6.3903809e+01
   6.8914410e+06   6.9702148e+01
   6.8921550e+06   5.7189941e+01
   6.8924300e+06   4.3945312e+01
   6.8967130e+06   6.7810059e+01
   6.8968860e+06   3.9123535e+01
   6.8970740e+06   6.1279297e+01
   6.8982710e+06   3.6743164e+01
   6.9532970e+06   4.6569824e+01
   6.9537610e+06   6.5917969e+01
   6.9539040e+06   3.5400391e+01
   6.9543050e+06   3.7353516e+01
   6.9748190e+06   7.5073242e+01
   6.9756460e+06   6.9152832e+01
   6.9758190e+06   3.6376953e+01
   6.9761290e+06   4.2297363e+01
   6.9765610e+06   4.4433594e+01
   6.9775040e+06   4.6569824e+01
   6.9779910e+06   4.2053223e+01
   6.9802040e+06   4.6569824e+01
   7.1001220e+06   4.2785645e+01
   7.3893430e+06   3.6804199e+01
   7.3894150e+06   7.7758789e+01
   7.3894870e+06   3.5522461e+01
   7.3895870e+06   4.0466309e+01
   7.3896490e+06   7.4401855e+01
   7.3897300e+06   4.9133301e+01
   7.3898880e+06   4.3212891e+01
   7.3900840e+06   4.5166016e+01
   7.3901500e+06   3.6010742e+01
   7.3906780e+06   4.0100098e+01
   7.4310440e+06   3.5949707e+01
   7.4402600e+06   6.2561035e+01
   7.4403310e+06   4.3395996e+01
   7.4405340e+06   5.9204102e+01
   7.4974700e+06   7.9284668e+01
   7.4978660e+06   3.7658691e+01
   7.4979400e+06   6.9152832e+01
   7.5529670e+06   3.7475586e+01
   7.5543460e+06   3.7414551e+01
   7.5544030e+06   3.7658691e+01
   7.5547080e+06   3.6193848e+01
   7.5704760e+06   8.1237793e+01
   7.5710580e+06   6.3781738e+01
   7.5715250e+06   6.5490723e+01
   7.5720710e+06   3.8513184e+01
   7.5727000e+06   3.6132812e+01
   7.5731380e+06   3.6254883e+01
   7.5738960e+06   3.7597656e+01
   7.5744780e+06   4.1259766e+01
   7.5756010e+06   4.6752930e+01
   7.5766050e+06   4.0100098e+01
   7.9274420e+06   3.5827637e+01
   8.1243880e+06   7.2692871e+01
   8.1246920e+06   3.7719727e+01
   8.1247420e+06   6.1096191e+01
   8.1249470e+06   3.5583496e+01
   8.1249990e+06   6.2072754e+01
   8.1255000e+06   4.5959473e+01
   8.1800940e+06   3.7353516e+01
   8.2356870e+06   3.7231445e+01
   8.2358890e+06   7.2814941e+01
   8.2359480e+06   3.8085938e+01
   8.2366300e+06   4.6997070e+01
   8.2824800e+06   3.7841797e+01
   8.2825170e+06   6.1645508e+01
   8.2828200e+06   4.5227051e+01
   8.2828310e+06   7.1655273e+01
   8.3358310e+06   3.5583496e+01
   8.3359770e+06   4.5349121e+01
   8.8181180e+06   4.6691895e+01
   8.8868300e+06   8.2946777e+01
   8.9650290e+06   3.6376953e+01
   8.9852450e+06   3.6682129e+01
   8.9854170e+06   8.0322266e+01
   8.9855590e+06   3.8208008e+01
   8.9855730e+06   5.4565430e+01
   8.9857420e+06   4.3273926e+01
   8.9858380e+06   3.7475586e+01
   8.9859570e+06   4.5654297e+01
   8.9862600e+06   4.2358398e+01
   8.9865270e+06   3.9001465e+01
