   8.9990000e+06   0.0000000e+00
   2.0588700e+05   3.3264160e+01
   7.7092400e+05   3.4973145e+01
   1.2151270e+06   3.3935547e+01
   1.2313490e+06   3.3081055e+01
   1.7386000e+06   3.3386230e+01
   1.9481690e+06   3.4362793e+01
   2.6632320e+06   3.3996582e+01
   2.9898390e+06   3.3752441e+01
   3.0031290e+06   3.3081055e+01
   3.5570470e+06   3.3142090e+01
   4.6274210e+06   3.3447266e+01
   4.7309890e+06   3.3752441e+01
   4.8562230e+06   3.3630371e+01
   5.7878060e+06   3.3264160e+01
   5.9155970e+06   3.3020020e+01
   5.9314010e+06   3.5095215e+01
   6.2169230e+06   3.3569336e+01
   6.3785960e+06   3.3264160e+01
   6.3895320e+06   3.3996582e+01
   6.5146420e+06   3.3874512e+01
   7.0565640e+06   3.4118652e+01
   7.7197100e+06   3.3935547e+01
