   8.9990000e+06   0.0000000e+00
   8.4742000e+04   3.6560059e+01
   9.9565000e+04   5.4260254e+01
   1.0107500e+05   4.7302246e+01
   1.3259400e+05   5.0292969e+01
   1.3297200e+05   3.9123535e+01
   1.3299100e+05   3.7963867e+01
   1.3354600e+05   4.7302246e+01
   2.8316000e+05   3.5888672e+01
   7.1387700e+05   3.8635254e+01
   7.2085600e+05   5.9570312e+01
   9.2817900e+05   5.9753418e+01
   1.0458570e+06   6.4147949e+01
   1.0525620e+06   5.1269531e+01
   1.0665120e+06   3.7231445e+01
   1.2913810e+06   6.1584473e+01
   1.2959910e+06   3.6254883e+01
   1.3258050e+06   3.7353516e+01
   1.3565760e+06   4.7546387e+01
   1.6331230e+06   3.7048340e+01
   1.8104790e+06   6.2255859e+01
   1.8135370e+06   5.1452637e+01
   1.8143630e+06   4.6508789e+01
   2.0117540e+06   5.9143066e+01
   2.0551630e+06   5.8654785e+01
   2.0705380e+06   5.4504395e+01
   2.0954100e+06   4.4616699e+01
   2.1234440e+06   6.4086914e+01
   2.1661930e+06   6.9641113e+01
   2.2091450e+06   5.5114746e+01
   2.2934480e+06   3.6437988e+01
   2.3049870e+06   6.3842773e+01
   2.3162770e+06   5.8105469e+01
   2.3166730e+06   4.0588379e+01
   2.3169880e+06   3.7963867e+01
   2.3177590e+06   3.8208008e+01
   2.3180890e+06   3.6376953e+01
   2.4690480e+06   3.6193848e+01
   2.6642350e+06   3.6193848e+01
   2.7107270e+06   5.9082031e+01
   2.7581440e+06   5.8654785e+01
   2.7586150e+06   4.9682617e+01
   2.7589930e+06   4.2419434e+01
   2.7593480e+06   3.8818359e+01
   3.0829540e+06   6.0119629e+01
   3.1054890e+06   4.3762207e+01
   3.1062940e+06   4.1625977e+01
   3.1439720e+06   4.8156738e+01
   3.1441580e+06   4.5410156e+01
   3.1443740e+06   3.8635254e+01
   3.2064420e+06   3.6193848e+01
   3.2647780e+06   5.4504395e+01
   3.3873990e+06   5.9997559e+01
   3.5541890e+06   5.4382324e+01
   3.5999350e+06   6.3537598e+01
   3.6502970e+06   5.7983398e+01
   3.6950510e+06   3.6193848e+01
   3.8079520e+06   5.8166504e+01
   3.8163760e+06   5.8166504e+01
   3.9224640e+06   6.3354492e+01
   3.9297870e+06   5.4443359e+01
   3.9586640e+06   5.1940918e+01
   3.9587380e+06   5.1879883e+01
   3.9592520e+06   3.6926270e+01
   3.9598160e+06   3.8940430e+01
   3.9769200e+06   5.4504395e+01
   3.9773970e+06   5.1757812e+01
   3.9812560e+06   5.3588867e+01
   4.0372600e+06   5.2795410e+01
   4.0441180e+06   5.2551270e+01
   4.0468710e+06   4.4799805e+01
   4.0472150e+06   4.7668457e+01
   4.1074730e+06   5.7678223e+01
   4.1138580e+06   5.8593750e+01
   4.3053350e+06   4.9255371e+01
   4.3061620e+06   5.0048828e+01
   4.3618640e+06   5.1879883e+01
   4.3868310e+06   4.6447754e+01
   4.3873590e+06   4.8706055e+01
   4.3876700e+06   4.8278809e+01
   4.4618030e+06   3.6193848e+01
   4.4905760e+06   3.9733887e+01
   4.4948940e+06   3.6743164e+01
   4.5251680e+06   4.8645020e+01
   4.5252620e+06   3.7353516e+01
   4.6338060e+06   4.8339844e+01
   4.6657080e+06   3.6376953e+01
   4.6948200e+06   5.3710938e+01
   4.6957890e+06   3.7902832e+01
   4.7083390e+06   3.6010742e+01
   4.7205100e+06   5.0842285e+01
   5.0713760e+06   5.0537109e+01
   5.1129480e+06   6.2316895e+01
   5.1498550e+06   5.7678223e+01
   5.1505030e+06   5.5358887e+01
   5.3228090e+06   5.0109863e+01
   5.3232200e+06   5.3222656e+01
   5.3240910e+06   5.1452637e+01
   5.3243350e+06   3.7902832e+01
   5.3736490e+06   5.4626465e+01
   5.3741630e+06   4.2358398e+01
   5.4200520e+06   4.7302246e+01
   5.4202410e+06   4.0771484e+01
   5.4206510e+06   4.1259766e+01
   5.4214780e+06   3.6926270e+01
   5.4413510e+06   5.6213379e+01
   5.4663890e+06   5.3771973e+01
   5.4873850e+06   5.6030273e+01
   5.5140930e+06   4.4799805e+01
   5.6509190e+06   3.6315918e+01
   5.7741560e+06   5.7373047e+01
   5.9562740e+06   3.6254883e+01
   6.0031480e+06   3.7292480e+01
   6.0073660e+06   5.5664062e+01
   6.2970640e+06   3.5888672e+01
   6.3550160e+06   7.8308105e+01
   6.3563150e+06   5.6396484e+01
   6.3570500e+06   4.3518066e+01
   6.3574960e+06   3.7170410e+01
   6.3578660e+06   4.1198730e+01
   6.3662800e+06   3.9611816e+01
   6.4611690e+06   5.3222656e+01
   6.4619890e+06   3.7902832e+01
   6.6575830e+06   3.5949707e+01
   7.2757060e+06   3.6437988e+01
   7.2874110e+06   3.8391113e+01
   7.4297220e+06   3.5949707e+01
   7.4399660e+06   4.8583984e+01
   7.4973030e+06   4.9743652e+01
   7.5520160e+06   5.8288574e+01
   7.5543710e+06   5.5969238e+01
   8.0347160e+06   3.6010742e+01
   8.2826840e+06   4.0893555e+01
   8.2829700e+06   3.9062500e+01
   8.3353130e+06   4.1748047e+01
   8.8573770e+06   3.5888672e+01
   8.8892710e+06   3.6437988e+01
   8.9642080e+06   3.6132812e+01
   8.9853770e+06   3.7231445e+01
   8.9856030e+06   4.9377441e+01
   8.9860210e+06   4.9377441e+01
