   8.9990000e+06   0.0000000e+00
   1.0031000e+05   4.9072266e+01
   1.0048700e+05   3.4301758e+01
   1.1553800e+05   4.6447754e+01
   1.1687600e+05   3.4545898e+01
   1.3309300e+05   4.6569824e+01
   2.8029800e+05   3.5095215e+01
   3.4398800e+05   4.5288086e+01
   3.4501400e+05   3.5644531e+01
   5.0571000e+05   3.4240723e+01
   7.8641500e+05   5.3955078e+01
   7.8811600e+05   4.0466309e+01
   9.5717300e+05   5.2368164e+01
   9.5739600e+05   3.8269043e+01
   1.0377700e+06   5.5725098e+01
   1.0747340e+06   3.3630371e+01
   1.2278980e+06   3.3020020e+01
   1.2324900e+06   3.2836914e+01
   1.2951800e+06   4.5898438e+01
   1.2954830e+06   3.6865234e+01
   1.2959050e+06   5.2917480e+01
   1.3238630e+06   4.9133301e+01
   1.3251640e+06   3.4240723e+01
   1.3564080e+06   5.3833008e+01
   1.3567080e+06   3.4851074e+01
   1.4457180e+06   4.8522949e+01
   1.6343060e+06   3.5522461e+01
   2.0703460e+06   5.2978516e+01
   2.0706170e+06   3.5095215e+01
   2.0710100e+06   3.4790039e+01
   2.0714250e+06   3.5949707e+01
   2.0721460e+06   3.6437988e+01
   2.0822870e+06   4.7241211e+01
   2.0837730e+06   3.8146973e+01
   2.0922990e+06   4.7241211e+01
   2.0931960e+06   3.8818359e+01
   2.0939270e+06   3.3691406e+01
   2.1060660e+06   4.1015625e+01
   2.1372950e+06   5.6396484e+01
   2.2070800e+06   3.3142090e+01
   2.2112740e+06   3.3508301e+01
   2.4975000e+06   3.2836914e+01
   2.6630050e+06   4.7302246e+01
   2.6631590e+06   3.4118652e+01
   2.6640090e+06   4.7180176e+01
   2.8140050e+06   4.7973633e+01
   2.8984570e+06   3.7780762e+01
   2.8986560e+06   3.3569336e+01
   2.9643580e+06   5.2612305e+01
   2.9645680e+06   3.2897949e+01
   3.1056690e+06   5.5603027e+01
   3.1063560e+06   4.6325684e+01
   3.1068680e+06   4.6386719e+01
   3.1438200e+06   4.0893555e+01
   3.1445010e+06   3.8208008e+01
   3.1623830e+06   5.2368164e+01
   3.1899700e+06   5.6457520e+01
   3.2055480e+06   4.6325684e+01
   3.2061960e+06   4.2297363e+01
   3.2069140e+06   3.6437988e+01
   3.2496070e+06   4.6630859e+01
   3.2497800e+06   3.4851074e+01
   3.2651350e+06   5.6457520e+01
   3.3286160e+06   3.2836914e+01
   3.3478050e+06   3.3813477e+01
   3.4628980e+06   3.2531738e+01
   3.4732190e+06   5.2917480e+01
   3.4734480e+06   3.9001465e+01
   3.6443130e+06   3.3142090e+01
   3.6903160e+06   4.7851562e+01
   3.8113930e+06   3.4240723e+01
   3.8377630e+06   3.2714844e+01
   3.8543400e+06   3.8757324e+01
   3.9287290e+06   4.1625977e+01
   3.9300190e+06   4.9316406e+01
   3.9313870e+06   3.7231445e+01
   3.9411150e+06   3.4179688e+01
   3.9590000e+06   5.9814453e+01
   3.9602860e+06   4.1015625e+01
   3.9607640e+06   3.2775879e+01
   3.9807690e+06   5.6823730e+01
   3.9814820e+06   3.6132812e+01
   3.9963160e+06   4.5471191e+01
   4.0152180e+06   4.3029785e+01
   4.0159140e+06   4.3701172e+01
   4.0172970e+06   3.3020020e+01
   4.0261600e+06   3.2714844e+01
   4.0357260e+06   4.1320801e+01
   4.0362540e+06   3.5644531e+01
   4.0468680e+06   5.1391602e+01
   4.0483930e+06   4.2663574e+01
   4.0495610e+06   3.2897949e+01
   4.0790710e+06   3.3325195e+01
   4.1193010e+06   3.4179688e+01
   4.2008770e+06   3.4362793e+01
   4.2127870e+06   3.2775879e+01
   4.2862460e+06   3.3935547e+01
   4.4124110e+06   3.4790039e+01
   4.4886230e+06   5.7128906e+01
   4.4888490e+06   3.7353516e+01
   4.4909190e+06   4.8095703e+01
   4.5222320e+06   3.2592773e+01
   4.5630720e+06   5.7617188e+01
   4.6018190e+06   4.7424316e+01
   4.6026650e+06   4.6508789e+01
   4.6037080e+06   4.6630859e+01
   4.6339240e+06   5.1940918e+01
   4.6650680e+06   4.8217773e+01
   4.6707710e+06   5.0415039e+01
   4.6794870e+06   3.8208008e+01
   4.6796180e+06   3.8208008e+01
   4.6952970e+06   5.5175781e+01
   4.7166630e+06   3.3142090e+01
   4.7174290e+06   4.9926758e+01
   4.7351900e+06   3.4057617e+01
   4.7524960e+06   5.1757812e+01
   4.7585250e+06   3.9489746e+01
   4.8028140e+06   3.4667969e+01
   4.9525300e+06   3.2531738e+01
   4.9842950e+06   3.2775879e+01
   5.2010390e+06   5.2551270e+01
   5.2073750e+06   3.3386230e+01
   5.2264710e+06   5.7617188e+01
   5.3204340e+06   3.2775879e+01
   5.3727270e+06   4.6081543e+01
   5.3728440e+06   3.3264160e+01
   5.3741230e+06   4.6020508e+01
   5.3747270e+06   3.9855957e+01
   5.4021910e+06   3.7475586e+01
   5.4184340e+06   4.8522949e+01
   5.4207960e+06   3.8879395e+01
   5.4213330e+06   3.6499023e+01
   5.4362670e+06   4.5227051e+01
   5.4405600e+06   4.5410156e+01
   5.4629940e+06   4.8522949e+01
   5.4642910e+06   3.6071777e+01
   5.4738140e+06   3.3020020e+01
   5.4814860e+06   4.3579102e+01
   5.4882150e+06   4.6020508e+01
   5.4956100e+06   4.1992188e+01
   5.4963050e+06   3.6987305e+01
   5.5138060e+06   5.0048828e+01
   5.5480620e+06   4.3518066e+01
   5.5490590e+06   3.3630371e+01
   5.5755590e+06   4.6997070e+01
   5.9407260e+06   5.6762695e+01
   5.9410350e+06   4.6325684e+01
   6.0328570e+06   3.3752441e+01
   6.0539390e+06   3.3874512e+01
   6.2121670e+06   3.3691406e+01
   6.2223880e+06   3.3325195e+01
   6.3659050e+06   5.5908203e+01
   6.3661800e+06   4.1503906e+01
   6.3674100e+06   3.3813477e+01
   6.4039360e+06   4.3518066e+01
   6.4129320e+06   5.6091309e+01
   6.4130970e+06   3.3569336e+01
   6.4374010e+06   5.5053711e+01
   6.4388190e+06   3.5705566e+01
   6.4608200e+06   5.1330566e+01
   6.4610660e+06   5.0292969e+01
   6.4621180e+06   3.4912109e+01
   6.4629050e+06   3.3508301e+01
   6.5991910e+06   3.4851074e+01
   6.6062820e+06   3.3386230e+01
   6.8964970e+06   5.6762695e+01
   6.8970000e+06   4.2419434e+01
   6.9532170e+06   3.3386230e+01
   6.9539630e+06   6.5734863e+01
   6.9541480e+06   3.9978027e+01
   7.0463840e+06   3.3020020e+01
   7.3255030e+06   3.3691406e+01
   7.3892730e+06   5.8715820e+01
   7.3894100e+06   3.8208008e+01
   7.3896890e+06   3.8391113e+01
   7.3903020e+06   3.3325195e+01
   7.4398440e+06   6.0241699e+01
   7.4401180e+06   4.6081543e+01
   7.4631660e+06   3.4423828e+01
   7.4971800e+06   6.0913086e+01
   7.4982430e+06   3.8024902e+01
   7.9853080e+06   3.2897949e+01
   8.0160230e+06   3.3935547e+01
   8.1242860e+06   4.4921875e+01
   8.1245790e+06   4.7180176e+01
   8.1250280e+06   4.6691895e+01
   8.1792970e+06   4.9987793e+01
   8.1794500e+06   3.7719727e+01
   8.2263490e+06   3.4057617e+01
   8.2359210e+06   4.5227051e+01
   8.2827070e+06   5.4260254e+01
   8.3570530e+06   3.2958984e+01
   8.4476080e+06   3.2592773e+01
   8.5225060e+06   3.5583496e+01
   8.5494550e+06   3.3386230e+01
   8.8178520e+06   5.1086426e+01
   8.8180580e+06   4.2602539e+01
   8.8869070e+06   5.2429199e+01
   8.9854530e+06   6.0546875e+01
   8.9855940e+06   4.0527344e+01
   8.9865120e+06   4.3029785e+01
