   8.9990000e+06   0.0000000e+00
   3.3260000e+03   3.8574219e+01
   1.2690000e+04   4.2419434e+01
   1.6940000e+04   4.1931152e+01
   2.6336000e+04   4.0771484e+01
   4.3376000e+04   3.8452148e+01
   4.7088000e+04   4.2358398e+01
   6.3585000e+04   4.1381836e+01
   6.8884000e+04   3.8757324e+01
   7.7260000e+04   4.7607422e+01
   8.2065000e+04   3.9245605e+01
   1.0017100e+05   3.9672852e+01
   1.0049500e+05   3.9001465e+01
   1.0068900e+05   5.1025391e+01
   1.0073800e+05   4.2907715e+01
   1.0076500e+05   5.7739258e+01
   1.0087800e+05   3.8940430e+01
   1.0089900e+05   3.9123535e+01
   1.0093500e+05   5.4504395e+01
   1.0114900e+05   4.1198730e+01
   1.0128200e+05   4.0161133e+01
   1.3310600e+05   4.7241211e+01
   1.6487700e+05   3.9672852e+01
   2.2854900e+05   3.9001465e+01
   2.3564200e+05   3.8818359e+01
   2.4923800e+05   3.8879395e+01
   2.7874500e+05   3.9306641e+01
   2.8152400e+05   3.8696289e+01
   2.9671300e+05   3.8452148e+01
   3.0778700e+05   4.3945312e+01
   3.2953900e+05   3.8757324e+01
   3.3977600e+05   4.1503906e+01
   3.4514100e+05   4.3090820e+01
   3.4517400e+05   4.8095703e+01
   3.4521100e+05   4.0222168e+01
   3.4563500e+05   5.7617188e+01
   3.7685500e+05   3.9245605e+01
   3.9599800e+05   3.9794922e+01
   3.9834900e+05   3.9123535e+01
   4.2576100e+05   4.1137695e+01
   4.4643200e+05   4.4982910e+01
   4.5431200e+05   4.2236328e+01
   4.5544300e+05   3.8635254e+01
   4.7421600e+05   3.9245605e+01
   4.8620900e+05   4.3762207e+01
   4.9707700e+05   4.0344238e+01
   5.0864300e+05   3.8574219e+01
   5.3176300e+05   3.9001465e+01
   5.5052400e+05   3.8879395e+01
   5.8619100e+05   3.9611816e+01
   5.8650500e+05   4.1015625e+01
   5.8920100e+05   4.0283203e+01
   6.0115200e+05   3.9245605e+01
   6.0141900e+05   4.0527344e+01
   6.0293000e+05   3.9489746e+01
   6.0607700e+05   4.3640137e+01
   6.1149200e+05   4.2053223e+01
   6.2912700e+05   3.8696289e+01
   6.3123800e+05   3.8635254e+01
   6.3456900e+05   4.1015625e+01
   6.4078500e+05   4.0954590e+01
   6.6758500e+05   4.0100098e+01
   6.7857500e+05   3.8940430e+01
   7.0327500e+05   4.2175293e+01
   7.1660600e+05   4.0222168e+01
   7.2296200e+05   4.2236328e+01
   7.2501100e+05   3.8696289e+01
   7.2876500e+05   4.0283203e+01
   7.3482900e+05   4.4738770e+01
   7.4977100e+05   4.5776367e+01
   7.5572600e+05   3.8513184e+01
   7.6830500e+05   3.8818359e+01
   7.7460000e+05   4.0893555e+01
   7.8180800e+05   3.9428711e+01
   7.8786000e+05   4.0832520e+01
   7.8790500e+05   4.4067383e+01
   7.8792600e+05   4.1137695e+01
   7.8825600e+05   4.8645020e+01
   7.8830200e+05   4.7058105e+01
   8.0833100e+05   3.9062500e+01
   8.5151800e+05   4.2663574e+01
   8.6161600e+05   4.2297363e+01
   8.6427700e+05   4.1809082e+01
   8.7580300e+05   4.5104980e+01
   8.8440700e+05   4.0710449e+01
   8.8448800e+05   3.9611816e+01
   8.8949100e+05   4.5288086e+01
   9.1330400e+05   4.2053223e+01
   9.2704300e+05   5.4504395e+01
   9.5343300e+05   3.8940430e+01
   9.5783500e+05   4.4006348e+01
   9.5838200e+05   4.2114258e+01
   9.8086000e+05   4.2053223e+01
   9.8668400e+05   3.9245605e+01
   9.9148400e+05   4.3273926e+01
   9.9331900e+05   4.1076660e+01
   9.9592100e+05   4.0954590e+01
   1.0032750e+06   3.8635254e+01
   1.0205220e+06   4.2419434e+01
   1.0243190e+06   4.0161133e+01
   1.0343880e+06   3.9062500e+01
   1.0358220e+06   4.1137695e+01
   1.0378940e+06   5.6091309e+01
   1.0983240e+06   3.8452148e+01
   1.1003100e+06   4.3701172e+01
   1.1125720e+06   3.8818359e+01
   1.1382120e+06   3.9001465e+01
   1.1392320e+06   3.9733887e+01
   1.1489980e+06   4.1870117e+01
   1.1689040e+06   3.8513184e+01
   1.1738320e+06   4.0405273e+01
   1.1782350e+06   4.3701172e+01
   1.1800950e+06   4.0039062e+01
   1.2044770e+06   4.0039062e+01
   1.2245400e+06   3.9367676e+01
   1.2278110e+06   3.8879395e+01
   1.2307020e+06   4.3029785e+01
   1.2459070e+06   3.8757324e+01
   1.2576930e+06   3.8452148e+01
   1.2639860e+06   3.8513184e+01
   1.2761470e+06   4.0771484e+01
   1.2867030e+06   4.2724609e+01
   1.2890080e+06   3.8574219e+01
   1.2955430e+06   6.5307617e+01
   1.2956460e+06   4.9560547e+01
   1.2956650e+06   4.1320801e+01
   1.2959110e+06   4.8828125e+01
   1.2962000e+06   4.2541504e+01
   1.2962660e+06   5.9265137e+01
   1.2964310e+06   4.0405273e+01
   1.3254700e+06   4.3701172e+01
   1.3351550e+06   3.9123535e+01
   1.3477530e+06   4.1015625e+01
   1.3564710e+06   3.9428711e+01
   1.3815760e+06   5.2551270e+01
   1.4066460e+06   3.9611816e+01
   1.4128500e+06   4.0832520e+01
   1.4158400e+06   4.8156738e+01
   1.4195920e+06   4.3945312e+01
   1.4335910e+06   4.5715332e+01
   1.4361180e+06   4.4921875e+01
   1.4440610e+06   4.2602539e+01
   1.4461750e+06   3.9306641e+01
   1.4491880e+06   3.8818359e+01
   1.4546190e+06   3.9794922e+01
   1.4636690e+06   4.7851562e+01
   1.4731140e+06   4.3823242e+01
   1.4784630e+06   3.9611816e+01
   1.4808320e+06   4.1687012e+01
   1.4882250e+06   4.0649414e+01
   1.4953060e+06   4.9377441e+01
   1.5100150e+06   3.9611816e+01
   1.5180340e+06   4.2236328e+01
   1.5222060e+06   3.9306641e+01
   1.5272840e+06   3.9306641e+01
   1.5349100e+06   4.0405273e+01
   1.5401410e+06   4.1931152e+01
   1.5471690e+06   3.9855957e+01
   1.5598600e+06   4.2114258e+01
   1.5703990e+06   4.2480469e+01
   1.5762570e+06   4.0283203e+01
   1.5792740e+06   4.4555664e+01
   1.5892120e+06   3.9794922e+01
   1.5913030e+06   4.3945312e+01
   1.5991840e+06   4.3823242e+01
   1.6042780e+06   4.2663574e+01
   1.6065190e+06   4.6447754e+01
   1.6121050e+06   4.4250488e+01
   1.6134300e+06   4.0161133e+01
   1.6331080e+06   3.9367676e+01
   1.6368950e+06   3.8513184e+01
   1.6526350e+06   3.9123535e+01
   1.6577130e+06   3.9916992e+01
   1.6654500e+06   4.1198730e+01
   1.6896210e+06   3.9611816e+01
   1.7056340e+06   4.2358398e+01
   1.7103930e+06   3.9184570e+01
   1.7177820e+06   4.4311523e+01
   1.7280620e+06   4.4494629e+01
   1.7399830e+06   4.0649414e+01
   1.7579990e+06   4.2663574e+01
   1.7600560e+06   4.2724609e+01
   1.7610810e+06   5.0109863e+01
   1.7686980e+06   3.9611816e+01
   1.7752860e+06   3.8757324e+01
   1.7766320e+06   3.8879395e+01
   1.7820650e+06   4.0649414e+01
   1.7908260e+06   3.9306641e+01
   1.7931850e+06   3.9367676e+01
   1.8093720e+06   4.0100098e+01
   1.8508470e+06   4.2724609e+01
   1.8606820e+06   4.4555664e+01
   1.8740750e+06   4.2846680e+01
   1.8850470e+06   4.1809082e+01
   1.8871710e+06   4.0893555e+01
   1.8929980e+06   3.8513184e+01
   1.9010550e+06   3.8940430e+01
   1.9030960e+06   4.5043945e+01
   1.9167430e+06   4.3457031e+01
   1.9226580e+06   4.1992188e+01
   1.9435880e+06   3.9489746e+01
   1.9960990e+06   3.8513184e+01
   1.9995310e+06   3.8757324e+01
   2.0041550e+06   3.9794922e+01
   2.0123390e+06   4.1137695e+01
   2.0129500e+06   4.1198730e+01
   2.0136410e+06   3.8574219e+01
   2.0153940e+06   4.4860840e+01
   2.0233640e+06   4.0954590e+01
   2.0262060e+06   3.8818359e+01
   2.0359690e+06   3.8940430e+01
   2.0386990e+06   4.0100098e+01
   2.0403790e+06   3.9184570e+01
   2.0513250e+06   4.1625977e+01
   2.0578040e+06   3.9978027e+01
   2.0612910e+06   4.0832520e+01
   2.0698390e+06   3.9611816e+01
   2.0704160e+06   4.0039062e+01
   2.0705370e+06   4.0771484e+01
   2.0705590e+06   5.6030273e+01
   2.0705810e+06   5.8105469e+01
   2.0705930e+06   4.2663574e+01
   2.0706430e+06   5.8715820e+01
   2.0706960e+06   4.6813965e+01
   2.0711530e+06   4.9865723e+01
   2.0812850e+06   4.2968750e+01
   2.0821380e+06   4.0100098e+01
   2.0831860e+06   3.9306641e+01
   2.0836850e+06   4.3395996e+01
   2.0847260e+06   3.8574219e+01
   2.0861140e+06   3.9855957e+01
   2.0879640e+06   4.0161133e+01
   2.0971640e+06   4.0222168e+01
   2.1045850e+06   4.0527344e+01
   2.1104880e+06   4.2419434e+01
   2.1215720e+06   4.1687012e+01
   2.1264060e+06   3.9978027e+01
   2.1455650e+06   4.2297363e+01
   2.1524690e+06   3.8879395e+01
   2.1581890e+06   4.1748047e+01
   2.1615940e+06   4.0405273e+01
   2.1710450e+06   3.9794922e+01
   2.1846080e+06   4.5410156e+01
   2.1893480e+06   4.1931152e+01
   2.2284480e+06   4.2053223e+01
   2.2351350e+06   4.0405273e+01
   2.2484460e+06   4.4189453e+01
   2.2534340e+06   3.9916992e+01
   2.2650680e+06   4.1381836e+01
   2.2737210e+06   4.1992188e+01
   2.2797580e+06   3.9855957e+01
   2.2881290e+06   3.8696289e+01
   2.2998880e+06   3.8757324e+01
   2.2999830e+06   4.1564941e+01
   2.3020460e+06   4.1931152e+01
   2.3108810e+06   4.2602539e+01
   2.3131710e+06   3.8879395e+01
   2.3158900e+06   4.1137695e+01
   2.3362600e+06   4.0710449e+01
   2.3426720e+06   3.9306641e+01
   2.3461910e+06   4.3518066e+01
   2.3673640e+06   4.0283203e+01
   2.3917310e+06   4.0283203e+01
   2.3992440e+06   4.4189453e+01
   2.4058800e+06   4.3823242e+01
   2.4059560e+06   3.9123535e+01
   2.4103000e+06   3.8757324e+01
   2.4217600e+06   4.1381836e+01
   2.4250670e+06   4.1381836e+01
   2.4284810e+06   4.1992188e+01
   2.4325070e+06   3.8452148e+01
   2.4391890e+06   3.9733887e+01
   2.4585260e+06   3.9184570e+01
   2.4598080e+06   4.1015625e+01
   2.4761270e+06   4.1076660e+01
   2.4767390e+06   3.9184570e+01
   2.5036200e+06   4.3762207e+01
   2.5081250e+06   3.9001465e+01
   2.5141460e+06   4.3457031e+01
   2.5354260e+06   4.3273926e+01
   2.5385940e+06   4.5959473e+01
   2.5455840e+06   4.1748047e+01
   2.5509840e+06   3.9428711e+01
   2.5608440e+06   4.1442871e+01
   2.5664800e+06   3.9794922e+01
   2.5784970e+06   4.6264648e+01
   2.5806060e+06   4.1076660e+01
   2.5840870e+06   3.9062500e+01
   2.5883060e+06   4.5288086e+01
   2.5915720e+06   4.0710449e+01
   2.6015910e+06   4.1076660e+01
   2.6277030e+06   3.8452148e+01
   2.6473340e+06   3.9978027e+01
   2.6584460e+06   4.1320801e+01
   2.6625580e+06   4.1748047e+01
   2.6629840e+06   4.3090820e+01
   2.6636550e+06   4.0893555e+01
   2.6639860e+06   4.1198730e+01
   2.6641030e+06   4.0039062e+01
   2.6642360e+06   5.9143066e+01
   2.6649470e+06   4.2602539e+01
   2.6784680e+06   4.0039062e+01
   2.6823410e+06   3.9367676e+01
   2.6905710e+06   4.3945312e+01
   2.7001620e+06   4.2846680e+01
   2.7099940e+06   4.9621582e+01
   2.7153800e+06   4.9743652e+01
   2.7155800e+06   3.8940430e+01
   2.7164590e+06   3.8574219e+01
   2.7189110e+06   4.3457031e+01
   2.7272090e+06   3.8696289e+01
   2.7543620e+06   4.4860840e+01
   2.7578810e+06   3.9550781e+01
   2.7706770e+06   4.6691895e+01
   2.7804850e+06   4.1198730e+01
   2.7935610e+06   4.1259766e+01
   2.8020160e+06   4.2602539e+01
   2.8054910e+06   4.1992188e+01
   2.8102010e+06   3.9733887e+01
   2.8125360e+06   3.8513184e+01
   2.8155880e+06   4.0161133e+01
   2.8269570e+06   4.1625977e+01
   2.8307670e+06   4.2419434e+01
   2.8383370e+06   4.0466309e+01
   2.8473930e+06   4.6142578e+01
   2.8537730e+06   3.8452148e+01
   2.8804030e+06   3.8574219e+01
   2.8961440e+06   4.3395996e+01
   2.9085920e+06   4.5471191e+01
   2.9130550e+06   4.2602539e+01
   2.9171770e+06   4.4250488e+01
   2.9191530e+06   4.6203613e+01
   2.9404720e+06   3.9550781e+01
   2.9555300e+06   4.6813965e+01
   2.9590960e+06   4.0466309e+01
   2.9604720e+06   3.8452148e+01
   2.9636270e+06   4.4860840e+01
   2.9650290e+06   4.1015625e+01
   2.9793760e+06   3.9733887e+01
   2.9812890e+06   4.1320801e+01
   3.0006250e+06   4.1259766e+01
   3.0041560e+06   4.1809082e+01
   3.0103120e+06   3.9489746e+01
   3.0131510e+06   4.2114258e+01
   3.0173480e+06   3.9001465e+01
   3.0220730e+06   4.1809082e+01
   3.0243340e+06   4.1076660e+01
   3.0377780e+06   4.1015625e+01
   3.0429080e+06   4.0405273e+01
   3.0452790e+06   4.2236328e+01
   3.0826770e+06   3.9550781e+01
   3.0835980e+06   4.1870117e+01
   3.0918920e+06   4.2053223e+01
   3.1018900e+06   4.0527344e+01
   3.1050590e+06   4.2419434e+01
   3.1058980e+06   3.9245605e+01
   3.1062570e+06   4.4128418e+01
   3.1064600e+06   4.2114258e+01
   3.1065020e+06   4.5776367e+01
   3.1066060e+06   7.7514648e+01
   3.1066470e+06   4.2236328e+01
   3.1067170e+06   4.3090820e+01
   3.1068730e+06   4.3457031e+01
   3.1071850e+06   4.1748047e+01
   3.1073960e+06   5.1269531e+01
   3.1287640e+06   3.8757324e+01
   3.1366550e+06   3.9489746e+01
   3.1382220e+06   4.2846680e+01
   3.1432630e+06   3.8940430e+01
   3.1437120e+06   4.6020508e+01
   3.1437370e+06   3.8879395e+01
   3.1558460e+06   3.8513184e+01
   3.1564870e+06   3.9611816e+01
   3.1735040e+06   4.1259766e+01
   3.1792550e+06   4.3823242e+01
   3.1897490e+06   4.0283203e+01
   3.1946810e+06   4.2358398e+01
   3.2043610e+06   4.0832520e+01
   3.2054950e+06   4.0405273e+01
   3.2061970e+06   4.2236328e+01
   3.2249830e+06   4.0222168e+01
   3.2338340e+06   3.9794922e+01
   3.2352030e+06   3.9184570e+01
   3.2498140e+06   4.1687012e+01
   3.2521780e+06   3.9062500e+01
   3.2586470e+06   3.9733887e+01
   3.2608410e+06   3.9001465e+01
   3.2659360e+06   4.0832520e+01
   3.2768250e+06   3.8513184e+01
   3.2864080e+06   4.0283203e+01
   3.2925510e+06   3.9245605e+01
   3.2948680e+06   5.9692383e+01
   3.3145710e+06   4.1137695e+01
   3.3254970e+06   4.2663574e+01
   3.3330510e+06   4.4067383e+01
   3.3381150e+06   4.1992188e+01
   3.3421200e+06   3.8879395e+01
   3.3436520e+06   4.2480469e+01
   3.3516900e+06   3.8879395e+01
   3.3540280e+06   3.9245605e+01
   3.3555560e+06   3.9794922e+01
   3.3562930e+06   3.9062500e+01
   3.3597280e+06   3.9001465e+01
   3.3770250e+06   4.3701172e+01
   3.3860810e+06   3.8574219e+01
   3.3904770e+06   4.5227051e+01
   3.4010210e+06   3.8696289e+01
   3.4026140e+06   3.8818359e+01
   3.4066740e+06   4.4433594e+01
   3.4224790e+06   3.9916992e+01
   3.4271540e+06   3.9550781e+01
   3.4301330e+06   4.0954590e+01
   3.4387970e+06   4.1198730e+01
   3.4496040e+06   4.4006348e+01
   3.4623900e+06   3.8574219e+01
   3.4648350e+06   3.9611816e+01
   3.4754710e+06   3.9062500e+01
   3.4931280e+06   3.8818359e+01
   3.4939980e+06   4.0527344e+01
   3.4977080e+06   4.0283203e+01
   3.5028910e+06   3.9733887e+01
   3.5056800e+06   3.9123535e+01
   3.5159260e+06   3.9550781e+01
   3.5167360e+06   4.1870117e+01
   3.5255810e+06   4.3151855e+01
   3.5349310e+06   4.1748047e+01
   3.5357580e+06   4.0649414e+01
   3.5359470e+06   3.8513184e+01
   3.5431090e+06   3.9672852e+01
   3.5492420e+06   4.2114258e+01
   3.5773630e+06   4.3579102e+01
   3.5860870e+06   3.8635254e+01
   3.5922470e+06   4.1320801e+01
   3.6016580e+06   3.8757324e+01
   3.6019400e+06   4.5959473e+01
   3.6050920e+06   3.8696289e+01
   3.6100130e+06   3.8635254e+01
   3.6134770e+06   4.2053223e+01
   3.6149340e+06   4.2358398e+01
   3.6175330e+06   4.4555664e+01
   3.6261540e+06   3.9611816e+01
   3.6277940e+06   4.1503906e+01
   3.6292760e+06   4.0100098e+01
   3.6345050e+06   3.9550781e+01
   3.6376600e+06   4.3701172e+01
   3.6481250e+06   3.9794922e+01
   3.6509750e+06   3.9733887e+01
   3.6538170e+06   4.0039062e+01
   3.6655480e+06   4.3823242e+01
   3.6682780e+06   4.3029785e+01
   3.6704720e+06   3.8940430e+01
   3.6736810e+06   4.4067383e+01
   3.6885450e+06   3.9489746e+01
   3.6907470e+06   4.2480469e+01
   3.7029210e+06   4.1381836e+01
   3.7054660e+06   4.0283203e+01
   3.7087260e+06   4.4616699e+01
   3.7164050e+06   3.9184570e+01
   3.7175930e+06   4.1381836e+01
   3.7216300e+06   4.0344238e+01
   3.7265410e+06   4.2846680e+01
   3.7330040e+06   4.0100098e+01
   3.7501450e+06   3.9123535e+01
   3.7502100e+06   3.9916992e+01
   3.7509190e+06   3.9001465e+01
   3.7671310e+06   4.0283203e+01
   3.7812800e+06   4.5959473e+01
   3.8026840e+06   4.1320801e+01
   3.8042680e+06   4.0100098e+01
   3.8195010e+06   4.1809082e+01
   3.8226110e+06   4.1015625e+01
   3.8538650e+06   4.2724609e+01
   3.8611870e+06   5.0292969e+01
   3.8684340e+06   4.1564941e+01
   3.8811980e+06   4.1381836e+01
   3.8891400e+06   3.8879395e+01
   3.8925450e+06   4.8767090e+01
   3.8951190e+06   4.0832520e+01
   3.8973830e+06   3.8879395e+01
   3.8985920e+06   3.8452148e+01
   3.9056400e+06   4.0039062e+01
   3.9073760e+06   4.3762207e+01
   3.9262360e+06   3.9794922e+01
   3.9280460e+06   4.0710449e+01
   3.9293480e+06   3.8635254e+01
   3.9297280e+06   4.0588379e+01
   3.9300730e+06   6.3232422e+01
   3.9301530e+06   3.9672852e+01
   3.9301770e+06   4.4372559e+01
   3.9307560e+06   4.0283203e+01
   3.9474080e+06   4.2480469e+01
   3.9583840e+06   3.9794922e+01
   3.9598200e+06   3.8940430e+01
   3.9785810e+06   3.9733887e+01
   3.9808680e+06   4.0039062e+01
   3.9813330e+06   4.1320801e+01
   3.9907760e+06   4.1564941e+01
   3.9932630e+06   3.9001465e+01
   3.9944300e+06   6.1157227e+01
   3.9963440e+06   3.9916992e+01
   3.9978000e+06   3.8940430e+01
   4.0131860e+06   3.8757324e+01
   4.0163390e+06   4.0405273e+01
   4.0181270e+06   3.9916992e+01
   4.0200390e+06   4.1625977e+01
   4.0284570e+06   4.0893555e+01
   4.0343630e+06   3.8696289e+01
   4.0350560e+06   4.1015625e+01
   4.0478020e+06   3.8940430e+01
   4.0480220e+06   5.4382324e+01
   4.0484830e+06   3.9733887e+01
   4.0861040e+06   4.3151855e+01
   4.0875850e+06   3.9001465e+01
   4.0889900e+06   3.9794922e+01
   4.0924230e+06   3.9550781e+01
   4.1015640e+06   3.9855957e+01
   4.1075290e+06   3.8513184e+01
   4.1097520e+06   3.9245605e+01
   4.1207930e+06   3.8757324e+01
   4.1314690e+06   4.1687012e+01
   4.1354620e+06   3.8635254e+01
   4.1506480e+06   3.9733887e+01
   4.1637070e+06   3.8940430e+01
   4.1655150e+06   3.8696289e+01
   4.1792930e+06   3.9062500e+01
   4.1842910e+06   4.0771484e+01
   4.1930710e+06   4.0588379e+01
   4.2025720e+06   4.2236328e+01
   4.2215690e+06   3.8940430e+01
   4.2254370e+06   4.4799805e+01
   4.2373570e+06   3.9611816e+01
   4.2395820e+06   3.9001465e+01
   4.2435070e+06   3.9550781e+01
   4.2514390e+06   3.8818359e+01
   4.2714690e+06   4.2541504e+01
   4.2734410e+06   4.6569824e+01
   4.2755720e+06   3.8513184e+01
   4.2910500e+06   3.9367676e+01
   4.2990390e+06   3.9428711e+01
   4.3022470e+06   3.8452148e+01
   4.3059140e+06   4.6875000e+01
   4.3135980e+06   4.4738770e+01
   4.3157060e+06   4.1931152e+01
   4.3214710e+06   4.1503906e+01
   4.3250800e+06   4.4738770e+01
   4.3302490e+06   3.8574219e+01
   4.3414840e+06   4.4616699e+01
   4.3609600e+06   4.0588379e+01
   4.3786590e+06   4.0283203e+01
   4.3875920e+06   4.2297363e+01
   4.3899780e+06   3.8879395e+01
   4.3936470e+06   4.0832520e+01
   4.3975070e+06   3.9306641e+01
   4.4075500e+06   4.5654297e+01
   4.4110070e+06   4.3273926e+01
   4.4121570e+06   4.1015625e+01
   4.4330880e+06   4.1870117e+01
   4.4332440e+06   3.9367676e+01
   4.4364250e+06   4.2419434e+01
   4.4569190e+06   3.8574219e+01
   4.4665050e+06   3.9367676e+01
   4.4665470e+06   4.0222168e+01
   4.4727980e+06   3.9123535e+01
   4.4764670e+06   3.9306641e+01
   4.4794790e+06   4.4250488e+01
   4.4896940e+06   3.9245605e+01
   4.4908670e+06   4.4433594e+01
   4.4908990e+06   4.3457031e+01
   4.4909350e+06   4.4738770e+01
   4.4913190e+06   5.0598145e+01
   4.4924490e+06   3.8635254e+01
   4.4929700e+06   4.1320801e+01
   4.5107960e+06   4.2480469e+01
   4.5153430e+06   4.0344238e+01
   4.5204000e+06   4.0039062e+01
   4.5276450e+06   4.0649414e+01
   4.5284940e+06   4.0710449e+01
   4.5358230e+06   3.9245605e+01
   4.5424850e+06   4.1809082e+01
   4.5436630e+06   4.0588379e+01
   4.5469750e+06   4.2114258e+01
   4.5520970e+06   3.9428711e+01
   4.5632620e+06   4.9621582e+01
   4.5646930e+06   4.5898438e+01
   4.5737610e+06   3.9916992e+01
   4.5793120e+06   3.9062500e+01
   4.5919150e+06   4.3029785e+01
   4.6009640e+06   4.1015625e+01
   4.6022260e+06   4.1320801e+01
   4.6024410e+06   3.9733887e+01
   4.6029160e+06   6.7382812e+01
   4.6044690e+06   4.0344238e+01
   4.6146430e+06   4.1931152e+01
   4.6297960e+06   4.0344238e+01
   4.6339820e+06   4.4616699e+01
   4.6500130e+06   3.8879395e+01
   4.6557250e+06   4.0344238e+01
   4.6571300e+06   4.4555664e+01
   4.6652120e+06   3.9306641e+01
   4.6734050e+06   4.3640137e+01
   4.6773830e+06   4.1625977e+01
   4.6821970e+06   4.3457031e+01
   4.6836160e+06   3.9489746e+01
   4.6891570e+06   3.8940430e+01
   4.6946810e+06   4.0954590e+01
   4.6952580e+06   3.9611816e+01
   4.6953150e+06   4.1015625e+01
   4.6957120e+06   3.9611816e+01
   4.6957430e+06   4.0344238e+01
   4.6960040e+06   4.2785645e+01
   4.6962210e+06   4.1870117e+01
   4.6962880e+06   3.9245605e+01
   4.7138360e+06   4.3884277e+01
   4.7150540e+06   4.2297363e+01
   4.7191610e+06   3.9855957e+01
   4.7311790e+06   4.1198730e+01
   4.7335680e+06   4.2724609e+01
   4.7414320e+06   4.1015625e+01
   4.7476290e+06   4.1259766e+01
   4.7578410e+06   4.0161133e+01
   4.7601850e+06   4.4006348e+01
   4.7806270e+06   4.0710449e+01
   4.7975630e+06   3.9733887e+01
   4.7984960e+06   4.4067383e+01
   4.8043810e+06   4.0283203e+01
   4.8080930e+06   3.9367676e+01
   4.8133420e+06   4.1198730e+01
   4.8205140e+06   4.7363281e+01
   4.8356910e+06   3.9001465e+01
   4.8481980e+06   3.9123535e+01
   4.8541230e+06   4.3151855e+01
   4.8588140e+06   4.0344238e+01
   4.8613270e+06   4.4982910e+01
   4.8706890e+06   3.9245605e+01
   4.8752030e+06   3.8879395e+01
   4.8814410e+06   3.9672852e+01
   4.8860970e+06   3.9123535e+01
   4.8920690e+06   3.9978027e+01
   4.8944700e+06   4.3212891e+01
   4.8985370e+06   3.8818359e+01
   4.8988070e+06   4.3212891e+01
   4.9033670e+06   4.0771484e+01
   4.9105850e+06   4.1748047e+01
   4.9204890e+06   3.8757324e+01
   4.9216060e+06   4.1259766e+01
   4.9274860e+06   4.1564941e+01
   4.9291920e+06   3.9978027e+01
   4.9411480e+06   4.1870117e+01
   4.9523400e+06   3.8940430e+01
   4.9587430e+06   3.8452148e+01
   4.9651500e+06   3.9123535e+01
   4.9708110e+06   4.6325684e+01
   4.9741360e+06   4.3701172e+01
   4.9796100e+06   3.8940430e+01
   4.9810080e+06   4.0527344e+01
   4.9834550e+06   4.0405273e+01
   4.9857100e+06   4.1259766e+01
   4.9895400e+06   3.8940430e+01
   4.9905380e+06   4.0832520e+01
   4.9953670e+06   4.4738770e+01
   4.9992130e+06   4.4921875e+01
   5.0017110e+06   3.9306641e+01
   5.0036220e+06   4.6508789e+01
   5.0069430e+06   4.1687012e+01
   5.0078340e+06   4.0954590e+01
   5.0105730e+06   4.1503906e+01
   5.0143780e+06   4.1809082e+01
   5.0204000e+06   3.9916992e+01
   5.0271280e+06   4.3884277e+01
   5.0330720e+06   3.9855957e+01
   5.0404440e+06   4.3029785e+01
   5.0504550e+06   3.9062500e+01
   5.0600090e+06   4.0710449e+01
   5.0619260e+06   3.8513184e+01
   5.0659330e+06   3.9672852e+01
   5.0674640e+06   4.4494629e+01
   5.0694060e+06   4.0527344e+01
   5.0763050e+06   3.9184570e+01
   5.0866320e+06   3.9855957e+01
   5.0926090e+06   4.1381836e+01
   5.0946450e+06   3.8513184e+01
   5.1107390e+06   4.1870117e+01
   5.1128090e+06   4.1748047e+01
   5.1143470e+06   4.8400879e+01
   5.1190170e+06   4.0039062e+01
   5.1219310e+06   3.8818359e+01
   5.1237990e+06   4.1992188e+01
   5.1331550e+06   4.0771484e+01
   5.1362740e+06   4.0832520e+01
   5.1506160e+06   3.8940430e+01
   5.1566800e+06   4.1564941e+01
   5.1616620e+06   3.8879395e+01
   5.1649530e+06   4.9987793e+01
   5.1723960e+06   3.9978027e+01
   5.1847670e+06   4.4189453e+01
   5.1931220e+06   3.9306641e+01
   5.2061090e+06   4.2968750e+01
   5.2096940e+06   3.9001465e+01
   5.2144500e+06   4.6142578e+01
   5.2161430e+06   3.8696289e+01
   5.2172050e+06   3.8757324e+01
   5.2233450e+06   4.2785645e+01
   5.2257020e+06   3.8757324e+01
   5.2281250e+06   4.0344238e+01
   5.2334900e+06   4.8156738e+01
   5.2367310e+06   3.9306641e+01
   5.2593750e+06   4.1564941e+01
   5.2636300e+06   3.8574219e+01
   5.2742930e+06   4.0039062e+01
   5.2837440e+06   4.0222168e+01
   5.2853240e+06   4.3090820e+01
   5.2987940e+06   4.5349121e+01
   5.3019880e+06   3.8635254e+01
   5.3052830e+06   3.8940430e+01
   5.3089960e+06   4.2480469e+01
   5.3112200e+06   3.9062500e+01
   5.3134170e+06   3.8757324e+01
   5.3167670e+06   3.9245605e+01
   5.3221780e+06   4.1503906e+01
   5.3241710e+06   4.2358398e+01
   5.3288350e+06   4.0039062e+01
   5.3306390e+06   4.4555664e+01
   5.3349710e+06   3.9062500e+01
   5.3359470e+06   4.1809082e+01
   5.3365450e+06   4.7180176e+01
   5.3599860e+06   4.0588379e+01
   5.3631610e+06   4.2724609e+01
   5.3657620e+06   5.0964355e+01
   5.3678220e+06   4.3518066e+01
   5.3729270e+06   4.1992188e+01
   5.3743260e+06   5.0659180e+01
   5.3744070e+06   4.7973633e+01
   5.3745080e+06   4.2785645e+01
   5.3745330e+06   4.9865723e+01
   5.3746590e+06   5.1818848e+01
   5.3748650e+06   4.1748047e+01
   5.3876430e+06   4.3823242e+01
   5.3894920e+06   4.0161133e+01
   5.4022920e+06   4.0466309e+01
   5.4110730e+06   3.9611816e+01
   5.4155980e+06   3.9245605e+01
   5.4210020e+06   4.3090820e+01
   5.4212750e+06   4.0283203e+01
   5.4216820e+06   4.5104980e+01
   5.4409680e+06   4.5959473e+01
   5.4427700e+06   3.8574219e+01
   5.4497130e+06   4.5349121e+01
   5.4562490e+06   4.2602539e+01
   5.4584890e+06   3.9489746e+01
   5.4652560e+06   4.7119141e+01
   5.4685750e+06   3.9123535e+01
   5.4812640e+06   3.8696289e+01
   5.4847960e+06   3.8696289e+01
   5.4861720e+06   3.9123535e+01
   5.4877530e+06   4.1198730e+01
   5.4896980e+06   4.0832520e+01
   5.4963740e+06   3.9306641e+01
   5.4996820e+06   4.0161133e+01
   5.5003820e+06   3.9550781e+01
   5.5141780e+06   4.3701172e+01
   5.5147410e+06   3.9001465e+01
   5.5149970e+06   4.4067383e+01
   5.5154910e+06   4.5349121e+01
   5.5367290e+06   4.5776367e+01
   5.5466300e+06   4.1381836e+01
   5.5493720e+06   3.8452148e+01
   5.5673510e+06   3.9184570e+01
   5.5712920e+06   4.0344238e+01
   5.5776990e+06   4.0100098e+01
   5.5792910e+06   3.9428711e+01
   5.5859010e+06   4.2175293e+01
   5.5967660e+06   3.8757324e+01
   5.6103010e+06   4.3823242e+01
   5.6150030e+06   3.8574219e+01
   5.6263620e+06   4.0954590e+01
   5.6378190e+06   4.1137695e+01
   5.6389570e+06   4.1381836e+01
   5.6398160e+06   4.3395996e+01
   5.6452750e+06   3.8940430e+01
   5.6573520e+06   4.0832520e+01
   5.6599480e+06   3.8452148e+01
   5.6778650e+06   4.0039062e+01
   5.6833070e+06   4.0100098e+01
   5.7010890e+06   3.9978027e+01
   5.7040730e+06   4.0771484e+01
   5.7103920e+06   4.0771484e+01
   5.7131190e+06   4.4616699e+01
   5.7266170e+06   4.0893555e+01
   5.7368790e+06   4.0710449e+01
   5.7400900e+06   4.0100098e+01
   5.7416650e+06   4.0161133e+01
   5.7504710e+06   4.2724609e+01
   5.7525380e+06   4.4372559e+01
   5.7650840e+06   3.9611816e+01
   5.7696860e+06   4.3884277e+01
   5.7792710e+06   4.1503906e+01
   5.7886690e+06   4.4982910e+01
   5.7952940e+06   3.9062500e+01
   5.7994590e+06   3.9978027e+01
   5.8152610e+06   3.8452148e+01
   5.8291910e+06   4.3640137e+01
   5.8318260e+06   3.9978027e+01
   5.8385500e+06   3.9184570e+01
   5.8403830e+06   4.1381836e+01
   5.8597720e+06   3.9306641e+01
   5.8695590e+06   3.9245605e+01
   5.8723870e+06   3.8635254e+01
   5.8759500e+06   4.6691895e+01
   5.8804350e+06   4.7119141e+01
   5.8840890e+06   3.8574219e+01
   5.8974450e+06   4.0771484e+01
   5.9120540e+06   4.5471191e+01
   5.9207620e+06   3.9001465e+01
   5.9260560e+06   4.1748047e+01
   5.9269260e+06   4.0771484e+01
   5.9327740e+06   3.9611816e+01
   5.9394340e+06   4.1442871e+01
   5.9404640e+06   9.0148926e+01
   5.9407320e+06   4.1381836e+01
   5.9408710e+06   3.9184570e+01
   5.9409320e+06   4.1076660e+01
   5.9409960e+06   3.9733887e+01
   5.9410750e+06   4.5349121e+01
   5.9412610e+06   3.8818359e+01
   5.9413950e+06   4.8828125e+01
   5.9573090e+06   3.9855957e+01
   5.9653270e+06   4.1931152e+01
   5.9705120e+06   3.8696289e+01
   5.9714700e+06   4.4250488e+01
   5.9750460e+06   4.0588379e+01
   5.9814570e+06   3.9978027e+01
   5.9839830e+06   3.9062500e+01
   5.9859960e+06   4.1931152e+01
   5.9910550e+06   4.5166016e+01
   5.9959570e+06   3.8879395e+01
   5.9968570e+06   3.8513184e+01
   6.0063530e+06   4.0100098e+01
   6.0348510e+06   3.9672852e+01
   6.0384230e+06   3.9306641e+01
   6.0443840e+06   4.0893555e+01
   6.0464110e+06   3.8696289e+01
   6.0535180e+06   3.8696289e+01
   6.0559070e+06   4.3212891e+01
   6.0566970e+06   4.0832520e+01
   6.0610910e+06   3.9001465e+01
   6.0622250e+06   4.0832520e+01
   6.0631340e+06   3.8757324e+01
   6.0661330e+06   4.6569824e+01
   6.0763520e+06   4.2175293e+01
   6.0775600e+06   3.9916992e+01
   6.0933730e+06   4.3029785e+01
   6.1053480e+06   4.1259766e+01
   6.1067020e+06   3.9123535e+01
   6.1082660e+06   4.0039062e+01
   6.1105480e+06   3.9489746e+01
   6.1146840e+06   4.2968750e+01
   6.1164600e+06   4.0832520e+01
   6.1193620e+06   3.9245605e+01
   6.1219260e+06   3.8452148e+01
   6.1283160e+06   3.9978027e+01
   6.1360520e+06   4.5471191e+01
   6.1426720e+06   3.8635254e+01
   6.1523360e+06   4.6936035e+01
   6.1548030e+06   4.4616699e+01
   6.1572670e+06   3.9489746e+01
   6.1633240e+06   3.8879395e+01
   6.1668020e+06   4.0527344e+01
   6.1685520e+06   3.8818359e+01
   6.1737220e+06   4.2297363e+01
   6.1791150e+06   3.9672852e+01
   6.1803780e+06   4.1564941e+01
   6.1832920e+06   4.5043945e+01
   6.1981140e+06   3.8513184e+01
   6.2023890e+06   4.5471191e+01
   6.2151370e+06   4.4189453e+01
   6.2211520e+06   3.8635254e+01
   6.2220370e+06   3.9184570e+01
   6.2220920e+06   4.2114258e+01
   6.2225570e+06   4.0954590e+01
   6.2235220e+06   4.3090820e+01
   6.2357590e+06   3.8818359e+01
   6.2479880e+06   4.5715332e+01
   6.2649580e+06   3.9611816e+01
   6.2668390e+06   3.8452148e+01
   6.2738500e+06   4.1381836e+01
   6.2816350e+06   4.0222168e+01
   6.2992620e+06   4.0161133e+01
   6.3029060e+06   3.8635254e+01
   6.3164890e+06   4.0100098e+01
   6.3174140e+06   4.0161133e+01
   6.3402720e+06   3.9184570e+01
   6.3514880e+06   3.9733887e+01
   6.3526170e+06   3.9978027e+01
   6.3642530e+06   4.8156738e+01
   6.3653610e+06   4.0283203e+01
   6.3659560e+06   4.1687012e+01
   6.3660160e+06   6.7138672e+01
   6.3661190e+06   4.3945312e+01
   6.3661880e+06   3.9916992e+01
   6.3664580e+06   4.1015625e+01
   6.3970100e+06   4.0222168e+01
   6.4032710e+06   4.2541504e+01
   6.4036510e+06   3.8696289e+01
   6.4108150e+06   3.9672852e+01
   6.4118890e+06   4.3273926e+01
   6.4119410e+06   3.9245605e+01
   6.4128150e+06   3.8635254e+01
   6.4132840e+06   3.9306641e+01
   6.4238430e+06   4.0649414e+01
   6.4314710e+06   3.9489746e+01
   6.4351150e+06   4.1992188e+01
   6.4465070e+06   3.9184570e+01
   6.4515500e+06   4.5227051e+01
   6.4610600e+06   4.3457031e+01
   6.4612530e+06   4.1381836e+01
   6.4613500e+06   4.6997070e+01
   6.4614210e+06   4.1198730e+01
   6.4615330e+06   5.7189941e+01
   6.4616680e+06   4.0588379e+01
   6.4832160e+06   4.3151855e+01
   6.4954910e+06   3.8818359e+01
   6.5029720e+06   3.9978027e+01
   6.5067380e+06   4.2846680e+01
   6.5119340e+06   4.0954590e+01
   6.5278200e+06   4.0405273e+01
   6.5301270e+06   3.9489746e+01
   6.5338080e+06   3.9611816e+01
   6.5363260e+06   4.2541504e+01
   6.5406150e+06   4.1320801e+01
   6.5422900e+06   4.1137695e+01
   6.5452330e+06   4.2175293e+01
   6.5495230e+06   3.9123535e+01
   6.5545770e+06   4.3090820e+01
   6.5572570e+06   4.1320801e+01
   6.5602900e+06   4.0405273e+01
   6.5706280e+06   4.0344238e+01
   6.5765380e+06   3.9794922e+01
   6.5813480e+06   4.4128418e+01
   6.5838320e+06   3.9611816e+01
   6.5900980e+06   3.9550781e+01
   6.5920420e+06   4.2907715e+01
   6.5995290e+06   4.5532227e+01
   6.6009970e+06   4.8645020e+01
   6.6064180e+06   4.1992188e+01
   6.6141540e+06   3.8696289e+01
   6.6167250e+06   3.8818359e+01
   6.6245830e+06   4.1687012e+01
   6.6260240e+06   4.2358398e+01
   6.6307270e+06   4.2175293e+01
   6.6375830e+06   3.8757324e+01
   6.6452290e+06   4.0039062e+01
   6.6499800e+06   4.0649414e+01
   6.6597990e+06   4.0588379e+01
   6.6732220e+06   4.0588379e+01
   6.6775460e+06   4.0039062e+01
   6.6818650e+06   4.6813965e+01
   6.6886690e+06   4.1625977e+01
   6.6994160e+06   4.1137695e+01
   6.7087590e+06   4.4738770e+01
   6.7098830e+06   4.2541504e+01
   6.7220050e+06   3.9367676e+01
   6.7291670e+06   4.3151855e+01
   6.7316920e+06   4.4494629e+01
   6.7331660e+06   3.8757324e+01
   6.7398570e+06   4.0222168e+01
   6.7427860e+06   4.0344238e+01
   6.7439750e+06   3.9855957e+01
   6.7532110e+06   4.0710449e+01
   6.7599210e+06   4.0161133e+01
   6.7627300e+06   4.2175293e+01
   6.7735200e+06   3.9428711e+01
   6.7836680e+06   4.1442871e+01
   6.7918630e+06   3.9306641e+01
   6.7973580e+06   4.0588379e+01
   6.8033250e+06   4.1992188e+01
   6.8051900e+06   3.8757324e+01
   6.8144570e+06   4.0161133e+01
   6.8166050e+06   4.1320801e+01
   6.8259600e+06   3.8696289e+01
   6.8262760e+06   3.9672852e+01
   6.8295070e+06   4.0466309e+01
   6.8315360e+06   4.1992188e+01
   6.8350090e+06   4.2602539e+01
   6.8374770e+06   4.4006348e+01
   6.8395390e+06   3.9123535e+01
   6.8458580e+06   4.2297363e+01
   6.8639460e+06   3.9367676e+01
   6.8665390e+06   4.4433594e+01
   6.8677160e+06   4.0832520e+01
   6.8750640e+06   4.0222168e+01
   6.8858060e+06   3.8757324e+01
   6.8877030e+06   4.2053223e+01
   6.8957130e+06   4.6875000e+01
   6.8966230e+06   4.0100098e+01
   6.8968110e+06   3.9245605e+01
   6.8968370e+06   4.9743652e+01
   6.8968830e+06   4.1320801e+01
   6.8970400e+06   3.8696289e+01
   6.8970590e+06   5.2917480e+01
   6.8973560e+06   4.7241211e+01
   6.8973870e+06   3.8696289e+01
   6.9132360e+06   3.9672852e+01
   6.9493670e+06   4.0771484e+01
   6.9519180e+06   4.4311523e+01
   6.9532700e+06   3.8757324e+01
   6.9533180e+06   4.2053223e+01
   6.9540670e+06   4.0649414e+01
   6.9701930e+06   4.2968750e+01
   6.9754820e+06   4.0222168e+01
   6.9823240e+06   4.2419434e+01
   6.9865920e+06   4.1259766e+01
   6.9946900e+06   3.9123535e+01
   6.9966810e+06   4.4433594e+01
   6.9993240e+06   4.0771484e+01
   7.0078030e+06   4.5043945e+01
   7.0166910e+06   4.2419434e+01
   7.0277000e+06   3.8452148e+01
   7.0424500e+06   4.4494629e+01
   7.0432740e+06   4.2297363e+01
   7.0574720e+06   4.1076660e+01
   7.0658780e+06   4.3273926e+01
   7.0820850e+06   3.8818359e+01
   7.0841970e+06   4.1015625e+01
   7.0880630e+06   4.5410156e+01
   7.0937010e+06   3.8574219e+01
   7.1008670e+06   4.1748047e+01
   7.1203740e+06   4.2236328e+01
   7.1291650e+06   3.9245605e+01
   7.1338230e+06   4.9438477e+01
   7.1440130e+06   4.0710449e+01
   7.1532360e+06   3.8574219e+01
   7.1707460e+06   4.0954590e+01
   7.1879080e+06   4.0832520e+01
   7.1903500e+06   4.3823242e+01
   7.2014140e+06   3.9916992e+01
   7.2069540e+06   3.9978027e+01
   7.2102220e+06   4.2236328e+01
   7.2135820e+06   3.9550781e+01
   7.2213400e+06   4.2663574e+01
   7.2355500e+06   3.9123535e+01
   7.2556220e+06   4.4372559e+01
   7.2603160e+06   3.9855957e+01
   7.2829830e+06   4.1931152e+01
   7.2832310e+06   3.8696289e+01
   7.2861860e+06   3.9916992e+01
   7.2881570e+06   3.8940430e+01
   7.3033220e+06   4.6020508e+01
   7.3066080e+06   3.8879395e+01
   7.3119930e+06   4.0527344e+01
   7.3187380e+06   3.9001465e+01
   7.3199990e+06   3.9611816e+01
   7.3323370e+06   3.8940430e+01
   7.3378500e+06   3.9672852e+01
   7.3544420e+06   4.2297363e+01
   7.3561300e+06   3.9916992e+01
   7.3749960e+06   4.1320801e+01
   7.3858970e+06   4.0771484e+01
   7.3891460e+06   4.9865723e+01
   7.3892630e+06   4.1320801e+01
   7.3892770e+06   7.0190430e+01
   7.3893040e+06   5.8349609e+01
   7.3894730e+06   5.4016113e+01
   7.3895800e+06   4.0161133e+01
   7.3897320e+06   4.1687012e+01
   7.3897620e+06   3.8574219e+01
   7.4025340e+06   4.2846680e+01
   7.4173850e+06   4.0100098e+01
   7.4277780e+06   3.9306641e+01
   7.4398020e+06   4.4372559e+01
   7.4401750e+06   5.1940918e+01
   7.4404440e+06   3.9001465e+01
   7.4495170e+06   3.9062500e+01
   7.4536460e+06   4.0100098e+01
   7.4665690e+06   3.9916992e+01
   7.4699040e+06   3.9428711e+01
   7.4778730e+06   4.0039062e+01
   7.4792780e+06   7.3059082e+01
   7.4830280e+06   4.3090820e+01
   7.4955750e+06   4.0710449e+01
   7.4971850e+06   3.9794922e+01
   7.4976360e+06   5.1391602e+01
   7.5093550e+06   4.2358398e+01
   7.5149520e+06   4.1625977e+01
   7.5521670e+06   3.8696289e+01
   7.5540490e+06   4.0832520e+01
   7.5542880e+06   4.5654297e+01
   7.5550290e+06   4.1137695e+01
   7.5550470e+06   4.1442871e+01
   7.5668620e+06   4.8339844e+01
   7.5791240e+06   3.9611816e+01
   7.5819070e+06   4.1137695e+01
   7.5902760e+06   4.5593262e+01
   7.6008580e+06   4.1076660e+01
   7.6061820e+06   4.3151855e+01
   7.6124920e+06   4.4250488e+01
   7.6170120e+06   3.9428711e+01
   7.6225770e+06   4.0344238e+01
   7.6271600e+06   3.8696289e+01
   7.6289490e+06   4.4067383e+01
   7.6379250e+06   3.8452148e+01
   7.6503560e+06   3.9062500e+01
   7.6659760e+06   4.1687012e+01
   7.6778790e+06   3.9733887e+01
   7.6815040e+06   3.9245605e+01
   7.7121580e+06   4.0100098e+01
   7.7160630e+06   4.0771484e+01
   7.7291740e+06   4.2846680e+01
   7.7292540e+06   3.8452148e+01
   7.7309770e+06   3.9123535e+01
   7.7336430e+06   4.0954590e+01
   7.7387340e+06   3.9062500e+01
   7.7488720e+06   3.8452148e+01
   7.7694810e+06   3.9245605e+01
   7.7778130e+06   4.2785645e+01
   7.7834440e+06   4.3151855e+01
   7.7850980e+06   3.9428711e+01
   7.7880170e+06   3.9245605e+01
   7.7894110e+06   3.9855957e+01
   7.7957580e+06   4.3334961e+01
   7.7970170e+06   3.8818359e+01
   7.8020710e+06   3.9978027e+01
   7.8134980e+06   3.9001465e+01
   7.8159020e+06   4.1748047e+01
   7.8193180e+06   3.9367676e+01
   7.8230570e+06   4.0771484e+01
   7.8245840e+06   3.8574219e+01
   7.8328030e+06   4.1259766e+01
   7.8354590e+06   3.9001465e+01
   7.8433970e+06   3.9489746e+01
   7.8478310e+06   3.8452148e+01
   7.8483540e+06   4.4921875e+01
   7.8503440e+06   4.4128418e+01
   7.8716620e+06   4.0039062e+01
   7.8828130e+06   3.8513184e+01
   7.8861790e+06   3.9184570e+01
   7.8932440e+06   3.9611816e+01
   7.9080730e+06   4.4616699e+01
   7.9094670e+06   4.0344238e+01
   7.9185500e+06   4.2602539e+01
   7.9198010e+06   3.8452148e+01
   7.9368080e+06   3.9123535e+01
   7.9517730e+06   4.1198730e+01
   7.9574520e+06   4.3701172e+01
   7.9619420e+06   4.0893555e+01
   7.9695770e+06   3.8757324e+01
   7.9817070e+06   3.9184570e+01
   7.9862330e+06   4.1137695e+01
   7.9912770e+06   4.3151855e+01
   8.0156030e+06   3.8757324e+01
   8.0189140e+06   5.2612305e+01
   8.0259150e+06   4.3273926e+01
   8.0276360e+06   4.2907715e+01
   8.0348810e+06   4.2968750e+01
   8.0528740e+06   3.9062500e+01
   8.0548640e+06   3.8757324e+01
   8.0653150e+06   4.7485352e+01
   8.0707490e+06   3.9550781e+01
   8.0874610e+06   4.2663574e+01
   8.1129200e+06   4.2053223e+01
   8.1151250e+06   3.9794922e+01
   8.1220990e+06   4.2785645e+01
   8.1241140e+06   4.6936035e+01
   8.1242130e+06   4.5959473e+01
   8.1245920e+06   4.2846680e+01
   8.1247550e+06   4.2907715e+01
   8.1477960e+06   3.8757324e+01
   8.1500510e+06   4.0832520e+01
   8.1527380e+06   5.3833008e+01
   8.1635260e+06   3.9367676e+01
   8.1740100e+06   3.8635254e+01
   8.1790430e+06   4.0832520e+01
   8.1791700e+06   3.9001465e+01
   8.1792920e+06   4.0954590e+01
   8.1793500e+06   3.8513184e+01
   8.1795550e+06   3.9489746e+01
   8.1798910e+06   3.9794922e+01
   8.1991590e+06   4.3273926e+01
   8.2058140e+06   4.2541504e+01
   8.2195980e+06   4.4738770e+01
   8.2220150e+06   5.1635742e+01
   8.2279540e+06   4.2602539e+01
   8.2361070e+06   4.0771484e+01
   8.2363590e+06   3.9001465e+01
   8.2500720e+06   4.4372559e+01
   8.2516730e+06   4.0771484e+01
   8.2581810e+06   3.8452148e+01
   8.2809590e+06   3.9611816e+01
   8.2825330e+06   4.0222168e+01
   8.2826810e+06   4.1015625e+01
   8.2837500e+06   4.1809082e+01
   8.2995730e+06   3.8757324e+01
   8.3121710e+06   4.0771484e+01
   8.3243020e+06   4.0161133e+01
   8.3335070e+06   4.7546387e+01
   8.3347060e+06   4.0771484e+01
   8.3353440e+06   4.3151855e+01
   8.3447950e+06   4.1442871e+01
   8.3504120e+06   4.5654297e+01
   8.3546460e+06   4.0527344e+01
   8.3667200e+06   3.9672852e+01
   8.3792110e+06   3.9123535e+01
   8.3900930e+06   3.9916992e+01
   8.3918240e+06   4.5410156e+01
   8.3935880e+06   4.2846680e+01
   8.4183950e+06   4.2663574e+01
   8.4274690e+06   4.0832520e+01
   8.4525140e+06   4.2724609e+01
   8.4535940e+06   4.2236328e+01
   8.4563360e+06   3.8452148e+01
   8.4649790e+06   4.8645020e+01
   8.4742230e+06   4.1809082e+01
   8.4771250e+06   4.0222168e+01
   8.4790700e+06   4.0771484e+01
   8.4857720e+06   4.4006348e+01
   8.4888630e+06   3.8635254e+01
   8.4935500e+06   3.9367676e+01
   8.5268130e+06   4.2663574e+01
   8.5436470e+06   4.2175293e+01
   8.5539760e+06   3.8513184e+01
   8.6090130e+06   3.9123535e+01
   8.6189180e+06   4.5532227e+01
   8.6306020e+06   4.3273926e+01
   8.6338230e+06   3.9916992e+01
   8.6420090e+06   4.8828125e+01
   8.6443300e+06   3.9672852e+01
   8.6478320e+06   4.1687012e+01
   8.6560930e+06   4.3029785e+01
   8.6655080e+06   4.0405273e+01
   8.6724800e+06   3.8696289e+01
   8.6884380e+06   4.0893555e+01
   8.7086770e+06   4.0710449e+01
   8.7231240e+06   4.0283203e+01
   8.7263010e+06   3.9306641e+01
   8.7293020e+06   3.8696289e+01
   8.7307930e+06   4.2236328e+01
   8.7412950e+06   4.0771484e+01
   8.7468810e+06   4.0161133e+01
   8.7493160e+06   4.1442871e+01
   8.7518460e+06   4.0710449e+01
   8.7794720e+06   4.0954590e+01
   8.7823910e+06   3.9184570e+01
   8.7861490e+06   4.2968750e+01
   8.7878470e+06   3.9916992e+01
   8.7912880e+06   4.1015625e+01
   8.7989090e+06   4.4860840e+01
   8.8176070e+06   4.0954590e+01
   8.8178100e+06   6.1035156e+01
   8.8180790e+06   5.6213379e+01
   8.8181400e+06   4.5654297e+01
   8.8183270e+06   4.5410156e+01
   8.8299720e+06   3.8574219e+01
   8.8339570e+06   4.2846680e+01
   8.8455260e+06   3.9184570e+01
   8.8522470e+06   3.9978027e+01
   8.8556080e+06   4.6569824e+01
   8.8610230e+06   4.0100098e+01
   8.8646410e+06   3.9733887e+01
   8.8684860e+06   4.4006348e+01
   8.8803960e+06   3.9428711e+01
   8.8829690e+06   4.4677734e+01
   8.8867380e+06   6.0607910e+01
   8.9118560e+06   4.0222168e+01
   8.9144070e+06   4.1076660e+01
   8.9219170e+06   3.9367676e+01
   8.9334450e+06   4.3762207e+01
   8.9355760e+06   3.9611816e+01
   8.9467340e+06   4.2419434e+01
   8.9491300e+06   4.2663574e+01
   8.9507940e+06   3.9428711e+01
   8.9840530e+06   3.9123535e+01
   8.9854590e+06   5.1635742e+01
   8.9856560e+06   4.4677734e+01
   8.9857150e+06   3.9550781e+01
   8.9857760e+06   6.0668945e+01
   8.9858250e+06   4.0283203e+01
   8.9861830e+06   4.2724609e+01
