   8.9990000e+06   0.0000000e+00
   1.8020000e+04   4.1259766e+01
   4.8123000e+04   3.5644531e+01
   8.5922000e+04   3.5522461e+01
   9.9033000e+04   3.8635254e+01
   9.9920000e+04   8.8562012e+01
   1.0094900e+05   7.5439453e+01
   1.0111400e+05   3.6682129e+01
   1.0118000e+05   6.4331055e+01
   1.0160900e+05   6.9519043e+01
   1.3248500e+05   9.7717285e+01
   1.3313100e+05   7.7270508e+01
   1.3403000e+05   7.3608398e+01
   1.3435200e+05   5.1696777e+01
   1.5801000e+05   3.7597656e+01
   1.7329700e+05   8.8684082e+01
   1.7418300e+05   7.6538086e+01
   1.7466300e+05   6.6650391e+01
   1.9490300e+05   8.2519531e+01
   1.9564200e+05   7.7514648e+01
   2.8594300e+05   1.0070801e+02
   2.8940500e+05   3.5522461e+01
   2.9699100e+05   9.4970703e+01
   3.0896000e+05   3.8757324e+01
   3.1558300e+05   4.2846680e+01
   3.4324500e+05   4.0954590e+01
   3.4431200e+05   8.5021973e+01
   3.8210400e+05   8.3984375e+01
   3.8253500e+05   6.8298340e+01
   3.8300500e+05   3.5766602e+01
   3.9341800e+05   8.6059570e+01
   4.1263400e+05   3.7170410e+01
   4.1268900e+05   8.8562012e+01
   4.3296300e+05   8.5449219e+01
   4.6629200e+05   7.8002930e+01
   4.8039600e+05   7.8430176e+01
   4.8238300e+05   7.2998047e+01
   5.1417800e+05   7.8552246e+01
   5.1461900e+05   7.0251465e+01
   5.1509400e+05   6.4025879e+01
   5.1534900e+05   3.7109375e+01
   6.0529200e+05   3.8818359e+01
   6.1016900e+05   3.6926270e+01
   6.1982500e+05   9.8144531e+01
   6.2879400e+05   8.5815430e+01
   6.3601600e+05   9.0393066e+01
   6.3648500e+05   7.5500488e+01
   6.3689800e+05   5.4077148e+01
   6.3724200e+05   3.7109375e+01
   6.8795000e+05   3.8330078e+01
   7.0502800e+05   8.9111328e+01
   7.0535900e+05   7.5134277e+01
   7.1465500e+05   3.5888672e+01
   7.3059600e+05   9.3566895e+01
   7.3106900e+05   7.5683594e+01
   7.3828900e+05   3.6132812e+01
   7.3837600e+05   8.6364746e+01
   7.4516000e+05   3.8208008e+01
   7.5173300e+05   7.9956055e+01
   7.6250100e+05   8.9965820e+01
   7.7128600e+05   8.7768555e+01
   7.7169400e+05   7.5988770e+01
   7.7195600e+05   4.4860840e+01
   7.7264400e+05   4.0222168e+01
   7.7361900e+05   4.3273926e+01
   7.8441300e+05   3.8208008e+01
   7.8837400e+05   9.3444824e+01
   8.2176500e+05   3.7170410e+01
   8.4171400e+05   3.7902832e+01
   8.5329300e+05   3.5766602e+01
   8.8848400e+05   8.0200195e+01
   8.9138800e+05   8.9721680e+01
   8.9527300e+05   3.6132812e+01
   9.1973200e+05   8.3862305e+01
   9.3339400e+05   7.8063965e+01
   9.5683600e+05   9.6862793e+01
   9.5713100e+05   1.0351563e+02
   9.7737800e+05   3.7292480e+01
   9.9905200e+05   9.6923828e+01
   1.0107410e+06   3.5217285e+01
   1.0312380e+06   1.0510254e+02
   1.0316720e+06   6.8603516e+01
   1.0343340e+06   3.6376953e+01
   1.0376990e+06   8.3679199e+01
   1.0813820e+06   3.9428711e+01
   1.0828490e+06   1.0009766e+02
   1.0886990e+06   9.8815918e+01
   1.0888930e+06   5.7189941e+01
   1.1188120e+06   3.5522461e+01
   1.1467600e+06   8.7097168e+01
   1.1471160e+06   7.7453613e+01
   1.1478840e+06   7.5439453e+01
   1.1616110e+06   3.6560059e+01
   1.1817480e+06   8.3190918e+01
   1.2076880e+06   8.9050293e+01
   1.2079860e+06   7.4645996e+01
   1.2082580e+06   6.7077637e+01
   1.2093620e+06   5.3100586e+01
   1.2139080e+06   3.8024902e+01
   1.2584590e+06   3.8085938e+01
   1.2804610e+06   1.0205078e+02
   1.2832690e+06   7.7819824e+01
   1.2949770e+06   8.8317871e+01
   1.2951900e+06   5.5664062e+01
   1.2957540e+06   7.0800781e+01
   1.2961910e+06   5.9570312e+01
   1.3250340e+06   9.5336914e+01
   1.3255010e+06   6.8603516e+01
   1.3262690e+06   7.0678711e+01
   1.3551710e+06   8.7585449e+01
   1.3554570e+06   7.3425293e+01
   1.3556270e+06   4.7668457e+01
   1.3560410e+06   5.7922363e+01
   1.3570750e+06   5.2429199e+01
   1.3576980e+06   3.9489746e+01
   1.3824780e+06   8.5266113e+01
   1.3829830e+06   7.6477051e+01
   1.4201290e+06   1.0040283e+02
   1.4292160e+06   9.9487305e+01
   1.4297870e+06   7.5378418e+01
   1.4370160e+06   3.9123535e+01
   1.4444600e+06   9.1857910e+01
   1.4448430e+06   7.1105957e+01
   1.4558830e+06   9.1857910e+01
   1.4562350e+06   3.6193848e+01
   1.4813500e+06   3.6071777e+01
   1.5012000e+06   3.5339355e+01
   1.5198120e+06   1.0070801e+02
   1.5246790e+06   8.8073730e+01
   1.5676520e+06   1.0748291e+02
   1.5680350e+06   8.4350586e+01
   1.5683290e+06   6.6101074e+01
   1.6541770e+06   8.7097168e+01
   1.6843430e+06   1.0034180e+02
   1.6982820e+06   1.0382080e+02
   1.7071970e+06   7.9772949e+01
   1.7173480e+06   3.9611816e+01
   1.7316990e+06   9.8815918e+01
   1.7321390e+06   7.9223633e+01
   1.7322480e+06   3.5461426e+01
   1.7323290e+06   4.4738770e+01
   1.7327340e+06   6.8420410e+01
   1.7753160e+06   3.6621094e+01
   1.7769120e+06   9.1186523e+01
   1.7771040e+06   7.4035645e+01
   1.7773590e+06   5.0170898e+01
   1.7774850e+06   4.0710449e+01
   1.7776290e+06   4.4067383e+01
   1.8193820e+06   3.6865234e+01
   1.8273140e+06   8.5754395e+01
   1.8277860e+06   8.5388184e+01
   1.8280730e+06   5.3283691e+01
   1.8294490e+06   3.8879395e+01
   1.8753190e+06   3.5461426e+01
   1.8888620e+06   3.9794922e+01
   1.9176450e+06   3.5827637e+01
   2.0055180e+06   8.8500977e+01
   2.0136010e+06   9.6923828e+01
   2.0140710e+06   7.5134277e+01
   2.0475150e+06   3.8024902e+01
   2.0594870e+06   3.9184570e+01
   2.0646230e+06   3.6071777e+01
   2.0646770e+06   8.5083008e+01
   2.0649640e+06   8.5998535e+01
   2.0652350e+06   4.8889160e+01
   2.0654690e+06   3.6560059e+01
   2.0705280e+06   3.7719727e+01
   2.0707580e+06   8.2031250e+01
   2.0710310e+06   6.7443848e+01
   2.0713610e+06   3.9367676e+01
   2.0828210e+06   8.0139160e+01
   2.0945690e+06   3.7048340e+01
   2.0955550e+06   9.4604492e+01
   2.0959490e+06   7.0617676e+01
   2.0963050e+06   6.7871094e+01
   2.1270680e+06   9.5031738e+01
   2.1273640e+06   7.5500488e+01
   2.1274940e+06   3.5644531e+01
   2.1690700e+06   8.2824707e+01
   2.1895340e+06   1.0125732e+02
   2.2128780e+06   9.2346191e+01
   2.2202720e+06   3.5522461e+01
   2.2321540e+06   3.9306641e+01
   2.2476900e+06   9.4299316e+01
   2.2480010e+06   7.9223633e+01
   2.2481460e+06   3.9916992e+01
   2.2486160e+06   3.8757324e+01
   2.2491920e+06   5.6335449e+01
   2.2543980e+06   3.5278320e+01
   2.2707440e+06   3.5644531e+01
   2.2811220e+06   3.7109375e+01
   2.2873410e+06   4.0161133e+01
   2.3013800e+06   1.0131836e+02
   2.3016550e+06   8.4411621e+01
   2.3021640e+06   6.5673828e+01
   2.3029440e+06   4.1320801e+01
   2.3165930e+06   3.5644531e+01
   2.3325870e+06   8.7219238e+01
   2.3434390e+06   3.5644531e+01
   2.3507000e+06   8.3740234e+01
   2.3679690e+06   3.6987305e+01
   2.3751700e+06   1.0742188e+02
   2.3914660e+06   1.1199951e+02
   2.3925190e+06   7.8186035e+01
   2.4111710e+06   8.6242676e+01
   2.4356640e+06   4.0283203e+01
   2.4439090e+06   3.7780762e+01
   2.4489000e+06   1.0662842e+02
   2.4490330e+06   4.1198730e+01
   2.4491220e+06   7.3730469e+01
   2.4498740e+06   5.6884766e+01
   2.4503130e+06   5.5786133e+01
   2.4910620e+06   3.5644531e+01
   2.4929470e+06   8.7951660e+01
   2.4939070e+06   8.4289551e+01
   2.4941200e+06   5.4199219e+01
   2.4943160e+06   4.2907715e+01
   2.5419790e+06   9.4177246e+01
   2.5422540e+06   7.6477051e+01
   2.5426880e+06   6.2866211e+01
   2.5429220e+06   3.8330078e+01
   2.5432370e+06   3.5339355e+01
   2.5713240e+06   3.5217285e+01
   2.6029890e+06   4.0344238e+01
   2.6222140e+06   3.7841797e+01
   2.6627590e+06   9.6374512e+01
   2.6646230e+06   9.0148926e+01
   2.6874650e+06   8.7890625e+01
   2.7377480e+06   8.3984375e+01
   2.7438810e+06   9.4421387e+01
   2.7442090e+06   7.1777344e+01
   2.7655660e+06   8.6364746e+01
   2.7753960e+06   9.6496582e+01
   2.7818400e+06   3.5827637e+01
   2.7836710e+06   8.7524414e+01
   2.7842980e+06   3.6315918e+01
   2.8195170e+06   3.5705566e+01
   2.8279130e+06   9.8937988e+01
   2.8282750e+06   7.5561523e+01
   2.8286690e+06   6.0241699e+01
   2.8291130e+06   3.8574219e+01
   2.8344130e+06   3.7231445e+01
   2.8760900e+06   7.8979492e+01
   2.8764310e+06   7.6904297e+01
   2.8767040e+06   5.8105469e+01
   2.8769050e+06   3.7841797e+01
   2.8977350e+06   1.0455322e+02
   2.9153640e+06   9.2468262e+01
   2.9159330e+06   8.4411621e+01
   2.9385640e+06   3.6682129e+01
   2.9608630e+06   8.8500977e+01
   2.9617270e+06   8.2275391e+01
   2.9621800e+06   5.8532715e+01
   2.9763650e+06   3.8330078e+01
   2.9844520e+06   3.5705566e+01
   2.9962690e+06   9.1979980e+01
   3.0143400e+06   9.4177246e+01
   3.0147290e+06   7.6782227e+01
   3.0149840e+06   4.9316406e+01
   3.0155690e+06   6.7016602e+01
   3.0221340e+06   3.8635254e+01
   3.0412570e+06   3.6804199e+01
   3.0448600e+06   3.5644531e+01
   3.0479630e+06   1.0864258e+02
   3.0485740e+06   7.3364258e+01
   3.0682410e+06   8.7158203e+01
   3.0694160e+06   6.9885254e+01
   3.0696980e+06   6.3049316e+01
   3.0748890e+06   7.4523926e+01
   3.0868570e+06   4.2175293e+01
   3.1007750e+06   1.0009766e+02
   3.1010220e+06   6.7993164e+01
   3.1013610e+06   5.7006836e+01
   3.1054560e+06   3.6132812e+01
   3.1067580e+06   6.9763184e+01
   3.1443260e+06   9.0332031e+01
   3.1446750e+06   6.8786621e+01
   3.1541030e+06   8.7890625e+01
   3.1543560e+06   6.1340332e+01
   3.1546330e+06   4.9316406e+01
   3.1548300e+06   4.7119141e+01
   3.1561560e+06   5.1086426e+01
   3.1698400e+06   8.0505371e+01
   3.1911890e+06   8.5998535e+01
   3.2026590e+06   7.9040527e+01
   3.2067370e+06   8.6120605e+01
   3.2294650e+06   8.3007812e+01
   3.2299960e+06   6.7565918e+01
   3.2304400e+06   6.6650391e+01
   3.2406330e+06   3.7658691e+01
   3.2496000e+06   7.9345703e+01
   3.2499170e+06   6.4880371e+01
   3.2501880e+06   5.0598145e+01
   3.2749770e+06   9.1247559e+01
   3.2751750e+06   6.8908691e+01
   3.2753170e+06   3.6254883e+01
   3.2946090e+06   3.5217285e+01
   3.2999730e+06   8.4533691e+01
   3.3533150e+06   3.7414551e+01
   3.3541720e+06   8.7158203e+01
   3.3545510e+06   7.9345703e+01
   3.3607510e+06   9.0087891e+01
   3.3609470e+06   5.3894043e+01
   3.3916400e+06   3.6071777e+01
   3.3940700e+06   8.8684082e+01
   3.3945100e+06   7.7087402e+01
   3.4220080e+06   9.1674805e+01
   3.4400700e+06   9.9792480e+01
   3.4746070e+06   9.7290039e+01
   3.4947470e+06   8.0566406e+01
   3.5096410e+06   3.5583496e+01
   3.5375020e+06   3.6621094e+01
   3.5478920e+06   9.1918945e+01
   3.5553900e+06   3.5766602e+01
   3.5609020e+06   9.1796875e+01
   3.5611290e+06   7.3730469e+01
   3.5627640e+06   3.6560059e+01
   3.5657790e+06   3.8818359e+01
   3.6052860e+06   8.5449219e+01
   3.6055860e+06   7.2570801e+01
   3.6057490e+06   3.5339355e+01
   3.6062180e+06   3.7597656e+01
   3.6281760e+06   7.9589844e+01
   3.6539650e+06   3.5888672e+01
   3.6575620e+06   3.7658691e+01
   3.6740840e+06   9.4848633e+01
   3.6782980e+06   3.5522461e+01
   3.6926640e+06   3.5766602e+01
   3.6976980e+06   3.7414551e+01
   3.7380020e+06   9.7351074e+01
   3.7550070e+06   8.9355469e+01
   3.7850940e+06   3.5522461e+01
   3.8111040e+06   4.2724609e+01
   3.8393860e+06   9.4299316e+01
   3.8396310e+06   8.1176758e+01
   3.8398380e+06   6.7626953e+01
   3.8403660e+06   7.0617676e+01
   3.8570450e+06   3.7841797e+01
   3.8834830e+06   3.9611816e+01
   3.8951420e+06   9.4970703e+01
   3.8954270e+06   8.5693359e+01
   3.8956620e+06   4.9438477e+01
   3.8958990e+06   3.7231445e+01
   3.9302030e+06   9.8693848e+01
   3.9307680e+06   6.9335938e+01
   3.9511030e+06   1.0119629e+02
   3.9514090e+06   7.0922852e+01
   3.9516980e+06   6.2194824e+01
   3.9528490e+06   3.6560059e+01
   3.9534370e+06   4.4006348e+01
   3.9573800e+06   3.7109375e+01
   3.9697620e+06   3.5461426e+01
   3.9799550e+06   3.8024902e+01
   3.9805770e+06   9.5336914e+01
   3.9814660e+06   7.8186035e+01
   3.9819920e+06   6.3964844e+01
   4.0034090e+06   9.6069336e+01
   4.0167790e+06   9.6130371e+01
   4.0344830e+06   8.1298828e+01
   4.0346860e+06   7.0678711e+01
   4.0349380e+06   4.9011230e+01
   4.0858900e+06   8.4228516e+01
   4.0863440e+06   6.9396973e+01
   4.0870010e+06   6.7138672e+01
   4.1106250e+06   9.1796875e+01
   4.1463740e+06   9.1918945e+01
   4.1977840e+06   3.5583496e+01
   4.1979760e+06   9.5947266e+01
   4.2128680e+06   8.9599609e+01
   4.2418530e+06   3.6621094e+01
   4.2559500e+06   4.2053223e+01
   4.3354580e+06   1.0009766e+02
   4.3357350e+06   8.0261230e+01
   4.3359080e+06   5.3100586e+01
   4.3363290e+06   6.9763184e+01
   4.3367140e+06   4.2053223e+01
   4.3403600e+06   3.7719727e+01
   4.3505810e+06   7.6171875e+01
   4.3659170e+06   3.5583496e+01
   4.3751880e+06   9.2224121e+01
   4.3945550e+06   3.6804199e+01
   4.4169640e+06   3.6132812e+01
   4.4306010e+06   3.6071777e+01
   4.4616030e+06   3.8208008e+01
   4.4639810e+06   4.0161133e+01
   4.4650390e+06   9.9365234e+01
   4.4752780e+06   3.9001465e+01
   4.4912500e+06   8.2641602e+01
   4.4919070e+06   8.3557129e+01
   4.5257760e+06   8.1359863e+01
   4.5547150e+06   9.1308594e+01
   4.5549860e+06   7.8125000e+01
   4.5551850e+06   5.3039551e+01
   4.5555830e+06   5.8166504e+01
   4.5560490e+06   4.3518066e+01
   4.5717730e+06   3.5766602e+01
   4.5970330e+06   3.7414551e+01
   4.6026840e+06   1.0552979e+02
   4.6030500e+06   8.6547852e+01
   4.6037380e+06   6.8664551e+01
   4.6287280e+06   4.0039062e+01
   4.6306630e+06   3.6376953e+01
   4.6335820e+06   8.1665039e+01
   4.6500370e+06   8.2336426e+01
   4.6505590e+06   7.8308105e+01
   4.6508390e+06   6.5063477e+01
   4.6510180e+06   4.1137695e+01
   4.6679310e+06   3.5461426e+01
   4.6781080e+06   3.5949707e+01
   4.6947790e+06   9.3811035e+01
   4.6953850e+06   9.8388672e+01
   4.6956190e+06   7.1594238e+01
   4.7096210e+06   3.7841797e+01
   4.7195800e+06   8.2275391e+01
   4.7198940e+06   7.1777344e+01
   4.7202590e+06   5.1818848e+01
   4.7205570e+06   4.9255371e+01
   4.7210150e+06   3.9916992e+01
   4.7217740e+06   3.7658691e+01
   4.7683070e+06   9.5581055e+01
   4.7843390e+06   9.4116211e+01
   4.7912530e+06   9.1430664e+01
   4.7915930e+06   8.1054688e+01
   4.7917310e+06   3.9306641e+01
   4.7921980e+06   7.0922852e+01
   4.8279670e+06   9.8388672e+01
   4.8288160e+06   8.1420898e+01
   4.8511900e+06   9.4665527e+01
   4.8517640e+06   8.0505371e+01
   4.8523810e+06   6.5795898e+01
   4.8701580e+06   3.8513184e+01
   4.8741410e+06   8.4594727e+01
   4.8863220e+06   9.0393066e+01
   4.8866330e+06   6.6406250e+01
   4.9483400e+06   9.0637207e+01
   4.9492050e+06   7.9162598e+01
   5.0274920e+06   9.8327637e+01
   5.0280420e+06   8.6242676e+01
   5.0452690e+06   9.5092773e+01
   5.0533500e+06   8.8317871e+01
   5.0810790e+06   4.2480469e+01
   5.0867000e+06   8.8928223e+01
   5.1049040e+06   8.5021973e+01
   5.1050250e+06   5.0964355e+01
   5.1052380e+06   5.7128906e+01
   5.1054640e+06   5.0781250e+01
   5.1438760e+06   3.9245605e+01
   5.1505970e+06   8.8317871e+01
   5.1510070e+06   8.2641602e+01
   5.1760330e+06   8.0871582e+01
   5.1769280e+06   8.2763672e+01
   5.2084450e+06   9.4909668e+01
   5.2367100e+06   9.8815918e+01
   5.2369570e+06   9.1918945e+01
   5.2370790e+06   3.6437988e+01
   5.2373680e+06   3.5644531e+01
   5.2686600e+06   3.9001465e+01
   5.2854640e+06   8.7646484e+01
   5.2864540e+06   8.7219238e+01
   5.2867040e+06   6.3537598e+01
   5.2878870e+06   4.4860840e+01
   5.3130530e+06   3.7780762e+01
   5.3204250e+06   3.7780762e+01
   5.3330570e+06   3.9306641e+01
   5.3349180e+06   9.4299316e+01
   5.3555990e+06   9.5336914e+01
   5.3632700e+06   9.0637207e+01
   5.3639220e+06   7.5988770e+01
   5.3732250e+06   8.9111328e+01
   5.3734630e+06   6.7443848e+01
   5.3740450e+06   8.0444336e+01
   5.3745940e+06   6.9580078e+01
   5.3749090e+06   5.1635742e+01
   5.3754990e+06   3.6804199e+01
   5.4024350e+06   9.6984863e+01
   5.4034700e+06   8.0444336e+01
   5.4038880e+06   7.3059082e+01
   5.4078330e+06   3.6132812e+01
   5.4183160e+06   8.8745117e+01
   5.4184990e+06   6.2316895e+01
   5.4187450e+06   4.8950195e+01
   5.4202620e+06   4.3823242e+01
   5.4206380e+06   3.8391113e+01
   5.4405200e+06   8.7524414e+01
   5.4408760e+06   7.0129395e+01
   5.4410640e+06   4.4921875e+01
   5.4413780e+06   5.6457520e+01
   5.4419040e+06   3.9062500e+01
   5.4425510e+06   3.9367676e+01
   5.4635480e+06   8.8195801e+01
   5.4648560e+06   8.5021973e+01
   5.4657890e+06   3.6865234e+01
   5.4807770e+06   8.6303711e+01
   5.4810180e+06   6.9091797e+01
   5.5138920e+06   9.3261719e+01
   5.5142410e+06   7.5683594e+01
   5.5144010e+06   3.8024902e+01
   5.5147680e+06   6.5917969e+01
   5.5150980e+06   5.4687500e+01
   5.5154030e+06   4.3823242e+01
   5.5483020e+06   8.8989258e+01
   5.5486220e+06   7.4340820e+01
   5.5488410e+06   5.4016113e+01
   5.5490970e+06   4.2114258e+01
   5.5493110e+06   4.0527344e+01
   5.5500910e+06   3.8635254e+01
   5.5969470e+06   1.0388184e+02
   5.5973250e+06   3.8879395e+01
   5.5975540e+06   5.9570312e+01
   5.5977470e+06   4.0771484e+01
   5.5979850e+06   4.0954590e+01
   5.5988120e+06   5.8471680e+01
   5.6006690e+06   3.7475586e+01
   5.6029750e+06   3.6743164e+01
   5.6182320e+06   8.3435059e+01
   5.6353360e+06   3.9855957e+01
   5.6442540e+06   3.6010742e+01
   5.6789510e+06   8.5449219e+01
   5.6793480e+06   7.6660156e+01
   5.6946110e+06   8.5754395e+01
   5.6948870e+06   7.5927734e+01
   5.6952430e+06   6.0791016e+01
   5.6955370e+06   5.0720215e+01
   5.6960140e+06   5.7800293e+01
   5.6963180e+06   4.0161133e+01
   5.7029780e+06   4.2663574e+01
   5.7116400e+06   3.8574219e+01
   5.9128320e+06   8.8439941e+01
   5.9383210e+06   3.6560059e+01
   5.9404460e+06   3.8513184e+01
   5.9410610e+06   9.0393066e+01
   5.9412690e+06   3.6804199e+01
   5.9415880e+06   7.3181152e+01
   5.9540030e+06   3.6376953e+01
   5.9796550e+06   3.6682129e+01
   5.9898840e+06   3.5888672e+01
   5.9899850e+06   9.3200684e+01
   5.9904260e+06   8.0200195e+01
   6.0275930e+06   3.9245605e+01
   6.0284340e+06   9.1491699e+01
   6.0347880e+06   8.4106445e+01
   6.0587060e+06   9.7106934e+01
   6.0636890e+06   3.9794922e+01
   6.0641010e+06   1.0229492e+02
   6.1087390e+06   5.3222656e+01
   6.1522500e+06   9.0515137e+01
   6.1604390e+06   9.8571777e+01
   6.1619110e+06   3.5522461e+01
   6.2125140e+06   3.9489746e+01
   6.2214870e+06   1.0455322e+02
   6.2217110e+06   5.4443359e+01
   6.2218650e+06   4.9621582e+01
   6.2228080e+06   6.5490723e+01
   6.2459950e+06   3.6376953e+01
   6.3344620e+06   3.5217285e+01
   6.3461340e+06   8.3435059e+01
   6.3652270e+06   9.9365234e+01
   6.3658830e+06   3.5949707e+01
   6.3661430e+06   8.5083008e+01
   6.3663460e+06   3.5217285e+01
   6.3663750e+06   7.7453613e+01
   6.3677710e+06   3.9245605e+01
   6.3998400e+06   3.5217285e+01
   6.4083080e+06   3.7597656e+01
   6.4109510e+06   1.0162354e+02
   6.4114900e+06   7.9467773e+01
   6.4121350e+06   8.4594727e+01
   6.4123180e+06   5.0964355e+01
   6.4126420e+06   5.9387207e+01
   6.4139260e+06   6.5185547e+01
   6.4261700e+06   3.7353516e+01
   6.4581360e+06   4.0771484e+01
   6.4609420e+06   9.3200684e+01
   6.4615340e+06   7.9528809e+01
   6.4620410e+06   7.1716309e+01
   6.5081470e+06   3.7841797e+01
   6.5105760e+06   9.3444824e+01
   6.5256690e+06   3.8085938e+01
   6.5784490e+06   3.5217285e+01
   6.5994750e+06   1.0565186e+02
   6.5997430e+06   8.3129883e+01
   6.6003010e+06   8.4655762e+01
   6.6257320e+06   3.7109375e+01
   6.6529490e+06   3.6499023e+01
   6.6635510e+06   9.7351074e+01
   6.6638040e+06   8.1481934e+01
   6.6639770e+06   5.3161621e+01
   6.6644210e+06   5.8898926e+01
   6.6741410e+06   3.5339355e+01
   6.6959820e+06   9.2224121e+01
   6.6963060e+06   9.2834473e+01
   6.6968590e+06   7.8308105e+01
   6.7021820e+06   3.7414551e+01
   6.7254720e+06   9.0576172e+01
   6.7638110e+06   3.9611816e+01
   6.7713270e+06   3.8574219e+01
   6.8253770e+06   9.9182129e+01
   6.8254450e+06   3.9001465e+01
   6.8258330e+06   9.2163086e+01
   6.8624440e+06   3.6132812e+01
   6.8678990e+06   1.0021973e+02
   6.8683090e+06   8.7158203e+01
   6.8955890e+06   9.9365234e+01
   6.8969210e+06   8.7463379e+01
   6.8972260e+06   7.5317383e+01
   6.8977130e+06   7.0861816e+01
   6.9316630e+06   3.5400391e+01
   6.9473970e+06   3.5461426e+01
   6.9507000e+06   3.8452148e+01
   6.9524250e+06   9.1613770e+01
   6.9526340e+06   1.0290527e+02
   6.9690220e+06   3.8208008e+01
   6.9813030e+06   3.6987305e+01
   6.9912930e+06   3.5400391e+01
   7.0053320e+06   3.6193848e+01
   7.0145520e+06   3.8085938e+01
   7.0318660e+06   1.0046387e+02
   7.0741590e+06   3.8574219e+01
   7.1143190e+06   8.9416504e+01
   7.1511920e+06   3.6254883e+01
   7.2263260e+06   9.1918945e+01
   7.2369610e+06   8.6853027e+01
   7.2824410e+06   3.8757324e+01
   7.2883700e+06   9.9609375e+01
   7.3538850e+06   3.5583496e+01
   7.3627300e+06   9.0087891e+01
   7.3632560e+06   9.1003418e+01
   7.3895260e+06   9.1003418e+01
   7.3896760e+06   8.0078125e+01
   7.3898920e+06   5.9448242e+01
   7.3901190e+06   4.0893555e+01
   7.4119480e+06   9.0087891e+01
   7.4373880e+06   3.6987305e+01
   7.4384240e+06   3.6865234e+01
   7.4392810e+06   9.3566895e+01
   7.4393280e+06   3.5522461e+01
   7.4400780e+06   9.1918945e+01
   7.4404560e+06   7.5561523e+01
   7.4406520e+06   5.1269531e+01
   7.4659420e+06   3.6682129e+01
   7.4713300e+06   9.8937988e+01
   7.4720360e+06   9.6496582e+01
   7.4786220e+06   1.0144043e+02
   7.4933300e+06   3.6499023e+01
   7.4970150e+06   9.8876953e+01
   7.4975110e+06   1.0626221e+02
   7.4978020e+06   3.8024902e+01
   7.4979470e+06   7.2082520e+01
   7.5249490e+06   3.6254883e+01
   7.5338480e+06   3.5461426e+01
   7.5534910e+06   9.7106934e+01
   7.5859830e+06   9.6252441e+01
   7.5869680e+06   8.4045410e+01
   7.6876180e+06   3.5278320e+01
   7.7027770e+06   9.1064453e+01
   7.7304490e+06   3.9672852e+01
   7.7462850e+06   3.7597656e+01
   7.7493120e+06   9.5642090e+01
   7.7511510e+06   3.7170410e+01
   7.7714410e+06   3.6254883e+01
   7.7739710e+06   3.7536621e+01
   7.7922500e+06   3.8696289e+01
   7.7987250e+06   3.6376953e+01
   7.8082010e+06   1.0028076e+02
   7.8358720e+06   3.5461426e+01
   7.8487310e+06   9.0209961e+01
   7.8586040e+06   3.9733887e+01
   7.8655340e+06   9.0637207e+01
   7.8666710e+06   8.7646484e+01
   7.8843570e+06   9.6496582e+01
   7.8986000e+06   3.5522461e+01
   7.9165240e+06   3.6010742e+01
   7.9425440e+06   3.6254883e+01
   7.9450100e+06   3.9245605e+01
   7.9954840e+06   3.7109375e+01
   8.0244830e+06   3.8635254e+01
   8.0783900e+06   3.7536621e+01
   8.1142480e+06   3.8879395e+01
   8.1235890e+06   9.8510742e+01
   8.1243900e+06   3.6865234e+01
   8.1246050e+06   8.4960938e+01
   8.1249360e+06   7.0251465e+01
   8.1527240e+06   9.8815918e+01
   8.1789900e+06   1.0406494e+02
   8.1795830e+06   8.6730957e+01
   8.1798840e+06   9.0942383e+01
   8.1809950e+06   3.6804199e+01
   8.1959070e+06   3.7963867e+01
   8.2361450e+06   9.8571777e+01
   8.2669690e+06   3.6499023e+01
   8.2711960e+06   3.6499023e+01
   8.2806680e+06   3.6071777e+01
   8.2815970e+06   4.3273926e+01
   8.2820330e+06   9.8876953e+01
   8.2828140e+06   9.8083496e+01
   8.2832400e+06   7.7941895e+01
   8.3271030e+06   3.7292480e+01
   8.3348320e+06   1.0668945e+02
   8.3561940e+06   3.7048340e+01
   8.3906230e+06   9.5397949e+01
   8.3912130e+06   8.3557129e+01
   8.3990310e+06   3.5522461e+01
   8.4031380e+06   3.7597656e+01
   8.4377770e+06   3.8513184e+01
   8.4524440e+06   3.6804199e+01
   8.4619960e+06   3.5949707e+01
   8.4671470e+06   3.5339355e+01
   8.4727480e+06   4.0100098e+01
   8.6026850e+06   3.7170410e+01
   8.6197890e+06   3.7475586e+01
   8.6523680e+06   1.0345459e+02
   8.7090810e+06   3.7475586e+01
   8.7195230e+06   4.0161133e+01
   8.7486020e+06   3.8269043e+01
   8.7526120e+06   4.0710449e+01
   8.8115650e+06   3.6865234e+01
   8.8169080e+06   3.5339355e+01
   8.8176470e+06   4.3762207e+01
   8.8181630e+06   9.8571777e+01
   8.8458160e+06   3.6926270e+01
   8.8543110e+06   3.7536621e+01
   8.8859620e+06   3.6376953e+01
   8.8871820e+06   3.6682129e+01
   8.8993680e+06   3.6010742e+01
   8.9429040e+06   3.9855957e+01
   8.9466360e+06   3.5217285e+01
   8.9493620e+06   1.0522461e+02
   8.9496870e+06   8.7646484e+01
   8.9653790e+06   3.6560059e+01
   8.9806480e+06   3.6193848e+01
   8.9853340e+06   3.7719727e+01
   8.9853630e+06   9.8693848e+01
   8.9857350e+06   9.1613770e+01
   8.9859250e+06   7.0800781e+01
   8.9861430e+06   6.5185547e+01
   8.9865030e+06   8.6547852e+01
