   8.9990000e+06   0.0000000e+00
   1.6468800e+05   3.4545898e+01
   1.9159300e+05   3.4301758e+01
   4.8094200e+05   3.3630371e+01
   5.3798800e+05   3.3996582e+01
   8.9353800e+05   3.3752441e+01
   1.8280060e+06   3.4851074e+01
   2.1176100e+06   3.3874512e+01
   2.3957480e+06   3.4362793e+01
   2.4021290e+06   3.5522461e+01
   2.4530110e+06   3.6071777e+01
   2.6306080e+06   3.4240723e+01
   3.1564610e+06   3.3630371e+01
   5.2671580e+06   3.5156250e+01
   5.3820640e+06   3.3508301e+01
   5.4434670e+06   3.6804199e+01
   5.5456030e+06   3.3630371e+01
   6.0377550e+06   3.5400391e+01
   6.0430760e+06   3.4057617e+01
   6.2213320e+06   3.3691406e+01
   7.6715150e+06   3.3996582e+01
   7.7366710e+06   3.4240723e+01
   8.0529940e+06   3.3630371e+01
   8.1868870e+06   3.3691406e+01
   8.8797770e+06   3.5034180e+01
