   8.9990000e+06   0.0000000e+00
   6.6000000e+01   3.7963867e+01
   1.5197000e+04   3.6254883e+01
   3.8946000e+04   3.7048340e+01
   4.6754000e+04   3.5766602e+01
   5.8859000e+04   3.5217285e+01
   7.7215000e+04   3.6437988e+01
   1.1549500e+05   3.5400391e+01
   1.1642100e+05   4.2846680e+01
   1.2285000e+05   3.7170410e+01
   1.3123200e+05   3.4729004e+01
   1.3415900e+05   3.5400391e+01
   1.6291500e+05   4.1198730e+01
   1.8410100e+05   3.5034180e+01
   2.0490100e+05   3.7414551e+01
   2.1480200e+05   3.6071777e+01
   2.2605600e+05   3.9428711e+01
   2.4121900e+05   3.6499023e+01
   2.4468000e+05   3.5156250e+01
   2.5932600e+05   3.6865234e+01
   2.7597700e+05   3.7048340e+01
   2.8387700e+05   3.5095215e+01
   3.0181100e+05   3.6804199e+01
   3.0731500e+05   3.6804199e+01
   3.2737200e+05   4.3457031e+01
   3.3594000e+05   3.7231445e+01
   3.4201900e+05   4.1625977e+01
   3.5781500e+05   4.1931152e+01
   3.6812200e+05   3.7109375e+01
   3.9279400e+05   3.5461426e+01
   4.4992600e+05   3.5156250e+01
   4.5332600e+05   3.5095215e+01
   4.5568800e+05   3.6499023e+01
   4.8532700e+05   3.5339355e+01
   5.1201000e+05   3.6743164e+01
   5.1749400e+05   3.5156250e+01
   5.4196300e+05   3.5888672e+01
   5.5088200e+05   4.0405273e+01
   5.6954400e+05   4.0954590e+01
   6.2272700e+05   3.5278320e+01
   6.4093400e+05   3.5461426e+01
   6.4467100e+05   3.5339355e+01
   6.5274400e+05   4.1015625e+01
   6.6908500e+05   3.6865234e+01
   7.0905500e+05   3.6560059e+01
   7.8642800e+05   3.4973145e+01
   8.0177700e+05   3.5400391e+01
   8.2727700e+05   3.5522461e+01
   8.5524100e+05   3.5278320e+01
   8.6403800e+05   3.7841797e+01
   9.0683400e+05   3.6682129e+01
   9.1717200e+05   3.5827637e+01
   9.7297100e+05   4.0039062e+01
   1.0102040e+06   3.5583496e+01
   1.0221230e+06   3.4851074e+01
   1.0323660e+06   3.5949707e+01
   1.0386640e+06   3.7048340e+01
   1.0496310e+06   3.7353516e+01
   1.0918590e+06   3.6071777e+01
   1.1054760e+06   3.5461426e+01
   1.1105080e+06   3.6987305e+01
   1.1156390e+06   3.7109375e+01
   1.1297450e+06   3.5522461e+01
   1.1495730e+06   3.4667969e+01
   1.1518010e+06   3.6743164e+01
   1.1802020e+06   3.4912109e+01
   1.2100840e+06   4.2663574e+01
   1.2192020e+06   3.5339355e+01
   1.2225570e+06   3.6621094e+01
   1.2490320e+06   3.5034180e+01
   1.2574500e+06   3.5522461e+01
   1.2958530e+06   3.4851074e+01
   1.3201990e+06   3.7963867e+01
   1.3252880e+06   3.4667969e+01
   1.3297160e+06   3.6132812e+01
   1.3511540e+06   3.8757324e+01
   1.3573150e+06   3.5827637e+01
   1.3581410e+06   3.5400391e+01
   1.3586400e+06   3.4667969e+01
   1.3747000e+06   3.6193848e+01
   1.4217010e+06   3.4606934e+01
   1.4238560e+06   3.4912109e+01
   1.4393570e+06   3.9978027e+01
   1.4561560e+06   3.6010742e+01
   1.4574900e+06   3.5888672e+01
   1.4595320e+06   3.5644531e+01
   1.4876400e+06   3.5644531e+01
   1.5031690e+06   3.9489746e+01
   1.5145000e+06   3.5461426e+01
   1.5265600e+06   3.5278320e+01
   1.5583320e+06   3.9550781e+01
   1.5683200e+06   3.7719727e+01
   1.5748620e+06   3.7231445e+01
   1.5925320e+06   3.5278320e+01
   1.6026170e+06   3.4790039e+01
   1.6051730e+06   3.7780762e+01
   1.6266770e+06   3.7719727e+01
   1.6445380e+06   3.4667969e+01
   1.6540200e+06   3.5766602e+01
   1.6595530e+06   3.5827637e+01
   1.6598850e+06   4.4860840e+01
   1.6779600e+06   4.0039062e+01
   1.6859860e+06   3.4667969e+01
   1.6914150e+06   4.2114258e+01
   1.7410140e+06   3.5339355e+01
   1.7623100e+06   3.7292480e+01
   1.7688110e+06   3.6621094e+01
   1.7708540e+06   3.6682129e+01
   1.7779460e+06   4.1748047e+01
   1.7823400e+06   5.2917480e+01
   1.7971180e+06   3.6437988e+01
   1.8125460e+06   3.5095215e+01
   1.8283720e+06   3.5400391e+01
   1.8369490e+06   3.7597656e+01
   1.8452790e+06   3.4912109e+01
   1.8664680e+06   3.7536621e+01
   1.8860120e+06   3.6010742e+01
   1.9043130e+06   3.5217285e+01
   1.9119710e+06   3.9123535e+01
   1.9139900e+06   3.8574219e+01
   1.9343950e+06   4.2175293e+01
   1.9536820e+06   4.1931152e+01
   1.9636130e+06   3.7353516e+01
   1.9720500e+06   4.0039062e+01
   1.9816480e+06   3.6560059e+01
   1.9866580e+06   3.6560059e+01
   1.9901370e+06   3.4729004e+01
   1.9963830e+06   3.7414551e+01
   1.9989310e+06   3.5583496e+01
   2.0101440e+06   3.6560059e+01
   2.0238460e+06   4.0710449e+01
   2.0329150e+06   3.4729004e+01
   2.0435610e+06   4.1076660e+01
   2.0491650e+06   3.7170410e+01
   2.0585660e+06   3.7414551e+01
   2.0644380e+06   3.4790039e+01
   2.0870880e+06   3.7658691e+01
   2.0921270e+06   3.7292480e+01
   2.0961210e+06   3.8635254e+01
   2.1057810e+06   3.6437988e+01
   2.1182920e+06   3.5461426e+01
   2.1479170e+06   3.4790039e+01
   2.1737540e+06   4.1076660e+01
   2.1823750e+06   3.9428711e+01
   2.1914790e+06   3.7536621e+01
   2.2054020e+06   4.2053223e+01
   2.2426850e+06   3.5339355e+01
   2.2502220e+06   3.5156250e+01
   2.2615090e+06   3.6621094e+01
   2.2692180e+06   3.4729004e+01
   2.2898570e+06   3.7231445e+01
   2.2985960e+06   3.5949707e+01
   2.3325080e+06   3.9733887e+01
   2.3346780e+06   3.4851074e+01
   2.3405230e+06   3.4851074e+01
   2.3606230e+06   3.7414551e+01
   2.3726530e+06   3.8330078e+01
   2.3762600e+06   3.4667969e+01
   2.3955580e+06   3.6560059e+01
   2.4011340e+06   3.7658691e+01
   2.4188730e+06   3.5583496e+01
   2.4321550e+06   3.5095215e+01
   2.4373870e+06   3.5461426e+01
   2.4761000e+06   3.7048340e+01
   2.4818110e+06   3.6010742e+01
   2.4853850e+06   3.4973145e+01
   2.4975760e+06   3.4729004e+01
   2.5080740e+06   3.7109375e+01
   2.5156130e+06   3.6315918e+01
   2.5301910e+06   4.0344238e+01
   2.5370500e+06   3.6804199e+01
   2.5559330e+06   3.4729004e+01
   2.5661250e+06   3.6682129e+01
   2.5686150e+06   4.1503906e+01
   2.5806260e+06   3.6560059e+01
   2.5835090e+06   3.5278320e+01
   2.5986840e+06   3.8208008e+01
   2.6071620e+06   3.8146973e+01
   2.6224500e+06   3.6743164e+01
   2.6420210e+06   3.5339355e+01
   2.6444820e+06   3.4667969e+01
   2.6515800e+06   3.5339355e+01
   2.6642940e+06   3.8391113e+01
   2.6836710e+06   4.0283203e+01
   2.6889720e+06   3.7841797e+01
   2.7036350e+06   3.6376953e+01
   2.7081430e+06   3.9733887e+01
   2.7180440e+06   3.6071777e+01
   2.7633820e+06   3.5949707e+01
   2.7724550e+06   3.7475586e+01
   2.7793910e+06   4.6630859e+01
   2.7888300e+06   3.6193848e+01
   2.7966360e+06   3.7109375e+01
   2.8062800e+06   3.7841797e+01
   2.8134170e+06   3.6254883e+01
   2.8342560e+06   3.6987305e+01
   2.8561530e+06   3.8452148e+01
   2.8698530e+06   3.6560059e+01
   2.8741770e+06   4.4067383e+01
   2.8839960e+06   3.5766602e+01
   2.8925030e+06   3.5583496e+01
   2.9142300e+06   3.7231445e+01
   2.9259010e+06   3.6254883e+01
   2.9382960e+06   3.5034180e+01
   2.9513610e+06   4.0588379e+01
   2.9538700e+06   3.6437988e+01
   2.9644600e+06   3.6376953e+01
   2.9700970e+06   3.4851074e+01
   2.9831540e+06   4.3212891e+01
   2.9856060e+06   3.7292480e+01
   2.9897680e+06   3.5400391e+01
   2.9999500e+06   4.1809082e+01
   3.0099990e+06   3.7170410e+01
   3.0269970e+06   3.9062500e+01
   3.0294360e+06   3.4790039e+01
   3.0598620e+06   3.7353516e+01
   3.0682750e+06   3.6071777e+01
   3.0732000e+06   3.4973145e+01
   3.0782950e+06   3.7536621e+01
   3.0910140e+06   3.8757324e+01
   3.0967100e+06   3.5644531e+01
   3.1065860e+06   4.0405273e+01
   3.1218560e+06   3.5156250e+01
   3.1282580e+06   3.7658691e+01
   3.1503800e+06   3.5583496e+01
   3.1560160e+06   3.5583496e+01
   3.1592890e+06   4.2297363e+01
   3.1615190e+06   3.8391113e+01
   3.1722900e+06   3.7414551e+01
   3.1811310e+06   3.7597656e+01
   3.1864830e+06   3.6560059e+01
   3.1932840e+06   3.4790039e+01
   3.1971040e+06   3.7170410e+01
   3.2062440e+06   3.6254883e+01
   3.2232600e+06   4.5837402e+01
   3.2348510e+06   3.6315918e+01
   3.2461520e+06   3.5644531e+01
   3.2497810e+06   3.6804199e+01
   3.2574480e+06   3.4790039e+01
   3.2678170e+06   3.4790039e+01
   3.2780590e+06   3.4606934e+01
   3.2824460e+06   3.9672852e+01
   3.2846900e+06   3.5095215e+01
   3.2934280e+06   3.5034180e+01
   3.3002250e+06   3.6804199e+01
   3.3069280e+06   3.7536621e+01
   3.3146800e+06   3.5156250e+01
   3.3159180e+06   3.8391113e+01
   3.3224890e+06   3.8452148e+01
   3.3247110e+06   3.5217285e+01
   3.3322000e+06   3.5278320e+01
   3.3467320e+06   4.0832520e+01
   3.3502570e+06   3.9001465e+01
   3.3709500e+06   3.4851074e+01
   3.3991970e+06   3.8391113e+01
   3.4064260e+06   3.6315918e+01
   3.4088640e+06   3.5278320e+01
   3.4223120e+06   4.0283203e+01
   3.4628590e+06   3.4790039e+01
   3.4660580e+06   3.4667969e+01
   3.4683240e+06   4.4799805e+01
   3.4934680e+06   4.4799805e+01
   3.4955730e+06   3.6804199e+01
   3.4989740e+06   3.4667969e+01
   3.5011870e+06   3.6621094e+01
   3.5117310e+06   3.8513184e+01
   3.5140400e+06   3.7841797e+01
   3.5225120e+06   3.7719727e+01
   3.5432910e+06   3.6315918e+01
   3.5516030e+06   3.5156250e+01
   3.5604060e+06   4.0832520e+01
   3.5739690e+06   3.8391113e+01
   3.5811400e+06   3.9794922e+01
   3.5847930e+06   4.0954590e+01
   3.5888870e+06   3.7902832e+01
   3.5892760e+06   3.4790039e+01
   3.6033020e+06   4.3945312e+01
   3.6056430e+06   3.6499023e+01
   3.6090990e+06   3.5644531e+01
   3.6174710e+06   3.9245605e+01
   3.6223690e+06   3.4729004e+01
   3.6348250e+06   3.6132812e+01
   3.6379700e+06   3.7536621e+01
   3.6665200e+06   3.5339355e+01
   3.6686310e+06   3.8208008e+01
   3.6722120e+06   3.6682129e+01
   3.6766130e+06   3.6071777e+01
   3.7026510e+06   3.7292480e+01
   3.7080830e+06   4.0405273e+01
   3.7092080e+06   3.5034180e+01
   3.7108780e+06   3.8879395e+01
   3.7278840e+06   3.5034180e+01
   3.7374400e+06   4.0649414e+01
   3.7453680e+06   4.0344238e+01
   3.7628130e+06   3.8574219e+01
   3.7653280e+06   3.4729004e+01
   3.7698550e+06   3.7048340e+01
   3.7939570e+06   3.6926270e+01
   3.7963420e+06   3.5095215e+01
   3.8050930e+06   3.6254883e+01
   3.8073390e+06   3.5522461e+01
   3.8311210e+06   3.7353516e+01
   3.8393180e+06   3.8208008e+01
   3.8459720e+06   3.6621094e+01
   3.8549450e+06   3.7292480e+01
   3.8567820e+06   3.6132812e+01
   3.8602000e+06   3.6743164e+01
   3.8643770e+06   4.1381836e+01
   3.8734550e+06   3.6804199e+01
   3.8915510e+06   3.5156250e+01
   3.8974970e+06   3.6865234e+01
   3.9210950e+06   3.6682129e+01
   3.9304610e+06   3.6560059e+01
   3.9307570e+06   4.4067383e+01
   3.9442050e+06   3.4851074e+01
   3.9512230e+06   3.6560059e+01
   3.9556960e+06   3.5888672e+01
   3.9588360e+06   4.0100098e+01
   3.9604510e+06   3.5339355e+01
   3.9759650e+06   3.9855957e+01
   3.9879950e+06   3.9184570e+01
   3.9974160e+06   3.5400391e+01
   4.0019540e+06   4.0893555e+01
   4.0148950e+06   3.6193848e+01
   4.0171830e+06   3.9184570e+01
   4.0209310e+06   4.0283203e+01
   4.0348560e+06   3.8330078e+01
   4.0395140e+06   3.5644531e+01
   4.0475730e+06   3.7170410e+01
   4.0655940e+06   3.8696289e+01
   4.0805470e+06   3.5156250e+01
   4.0915840e+06   3.9672852e+01
   4.0938550e+06   4.0100098e+01
   4.1012560e+06   3.6987305e+01
   4.1178710e+06   3.5522461e+01
   4.1331310e+06   4.1259766e+01
   4.1468910e+06   4.2358398e+01
   4.1634980e+06   4.2663574e+01
   4.1805300e+06   4.0649414e+01
   4.1847110e+06   3.9306641e+01
   4.1894180e+06   4.0710449e+01
   4.1967090e+06   3.5217285e+01
   4.2120560e+06   3.6254883e+01
   4.2197690e+06   3.7170410e+01
   4.2377330e+06   3.8269043e+01
   4.2522050e+06   3.5949707e+01
   4.2553200e+06   3.4606934e+01
   4.2674280e+06   3.6254883e+01
   4.2828310e+06   3.7231445e+01
   4.2857180e+06   3.8146973e+01
   4.3083350e+06   4.0710449e+01
   4.3168940e+06   3.7170410e+01
   4.3286840e+06   3.5461426e+01
   4.3396160e+06   3.7719727e+01
   4.3442930e+06   3.9489746e+01
   4.3456660e+06   4.1137695e+01
   4.3610540e+06   4.1259766e+01
   4.3655080e+06   3.7109375e+01
   4.3703130e+06   3.7109375e+01
   4.3814810e+06   3.9123535e+01
   4.3903720e+06   3.6437988e+01
   4.3999360e+06   3.4606934e+01
   4.4015770e+06   3.9489746e+01
   4.4122840e+06   3.4606934e+01
   4.4164080e+06   3.6071777e+01
   4.4227670e+06   3.7719727e+01
   4.4277120e+06   3.9062500e+01
   4.4378100e+06   3.7292480e+01
   4.4403750e+06   3.5522461e+01
   4.4421350e+06   3.5278320e+01
   4.4609870e+06   3.4606934e+01
   4.4702210e+06   3.5095215e+01
   4.4715580e+06   3.4973145e+01
   4.4754090e+06   4.0710449e+01
   4.4803020e+06   3.6254883e+01
   4.4890890e+06   3.6254883e+01
   4.4999860e+06   3.7658691e+01
   4.5088150e+06   3.4851074e+01
   4.5168370e+06   3.5339355e+01
   4.5275270e+06   3.8391113e+01
   4.5330450e+06   3.4851074e+01
   4.5359980e+06   3.5583496e+01
   4.5390600e+06   3.6499023e+01
   4.5620650e+06   3.6315918e+01
   4.5700420e+06   3.4790039e+01
   4.5781030e+06   3.4851074e+01
   4.6005270e+06   3.6926270e+01
   4.6183930e+06   3.4973145e+01
   4.6273490e+06   3.6193848e+01
   4.6340360e+06   4.0527344e+01
   4.6479010e+06   3.8574219e+01
   4.6517010e+06   3.5095215e+01
   4.6594870e+06   3.7719727e+01
   4.6637610e+06   3.9550781e+01
   4.6794700e+06   3.5827637e+01
   4.6831490e+06   3.6926270e+01
   4.6954020e+06   3.6132812e+01
   4.7032380e+06   3.4606934e+01
   4.7146830e+06   3.7170410e+01
   4.7214820e+06   4.1137695e+01
   4.7397150e+06   3.6987305e+01
   4.7572110e+06   3.6804199e+01
   4.7594510e+06   3.8818359e+01
   4.7663160e+06   3.5766602e+01
   4.7802040e+06   3.7048340e+01
   4.7901630e+06   3.7170410e+01
   4.8076200e+06   3.7353516e+01
   4.8087200e+06   3.6560059e+01
   4.8245120e+06   4.0100098e+01
   4.8287040e+06   3.8269043e+01
   4.8323990e+06   3.7780762e+01
   4.8445420e+06   3.7231445e+01
   4.8524030e+06   3.4729004e+01
   4.8561120e+06   3.9306641e+01
   4.8677930e+06   4.0710449e+01
   4.8708240e+06   3.9245605e+01
   4.8799390e+06   3.4606934e+01
   4.8866320e+06   3.7963867e+01
   4.8947050e+06   3.9672852e+01
   4.9017500e+06   3.8330078e+01
   4.9044350e+06   3.6987305e+01
   4.9405490e+06   3.6071777e+01
   4.9492570e+06   3.9062500e+01
   4.9559690e+06   3.4851074e+01
   4.9585640e+06   3.8879395e+01
   4.9652030e+06   3.5827637e+01
   4.9722020e+06   3.7719727e+01
   4.9831690e+06   3.6193848e+01
   4.9935860e+06   3.6987305e+01
   4.9998830e+06   3.4851074e+01
   5.0000210e+06   3.6499023e+01
   5.0038060e+06   4.1381836e+01
   5.0098100e+06   3.5034180e+01
   5.0130980e+06   3.7231445e+01
   5.0248360e+06   3.7597656e+01
   5.0277840e+06   3.5400391e+01
   5.0308770e+06   3.4912109e+01
   5.0468670e+06   3.7780762e+01
   5.0621830e+06   3.7414551e+01
   5.0664070e+06   3.6743164e+01
   5.0766190e+06   3.5034180e+01
   5.0891230e+06   3.4790039e+01
   5.1115880e+06   3.6743164e+01
   5.1231450e+06   3.9733887e+01
   5.1306240e+06   3.5766602e+01
   5.1424120e+06   3.9489746e+01
   5.1511570e+06   3.5583496e+01
   5.1556510e+06   3.6682129e+01
   5.1706580e+06   3.6987305e+01
   5.1898740e+06   3.9733887e+01
   5.1939880e+06   3.4667969e+01
   5.2082000e+06   3.5095215e+01
   5.2100080e+06   3.7170410e+01
   5.2190110e+06   3.4851074e+01
   5.2381080e+06   3.7963867e+01
   5.2611720e+06   3.5522461e+01
   5.2672210e+06   4.5898438e+01
   5.2677160e+06   3.4790039e+01
   5.2821900e+06   3.6132812e+01
   5.2920470e+06   4.1748047e+01
   5.2969120e+06   3.7414551e+01
   5.3068390e+06   3.5644531e+01
   5.3091840e+06   3.6010742e+01
   5.3170830e+06   3.6193848e+01
   5.3241730e+06   3.5583496e+01
   5.3252690e+06   3.8879395e+01
   5.3307000e+06   3.5461426e+01
   5.3388590e+06   3.6682129e+01
   5.3426620e+06   3.5644531e+01
   5.3466930e+06   3.5156250e+01
   5.3589980e+06   3.5583496e+01
   5.3637870e+06   3.5888672e+01
   5.3695470e+06   3.9123535e+01
   5.3738220e+06   3.6437988e+01
   5.3745070e+06   3.8757324e+01
   5.3820900e+06   3.6621094e+01
   5.3884450e+06   3.4851074e+01
   5.3946310e+06   3.4667969e+01
   5.4095910e+06   3.7963867e+01
   5.4210120e+06   3.8818359e+01
   5.4242340e+06   3.4729004e+01
   5.4265420e+06   3.5522461e+01
   5.4484510e+06   4.1992188e+01
   5.4519870e+06   3.4606934e+01
   5.4706210e+06   3.9855957e+01
   5.4715660e+06   4.0710449e+01
   5.4774890e+06   3.6254883e+01
   5.4842350e+06   3.7597656e+01
   5.4925660e+06   3.6071777e+01
   5.4975740e+06   3.8330078e+01
   5.4988850e+06   3.5400391e+01
   5.5067990e+06   3.8513184e+01
   5.5145470e+06   3.9367676e+01
   5.5155420e+06   3.5339355e+01
   5.5255140e+06   3.5034180e+01
   5.5429820e+06   3.6682129e+01
   5.5693830e+06   3.5461426e+01
   5.5728690e+06   3.5400391e+01
   5.5781000e+06   3.4667969e+01
   5.5866980e+06   4.0222168e+01
   5.6216720e+06   3.6865234e+01
   5.6277280e+06   3.7475586e+01
   5.6336030e+06   3.5095215e+01
   5.6401330e+06   3.5339355e+01
   5.6500130e+06   3.9550781e+01
   5.6724190e+06   3.9245605e+01
   5.6741430e+06   4.1687012e+01
   5.6969310e+06   3.4973145e+01
   5.6995090e+06   3.6682129e+01
   5.7161360e+06   3.9123535e+01
   5.7275840e+06   3.5461426e+01
   5.7297790e+06   3.4912109e+01
   5.7371540e+06   3.6682129e+01
   5.7468680e+06   3.6621094e+01
   5.7536020e+06   3.5888672e+01
   5.7623710e+06   3.4790039e+01
   5.7654990e+06   4.4494629e+01
   5.7732580e+06   3.9611816e+01
   5.7791460e+06   3.6621094e+01
   5.8179590e+06   3.5156250e+01
   5.8299910e+06   3.8513184e+01
   5.8334900e+06   3.5156250e+01
   5.8415070e+06   3.6376953e+01
   5.8455960e+06   3.7048340e+01
   5.8523570e+06   3.7719727e+01
   5.8566950e+06   3.9794922e+01
   5.8696690e+06   3.6865234e+01
   5.8746320e+06   3.8452148e+01
   5.8757960e+06   3.5095215e+01
   5.8902890e+06   3.7963867e+01
   5.8971870e+06   3.6010742e+01
   5.8989200e+06   3.8757324e+01
   5.9047440e+06   4.1748047e+01
   5.9110730e+06   3.5705566e+01
   5.9136820e+06   3.8452148e+01
   5.9214080e+06   3.9855957e+01
   5.9255770e+06   3.5461426e+01
   5.9300170e+06   3.6926270e+01
   5.9413410e+06   3.8024902e+01
   5.9519520e+06   3.4912109e+01
   5.9600000e+06   3.5217285e+01
   5.9658300e+06   3.7231445e+01
   5.9864650e+06   4.0893555e+01
   5.9991870e+06   3.5400391e+01
   6.0010680e+06   4.3212891e+01
   6.0330040e+06   3.6254883e+01
   6.0412280e+06   3.7536621e+01
   6.0567110e+06   3.9855957e+01
   6.0666650e+06   3.6865234e+01
   6.0711150e+06   4.0283203e+01
   6.0768550e+06   4.1442871e+01
   6.0826480e+06   3.7170410e+01
   6.1034570e+06   3.4667969e+01
   6.1108270e+06   3.4667969e+01
   6.1261450e+06   3.7048340e+01
   6.1294550e+06   3.4790039e+01
   6.1314490e+06   3.7048340e+01
   6.1414920e+06   4.1809082e+01
   6.1501830e+06   3.5583496e+01
   6.1509400e+06   3.5278320e+01
   6.1816740e+06   3.6499023e+01
   6.1856370e+06   3.6682129e+01
   6.1913160e+06   3.6437988e+01
   6.1947490e+06   3.6193848e+01
   6.2112560e+06   3.8024902e+01
   6.2361680e+06   3.5278320e+01
   6.2440240e+06   3.4667969e+01
   6.2509450e+06   3.5034180e+01
   6.2559410e+06   3.6254883e+01
   6.2645510e+06   3.5827637e+01
   6.2708640e+06   3.4667969e+01
   6.2982160e+06   3.6071777e+01
   6.3129770e+06   4.7485352e+01
   6.3243050e+06   3.9184570e+01
   6.3346070e+06   3.6560059e+01
   6.3397060e+06   3.6437988e+01
   6.3505280e+06   4.2175293e+01
   6.3579070e+06   3.6865234e+01
   6.4141660e+06   3.8574219e+01
   6.4350960e+06   3.7536621e+01
   6.4387960e+06   4.0954590e+01
   6.4434950e+06   3.6499023e+01
   6.4545640e+06   3.8879395e+01
   6.4725240e+06   3.9123535e+01
   6.4963330e+06   3.5644531e+01
   6.5138590e+06   3.4729004e+01
   6.5208930e+06   4.0649414e+01
   6.5364300e+06   3.7109375e+01
   6.5419780e+06   3.6193848e+01
   6.5515900e+06   4.3212891e+01
   6.5736500e+06   3.6865234e+01
   6.5751750e+06   3.4790039e+01
   6.5820440e+06   3.5278320e+01
   6.5858540e+06   4.0039062e+01
   6.5903210e+06   3.8940430e+01
   6.5927870e+06   4.1320801e+01
   6.6085940e+06   3.7536621e+01
   6.6212070e+06   3.7414551e+01
   6.6310750e+06   3.5339355e+01
   6.6446620e+06   3.7658691e+01
   6.6599320e+06   3.7292480e+01
   6.6737520e+06   4.4616699e+01
   6.6875780e+06   3.8269043e+01
   6.6959580e+06   3.6804199e+01
   6.7199420e+06   3.8757324e+01
   6.7274400e+06   3.8269043e+01
   6.7320320e+06   3.4851074e+01
   6.7368200e+06   3.6560059e+01
   6.7399920e+06   3.5522461e+01
   6.7507010e+06   3.6193848e+01
   6.7546310e+06   3.6132812e+01
   6.7761430e+06   3.5705566e+01
   6.7820680e+06   4.0466309e+01
   6.7884830e+06   3.9367676e+01
   6.8386880e+06   3.5705566e+01
   6.8467320e+06   3.8085938e+01
   6.8551070e+06   3.5522461e+01
   6.8646020e+06   3.4912109e+01
   6.8730280e+06   3.6010742e+01
   6.8761500e+06   3.4606934e+01
   6.8792810e+06   3.5278320e+01
   6.9072790e+06   3.6987305e+01
   6.9095170e+06   3.6926270e+01
   6.9133580e+06   4.0954590e+01
   6.9235880e+06   3.6132812e+01
   6.9299900e+06   3.9306641e+01
   6.9381950e+06   3.4729004e+01
   6.9430710e+06   4.0405273e+01
   6.9481540e+06   4.2480469e+01
   6.9623740e+06   4.2907715e+01
   6.9802990e+06   4.3945312e+01
   6.9885450e+06   3.5034180e+01
   6.9916420e+06   3.7902832e+01
   7.0039300e+06   3.5156250e+01
   7.0096210e+06   4.0771484e+01
   7.0368150e+06   3.5339355e+01
   7.0421210e+06   3.8696289e+01
   7.0558420e+06   3.6804199e+01
   7.0627360e+06   3.7109375e+01
   7.0639950e+06   4.2053223e+01
   7.0658570e+06   3.9916992e+01
   7.0799060e+06   4.0039062e+01
   7.0925410e+06   3.5522461e+01
   7.1090130e+06   3.5705566e+01
   7.1130630e+06   3.7292480e+01
   7.1333960e+06   3.6560059e+01
   7.1350960e+06   3.5339355e+01
   7.1428990e+06   3.7292480e+01
   7.1604460e+06   3.4606934e+01
   7.1679700e+06   3.8085938e+01
   7.1877040e+06   3.5461426e+01
   7.1957620e+06   3.4729004e+01
   7.2079920e+06   3.5095215e+01
   7.2157120e+06   3.7536621e+01
   7.2219910e+06   3.7109375e+01
   7.2359720e+06   3.7170410e+01
   7.2397680e+06   3.8391113e+01
   7.2475430e+06   3.6743164e+01
   7.2496730e+06   3.4667969e+01
   7.2570790e+06   3.6193848e+01
   7.2697380e+06   3.4912109e+01
   7.2952270e+06   3.5888672e+01
   7.3031580e+06   3.5644531e+01
   7.3364670e+06   3.5034180e+01
   7.3414370e+06   3.6499023e+01
   7.3624810e+06   3.4912109e+01
   7.3687410e+06   3.9611816e+01
   7.3853060e+06   3.5827637e+01
   7.3864510e+06   3.7292480e+01
   7.3895160e+06   4.3090820e+01
   7.4010730e+06   3.4729004e+01
   7.4066580e+06   3.7719727e+01
   7.4174550e+06   4.0710449e+01
   7.4199630e+06   4.0405273e+01
   7.4307580e+06   3.6132812e+01
   7.4338410e+06   3.6926270e+01
   7.4397570e+06   3.7902832e+01
   7.4597260e+06   3.8146973e+01
   7.4671760e+06   3.6132812e+01
   7.4782300e+06   3.5461426e+01
   7.4967610e+06   3.9428711e+01
   7.4980060e+06   3.5278320e+01
   7.5238910e+06   3.4790039e+01
   7.5318780e+06   4.1931152e+01
   7.5374550e+06   3.4729004e+01
   7.5446580e+06   3.6071777e+01
   7.5491800e+06   3.5644531e+01
   7.5664260e+06   4.0344238e+01
   7.5713410e+06   3.4667969e+01
   7.5737600e+06   3.5217285e+01
   7.5861990e+06   3.6804199e+01
   7.5955750e+06   3.6071777e+01
   7.6031770e+06   4.0649414e+01
   7.6100760e+06   3.8818359e+01
   7.6222000e+06   3.7231445e+01
   7.6278340e+06   3.6926270e+01
   7.6302970e+06   3.4790039e+01
   7.6344640e+06   3.5156250e+01
   7.6378550e+06   4.0344238e+01
   7.6526520e+06   3.6132812e+01
   7.6622540e+06   3.5095215e+01
   7.6640490e+06   4.2724609e+01
   7.6701400e+06   3.7658691e+01
   7.6750300e+06   3.6987305e+01
   7.6792340e+06   3.8696289e+01
   7.6851810e+06   4.1381836e+01
   7.6908480e+06   3.7963867e+01
   7.6991110e+06   3.5461426e+01
   7.7181370e+06   3.8024902e+01
   7.7226720e+06   4.4738770e+01
   7.7268580e+06   4.0039062e+01
   7.7409600e+06   3.8635254e+01
   7.7529390e+06   3.6315918e+01
   7.7617270e+06   3.6621094e+01
   7.7828700e+06   3.5400391e+01
   7.7933860e+06   3.7109375e+01
   7.8077700e+06   3.5339355e+01
   7.8079650e+06   3.6254883e+01
   7.8083650e+06   3.5034180e+01
   7.8162840e+06   4.0466309e+01
   7.8368720e+06   4.2236328e+01
   7.8481630e+06   4.2724609e+01
   7.8574200e+06   3.5461426e+01
   7.8603380e+06   3.6071777e+01
   7.8665080e+06   3.4606934e+01
   7.8686910e+06   3.5888672e+01
   7.8863950e+06   3.5888672e+01
   7.8923470e+06   3.6193848e+01
   7.9056620e+06   4.0161133e+01
   7.9099210e+06   3.6560059e+01
   7.9179780e+06   3.5949707e+01
   7.9231410e+06   3.9489746e+01
   7.9416110e+06   3.6437988e+01
   7.9433240e+06   3.4851074e+01
   7.9513340e+06   3.4973145e+01
   7.9573130e+06   3.4973145e+01
   7.9665660e+06   3.4790039e+01
   7.9708600e+06   3.4606934e+01
   7.9838520e+06   4.0100098e+01
   7.9932770e+06   4.1320801e+01
   7.9993900e+06   3.9245605e+01
   8.0129560e+06   4.1259766e+01
   8.0177580e+06   3.6254883e+01
   8.0223560e+06   3.6254883e+01
   8.0277350e+06   3.7780762e+01
   8.0634880e+06   3.8024902e+01
   8.0689770e+06   3.8085938e+01
   8.0847290e+06   4.0588379e+01
   8.1005120e+06   4.1076660e+01
   8.1246530e+06   4.0527344e+01
   8.1334760e+06   3.9794922e+01
   8.1395810e+06   3.5400391e+01
   8.1407390e+06   3.4606934e+01
   8.1610390e+06   3.4912109e+01
   8.1614660e+06   3.8146973e+01
   8.1658370e+06   3.6132812e+01
   8.1747510e+06   3.4606934e+01
   8.1912050e+06   3.8269043e+01
   8.2088310e+06   3.9184570e+01
   8.2217630e+06   4.4189453e+01
   8.2333330e+06   3.8024902e+01
   8.2548640e+06   4.1259766e+01
   8.2612000e+06   3.7475586e+01
   8.2812970e+06   3.8574219e+01
   8.2950290e+06   4.1870117e+01
   8.3000230e+06   3.7963867e+01
   8.3056640e+06   3.6743164e+01
   8.3202950e+06   3.7109375e+01
   8.3287480e+06   3.7963867e+01
   8.3309940e+06   3.9611816e+01
   8.3437310e+06   3.4606934e+01
   8.3570120e+06   3.9794922e+01
   8.3653410e+06   3.8269043e+01
   8.3669960e+06   3.4729004e+01
   8.3768860e+06   3.6071777e+01
   8.3809720e+06   3.7414551e+01
   8.4000070e+06   3.9916992e+01
   8.4157020e+06   3.7597656e+01
   8.4211310e+06   3.5949707e+01
   8.4288280e+06   3.9367676e+01
   8.4401690e+06   3.5095215e+01
   8.4448350e+06   3.4973145e+01
   8.4668210e+06   4.2846680e+01
   8.4713310e+06   3.5034180e+01
   8.4764560e+06   3.7658691e+01
   8.4845570e+06   4.1503906e+01
   8.4927090e+06   3.4729004e+01
   8.5111260e+06   4.0954590e+01
   8.5130830e+06   3.8574219e+01
   8.5230610e+06   3.8085938e+01
   8.5385470e+06   3.9306641e+01
   8.5595110e+06   3.7536621e+01
   8.5640430e+06   3.7719727e+01
   8.5736080e+06   3.6926270e+01
   8.5827660e+06   4.0222168e+01
   8.6031890e+06   3.5949707e+01
   8.6112080e+06   3.6193848e+01
   8.6184660e+06   3.4790039e+01
   8.6340380e+06   3.5705566e+01
   8.6385640e+06   3.5766602e+01
   8.6399000e+06   3.6560059e+01
   8.6492030e+06   3.5949707e+01
   8.6590860e+06   3.6987305e+01
   8.6960420e+06   3.9245605e+01
   8.7116250e+06   3.7902832e+01
   8.7152080e+06   3.9733887e+01
   8.7193390e+06   3.8696289e+01
   8.7196480e+06   3.7780762e+01
   8.7423290e+06   3.6376953e+01
   8.7509910e+06   4.2846680e+01
   8.7569810e+06   3.5888672e+01
   8.7911760e+06   3.6193848e+01
   8.8531380e+06   3.6499023e+01
   8.8636010e+06   4.4067383e+01
   8.8703500e+06   4.1198730e+01
   8.8806550e+06   3.6071777e+01
   8.8862200e+06   4.1809082e+01
   8.8990330e+06   3.7902832e+01
   8.9158240e+06   3.7231445e+01
   8.9420290e+06   3.5278320e+01
   8.9519780e+06   3.6071777e+01
   8.9839410e+06   3.5827637e+01
   8.9862390e+06   4.1320801e+01
   8.9962050e+06   3.6376953e+01
