   8.9990000e+06   0.0000000e+00
   4.0584000e+04   4.6875000e+01
   1.0065900e+05   4.0222168e+01
   1.0113400e+05   4.4433594e+01
   1.0138500e+05   3.9611816e+01
   1.1567400e+05   4.8828125e+01
   1.3269400e+05   3.7963867e+01
   1.3339900e+05   4.3457031e+01
   1.3360100e+05   3.9428711e+01
   1.3381300e+05   4.0649414e+01
   1.4841100e+05   4.2480469e+01
   2.7884300e+05   4.0283203e+01
   3.1109500e+05   4.0405273e+01
   3.2956100e+05   3.8635254e+01
   4.0818400e+05   4.5227051e+01
   4.5861300e+05   4.2785645e+01
   4.8545000e+05   3.9794922e+01
   5.0545900e+05   4.0039063e+01
   5.5488600e+05   3.8391113e+01
   5.5523700e+05   3.7963867e+01
   6.2103700e+05   3.8024902e+01
   6.4429500e+05   4.3273926e+01
   6.7558400e+05   4.1015625e+01
   6.8782700e+05   4.0954590e+01
   7.1943200e+05   4.0039062e+01
   7.2852800e+05   4.6569824e+01
   7.2925700e+05   4.5898438e+01
   7.4994600e+05   5.4016113e+01
   7.8271200e+05   4.2968750e+01
   7.8332000e+05   4.1442871e+01
   8.4684900e+05   4.1870117e+01
   8.9165500e+05   4.3823242e+01
   9.0174400e+05   3.8818359e+01
   9.0677800e+05   4.2236328e+01
   9.3943100e+05   4.1442871e+01
   9.8684800e+05   4.1259766e+01
   1.0115160e+06   4.2175293e+01
   1.0359430e+06   4.2785645e+01
   1.1150260e+06   4.0222168e+01
   1.1317320e+06   3.9550781e+01
   1.2132210e+06   3.8513184e+01
   1.2584950e+06   4.0832520e+01
   1.2588540e+06   5.0781250e+01
   1.2735330e+06   4.2053223e+01
   1.2827200e+06   4.7485352e+01
   1.2950100e+06   3.9184570e+01
   1.2964300e+06   4.4067383e+01
   1.3251290e+06   4.0649414e+01
   1.3254040e+06   4.1992188e+01
   1.3256010e+06   4.1381836e+01
   1.3375810e+06   3.9855957e+01
   1.3379030e+06   3.9550781e+01
   1.3560600e+06   3.8818359e+01
   1.3562820e+06   3.8818359e+01
   1.3583790e+06   4.1442871e+01
   1.3747570e+06   4.0405273e+01
   1.4267090e+06   4.1809082e+01
   1.4389350e+06   4.1076660e+01
   1.4610970e+06   3.9428711e+01
   1.5248010e+06   4.0283203e+01
   1.5250530e+06   4.1931152e+01
   1.5635610e+06   4.3762207e+01
   1.5642150e+06   3.8696289e+01
   1.6981590e+06   3.8391113e+01
   1.6984220e+06   3.8757324e+01
   1.7516640e+06   3.9489746e+01
   1.7991570e+06   4.4982910e+01
   1.7995880e+06   4.0954590e+01
   1.8625880e+06   4.0466309e+01
   1.8877840e+06   4.0588379e+01
   1.9120970e+06   3.9367676e+01
   1.9806470e+06   4.3640137e+01
   2.0709300e+06   3.9489746e+01
   2.0801670e+06   3.9916992e+01
   2.0804570e+06   5.1452637e+01
   2.0813350e+06   4.4372559e+01
   2.0828510e+06   4.2358398e+01
   2.0847830e+06   4.6203613e+01
   2.0906790e+06   4.9377441e+01
   2.1289780e+06   3.8879395e+01
   2.1494910e+06   3.9428711e+01
   2.1501160e+06   4.2480469e+01
   2.2664600e+06   3.9245605e+01
   2.3137810e+06   3.9306641e+01
   2.6621550e+06   3.9428711e+01
   3.1035890e+06   4.6081543e+01
   3.1051960e+06   4.1687012e+01
   3.1068220e+06   5.3405762e+01
   3.1071280e+06   4.2236328e+01
   3.1196960e+06   4.5349121e+01
   3.4180390e+06   5.0476074e+01
   3.7770280e+06   4.5410156e+01
   3.9282470e+06   3.9489746e+01
   3.9302710e+06   3.9978027e+01
   3.9571920e+06   4.7668457e+01
   3.9590090e+06   3.9611816e+01
   3.9600860e+06   4.0466309e+01
   3.9769910e+06   4.1503906e+01
   4.0464400e+06   4.2358398e+01
   4.0476270e+06   4.9255371e+01
   4.0476490e+06   4.3518066e+01
   4.6030390e+06   3.8330078e+01
   4.6335520e+06   3.7963867e+01
   4.6934840e+06   4.0588379e+01
   4.6937300e+06   4.0222168e+01
   4.6952010e+06   5.8471680e+01
   4.6962150e+06   4.4128418e+01
   5.1993930e+06   5.0903320e+01
   5.2927340e+06   4.5349121e+01
   5.4033740e+06   4.4738770e+01
   5.4131270e+06   3.9672852e+01
   5.4207340e+06   4.3029785e+01
   5.4416260e+06   4.2175293e+01
   5.4479290e+06   4.2541504e+01
   5.4749880e+06   3.9550781e+01
   5.4918060e+06   3.9428711e+01
   5.4964160e+06   4.7241211e+01
   5.4967670e+06   4.2358398e+01
   5.4971240e+06   3.9428711e+01
   5.5155190e+06   4.6264648e+01
   5.5158960e+06   4.4494629e+01
   5.5487760e+06   4.2175293e+01
   5.5490450e+06   3.9794922e+01
   5.6577550e+06   4.5043945e+01
   5.6788980e+06   4.0893555e+01
   5.7397430e+06   4.2968750e+01
   5.9418260e+06   4.1809082e+01
   6.1371720e+06   3.9367676e+01
   6.1522610e+06   3.9123535e+01
   6.4133050e+06   4.4128418e+01
   6.4137340e+06   3.8574219e+01
   6.4370700e+06   4.2053223e+01
   6.4586150e+06   4.4860840e+01
   6.4624910e+06   4.4494629e+01
   6.6988080e+06   5.2001953e+01
   6.7275520e+06   5.3344727e+01
   6.7427490e+06   4.7485352e+01
   6.7570560e+06   4.2358398e+01
   6.8402510e+06   4.0649414e+01
   6.8405280e+06   4.1931152e+01
   6.8411270e+06   3.8330078e+01
   6.8555790e+06   4.4799805e+01
   6.8558640e+06   4.2846680e+01
   6.8738460e+06   4.1381836e+01
   6.8817450e+06   4.5776367e+01
   6.8899580e+06   4.3762207e+01
   6.8972920e+06   3.9489746e+01
   6.9525500e+06   4.0222168e+01
   7.0643930e+06   4.2663574e+01
   7.2425110e+06   3.9794922e+01
   7.3898770e+06   4.3457031e+01
   7.3901120e+06   4.2419434e+01
   7.3903020e+06   4.1198730e+01
   7.4401650e+06   3.8146973e+01
   8.1248960e+06   4.3640137e+01
   8.1610970e+06   3.9123535e+01
   8.2858630e+06   3.8452148e+01
   8.4327910e+06   3.7963867e+01
   8.9857530e+06   4.9133301e+01
   8.9858840e+06   4.0039062e+01
