   8.9990000e+06   0.0000000e+00
   2.2302000e+04   3.8085938e+01
   3.7379000e+04   3.8513184e+01
   7.3232000e+04   3.7780762e+01
   8.4137000e+04   3.5217285e+01
   8.9522000e+04   3.6376953e+01
   1.0110800e+05   4.9194336e+01
   1.2459900e+05   3.7353516e+01
   1.3274700e+05   3.6499023e+01
   1.3414100e+05   4.4860840e+01
   2.3676000e+05   3.7353516e+01
   2.4551600e+05   3.7902832e+01
   2.6635400e+05   3.5034180e+01
   3.0715600e+05   4.0039062e+01
   3.1605300e+05   3.4851074e+01
   3.2716700e+05   3.7658691e+01
   3.4542000e+05   4.2419434e+01
   3.8220200e+05   3.6376953e+01
   3.9334000e+05   3.7292480e+01
   4.2554600e+05   3.6071777e+01
   4.3719100e+05   3.4851074e+01
   4.5624700e+05   3.6743164e+01
   4.6859700e+05   3.5278320e+01
   4.6916600e+05   3.5034180e+01
   5.5397800e+05   3.5217285e+01
   5.5891400e+05   3.8269043e+01
   5.6363300e+05   3.5705566e+01
   5.7373200e+05   3.5949707e+01
   6.0912700e+05   3.7597656e+01
   6.3033800e+05   3.9123535e+01
   6.3978100e+05   4.0649414e+01
   6.5734300e+05   3.5644531e+01
   6.7302100e+05   3.5156250e+01
   7.4401500e+05   3.5461426e+01
   7.8698900e+05   3.9733887e+01
   7.8787600e+05   5.0598145e+01
   7.9900700e+05   3.4912109e+01
   8.1305800e+05   3.7902832e+01
   8.1870900e+05   3.5583496e+01
   8.2425200e+05   3.5278320e+01
   8.5720900e+05   3.8208008e+01
   8.9717900e+05   3.5034180e+01
   9.0362000e+05   3.5949707e+01
   9.2502100e+05   3.9794922e+01
   9.4065200e+05   4.1076660e+01
   9.5669300e+05   3.7475586e+01
   9.5814200e+05   3.4973145e+01
   1.0023800e+06   3.6499023e+01
   1.0110890e+06   4.2114258e+01
   1.0397600e+06   3.9672852e+01
   1.1419320e+06   3.7353516e+01
   1.2018180e+06   3.9550781e+01
   1.2028300e+06   3.9489746e+01
   1.2087190e+06   3.5461426e+01
   1.2097730e+06   3.5522461e+01
   1.2210340e+06   3.9123535e+01
   1.2304740e+06   3.5644531e+01
   1.2570680e+06   3.6071777e+01
   1.2782290e+06   3.6193848e+01
   1.2955570e+06   3.7841797e+01
   1.3089310e+06   3.5095215e+01
   1.3197570e+06   3.8879395e+01
   1.3250260e+06   3.5156250e+01
   1.3541160e+06   3.7048340e+01
   1.3557820e+06   3.5827637e+01
   1.3576480e+06   3.7841797e+01
   1.3852780e+06   3.6865234e+01
   1.3885920e+06   3.5888672e+01
   1.3992700e+06   3.5217285e+01
   1.4086380e+06   3.7719727e+01
   1.4281030e+06   3.7475586e+01
   1.4624480e+06   3.4851074e+01
   1.4736630e+06   3.8391113e+01
   1.5737150e+06   4.6691895e+01
   1.5774390e+06   3.5766602e+01
   1.5779520e+06   3.5522461e+01
   1.5942560e+06   3.7780762e+01
   1.5993530e+06   4.3884277e+01
   1.6074620e+06   3.5400391e+01
   1.6088280e+06   3.5583496e+01
   1.6264330e+06   3.9672852e+01
   1.6297360e+06   3.7841797e+01
   1.6431260e+06   4.0222168e+01
   1.6462000e+06   3.6560059e+01
   1.6531300e+06   3.9306641e+01
   1.6814130e+06   3.7048340e+01
   1.6820520e+06   3.8146973e+01
   1.6965220e+06   3.6132812e+01
   1.7272560e+06   3.5217285e+01
   1.7285180e+06   3.5522461e+01
   1.7541490e+06   3.7170410e+01
   1.7630010e+06   3.6071777e+01
   1.7697490e+06   3.6926270e+01
   1.7740730e+06   3.5522461e+01
   1.8027570e+06   3.4851074e+01
   1.8095880e+06   3.5644531e+01
   1.8159240e+06   3.5400391e+01
   1.8235830e+06   3.7841797e+01
   1.8612210e+06   3.4973145e+01
   1.9000870e+06   3.6682129e+01
   1.9098920e+06   3.9123535e+01
   1.9126140e+06   3.7292480e+01
   1.9217660e+06   3.7536621e+01
   1.9224460e+06   3.8024902e+01
   1.9266290e+06   3.5461426e+01
   1.9273930e+06   4.0283203e+01
   1.9368090e+06   3.7719727e+01
   1.9587530e+06   4.1198730e+01
   1.9827750e+06   3.5095215e+01
   1.9828050e+06   3.7414551e+01
   2.0065570e+06   3.9062500e+01
   2.0105230e+06   3.7048340e+01
   2.0338100e+06   3.9489746e+01
   2.0390350e+06   3.4973145e+01
   2.0703510e+06   5.1269531e+01
   2.0706120e+06   5.5908203e+01
   2.0867630e+06   3.7780762e+01
   2.0953210e+06   5.4016113e+01
   2.0958640e+06   5.4809570e+01
   2.0967560e+06   4.4677734e+01
   2.0977200e+06   4.1137695e+01
   2.1005080e+06   3.9306641e+01
   2.1021440e+06   3.6437988e+01
   2.1502030e+06   3.5156250e+01
   2.1591640e+06   3.6926270e+01
   2.1827410e+06   3.5034180e+01
   2.2052370e+06   4.0466309e+01
   2.2123210e+06   3.7841797e+01
   2.2341950e+06   3.6560059e+01
   2.2709780e+06   3.7170410e+01
   2.2749940e+06   3.8452148e+01
   2.2947570e+06   4.5837402e+01
   2.3037670e+06   3.9001465e+01
   2.3168140e+06   3.6682129e+01
   2.3247440e+06   3.9428711e+01
   2.3451170e+06   3.5217285e+01
   2.3556430e+06   3.7414551e+01
   2.3727540e+06   3.4851074e+01
   2.3940990e+06   4.8217773e+01
   2.3991550e+06   3.9306641e+01
   2.4003450e+06   3.4851074e+01
   2.4167540e+06   4.2297363e+01
   2.4180650e+06   3.4973145e+01
   2.4336280e+06   3.6010742e+01
   2.4481310e+06   4.0405273e+01
   2.4501250e+06   3.5522461e+01
   2.4521600e+06   3.9550781e+01
   2.4603440e+06   3.5278320e+01
   2.4845560e+06   3.6499023e+01
   2.4954050e+06   3.5949707e+01
   2.4958600e+06   3.6804199e+01
   2.5220740e+06   4.0100098e+01
   2.5232850e+06   3.8269043e+01
   2.5277150e+06   3.6926270e+01
   2.5282280e+06   3.5888672e+01
   2.5646360e+06   3.5156250e+01
   2.5875530e+06   3.5461426e+01
   2.5991910e+06   3.5217285e+01
   2.6060060e+06   3.9489746e+01
   2.6316280e+06   3.8452148e+01
   2.6629150e+06   3.7414551e+01
   2.6636880e+06   5.4138184e+01
   2.6789490e+06   3.7292480e+01
   2.7286670e+06   3.7841797e+01
   2.7394190e+06   3.7719727e+01
   2.7466260e+06   3.6499023e+01
   2.7615190e+06   3.8146973e+01
   2.7997530e+06   3.5400391e+01
   2.8340380e+06   3.7719727e+01
   2.8352080e+06   3.5522461e+01
   2.8439460e+06   3.7597656e+01
   2.8974830e+06   3.8391113e+01
   2.9004440e+06   3.4851074e+01
   2.9111570e+06   3.7536621e+01
   2.9276890e+06   3.5705566e+01
   2.9391680e+06   3.8330078e+01
   2.9554940e+06   3.5461426e+01
   2.9659000e+06   3.7780762e+01
   2.9692460e+06   3.6987305e+01
   2.9745730e+06   4.2419434e+01
   2.9820400e+06   3.6987305e+01
   2.9928290e+06   3.8024902e+01
   3.0142310e+06   3.8879395e+01
   3.0155600e+06   3.4973145e+01
   3.0193140e+06   3.5644531e+01
   3.0509060e+06   3.8818359e+01
   3.0712070e+06   3.5034180e+01
   3.0754690e+06   3.5034180e+01
   3.0907370e+06   3.6926270e+01
   3.0990050e+06   3.5034180e+01
   3.1029870e+06   4.4494629e+01
   3.1045020e+06   4.1320801e+01
   3.1062070e+06   4.9865723e+01
   3.1456190e+06   6.3720703e+01
   3.1473510e+06   4.5532227e+01
   3.1536170e+06   4.1076660e+01
   3.1544790e+06   3.7170410e+01
   3.1588130e+06   3.5400391e+01
   3.2283690e+06   3.7414551e+01
   3.2362850e+06   3.5095215e+01
   3.2495550e+06   3.4973145e+01
   3.2963390e+06   3.5400391e+01
   3.3105290e+06   3.6499023e+01
   3.3726080e+06   4.1259766e+01
   3.3972970e+06   3.5827637e+01
   3.4167360e+06   3.8391113e+01
   3.4199250e+06   3.9611816e+01
   3.4291900e+06   3.8757324e+01
   3.4313630e+06   3.6865234e+01
   3.4666470e+06   3.7963867e+01
   3.4730630e+06   4.3823242e+01
   3.4804650e+06   3.6560059e+01
   3.4823620e+06   3.5827637e+01
   3.4961380e+06   4.9072266e+01
   3.5429090e+06   3.5766602e+01
   3.5466910e+06   3.6987305e+01
   3.5493270e+06   3.5339355e+01
   3.5501480e+06   3.5644531e+01
   3.5589250e+06   4.0710449e+01
   3.5681440e+06   4.3029785e+01
   3.5699020e+06   3.6682129e+01
   3.5880120e+06   3.5400391e+01
   3.5955330e+06   3.5400391e+01
   3.6039930e+06   3.6376953e+01
   3.6208140e+06   4.4921875e+01
   3.6299250e+06   3.5644531e+01
   3.6394560e+06   3.5827637e+01
   3.6407440e+06   3.9794922e+01
   3.6572770e+06   3.7048340e+01
   3.6595750e+06   3.6437988e+01
   3.6751980e+06   3.5095215e+01
   3.6780620e+06   4.7302246e+01
   3.6889690e+06   3.8635254e+01
   3.6898930e+06   3.6804199e+01
   3.7180390e+06   3.5949707e+01
   3.7183650e+06   4.1442871e+01
   3.7404230e+06   3.4912109e+01
   3.7525490e+06   3.5339355e+01
   3.7599790e+06   3.5766602e+01
   3.7601970e+06   5.2978516e+01
   3.7740480e+06   3.8940430e+01
   3.7843980e+06   3.9550781e+01
   3.8147700e+06   3.8330078e+01
   3.8231580e+06   3.5400391e+01
   3.8340100e+06   4.5166016e+01
   3.8424080e+06   3.5461426e+01
   3.8559200e+06   3.4851074e+01
   3.8630020e+06   3.6071777e+01
   3.8682760e+06   3.8452148e+01
   3.8759710e+06   3.8269043e+01
   3.8834080e+06   3.7658691e+01
   3.8901730e+06   3.9184570e+01
   3.9214900e+06   3.5827637e+01
   3.9284250e+06   4.0222168e+01
   3.9304850e+06   4.7729492e+01
   3.9323310e+06   3.9855957e+01
   3.9397350e+06   3.7597656e+01
   3.9588540e+06   5.0537109e+01
   3.9593680e+06   4.4921875e+01
   3.9801010e+06   3.6315918e+01
   3.9808240e+06   4.7424316e+01
   3.9852810e+06   3.5339355e+01
   3.9932390e+06   3.9611816e+01
   3.9940080e+06   4.1442871e+01
   3.9945640e+06   4.0039062e+01
   3.9961940e+06   4.8461914e+01
   4.0008360e+06   3.6804199e+01
   4.0070870e+06   6.0241699e+01
   4.0122430e+06   3.5217285e+01
   4.0133830e+06   3.6682129e+01
   4.0140430e+06   4.7546387e+01
   4.0154080e+06   4.0405273e+01
   4.0159380e+06   4.8034668e+01
   4.0172180e+06   4.4433594e+01
   4.0189620e+06   3.9245605e+01
   4.0198120e+06   4.2297363e+01
   4.0215930e+06   3.9550781e+01
   4.0233810e+06   4.0527344e+01
   4.0235430e+06   4.0344238e+01
   4.0270800e+06   3.9123535e+01
   4.0321280e+06   3.5217285e+01
   4.0336550e+06   4.0344238e+01
   4.0472840e+06   3.9916992e+01
   4.0555350e+06   4.8400879e+01
   4.0689050e+06   3.6132812e+01
   4.0689500e+06   3.9489746e+01
   4.0844190e+06   3.6010742e+01
   4.0882580e+06   3.5827637e+01
   4.0918870e+06   3.6926270e+01
   4.1143590e+06   3.9123535e+01
   4.1184760e+06   3.5278320e+01
   4.1257030e+06   5.4077148e+01
   4.1346990e+06   3.6315918e+01
   4.1631420e+06   3.6254883e+01
   4.1720270e+06   4.0039062e+01
   4.1896730e+06   3.6621094e+01
   4.2003370e+06   4.6752930e+01
   4.2129680e+06   4.6264648e+01
   4.2202190e+06   3.6010742e+01
   4.2247070e+06   4.0466309e+01
   4.2497410e+06   3.7109375e+01
   4.2505250e+06   3.5095215e+01
   4.2605170e+06   3.6560059e+01
   4.2645320e+06   3.6743164e+01
   4.2690460e+06   4.3945312e+01
   4.2718720e+06   4.2480469e+01
   4.2750270e+06   3.7292480e+01
   4.2866140e+06   3.5400391e+01
   4.2878380e+06   4.1381836e+01
   4.3000240e+06   3.4912109e+01
   4.3101260e+06   3.6743164e+01
   4.3129600e+06   3.6010742e+01
   4.3212120e+06   3.7719727e+01
   4.3519580e+06   3.7414551e+01
   4.3560140e+06   3.6315918e+01
   4.3686820e+06   3.6560059e+01
   4.3875240e+06   3.6376953e+01
   4.3989180e+06   3.5339355e+01
   4.4065030e+06   3.5583496e+01
   4.4133570e+06   3.5095215e+01
   4.4371830e+06   3.5949707e+01
   4.4438020e+06   3.4973145e+01
   4.4574180e+06   3.6071777e+01
   4.4582880e+06   3.8696289e+01
   4.4622850e+06   3.5644531e+01
   4.4668310e+06   3.5339355e+01
   4.4760380e+06   3.6437988e+01
   4.4771190e+06   4.3090820e+01
   4.4825470e+06   4.1564941e+01
   4.4854770e+06   4.8400879e+01
   4.4904820e+06   5.0170898e+01
   4.4908540e+06   5.0537109e+01
   4.5059210e+06   3.9428711e+01
   4.5075420e+06   3.8818359e+01
   4.5094660e+06   4.7180176e+01
   4.5180000e+06   3.7963867e+01
   4.5235740e+06   4.6325684e+01
   4.5237360e+06   3.6621094e+01
   4.5249310e+06   3.9123535e+01
   4.5268000e+06   4.5227051e+01
   4.5272520e+06   3.9855957e+01
   4.5299760e+06   4.7668457e+01
   4.5311510e+06   4.1259766e+01
   4.5331740e+06   3.6926270e+01
   4.5396900e+06   3.9001465e+01
   4.5563700e+06   4.0161133e+01
   4.5611320e+06   5.6335449e+01
   4.5630220e+06   3.7475586e+01
   4.5638770e+06   3.9978027e+01
   4.5641870e+06   3.8024902e+01
   4.5646810e+06   4.4799805e+01
   4.5754860e+06   3.7414551e+01
   4.5849120e+06   4.5043945e+01
   4.5871110e+06   3.9062500e+01
   4.5874220e+06   3.5339355e+01
   4.5970710e+06   3.5156250e+01
   4.5974490e+06   4.1564941e+01
   4.6012350e+06   3.7963867e+01
   4.6018590e+06   4.4677734e+01
   4.6023890e+06   4.6875000e+01
   4.6071980e+06   3.9672852e+01
   4.6133830e+06   4.5654297e+01
   4.6166330e+06   3.5095215e+01
   4.6183970e+06   4.6813965e+01
   4.6209020e+06   3.7475586e+01
   4.6269630e+06   3.8757324e+01
   4.6295640e+06   3.8879395e+01
   4.6334650e+06   4.7973633e+01
   4.6338350e+06   5.3405762e+01
   4.6396880e+06   4.0832520e+01
   4.6416340e+06   3.5278320e+01
   4.6634180e+06   3.5766602e+01
   4.6648070e+06   4.2907715e+01
   4.6657000e+06   4.2053223e+01
   4.6668530e+06   5.5053711e+01
   4.6785520e+06   3.6010742e+01
   4.6850920e+06   4.2602539e+01
   4.6950130e+06   4.2297363e+01
   4.7146670e+06   3.5644531e+01
   4.7168740e+06   3.6743164e+01
   4.7180210e+06   3.5766602e+01
   4.7189240e+06   5.0964355e+01
   4.7201950e+06   4.4067383e+01
   4.7206060e+06   3.5217285e+01
   4.7250810e+06   3.7536621e+01
   4.7285030e+06   3.7536621e+01
   4.7298460e+06   4.2602539e+01
   4.7519460e+06   5.3771973e+01
   4.7586510e+06   3.6010742e+01
   4.7644980e+06   4.4799805e+01
   4.7647300e+06   3.6193848e+01
   4.7698920e+06   5.4626465e+01
   4.7797830e+06   3.6987305e+01
   4.7804330e+06   3.7963867e+01
   4.7913340e+06   3.5095215e+01
   4.8087690e+06   3.4973145e+01
   4.8221830e+06   3.6743164e+01
   4.8251650e+06   3.5156250e+01
   4.8419260e+06   3.6987305e+01
   4.8419830e+06   5.6030273e+01
   4.8469420e+06   3.7353516e+01
   4.8515300e+06   4.4189453e+01
   4.8584630e+06   5.0598145e+01
   4.8846680e+06   5.0537109e+01
   4.8854840e+06   4.9804688e+01
   4.8985060e+06   4.4738770e+01
   4.9098200e+06   3.8146973e+01
   4.9107140e+06   3.7841797e+01
   4.9177180e+06   4.1015625e+01
   4.9198620e+06   3.5461426e+01
   4.9228490e+06   4.1870117e+01
   4.9388570e+06   4.0222168e+01
   4.9459210e+06   5.9326172e+01
   4.9504330e+06   3.5888672e+01
   4.9515460e+06   4.4311523e+01
   4.9541400e+06   4.0771484e+01
   4.9670620e+06   5.1696777e+01
   4.9712080e+06   4.4799805e+01
   4.9779310e+06   3.9001465e+01
   4.9916850e+06   3.5217285e+01
   4.9938110e+06   3.7292480e+01
   5.0015380e+06   3.8024902e+01
   5.0049450e+06   3.5339355e+01
   5.0160010e+06   3.6987305e+01
   5.0487590e+06   4.8400879e+01
   5.0503770e+06   5.2856445e+01
   5.0682270e+06   3.8391113e+01
   5.0799480e+06   3.5156250e+01
   5.0896290e+06   4.4433594e+01
   5.1089850e+06   3.9489746e+01
   5.1094440e+06   3.7841797e+01
   5.1163650e+06   3.5522461e+01
   5.1301050e+06   3.5034180e+01
   5.1320200e+06   4.1870117e+01
   5.1373520e+06   3.5034180e+01
   5.1379200e+06   3.7841797e+01
   5.1384570e+06   3.7597656e+01
   5.1484370e+06   3.4851074e+01
   5.1488830e+06   3.5827637e+01
   5.1491680e+06   4.9987793e+01
   5.1567420e+06   4.1259766e+01
   5.1769850e+06   3.8879395e+01
   5.1817740e+06   4.6813965e+01
   5.1985050e+06   4.2297363e+01
   5.2039580e+06   4.1748047e+01
   5.2151980e+06   3.5278320e+01
   5.2211240e+06   3.7841797e+01
   5.2270810e+06   3.8085938e+01
   5.2363480e+06   4.1076660e+01
   5.2395540e+06   3.5766602e+01
   5.2483150e+06   4.5349121e+01
   5.2513510e+06   3.6621094e+01
   5.2530300e+06   3.7048340e+01
   5.2621610e+06   4.8889160e+01
   5.2714700e+06   3.6437988e+01
   5.2740910e+06   4.3029785e+01
   5.2761450e+06   3.5827637e+01
   5.2782490e+06   3.8024902e+01
   5.2873930e+06   3.4973145e+01
   5.2939120e+06   4.7851563e+01
   5.3013040e+06   3.9855957e+01
   5.3081250e+06   3.9245605e+01
   5.3272150e+06   3.6193848e+01
   5.3362710e+06   4.8156738e+01
   5.3364810e+06   4.0771484e+01
   5.3441580e+06   3.8574219e+01
   5.3598410e+06   3.8452148e+01
   5.3632150e+06   4.1259766e+01
   5.3656610e+06   3.7231445e+01
   5.3664320e+06   3.6926270e+01
   5.3670360e+06   4.2907715e+01
   5.3727600e+06   3.5888672e+01
   5.3731270e+06   4.1748047e+01
   5.3741100e+06   3.8391113e+01
   5.3864720e+06   3.6193848e+01
   5.4132400e+06   3.6193848e+01
   5.4139990e+06   3.6376953e+01
   5.4160800e+06   3.9367676e+01
   5.4202670e+06   4.4250488e+01
   5.4323900e+06   3.8208008e+01
   5.4334730e+06   3.8574219e+01
   5.4342670e+06   3.9306641e+01
   5.4343630e+06   3.4973145e+01
   5.4402500e+06   4.7973633e+01
   5.4411720e+06   4.8156738e+01
   5.4415910e+06   3.8024902e+01
   5.4504570e+06   3.4851074e+01
   5.4540960e+06   4.5227051e+01
   5.4566520e+06   3.8574219e+01
   5.4581130e+06   4.2480469e+01
   5.4651590e+06   4.7851563e+01
   5.4659730e+06   4.4006348e+01
   5.4679420e+06   4.1259766e+01
   5.4696470e+06   3.6865234e+01
   5.4714890e+06   3.9184570e+01
   5.4744070e+06   3.6437988e+01
   5.4791060e+06   4.6142578e+01
   5.4834430e+06   3.5583496e+01
   5.4841520e+06   3.5888672e+01
   5.4847820e+06   3.7658691e+01
   5.4849340e+06   3.5034180e+01
   5.4890180e+06   3.6499023e+01
   5.4936810e+06   3.6132812e+01
   5.4968660e+06   4.0466309e+01
   5.4995720e+06   5.4138184e+01
   5.5127620e+06   4.4677734e+01
   5.5141460e+06   5.4870605e+01
   5.5152830e+06   4.0588379e+01
   5.5153280e+06   3.8452148e+01
   5.5308920e+06   3.9062500e+01
   5.5337030e+06   4.9743652e+01
   5.5373760e+06   3.5827637e+01
   5.5407950e+06   4.1259766e+01
   5.5453630e+06   3.5705566e+01
   5.5617770e+06   4.7973633e+01
   5.5666960e+06   3.6254883e+01
   5.5761700e+06   4.8828125e+01
   5.5765340e+06   3.6499023e+01
   5.5773890e+06   3.6560059e+01
   5.5781710e+06   3.6926270e+01
   5.5905720e+06   3.9855957e+01
   5.6071530e+06   3.6743164e+01
   5.6091610e+06   4.3029785e+01
   5.6333900e+06   3.9489746e+01
   5.6424820e+06   3.6315918e+01
   5.6488530e+06   3.5400391e+01
   5.6600800e+06   3.9062500e+01
   5.6622950e+06   3.8635254e+01
   5.6737550e+06   3.8269043e+01
   5.6803730e+06   4.5043945e+01
   5.6895800e+06   3.9794922e+01
   5.6902380e+06   4.2480469e+01
   5.6922360e+06   3.6743164e+01
   5.7064680e+06   4.0527344e+01
   5.7112020e+06   4.9255371e+01
   5.7193770e+06   4.2053223e+01
   5.7229410e+06   3.5095215e+01
   5.7247550e+06   3.5095215e+01
   5.7318440e+06   5.1879883e+01
   5.7408480e+06   3.8757324e+01
   5.7446010e+06   5.0598145e+01
   5.7495680e+06   3.6376953e+01
   5.7579890e+06   3.6743164e+01
   5.7592710e+06   5.5175781e+01
   5.7848420e+06   3.5827637e+01
   5.7915580e+06   3.8574219e+01
   5.7939920e+06   3.9428711e+01
   5.7977430e+06   3.7048340e+01
   5.8059150e+06   4.1015625e+01
   5.8232390e+06   3.5095215e+01
   5.8254910e+06   3.4912109e+01
   5.8341730e+06   3.5095215e+01
   5.8345990e+06   3.5949707e+01
   5.8469880e+06   3.6193848e+01
   5.8594620e+06   3.5766602e+01
   5.8684330e+06   3.8452148e+01
   5.8740900e+06   4.1564941e+01
   5.8814280e+06   4.3640137e+01
   5.8932260e+06   3.6499023e+01
   5.8942130e+06   4.2358398e+01
   5.8947510e+06   3.6926270e+01
   5.9006200e+06   3.8635254e+01
   5.9010730e+06   4.0100098e+01
   5.9059920e+06   3.5278320e+01
   5.9067700e+06   3.6682129e+01
   5.9184040e+06   3.6376953e+01
   5.9300380e+06   4.9011230e+01
   5.9345080e+06   3.6376953e+01
   5.9352120e+06   5.3405762e+01
   5.9361450e+06   4.0649414e+01
   5.9401280e+06   4.1931152e+01
   5.9413220e+06   3.5644531e+01
   5.9541390e+06   3.9794922e+01
   5.9573160e+06   3.6376953e+01
   5.9730360e+06   5.9631348e+01
   5.9743290e+06   3.6865234e+01
   6.0033590e+06   3.8635254e+01
   6.0198150e+06   4.0466309e+01
   6.0297680e+06   3.6193848e+01
   6.0305300e+06   3.8574219e+01
   6.0359570e+06   3.8635254e+01
   6.0409880e+06   3.6804199e+01
   6.0518970e+06   3.5339355e+01
   6.0591500e+06   3.9855957e+01
   6.0837690e+06   5.8288574e+01
   6.0877740e+06   3.9245605e+01
   6.1149910e+06   3.8635254e+01
   6.1163330e+06   3.4851074e+01
   6.1201020e+06   3.6010742e+01
   6.1207660e+06   3.7292480e+01
   6.1273140e+06   3.5644531e+01
   6.1370370e+06   3.6621094e+01
   6.1421850e+06   3.5644531e+01
   6.1430330e+06   3.4912109e+01
   6.1602890e+06   3.6071777e+01
   6.1863500e+06   3.7536621e+01
   6.1908240e+06   3.9733887e+01
   6.1914330e+06   3.7780762e+01
   6.1966870e+06   3.6926270e+01
   6.2088550e+06   3.4973145e+01
   6.2272870e+06   3.8024902e+01
   6.2287420e+06   3.8146973e+01
   6.2373270e+06   3.5583496e+01
   6.2705000e+06   3.6315918e+01
   6.2803250e+06   3.9001465e+01
   6.2855830e+06   3.4912109e+01
   6.3092900e+06   3.5400391e+01
   6.3169350e+06   3.5278320e+01
   6.3247690e+06   3.5217285e+01
   6.3402130e+06   3.5644531e+01
   6.3425210e+06   3.5034180e+01
   6.3488600e+06   3.9794922e+01
   6.3569130e+06   3.8330078e+01
   6.3643550e+06   3.9367676e+01
   6.3661720e+06   6.0852051e+01
   6.3972330e+06   3.7963867e+01
   6.4122150e+06   3.6865234e+01
   6.4132990e+06   4.7058105e+01
   6.4137570e+06   4.9316406e+01
   6.4228310e+06   3.9489746e+01
   6.4382830e+06   3.8085938e+01
   6.4387270e+06   3.5461426e+01
   6.4523830e+06   3.6987305e+01
   6.4614000e+06   4.3151855e+01
   6.4616700e+06   4.1625977e+01
   6.4793980e+06   4.1381836e+01
   6.4815820e+06   3.5034180e+01
   6.5059130e+06   4.1687012e+01
   6.5097800e+06   4.5349121e+01
   6.5260970e+06   4.3029785e+01
   6.5269510e+06   3.5949707e+01
   6.5295980e+06   3.6010742e+01
   6.5388600e+06   3.7658691e+01
   6.5460650e+06   3.6865234e+01
   6.5524600e+06   3.5217285e+01
   6.5668240e+06   3.8635254e+01
   6.5720360e+06   3.7231445e+01
   6.5966880e+06   3.6926270e+01
   6.5972060e+06   4.1564941e+01
   6.6053970e+06   4.5227051e+01
   6.6403190e+06   4.0039062e+01
   6.6421320e+06   3.7658691e+01
   6.6448870e+06   3.5095215e+01
   6.6490510e+06   3.7170410e+01
   6.6536710e+06   4.0161133e+01
   6.6677840e+06   3.9733887e+01
   6.6803790e+06   4.0283203e+01
   6.6814800e+06   3.7353516e+01
   6.6972140e+06   3.7353516e+01
   6.7018150e+06   3.9184570e+01
   6.7177160e+06   3.9245605e+01
   6.7409180e+06   3.5705566e+01
   6.7618050e+06   3.6926270e+01
   6.7688300e+06   3.5278320e+01
   6.7816550e+06   3.5644531e+01
   6.7830800e+06   3.5522461e+01
   6.8108660e+06   3.6499023e+01
   6.8367080e+06   3.6193848e+01
   6.8462150e+06   3.6132812e+01
   6.8627210e+06   3.6682129e+01
   6.8661880e+06   4.3029785e+01
   6.8666790e+06   3.5034180e+01
   6.8933030e+06   4.5288086e+01
   6.8966480e+06   4.2480469e+01
   6.8969640e+06   4.5166016e+01
   6.9220230e+06   4.0283203e+01
   6.9253460e+06   3.5156250e+01
   6.9289040e+06   4.0283203e+01
   6.9416590e+06   4.1137695e+01
   6.9525450e+06   3.6865234e+01
   6.9881550e+06   3.4912109e+01
   6.9991480e+06   3.7109375e+01
   7.0048550e+06   4.2236328e+01
   7.0093290e+06   4.0832520e+01
   7.0167950e+06   3.5034180e+01
   7.0270710e+06   3.9123535e+01
   7.0360280e+06   3.8879395e+01
   7.1012450e+06   3.5583496e+01
   7.1019730e+06   3.8085938e+01
   7.1220080e+06   3.4912109e+01
   7.1226170e+06   3.7780762e+01
   7.1493670e+06   3.6376953e+01
   7.1539240e+06   3.4851074e+01
   7.1808370e+06   3.5217285e+01
   7.2276530e+06   3.6071777e+01
   7.2561930e+06   3.6682129e+01
   7.2699890e+06   3.6071777e+01
   7.2804820e+06   3.9367676e+01
   7.2853520e+06   3.5705566e+01
   7.2901240e+06   3.5644531e+01
   7.3080660e+06   3.6315918e+01
   7.3220340e+06   3.5400391e+01
   7.3331190e+06   3.5888672e+01
   7.3626850e+06   3.5522461e+01
   7.3702650e+06   3.8452148e+01
   7.3880050e+06   3.7597656e+01
   7.3893030e+06   4.9926758e+01
   7.4398100e+06   4.7729492e+01
   7.4400450e+06   5.3039551e+01
   7.4406550e+06   3.9245605e+01
   7.4519110e+06   3.6010742e+01
   7.4567640e+06   3.9062500e+01
   7.4630420e+06   3.5461426e+01
   7.4901820e+06   3.4851074e+01
   7.4952030e+06   3.6193848e+01
   7.4977510e+06   4.5471191e+01
   7.5168290e+06   3.9733887e+01
   7.5328780e+06   3.6437988e+01
   7.5498490e+06   3.7963867e+01
   7.5539730e+06   5.1635742e+01
   7.5545500e+06   4.3029785e+01
   7.5679920e+06   3.9184570e+01
   7.6161150e+06   3.6071777e+01
   7.6192090e+06   3.6926270e+01
   7.6229360e+06   3.5705566e+01
   7.6466810e+06   3.4851074e+01
   7.6502330e+06   3.4851074e+01
   7.6916730e+06   3.7414551e+01
   7.7088960e+06   3.5705566e+01
   7.7181690e+06   3.6804199e+01
   7.7260310e+06   3.5339355e+01
   7.7641280e+06   3.5583496e+01
   7.7704410e+06   3.5400391e+01
   7.7759250e+06   3.5339355e+01
   7.7809900e+06   3.5827637e+01
   7.8061060e+06   3.4912109e+01
   7.8386290e+06   3.9001465e+01
   7.8691800e+06   3.7658691e+01
   7.9035790e+06   3.9062500e+01
   7.9290150e+06   4.2053223e+01
   7.9369920e+06   3.8574219e+01
   7.9523390e+06   3.8024902e+01
   7.9692030e+06   4.0832520e+01
   7.9698110e+06   3.6621094e+01
   7.9702950e+06   3.6804199e+01
   7.9925330e+06   4.2602539e+01
   7.9941890e+06   3.6376953e+01
   8.0313920e+06   4.3701172e+01
   8.0664530e+06   4.1320801e+01
   8.0808970e+06   3.8696289e+01
   8.0853920e+06   3.6499023e+01
   8.0860240e+06   3.5400391e+01
   8.1088480e+06   3.7597656e+01
   8.1229150e+06   4.0222168e+01
   8.1252300e+06   4.5532227e+01
   8.1407940e+06   3.5339355e+01
   8.1458780e+06   4.0100098e+01
   8.1905420e+06   3.7353516e+01
   8.1989080e+06   4.6875000e+01
   8.2291200e+06   3.5522461e+01
   8.2361530e+06   3.7170410e+01
   8.2585420e+06   3.9001465e+01
   8.2617390e+06   3.7597656e+01
   8.2815390e+06   3.5461426e+01
   8.3048220e+06   3.9306641e+01
   8.3106430e+06   3.9367676e+01
   8.3337990e+06   4.7729492e+01
   8.3351340e+06   5.6884766e+01
   8.3355920e+06   5.7250977e+01
   8.3928240e+06   3.6193848e+01
   8.4017530e+06   3.6254883e+01
   8.4133950e+06   4.0466309e+01
   8.4187540e+06   3.8757324e+01
   8.4245010e+06   3.6682129e+01
   8.4257780e+06   3.7536621e+01
   8.4835610e+06   3.5217285e+01
   8.4878170e+06   3.4851074e+01
   8.5038830e+06   3.5766602e+01
   8.5487600e+06   4.2785645e+01
   8.5544990e+06   4.0283203e+01
   8.5618410e+06   3.5339355e+01
   8.5659030e+06   3.4973145e+01
   8.6011910e+06   3.6071777e+01
   8.6629130e+06   4.4799805e+01
   8.6786600e+06   3.7475586e+01
   8.7120960e+06   3.9733887e+01
   8.7586860e+06   3.8513184e+01
   8.7737910e+06   3.6743164e+01
   8.8532390e+06   3.5766602e+01
   8.8650250e+06   3.9550781e+01
   8.9068500e+06   3.8757324e+01
   8.9085710e+06   3.6926270e+01
   8.9153460e+06   3.6376953e+01
   8.9490810e+06   3.6926270e+01
   8.9550100e+06   4.0954590e+01
   8.9661350e+06   3.9611816e+01
   8.9851800e+06   4.8889160e+01
   8.9855100e+06   6.1767578e+01
