   8.9990000e+06   0.0000000e+00
   8.3359000e+04   4.7058105e+01
   9.7556000e+04   4.3579102e+01
   4.1919200e+05   4.2663574e+01
   5.0737200e+05   4.3029785e+01
   1.1261470e+06   4.2358398e+01
   1.3561710e+06   4.2541504e+01
   1.5055690e+06   4.2846680e+01
   1.5702900e+06   4.1381836e+01
   2.0491070e+06   4.1748047e+01
   2.0749710e+06   4.1992188e+01
   2.4913860e+06   4.8889160e+01
   2.6978740e+06   4.6081543e+01
   2.8000100e+06   4.1076660e+01
   3.3698410e+06   4.1870117e+01
   3.6941940e+06   4.3395996e+01
   3.7617010e+06   4.1259766e+01
   4.3373570e+06   4.6264648e+01
   4.3437650e+06   4.1625977e+01
   4.5796410e+06   4.1564941e+01
   4.8584520e+06   4.1137695e+01
   5.3357920e+06   4.1809082e+01
   5.5086090e+06   4.1320801e+01
   6.1403580e+06   4.1137695e+01
   6.1460930e+06   4.2785645e+01
   6.6329650e+06   4.2114258e+01
   7.1858750e+06   4.3762207e+01
   7.3185640e+06   4.0954590e+01
   7.3680190e+06   4.1687012e+01
   7.8074200e+06   4.2236328e+01
   7.9899050e+06   4.1442871e+01
   8.4466170e+06   4.4311523e+01
   8.5517510e+06   4.2297363e+01
   8.7164150e+06   4.1198730e+01
