   8.9990000e+06   0.0000000e+00
   9.1487000e+04   3.3935547e+01
   1.0644800e+05   3.6193848e+01
   1.5579100e+05   3.5461426e+01
   2.2310400e+05   3.7231445e+01
   3.1093100e+05   3.3264160e+01
   3.2224000e+05   3.4057617e+01
   4.1740800e+05   3.4057617e+01
   4.2450400e+05   3.4423828e+01
   4.4528400e+05   3.3874512e+01
   4.5241400e+05   3.8940430e+01
   4.7340100e+05   3.4179688e+01
   4.7414100e+05   3.3325195e+01
   5.0613700e+05   3.4851074e+01
   5.2101100e+05   3.3508301e+01
   5.5119700e+05   3.4912109e+01
   5.6635800e+05   3.6071777e+01
   5.7234700e+05   3.4973145e+01
   5.9996400e+05   3.3874512e+01
   6.1749600e+05   3.4667969e+01
   7.4784500e+05   3.3691406e+01
   8.4230600e+05   3.7231445e+01
   8.7334700e+05   3.4484863e+01
   9.1423500e+05   3.3447266e+01
   9.3498600e+05   3.5278320e+01
   9.8771800e+05   3.3630371e+01
   1.0276510e+06   3.4240723e+01
   1.0354600e+06   3.4362793e+01
   1.0915680e+06   3.7414551e+01
   1.1467240e+06   3.4545898e+01
   1.3130770e+06   3.3203125e+01
   1.3745180e+06   3.9733887e+01
   1.4041710e+06   3.5705566e+01
   1.4168440e+06   3.5339355e+01
   1.4358670e+06   3.3752441e+01
   1.5605140e+06   3.4179688e+01
   1.6437570e+06   3.4179688e+01
   1.7838100e+06   3.8085938e+01
   1.7978230e+06   3.3630371e+01
   3.0858390e+06   3.5034180e+01
   3.2685870e+06   3.3569336e+01
   3.5197490e+06   3.4118652e+01
   3.5797240e+06   3.5400391e+01
   3.5949460e+06   3.3935547e+01
   3.6163480e+06   3.7170410e+01
   3.7479950e+06   3.6987305e+01
   3.9405060e+06   3.4057617e+01
   3.9664900e+06   3.4912109e+01
   4.0712740e+06   3.6743164e+01
   4.0742290e+06   3.4362793e+01
   4.1422490e+06   3.5827637e+01
   4.1496740e+06   3.6621094e+01
   4.2358040e+06   3.3264160e+01
   4.2760480e+06   3.5095215e+01
   4.2956880e+06   3.6071777e+01
   4.3353530e+06   3.4484863e+01
   4.3612980e+06   3.6376953e+01
   4.3717910e+06   3.9062500e+01
   4.3761250e+06   3.4240723e+01
   4.4520680e+06   3.8757324e+01
   4.4559060e+06   3.4973145e+01
   4.5521000e+06   3.3874512e+01
   4.6345080e+06   3.3874512e+01
   4.6508620e+06   3.3691406e+01
   4.7349900e+06   3.3203125e+01
   4.8263030e+06   3.4301758e+01
   4.8356280e+06   3.4057617e+01
   4.9120640e+06   3.3752441e+01
   4.9377140e+06   3.4240723e+01
   5.1628330e+06   3.4179688e+01
   5.1879540e+06   3.5156250e+01
   5.2536360e+06   3.7414551e+01
   5.4236090e+06   3.3752441e+01
   5.4594120e+06   3.9306641e+01
   5.5877480e+06   3.4301758e+01
   5.6194850e+06   3.4973145e+01
   5.7388160e+06   3.3813477e+01
   5.9231070e+06   3.3203125e+01
   5.9304350e+06   3.4851074e+01
   5.9461360e+06   3.4790039e+01
   5.9959430e+06   3.3691406e+01
   6.0153320e+06   3.4057617e+01
   6.1139820e+06   3.6071777e+01
   6.1206000e+06   3.5949707e+01
   6.1239100e+06   3.3325195e+01
   6.1558420e+06   3.5400391e+01
   6.2918110e+06   3.3752441e+01
   6.3244310e+06   3.5827637e+01
   6.4791770e+06   3.3325195e+01
   6.5407770e+06   3.7658691e+01
   6.7371950e+06   3.5705566e+01
   6.7436740e+06   3.3203125e+01
   6.7552200e+06   3.3386230e+01
   6.8483400e+06   3.5156250e+01
   6.8599000e+06   4.4799805e+01
   6.9241500e+06   3.4240723e+01
   6.9349420e+06   3.5827637e+01
   6.9846020e+06   3.3508301e+01
   7.0019690e+06   3.3935547e+01
   7.0805420e+06   3.5705566e+01
   7.1677160e+06   3.3203125e+01
   7.2162010e+06   3.8513184e+01
   7.3631580e+06   3.5156250e+01
   7.4787910e+06   3.3508301e+01
   7.4865130e+06   3.3325195e+01
   7.4930860e+06   3.3447266e+01
   7.5041960e+06   3.3264160e+01
   7.5130620e+06   3.3386230e+01
   7.6288810e+06   3.8818359e+01
   7.6824420e+06   3.4118652e+01
   7.6992520e+06   3.5827637e+01
   7.8403420e+06   3.6071777e+01
   7.9391560e+06   3.3203125e+01
   7.9570960e+06   3.6437988e+01
   8.0195150e+06   3.5095215e+01
   8.0456910e+06   3.3874512e+01
   8.0573850e+06   3.4057617e+01
   8.1451340e+06   3.6743164e+01
   8.1721730e+06   3.8818359e+01
   8.2459910e+06   3.3325195e+01
   8.2516450e+06   3.5766602e+01
   8.3264330e+06   3.6926270e+01
   8.4613420e+06   3.4362793e+01
   8.4887320e+06   3.5522461e+01
   8.4953450e+06   3.4362793e+01
   8.5139050e+06   4.1015625e+01
   8.5290930e+06   3.4057617e+01
   8.7354620e+06   3.3386230e+01
   8.8105730e+06   3.6499023e+01
   8.8680030e+06   3.6865234e+01
   8.8768470e+06   3.6987305e+01
   8.9618080e+06   3.7292480e+01
   8.9696440e+06   3.3813477e+01
