   8.9990000e+06   0.0000000e+00
   1.6890000e+04   3.6926270e+01
   8.3261000e+04   3.8574219e+01
   1.1626000e+05   3.7536621e+01
   1.5504700e+05   3.9916992e+01
   1.7993300e+05   3.6071777e+01
   1.8764800e+05   3.7841797e+01
   1.9899400e+05   3.8330078e+01
   2.0494900e+05   3.6560059e+01
   2.1502400e+05   3.6376953e+01
   2.2439000e+05   3.6926270e+01
   2.9885700e+05   4.1076660e+01
   3.6009000e+05   3.6743164e+01
   3.6475500e+05   3.6254883e+01
   3.9012600e+05   3.6865234e+01
   4.0002400e+05   3.7231445e+01
   4.1741600e+05   3.6926270e+01
   4.9149800e+05   3.6560059e+01
   4.9525000e+05   3.7658691e+01
   4.9962400e+05   3.7048340e+01
   5.4563700e+05   4.4494629e+01
   5.5003500e+05   3.7475586e+01
   5.6608900e+05   3.6071777e+01
   5.7856000e+05   3.7719727e+01
   5.8890200e+05   3.9733887e+01
   6.0467100e+05   3.8208008e+01
   6.2815500e+05   3.9978027e+01
   6.5103500e+05   3.7719727e+01
   6.8657600e+05   3.6376953e+01
   7.0571900e+05   3.6926270e+01
   7.1494400e+05   4.0466309e+01
   7.4254300e+05   3.7902832e+01
   7.7041200e+05   3.6132812e+01
   7.7544300e+05   3.8574219e+01
   8.0113400e+05   3.7475586e+01
   8.4237500e+05   3.9428711e+01
   8.4661900e+05   4.2114258e+01
   8.8471800e+05   3.9428711e+01
   9.2653500e+05   3.6865234e+01
   9.3748500e+05   4.0161133e+01
   9.4856800e+05   4.3823242e+01
   9.6063800e+05   3.9001465e+01
   9.8889100e+05   3.8146973e+01
   1.0166170e+06   3.7414551e+01
   1.0779680e+06   3.9123535e+01
   1.0933850e+06   3.7536621e+01
   1.0970830e+06   3.9306641e+01
   1.1072850e+06   3.8818359e+01
   1.1192830e+06   3.7475586e+01
   1.1299320e+06   3.9733887e+01
   1.1555410e+06   3.7597656e+01
   1.1643760e+06   3.7048340e+01
   1.1718580e+06   4.5715332e+01
   1.1864760e+06   3.7780762e+01
   1.2223270e+06   3.6132812e+01
   1.2281230e+06   4.1992188e+01
   1.2541670e+06   3.6254883e+01
   1.2594780e+06   3.6132812e+01
   1.2653500e+06   3.6682129e+01
   1.2825550e+06   3.6804199e+01
   1.2926650e+06   3.6437988e+01
   1.3092210e+06   3.6804199e+01
   1.3129250e+06   3.6499023e+01
   1.3601940e+06   3.6499023e+01
   1.3721340e+06   3.6804199e+01
   1.3961520e+06   3.7475586e+01
   1.4147600e+06   4.1870117e+01
   1.4192250e+06   3.6071777e+01
   1.4964240e+06   4.2663574e+01
   1.5015460e+06   3.7963867e+01
   1.5198880e+06   4.0344238e+01
   1.5795560e+06   3.8024902e+01
   1.6392890e+06   3.7109375e+01
   1.6744410e+06   3.7536621e+01
   1.6834560e+06   3.9916992e+01
   1.7066230e+06   3.8513184e+01
   1.7272260e+06   3.8330078e+01
   1.7284350e+06   3.7780762e+01
   1.7434970e+06   3.8879395e+01
   1.7467140e+06   3.8696289e+01
   1.8343890e+06   3.8635254e+01
   1.8428320e+06   3.9489746e+01
   1.8971740e+06   3.9184570e+01
   1.9304930e+06   3.7414551e+01
   1.9707470e+06   3.8085938e+01
   2.0168840e+06   3.7414551e+01
   2.0231670e+06   3.8574219e+01
   2.0304790e+06   3.7536621e+01
   2.0659610e+06   3.8085938e+01
   2.0715130e+06   3.7048340e+01
   2.0998450e+06   3.6621094e+01
   2.1118420e+06   3.9001465e+01
   2.1328900e+06   3.6071777e+01
   2.1415800e+06   3.9062500e+01
   2.1885640e+06   3.6132812e+01
   2.2273070e+06   3.6315918e+01
   2.2521630e+06   4.1198730e+01
   2.2589470e+06   3.6804199e+01
   2.3159620e+06   4.0771484e+01
   2.3250070e+06   3.6743164e+01
   2.3395150e+06   3.8879395e+01
   2.3712020e+06   4.2907715e+01
   2.4110660e+06   3.8269043e+01
   2.4237520e+06   3.7170410e+01
   2.4820940e+06   3.7658691e+01
   2.4900610e+06   4.1503906e+01
   2.5093820e+06   3.8757324e+01
   2.5207920e+06   3.7231445e+01
   2.5494510e+06   3.7048340e+01
   2.5699140e+06   3.8574219e+01
   2.5894470e+06   3.8452148e+01
   2.6140570e+06   3.6682129e+01
   2.6431450e+06   3.7109375e+01
   2.6657630e+06   3.9306641e+01
   2.6718270e+06   4.0283203e+01
   2.6864750e+06   3.9978027e+01
   2.7099580e+06   3.8818359e+01
   2.7353950e+06   3.7841797e+01
   2.7732200e+06   3.8818359e+01
   2.7987480e+06   3.6865234e+01
   2.8249140e+06   3.6682129e+01
   2.8642680e+06   3.6437988e+01
   2.8785960e+06   3.6682129e+01
   2.9432930e+06   3.9245605e+01
   2.9654240e+06   3.9550781e+01
   2.9941800e+06   3.8513184e+01
   3.0031850e+06   4.1198730e+01
   3.0181580e+06   3.8879395e+01
   3.0791490e+06   4.0527344e+01
   3.1311250e+06   3.8208008e+01
   3.1536300e+06   3.9001465e+01
   3.2990000e+06   3.7353516e+01
   3.3446700e+06   3.7719727e+01
   3.3553800e+06   4.1076660e+01
   3.4215450e+06   3.9733887e+01
   3.4480570e+06   3.7780762e+01
   3.6333130e+06   3.6193848e+01
   3.6981970e+06   3.8696289e+01
   3.7784040e+06   3.7109375e+01
   3.7944990e+06   3.8208008e+01
   3.8345010e+06   4.0039063e+01
   3.8656040e+06   3.8208008e+01
   3.8909000e+06   3.7841797e+01
   3.9318340e+06   4.1381836e+01
   3.9412310e+06   3.8146973e+01
   3.9804760e+06   3.6804199e+01
   4.0049110e+06   3.6437988e+01
   4.0810490e+06   3.6437988e+01
   4.1245640e+06   4.3640137e+01
   4.1475900e+06   4.1442871e+01
   4.1888640e+06   3.6499023e+01
   4.1932080e+06   4.0283203e+01
   4.1979300e+06   4.2419434e+01
   4.2058560e+06   4.0100098e+01
   4.2196890e+06   3.9978027e+01
   4.2320780e+06   3.9428711e+01
   4.2798190e+06   3.8391113e+01
   4.3502080e+06   3.9794922e+01
   4.4194540e+06   4.1137695e+01
   4.4541180e+06   3.9489746e+01
   4.4884040e+06   3.9306641e+01
   4.4972300e+06   3.6743164e+01
   4.5194030e+06   3.7414551e+01
   4.5366080e+06   4.0466309e+01
   4.5452360e+06   3.9428711e+01
   4.5763690e+06   3.6254883e+01
   4.5911790e+06   3.8696289e+01
   4.6081350e+06   3.9245605e+01
   4.6199910e+06   4.0466309e+01
   4.6260700e+06   3.7841797e+01
   4.6525130e+06   3.7414551e+01
   4.6577680e+06   3.6621094e+01
   4.6916400e+06   4.0222168e+01
   4.7780090e+06   3.6132812e+01
   4.7861630e+06   3.8024902e+01
   4.8307820e+06   3.6071777e+01
   4.8429870e+06   4.0954590e+01
   4.8589550e+06   4.0344238e+01
   4.8822920e+06   4.0283203e+01
   4.8963870e+06   3.6193848e+01
   4.8994520e+06   3.9550781e+01
   4.9073490e+06   4.6203613e+01
   4.9127450e+06   3.7353516e+01
   4.9189230e+06   4.0161133e+01
   4.9413730e+06   3.6621094e+01
   4.9462520e+06   3.7353516e+01
   4.9521010e+06   4.0771484e+01
   4.9789210e+06   3.8330078e+01
   4.9892470e+06   4.4738770e+01
   5.0225730e+06   4.0710449e+01
   5.0283270e+06   3.8452148e+01
   5.0508970e+06   4.5837402e+01
   5.0577100e+06   4.2480469e+01
   5.0744140e+06   4.3640137e+01
   5.0783070e+06   3.6804199e+01
   5.0938990e+06   3.7475586e+01
   5.1062010e+06   3.9306641e+01
   5.1600270e+06   4.0954590e+01
   5.1668710e+06   3.7719727e+01
   5.1694600e+06   3.7414551e+01
   5.1911580e+06   4.0832520e+01
   5.2008390e+06   3.9306641e+01
   5.2185790e+06   4.0588379e+01
   5.2295270e+06   3.7109375e+01
   5.2469250e+06   3.8146973e+01
   5.2572660e+06   3.7597656e+01
   5.2674270e+06   4.1320801e+01
   5.2874840e+06   3.6560059e+01
   5.2934550e+06   4.2236328e+01
   5.3150120e+06   3.9672852e+01
   5.3220320e+06   4.5715332e+01
   5.3310640e+06   4.0466309e+01
   5.3336840e+06   4.1931152e+01
   5.3394330e+06   4.6875000e+01
   5.3472340e+06   4.0100098e+01
   5.3569830e+06   3.9733887e+01
   5.3662480e+06   4.1748047e+01
   5.3832840e+06   3.8574219e+01
   5.3933690e+06   3.8330078e+01
   5.3947730e+06   3.6193848e+01
   5.3985350e+06   3.8391113e+01
   5.4057000e+06   3.8146973e+01
   5.4102550e+06   3.8085938e+01
   5.4177110e+06   3.8635254e+01
   5.4213910e+06   4.0283203e+01
   5.4279510e+06   3.9733887e+01
   5.4376840e+06   3.6926270e+01
   5.4422360e+06   3.6254883e+01
   5.4513820e+06   3.6804199e+01
   5.4714960e+06   3.6071777e+01
   5.4776620e+06   3.8269043e+01
   5.4823380e+06   4.5166016e+01
   5.4859470e+06   3.7048340e+01
   5.4986870e+06   3.6804199e+01
   5.5074040e+06   3.7902832e+01
   5.5100270e+06   3.7475586e+01
   5.5186070e+06   4.1625977e+01
   5.5269300e+06   4.4616699e+01
   5.5333690e+06   3.7048340e+01
   5.5627570e+06   4.0100098e+01
   5.5702370e+06   4.0344238e+01
   5.5792490e+06   3.9184570e+01
   5.5842530e+06   4.2907715e+01
   5.5919300e+06   3.6437988e+01
   5.6039760e+06   3.9489746e+01
   5.6093190e+06   3.7658691e+01
   5.6160390e+06   3.7048340e+01
   5.6173890e+06   3.7536621e+01
   5.6244320e+06   4.3701172e+01
   5.6310590e+06   3.9672852e+01
   5.6392820e+06   3.6193848e+01
   5.6441160e+06   3.8818359e+01
   5.6472830e+06   3.6682129e+01
   5.6502380e+06   4.0222168e+01
   5.6548700e+06   3.6560059e+01
   5.6640950e+06   3.9611816e+01
   5.6699210e+06   3.7353516e+01
   5.6753290e+06   3.6560059e+01
   5.6832570e+06   4.1076660e+01
   5.6973870e+06   4.5288086e+01
   5.7100420e+06   4.1503906e+01
   5.7208830e+06   4.4616699e+01
   5.7291010e+06   4.3273926e+01
   5.7340770e+06   4.0100098e+01
   5.7377050e+06   3.7048340e+01
   5.7467690e+06   3.6682129e+01
   5.7565750e+06   3.8696289e+01
   5.7618320e+06   4.0771484e+01
   5.7689550e+06   3.8879395e+01
   5.7838490e+06   4.1076660e+01
   5.7905430e+06   4.1076660e+01
   5.7963740e+06   4.0161133e+01
   5.8040720e+06   3.8818359e+01
   5.8101170e+06   3.8635254e+01
   5.8184000e+06   5.0170898e+01
   5.8211460e+06   4.4677734e+01
   5.8265400e+06   3.9489746e+01
   5.8290790e+06   3.7658691e+01
   5.8335860e+06   3.8635254e+01
   5.8361230e+06   4.1503906e+01
   5.8569570e+06   4.6508789e+01
   5.8631360e+06   3.8879395e+01
   5.8690940e+06   4.1381836e+01
   5.8753950e+06   4.4616699e+01
   5.8827770e+06   3.6254883e+01
   5.8934370e+06   3.6315918e+01
   5.9007740e+06   4.0771484e+01
   5.9128850e+06   3.8269043e+01
   5.9177950e+06   3.7414551e+01
   5.9203440e+06   3.7353516e+01
   5.9299680e+06   4.1320801e+01
   5.9362800e+06   4.3701172e+01
   5.9401270e+06   4.6447754e+01
   5.9456020e+06   4.1442871e+01
   5.9512230e+06   3.7475586e+01
   5.9592850e+06   4.3273926e+01
   5.9633610e+06   3.7048340e+01
   5.9677680e+06   3.7597656e+01
   5.9742410e+06   4.1687012e+01
   5.9779810e+06   3.6315918e+01
   5.9834540e+06   4.6752930e+01
   5.9898970e+06   3.9367676e+01
   5.9929860e+06   3.8513184e+01
   5.9985950e+06   3.6132812e+01
   6.0005740e+06   3.6560059e+01
   6.0101920e+06   4.5043945e+01
   6.0179030e+06   3.7902832e+01
   6.0201380e+06   3.9794922e+01
   6.0247090e+06   3.6926270e+01
   6.0301910e+06   4.1198730e+01
   6.0344810e+06   4.0710449e+01
   6.0464180e+06   3.7109375e+01
   6.0512530e+06   3.8085938e+01
   6.0528850e+06   4.1076660e+01
   6.0570380e+06   3.7902832e+01
   6.0649470e+06   3.8818359e+01
   6.0706170e+06   5.3649902e+01
   6.0737200e+06   3.7414551e+01
   6.0813690e+06   4.4677734e+01
   6.0959740e+06   3.7475586e+01
   6.1007180e+06   4.4311523e+01
   6.1128800e+06   4.3090820e+01
   6.1157690e+06   3.8024902e+01
   6.1215050e+06   3.6071777e+01
   6.1293050e+06   3.7658691e+01
   6.1355300e+06   3.9428711e+01
   6.1423880e+06   4.6325684e+01
   6.1550230e+06   4.5837402e+01
   6.1595330e+06   3.6987305e+01
   6.1637880e+06   3.8208008e+01
   6.1669660e+06   4.0832520e+01
   6.1739130e+06   4.1015625e+01
   6.1756820e+06   3.6682129e+01
   6.1970430e+06   4.9865723e+01
   6.2030990e+06   4.2724609e+01
   6.2115850e+06   4.1625977e+01
   6.2210500e+06   3.8513184e+01
   6.2258660e+06   4.6630859e+01
   6.2353170e+06   3.7597656e+01
   6.2404240e+06   3.8208008e+01
   6.2465700e+06   3.8391113e+01
   6.2554500e+06   3.8208008e+01
   6.2575120e+06   3.6865234e+01
   6.2623100e+06   3.7109375e+01
   6.2719260e+06   3.6682129e+01
   6.2775890e+06   3.8513184e+01
   6.2822000e+06   3.6682129e+01
   6.2882590e+06   3.9855957e+01
   6.2944360e+06   4.1625977e+01
   6.3020060e+06   4.2968750e+01
   6.3121780e+06   4.4494629e+01
   6.3167730e+06   3.6621094e+01
   6.3282250e+06   5.0903320e+01
   6.3332590e+06   4.3945312e+01
   6.3423830e+06   4.4616699e+01
   6.3497460e+06   3.6499023e+01
   6.3546350e+06   3.6743164e+01
   6.3613120e+06   4.2419434e+01
   6.3723730e+06   4.2907715e+01
   6.3784070e+06   3.6926270e+01
   6.3816670e+06   3.6987305e+01
   6.3880300e+06   4.9011230e+01
   6.3909770e+06   4.2114258e+01
   6.4004730e+06   4.0527344e+01
   6.4076110e+06   4.3884277e+01
   6.4107160e+06   3.6804199e+01
   6.4151440e+06   3.7963867e+01
   6.4213880e+06   3.8269043e+01
   6.4270200e+06   4.1076660e+01
   6.4312670e+06   3.7719727e+01
   6.4339460e+06   3.6621094e+01
   6.4435210e+06   3.9672852e+01
   6.4475960e+06   3.9123535e+01
   6.4499730e+06   3.9306641e+01
   6.4540430e+06   3.9245605e+01
   6.4578170e+06   3.8146973e+01
   6.4633420e+06   4.0039062e+01
   6.4673690e+06   4.0588379e+01
   6.4727450e+06   3.9001465e+01
   6.4775120e+06   3.9733887e+01
   6.4801560e+06   3.6437988e+01
   6.4836030e+06   4.1320801e+01
   6.4911960e+06   4.0405273e+01
   6.4972240e+06   3.8146973e+01
   6.5009000e+06   4.0588379e+01
   6.5047240e+06   4.5593262e+01
   6.5092780e+06   3.7109375e+01
   6.5158970e+06   3.9123535e+01
   6.5191840e+06   3.8391113e+01
   6.5261320e+06   4.9316406e+01
   6.5340680e+06   3.6926270e+01
   6.5433550e+06   3.8635254e+01
   6.5508790e+06   3.6560059e+01
   6.5591700e+06   4.3762207e+01
   6.5630250e+06   4.7668457e+01
   6.5715050e+06   4.1442871e+01
   6.5791330e+06   4.3762207e+01
   6.5844710e+06   3.8085938e+01
   6.5882760e+06   4.1625977e+01
   6.5889090e+06   3.6315918e+01
   6.6026360e+06   4.1076660e+01
   6.6085630e+06   3.6987305e+01
   6.6126770e+06   3.7780762e+01
   6.6162560e+06   4.5471191e+01
   6.6199320e+06   4.1564941e+01
   6.6261180e+06   3.9794922e+01
   6.6328040e+06   3.7719727e+01
   6.6352810e+06   3.7170410e+01
   6.6394290e+06   3.7048340e+01
   6.6497550e+06   3.8208008e+01
   6.6543840e+06   4.3640137e+01
   6.6566880e+06   4.3090820e+01
   6.6663390e+06   3.7963867e+01
   6.6691210e+06   3.6804199e+01
   6.6796810e+06   3.6560059e+01
   6.6820410e+06   3.6132812e+01
   6.6862430e+06   3.6560059e+01
   6.6907250e+06   4.3151855e+01
   6.7022100e+06   4.5776367e+01
   6.7111700e+06   4.4677734e+01
   6.7254780e+06   3.8574219e+01
   6.7325040e+06   3.7170410e+01
   6.7382210e+06   4.1564941e+01
   6.7409750e+06   4.1748047e+01
   6.7486040e+06   4.3884277e+01
   6.7517840e+06   4.1564941e+01
   6.7614520e+06   4.4433594e+01
   6.7654810e+06   4.6875000e+01
   6.7755570e+06   4.1564941e+01
   6.7801410e+06   4.7912598e+01
   6.7885460e+06   4.5471191e+01
   6.7973140e+06   4.2846680e+01
   6.8000780e+06   3.6437988e+01
   6.8115060e+06   3.7719727e+01
   6.8175360e+06   3.9306641e+01
   6.8241230e+06   4.2785645e+01
   6.8320910e+06   4.1687012e+01
   6.8369690e+06   4.9499512e+01
   6.8446820e+06   3.8208008e+01
   6.8466890e+06   3.6743164e+01
   6.8589120e+06   3.8269043e+01
   6.8659490e+06   3.7841797e+01
   6.8684100e+06   4.1015625e+01
   6.8727710e+06   3.6254883e+01
   6.8783180e+06   3.6071777e+01
   6.8979870e+06   4.1381836e+01
   6.9006400e+06   4.0893555e+01
   6.9055280e+06   3.7658691e+01
   6.9096030e+06   3.6071777e+01
   6.9187830e+06   3.7658691e+01
   6.9243240e+06   4.1137695e+01
   6.9258790e+06   4.2358398e+01
   6.9321700e+06   3.6071777e+01
   6.9354840e+06   3.6560059e+01
   6.9420890e+06   4.0527344e+01
   6.9475920e+06   3.7597656e+01
   6.9545530e+06   4.5043945e+01
   6.9608980e+06   4.3029785e+01
   6.9658200e+06   3.8940430e+01
   6.9684340e+06   4.7546387e+01
   6.9746750e+06   4.4067383e+01
   6.9816550e+06   4.5227051e+01
   6.9906970e+06   4.1137695e+01
   6.9988770e+06   4.3884277e+01
   7.0028390e+06   4.5349121e+01
   7.0096070e+06   3.9855957e+01
   7.0156880e+06   4.1748047e+01
   7.0206490e+06   4.1076660e+01
   7.0250990e+06   4.3823242e+01
   7.0342450e+06   4.3457031e+01
   7.0369440e+06   4.4006348e+01
   7.0400960e+06   3.9489746e+01
   7.0448530e+06   3.7048340e+01
   7.0496550e+06   3.8757324e+01
   7.0559740e+06   3.6132812e+01
   7.0590790e+06   4.0283203e+01
   7.0662740e+06   3.6315918e+01
   7.0701330e+06   4.0283203e+01
   7.0760750e+06   4.0039062e+01
   7.0803810e+06   4.0710449e+01
   7.0855220e+06   4.1992188e+01
   7.0887110e+06   3.7170410e+01
   7.0935690e+06   4.4616699e+01
   7.0987800e+06   3.7048340e+01
   7.1028780e+06   4.0344238e+01
   7.1099780e+06   4.1381836e+01
   7.1120360e+06   3.6376953e+01
   7.1199360e+06   5.0720215e+01
   7.1227480e+06   4.4982910e+01
   7.1283830e+06   4.7241211e+01
   7.1326570e+06   4.9377441e+01
   7.1427980e+06   4.7607422e+01
   7.1465600e+06   4.2297363e+01
   7.1521880e+06   3.6132813e+01
   7.1585160e+06   3.6071777e+01
   7.1610820e+06   3.9978027e+01
   7.1691390e+06   3.7414551e+01
   7.1753070e+06   3.9672852e+01
   7.1801650e+06   3.8879395e+01
   7.1868840e+06   3.8024902e+01
   7.2001870e+06   3.8513184e+01
   7.2034260e+06   4.1503906e+01
   7.2120080e+06   4.7363281e+01
   7.2175290e+06   3.6560059e+01
   7.2270230e+06   3.6071777e+01
   7.2333040e+06   3.9062500e+01
   7.2371200e+06   3.7231445e+01
   7.2421900e+06   4.1381836e+01
   7.2484690e+06   4.5104980e+01
   7.2507150e+06   3.7109375e+01
   7.2593660e+06   3.7902832e+01
   7.2631510e+06   3.9916992e+01
   7.2677890e+06   4.1564941e+01
   7.2740690e+06   4.8583984e+01
   7.2797320e+06   4.1625977e+01
   7.2831930e+06   4.7180176e+01
   7.2853290e+06   4.0954590e+01
   7.2912320e+06   3.9001465e+01
   7.3003470e+06   4.1137695e+01
   7.3080770e+06   5.0842285e+01
   7.3106030e+06   4.4616699e+01
   7.3169680e+06   4.0405273e+01
   7.3240270e+06   4.7424316e+01
   7.3276590e+06   3.7048340e+01
   7.3296980e+06   3.8391113e+01
   7.3351760e+06   3.7719727e+01
   7.3384680e+06   3.7414551e+01
   7.3440840e+06   3.7048340e+01
   7.3513220e+06   4.4677734e+01
   7.3566740e+06   4.0954590e+01
   7.3609810e+06   4.0466309e+01
   7.3685320e+06   4.7058105e+01
   7.3724340e+06   4.5471191e+01
   7.3748710e+06   3.9733887e+01
   7.3771380e+06   3.6132812e+01
   7.3857810e+06   4.3395996e+01
   7.3876280e+06   3.6926270e+01
   7.3938000e+06   4.2053223e+01
   7.3993220e+06   3.8940430e+01
   7.4017980e+06   3.8391113e+01
   7.4071790e+06   3.6376953e+01
   7.4236800e+06   3.9611816e+01
   7.4260570e+06   4.0466309e+01
   7.4313900e+06   3.9489746e+01
   7.4344440e+06   3.7414551e+01
   7.4370210e+06   4.1381836e+01
   7.4441190e+06   4.3579102e+01
   7.4477120e+06   3.9489746e+01
   7.4508200e+06   3.6743164e+01
   7.4525250e+06   4.4128418e+01
   7.4598170e+06   4.3640137e+01
   7.4632120e+06   4.0039062e+01
   7.4694850e+06   3.6560059e+01
   7.4738990e+06   3.7109375e+01
   7.4795380e+06   3.9123535e+01
   7.4818670e+06   4.5471191e+01
   7.4879750e+06   4.7485352e+01
   7.4909470e+06   4.0649414e+01
   7.5010360e+06   4.1076660e+01
   7.5033410e+06   3.6621094e+01
   7.5086860e+06   3.6254883e+01
   7.5161530e+06   3.8879395e+01
   7.5184030e+06   4.9316406e+01
   7.5234040e+06   4.0222168e+01
   7.5294250e+06   4.4311523e+01
   7.5315870e+06   3.8879395e+01
   7.5364640e+06   3.8452148e+01
   7.5430610e+06   4.0649414e+01
   7.5492150e+06   3.7353516e+01
   7.5532260e+06   4.2663574e+01
   7.5624620e+06   3.8696289e+01
   7.5658030e+06   3.9001465e+01
   7.5728060e+06   4.2114258e+01
   7.5831520e+06   3.6865234e+01
   7.5868080e+06   3.8757324e+01
   7.5902850e+06   3.7658691e+01
   7.5918590e+06   3.6682129e+01
   7.5974760e+06   3.6621094e+01
   7.6032510e+06   4.9926758e+01
   7.6050510e+06   3.9184570e+01
   7.6104930e+06   3.8391113e+01
   7.6174720e+06   4.6813965e+01
   7.6200120e+06   3.7109375e+01
   7.6298730e+06   3.8024902e+01
   7.6421490e+06   4.2175293e+01
   7.6521900e+06   4.0771484e+01
   7.6619650e+06   3.6437988e+01
   7.6752810e+06   3.6499023e+01
   7.6842010e+06   3.8391113e+01
   7.6901730e+06   3.9916992e+01
   7.6963010e+06   3.7231445e+01
   7.7004450e+06   3.7170410e+01
   7.7056190e+06   3.9855957e+01
   7.7076490e+06   3.6743164e+01
   7.7100450e+06   3.7048340e+01
   7.7127710e+06   3.8391113e+01
   7.7194340e+06   4.4128418e+01
   7.7274300e+06   4.6752930e+01
   7.7332220e+06   3.9916992e+01
   7.7386630e+06   3.7963867e+01
   7.7463770e+06   4.6447754e+01
   7.7527400e+06   4.5654297e+01
   7.7656760e+06   4.2602539e+01
   7.7742700e+06   4.1870117e+01
   7.7805910e+06   4.1992188e+01
   7.7826810e+06   4.2602539e+01
   7.7898660e+06   4.1076660e+01
   7.8002030e+06   4.3029785e+01
   7.8027580e+06   4.1259766e+01
   7.8095960e+06   3.9672852e+01
   7.8131730e+06   3.8757324e+01
   7.8157230e+06   3.9611816e+01
   7.8255940e+06   3.7963867e+01
   7.8283400e+06   3.7414551e+01
   7.8300520e+06   3.6071777e+01
   7.8409640e+06   3.7048340e+01
   7.8461890e+06   3.8635254e+01
   7.8522980e+06   4.0954590e+01
   7.8576850e+06   4.5104980e+01
   7.8658300e+06   3.6376953e+01
   7.8677220e+06   4.0039062e+01
   7.8735560e+06   4.2175293e+01
   7.8758080e+06   3.8574219e+01
   7.8798650e+06   3.7292480e+01
   7.8825090e+06   3.9611816e+01
   7.8864760e+06   4.0649414e+01
   7.8959150e+06   4.3945312e+01
   7.8982990e+06   4.0283203e+01
   7.9057200e+06   4.1625977e+01
   7.9097290e+06   3.7353516e+01
   7.9171150e+06   3.9611816e+01
   7.9224970e+06   4.8461914e+01
   7.9268020e+06   4.1503906e+01
   7.9331660e+06   4.8278809e+01
   7.9402850e+06   4.5593262e+01
   7.9485440e+06   3.8146973e+01
   7.9515080e+06   3.8085938e+01
   7.9559760e+06   3.6254883e+01
   7.9595250e+06   4.1992188e+01
   7.9621090e+06   3.6499023e+01
   7.9657560e+06   3.8085938e+01
   7.9732510e+06   3.8391113e+01
   7.9790120e+06   3.9794922e+01
   7.9822530e+06   3.7048340e+01
   7.9926670e+06   4.1503906e+01
   7.9982610e+06   3.6865234e+01
   8.0042760e+06   4.0832520e+01
   8.0101950e+06   3.6987305e+01
   8.0148090e+06   3.6376953e+01
   8.0203820e+06   4.2297363e+01
   8.0253220e+06   3.6987305e+01
   8.0295820e+06   4.9438477e+01
   8.0364520e+06   3.8452148e+01
   8.0407950e+06   4.5410156e+01
   8.0452000e+06   4.0771484e+01
   8.0506090e+06   4.5837402e+01
   8.0577080e+06   4.2297363e+01
   8.0626390e+06   3.7841797e+01
   8.0660960e+06   3.7048340e+01
   8.0718430e+06   3.7109375e+01
   8.0750790e+06   3.7902832e+01
   8.0827920e+06   3.6376953e+01
   8.0842830e+06   3.8940430e+01
   8.0868320e+06   3.6499023e+01
   8.0935960e+06   3.8513184e+01
   8.1016700e+06   3.9794922e+01
   8.1070600e+06   3.7048340e+01
   8.1208010e+06   4.8278809e+01
   8.1259700e+06   3.9550781e+01
   8.1293160e+06   3.7658691e+01
   8.1329130e+06   3.9978027e+01
   8.1363490e+06   4.5471191e+01
   8.1396770e+06   3.9367676e+01
   8.1457000e+06   4.4921875e+01
   8.1502080e+06   4.2663574e+01
   8.1548400e+06   3.6926270e+01
   8.1624220e+06   4.5104980e+01
   8.1689450e+06   3.6682129e+01
   8.1714950e+06   3.8269043e+01
   8.1753350e+06   3.9855957e+01
   8.1783310e+06   3.6437988e+01
   8.1839910e+06   4.0039062e+01
   8.1863570e+06   4.2297363e+01
   8.1880980e+06   3.7048340e+01
   8.1920160e+06   3.8024902e+01
   8.1973280e+06   4.1748047e+01
   8.2035670e+06   3.8208008e+01
   8.2086640e+06   3.8085938e+01
   8.2118950e+06   4.1259766e+01
   8.2211440e+06   3.8757324e+01
   8.2235360e+06   3.7536621e+01
   8.2290920e+06   3.7963867e+01
   8.2388680e+06   3.9245605e+01
   8.2479470e+06   3.8635254e+01
   8.2540890e+06   3.6254883e+01
   8.2596040e+06   3.7536621e+01
   8.2657770e+06   4.1442871e+01
   8.2738120e+06   3.9306641e+01
   8.2768080e+06   3.8757324e+01
   8.2789020e+06   4.0710449e+01
   8.2861410e+06   3.8269043e+01
   8.2930570e+06   4.6142578e+01
   8.2971230e+06   4.3762207e+01
   8.3058280e+06   3.9184570e+01
   8.3119810e+06   3.8146973e+01
   8.3176190e+06   4.0039063e+01
   8.3215160e+06   3.6499023e+01
   8.3222030e+06   3.8208008e+01
   8.3260020e+06   4.6020508e+01
   8.3302840e+06   4.0649414e+01
   8.3366480e+06   4.5288086e+01
   8.3384380e+06   3.6132812e+01
   8.3503550e+06   4.1809082e+01
   8.3565100e+06   4.4433594e+01
   8.3611760e+06   4.4067383e+01
   8.3637730e+06   3.8635254e+01
   8.3700910e+06   3.6682129e+01
   8.3722770e+06   3.8696289e+01
   8.3793770e+06   3.6743164e+01
   8.3858730e+06   3.7780762e+01
   8.3891970e+06   4.2785645e+01
   8.3982650e+06   4.9560547e+01
   8.4062740e+06   3.7902832e+01
   8.4080750e+06   3.7109375e+01
   8.4105410e+06   4.0527344e+01
   8.4176260e+06   4.0588379e+01
   8.4236670e+06   4.3579102e+01
   8.4269510e+06   3.9428711e+01
   8.4330570e+06   4.2053223e+01
   8.4428700e+06   3.9306641e+01
   8.4482980e+06   3.8696289e+01
   8.4495250e+06   4.3090820e+01
   8.4548750e+06   3.6071777e+01
   8.4567340e+06   3.6132812e+01
   8.4611400e+06   5.0170898e+01
   8.4765850e+06   4.1564941e+01
   8.4831660e+06   4.1259766e+01
   8.4852400e+06   4.7973633e+01
   8.4890430e+06   4.0832520e+01
   8.4980560e+06   4.1870117e+01
   8.5055210e+06   4.8522949e+01
   8.5127800e+06   5.3649902e+01
   8.5169790e+06   4.5288086e+01
   8.5193310e+06   3.8940430e+01
   8.5221760e+06   3.7414551e+01
   8.5283090e+06   5.1757812e+01
   8.5350170e+06   3.9672852e+01
   8.5429950e+06   4.5776367e+01
   8.5456830e+06   4.0039063e+01
   8.5496870e+06   4.3212891e+01
   8.5609540e+06   4.0283203e+01
   8.5641020e+06   3.7414551e+01
   8.5694070e+06   3.6499023e+01
   8.5733820e+06   3.7780762e+01
   8.5785250e+06   3.8696289e+01
   8.5815590e+06   3.7353516e+01
   8.5860780e+06   3.7658691e+01
   8.5923760e+06   4.4006348e+01
   8.5987450e+06   4.1137695e+01
   8.6112710e+06   3.6621094e+01
   8.6234090e+06   3.8146973e+01
   8.6264180e+06   4.0100098e+01
   8.6360080e+06   4.2419434e+01
   8.6393350e+06   4.4250488e+01
   8.6457290e+06   3.6804199e+01
   8.6484660e+06   3.6254883e+01
   8.6502280e+06   4.1931152e+01
   8.6569310e+06   3.8513184e+01
   8.6597360e+06   4.4372559e+01
   8.6621460e+06   3.9733887e+01
   8.6658540e+06   4.1870117e+01
   8.6675200e+06   3.8452148e+01
   8.6729600e+06   3.6499023e+01
   8.6769220e+06   4.0893555e+01
   8.6838530e+06   4.4433594e+01
   8.6863660e+06   4.3273926e+01
   8.6912720e+06   3.7475586e+01
   8.6965090e+06   4.1076660e+01
   8.6991910e+06   3.6499023e+01
   8.7088470e+06   4.4433594e+01
   8.7136670e+06   4.2114258e+01
   8.7193650e+06   4.9072266e+01
   8.7209920e+06   3.9611816e+01
   8.7261610e+06   3.7597656e+01
   8.7286940e+06   3.8146973e+01
   8.7351950e+06   3.9550781e+01
   8.7438970e+06   3.8208008e+01
   8.7473800e+06   3.7963867e+01
   8.7522050e+06   4.7119141e+01
   8.7550380e+06   4.1259766e+01
   8.7583190e+06   3.7902832e+01
   8.7644510e+06   5.0354004e+01
   8.7672560e+06   3.7048340e+01
   8.7765410e+06   4.0466309e+01
   8.7791220e+06   3.6437988e+01
   8.7828770e+06   3.6254883e+01
   8.7901310e+06   3.9428711e+01
   8.7940850e+06   3.9123535e+01
   8.8064590e+06   4.1564941e+01
   8.8129960e+06   4.0161133e+01
   8.8170330e+06   3.6682129e+01
   8.8228430e+06   5.2673340e+01
   8.8287390e+06   5.3649902e+01
   8.8330470e+06   3.9245605e+01
   8.8366860e+06   3.6743164e+01
   8.8420520e+06   3.6865234e+01
   8.8619050e+06   4.1503906e+01
   8.8736980e+06   4.6386719e+01
   8.8799820e+06   4.0527344e+01
   8.8849760e+06   3.6437988e+01
   8.8878510e+06   4.1442871e+01
   8.8971890e+06   4.1992188e+01
   8.9035660e+06   3.9306641e+01
   8.9097120e+06   4.4250488e+01
   8.9145330e+06   3.9428711e+01
   8.9207290e+06   4.0954590e+01
   8.9247910e+06   4.1442871e+01
   8.9416150e+06   4.2480469e+01
   8.9508470e+06   5.2124023e+01
   8.9597260e+06   3.9245605e+01
   8.9628610e+06   3.7536621e+01
   8.9662030e+06   3.9611816e+01
   8.9719880e+06   3.7048340e+01
   8.9779860e+06   3.6254883e+01
   8.9856630e+06   4.5043945e+01
   8.9934590e+06   3.9550781e+01
   8.9988370e+06   3.9489746e+01
