   8.9990000e+06   0.0000000e+00
   2.5240000e+03   5.8776855e+01
   9.9110000e+03   6.7199707e+01
   1.5521000e+04   3.6560059e+01
   1.6101000e+04   6.4514160e+01
   1.6339000e+04   3.7963867e+01
   1.7390000e+04   6.6284180e+01
   2.2919000e+04   5.7983398e+01
   2.4104000e+04   4.7180176e+01
   2.5600000e+04   5.5908203e+01
   3.0197000e+04   6.1279297e+01
   3.2716000e+04   5.6518555e+01
   3.3208000e+04   4.7729492e+01
   3.3574000e+04   3.7719727e+01
   3.4169000e+04   3.9306641e+01
   4.9053000e+04   3.9611816e+01
   6.1392000e+04   3.8024902e+01
   6.8875000e+04   5.8471680e+01
   7.2476000e+04   3.7414551e+01
   7.5632000e+04   6.7443848e+01
   7.9821000e+04   5.8837891e+01
   8.0945000e+04   5.7678223e+01
   8.2688000e+04   4.9865723e+01
   8.7967000e+04   5.8044434e+01
   9.2717000e+04   5.3466797e+01
   9.3095000e+04   4.0161133e+01
   9.3374000e+04   4.5593262e+01
   9.9766000e+04   4.7363281e+01
   1.0722500e+05   4.1503906e+01
   1.1039600e+05   4.1870117e+01
   1.1788500e+05   5.9265137e+01
   1.1862500e+05   3.6499023e+01
   1.2329500e+05   5.6213379e+01
   1.2383200e+05   3.9123535e+01
   1.2525800e+05   5.8471680e+01
   1.2666000e+05   5.8288574e+01
   1.2924600e+05   3.8330078e+01
   1.5146100e+05   6.5124512e+01
   1.5327600e+05   3.7780762e+01
   1.5377000e+05   3.6743164e+01
   1.5922000e+05   7.2814941e+01
   1.7246400e+05   6.2438965e+01
   1.7773900e+05   5.4870605e+01
   1.7876000e+05   5.2795410e+01
   1.7884700e+05   3.9855957e+01
   1.8128800e+05   4.3151855e+01
   1.8183300e+05   5.7800293e+01
   1.8290100e+05   5.5969238e+01
   1.8581100e+05   4.5288086e+01
   1.8731800e+05   5.1208496e+01
   1.9014000e+05   4.9194336e+01
   1.9119800e+05   4.7546387e+01
   1.9166600e+05   3.8085938e+01
   1.9240200e+05   3.8635254e+01
   1.9500900e+05   4.7851562e+01
   1.9552700e+05   4.9072266e+01
   1.9997100e+05   6.3354492e+01
   2.0080200e+05   4.9804688e+01
   2.0658600e+05   4.9987793e+01
   2.1249500e+05   3.6132812e+01
   2.1308800e+05   3.8146973e+01
   2.1361700e+05   3.9916992e+01
   2.1737700e+05   5.7006836e+01
   2.1899600e+05   5.7373047e+01
   2.2651300e+05   6.2988281e+01
   2.2676200e+05   4.7851562e+01
   2.2722200e+05   3.5949707e+01
   2.2786300e+05   5.5236816e+01
   2.2912400e+05   4.6325684e+01
   2.2927800e+05   3.5644531e+01
   2.4413200e+05   3.6010742e+01
   2.5111300e+05   4.4677734e+01
   2.6259900e+05   3.7658691e+01
   2.6379800e+05   6.7565918e+01
   2.6457900e+05   4.7424316e+01
   2.6937700e+05   6.2866211e+01
   2.7374900e+05   5.4382324e+01
   2.7461700e+05   5.3344727e+01
   2.7501700e+05   4.1564941e+01
   2.7885800e+05   6.2316895e+01
   2.8595500e+05   3.7170410e+01
   2.8698700e+05   5.7739258e+01
   2.8738600e+05   4.0405273e+01
   2.8857500e+05   4.8645020e+01
   2.8893200e+05   4.2480469e+01
   2.9809900e+05   6.4514160e+01
   3.0056800e+05   5.0109863e+01
   3.0374200e+05   5.3100586e+01
   3.0392500e+05   3.6132812e+01
   3.0443400e+05   3.8208008e+01
   3.1694000e+05   5.1452637e+01
   3.1845500e+05   5.1940918e+01
   3.2005600e+05   4.9743652e+01
   3.2260000e+05   3.8940430e+01
   3.2295700e+05   3.6621094e+01
   3.2320800e+05   3.5766602e+01
   3.3162400e+05   6.9396973e+01
   3.3311100e+05   5.6823730e+01
   3.3377600e+05   5.1086426e+01
   3.3624500e+05   4.4494629e+01
   3.3677200e+05   5.0903320e+01
   3.3741000e+05   4.6203613e+01
   3.3766300e+05   4.4250488e+01
   3.3874400e+05   3.7719727e+01
   3.3918600e+05   3.5949707e+01
   3.4036300e+05   3.5644531e+01
   3.5733500e+05   3.6132812e+01
   3.5895300e+05   4.8217773e+01
   3.6081100e+05   3.6010742e+01
   3.7426800e+05   6.3293457e+01
   3.7762900e+05   5.9387207e+01
   3.7922900e+05   5.5297852e+01
   3.8008800e+05   5.3833008e+01
   3.8141900e+05   4.9377441e+01
   3.8192900e+05   4.0161133e+01
   3.8333400e+05   4.1198730e+01
   3.8398800e+05   4.7302246e+01
   3.9620500e+05   3.6132812e+01
   3.9803700e+05   3.9062500e+01
   4.0503300e+05   6.0180664e+01
   4.0508700e+05   3.5644531e+01
   4.0599500e+05   5.8654785e+01
   4.1652200e+05   3.7231445e+01
   4.1708100e+05   6.2988281e+01
   4.1989900e+05   3.7536621e+01
   4.2143700e+05   5.0170898e+01
   4.2320000e+05   5.1757812e+01
   4.2489700e+05   3.7658691e+01
   4.2515600e+05   3.6132812e+01
   4.2707800e+05   6.7687988e+01
   4.2763200e+05   5.8715820e+01
   4.2915900e+05   4.8156738e+01
   4.2985100e+05   3.5705566e+01
   4.3942700e+05   3.9245605e+01
   4.4746500e+05   3.5827637e+01
   4.4831600e+05   3.7170410e+01
   4.5389100e+05   5.3710938e+01
   4.5764300e+05   4.0283203e+01
   4.5973000e+05   5.7312012e+01
   4.6086200e+05   4.2968750e+01
   4.6897700e+05   5.6213379e+01
   4.7102800e+05   6.2744141e+01
   4.7294200e+05   4.8828125e+01
   4.7809100e+05   6.4514160e+01
   4.7865000e+05   4.7973633e+01
   4.7990900e+05   3.9916992e+01
   4.8013900e+05   4.0954590e+01
   4.9019400e+05   4.2602539e+01
   4.9671200e+05   3.6621094e+01
   5.0828000e+05   4.2480469e+01
   5.1041200e+05   6.8664551e+01
   5.1381400e+05   6.9641113e+01
   5.1637600e+05   6.0424805e+01
   5.1843500e+05   5.6457520e+01
   5.1883500e+05   4.7546387e+01
   5.1928300e+05   4.3090820e+01
   5.2692700e+05   3.7231445e+01
   5.3894400e+05   6.7993164e+01
   5.4140500e+05   4.0222168e+01
   5.4183700e+05   5.6518555e+01
   5.4198300e+05   3.6804199e+01
   5.4242100e+05   5.6640625e+01
   5.4271000e+05   4.0832520e+01
   5.4353000e+05   4.8767090e+01
   5.4888900e+05   5.7067871e+01
   5.5577800e+05   5.8227539e+01
   5.5618800e+05   4.3945312e+01
   5.5971500e+05   6.2744141e+01
   5.6002900e+05   3.9001465e+01
   5.6314100e+05   6.3415527e+01
   5.6485400e+05   5.7128906e+01
   5.7792100e+05   3.7231445e+01
   5.9681900e+05   3.6315918e+01
   5.9827200e+05   3.7536621e+01
   5.9993100e+05   6.6894531e+01
   6.0877000e+05   6.1157227e+01
   6.1202900e+05   6.3720703e+01
   6.1595700e+05   3.7658691e+01
   6.1614900e+05   5.5419922e+01
   6.1810800e+05   5.5297852e+01
   6.1929700e+05   3.7475586e+01
   6.2175500e+05   5.8044434e+01
   6.2820200e+05   5.1757812e+01
   6.2851100e+05   4.1442871e+01
   6.3439300e+05   5.4077148e+01
   6.3667900e+05   5.9814453e+01
   6.3778800e+05   3.7475586e+01
   6.3817700e+05   4.5349121e+01
   6.4551400e+05   6.9824219e+01
   6.4895700e+05   5.6030273e+01
   6.5022400e+05   4.0405273e+01
   6.5478900e+05   5.4443359e+01
   6.5515000e+05   4.8034668e+01
   6.5622300e+05   5.5175781e+01
   6.5671900e+05   4.3395996e+01
   6.6000000e+05   4.2175293e+01
   6.6811000e+05   3.9489746e+01
   6.7568600e+05   6.8664551e+01
   6.7813700e+05   5.7006836e+01
   6.8277000e+05   6.2011719e+01
   6.8344800e+05   5.4687500e+01
   6.8361400e+05   3.7048340e+01
   6.8423300e+05   3.8146973e+01
   6.8460400e+05   4.3823242e+01
   6.8476300e+05   3.6560059e+01
   6.9134100e+05   3.7536621e+01
   6.9205200e+05   3.5705566e+01
   7.0090800e+05   4.4433594e+01
   7.0620000e+05   3.6865234e+01
   7.0698500e+05   3.6804199e+01
   7.1462400e+05   5.7434082e+01
   7.1468900e+05   3.7719727e+01
   7.1959500e+05   7.2143555e+01
   7.2686400e+05   5.6701660e+01
   7.3246700e+05   5.8044434e+01
   7.3816900e+05   5.4260254e+01
   7.4236300e+05   3.6376953e+01
   7.4280900e+05   3.8024902e+01
   7.4499800e+05   6.5856934e+01
   7.4617600e+05   6.1218262e+01
   7.5385900e+05   5.8227539e+01
   7.5739900e+05   5.1086426e+01
   7.5748600e+05   4.0283203e+01
   7.6284900e+05   5.3710938e+01
   7.6413400e+05   5.0537109e+01
   7.7245900e+05   7.0861816e+01
   7.7852900e+05   5.5847168e+01
   7.8163500e+05   5.9814453e+01
   7.8221500e+05   3.6804199e+01
   7.8328000e+05   5.0109863e+01
   7.9006800e+05   4.1137695e+01
   7.9661300e+05   5.3894043e+01
   7.9851800e+05   5.5969238e+01
   7.9936500e+05   5.4199219e+01
   8.0119200e+05   5.9448242e+01
   8.0267500e+05   5.7983398e+01
   8.0283300e+05   3.6926270e+01
   8.0458200e+05   3.6743164e+01
   8.1052300e+05   5.8532715e+01
   8.1304400e+05   5.2795410e+01
   8.1829200e+05   5.1940918e+01
   8.2194000e+05   3.9245605e+01
   8.2355400e+05   3.7780762e+01
   8.2695400e+05   4.5043945e+01
   8.3139200e+05   6.2988281e+01
   8.3740900e+05   5.8654785e+01
   8.4101000e+05   6.2072754e+01
   8.4137600e+05   5.1269531e+01
   8.4689800e+05   3.9611816e+01
   8.4778700e+05   5.6579590e+01
   8.4991300e+05   3.9855957e+01
   8.5842700e+05   6.5490723e+01
   8.5977700e+05   6.5124512e+01
   8.6306200e+05   5.2917480e+01
   8.6452200e+05   4.9621582e+01
   8.6502500e+05   4.0771484e+01
   8.6543500e+05   4.3945312e+01
   8.6752100e+05   4.5654297e+01
   8.6950200e+05   4.0039062e+01
   8.7444900e+05   3.6193848e+01
   8.7474600e+05   3.8635254e+01
   8.8019100e+05   5.6335449e+01
   8.9020200e+05   6.3049316e+01
   8.9149200e+05   5.3955078e+01
   8.9240800e+05   5.8227539e+01
   8.9542500e+05   5.9082031e+01
   8.9744000e+05   4.2114258e+01
   8.9783500e+05   4.8278809e+01
   9.0040400e+05   5.3771973e+01
   9.0299100e+05   5.2795410e+01
   9.0395600e+05   4.9011230e+01
   9.0505100e+05   3.5583496e+01
   9.0642900e+05   5.2551270e+01
   9.1184500e+05   5.7556152e+01
   9.1215500e+05   4.1687012e+01
   9.1290100e+05   4.8522949e+01
   9.2659000e+05   4.0710449e+01
   9.2948100e+05   6.0058594e+01
   9.3248900e+05   5.8654785e+01
   9.3574900e+05   6.1340332e+01
   9.3667700e+05   5.2062988e+01
   9.3804100e+05   5.3588867e+01
   9.3893300e+05   4.6875000e+01
   9.3978000e+05   4.5410156e+01
   9.4097500e+05   4.4921875e+01
   9.6626500e+05   3.7231445e+01
   9.6693700e+05   6.2011719e+01
   9.7289700e+05   3.8208008e+01
   9.7375500e+05   3.7658691e+01
   9.7452800e+05   6.3903809e+01
   9.7629100e+05   5.6030273e+01
   9.8461100e+05   5.9326172e+01
   9.8749000e+05   5.8837891e+01
   9.9034500e+05   5.9814453e+01
   9.9119700e+05   5.1574707e+01
   9.9197700e+05   4.6203613e+01
   9.9245800e+05   3.7780762e+01
   9.9591300e+05   4.7424316e+01
   9.9981200e+05   4.9865723e+01
   9.9985700e+05   3.8635254e+01
   1.0002750e+06   3.5583496e+01
   1.0060870e+06   3.8513184e+01
   1.0063710e+06   5.5175781e+01
   1.0092850e+06   5.4626465e+01
   1.0096850e+06   4.8583984e+01
   1.0135000e+06   3.7414551e+01
   1.0137400e+06   5.1635742e+01
   1.0162680e+06   5.8593750e+01
   1.0180400e+06   4.8339844e+01
   1.0256110e+06   5.3466797e+01
   1.0275730e+06   3.6682129e+01
   1.0295370e+06   5.4443359e+01
   1.0307360e+06   4.3640137e+01
   1.0310880e+06   3.5583496e+01
   1.0351770e+06   5.5969238e+01
   1.0372900e+06   5.8532715e+01
   1.0414820e+06   5.5664062e+01
   1.0443310e+06   5.2673340e+01
   1.0446410e+06   4.6997070e+01
   1.0484570e+06   4.6752930e+01
   1.0489730e+06   3.9367676e+01
   1.0493550e+06   3.9001465e+01
   1.0511120e+06   3.5705566e+01
   1.0622730e+06   3.8085938e+01
   1.0633010e+06   4.1992188e+01
   1.0676440e+06   5.9448242e+01
   1.0753850e+06   4.7424316e+01
   1.0763980e+06   5.6701660e+01
   1.0772920e+06   3.7292480e+01
   1.0835630e+06   5.7495117e+01
   1.0850430e+06   5.2978516e+01
   1.0881860e+06   3.9245605e+01
   1.0887780e+06   3.7536621e+01
   1.0961260e+06   5.8898926e+01
   1.0969760e+06   6.0913086e+01
   1.0974790e+06   4.8461914e+01
   1.0978540e+06   4.9377441e+01
   1.0995310e+06   4.4616699e+01
   1.1188380e+06   4.0771484e+01
   1.1201550e+06   3.9367676e+01
   1.1205310e+06   3.9123535e+01
   1.1212880e+06   6.1950684e+01
   1.1310650e+06   3.6437988e+01
   1.1320990e+06   6.9702148e+01
   1.1347250e+06   6.5917969e+01
   1.1350980e+06   3.7414551e+01
   1.1401120e+06   4.0893555e+01
   1.1404870e+06   3.6682129e+01
   1.1407840e+06   6.3903809e+01
   1.1456710e+06   3.7536621e+01
   1.1523610e+06   5.7922363e+01
   1.1531330e+06   3.9611816e+01
   1.1556460e+06   6.1645508e+01
   1.1559650e+06   3.8024902e+01
   1.1565570e+06   3.8452148e+01
   1.1566180e+06   3.9123535e+01
   1.1678040e+06   6.9396973e+01
   1.1696410e+06   6.1401367e+01
   1.1701730e+06   4.5166016e+01
   1.1719710e+06   5.4199219e+01
   1.1743330e+06   5.8227539e+01
   1.1767260e+06   5.5358887e+01
   1.1771450e+06   5.1757812e+01
   1.1880430e+06   4.0710449e+01
   1.1997510e+06   4.1198730e+01
   1.2036940e+06   7.5073242e+01
   1.2084770e+06   6.1279297e+01
   1.2126790e+06   5.4748535e+01
   1.2145380e+06   5.4565430e+01
   1.2192870e+06   3.9001465e+01
   1.2201990e+06   3.7719727e+01
   1.2216740e+06   6.1523438e+01
   1.2230440e+06   4.7363281e+01
   1.2273660e+06   5.7373047e+01
   1.2280440e+06   4.8767090e+01
   1.2297780e+06   4.2602539e+01
   1.2384230e+06   3.7109375e+01
   1.2410150e+06   7.3608398e+01
   1.2425270e+06   6.0668945e+01
   1.2438480e+06   5.4382324e+01
   1.2449720e+06   3.9672852e+01
   1.2460160e+06   6.2500000e+01
   1.2463320e+06   3.5583496e+01
   1.2489710e+06   6.2927246e+01
   1.2606900e+06   3.6804199e+01
   1.2677550e+06   4.0466309e+01
   1.2805430e+06   6.1157227e+01
   1.2858430e+06   5.4321289e+01
   1.2878570e+06   3.7719727e+01
   1.2907030e+06   6.1706543e+01
   1.2912580e+06   3.6560059e+01
   1.2956980e+06   5.9326172e+01
   1.2974870e+06   4.1015625e+01
   1.2992600e+06   4.9682617e+01
   1.3021280e+06   4.6630859e+01
   1.3044650e+06   5.2795410e+01
   1.3046170e+06   3.7231445e+01
   1.3096570e+06   3.7170410e+01
   1.3192690e+06   6.1523438e+01
   1.3206340e+06   5.5419922e+01
   1.3217660e+06   4.2907715e+01
   1.3232450e+06   5.7006836e+01
   1.3241570e+06   4.8461914e+01
   1.3255270e+06   4.7851562e+01
   1.3284180e+06   6.6772461e+01
   1.3287320e+06   4.4128418e+01
   1.3321010e+06   4.1015625e+01
   1.3346140e+06   3.6865234e+01
   1.3371810e+06   3.8452148e+01
   1.3403230e+06   3.8635254e+01
   1.3411030e+06   3.6010742e+01
   1.3468580e+06   3.5583496e+01
   1.3583960e+06   5.2368164e+01
   1.3631260e+06   4.0527344e+01
   1.3670380e+06   6.7626953e+01
   1.3702390e+06   4.2419434e+01
   1.3703730e+06   6.4880371e+01
   1.3707050e+06   3.8330078e+01
   1.3783170e+06   3.7963867e+01
   1.3785460e+06   5.6640625e+01
   1.3809930e+06   5.8471680e+01
   1.3835670e+06   4.2053223e+01
   1.3839960e+06   5.5236816e+01
   1.3847950e+06   5.1879883e+01
   1.3858960e+06   5.7617188e+01
   1.3865110e+06   3.7536621e+01
   1.3902850e+06   5.9875488e+01
   1.3949440e+06   6.4392090e+01
   1.3953950e+06   4.0710449e+01
   1.3966660e+06   5.1025391e+01
   1.3966870e+06   3.9550781e+01
   1.4003320e+06   5.0048828e+01
   1.4028720e+06   4.2053223e+01
   1.4040350e+06   6.1096191e+01
   1.4066230e+06   5.5236816e+01
   1.4069810e+06   5.7983398e+01
   1.4074210e+06   4.4006348e+01
   1.4188590e+06   3.9611816e+01
   1.4240850e+06   3.6254883e+01
   1.4292990e+06   3.7170410e+01
   1.4304670e+06   3.8269043e+01
   1.4319190e+06   6.2316895e+01
   1.4358210e+06   3.8940430e+01
   1.4363120e+06   3.7048340e+01
   1.4363610e+06   6.9702148e+01
   1.4394470e+06   3.6315918e+01
   1.4400070e+06   5.4260254e+01
   1.4435010e+06   6.1889648e+01
   1.4440220e+06   4.7180176e+01
   1.4443160e+06   3.6743164e+01
   1.4633680e+06   3.6560059e+01
   1.4725330e+06   6.0668945e+01
   1.4778540e+06   5.5053711e+01
   1.4827370e+06   5.4199219e+01
   1.4832530e+06   5.1269531e+01
   1.4847380e+06   4.9926758e+01
   1.4894660e+06   6.8664551e+01
   1.4940420e+06   3.8269043e+01
   1.4944810e+06   3.7170410e+01
   1.4967740e+06   5.3588867e+01
   1.4986860e+06   5.1025391e+01
   1.5028070e+06   5.7739258e+01
   1.5039270e+06   5.4016113e+01
   1.5074080e+06   5.6884766e+01
   1.5082480e+06   5.3161621e+01
   1.5085050e+06   4.1198730e+01
   1.5116530e+06   5.8105469e+01
   1.5161110e+06   3.8818359e+01
   1.5167810e+06   6.5856934e+01
   1.5201500e+06   4.9621582e+01
   1.5249310e+06   5.6274414e+01
   1.5262350e+06   4.6569824e+01
   1.5276300e+06   6.5063477e+01
   1.5291370e+06   3.6193848e+01
   1.5296570e+06   3.5705566e+01
   1.5358890e+06   6.1950684e+01
   1.5371720e+06   6.3781738e+01
   1.5408670e+06   5.4992676e+01
   1.5427430e+06   3.8269043e+01
   1.5429090e+06   5.3161621e+01
   1.5429870e+06   3.6193848e+01
   1.5446810e+06   5.2246094e+01
   1.5455810e+06   5.3710938e+01
   1.5461380e+06   4.5410156e+01
   1.5484070e+06   4.3090820e+01
   1.5701520e+06   5.6152344e+01
   1.5728520e+06   4.0405273e+01
   1.5743270e+06   5.6457520e+01
   1.5797340e+06   6.0913086e+01
   1.5804140e+06   5.2368164e+01
   1.5807830e+06   4.8522949e+01
   1.5818120e+06   4.3212891e+01
   1.5831270e+06   4.4067383e+01
   1.5843500e+06   3.7597656e+01
   1.5874120e+06   4.9987793e+01
   1.5942340e+06   5.4016113e+01
   1.5951690e+06   3.8024902e+01
   1.5962550e+06   4.8461914e+01
   1.6023200e+06   3.7109375e+01
   1.6076310e+06   5.7067871e+01
   1.6088420e+06   5.0231934e+01
   1.6105980e+06   6.3598633e+01
   1.6111980e+06   5.6152344e+01
   1.6115090e+06   3.7780762e+01
   1.6121830e+06   3.9245605e+01
   1.6190810e+06   3.6010742e+01
   1.6217650e+06   3.8146973e+01
   1.6235730e+06   3.6987305e+01
   1.6304260e+06   4.2602539e+01
   1.6387290e+06   6.9641113e+01
   1.6416660e+06   6.2866211e+01
   1.6469630e+06   6.4636230e+01
   1.6481680e+06   4.3945312e+01
   1.6488420e+06   3.6254883e+01
   1.6504010e+06   4.9682617e+01
   1.6550970e+06   5.5480957e+01
   1.6583820e+06   3.5644531e+01
   1.6585050e+06   5.2490234e+01
   1.6586970e+06   4.1687012e+01
   1.6664710e+06   5.4382324e+01
   1.6692180e+06   5.5297852e+01
   1.6717130e+06   3.6560059e+01
   1.6718130e+06   5.1513672e+01
   1.6751880e+06   5.3649902e+01
   1.6784630e+06   5.9570312e+01
   1.6811440e+06   3.9916992e+01
   1.6817950e+06   6.3110352e+01
   1.6821110e+06   4.3457031e+01
   1.6821890e+06   3.8024902e+01
   1.6829060e+06   4.8339844e+01
   1.6894650e+06   3.6437988e+01
   1.6902730e+06   3.9367676e+01
   1.6932150e+06   5.1879883e+01
   1.6956480e+06   5.7312012e+01
   1.6979890e+06   5.1574707e+01
   1.7003130e+06   4.7973633e+01
   1.7018410e+06   5.0720215e+01
   1.7045910e+06   3.7597656e+01
   1.7062560e+06   5.1696777e+01
   1.7062690e+06   4.0344238e+01
   1.7155720e+06   6.6711426e+01
   1.7180430e+06   3.7780762e+01
   1.7185490e+06   5.8654785e+01
   1.7216340e+06   3.5644531e+01
   1.7225750e+06   5.9631348e+01
   1.7245450e+06   5.2490234e+01
   1.7265420e+06   5.9020996e+01
   1.7346640e+06   4.0893555e+01
   1.7363640e+06   6.0668945e+01
   1.7389500e+06   3.6743164e+01
   1.7405230e+06   5.4077148e+01
   1.7418660e+06   5.9448242e+01
   1.7425740e+06   3.5766602e+01
   1.7522020e+06   3.8024902e+01
   1.7626560e+06   3.6987305e+01
   1.7634030e+06   3.9855957e+01
   1.7651170e+06   6.2744141e+01
   1.7706100e+06   5.5664062e+01
   1.7719750e+06   5.3466797e+01
   1.7732390e+06   3.7475586e+01
   1.7733680e+06   5.1269531e+01
   1.7739250e+06   4.0588379e+01
   1.7742480e+06   3.6499023e+01
   1.7750210e+06   4.7485352e+01
   1.7851500e+06   6.2866211e+01
   1.7877230e+06   3.6499023e+01
   1.7883200e+06   5.3894043e+01
   1.7981340e+06   6.2438965e+01
   1.8021570e+06   6.0729980e+01
   1.8081470e+06   3.9978027e+01
   1.8091340e+06   6.1828613e+01
   1.8099520e+06   6.7993164e+01
   1.8113380e+06   5.8837891e+01
   1.8119240e+06   4.4372559e+01
   1.8140960e+06   5.0720215e+01
   1.8161420e+06   4.7546387e+01
   1.8165760e+06   4.1503906e+01
   1.8186750e+06   3.9062500e+01
   1.8305930e+06   5.7434082e+01
   1.8380360e+06   3.9489746e+01
   1.8402000e+06   6.3049316e+01
   1.8418470e+06   6.1096191e+01
   1.8445090e+06   5.3039551e+01
   1.8510210e+06   5.6579590e+01
   1.8522170e+06   6.0424805e+01
   1.8547050e+06   5.0903320e+01
   1.8549920e+06   4.2907715e+01
   1.8605720e+06   5.3466797e+01
   1.8621150e+06   5.1330566e+01
   1.8682100e+06   4.0283203e+01
   1.8687850e+06   5.2124023e+01
   1.8753760e+06   4.9804688e+01
   1.8785170e+06   5.8837891e+01
   1.8800990e+06   3.6682129e+01
   1.8833370e+06   6.4453125e+01
   1.8875260e+06   5.4565430e+01
   1.8903010e+06   5.2612305e+01
   1.8941010e+06   6.2683105e+01
   1.8947040e+06   4.1809082e+01
   1.8973810e+06   6.4270020e+01
   1.8995590e+06   5.3344727e+01
   1.9002330e+06   4.8522949e+01
   1.9074340e+06   5.4443359e+01
   1.9101470e+06   6.0913086e+01
   1.9107380e+06   3.9367676e+01
   1.9124770e+06   6.0241699e+01
   1.9130290e+06   4.0405273e+01
   1.9180490e+06   3.6315918e+01
   1.9196450e+06   3.8269043e+01
   1.9271580e+06   4.2663574e+01
   1.9325820e+06   4.1259766e+01
   1.9384250e+06   4.1076660e+01
   1.9400990e+06   6.3232422e+01
   1.9455200e+06   4.7485352e+01
   1.9484640e+06   5.5664062e+01
   1.9507650e+06   5.9143066e+01
   1.9511420e+06   3.6743164e+01
   1.9529670e+06   5.0048828e+01
   1.9541420e+06   4.6875000e+01
   1.9545980e+06   3.9184570e+01
   1.9573440e+06   4.0466309e+01
   1.9650340e+06   5.9997559e+01
   1.9687660e+06   5.4565430e+01
   1.9712110e+06   4.8828125e+01
   1.9729470e+06   5.0964355e+01
   1.9739070e+06   4.3762207e+01
   1.9804760e+06   4.3823242e+01
   1.9809840e+06   3.6804199e+01
   1.9820080e+06   3.6682129e+01
   1.9905530e+06   3.5888672e+01
   1.9956950e+06   3.6071777e+01
   1.9968400e+06   3.6926270e+01
   2.0113490e+06   5.8654785e+01
   2.0129300e+06   3.7475586e+01
   2.0131130e+06   5.4138184e+01
   2.0182000e+06   6.9335938e+01
   2.0201580e+06   4.0283203e+01
   2.0220420e+06   5.3955078e+01
   2.0244700e+06   5.5236816e+01
   2.0267590e+06   4.6447754e+01
   2.0362320e+06   3.6560059e+01
   2.0422490e+06   6.2377930e+01
   2.0484080e+06   3.7292480e+01
   2.0508560e+06   4.5654297e+01
   2.0542170e+06   6.3476562e+01
   2.0567870e+06   6.4514160e+01
   2.0585890e+06   4.7424316e+01
   2.0654910e+06   4.4067383e+01
   2.0672730e+06   5.1147461e+01
   2.0697890e+06   3.9367676e+01
   2.0744720e+06   3.9611816e+01
   2.0770340e+06   3.7353516e+01
   2.0786240e+06   6.5673828e+01
   2.0815080e+06   4.2724609e+01
   2.0822020e+06   5.7922363e+01
   2.0829280e+06   5.8166504e+01
   2.0841770e+06   4.6752930e+01
   2.0925940e+06   6.6467285e+01
   2.1044350e+06   5.4748535e+01
   2.1058360e+06   3.6071777e+01
   2.1084700e+06   5.1574707e+01
   2.1164260e+06   3.9611816e+01
   2.1169060e+06   3.6865234e+01
   2.1188490e+06   6.3903809e+01
   2.1204040e+06   5.6884766e+01
   2.1213960e+06   5.6030273e+01
   2.1271960e+06   6.2744141e+01
   2.1286200e+06   5.3344727e+01
   2.1292770e+06   4.2663574e+01
   2.1300620e+06   4.5349121e+01
   2.1304040e+06   5.0415039e+01
   2.1359540e+06   3.7048340e+01
   2.1373500e+06   4.0466309e+01
   2.1467600e+06   3.6193848e+01
   2.1558360e+06   6.6162109e+01
   2.1600080e+06   3.9733887e+01
   2.1622480e+06   4.9743652e+01
   2.1642170e+06   6.0241699e+01
   2.1657830e+06   4.1442871e+01
   2.1661210e+06   3.9611816e+01
   2.1665580e+06   5.3466797e+01
   2.1677080e+06   4.6081543e+01
   2.1723840e+06   6.3598633e+01
   2.1747770e+06   5.7312012e+01
   2.1772370e+06   4.8278809e+01
   2.1825280e+06   4.9133301e+01
   2.1881220e+06   6.2438965e+01
   2.1899770e+06   5.9265137e+01
   2.1956610e+06   6.5063477e+01
   2.1971270e+06   3.6437988e+01
   2.1971850e+06   5.7556152e+01
   2.2121040e+06   3.8452148e+01
   2.2138020e+06   3.7658691e+01
   2.2179240e+06   3.6437988e+01
   2.2304680e+06   6.1828613e+01
   2.2337870e+06   6.2622070e+01
   2.2362460e+06   5.7067871e+01
   2.2366650e+06   4.3457031e+01
   2.2371180e+06   3.8024902e+01
   2.2458480e+06   6.1096191e+01
   2.2478380e+06   3.9611816e+01
   2.2485100e+06   6.2133789e+01
   2.2497180e+06   4.1687012e+01
   2.2515640e+06   5.2551270e+01
   2.2549280e+06   4.2968750e+01
   2.2564750e+06   6.0607910e+01
   2.2583960e+06   3.7170410e+01
   2.2593470e+06   5.0537109e+01
   2.2627860e+06   4.9865723e+01
   2.2651180e+06   5.3527832e+01
   2.2680720e+06   3.5949707e+01
   2.2682680e+06   4.7851562e+01
   2.2762030e+06   5.7128906e+01
   2.2768130e+06   5.5786133e+01
   2.2861690e+06   6.0607910e+01
   2.2875650e+06   4.3457031e+01
   2.2884680e+06   3.6376953e+01
   2.2894010e+06   4.8034668e+01
   2.2914280e+06   6.5429688e+01
   2.2917430e+06   4.3701172e+01
   2.2924690e+06   4.2114258e+01
   2.2927640e+06   3.6560059e+01
   2.2958790e+06   6.6772461e+01
   2.3016390e+06   6.3659668e+01
   2.3025950e+06   6.1096191e+01
   2.3040460e+06   4.9072266e+01
   2.3070010e+06   5.6823730e+01
   2.3089750e+06   4.8156738e+01
   2.3131830e+06   4.2541504e+01
   2.3138750e+06   5.6274414e+01
   2.3153270e+06   4.8156738e+01
   2.3208790e+06   5.6884766e+01
   2.3224810e+06   5.0048828e+01
   2.3236070e+06   4.9438477e+01
   2.3253700e+06   5.5847168e+01
   2.3286470e+06   3.7048340e+01
   2.3314170e+06   5.5908203e+01
   2.3337690e+06   3.6071777e+01
   2.3344280e+06   6.1767578e+01
   2.3352750e+06   5.2673340e+01
   2.3456530e+06   7.5378418e+01
   2.3474810e+06   5.5908203e+01
   2.3476200e+06   3.5949707e+01
   2.3492880e+06   5.7495117e+01
   2.3493690e+06   3.8024902e+01
   2.3500750e+06   5.0842285e+01
   2.3506210e+06   4.3823242e+01
   2.3513520e+06   5.0048828e+01
   2.3546880e+06   4.0039062e+01
   2.3591840e+06   3.6010742e+01
   2.3600960e+06   6.3598633e+01
   2.3618510e+06   5.5786133e+01
   2.3655650e+06   4.3518066e+01
   2.3671740e+06   3.8330078e+01
   2.3675760e+06   3.6010742e+01
   2.3678990e+06   5.5236816e+01
   2.3721070e+06   6.0791016e+01
   2.3730540e+06   4.8156738e+01
   2.3750420e+06   3.7475586e+01
   2.3774800e+06   5.9326172e+01
   2.3794890e+06   5.2001953e+01
   2.3807080e+06   3.7292480e+01
   2.3812470e+06   3.6499023e+01
   2.3834750e+06   6.2561035e+01
   2.3852750e+06   5.6640625e+01
   2.3859460e+06   4.1076660e+01
   2.3868420e+06   3.9855957e+01
   2.3874320e+06   3.9733887e+01
   2.3928020e+06   3.8574219e+01
   2.3954110e+06   3.5827637e+01
   2.4068610e+06   6.2072754e+01
   2.4069790e+06   3.8818359e+01
   2.4131510e+06   4.1625977e+01
   2.4159080e+06   5.6152344e+01
   2.4175800e+06   5.7861328e+01
   2.4193100e+06   4.2419434e+01
   2.4208260e+06   3.6437988e+01
   2.4292010e+06   5.7067871e+01
   2.4349380e+06   5.7678223e+01
   2.4356330e+06   5.0354004e+01
   2.4368770e+06   5.6518555e+01
   2.4374300e+06   5.0048828e+01
   2.4377180e+06   3.6132812e+01
   2.4389780e+06   4.5410156e+01
   2.4431710e+06   3.6071777e+01
   2.4462790e+06   3.9733887e+01
   2.4573040e+06   4.1748047e+01
   2.4659720e+06   6.6772461e+01
   2.4700410e+06   4.6142578e+01
   2.4740550e+06   6.3659668e+01
   2.4747070e+06   3.7048340e+01
   2.4779560e+06   6.4147949e+01
   2.4802500e+06   5.3771973e+01
   2.4803790e+06   3.6437988e+01
   2.4825540e+06   6.2744141e+01
   2.4837210e+06   4.9194336e+01
   2.4953170e+06   3.6010742e+01
   2.5027240e+06   6.5002441e+01
   2.5033300e+06   3.9672852e+01
   2.5044410e+06   4.4799805e+01
   2.5080400e+06   3.5583496e+01
   2.5171930e+06   6.3720703e+01
   2.5186650e+06   4.2541504e+01
   2.5202550e+06   6.1584473e+01
   2.5266480e+06   6.6467285e+01
   2.5275300e+06   5.6579590e+01
   2.5281980e+06   4.1442871e+01
   2.5284750e+06   4.6936035e+01
   2.5298290e+06   3.6560059e+01
   2.5339390e+06   3.8269043e+01
   2.5344930e+06   3.5827637e+01
   2.5459250e+06   3.7780762e+01
   2.5581360e+06   7.0312500e+01
   2.5594500e+06   3.6621094e+01
   2.5616990e+06   7.5439453e+01
   2.5644040e+06   5.1025391e+01
   2.5687270e+06   5.4077148e+01
   2.5700810e+06   5.0231934e+01
   2.5708630e+06   3.5949707e+01
   2.5712100e+06   4.7607422e+01
   2.5716110e+06   3.6987305e+01
   2.5840520e+06   6.5124512e+01
   2.5861360e+06   5.1818848e+01
   2.5863360e+06   3.6560059e+01
   2.5929120e+06   4.6264648e+01
   2.5935820e+06   3.7475586e+01
   2.6010250e+06   3.9855957e+01
   2.6125410e+06   4.9804687e+01
   2.6129630e+06   3.7170410e+01
   2.6220060e+06   3.7353516e+01
   2.6231010e+06   6.0424805e+01
   2.6267840e+06   6.5490723e+01
   2.6300840e+06   5.3039551e+01
   2.6302400e+06   3.9184570e+01
   2.6330390e+06   5.5725098e+01
   2.6378260e+06   6.5856934e+01
   2.6389380e+06   4.0405273e+01
   2.6441420e+06   3.8635254e+01
   2.6460550e+06   6.7077637e+01
   2.6475960e+06   4.0039062e+01
   2.6478160e+06   5.2490234e+01
   2.6493810e+06   5.2551270e+01
   2.6512770e+06   4.9011230e+01
   2.6543230e+06   5.2917480e+01
   2.6548470e+06   4.2236328e+01
   2.6621230e+06   6.2500000e+01
   2.6624860e+06   4.7180176e+01
   2.6698460e+06   5.7678223e+01
   2.6726080e+06   5.8654785e+01
   2.6748010e+06   5.1574707e+01
   2.6789980e+06   6.4208984e+01
   2.6796230e+06   4.7363281e+01
   2.6800670e+06   5.3833008e+01
   2.6805490e+06   4.8461914e+01
   2.6874100e+06   4.3090820e+01
   2.6921050e+06   6.9030762e+01
   2.6933610e+06   3.9672852e+01
   2.6955230e+06   5.6518555e+01
   2.6969350e+06   3.7170410e+01
   2.6994520e+06   6.0791016e+01
   2.7029990e+06   5.6945801e+01
   2.7039800e+06   5.0720215e+01
   2.7042520e+06   4.2724609e+01
   2.7048870e+06   3.8024902e+01
   2.7082930e+06   4.2663574e+01
   2.7140760e+06   3.5583496e+01
   2.7182330e+06   4.1687012e+01
   2.7242270e+06   3.9367676e+01
   2.7253220e+06   5.0292969e+01
   2.7274080e+06   3.9306641e+01
   2.7292040e+06   3.6437988e+01
   2.7360910e+06   3.5644531e+01
   2.7387360e+06   3.6132812e+01
   2.7388800e+06   5.9204102e+01
   2.7464550e+06   4.3151855e+01
   2.7514350e+06   4.8950195e+01
   2.7522370e+06   3.6132813e+01
   2.7552150e+06   3.5705566e+01
   2.7561300e+06   6.5307617e+01
   2.7588120e+06   4.0039062e+01
   2.7589190e+06   5.2429199e+01
   2.7603490e+06   3.8879395e+01
   2.7620850e+06   6.5490723e+01
   2.7634780e+06   5.4504395e+01
   2.7659800e+06   5.3955078e+01
   2.7696560e+06   6.1523438e+01
   2.7720940e+06   5.3588867e+01
   2.7727480e+06   4.5959473e+01
   2.7788930e+06   6.6955566e+01
   2.7795440e+06   3.6499023e+01
   2.7801730e+06   3.5766602e+01
   2.7845850e+06   4.0588379e+01
   2.7865310e+06   6.6589355e+01
   2.7892240e+06   5.4260254e+01
   2.7906060e+06   4.2053223e+01
   2.7910220e+06   4.9255371e+01
   2.7931940e+06   3.6071777e+01
   2.7980540e+06   3.8513184e+01
   2.7986140e+06   4.3701172e+01
   2.7993250e+06   3.7841797e+01
   2.8220870e+06   7.1716309e+01
   2.8268980e+06   6.5246582e+01
   2.8286020e+06   5.1757812e+01
   2.8339910e+06   3.5583496e+01
   2.8346870e+06   3.6865234e+01
   2.8373970e+06   6.4636230e+01
   2.8398520e+06   6.5917969e+01
   2.8453700e+06   6.1035156e+01
   2.8459750e+06   5.4077148e+01
   2.8464930e+06   4.0161133e+01
   2.8492590e+06   3.5766602e+01
   2.8501710e+06   4.0039062e+01
   2.8527600e+06   5.9143066e+01
   2.8553920e+06   3.9062500e+01
   2.8594830e+06   3.6010742e+01
   2.8622460e+06   6.2622070e+01
   2.8681770e+06   6.1401367e+01
   2.8720230e+06   5.1879883e+01
   2.8751970e+06   3.7719727e+01
   2.8805240e+06   5.5480957e+01
   2.8832670e+06   5.8471680e+01
   2.8861280e+06   5.4809570e+01
   2.8863420e+06   4.4982910e+01
   2.8877380e+06   4.1015625e+01
   2.8971930e+06   4.3640137e+01
   2.8974190e+06   6.5307617e+01
   2.9012670e+06   5.3344727e+01
   2.9032480e+06   4.4494629e+01
   2.9066280e+06   6.4270020e+01
   2.9073770e+06   4.5776367e+01
   2.9080140e+06   3.7292480e+01
   2.9086300e+06   5.2368164e+01
   2.9123250e+06   6.7077637e+01
   2.9208850e+06   6.1279297e+01
   2.9253780e+06   5.2795410e+01
   2.9270420e+06   4.1381836e+01
   2.9320100e+06   6.2011719e+01
   2.9348410e+06   6.3964844e+01
   2.9367580e+06   4.0710449e+01
   2.9413700e+06   3.8574219e+01
   2.9424610e+06   5.8776855e+01
   2.9453460e+06   6.0729980e+01
   2.9469860e+06   5.4748535e+01
   2.9532610e+06   6.4331055e+01
   2.9539410e+06   5.1940918e+01
   2.9559110e+06   5.0415039e+01
   2.9579930e+06   5.3344727e+01
   2.9605750e+06   5.7128906e+01
   2.9609200e+06   4.7485352e+01
   2.9611440e+06   3.7231445e+01
   2.9674420e+06   4.1198730e+01
   2.9693880e+06   3.8696289e+01
   2.9698850e+06   6.3598633e+01
   2.9751240e+06   3.5888672e+01
   2.9761850e+06   5.4504395e+01
   2.9775260e+06   5.1330566e+01
   2.9874330e+06   4.1320801e+01
   2.9935950e+06   6.2805176e+01
   3.0003490e+06   3.6254883e+01
   3.0024750e+06   5.5969238e+01
   3.0062650e+06   5.3466797e+01
   3.0110670e+06   4.3151855e+01
   3.0126090e+06   3.8452148e+01
   3.0127920e+06   5.7739258e+01
   3.0145380e+06   3.6132812e+01
   3.0159090e+06   6.0852051e+01
   3.0184950e+06   5.8166504e+01
   3.0230200e+06   4.1625977e+01
   3.0244520e+06   6.4086914e+01
   3.0270510e+06   6.1889648e+01
   3.0273040e+06   3.6132812e+01
   3.0283110e+06   4.4738770e+01
   3.0306630e+06   4.4250488e+01
   3.0311920e+06   4.4311523e+01
   3.0323600e+06   3.6437988e+01
   3.0330970e+06   3.6193848e+01
   3.0334670e+06   3.8940430e+01
   3.0437000e+06   6.2011719e+01
   3.0474900e+06   7.4707031e+01
   3.0486400e+06   3.7719727e+01
   3.0540140e+06   3.8574219e+01
   3.0567640e+06   3.7109375e+01
   3.0590690e+06   3.8085938e+01
   3.0602550e+06   6.1096191e+01
   3.0617130e+06   6.1157227e+01
   3.0622180e+06   5.3710938e+01
   3.0645070e+06   5.4260254e+01
   3.0677850e+06   4.8034668e+01
   3.0760170e+06   7.1228027e+01
   3.0779000e+06   3.6743164e+01
   3.0783910e+06   5.8959961e+01
   3.0796260e+06   3.6010742e+01
   3.0865820e+06   4.5593262e+01
   3.0900720e+06   5.7312012e+01
   3.0933880e+06   6.0180664e+01
   3.0941780e+06   5.3039551e+01
   3.0980680e+06   5.4199219e+01
   3.0983540e+06   5.4260254e+01
   3.0990180e+06   4.3884277e+01
   3.1048930e+06   3.9855957e+01
   3.1144320e+06   4.2602539e+01
   3.1272190e+06   6.6467285e+01
   3.1296760e+06   5.8532715e+01
   3.1328110e+06   6.7932129e+01
   3.1362350e+06   5.0170898e+01
   3.1381020e+06   4.1625977e+01
   3.1388650e+06   3.6621094e+01
   3.1392140e+06   3.8879395e+01
   3.1529510e+06   6.3110352e+01
   3.1541290e+06   3.6315918e+01
   3.1548570e+06   3.6682129e+01
   3.1551870e+06   3.5827637e+01
   3.1561430e+06   7.1166992e+01
   3.1589580e+06   5.8166504e+01
   3.1620450e+06   6.4453125e+01
   3.1623730e+06   4.7424316e+01
   3.1631370e+06   4.6691895e+01
   3.1642210e+06   4.3090820e+01
   3.1693840e+06   5.4077148e+01
   3.1719340e+06   3.9550781e+01
   3.1735560e+06   6.0913086e+01
   3.1750930e+06   4.4982910e+01
   3.1794440e+06   4.1809082e+01
   3.1798000e+06   6.3415527e+01
   3.1809280e+06   5.0231934e+01
   3.1892050e+06   6.3354492e+01
   3.1921020e+06   5.6701660e+01
   3.1939810e+06   5.8776855e+01
   3.1965620e+06   5.1818848e+01
   3.2003920e+06   4.7363281e+01
   3.2018870e+06   5.4138184e+01
   3.2038680e+06   3.9428711e+01
   3.2099530e+06   3.8696289e+01
   3.2146960e+06   4.0710449e+01
   3.2151710e+06   3.6499023e+01
   3.2368590e+06   4.4555664e+01
   3.2401660e+06   5.9448242e+01
   3.2424660e+06   3.7231445e+01
   3.2433400e+06   4.8400879e+01
   3.2442150e+06   3.7658691e+01
   3.2478050e+06   3.6743164e+01
   3.2492960e+06   3.8696289e+01
   3.2507300e+06   6.6406250e+01
   3.2540470e+06   5.2429199e+01
   3.2555360e+06   6.6040039e+01
   3.2572950e+06   6.1950684e+01
   3.2584520e+06   3.6804199e+01
   3.2620550e+06   4.1198730e+01
   3.2667320e+06   6.5307617e+01
   3.2693710e+06   5.5297852e+01
   3.2767040e+06   5.7800293e+01
   3.2795150e+06   6.2805176e+01
   3.2804570e+06   6.4208984e+01
   3.2815940e+06   4.0222168e+01
   3.2823270e+06   5.1879883e+01
   3.2860580e+06   4.8522949e+01
   3.2861510e+06   6.0913086e+01
   3.2947180e+06   5.9326172e+01
   3.2977740e+06   4.0344238e+01
   3.2991530e+06   5.9570312e+01
   3.3032940e+06   5.3894043e+01
   3.3090630e+06   4.5166016e+01
   3.3115180e+06   6.7260742e+01
   3.3148500e+06   5.5175781e+01
   3.3163830e+06   5.3955078e+01
   3.3171170e+06   5.3833008e+01
   3.3187740e+06   6.2255859e+01
   3.3196190e+06   3.7414551e+01
   3.3237730e+06   5.9753418e+01
   3.3240120e+06   4.3151855e+01
   3.3285050e+06   5.6701660e+01
   3.3293460e+06   3.9184570e+01
   3.3333010e+06   6.1157227e+01
   3.3345590e+06   6.2133789e+01
   3.3356230e+06   4.8217773e+01
   3.3361700e+06   4.9743652e+01
   3.3384580e+06   5.9997559e+01
   3.3415890e+06   4.2358398e+01
   3.3438260e+06   5.5725098e+01
   3.3481450e+06   5.8288574e+01
   3.3536440e+06   6.6528320e+01
   3.3604630e+06   6.4941406e+01
   3.3641180e+06   6.2500000e+01
   3.3658420e+06   3.7658691e+01
   3.3695410e+06   4.0039062e+01
   3.3699270e+06   4.0344238e+01
   3.3746200e+06   3.7231445e+01
   3.3749530e+06   3.5827637e+01
   3.3771620e+06   6.6284180e+01
   3.3782820e+06   6.1706543e+01
   3.3786460e+06   3.6254883e+01
   3.3797900e+06   5.4992676e+01
   3.3805950e+06   4.0283203e+01
   3.3815480e+06   5.4565430e+01
   3.3829880e+06   4.0161133e+01
   3.3834980e+06   4.2602539e+01
   3.3848560e+06   3.5705566e+01
   3.3914940e+06   3.6193848e+01
   3.3947560e+06   3.8818359e+01
   3.3976160e+06   3.5583496e+01
   3.4067460e+06   3.9428711e+01
   3.4082030e+06   4.1809082e+01
   3.4112520e+06   7.1716309e+01
   3.4183510e+06   7.3608398e+01
   3.4201050e+06   5.0170898e+01
   3.4231110e+06   5.1208496e+01
   3.4241090e+06   5.2673340e+01
   3.4246500e+06   5.1086426e+01
   3.4267610e+06   4.6875000e+01
   3.4271670e+06   3.6132812e+01
   3.4273550e+06   5.2001953e+01
   3.4277770e+06   3.7353516e+01
   3.4286670e+06   4.0466309e+01
   3.4353560e+06   4.1137695e+01
   3.4358410e+06   3.7170410e+01
   3.4573420e+06   3.7597656e+01
   3.4594110e+06   5.7739258e+01
   3.4727250e+06   4.4616699e+01
   3.4731160e+06   4.3212891e+01
   3.4732350e+06   6.3110352e+01
   3.4762090e+06   4.9865723e+01
   3.4780740e+06   5.7373047e+01
   3.4802250e+06   7.0068359e+01
   3.4806240e+06   4.9194336e+01
   3.4827820e+06   5.6823730e+01
   3.4834860e+06   3.9123535e+01
   3.4907320e+06   3.7780762e+01
   3.4916750e+06   6.2377930e+01
   3.4963260e+06   3.5705566e+01
   3.4985880e+06   5.3894043e+01
   3.5000520e+06   4.2175293e+01
   3.5006360e+06   5.5480957e+01
   3.5008550e+06   4.8034668e+01
   3.5148040e+06   5.9082031e+01
   3.5166440e+06   5.5541992e+01
   3.5176750e+06   3.6010742e+01
   3.5179200e+06   5.4077148e+01
   3.5194870e+06   4.8156738e+01
   3.5198650e+06   5.4992676e+01
   3.5278660e+06   5.8227539e+01
   3.5315780e+06   3.6071777e+01
   3.5320860e+06   3.8940430e+01
   3.5380060e+06   6.0546875e+01
   3.5392000e+06   7.0312500e+01
   3.5410690e+06   3.6621094e+01
   3.5430880e+06   5.2001953e+01
   3.5434090e+06   4.7851562e+01
   3.5440510e+06   5.0720215e+01
   3.5474170e+06   5.7373047e+01
   3.5477010e+06   4.0039062e+01
   3.5478810e+06   3.6315918e+01
   3.5479160e+06   3.9489746e+01
   3.5485680e+06   3.8940430e+01
   3.5491470e+06   3.6132812e+01
   3.5561380e+06   3.8574219e+01
   3.5566620e+06   3.6376953e+01
   3.5687440e+06   4.0527344e+01
   3.5713390e+06   4.1992187e+01
   3.5727190e+06   7.2143555e+01
   3.5755020e+06   4.9560547e+01
   3.5801430e+06   3.6376953e+01
   3.5808980e+06   3.8818359e+01
   3.5825140e+06   5.8593750e+01
   3.5850770e+06   5.8837891e+01
   3.5903970e+06   3.7414551e+01
   3.5935310e+06   3.8574219e+01
   3.5986250e+06   6.2194824e+01
   3.6012590e+06   6.7016602e+01
   3.6021560e+06   5.8837891e+01
   3.6024140e+06   4.2602539e+01
   3.6026720e+06   3.6437988e+01
   3.6030970e+06   4.0710449e+01
   3.6037070e+06   4.2053223e+01
   3.6038350e+06   4.2053223e+01
   3.6041560e+06   4.1320801e+01
   3.6052260e+06   4.1198730e+01
   3.6161960e+06   3.8513184e+01
   3.6182270e+06   3.9123535e+01
   3.6210220e+06   3.9367676e+01
   3.6292110e+06   6.3049316e+01
   3.6334330e+06   3.8574219e+01
   3.6383660e+06   6.6284180e+01
   3.6449510e+06   6.5673828e+01
   3.6470360e+06   3.6010742e+01
   3.6472480e+06   5.4077148e+01
   3.6488900e+06   5.2490234e+01
   3.6550190e+06   3.8879395e+01
   3.6557960e+06   3.6743164e+01
   3.6563110e+06   3.8391113e+01
   3.6576550e+06   6.2255859e+01
   3.6600440e+06   5.2734375e+01
   3.6604160e+06   5.5480957e+01
   3.6670370e+06   5.8837891e+01
   3.6734470e+06   7.1960449e+01
   3.6744390e+06   4.2358398e+01
   3.6749040e+06   7.1960449e+01
   3.6787890e+06   5.8715820e+01
   3.6821950e+06   6.4941406e+01
   3.6834770e+06   3.8391113e+01
   3.6886610e+06   3.5644531e+01
   3.6903660e+06   3.6254883e+01
   3.6908090e+06   3.8513184e+01
   3.6960030e+06   7.0434570e+01
   3.6969530e+06   6.0119629e+01
   3.6997460e+06   5.4016113e+01
   3.7018280e+06   5.4077148e+01
   3.7020580e+06   5.2001953e+01
   3.7091920e+06   6.4147949e+01
   3.7129290e+06   5.6213379e+01
   3.7131530e+06   4.4677734e+01
   3.7141860e+06   3.5949707e+01
   3.7201720e+06   3.7597656e+01
   3.7271690e+06   3.7841797e+01
   3.7332770e+06   4.2602539e+01
   3.7339690e+06   3.6987305e+01
   3.7435670e+06   3.6743164e+01
   3.7532150e+06   3.9184570e+01
   3.7593390e+06   7.0922852e+01
   3.7661800e+06   6.6955566e+01
   3.7678450e+06   5.6701660e+01
   3.7682870e+06   5.0048828e+01
   3.7713090e+06   4.0893555e+01
   3.7715880e+06   3.6132812e+01
   3.7720330e+06   4.1442871e+01
   3.7725690e+06   3.7292480e+01
   3.7772030e+06   6.8603516e+01
   3.7801160e+06   6.9641113e+01
   3.7830870e+06   4.4982910e+01
   3.7904760e+06   4.1137695e+01
   3.7937540e+06   6.4453125e+01
   3.7960750e+06   6.2377930e+01
   3.7971280e+06   5.8654785e+01
   3.7972900e+06   4.7973633e+01
   3.7974280e+06   4.0344238e+01
   3.7976930e+06   3.7963867e+01
   3.8061670e+06   4.0405273e+01
   3.8072960e+06   5.9020996e+01
   3.8119200e+06   4.5776367e+01
   3.8157880e+06   6.7565918e+01
   3.8176030e+06   3.8391113e+01
   3.8240170e+06   6.6223145e+01
   3.8252510e+06   4.2175293e+01
   3.8256120e+06   3.6560059e+01
   3.8282560e+06   4.5959473e+01
   3.8311770e+06   5.7739258e+01
   3.8363630e+06   7.2753906e+01
   3.8396930e+06   6.5063477e+01
   3.8448200e+06   6.2683105e+01
   3.8456550e+06   3.8452148e+01
   3.8486400e+06   3.6865234e+01
   3.8558820e+06   3.6499023e+01
   3.8609600e+06   5.7861328e+01
   3.8628300e+06   7.8613281e+01
   3.8637050e+06   4.1259766e+01
   3.8645700e+06   5.6884766e+01
   3.8654990e+06   5.0109863e+01
   3.8673280e+06   4.6508789e+01
   3.8686320e+06   4.9133301e+01
   3.8698990e+06   4.7241211e+01
   3.8715940e+06   4.7729492e+01
   3.8951390e+06   5.7800293e+01
   3.8981900e+06   4.4311523e+01
   3.8988830e+06   4.1809082e+01
   3.9009210e+06   6.3903809e+01
   3.9045940e+06   5.9143066e+01
   3.9066770e+06   3.5949707e+01
   3.9070030e+06   6.0058594e+01
   3.9091960e+06   3.8635254e+01
   3.9100610e+06   4.2114258e+01
   3.9128890e+06   6.9946289e+01
   3.9165840e+06   4.9194336e+01
   3.9170390e+06   4.0283203e+01
   3.9226330e+06   6.1584473e+01
   3.9230520e+06   3.7475586e+01
   3.9262230e+06   3.7658691e+01
   3.9280850e+06   5.5847168e+01
   3.9368520e+06   6.3903809e+01
   3.9383750e+06   6.0363770e+01
   3.9392540e+06   4.9926758e+01
   3.9396940e+06   3.7719727e+01
   3.9402630e+06   4.3151855e+01
   3.9413370e+06   4.5104980e+01
   3.9463890e+06   3.7231445e+01
   3.9582370e+06   3.7658691e+01
   3.9620500e+06   6.1828613e+01
   3.9640510e+06   6.3415527e+01
   3.9710340e+06   6.3964844e+01
   3.9712620e+06   3.6621094e+01
   3.9716830e+06   4.1137695e+01
   3.9737760e+06   7.2937012e+01
   3.9765950e+06   6.8054199e+01
   3.9835290e+06   5.7128906e+01
   3.9858430e+06   4.0161133e+01
   3.9859330e+06   4.1687012e+01
   3.9861630e+06   6.2805176e+01
   3.9873460e+06   5.2246094e+01
   3.9894850e+06   4.2053223e+01
   3.9953260e+06   4.0527344e+01
   4.0069380e+06   3.8269043e+01
   4.0128570e+06   6.8969727e+01
   4.0143520e+06   6.1828613e+01
   4.0149280e+06   3.8635254e+01
   4.0162970e+06   5.7739258e+01
   4.0200660e+06   4.4372559e+01
   4.0203590e+06   4.0771484e+01
   4.0256090e+06   8.0322266e+01
   4.0277320e+06   5.0903320e+01
   4.0279560e+06   4.4921875e+01
   4.0291590e+06   5.0720215e+01
   4.0317250e+06   5.5725098e+01
   4.0397290e+06   4.7851562e+01
   4.0418290e+06   3.5644531e+01
   4.0424880e+06   4.1748047e+01
   4.0454030e+06   6.4697266e+01
   4.0480800e+06   5.8044434e+01
   4.0497390e+06   5.3894043e+01
   4.0500310e+06   5.6823730e+01
   4.0534730e+06   5.3466797e+01
   4.0555270e+06   5.5358887e+01
   4.0696300e+06   4.8767090e+01
   4.0723190e+06   6.2072754e+01
   4.0745310e+06   5.5969238e+01
   4.0751850e+06   3.7536621e+01
   4.0779490e+06   6.0363770e+01
   4.0797100e+06   5.5236816e+01
   4.0802510e+06   5.2185059e+01
   4.0895820e+06   3.6376953e+01
   4.0900680e+06   5.3222656e+01
   4.0908640e+06   3.9367676e+01
   4.0910810e+06   3.9550781e+01
   4.0921040e+06   5.9265137e+01
   4.0989920e+06   5.8471680e+01
   4.1007930e+06   6.0241699e+01
   4.1029570e+06   3.9733887e+01
   4.1030140e+06   6.2927246e+01
   4.1051920e+06   5.2734375e+01
   4.1133250e+06   6.7077637e+01
   4.1140970e+06   6.2011719e+01
   4.1177950e+06   5.3344727e+01
   4.1181810e+06   5.4138184e+01
   4.1261540e+06   3.8452148e+01
   4.1262190e+06   5.7067871e+01
   4.1284640e+06   6.3354492e+01
   4.1286290e+06   3.7719727e+01
   4.1439400e+06   4.0527344e+01
   4.1476340e+06   3.9001465e+01
   4.1542540e+06   6.3232422e+01
   4.1601380e+06   4.2602539e+01
   4.1667550e+06   5.2062988e+01
   4.1732010e+06   7.2875977e+01
   4.1801840e+06   4.2907715e+01
   4.1834760e+06   6.8420410e+01
   4.1909270e+06   6.2072754e+01
   4.1909570e+06   3.6315918e+01
   4.1956050e+06   6.6284180e+01
   4.1975200e+06   5.6030273e+01
   4.1997630e+06   3.5949707e+01
   4.2044490e+06   3.5766602e+01
   4.2053880e+06   5.5786133e+01
   4.2108130e+06   5.8044434e+01
   4.2133980e+06   5.3833008e+01
   4.2147070e+06   6.0546875e+01
   4.2183080e+06   6.0119629e+01
   4.2199150e+06   4.6325684e+01
   4.2212840e+06   4.4250488e+01
   4.2241950e+06   6.5795898e+01
   4.2272220e+06   5.4199219e+01
   4.2318090e+06   3.8940430e+01
   4.2342400e+06   7.8063965e+01
   4.2351540e+06   5.2124023e+01
   4.2354920e+06   4.3334961e+01
   4.2413870e+06   5.5786133e+01
   4.2441710e+06   6.7504883e+01
   4.2502380e+06   3.9245605e+01
   4.2513260e+06   6.4636230e+01
   4.2541840e+06   4.8828125e+01
   4.2551130e+06   3.8574219e+01
   4.2574960e+06   3.6132812e+01
   4.2587770e+06   6.9274902e+01
   4.2590720e+06   6.0241699e+01
   4.2621120e+06   3.8024902e+01
   4.2756730e+06   4.3029785e+01
   4.2761060e+06   4.0710449e+01
   4.2883410e+06   3.5827637e+01
   4.2922080e+06   6.1462402e+01
   4.3007960e+06   6.2683105e+01
   4.3019610e+06   6.5246582e+01
   4.3036910e+06   3.9367676e+01
   4.3079600e+06   3.6865234e+01
   4.3084090e+06   6.7138672e+01
   4.3120370e+06   5.2917480e+01
   4.3144330e+06   4.5593262e+01
   4.3159060e+06   6.4453125e+01
   4.3197090e+06   4.3457031e+01
   4.3252430e+06   6.1706543e+01
   4.3256120e+06   4.7729492e+01
   4.3259280e+06   4.8889160e+01
   4.3299980e+06   4.9133301e+01
   4.3335650e+06   3.8696289e+01
   4.3353070e+06   3.6010742e+01
   4.3377650e+06   6.2927246e+01
   4.3441120e+06   6.7382812e+01
   4.3465680e+06   6.0546875e+01
   4.3497100e+06   3.7231445e+01
   4.3500610e+06   6.6467285e+01
   4.3503700e+06   3.9245605e+01
   4.3507370e+06   3.5888672e+01
   4.3534190e+06   6.0607910e+01
   4.3546870e+06   4.6386719e+01
   4.3746910e+06   3.7292480e+01
   4.3822360e+06   4.1076660e+01
   4.3859960e+06   7.1289062e+01
   4.3881400e+06   6.1828613e+01
   4.3906700e+06   5.9814453e+01
   4.3921300e+06   4.0649414e+01
   4.3927040e+06   3.5827637e+01
   4.3998280e+06   4.6691895e+01
   4.4025760e+06   6.7382812e+01
   4.4068780e+06   5.6152344e+01
   4.4088350e+06   6.8908691e+01
   4.4092640e+06   4.8828125e+01
   4.4098460e+06   5.0781250e+01
   4.4114260e+06   4.3090820e+01
   4.4303170e+06   4.2419434e+01
   4.4311680e+06   3.8635254e+01
   4.4464710e+06   4.7729492e+01
   4.4511380e+06   6.3537598e+01
   4.4607720e+06   6.2377930e+01
   4.4643760e+06   3.6987305e+01
   4.4710830e+06   6.4331055e+01
   4.4781260e+06   3.8513184e+01
   4.4787580e+06   4.1076660e+01
   4.4855310e+06   6.5063477e+01
   4.4906010e+06   6.0058594e+01
   4.4909080e+06   3.7658691e+01
   4.4929200e+06   5.7556152e+01
   4.4960390e+06   5.5480957e+01
   4.4990770e+06   6.2133789e+01
   4.4991820e+06   4.0893555e+01
   4.5083150e+06   6.6223145e+01
   4.5116400e+06   6.3232422e+01
   4.5119620e+06   4.5654297e+01
   4.5125090e+06   4.6508789e+01
   4.5245270e+06   3.8391113e+01
   4.5345480e+06   4.3395996e+01
   4.5439220e+06   4.0039062e+01
   4.5499220e+06   6.2805176e+01
   4.5528560e+06   5.6518555e+01
   4.5542790e+06   6.7626953e+01
   4.5613430e+06   4.8950195e+01
   4.5646430e+06   6.5368652e+01
   4.5672610e+06   4.3640137e+01
   4.5680410e+06   4.2602539e+01
   4.5725650e+06   3.7780762e+01
   4.5740210e+06   6.0302734e+01
   4.5847370e+06   8.5144043e+01
   4.5890500e+06   7.5256348e+01
   4.5901360e+06   6.0791016e+01
   4.5933810e+06   3.7170410e+01
   4.5969590e+06   3.9978027e+01
   4.5972670e+06   6.4880371e+01
   4.5982280e+06   3.9184570e+01
   4.6041290e+06   6.1828613e+01
   4.6089480e+06   3.5583496e+01
   4.6171060e+06   6.1828613e+01
   4.6179400e+06   3.6315918e+01
   4.6185550e+06   3.8940430e+01
   4.6214320e+06   6.7810059e+01
   4.6251480e+06   3.6865234e+01
   4.6259240e+06   7.1228027e+01
   4.6289120e+06   5.2551270e+01
   4.6292040e+06   4.4250488e+01
   4.6331360e+06   5.8715820e+01
   4.6335190e+06   4.1381836e+01
   4.6349990e+06   5.2673340e+01
   4.6351720e+06   3.6804199e+01
   4.6354480e+06   3.9978027e+01
   4.6358660e+06   3.8879395e+01
   4.6427870e+06   3.7841797e+01
   4.6461960e+06   6.2561035e+01
   4.6513310e+06   3.7109375e+01
   4.6529740e+06   6.8786621e+01
   4.6566080e+06   3.9428711e+01
   4.6588890e+06   6.9580078e+01
   4.6608590e+06   5.7739258e+01
   4.6634580e+06   6.0852051e+01
   4.6641580e+06   5.3039551e+01
   4.6737770e+06   6.0729980e+01
   4.6757310e+06   3.6437988e+01
   4.6777450e+06   6.5917969e+01
   4.6795060e+06   4.5410156e+01
   4.6813010e+06   4.1442871e+01
   4.6817480e+06   3.6804199e+01
   4.6824870e+06   3.9062500e+01
   4.6933400e+06   7.0251465e+01
   4.6956720e+06   5.0109863e+01
   4.6987950e+06   5.6762695e+01
   4.6991450e+06   4.9560547e+01
   4.7024580e+06   6.5185547e+01
   4.7045300e+06   4.3579102e+01
   4.7117360e+06   6.6955566e+01
   4.7151810e+06   5.6518555e+01
   4.7154570e+06   4.0588379e+01
   4.7181790e+06   3.9794922e+01
   4.7185250e+06   4.5837402e+01
   4.7196450e+06   5.9204102e+01
   4.7229600e+06   5.9997559e+01
   4.7251180e+06   4.2663574e+01
   4.7257400e+06   4.2541504e+01
   4.7258330e+06   6.0974121e+01
   4.7260780e+06   5.3771973e+01
   4.7342390e+06   5.8105469e+01
   4.7347400e+06   4.4860840e+01
   4.7391750e+06   7.2753906e+01
   4.7399490e+06   3.8574219e+01
   4.7423160e+06   4.5532227e+01
   4.7444980e+06   5.3466797e+01
   4.7456840e+06   5.7922363e+01
   4.7489350e+06   5.9265137e+01
   4.7496790e+06   5.5419922e+01
   4.7499990e+06   5.4748535e+01
   4.7584830e+06   3.8391113e+01
   4.7660200e+06   3.7353516e+01
   4.7750470e+06   3.7597656e+01
   4.7765470e+06   3.6499023e+01
   4.7879910e+06   7.2265625e+01
   4.7895860e+06   5.8532715e+01
   4.7911520e+06   4.0893555e+01
   4.7917640e+06   6.9152832e+01
   4.7954470e+06   5.6335449e+01
   4.8044620e+06   6.0363770e+01
   4.8101490e+06   6.0058594e+01
   4.8122440e+06   5.6030273e+01
   4.8135500e+06   3.6010742e+01
   4.8140150e+06   3.9794922e+01
   4.8180760e+06   5.4504395e+01
   4.8278030e+06   6.6833496e+01
   4.8295330e+06   4.1137695e+01
   4.8303580e+06   7.5927734e+01
   4.8335380e+06   5.5175781e+01
   4.8348960e+06   7.2631836e+01
   4.8353600e+06   5.2856445e+01
   4.8384980e+06   3.8085938e+01
   4.8386170e+06   4.6630859e+01
   4.8489690e+06   5.6396484e+01
   4.8580550e+06   6.9641113e+01
   4.8599130e+06   4.1992188e+01
   4.8602560e+06   6.9335938e+01
   4.8605020e+06   3.7292480e+01
   4.8685570e+06   6.5002441e+01
   4.8713480e+06   5.6152344e+01
   4.8741990e+06   4.9194336e+01
   4.8759670e+06   4.1381836e+01
   4.8776650e+06   6.7321777e+01
   4.8808250e+06   6.2805176e+01
   4.8809120e+06   3.9062500e+01
   4.8912460e+06   7.0983887e+01
   4.8929620e+06   5.7006836e+01
   4.8942380e+06   5.2001953e+01
   4.8979590e+06   3.8085938e+01
   4.9028630e+06   3.6682129e+01
   4.9049730e+06   3.6254883e+01
   4.9142750e+06   7.4707031e+01
   4.9167850e+06   6.0729980e+01
   4.9237550e+06   3.7719727e+01
   4.9256780e+06   6.0668945e+01
   4.9288280e+06   6.5612793e+01
   4.9304550e+06   5.5053711e+01
   4.9360200e+06   6.7077637e+01
   4.9364600e+06   4.7668457e+01
   4.9368030e+06   4.5166016e+01
   4.9462610e+06   6.6650391e+01
   4.9480630e+06   6.0302734e+01
   4.9504850e+06   3.6376953e+01
   4.9526770e+06   7.1777344e+01
   4.9531630e+06   3.5766602e+01
   4.9586870e+06   6.6162109e+01
   4.9711920e+06   6.2500000e+01
   4.9760060e+06   5.0537109e+01
   4.9762420e+06   3.6804199e+01
   4.9778300e+06   7.0800781e+01
   4.9832730e+06   6.2744141e+01
   4.9885120e+06   5.4504395e+01
   4.9900280e+06   3.9855957e+01
   4.9919140e+06   3.7597656e+01
   4.9941620e+06   6.5856934e+01
   5.0012550e+06   7.0495605e+01
   5.0108570e+06   6.2438965e+01
   5.0115500e+06   4.5715332e+01
   5.0118920e+06   3.7536621e+01
   5.0163200e+06   7.0495605e+01
   5.0201550e+06   5.7312012e+01
   5.0237540e+06   3.6010742e+01
   5.0237900e+06   6.5307617e+01
   5.0277870e+06   5.6701660e+01
   5.0345320e+06   6.2133789e+01
   5.0386420e+06   6.3842773e+01
   5.0393380e+06   3.9062500e+01
   5.0397920e+06   5.6030273e+01
   5.0399320e+06   3.5827637e+01
   5.0484360e+06   7.5927734e+01
   5.0489150e+06   4.1015625e+01
   5.0518280e+06   3.6682129e+01
   5.0528010e+06   6.5002441e+01
   5.0561010e+06   6.6406250e+01
   5.0577050e+06   4.9438477e+01
   5.0661010e+06   3.6315918e+01
   5.0664240e+06   4.0527344e+01
   5.0684320e+06   5.6091309e+01
   5.0705330e+06   5.7983398e+01
   5.0712070e+06   4.8522949e+01
   5.0797070e+06   6.3171387e+01
   5.0858410e+06   3.8452148e+01
   5.0904710e+06   6.6650391e+01
   5.0923990e+06   3.5827637e+01
   5.0926490e+06   5.4443359e+01
   5.0949850e+06   4.7485352e+01
   5.0953980e+06   4.6508789e+01
   5.0964590e+06   5.0964355e+01
   5.0975270e+06   3.5888672e+01
   5.1030120e+06   3.8085938e+01
   5.1116510e+06   3.6926270e+01
   5.1157320e+06   4.0100098e+01
   5.1284350e+06   3.6926270e+01
   5.1328920e+06   6.8969727e+01
   5.1355600e+06   3.9794922e+01
   5.1431140e+06   3.9733887e+01
   5.1433540e+06   3.6193848e+01
   5.1457960e+06   7.0678711e+01
   5.1543550e+06   6.0424805e+01
   5.1568960e+06   6.3232422e+01
   5.1601040e+06   6.3537598e+01
   5.1634350e+06   6.4819336e+01
   5.1721010e+06   3.9916992e+01
   5.1743480e+06   6.3415527e+01
   5.1752340e+06   3.8635254e+01
   5.1812850e+06   3.5705566e+01
   5.1821470e+06   3.8940430e+01
   5.1866560e+06   6.9519043e+01
   5.1919820e+06   6.8908691e+01
   5.1941260e+06   6.9030762e+01
   5.1941420e+06   4.2541504e+01
   5.1969120e+06   5.6640625e+01
   5.2046170e+06   3.6865234e+01
   5.2076620e+06   7.0617676e+01
   5.2112310e+06   5.2307129e+01
   5.2165300e+06   3.9489746e+01
   5.2191580e+06   6.3598633e+01
   5.2194400e+06   3.7048340e+01
   5.2236780e+06   6.1218262e+01
   5.2267040e+06   3.5705566e+01
   5.2335910e+06   6.2805176e+01
   5.2376880e+06   6.6650391e+01
   5.2404910e+06   6.0607910e+01
   5.2426810e+06   4.0466309e+01
   5.2435480e+06   4.1320801e+01
   5.2449330e+06   5.5908203e+01
   5.2498190e+06   3.9245605e+01
   5.2531150e+06   6.6772461e+01
   5.2582020e+06   3.7902832e+01
   5.2596040e+06   6.4025879e+01
   5.2622640e+06   5.5175781e+01
   5.2632920e+06   4.5043945e+01
   5.2648430e+06   5.4992676e+01
   5.2649900e+06   4.2724609e+01
   5.2683560e+06   6.6650391e+01
   5.2738490e+06   3.8269043e+01
   5.2741850e+06   5.5603027e+01
   5.2759390e+06   4.1442871e+01
   5.2773100e+06   3.8574219e+01
   5.2788410e+06   3.6560059e+01
   5.2801330e+06   6.1889648e+01
   5.2809100e+06   3.6560059e+01
   5.2832840e+06   3.8024902e+01
   5.2905740e+06   7.0800781e+01
   5.2953490e+06   6.6101074e+01
   5.2989850e+06   6.4575195e+01
   5.2998600e+06   3.8818359e+01
   5.2998940e+06   5.8715820e+01
   5.3021200e+06   3.6987305e+01
   5.3091610e+06   5.8044434e+01
   5.3169800e+06   6.9641113e+01
   5.3173380e+06   4.0039062e+01
   5.3210410e+06   5.9753418e+01
   5.3235530e+06   7.1044922e+01
   5.3238190e+06   3.9611816e+01
   5.3369630e+06   6.4697266e+01
   5.3425710e+06   4.5349121e+01
   5.3433460e+06   4.2053223e+01
   5.3465560e+06   6.4575195e+01
   5.3517250e+06   6.7932129e+01
   5.3529310e+06   4.8339844e+01
   5.3555020e+06   3.5888672e+01
   5.3572980e+06   6.9091797e+01
   5.3582970e+06   6.4025879e+01
   5.3594470e+06   5.1879883e+01
   5.3660460e+06   5.8532715e+01
   5.3672120e+06   5.2368164e+01
   5.3680300e+06   4.8950195e+01
   5.3717310e+06   3.7353516e+01
   5.3732010e+06   3.7170410e+01
   5.3738500e+06   4.0771484e+01
   5.3810380e+06   3.8024902e+01
   5.3822040e+06   3.7109375e+01
   5.3860810e+06   6.5124512e+01
   5.3888060e+06   6.5246582e+01
   5.3912190e+06   6.7016602e+01
   5.3926520e+06   5.2062988e+01
   5.3950700e+06   5.7189941e+01
   5.3988920e+06   5.7434082e+01
   5.4017230e+06   4.1137695e+01
   5.4021830e+06   6.5246582e+01
   5.4091700e+06   6.2805176e+01
   5.4112640e+06   5.4382324e+01
   5.4261470e+06   7.9467773e+01
   5.4287660e+06   6.2805176e+01
   5.4308530e+06   4.2236328e+01
   5.4309350e+06   6.0485840e+01
   5.4373830e+06   5.8532715e+01
   5.4387920e+06   4.4311523e+01
   5.4424930e+06   5.7434082e+01
   5.4467240e+06   4.5959473e+01
   5.4473610e+06   3.8879395e+01
   5.4473940e+06   5.9448242e+01
   5.4479340e+06   5.4016113e+01
   5.4481270e+06   3.8818359e+01
   5.4489730e+06   4.7851562e+01
   5.4502110e+06   5.8532715e+01
   5.4506650e+06   4.2541504e+01
   5.4629200e+06   4.3640137e+01
   5.4708760e+06   4.2663574e+01
   5.4712050e+06   3.6865234e+01
   5.4716340e+06   3.5766602e+01
   5.4747110e+06   6.5551758e+01
   5.4784380e+06   3.8696289e+01
   5.4825990e+06   8.0017090e+01
   5.4853580e+06   3.6743164e+01
   5.4864140e+06   6.6894531e+01
   5.4954170e+06   4.0588379e+01
   5.4969670e+06   6.7687988e+01
   5.5031680e+06   7.0800781e+01
   5.5039660e+06   3.7170410e+01
   5.5048510e+06   7.1044922e+01
   5.5049450e+06   4.2663574e+01
   5.5072710e+06   6.0974121e+01
   5.5171540e+06   6.4208984e+01
   5.5176380e+06   3.5583496e+01
   5.5207210e+06   5.1025391e+01
   5.5277670e+06   6.4575195e+01
   5.5281010e+06   4.1198730e+01
   5.5323350e+06   6.0607910e+01
   5.5331610e+06   3.6193848e+01
   5.5390360e+06   4.1320801e+01
   5.5480860e+06   7.4951172e+01
   5.5583960e+06   3.7841797e+01
   5.5602520e+06   5.8959961e+01
   5.5618430e+06   3.5644531e+01
   5.5622340e+06   3.6926270e+01
   5.5642280e+06   5.5725098e+01
   5.5694710e+06   6.2072754e+01
   5.5729250e+06   6.6650391e+01
   5.5741360e+06   5.0109863e+01
   5.5756930e+06   6.3293457e+01
   5.5760370e+06   3.9978027e+01
   5.5822640e+06   5.3222656e+01
   5.5859820e+06   5.3161621e+01
   5.5913030e+06   3.8818359e+01
   5.5977080e+06   6.5002441e+01
   5.6018330e+06   6.8908691e+01
   5.6034410e+06   4.2175293e+01
   5.6109500e+06   6.3049316e+01
   5.6109730e+06   3.7536621e+01
   5.6134700e+06   5.5603027e+01
   5.6143680e+06   3.6071777e+01
   5.6166640e+06   5.8471680e+01
   5.6247790e+06   6.6589355e+01
   5.6294360e+06   5.6152344e+01
   5.6302400e+06   3.9428711e+01
   5.6367800e+06   6.6772461e+01
   5.6426850e+06   4.1503906e+01
   5.6429460e+06   4.6752930e+01
   5.6474170e+06   4.0283203e+01
   5.6477420e+06   5.9692383e+01
   5.6477720e+06   3.8330078e+01
   5.6513930e+06   6.3232422e+01
   5.6520720e+06   3.9306641e+01
   5.6541470e+06   6.7077637e+01
   5.6548720e+06   5.8410645e+01
   5.6553570e+06   4.8583984e+01
   5.6561970e+06   4.5227051e+01
   5.6565110e+06   3.6804199e+01
   5.6566210e+06   4.0222168e+01
   5.6821090e+06   3.6071777e+01
   5.6826460e+06   3.5644531e+01
   5.6946660e+06   4.8645020e+01
   5.7216370e+06   6.1645508e+01
   5.7232230e+06   4.7607422e+01
   5.7241540e+06   6.3903809e+01
   5.7341490e+06   3.9855957e+01
   5.7370150e+06   6.7932129e+01
   5.7435070e+06   6.5551758e+01
   5.7479520e+06   6.6284180e+01
   5.7508690e+06   5.6091309e+01
   5.7550710e+06   3.6865234e+01
   5.7574600e+06   5.6579590e+01
   5.7675140e+06   6.5917969e+01
   5.7708260e+06   3.6010742e+01
   5.7711440e+06   4.3884277e+01
   5.7712060e+06   5.8654785e+01
   5.7838730e+06   6.0363770e+01
   5.7911530e+06   6.7687988e+01
   5.7914670e+06   4.6386719e+01
   5.7923400e+06   6.2133789e+01
   5.7952310e+06   4.8767090e+01
   5.8009510e+06   4.1381836e+01
   5.8012850e+06   3.6926270e+01
   5.8039100e+06   6.1950684e+01
   5.8056090e+06   6.9458008e+01
   5.8064600e+06   4.0771484e+01
   5.8113340e+06   6.2072754e+01
   5.8120790e+06   3.7902832e+01
   5.8123540e+06   3.5949707e+01
   5.8159780e+06   5.7067871e+01
   5.8257130e+06   6.4819336e+01
   5.8367700e+06   8.0566406e+01
   5.8401530e+06   6.8176270e+01
   5.8424580e+06   4.2236328e+01
   5.8447830e+06   5.9204102e+01
   5.8470750e+06   3.6865234e+01
   5.8477060e+06   3.9978027e+01
   5.8551940e+06   6.2316895e+01
   5.8668690e+06   7.1533203e+01
   5.8694990e+06   6.1157227e+01
   5.8718650e+06   4.2785645e+01
   5.8795700e+06   6.5185547e+01
   5.8812070e+06   3.9367676e+01
   5.8825480e+06   4.2907715e+01
   5.8829560e+06   4.0344238e+01
   5.8864250e+06   7.5805664e+01
   5.8876240e+06   5.2368164e+01
   5.8890960e+06   5.2246094e+01
   5.8893180e+06   4.0100098e+01
   5.8897280e+06   4.5227051e+01
   5.8930910e+06   3.5644531e+01
   5.9032890e+06   6.4697266e+01
   5.9097490e+06   4.0466309e+01
   5.9102800e+06   4.1076660e+01
   5.9113560e+06   6.8847656e+01
   5.9237840e+06   3.9978027e+01
   5.9240520e+06   6.7443848e+01
   5.9277010e+06   4.2968750e+01
   5.9289430e+06   4.0588379e+01
   5.9290120e+06   5.7861328e+01
   5.9313490e+06   3.9367676e+01
   5.9330890e+06   5.8715820e+01
   5.9400070e+06   7.1838379e+01
   5.9468850e+06   5.3588867e+01
   5.9482450e+06   5.3771973e+01
   5.9591160e+06   3.9611816e+01
   5.9654070e+06   6.0241699e+01
   5.9732200e+06   3.5705566e+01
   5.9736610e+06   4.7973633e+01
   5.9738800e+06   7.0495605e+01
   5.9743290e+06   3.6682129e+01
   5.9755590e+06   5.3710938e+01
   5.9774350e+06   6.6101074e+01
   5.9832110e+06   4.3579102e+01
   5.9834750e+06   3.9062500e+01
   5.9836430e+06   6.2866211e+01
   5.9873940e+06   6.6650391e+01
   5.9918460e+06   6.8786621e+01
   6.0011330e+06   5.9570312e+01
   6.0043070e+06   4.0222168e+01
   6.0048260e+06   3.8757324e+01
   6.0065440e+06   5.8349609e+01
   6.0094530e+06   6.8237305e+01
   6.0182130e+06   6.0485840e+01
   6.0287010e+06   4.2114258e+01
   6.0321720e+06   6.0791016e+01
   6.0386000e+06   6.9641113e+01
   6.0406320e+06   3.8391113e+01
   6.0435200e+06   7.0434570e+01
   6.0458530e+06   6.1523438e+01
   6.0460620e+06   4.2297363e+01
   6.0606360e+06   3.9794922e+01
   6.0610800e+06   3.7597656e+01
   6.0631390e+06   6.5185547e+01
   6.0672840e+06   6.1706543e+01
   6.0724840e+06   6.2927246e+01
   6.0832590e+06   5.6640625e+01
   6.0841680e+06   5.9448242e+01
   6.0842420e+06   3.7780762e+01
   6.0844610e+06   4.2175293e+01
   6.0975500e+06   6.7504883e+01
   6.1016880e+06   5.7861328e+01
   6.1049500e+06   4.5471191e+01
   6.1102950e+06   4.7058105e+01
   6.1106620e+06   3.7719727e+01
   6.1107840e+06   6.2927246e+01
   6.1141770e+06   5.8776855e+01
   6.1271050e+06   6.7016602e+01
   6.1301120e+06   5.5419922e+01
   6.1337820e+06   3.8330078e+01
   6.1350980e+06   3.7353516e+01
   6.1355740e+06   6.4758301e+01
   6.1413850e+06   6.7077637e+01
   6.1469040e+06   6.4453125e+01
   6.1528710e+06   4.4006348e+01
   6.1607120e+06   7.4401855e+01
   6.1637800e+06   6.7443848e+01
   6.1670820e+06   6.0363770e+01
   6.1735320e+06   4.5043945e+01
   6.1802290e+06   5.6396484e+01
   6.1841690e+06   7.2753906e+01
   6.1864170e+06   6.6284180e+01
   6.1892580e+06   6.8298340e+01
   6.1903400e+06   5.1330566e+01
   6.1920840e+06   4.3090820e+01
   6.1926940e+06   5.2001953e+01
   6.1976750e+06   6.9396973e+01
   6.2004210e+06   7.2509766e+01
   6.2017850e+06   5.2001953e+01
   6.2182730e+06   6.5551758e+01
   6.2217070e+06   3.8696289e+01
   6.2264690e+06   7.2692871e+01
   6.2296950e+06   6.5368652e+01
   6.2311320e+06   5.7800293e+01
   6.2315600e+06   3.7292480e+01
   6.2317160e+06   4.8522949e+01
   6.2327260e+06   4.6936035e+01
   6.2329100e+06   3.6071777e+01
   6.2341920e+06   3.9428711e+01
   6.2438160e+06   6.9335938e+01
   6.2472090e+06   6.2805176e+01
   6.2544740e+06   6.8237305e+01
   6.2766710e+06   4.0222168e+01
   6.2772660e+06   6.3781738e+01
   6.2803240e+06   5.8288574e+01
   6.2809950e+06   5.3588867e+01
   6.2818900e+06   4.5959473e+01
   6.2822400e+06   4.4555664e+01
   6.2825310e+06   4.1320801e+01
   6.2911910e+06   3.5705566e+01
   6.3061220e+06   4.8217773e+01
   6.3063950e+06   3.8696289e+01
   6.3304150e+06   3.8391113e+01
   6.3306160e+06   4.7180176e+01
   6.3310820e+06   6.0119629e+01
   6.3313730e+06   3.7048340e+01
   6.3365400e+06   6.6467285e+01
   6.3404700e+06   6.2194824e+01
   6.3417720e+06   4.6020508e+01
   6.3439230e+06   5.2917480e+01
   6.3445580e+06   5.6030273e+01
   6.3451500e+06   5.6884766e+01
   6.3463760e+06   4.5104980e+01
   6.3466910e+06   4.0527344e+01
   6.3473340e+06   3.6071777e+01
   6.3686060e+06   6.9519043e+01
   6.3825710e+06   5.3771973e+01
   6.3838570e+06   3.9245605e+01
   6.3849360e+06   3.8208008e+01
   6.3964570e+06   5.5603027e+01
   6.3995840e+06   7.1777344e+01
   6.4031060e+06   3.8391113e+01
   6.4096880e+06   3.7231445e+01
   6.4104180e+06   3.6865234e+01
   6.4111930e+06   7.2326660e+01
   6.4204000e+06   6.5063477e+01
   6.4236910e+06   6.9213867e+01
   6.4257560e+06   4.1625977e+01
   6.4261070e+06   3.6926270e+01
   6.4266320e+06   3.5705566e+01
   6.4269830e+06   3.6010742e+01
   6.4278110e+06   6.5002441e+01
   6.4372040e+06   3.6926270e+01
   6.4392240e+06   6.6223145e+01
   6.4469580e+06   7.0861816e+01
   6.4475140e+06   5.0292969e+01
   6.4505650e+06   6.2500000e+01
   6.4542610e+06   3.7475586e+01
   6.4546310e+06   6.1035156e+01
   6.4593430e+06   5.2612305e+01
   6.4601450e+06   3.8513184e+01
   6.4641770e+06   4.0893555e+01
   6.4689830e+06   6.0302734e+01
   6.4787190e+06   4.1076660e+01
   6.4793730e+06   3.6560059e+01
   6.4801050e+06   6.9885254e+01
   6.4821960e+06   5.9082031e+01
   6.4862950e+06   4.1564941e+01
   6.4867120e+06   3.8085938e+01
   6.4889290e+06   6.8481445e+01
   6.4925250e+06   5.7373047e+01
   6.4994460e+06   3.6499023e+01
   6.5036090e+06   6.3415527e+01
   6.5076290e+06   4.4067383e+01
   6.5086460e+06   3.8513184e+01
   6.5119590e+06   6.0058594e+01
   6.5196800e+06   5.9509277e+01
   6.5282160e+06   4.1687012e+01
   6.5286790e+06   4.0100098e+01
   6.5300500e+06   6.0058594e+01
   6.5313570e+06   6.1279297e+01
   6.5403340e+06   7.1838379e+01
   6.5412670e+06   4.4311523e+01
   6.5474420e+06   6.4025879e+01
   6.5508450e+06   6.1523438e+01
   6.5515730e+06   5.4199219e+01
   6.5618500e+06   6.6345215e+01
   6.5638510e+06   3.6865234e+01
   6.5673560e+06   3.6132812e+01
   6.5702710e+06   6.1096191e+01
   6.5709240e+06   3.9062500e+01
   6.5720100e+06   3.8208008e+01
   6.5843590e+06   4.0649414e+01
   6.5902030e+06   6.5368652e+01
   6.5923270e+06   4.0893555e+01
   6.5927110e+06   6.9519043e+01
   6.6025290e+06   3.6254883e+01
   6.6035420e+06   6.0607910e+01
   6.6048920e+06   3.9245605e+01
   6.6057290e+06   6.4819336e+01
   6.6063700e+06   3.9611816e+01
   6.6072040e+06   5.2429199e+01
   6.6111430e+06   4.0588379e+01
   6.6166840e+06   5.7312012e+01
   6.6219610e+06   6.7687988e+01
   6.6228490e+06   3.7048340e+01
   6.6272820e+06   4.2846680e+01
   6.6277090e+06   3.6987305e+01
   6.6316150e+06   7.9833984e+01
   6.6351770e+06   6.2622070e+01
   6.6379180e+06   3.6682129e+01
   6.6383210e+06   4.0893555e+01
   6.6387850e+06   3.8574219e+01
   6.6390610e+06   4.0039062e+01
   6.6440400e+06   7.0007324e+01
   6.6465340e+06   5.0109863e+01
   6.6494560e+06   5.7128906e+01
   6.6514650e+06   3.9916992e+01
   6.6662550e+06   6.3720703e+01
   6.6722090e+06   6.6284180e+01
   6.6742630e+06   3.6132812e+01
   6.6797890e+06   7.2814941e+01
   6.6811830e+06   6.1096191e+01
   6.6909710e+06   3.5827637e+01
   6.6939160e+06   5.9020996e+01
   6.6948760e+06   6.8420410e+01
   6.7006810e+06   6.0607910e+01
   6.7025270e+06   3.7414551e+01
   6.7028560e+06   3.7414551e+01
   6.7031290e+06   3.8208008e+01
   6.7034500e+06   3.7170410e+01
   6.7048850e+06   7.1533203e+01
   6.7073110e+06   7.4157715e+01
   6.7147800e+06   6.2866211e+01
   6.7168260e+06   5.0048828e+01
   6.7189760e+06   3.5705566e+01
   6.7201250e+06   6.8115234e+01
   6.7225200e+06   5.4992676e+01
   6.7334400e+06   5.2734375e+01
   6.7398250e+06   4.1564941e+01
   6.7399760e+06   7.4340820e+01
   6.7453590e+06   6.7932129e+01
   6.7472640e+06   4.6936035e+01
   6.7476700e+06   3.6865234e+01
   6.7492800e+06   5.7861328e+01
   6.7532750e+06   6.0913086e+01
   6.7577400e+06   6.0485840e+01
   6.7630640e+06   3.9428711e+01
   6.7639610e+06   6.9946289e+01
   6.7639810e+06   3.9123535e+01
   6.7714920e+06   7.2143555e+01
   6.7776950e+06   4.1687012e+01
   6.7819740e+06   6.6345215e+01
   6.7842940e+06   3.9428711e+01
   6.7909530e+06   6.9763184e+01
   6.7917740e+06   4.7485352e+01
   6.7945890e+06   3.6682129e+01
   6.7951070e+06   3.9184570e+01
   6.8007990e+06   7.1411133e+01
   6.8048630e+06   6.6345215e+01
   6.8071440e+06   6.7871094e+01
   6.8073450e+06   4.5349121e+01
   6.8109020e+06   4.7058105e+01
   6.8195450e+06   4.0100098e+01
   6.8200330e+06   6.5551758e+01
   6.8247010e+06   8.9782715e+01
   6.8316050e+06   6.0852051e+01
   6.8332700e+06   5.7312012e+01
   6.8466260e+06   6.4880371e+01
   6.8487830e+06   5.9020996e+01
   6.8494880e+06   5.7861328e+01
   6.8679580e+06   6.9824219e+01
   6.8689720e+06   3.6010742e+01
   6.8738980e+06   3.6254883e+01
   6.8782960e+06   6.3415527e+01
   6.8802160e+06   4.0405273e+01
   6.8901070e+06   6.8176270e+01
   6.8918190e+06   5.6518555e+01
   6.8926020e+06   3.9855957e+01
   6.8944460e+06   6.1645508e+01
   6.8948170e+06   5.3710938e+01
   6.9077220e+06   6.9763184e+01
   6.9119020e+06   7.9223633e+01
   6.9143940e+06   3.5583496e+01
   6.9150450e+06   6.5734863e+01
   6.9163330e+06   3.9672852e+01
   6.9280990e+06   6.5551758e+01
   6.9313210e+06   5.9326172e+01
   6.9398820e+06   4.4616699e+01
   6.9405540e+06   7.2570801e+01
   6.9405790e+06   3.5766602e+01
   6.9416860e+06   4.4006348e+01
   6.9505900e+06   7.1472168e+01
   6.9538820e+06   4.7119141e+01
   6.9541200e+06   6.7810059e+01
   6.9576150e+06   3.7048340e+01
   6.9586510e+06   4.3640137e+01
   6.9589910e+06   4.7851563e+01
   6.9627120e+06   5.8593750e+01
   6.9682650e+06   5.7861328e+01
   6.9755780e+06   3.8330078e+01
   6.9809010e+06   8.0566406e+01
   6.9891430e+06   6.5979004e+01
   6.9931460e+06   7.1655273e+01
   6.9937520e+06   3.5644531e+01
   6.9952190e+06   7.0556641e+01
   6.9955170e+06   4.4006348e+01
   6.9985710e+06   3.8452148e+01
   7.0051710e+06   7.5683594e+01
   7.0086880e+06   3.6071777e+01
   7.0092730e+06   6.4025879e+01
   7.0149620e+06   3.7780762e+01
   7.0150070e+06   6.2438965e+01
   7.0176890e+06   7.0739746e+01
   7.0201660e+06   4.0466309e+01
   7.0245480e+06   6.8359375e+01
   7.0276030e+06   4.0283203e+01
   7.0283670e+06   3.9428711e+01
   7.0287620e+06   3.5644531e+01
   7.0335420e+06   4.0527344e+01
   7.0352110e+06   6.0302734e+01
   7.0376030e+06   6.0852051e+01
   7.0388730e+06   4.6813965e+01
   7.0393100e+06   3.5705566e+01
   7.0450860e+06   3.7475586e+01
   7.0487740e+06   7.4645996e+01
   7.0497470e+06   3.7414551e+01
   7.0524220e+06   5.7312012e+01
   7.0617680e+06   6.2072754e+01
   7.0729940e+06   7.2326660e+01
   7.0803710e+06   7.2937012e+01
   7.0883900e+06   4.2175293e+01
   7.0890760e+06   3.5888672e+01
   7.0897610e+06   3.9306641e+01
   7.0915110e+06   6.5673828e+01
   7.0956860e+06   6.5002441e+01
   7.0990480e+06   3.7902832e+01
   7.1070470e+06   6.7016602e+01
   7.1116200e+06   6.2744141e+01
   7.1164650e+06   5.7678223e+01
   7.1243840e+06   4.1015625e+01
   7.1246640e+06   3.6254883e+01
   7.1284950e+06   6.7199707e+01
   7.1305920e+06   7.1289062e+01
   7.1379810e+06   4.1015625e+01
   7.1499590e+06   3.6071777e+01
   7.1516710e+06   6.7321777e+01
   7.1537860e+06   6.9702148e+01
   7.1551100e+06   6.0729980e+01
   7.1587380e+06   6.0058594e+01
   7.1646870e+06   4.4555664e+01
   7.1680190e+06   6.6894531e+01
   7.1699480e+06   5.5847168e+01
   7.1707850e+06   5.2734375e+01
   7.1711900e+06   4.4616699e+01
   7.1715030e+06   3.6560059e+01
   7.1772420e+06   4.6936035e+01
   7.1776470e+06   3.8452148e+01
   7.1786200e+06   4.2419434e+01
   7.1890910e+06   4.2724609e+01
   7.1895710e+06   4.3945313e+01
   7.2017850e+06   3.6132812e+01
   7.2074490e+06   6.7260742e+01
   7.2122710e+06   6.9458008e+01
   7.2265730e+06   4.0527344e+01
   7.2273350e+06   6.6833496e+01
   7.2298860e+06   6.4697266e+01
   7.2349490e+06   4.6691895e+01
   7.2463520e+06   7.7331543e+01
   7.2474700e+06   3.5949707e+01
   7.2478000e+06   6.6955566e+01
   7.2491480e+06   4.6508789e+01
   7.2506840e+06   5.8715820e+01
   7.2509880e+06   4.6203613e+01
   7.2554050e+06   4.1259766e+01
   7.2569180e+06   4.6936035e+01
   7.2581200e+06   5.9753418e+01
   7.2687710e+06   3.9794922e+01
   7.2690730e+06   3.7109375e+01
   7.2710070e+06   6.0791016e+01
   7.2793010e+06   3.7414551e+01
   7.2867420e+06   6.8847656e+01
   7.2884800e+06   6.0363770e+01
   7.2906690e+06   6.1096191e+01
   7.2956210e+06   6.3171387e+01
   7.2962940e+06   5.6213379e+01
   7.3056700e+06   4.7912598e+01
   7.3059440e+06   3.9794922e+01
   7.3063230e+06   7.6354980e+01
   7.3066060e+06   3.6621094e+01
   7.3131950e+06   7.2265625e+01
   7.3176570e+06   4.9011230e+01
   7.3177900e+06   5.7983398e+01
   7.3305790e+06   7.3303223e+01
   7.3320620e+06   4.1931152e+01
   7.3323330e+06   6.8359375e+01
   7.3331770e+06   3.7292480e+01
   7.3377860e+06   7.2265625e+01
   7.3473880e+06   6.2377930e+01
   7.3484320e+06   3.9062500e+01
   7.3506180e+06   5.8227539e+01
   7.3521890e+06   7.3974609e+01
   7.3539350e+06   5.7861328e+01
   7.3548130e+06   4.3029785e+01
   7.3644750e+06   7.6843262e+01
   7.3696490e+06   6.0913086e+01
   7.3713580e+06   4.7546387e+01
   7.3719280e+06   3.6499023e+01
   7.3853540e+06   6.4453125e+01
   7.3878040e+06   4.7973633e+01
   7.3892100e+06   5.9753418e+01
   7.3940330e+06   6.3354492e+01
   7.4028600e+06   7.3669434e+01
   7.4135050e+06   6.8481445e+01
   7.4151330e+06   3.6926270e+01
   7.4265750e+06   6.5673828e+01
   7.4285930e+06   6.0852051e+01
   7.4315740e+06   4.7485352e+01
   7.4327500e+06   4.6936035e+01
   7.4379830e+06   3.9550781e+01
   7.4399390e+06   6.3476563e+01
   7.4418010e+06   3.8391113e+01
   7.4495950e+06   4.0039062e+01
   7.4540810e+06   4.5837402e+01
   7.4546600e+06   4.5043945e+01
   7.4555610e+06   6.2988281e+01
   7.4582010e+06   6.4758301e+01
   7.4640350e+06   6.6284180e+01
   7.4686860e+06   4.2297363e+01
   7.4696540e+06   3.6010742e+01
   7.4705450e+06   3.7658691e+01
   7.4727920e+06   7.1472168e+01
   7.4803750e+06   4.0649414e+01
   7.4838670e+06   6.3415527e+01
   7.4865960e+06   5.3283691e+01
   7.4894640e+06   5.4199219e+01
   7.4916650e+06   6.1767578e+01
   7.4918700e+06   3.7292480e+01
   7.5057140e+06   3.8330078e+01
   7.5219040e+06   3.8024902e+01
   7.5236280e+06   7.3730469e+01
   7.5321730e+06   4.9072266e+01
   7.5325160e+06   3.5583496e+01
   7.5327330e+06   3.9062500e+01
   7.5340330e+06   6.5551758e+01
   7.5373490e+06   6.1706543e+01
   7.5404590e+06   5.9753418e+01
   7.5525550e+06   7.2448730e+01
   7.5551200e+06   6.5612793e+01
   7.5596330e+06   6.0424805e+01
   7.5702350e+06   5.9631348e+01
   7.5743080e+06   7.8308105e+01
   7.5766710e+06   6.5856934e+01
   7.5778500e+06   4.0954590e+01
   7.5817390e+06   6.0180664e+01
   7.5840960e+06   3.7719727e+01
   7.5843890e+06   6.7077637e+01
   7.5853750e+06   5.4382324e+01
   7.5861970e+06   3.6010742e+01
   7.5933280e+06   3.5827637e+01
   7.5937240e+06   3.9245605e+01
   7.5946470e+06   3.7658691e+01
   7.5958150e+06   7.0312500e+01
   7.6003350e+06   6.2988281e+01
   7.6035510e+06   5.9020996e+01
   7.6043760e+06   6.2255859e+01
   7.6045200e+06   3.6193848e+01
   7.6053270e+06   3.8574219e+01
   7.6128300e+06   4.9072266e+01
   7.6192400e+06   3.6926270e+01
   7.6196510e+06   4.2663574e+01
   7.6518530e+06   4.4433594e+01
   7.6519700e+06   7.0739746e+01
   7.6547790e+06   3.9489746e+01
   7.6553940e+06   3.8146973e+01
   7.6586090e+06   6.6589355e+01
   7.6635750e+06   6.5795898e+01
   7.6658990e+06   6.2744141e+01
   7.6716770e+06   3.7109375e+01
   7.6719920e+06   4.4677734e+01
   7.6733460e+06   3.8513184e+01
   7.6781770e+06   6.1035156e+01
   7.6881450e+06   4.7119141e+01
   7.6913050e+06   6.1401367e+01
   7.6934920e+06   6.6406250e+01
   7.6946690e+06   5.7189941e+01
   7.6965780e+06   4.5837402e+01
   7.7004500e+06   6.5185547e+01
   7.7079240e+06   6.4819336e+01
   7.7091610e+06   6.0363770e+01
   7.7145990e+06   3.9184570e+01
   7.7339670e+06   6.7504883e+01
   7.7347840e+06   3.6926270e+01
   7.7352360e+06   4.9377441e+01
   7.7371430e+06   6.9091797e+01
   7.7389660e+06   6.3171387e+01
   7.7391270e+06   3.6010742e+01
   7.7432340e+06   6.8786621e+01
   7.7450130e+06   6.0852051e+01
   7.7482800e+06   3.8330078e+01
   7.7488890e+06   4.0222168e+01
   7.7499860e+06   7.1899414e+01
   7.7562720e+06   5.1330566e+01
   7.7570760e+06   3.6132812e+01
   7.7595090e+06   5.6091309e+01
   7.7650970e+06   6.8664551e+01
   7.7668500e+06   4.8522949e+01
   7.7677360e+06   3.8635254e+01
   7.7717050e+06   7.4218750e+01
   7.7767860e+06   4.5532227e+01
   7.7815400e+06   3.8696289e+01
   7.7838990e+06   6.8481445e+01
   7.7863970e+06   6.8237305e+01
   7.7914930e+06   6.6528320e+01
   7.7918310e+06   6.0974121e+01
   7.7921360e+06   3.7231445e+01
   7.7929360e+06   3.7963867e+01
   7.7942540e+06   3.5583496e+01
   7.8055830e+06   5.4138184e+01
   7.8086490e+06   4.9377441e+01
   7.8087670e+06   6.5429688e+01
   7.8200130e+06   7.2387695e+01
   7.8205350e+06   4.0893555e+01
   7.8210520e+06   3.5827637e+01
   7.8222870e+06   4.0832520e+01
   7.8298820e+06   6.6284180e+01
   7.8309930e+06   4.3884277e+01
   7.8330040e+06   3.8391113e+01
   7.8359830e+06   6.6650391e+01
   7.8430120e+06   4.8400879e+01
   7.8474410e+06   6.6162109e+01
   7.8480840e+06   3.8635254e+01
   7.8486010e+06   3.5827637e+01
   7.8490320e+06   3.7170410e+01
   7.8502210e+06   5.6945801e+01
   7.8547230e+06   5.9387207e+01
   7.8585970e+06   3.5827637e+01
   7.8608700e+06   4.8583984e+01
   7.8615470e+06   4.3640137e+01
   7.8692430e+06   6.5979004e+01
   7.8756510e+06   4.1381836e+01
   7.8798840e+06   6.6589355e+01
   7.8814740e+06   4.5166016e+01
   7.8823470e+06   3.8085938e+01
   7.8836520e+06   6.4697266e+01
   7.8865550e+06   5.4138184e+01
   7.8905200e+06   7.4951172e+01
   7.9053280e+06   6.8359375e+01
   7.9056090e+06   4.5166016e+01
   7.9064520e+06   4.7729492e+01
   7.9086560e+06   6.5734863e+01
   7.9093900e+06   5.6457520e+01
   7.9097850e+06   4.8278809e+01
   7.9107380e+06   3.8574219e+01
   7.9108780e+06   4.4860840e+01
   7.9111410e+06   4.3090820e+01
   7.9114720e+06   4.0771484e+01
   7.9299110e+06   3.7292480e+01
   7.9302620e+06   3.6865234e+01
   7.9320480e+06   3.5827637e+01
   7.9409080e+06   6.3293457e+01
   7.9508140e+06   7.5195312e+01
   7.9639350e+06   4.3884277e+01
   7.9691570e+06   6.9946289e+01
   7.9711500e+06   6.4025879e+01
   7.9739650e+06   5.8471680e+01
   7.9789660e+06   6.5246582e+01
   7.9846930e+06   5.6518555e+01
   7.9863010e+06   5.7556152e+01
   7.9868110e+06   5.1879883e+01
   7.9894650e+06   5.4992676e+01
   7.9897950e+06   4.5654297e+01
   7.9912480e+06   3.7109375e+01
   7.9923520e+06   3.7658691e+01
   7.9937760e+06   5.9387207e+01
   8.0012940e+06   6.5612793e+01
   8.0036620e+06   6.5551758e+01
   8.0093960e+06   7.0068359e+01
   8.0147630e+06   6.2377930e+01
   8.0216250e+06   5.8410645e+01
   8.0236380e+06   5.2734375e+01
   8.0254740e+06   4.4067383e+01
   8.0266800e+06   3.8818359e+01
   8.0270930e+06   3.8085938e+01
   8.0293760e+06   6.5002441e+01
   8.0368410e+06   7.0190430e+01
   8.0390490e+06   5.9936523e+01
   8.0393410e+06   5.4626465e+01
   8.0395470e+06   4.4372559e+01
   8.0488760e+06   6.4025879e+01
   8.0512750e+06   4.5349121e+01
   8.0569080e+06   6.4697266e+01
   8.0593010e+06   6.3232422e+01
   8.0625840e+06   6.2500000e+01
   8.0633360e+06   5.5297852e+01
   8.0721480e+06   4.7119141e+01
   8.0743030e+06   7.1350098e+01
   8.0761830e+06   5.7373047e+01
   8.0795940e+06   6.5368652e+01
   8.0838340e+06   4.4555664e+01
   8.0883310e+06   5.9570312e+01
   8.0886920e+06   3.5888672e+01
   8.0979160e+06   7.8002930e+01
   8.0996950e+06   6.6467285e+01
   8.1069380e+06   6.5979004e+01
   8.1083210e+06   3.7353516e+01
   8.1116070e+06   6.2500000e+01
   8.1134280e+06   6.3049316e+01
   8.1147070e+06   3.7170410e+01
   8.1190330e+06   5.4931641e+01
   8.1193740e+06   7.0007324e+01
   8.1195090e+06   3.6804199e+01
   8.1283880e+06   6.7626953e+01
   8.1293700e+06   6.0058594e+01
   8.1300780e+06   5.1879883e+01
   8.1397920e+06   6.6040039e+01
   8.1405150e+06   5.1147461e+01
   8.1416610e+06   5.4443359e+01
   8.1459460e+06   5.3833008e+01
   8.1462520e+06   5.0537109e+01
   8.1465390e+06   4.8522949e+01
   8.1480800e+06   4.9438477e+01
   8.1520110e+06   3.9550781e+01
   8.1684580e+06   3.6987305e+01
   8.1693090e+06   3.8940430e+01
   8.1746150e+06   6.5917969e+01
   8.1828440e+06   4.8095703e+01
   8.1928790e+06   3.6743164e+01
   8.1932370e+06   7.0495605e+01
   8.1932770e+06   3.7353516e+01
   8.1937060e+06   3.5644531e+01
   8.1951150e+06   5.4565430e+01
   8.1983380e+06   3.6193848e+01
   8.2026350e+06   3.7963867e+01
   8.2058850e+06   6.5429688e+01
   8.2143890e+06   3.8269043e+01
   8.2152540e+06   4.1748047e+01
   8.2178960e+06   6.6650391e+01
   8.2200310e+06   7.2570801e+01
   8.2234520e+06   3.9489746e+01
   8.2276530e+06   7.0922852e+01
   8.2302190e+06   3.6621094e+01
   8.2334180e+06   7.3425293e+01
   8.2398510e+06   6.8908691e+01
   8.2415590e+06   3.9672852e+01
   8.2423190e+06   4.0832520e+01
   8.2457300e+06   7.5073242e+01
   8.2520910e+06   6.5368652e+01
   8.2522970e+06   3.7109375e+01
   8.2529370e+06   5.4870605e+01
   8.2534580e+06   6.2194824e+01
   8.2565370e+06   6.4453125e+01
   8.2593810e+06   6.8298340e+01
   8.2599010e+06   3.5827637e+01
   8.2648850e+06   3.9733887e+01
   8.2651600e+06   3.7658691e+01
   8.2666230e+06   6.9458008e+01
   8.2689450e+06   6.1340332e+01
   8.2692600e+06   4.8034668e+01
   8.2707520e+06   5.2368164e+01
   8.2755250e+06   3.7292480e+01
   8.2759610e+06   4.2358398e+01
   8.2809300e+06   6.7810059e+01
   8.2856750e+06   3.6193848e+01
   8.2951340e+06   7.3547363e+01
   8.3007700e+06   5.1391602e+01
   8.3016620e+06   5.6030273e+01
   8.3059060e+06   5.5053711e+01
   8.3059910e+06   4.8767090e+01
   8.3112110e+06   7.1411133e+01
   8.3128450e+06   5.7861328e+01
   8.3159910e+06   5.5358887e+01
   8.3162160e+06   4.2663574e+01
   8.3172050e+06   4.0222168e+01
   8.3198430e+06   3.9489746e+01
   8.3268300e+06   3.7353516e+01
   8.3287650e+06   4.0466309e+01
   8.3328520e+06   6.0058594e+01
   8.3346460e+06   3.9001465e+01
   8.3430900e+06   4.3029785e+01
   8.3460620e+06   3.8330078e+01
   8.3475040e+06   3.8574219e+01
   8.3491130e+06   7.0800781e+01
   8.3499120e+06   4.1625977e+01
   8.3546780e+06   7.0434570e+01
   8.3579020e+06   3.6010742e+01
   8.3710330e+06   7.0983887e+01
   8.3726910e+06   4.3579102e+01
   8.3732280e+06   6.7260742e+01
   8.3757270e+06   5.3771973e+01
   8.3789810e+06   6.5856934e+01
   8.3830780e+06   5.5480957e+01
   8.3856270e+06   4.8034668e+01
   8.3865610e+06   3.6254883e+01
   8.3924370e+06   7.1289062e+01
   8.3960340e+06   6.2988281e+01
   8.4039360e+06   6.9580078e+01
   8.4070200e+06   3.6987305e+01
   8.4138430e+06   6.0974121e+01
   8.4151120e+06   5.2673340e+01
   8.4186130e+06   6.3659668e+01
   8.4225270e+06   5.5175781e+01
   8.4228720e+06   5.4931641e+01
   8.4260460e+06   4.3701172e+01
   8.4274640e+06   3.6743164e+01
   8.4305390e+06   5.8471680e+01
   8.4323530e+06   6.3354492e+01
   8.4348940e+06   3.6010742e+01
   8.4387850e+06   6.3415527e+01
   8.4390590e+06   3.5888672e+01
   8.4426110e+06   6.4575195e+01
   8.4499450e+06   6.3659668e+01
   8.4503110e+06   6.1950684e+01
   8.4507340e+06   4.8645020e+01
   8.4566540e+06   6.7016602e+01
   8.4575400e+06   6.0119629e+01
   8.4632230e+06   4.0039063e+01
   8.4641420e+06   3.7780762e+01
   8.4643980e+06   3.8513184e+01
   8.4705010e+06   6.8969727e+01
   8.4726050e+06   6.3415527e+01
   8.4736070e+06   6.1340332e+01
   8.4768040e+06   5.3527832e+01
   8.4807170e+06   5.5908203e+01
   8.4813010e+06   4.7790527e+01
   8.4855190e+06   3.8085938e+01
   8.4864270e+06   6.1828613e+01
   8.4890980e+06   6.7504883e+01
   8.4911410e+06   5.5053711e+01
   8.4919240e+06   3.6010742e+01
   8.4921900e+06   3.6865234e+01
   8.4928110e+06   4.2602539e+01
   8.4934500e+06   5.0231934e+01
   8.4971030e+06   6.7260742e+01
   8.4984360e+06   6.0607910e+01
   8.4989180e+06   5.0170898e+01
   8.4994550e+06   4.4555664e+01
   8.5233800e+06   4.1137695e+01
   8.5244840e+06   3.8452148e+01
   8.5261730e+06   6.4270020e+01
   8.5291050e+06   6.9152832e+01
   8.5305750e+06   3.9611816e+01
   8.5401850e+06   5.9143066e+01
   8.5440790e+06   6.7626953e+01
   8.5451570e+06   4.3640137e+01
   8.5533270e+06   6.9641113e+01
   8.5573730e+06   6.5002441e+01
   8.5603890e+06   6.3415527e+01
   8.5621530e+06   5.3894043e+01
   8.5710580e+06   3.9428711e+01
   8.5711790e+06   6.4270020e+01
   8.5718390e+06   3.9428711e+01
   8.5782120e+06   3.9428711e+01
   8.5784160e+06   7.4279785e+01
   8.5797400e+06   3.8879395e+01
   8.5815290e+06   4.1687012e+01
   8.5840910e+06   6.3171387e+01
   8.5844180e+06   5.9448242e+01
   8.5878030e+06   5.7983398e+01
   8.5983180e+06   6.1157227e+01
   8.6001310e+06   3.8696289e+01
   8.6005840e+06   3.5705566e+01
   8.6013140e+06   4.1748047e+01
   8.6080950e+06   4.6691895e+01
   8.6101620e+06   5.7678223e+01
   8.6143700e+06   6.2622070e+01
   8.6159880e+06   6.7321777e+01
   8.6160090e+06   3.5705566e+01
   8.6240840e+06   7.6782227e+01
   8.6246250e+06   5.8837891e+01
   8.6263180e+06   4.2541504e+01
   8.6271780e+06   5.6457520e+01
   8.6291300e+06   5.2978516e+01
   8.6324590e+06   3.7170410e+01
   8.6376390e+06   6.8176270e+01
   8.6409770e+06   5.8593750e+01
   8.6491980e+06   4.0954590e+01
   8.6500210e+06   5.4321289e+01
   8.6513420e+06   6.2316895e+01
   8.6519260e+06   5.0415039e+01
   8.6599090e+06   4.1870117e+01
   8.6659680e+06   6.4086914e+01
   8.6732340e+06   4.2236328e+01
   8.6764340e+06   6.5185547e+01
   8.6777170e+06   3.7536621e+01
   8.6794560e+06   5.2001953e+01
   8.6833390e+06   6.4147949e+01
   8.6853280e+06   4.3518066e+01
   8.6856150e+06   4.0161133e+01
   8.6878410e+06   6.9274902e+01
   8.6882560e+06   3.8391113e+01
   8.6904730e+06   6.4392090e+01
   8.6919220e+06   6.2927246e+01
   8.6975600e+06   6.8237305e+01
   8.6977490e+06   4.3762207e+01
   8.6984480e+06   4.4189453e+01
   8.6987020e+06   3.5766602e+01
   8.6996030e+06   4.0527344e+01
   8.7068520e+06   3.9001465e+01
   8.7072260e+06   3.8879395e+01
   8.7124760e+06   4.0466309e+01
   8.7153970e+06   6.2133789e+01
   8.7231080e+06   4.5776367e+01
   8.7236560e+06   3.8269043e+01
   8.7285450e+06   7.0922852e+01
   8.7289500e+06   6.1706543e+01
   8.7340880e+06   6.8115234e+01
   8.7450170e+06   3.9550781e+01
   8.7519890e+06   6.9091797e+01
   8.7526450e+06   4.1015625e+01
   8.7545680e+06   7.5073242e+01
   8.7610950e+06   3.7231445e+01
   8.7656770e+06   7.3486328e+01
   8.7674840e+06   7.0800781e+01
   8.7703490e+06   3.8269043e+01
   8.7720240e+06   5.9509277e+01
   8.7723600e+06   3.9855957e+01
   8.7754540e+06   6.3842773e+01
   8.7780150e+06   5.9326172e+01
   8.7808430e+06   6.0729980e+01
   8.7812840e+06   4.6569824e+01
   8.7861610e+06   4.3457031e+01
   8.7874030e+06   3.6743164e+01
   8.7888440e+06   4.3334961e+01
   8.7952020e+06   3.9733887e+01
   8.8005870e+06   3.8696289e+01
   8.8075790e+06   4.2419434e+01
   8.8126710e+06   6.1523438e+01
   8.8158680e+06   4.1198730e+01
   8.8167610e+06   3.6743164e+01
   8.8199050e+06   6.2744141e+01
   8.8205870e+06   6.0302734e+01
   8.8287900e+06   7.2143555e+01
   8.8416180e+06   4.2785645e+01
   8.8422340e+06   3.8024902e+01
   8.8426090e+06   3.6865234e+01
   8.8444000e+06   5.7861328e+01
   8.8451760e+06   5.1025391e+01
   8.8492830e+06   7.0800781e+01
   8.8552570e+06   7.0983887e+01
   8.8625220e+06   6.5612793e+01
   8.8681180e+06   4.3212891e+01
   8.8699920e+06   6.0302734e+01
   8.8761600e+06   4.2968750e+01
   8.8765270e+06   6.5856934e+01
   8.8807760e+06   4.6569824e+01
   8.8823370e+06   4.5166016e+01
   8.8871590e+06   6.0791016e+01
   8.8881690e+06   5.9936523e+01
   8.8905800e+06   4.5776367e+01
   8.8909970e+06   3.6560059e+01
   8.8927030e+06   6.0974121e+01
   8.8967140e+06   6.2561035e+01
   8.8990710e+06   3.7963867e+01
   8.9009760e+06   5.7800293e+01
   8.9018140e+06   3.6560059e+01
   8.9040560e+06   6.5490723e+01
   8.9042570e+06   4.7851562e+01
   8.9044220e+06   3.6499023e+01
   8.9100540e+06   3.9550781e+01
   8.9138590e+06   6.1462402e+01
   8.9164270e+06   3.9611816e+01
   8.9191030e+06   3.8085938e+01
   8.9192560e+06   6.5185547e+01
   8.9239350e+06   6.2866211e+01
   8.9243480e+06   5.9204102e+01
   8.9246940e+06   3.8452148e+01
   8.9251650e+06   5.8227539e+01
   8.9255790e+06   4.5898438e+01
   8.9325670e+06   5.3344727e+01
   8.9346340e+06   3.5766602e+01
   8.9356720e+06   3.6010742e+01
   8.9429890e+06   7.1105957e+01
   8.9503890e+06   6.8542480e+01
   8.9514650e+06   6.8115234e+01
   8.9525300e+06   5.1513672e+01
   8.9529740e+06   5.1452637e+01
   8.9544350e+06   4.9560547e+01
   8.9546930e+06   4.2968750e+01
   8.9558190e+06   4.0893555e+01
   8.9643130e+06   4.0893555e+01
   8.9656340e+06   3.5949707e+01
   8.9739680e+06   7.2204590e+01
   8.9766140e+06   5.9509277e+01
   8.9779970e+06   3.8818359e+01
   8.9788670e+06   5.7678223e+01
   8.9830920e+06   4.1503906e+01
   8.9835320e+06   3.7963867e+01
   8.9869000e+06   6.5551758e+01
   8.9903310e+06   5.9082031e+01
