   8.9990000e+06   0.0000000e+00
   2.7770000e+04   3.5034180e+01
   5.7948000e+04   3.5095215e+01
   1.0322800e+05   4.3762207e+01
   1.1713300e+05   3.4423828e+01
   1.3276200e+05   4.3579102e+01
   1.4879100e+05   3.4790039e+01
   1.6428000e+05   3.4667969e+01
   1.8039200e+05   4.4067383e+01
   1.9591400e+05   3.6499023e+01
   2.1077600e+05   3.9489746e+01
   2.2564300e+05   3.8269043e+01
   2.5628700e+05   3.8391113e+01
   2.5676400e+05   4.0283203e+01
   2.7131000e+05   3.4973145e+01
   3.0977700e+05   3.4851074e+01
   3.1847000e+05   3.4851074e+01
   3.3352500e+05   3.7963867e+01
   3.4990800e+05   3.5278320e+01
   3.7994700e+05   3.9733887e+01
   4.2234000e+05   4.2785645e+01
   4.3810100e+05   3.8696289e+01
   4.5243000e+05   4.0710449e+01
   4.6759300e+05   3.7536621e+01
   5.0098300e+05   3.6132812e+01
   5.1672900e+05   3.8818359e+01
   5.3192600e+05   3.6621094e+01
   5.4618700e+05   3.7292480e+01
   5.4655000e+05   3.6437988e+01
   5.6177100e+05   4.5349121e+01
   5.7515800e+05   3.5217285e+01
   5.9080100e+05   3.8208008e+01
   6.0646900e+05   4.5532227e+01
   6.3702700e+05   3.7231445e+01
   6.5293500e+05   3.5400391e+01
   6.6657300e+05   3.9978027e+01
   6.8038100e+05   3.9855957e+01
   6.9448000e+05   3.5888672e+01
   6.9501400e+05   3.5278320e+01
   7.1046500e+05   4.0161133e+01
   7.2556500e+05   3.9611816e+01
   7.2611600e+05   3.4118652e+01
   7.4064100e+05   5.0842285e+01
   7.5849200e+05   4.3090820e+01
   7.5878200e+05   3.6071777e+01
   7.8888900e+05   4.0100098e+01
   8.1777000e+05   3.6010742e+01
   8.3132800e+05   3.8146973e+01
   8.4672500e+05   4.3334961e+01
   8.6075700e+05   3.6315918e+01
   8.7599200e+05   4.5227051e+01
   8.7636100e+05   3.4912109e+01
   8.9256500e+05   4.0344238e+01
   9.3987400e+05   3.9367676e+01
   9.5478000e+05   4.5166016e+01
   9.6751400e+05   3.6499023e+01
   9.8282600e+05   3.9550781e+01
   9.9984300e+05   3.4667969e+01
   1.0405870e+06   3.7231445e+01
   1.0566380e+06   4.1137695e+01
   1.0708180e+06   4.6875000e+01
   1.0837390e+06   4.5593262e+01
   1.1149310e+06   3.9428711e+01
   1.1154950e+06   3.6682129e+01
   1.1455990e+06   4.8889160e+01
   1.1593240e+06   4.3884277e+01
   1.1763780e+06   3.5583496e+01
   1.1868190e+06   3.4667969e+01
   1.1927230e+06   4.2846680e+01
   1.2382050e+06   4.5837402e+01
   1.2534320e+06   4.1687012e+01
   1.2838100e+06   4.4677734e+01
   1.2993640e+06   4.0649414e+01
   1.3136420e+06   3.8940430e+01
   1.3290040e+06   3.8269043e+01
   1.3293630e+06   3.4118652e+01
   1.3438700e+06   3.4179688e+01
   1.3583570e+06   4.2846680e+01
   1.3755340e+06   3.7719727e+01
   1.3923790e+06   4.5898438e+01
   1.4085160e+06   3.6682129e+01
   1.4249650e+06   4.0771484e+01
   1.4725790e+06   3.8146973e+01
   1.4907140e+06   3.4606934e+01
   1.5067350e+06   3.7902832e+01
   1.5223740e+06   3.8024902e+01
   1.5388990e+06   3.8818359e+01
   1.5551840e+06   3.8024902e+01
   1.5718830e+06   3.7170410e+01
   1.5885270e+06   3.5522461e+01
   1.6068950e+06   4.4677734e+01
   1.6229210e+06   3.6560059e+01
   1.6364750e+06   3.5888672e+01
   1.6508870e+06   3.9978027e+01
   1.6663360e+06   3.5888672e+01
   1.6810530e+06   4.2968750e+01
   1.6984690e+06   4.6936035e+01
   1.7121620e+06   3.7780762e+01
   1.7292020e+06   3.8085938e+01
   1.7298570e+06   3.9001465e+01
   1.7449150e+06   3.8024902e+01
   1.7591020e+06   3.8757324e+01
   1.7749500e+06   4.0893555e+01
   1.7906930e+06   4.1687012e+01
   1.8034900e+06   3.5949707e+01
   1.8213850e+06   4.5471191e+01
   1.8220000e+06   3.4301758e+01
   1.8382050e+06   4.3579102e+01
   1.8540170e+06   4.3701172e+01
   1.8543040e+06   3.4973145e+01
   1.8695040e+06   4.7424316e+01
   1.8698240e+06   3.7170410e+01
   1.8703300e+06   3.6743164e+01
   1.8862530e+06   3.7475586e+01
   1.8865890e+06   3.6315918e+01
   1.9014340e+06   3.7170410e+01
   1.9183180e+06   3.7170410e+01
   1.9353030e+06   4.9316406e+01
   1.9466130e+06   4.1748047e+01
   1.9474380e+06   4.2846680e+01
   1.9623890e+06   3.9672852e+01
   1.9794880e+06   3.9672852e+01
   1.9798580e+06   3.4301758e+01
   1.9937060e+06   3.8513184e+01
   2.0095380e+06   3.6682129e+01
   2.0134690e+06   3.7597656e+01
   2.0247840e+06   3.7170410e+01
   2.0408140e+06   4.9560547e+01
   2.0552610e+06   3.4240723e+01
   2.0703770e+06   4.2907715e+01
   2.0708170e+06   3.7109375e+01
   2.0848050e+06   4.6447754e+01
   2.0999980e+06   4.5654297e+01
   2.1153920e+06   3.4301758e+01
   2.1304260e+06   4.1503906e+01
   2.1307760e+06   3.4362793e+01
   2.1474040e+06   3.8635254e+01
   2.1631470e+06   4.4189453e+01
   2.1634930e+06   3.5034180e+01
   2.1789180e+06   3.9489746e+01
   2.1942660e+06   4.0222168e+01
   2.1953790e+06   3.4545898e+01
   2.2093660e+06   4.6081543e+01
   2.2254320e+06   3.8269043e+01
   2.2347170e+06   3.5156250e+01
   2.2424850e+06   4.4250488e+01
   2.2565180e+06   4.2907715e+01
   2.2567880e+06   3.6560059e+01
   2.2706940e+06   3.9794922e+01
   2.2713280e+06   3.5278320e+01
   2.2843070e+06   4.3945312e+01
   2.3131960e+06   3.7841797e+01
   2.3549960e+06   4.1870117e+01
   2.3555140e+06   3.6132812e+01
   2.3692410e+06   4.4250488e+01
   2.3841070e+06   4.0039062e+01
   2.3964230e+06   4.6325684e+01
   2.4098760e+06   4.4860840e+01
   2.4239100e+06   3.9794922e+01
   2.4369890e+06   3.3996582e+01
   2.4519190e+06   3.4423828e+01
   2.4774080e+06   3.5339355e+01
   2.4801790e+06   4.2846680e+01
   2.4935160e+06   4.0649414e+01
   2.5085810e+06   4.2236328e+01
   2.5147470e+06   3.4912109e+01
   2.5224180e+06   3.5522461e+01
   2.5366800e+06   3.8513184e+01
   2.5505170e+06   3.8757324e+01
   2.5690520e+06   3.5156250e+01
   2.5909220e+06   3.4545898e+01
   2.5946590e+06   3.4057617e+01
   2.6175990e+06   4.4128418e+01
   2.6183610e+06   3.5217285e+01
   2.6313190e+06   4.3395996e+01
   2.6430600e+06   4.0832520e+01
   2.6580640e+06   3.4851074e+01
   2.6704520e+06   4.2114258e+01
   2.6707460e+06   3.7170410e+01
   2.6850610e+06   3.4851074e+01
   2.6992760e+06   3.9611816e+01
   2.7253780e+06   3.4790039e+01
   2.7273180e+06   3.7292480e+01
   2.7428250e+06   4.7424316e+01
   2.7567220e+06   4.2907715e+01
   2.7714880e+06   3.9367676e+01
   2.7835760e+06   3.8940430e+01
   2.7965980e+06   3.9001465e+01
   2.8093630e+06   4.2907715e+01
   2.8215510e+06   3.4118652e+01
   2.8218780e+06   3.5827637e+01
   2.8351380e+06   4.4616699e+01
   2.8491350e+06   4.7485352e+01
   2.8632110e+06   4.0527344e+01
   2.8760580e+06   3.7048340e+01
   2.8897260e+06   4.2846680e+01
   2.9032830e+06   3.5888672e+01
   2.9163810e+06   3.9611816e+01
   2.9293970e+06   4.7180176e+01
   2.9410730e+06   3.6437988e+01
   2.9535700e+06   4.3823242e+01
   2.9668030e+06   4.1442871e+01
   2.9804040e+06   3.5522461e+01
   2.9808410e+06   3.7719727e+01
   2.9935160e+06   3.5644531e+01
   3.0068310e+06   4.2785645e+01
   3.0071760e+06   3.3996582e+01
   3.0210810e+06   3.9245605e+01
   3.0223500e+06   3.6132812e+01
   3.0343580e+06   3.7475586e+01
   3.0485100e+06   4.8095703e+01
   3.0609230e+06   4.4921875e+01
   3.0614400e+06   3.8452148e+01
   3.0728770e+06   4.8889160e+01
   3.1132490e+06   3.3996582e+01
   3.1135110e+06   3.7780762e+01
   3.1267340e+06   4.1137695e+01
   3.1393800e+06   4.7729492e+01
   3.1539920e+06   4.0344238e+01
   3.1668000e+06   4.3518066e+01
   3.1792470e+06   3.8635254e+01
   3.1899400e+06   4.2358398e+01
   3.2025340e+06   3.7414551e+01
   3.2148620e+06   3.7902832e+01
   3.2279120e+06   4.0710449e+01
   3.2281530e+06   3.6865234e+01
   3.2395010e+06   3.9733887e+01
   3.2520410e+06   5.3833008e+01
   3.2650540e+06   3.5644531e+01
   3.2778480e+06   4.0954590e+01
   3.2919850e+06   4.6875000e+01
   3.3056330e+06   3.4362793e+01
   3.3193910e+06   4.2480469e+01
   3.3323270e+06   4.0161133e+01
   3.3370790e+06   3.4484863e+01
   3.3455400e+06   4.4555664e+01
   3.3579230e+06   3.9062500e+01
   3.3704640e+06   3.5705566e+01
   3.3826790e+06   4.7851562e+01
   3.3964890e+06   4.7424316e+01
   3.4218010e+06   3.4667969e+01
   3.4346070e+06   4.4250488e+01
   3.4472640e+06   3.4973145e+01
   3.4594820e+06   4.8339844e+01
   3.4729800e+06   3.6132812e+01
   3.4871630e+06   3.4790039e+01
   3.4874420e+06   4.3151855e+01
   3.4981910e+06   3.9062500e+01
   3.4985420e+06   3.8085938e+01
   3.5117480e+06   4.5959473e+01
   3.5119460e+06   3.4667969e+01
   3.5250440e+06   4.0161133e+01
   3.5384530e+06   3.9123535e+01
   3.5493960e+06   3.7719727e+01
   3.5612470e+06   3.9916992e+01
   3.5624350e+06   3.5034180e+01
   3.5744480e+06   3.5278320e+01
   3.5886000e+06   3.5949707e+01
   3.5995700e+06   4.4677734e+01
   3.6130340e+06   4.3212891e+01
   3.6368900e+06   3.4057617e+01
   3.6382370e+06   3.5217285e+01
   3.6385540e+06   3.4606934e+01
   3.6510430e+06   4.1564941e+01
   3.6600250e+06   4.1015625e+01
   3.6732540e+06   4.3518066e+01
   3.6862900e+06   3.8696289e+01
   3.6995410e+06   3.6865234e+01
   3.7130840e+06   3.5583496e+01
   3.7268800e+06   3.8513184e+01
   3.7392660e+06   5.1147461e+01
   3.7397280e+06   3.5949707e+01
   3.7649650e+06   4.8339844e+01
   3.7655440e+06   3.6926270e+01
   3.7772890e+06   5.4565430e+01
   3.7900290e+06   4.0954590e+01
   3.8029440e+06   4.0771484e+01
   3.8155370e+06   3.7475586e+01
   3.8285580e+06   4.0649414e+01
   3.8419040e+06   4.4799805e+01
   3.8548900e+06   3.7048340e+01
   3.8551330e+06   3.6987305e+01
   3.8677390e+06   4.0405273e+01
   3.8807460e+06   4.0466309e+01
   3.8928640e+06   4.0283203e+01
   3.9057510e+06   3.6376953e+01
   3.9194860e+06   3.8818359e+01
   3.9328200e+06   4.0222168e+01
   3.9468930e+06   4.0832520e+01
   3.9608830e+06   3.5766602e+01
   3.9736600e+06   4.4921875e+01
   3.9872590e+06   4.7668457e+01
   4.0013130e+06   4.7546387e+01
   4.0144380e+06   3.7902832e+01
   4.0391700e+06   3.7170410e+01
   4.0509720e+06   5.0476074e+01
   4.0639090e+06   3.5156250e+01
   4.0761080e+06   5.0537109e+01
   4.0764240e+06   3.4667969e+01
   4.0880530e+06   4.0344238e+01
   4.1015970e+06   3.7292480e+01
   4.1162640e+06   4.0466309e+01
   4.1289140e+06   3.7719727e+01
   4.1426890e+06   4.3029785e+01
   4.1551640e+06   3.4545898e+01
   4.1669870e+06   3.5644531e+01
   4.1814250e+06   4.3212891e+01
   4.1817270e+06   3.5095215e+01
   4.1943080e+06   4.6264648e+01
   4.2065530e+06   4.6691895e+01
   4.2069390e+06   3.8940430e+01
   4.2180280e+06   3.5217285e+01
   4.2301960e+06   3.8818359e+01
   4.2436800e+06   4.8950195e+01
   4.2536280e+06   3.6682129e+01
   4.2650430e+06   4.7607422e+01
   4.2771050e+06   3.9794922e+01
   4.2891090e+06   4.0954590e+01
   4.2893800e+06   3.4301758e+01
   4.3027850e+06   3.4057617e+01
   4.3280210e+06   3.4423828e+01
   4.3526480e+06   3.5339355e+01
   4.3666910e+06   4.3945312e+01
   4.3802290e+06   3.6682129e+01
   4.3930900e+06   4.5288086e+01
   4.4188390e+06   3.5949707e+01
   4.4328100e+06   4.7302246e+01
   4.4330320e+06   4.1870117e+01
   4.4462830e+06   3.6743164e+01
   4.4592540e+06   3.8452148e+01
   4.4849990e+06   4.0283203e+01
   4.4965210e+06   3.6193848e+01
   4.5082500e+06   3.9978027e+01
   4.5191500e+06   3.7719727e+01
   4.5325780e+06   4.3823242e+01
   4.5459600e+06   4.2114258e+01
   4.5703870e+06   4.5227051e+01
   4.5818950e+06   3.7658691e+01
   4.5932780e+06   3.6560059e+01
   4.6062130e+06   4.3395996e+01
   4.6169690e+06   3.4423828e+01
   4.6210680e+06   3.5156250e+01
   4.6277290e+06   4.2419434e+01
   4.6411610e+06   3.8574219e+01
   4.6542780e+06   4.2968750e+01
   4.6665270e+06   4.9133301e+01
   4.6776210e+06   4.6997070e+01
   4.6889280e+06   3.4973145e+01
   4.7022640e+06   3.9489746e+01
   4.7154530e+06   3.5705566e+01
   4.7278380e+06   4.5349121e+01
   4.7399940e+06   4.8400879e+01
   4.7526180e+06   3.9123535e+01
   4.7653930e+06   3.9489746e+01
   4.7785650e+06   3.7719727e+01
   4.7919270e+06   4.7546387e+01
   4.8038880e+06   4.3579102e+01
   4.8155590e+06   4.0405273e+01
   4.8357600e+06   3.6010742e+01
   4.8489290e+06   4.7546387e+01
   4.8736780e+06   3.9306641e+01
   4.8858710e+06   4.2846680e+01
   4.8989730e+06   3.7841797e+01
   4.9238320e+06   4.2541504e+01
   4.9371880e+06   3.5095215e+01
   4.9487630e+06   3.4057617e+01
   4.9725500e+06   3.7658691e+01
   4.9849640e+06   4.1381836e+01
   4.9972470e+06   3.4118652e+01
   5.0087830e+06   3.9062500e+01
   5.0337200e+06   3.6682129e+01
   5.0448370e+06   3.4240723e+01
   5.0576080e+06   4.4372559e+01
   5.0704140e+06   3.6071777e+01
   5.0838550e+06   4.0710449e+01
   5.0965210e+06   4.0954590e+01
   5.1043280e+06   3.5034180e+01
   5.1088040e+06   4.2602539e+01
   5.1192770e+06   4.6997070e+01
   5.1315520e+06   3.4667969e+01
   5.1433900e+06   4.5410156e+01
   5.1550820e+06   3.9855957e+01
   5.1662200e+06   4.4799805e+01
   5.1776140e+06   3.5827637e+01
   5.1910070e+06   4.3884277e+01
   5.2042930e+06   3.5461426e+01
   5.2281990e+06   3.4545898e+01
   5.2395590e+06   3.6193848e+01
   5.2518380e+06   4.3762207e+01
   5.2522190e+06   3.4667969e+01
   5.2646090e+06   4.4982910e+01
   5.2773520e+06   3.4606934e+01
   5.2776510e+06   3.7780762e+01
   5.2890440e+06   3.6071777e+01
   5.3005040e+06   3.7902832e+01
   5.3127570e+06   3.9794922e+01
   5.3233680e+06   3.6376953e+01
   5.3237860e+06   3.5034180e+01
   5.3369240e+06   3.4790039e+01
   5.3498570e+06   4.4128418e+01
   5.3616530e+06   4.5532227e+01
   5.3749100e+06   3.4118652e+01
   5.3884150e+06   3.9733887e+01
   5.4007840e+06   3.9672852e+01
   5.4147820e+06   3.5217285e+01
   5.4284130e+06   4.1687012e+01
   5.4357910e+06   3.4729004e+01
   5.4394510e+06   3.6010742e+01
   5.4509050e+06   3.6437988e+01
   5.4628720e+06   4.3823242e+01
   5.4631520e+06   3.7231445e+01
   5.4751210e+06   4.1809082e+01
   5.4877560e+06   3.6499023e+01
   5.5009630e+06   4.4128418e+01
   5.5132490e+06   4.4067383e+01
   5.5243210e+06   3.4729004e+01
   5.5355660e+06   3.4545898e+01
   5.5476390e+06   3.9001465e+01
   5.5596830e+06   3.9123535e+01
   5.5620010e+06   3.6437988e+01
   5.5844360e+06   3.4973145e+01
   5.5954140e+06   4.3579102e+01
   5.5956560e+06   3.7780762e+01
   5.6064240e+06   3.9245605e+01
   5.6184590e+06   3.6193848e+01
   5.6307990e+06   3.5949707e+01
   5.6435920e+06   3.5827637e+01
   5.6564120e+06   4.2602539e+01
   5.6680780e+06   3.9550781e+01
   5.6781620e+06   3.3996582e+01
   5.6904970e+06   4.5227051e+01
   5.6907760e+06   3.6621094e+01
   5.7040220e+06   3.6682129e+01
   5.7182860e+06   3.4362793e+01
   5.7306700e+06   4.5104980e+01
   5.7429890e+06   4.7851562e+01
   5.7560910e+06   3.7658691e+01
   5.7688430e+06   3.4606934e+01
   5.7808820e+06   3.5278320e+01
   5.7911620e+06   3.5766602e+01
   5.8028250e+06   3.7048340e+01
   5.8154370e+06   3.6621094e+01
   5.8273780e+06   4.3518066e+01
   5.8400320e+06   3.5583496e+01
   5.8764260e+06   3.5583496e+01
   5.8767410e+06   3.4851074e+01
   5.9028940e+06   3.6437988e+01
   5.9147850e+06   4.2114258e+01
   5.9265510e+06   3.6499023e+01
   5.9405970e+06   4.6691895e+01
   5.9409060e+06   3.4851074e+01
   5.9529970e+06   3.5583496e+01
   5.9786880e+06   3.7292480e+01
   5.9790160e+06   3.4790039e+01
   6.0031970e+06   4.1198730e+01
   6.0167520e+06   3.5583496e+01
   6.0304600e+06   3.4484863e+01
   6.0570910e+06   3.7292480e+01
   6.0574030e+06   3.8940430e+01
   6.0698540e+06   3.8024902e+01
   6.0834280e+06   4.2846680e+01
   6.0980530e+06   4.1320801e+01
   6.1120750e+06   4.1625977e+01
   6.1256060e+06   4.0832520e+01
   6.1530580e+06   3.4729004e+01
   6.1656690e+06   4.2907715e+01
   6.1790250e+06   4.1137695e+01
   6.1927910e+06   4.2724609e+01
   6.1930680e+06   4.0771484e+01
   6.2061200e+06   4.7790527e+01
   6.2064170e+06   3.4240723e+01
   6.2192280e+06   3.9978027e+01
   6.2312920e+06   4.5104980e+01
   6.2454150e+06   4.1503906e+01
   6.2565280e+06   4.1015625e+01
   6.2569190e+06   3.7414551e+01
   6.2701820e+06   4.7912598e+01
   6.2840930e+06   3.9489746e+01
   6.2983520e+06   3.8574219e+01
   6.3114720e+06   4.0100098e+01
   6.3242770e+06   3.6376953e+01
   6.3378860e+06   4.4067383e+01
   6.3519550e+06   4.1625977e+01
   6.3651870e+06   5.1330566e+01
   6.3780860e+06   3.5827637e+01
   6.3915270e+06   4.6813965e+01
   6.3922730e+06   3.7780762e+01
   6.4053950e+06   3.4667969e+01
   6.4190960e+06   3.7536621e+01
   6.4194690e+06   3.5766602e+01
   6.4457090e+06   3.4179688e+01
   6.4603790e+06   4.1503906e+01
   6.4747220e+06   3.5095215e+01
   6.4891240e+06   3.7963867e+01
   6.5021980e+06   4.1931152e+01
   6.5154130e+06   4.6386719e+01
   6.5161210e+06   4.0832520e+01
   6.5305210e+06   5.6884766e+01
   6.5309880e+06   3.8269043e+01
   6.5450280e+06   3.4606934e+01
   6.5454110e+06   3.5888672e+01
   6.5717650e+06   4.3029785e+01
   6.5721240e+06   3.4179688e+01
   6.5845510e+06   3.9855957e+01
   6.5982310e+06   4.2846680e+01
   6.6212110e+06   3.5095215e+01
   6.6277010e+06   4.4433594e+01
   6.6428240e+06   5.0170898e+01
   6.6584270e+06   4.2541504e+01
   6.6736790e+06   3.7414551e+01
   6.6881610e+06   4.2419434e+01
   6.7045610e+06   3.5095215e+01
   6.7205380e+06   4.4006348e+01
   6.7349240e+06   3.8513184e+01
   6.7497710e+06   3.5644531e+01
   6.7636020e+06   3.8208008e+01
   6.7790700e+06   4.4738770e+01
   6.7795170e+06   3.5156250e+01
   6.7947500e+06   4.0283203e+01
   6.8101380e+06   3.9794922e+01
   6.8247380e+06   4.6691895e+01
   6.8404140e+06   4.0405273e+01
   6.8558140e+06   4.0466309e+01
   6.8711940e+06   3.6621094e+01
   6.8836770e+06   4.4921875e+01
   6.8986100e+06   3.8452148e+01
   6.9151270e+06   3.4851074e+01
   6.9322290e+06   4.3029785e+01
   6.9326040e+06   3.9428711e+01
   6.9330680e+06   3.6621094e+01
   6.9501530e+06   3.8024902e+01
   7.0015210e+06   4.3212891e+01
   7.0017360e+06   3.4729004e+01
   7.0179050e+06   3.9489746e+01
   7.0339970e+06   4.3701172e+01
   7.0344820e+06   3.8818359e+01
   7.0497810e+06   4.1625977e+01
   7.0669780e+06   4.3579102e+01
   7.0673340e+06   4.5532227e+01
   7.0834850e+06   3.4301758e+01
   7.0984160e+06   3.4606934e+01
   7.0987090e+06   3.8330078e+01
   7.1155140e+06   3.7048340e+01
   7.1332880e+06   3.5522461e+01
   7.1512460e+06   4.1564941e+01
   7.1514670e+06   3.4423828e+01
   7.1665180e+06   4.7424316e+01
   7.1833460e+06   4.3457031e+01
   7.1836820e+06   3.6193848e+01
   7.1999060e+06   5.7067871e+01
   7.2177910e+06   3.4973145e+01
   7.2332160e+06   3.6254883e+01
   7.2501270e+06   3.4179688e+01
   7.2504680e+06   3.4118652e+01
   7.2599960e+06   3.4057617e+01
   7.2659620e+06   3.8024902e+01
   7.2826940e+06   3.9184570e+01
   7.2830510e+06   3.6437988e+01
   7.2991580e+06   4.0832520e+01
   7.2996170e+06   4.4982910e+01
   7.3150960e+06   4.3334961e+01
   7.3301210e+06   4.3701172e+01
   7.3339380e+06   3.4240723e+01
   7.3501350e+06   4.2602539e+01
   7.3670530e+06   3.8696289e+01
   7.3673980e+06   3.6499023e+01
   7.3839100e+06   4.1137695e+01
   7.3842330e+06   3.6254883e+01
   7.4019690e+06   3.9611816e+01
   7.4023140e+06   4.0283203e+01
   7.4186530e+06   3.5644531e+01
   7.4373900e+06   4.3212891e+01
   7.4536790e+06   5.0048828e+01
   7.4708300e+06   4.7241211e+01
   7.4899490e+06   3.7414551e+01
   7.5058160e+06   4.2846680e+01
   7.5061900e+06   3.9428711e+01
   7.5234230e+06   3.9367676e+01
   7.5400620e+06   3.8024902e+01
   7.5408080e+06   3.9733887e+01
   7.5585570e+06   4.0344238e+01
   7.5747890e+06   4.1687012e+01
   7.5936270e+06   3.4667969e+01
   7.6112590e+06   4.5715332e+01
   7.6294090e+06   4.4006348e+01
   7.6297290e+06   3.5217285e+01
   7.6300130e+06   3.5217285e+01
   7.6480070e+06   3.7231445e+01
   7.6683000e+06   4.3945312e+01
   7.6884250e+06   5.5053711e+01
   7.7070750e+06   4.5104980e+01
   7.7073790e+06   3.4179688e+01
   7.7243430e+06   4.0710449e+01
   7.7246840e+06   3.6743164e+01
   7.7431080e+06   4.4433594e+01
   7.7624330e+06   5.1940918e+01
   7.7629440e+06   3.4973145e+01
   7.7827650e+06   3.6682129e+01
   7.7832410e+06   4.4372559e+01
   7.8007250e+06   3.6743164e+01
   7.8196170e+06   4.2968750e+01
   7.8403290e+06   3.6621094e+01
   7.8560570e+06   4.4372559e+01
   7.8570750e+06   3.9916992e+01
   7.8766580e+06   4.5288086e+01
   7.8776780e+06   3.6193848e+01
   7.8973420e+06   3.8696289e+01
   7.8977730e+06   3.4423828e+01
   7.9167710e+06   4.2541504e+01
   7.9173750e+06   4.0100098e+01
   7.9360110e+06   4.0222168e+01
   7.9367810e+06   3.4118652e+01
   7.9404590e+06   3.4362793e+01
   7.9536920e+06   4.3701172e+01
   7.9541900e+06   3.7658691e+01
   7.9727650e+06   3.9123535e+01
   7.9887000e+06   3.7963867e+01
   8.0087150e+06   4.0527344e+01
   8.0283020e+06   4.0161133e+01
   8.0482910e+06   4.2053223e+01
   8.0692630e+06   4.8645020e+01
   8.0897590e+06   3.8574219e+01
   8.0900540e+06   3.6437988e+01
   8.1103070e+06   5.0048828e+01
   8.1107990e+06   4.5166016e+01
   8.1335060e+06   3.7536621e+01
   8.1338960e+06   4.2236328e+01
   8.1438410e+06   3.5156250e+01
   8.1440950e+06   4.0100098e+01
   8.1610120e+06   3.9245605e+01
   8.1828530e+06   4.5104980e+01
   8.1832240e+06   3.6071777e+01
   8.2021050e+06   5.0415039e+01
   8.2023360e+06   3.7414551e+01
   8.2200800e+06   3.8879395e+01
   8.2204510e+06   3.4057617e+01
   8.2415800e+06   5.1879883e+01
   8.2423210e+06   4.8034668e+01
   8.2622160e+06   4.4555664e+01
   8.2650560e+06   4.3273926e+01
   8.2653180e+06   3.7414551e+01
   8.2823410e+06   3.8452148e+01
   8.2857270e+06   4.0466309e+01
   8.3028520e+06   3.7292480e+01
   8.3049300e+06   3.5095215e+01
   8.3244460e+06   4.9011230e+01
   8.3263300e+06   3.4240723e+01
   8.3441510e+06   4.4555664e+01
   8.3448430e+06   4.0161133e+01
   8.3619320e+06   4.5104980e+01
   8.3884950e+06   4.5104980e+01
   8.3888560e+06   3.5217285e+01
   8.4070590e+06   3.5644531e+01
   8.4073630e+06   4.2236328e+01
   8.4310570e+06   3.9550781e+01
   8.4320990e+06   3.7170410e+01
   8.4595950e+06   4.9987793e+01
   8.4599390e+06   4.0893555e+01
   8.4792230e+06   3.5644531e+01
   8.4978100e+06   4.9621582e+01
   8.5175250e+06   4.8645020e+01
   8.5378810e+06   4.3457031e+01
   8.5384730e+06   3.5034180e+01
   8.5437780e+06   3.4851074e+01
   8.5578240e+06   3.6987305e+01
   8.5586600e+06   4.3701172e+01
   8.5826240e+06   4.3945312e+01
   8.5828850e+06   3.4362793e+01
   8.6032440e+06   5.4016113e+01
   8.6036790e+06   4.2358398e+01
   8.6259110e+06   4.5288086e+01
   8.6266560e+06   3.6804199e+01
   8.6420130e+06   4.4433594e+01
   8.6420990e+06   3.4484863e+01
   8.6428480e+06   3.4179688e+01
   8.6620880e+06   3.6621094e+01
   8.6624990e+06   4.3823242e+01
   8.6627720e+06   3.6804199e+01
   8.6838570e+06   4.8889160e+01
   8.7095380e+06   4.1564941e+01
   8.7102820e+06   4.3701172e+01
   8.7307440e+06   4.5898438e+01
   8.7478430e+06   4.3884277e+01
   8.7494980e+06   3.9855957e+01
   8.7691210e+06   4.2602539e+01
   8.7880860e+06   4.4128418e+01
   8.8108190e+06   4.2053223e+01
   8.8114320e+06   4.2297363e+01
   8.8116640e+06   3.5095215e+01
   8.8344630e+06   4.8095703e+01
   8.8347140e+06   3.5278320e+01
   8.8522210e+06   5.2062988e+01
   8.8525930e+06   3.8696289e+01
   8.8713100e+06   4.7485352e+01
   8.8717360e+06   3.4790039e+01
   8.8730290e+06   3.9184570e+01
   8.8943780e+06   4.0771484e+01
   8.8946810e+06   3.4179688e+01
   8.9149330e+06   4.2541504e+01
   8.9153630e+06   4.5654297e+01
   8.9334110e+06   4.9316406e+01
   8.9343680e+06   4.2480469e+01
   8.9560960e+06   4.1625977e+01
   8.9566980e+06   3.4362793e+01
   8.9569100e+06   3.4606934e+01
   8.9783620e+06   4.9072266e+01
   8.9790700e+06   4.5104980e+01
   8.9983290e+06   5.6152344e+01
   8.9986430e+06   3.8452148e+01
