   8.9990000e+06   0.0000000e+00
   1.1621620e+06   3.6132812e+01
   1.2358460e+06   3.6499023e+01
   2.6830970e+06   3.6071777e+01
   3.3217750e+06   3.5827637e+01
   3.3923240e+06   3.6499023e+01
   3.5188390e+06   3.6254883e+01
   3.7005660e+06   3.7658691e+01
   3.8362210e+06   3.6682129e+01
   3.8467060e+06   3.5949707e+01
   4.2481280e+06   3.5827637e+01
   4.9946390e+06   3.5827637e+01
   5.6844500e+06   3.9367676e+01
   7.2940410e+06   3.8940430e+01
   7.8733010e+06   3.6865234e+01
   7.9404540e+06   3.5888672e+01
   7.9906620e+06   3.6132812e+01
   8.3015780e+06   3.7658691e+01
   8.3776240e+06   3.6010742e+01
   8.5843100e+06   3.7902832e+01
   8.6034510e+06   3.8757324e+01
   8.9448000e+06   3.6071777e+01
