   8.9990000e+06   0.0000000e+00
   1.1553000e+04   7.9406738e+01
   3.3861000e+04   8.0322266e+01
   5.5164000e+04   9.6313477e+01
   6.4852000e+04   9.0820312e+01
   7.0771000e+04   8.0261230e+01
   9.2114000e+04   6.4392090e+01
   1.1643800e+05   8.8867188e+01
   1.1744900e+05   7.0312500e+01
   1.3792600e+05   7.8063965e+01
   1.6015700e+05   6.9946289e+01
   1.7065400e+05   7.8918457e+01
   1.8021400e+05   7.6293945e+01
   2.0586700e+05   8.2580566e+01
   2.2240800e+05   8.2458496e+01
   2.4597400e+05   8.7463379e+01
   2.6635000e+05   8.0871582e+01
   2.7619500e+05   6.9702148e+01
   2.9007300e+05   7.1960449e+01
   3.1712400e+05   6.8969727e+01
   3.1737000e+05   7.3852539e+01
   3.2506700e+05   7.0068359e+01
   3.2540200e+05   6.7016602e+01
   3.4429700e+05   7.8186035e+01
   3.6036800e+05   6.7443848e+01
   3.6095500e+05   6.7993164e+01
   3.7947200e+05   7.5073242e+01
   3.7973900e+05   6.7626953e+01
   4.0370000e+05   8.0871582e+01
   4.0454800e+05   7.7148438e+01
   4.2433700e+05   8.5937500e+01
   4.4077500e+05   9.0942383e+01
   4.4111800e+05   6.3415527e+01
   4.4198600e+05   6.3598633e+01
   4.5500400e+05   7.3913574e+01
   4.7378600e+05   7.1777344e+01
   4.7430000e+05   9.1735840e+01
   5.0628300e+05   8.2702637e+01
   5.0647100e+05   6.4147949e+01
   5.3727800e+05   7.4829102e+01
   5.4655000e+05   7.6965332e+01
   5.4704500e+05   6.9335938e+01
   5.5921600e+05   7.6660156e+01
   5.5981100e+05   6.8725586e+01
   5.7548000e+05   7.3059082e+01
   5.8211500e+05   8.4045410e+01
   6.0490200e+05   8.3190918e+01
   6.2340000e+05   7.6477051e+01
   6.3687800e+05   6.4270020e+01
   6.3824300e+05   7.3486328e+01
   6.5914700e+05   7.0617676e+01
   6.6316200e+05   7.6354980e+01
   6.6381500e+05   6.4880371e+01
   6.7935000e+05   7.6416016e+01
   6.8025900e+05   6.4331055e+01
   6.9320700e+05   7.6843262e+01
   6.9347600e+05   6.3781738e+01
   7.0518200e+05   7.5012207e+01
   7.0539800e+05   6.2866211e+01
   7.2430100e+05   7.3486328e+01
   7.4978500e+05   7.7758789e+01
   7.8008300e+05   6.5307617e+01
   7.8139700e+05   8.2153320e+01
   7.9368600e+05   7.3730469e+01
   7.9387900e+05   6.3659668e+01
   8.2073900e+05   9.4482422e+01
   8.3151500e+05   7.6416016e+01
   8.3470900e+05   6.4758301e+01
   8.3811300e+05   6.7565918e+01
   8.7251900e+05   8.4472656e+01
   8.7272800e+05   6.3415527e+01
   8.9490500e+05   9.4360352e+01
   8.9513600e+05   6.2866211e+01
   9.0574900e+05   7.6599121e+01
   9.2388400e+05   7.9589844e+01
   9.5103900e+05   6.9030762e+01
   9.5996300e+05   7.3974609e+01
   9.6018900e+05   6.5795898e+01
   9.8138400e+05   7.3730469e+01
   9.9707700e+05   8.1726074e+01
   1.0480070e+06   8.1176758e+01
   1.0694240e+06   7.8979492e+01
   1.0802380e+06   8.0078125e+01
   1.1092570e+06   8.3740234e+01
   1.1201340e+06   8.0566406e+01
   1.1429690e+06   7.9467773e+01
   1.1438510e+06   7.4951172e+01
   1.1745860e+06   9.2346191e+01
   1.1984940e+06   9.3627930e+01
   1.1987010e+06   6.2683105e+01
   1.2230750e+06   6.9519043e+01
   1.2232580e+06   7.4035645e+01
   1.2665790e+06   8.0505371e+01
   1.2828920e+06   8.6303711e+01
   1.3249680e+06   8.6303711e+01
   1.3289320e+06   6.5246582e+01
   1.3296740e+06   6.8054199e+01
   1.3563770e+06   7.6293945e+01
   1.3775770e+06   6.4086914e+01
   1.3836160e+06   7.6354980e+01
   1.3838120e+06   8.3251953e+01
   1.3849100e+06   6.8298340e+01
   1.4007430e+06   6.6406250e+01
   1.4176040e+06   7.8613281e+01
   1.4218640e+06   7.7819824e+01
   1.4454420e+06   8.1359863e+01
   1.4456420e+06   6.3537598e+01
   1.4856470e+06   9.6679688e+01
   1.4908230e+06   7.6599121e+01
   1.5125250e+06   7.4157715e+01
   1.5132360e+06   6.9519043e+01
   1.5230590e+06   7.7453613e+01
   1.5311760e+06   8.8623047e+01
   1.5557620e+06   7.4462891e+01
   1.5696410e+06   7.2265625e+01
   1.5915030e+06   8.3007813e+01
   1.6219310e+06   7.2875977e+01
   1.6412160e+06   9.0759277e+01
   1.6672100e+06   6.9641113e+01
   1.6729270e+06   7.6232910e+01
   1.6918690e+06   8.4045410e+01
   1.6937750e+06   7.4951172e+01
   1.7118240e+06   7.3669434e+01
   1.7190530e+06   7.8002930e+01
   1.7192610e+06   6.4880371e+01
   1.7258750e+06   8.5388184e+01
   1.7410250e+06   8.3923340e+01
   1.7489790e+06   8.4899902e+01
   1.7728310e+06   6.7321777e+01
   1.7730120e+06   6.4636230e+01
   1.7937360e+06   7.3486328e+01
   1.8148520e+06   9.4543457e+01
   1.8195230e+06   8.7463379e+01
   1.8426390e+06   7.8613281e+01
   1.8465260e+06   7.2509766e+01
   1.8665000e+06   7.4096680e+01
   1.8856500e+06   8.4167480e+01
   1.8859900e+06   6.5612793e+01
   1.9115840e+06   7.6904297e+01
   1.9192190e+06   6.6589355e+01
   1.9379130e+06   8.4594727e+01
   1.9488470e+06   7.1289062e+01
   1.9507100e+06   7.0068359e+01
   1.9630810e+06   8.4106445e+01
   1.9734430e+06   6.3293457e+01
   1.9866880e+06   7.0983887e+01
   2.0240810e+06   8.2824707e+01
   2.0357190e+06   7.8796387e+01
   2.0533260e+06   7.7087402e+01
   2.0538990e+06   6.3415527e+01
   2.0642520e+06   7.1899414e+01
   2.0822560e+06   7.0068359e+01
   2.1045950e+06   8.2458496e+01
   2.1047810e+06   6.5185547e+01
   2.1276080e+06   7.1533203e+01
   2.1279050e+06   6.6894531e+01
   2.1461060e+06   8.0322266e+01
   2.1692660e+06   7.3181152e+01
   2.1694320e+06   6.2744141e+01
   2.1797350e+06   8.0200195e+01
   2.2054700e+06   6.5795898e+01
   2.2245940e+06   7.2204590e+01
   2.2283930e+06   6.4514160e+01
   2.2501190e+06   7.4951172e+01
   2.2510430e+06   7.4462891e+01
   2.2710780e+06   7.4096680e+01
   2.2851880e+06   8.7829590e+01
   2.2924910e+06   7.0373535e+01
   2.2927040e+06   6.9458008e+01
   2.3071640e+06   7.7453613e+01
   2.3230530e+06   8.2519531e+01
   2.3305720e+06   8.2153320e+01
   2.3429310e+06   9.5336914e+01
   2.3536980e+06   8.2580566e+01
   2.3658920e+06   8.7280273e+01
   2.3851700e+06   9.2895508e+01
   2.3882450e+06   6.2866211e+01
   2.3906250e+06   6.9335938e+01
   2.4042280e+06   8.5876465e+01
   2.4061710e+06   6.3232422e+01
   2.4165620e+06   6.4575195e+01
   2.4208310e+06   6.3537598e+01
   2.4397980e+06   7.3547363e+01
   2.4399590e+06   6.5063477e+01
   2.4494260e+06   7.1166992e+01
   2.4609250e+06   7.4401855e+01
   2.4737800e+06   8.1176758e+01
   2.4741350e+06   6.3354492e+01
   2.4990730e+06   7.2631836e+01
   2.5144980e+06   9.0698242e+01
   2.5218740e+06   7.7026367e+01
   2.5301440e+06   7.5561523e+01
   2.5437000e+06   7.3791504e+01
   2.5662550e+06   7.8125000e+01
   2.5748680e+06   7.9833984e+01
   2.5797340e+06   6.8969727e+01
   2.5847610e+06   7.8247070e+01
   2.6021140e+06   9.4055176e+01
   2.6170590e+06   7.5378418e+01
   2.6227040e+06   9.4543457e+01
   2.6384270e+06   8.6364746e+01
   2.6525090e+06   6.5490723e+01
   2.6658030e+06   7.7880859e+01
   2.6668320e+06   6.8725586e+01
   2.6754390e+06   7.0495605e+01
   2.6918530e+06   7.6965332e+01
   2.6921520e+06   6.3659668e+01
   2.6925460e+06   6.4147949e+01
   2.7134580e+06   9.8632813e+01
   2.7278020e+06   8.5021973e+01
   2.7347410e+06   8.0688477e+01
   2.7485190e+06   7.6416016e+01
   2.7489740e+06   6.5795898e+01
   2.7823770e+06   7.2998047e+01
   2.8063940e+06   7.6904297e+01
   2.8065920e+06   6.4514160e+01
   2.8229490e+06   7.7453613e+01
   2.8231530e+06   6.8237305e+01
   2.8442090e+06   8.0322266e+01
   2.8565240e+06   7.5073242e+01
   2.8572840e+06   8.8378906e+01
   2.8741780e+06   6.8908691e+01
   2.8934380e+06   8.2885742e+01
   2.9120910e+06   7.1655273e+01
   2.9123450e+06   6.4147949e+01
   2.9184460e+06   6.6589355e+01
   2.9252520e+06   8.5998535e+01
   2.9259000e+06   6.5795898e+01
   2.9424630e+06   7.4279785e+01
   2.9426770e+06   6.4331055e+01
   2.9538200e+06   7.1105957e+01
   2.9686010e+06   8.1787109e+01
   2.9720160e+06   7.7575684e+01
   2.9936850e+06   8.9843750e+01
   3.0062510e+06   9.2041016e+01
   3.0069960e+06   6.8054199e+01
   3.0135480e+06   6.8969727e+01
   3.0179410e+06   7.5134277e+01
   3.0365230e+06   7.5317383e+01
   3.0411310e+06   6.7626953e+01
   3.0515940e+06   7.1716309e+01
   3.0579270e+06   8.9172363e+01
   3.0718350e+06   8.0017090e+01
   3.0829870e+06   7.4157715e+01
   3.0955740e+06   8.1604004e+01
   3.0958230e+06   6.6406250e+01
   3.1119010e+06   7.0556641e+01
   3.1273010e+06   7.3425293e+01
   3.1279300e+06   7.8735352e+01
   3.1424550e+06   8.5144043e+01
   3.1484500e+06   7.5866699e+01
   3.1595000e+06   6.7749023e+01
   3.1660990e+06   6.8664551e+01
   3.1781430e+06   6.8176270e+01
   3.1977880e+06   9.6679688e+01
   3.1980560e+06   6.4392090e+01
   3.1998580e+06   7.4890137e+01
   3.2156910e+06   6.6833496e+01
   3.2168050e+06   7.5622559e+01
   3.2371440e+06   6.8359375e+01
   3.2469620e+06   8.6425781e+01
   3.2579900e+06   6.8603516e+01
   3.2748360e+06   6.6955566e+01
   3.2902110e+06   8.8745117e+01
   3.2907100e+06   8.1604004e+01
   3.3098860e+06   7.8491211e+01
   3.3100410e+06   6.4208984e+01
   3.3263890e+06   1.0522461e+02
   3.3266300e+06   6.7138672e+01
   3.3375830e+06   7.1228027e+01
   3.3495970e+06   7.4340820e+01
   3.3550290e+06   7.5378418e+01
   3.3730880e+06   7.1655273e+01
   3.3913200e+06   8.2885742e+01
   3.4034200e+06   7.4584961e+01
   3.4170090e+06   7.3059082e+01
   3.4207260e+06   7.3486328e+01
   3.4385700e+06   8.7707520e+01
   3.4529070e+06   7.1655273e+01
   3.4712510e+06   6.9580078e+01
   3.4833160e+06   8.0261230e+01
   3.4836040e+06   7.3425293e+01
   3.4853820e+06   6.2988281e+01
   3.4992490e+06   8.0566406e+01
   3.5176370e+06   8.3557129e+01
   3.5378720e+06   7.5256348e+01
   3.5470970e+06   6.3171387e+01
   3.5533090e+06   7.3303223e+01
   3.5535490e+06   6.6162109e+01
   3.5592050e+06   6.2866211e+01
   3.5690390e+06   7.8918457e+01
   3.5926540e+06   7.4707031e+01
   3.6063050e+06   7.1228027e+01
   3.6262570e+06   7.1350098e+01
   3.6399760e+06   7.2631836e+01
   3.6404030e+06   6.6467285e+01
   3.6601860e+06   6.7687988e+01
   3.6806810e+06   8.3007812e+01
   3.7004330e+06   7.2998047e+01
   3.7012720e+06   7.5622559e+01
   3.7095940e+06   6.4392090e+01
   3.7204010e+06   7.8552246e+01
   3.7257290e+06   7.4584961e+01
   3.7444060e+06   8.0200195e+01
   3.7608050e+06   7.6721191e+01
   3.7609720e+06   6.4514160e+01
   3.7811400e+06   9.2590332e+01
   3.7814950e+06   7.7819824e+01
   3.7830530e+06   6.4758301e+01
   3.8009140e+06   7.7087402e+01
   3.8200860e+06   8.1237793e+01
   3.8346270e+06   7.4096680e+01
   3.8493700e+06   7.4645996e+01
   3.8602990e+06   8.3007812e+01
   3.8660770e+06   6.9824219e+01
   3.8775630e+06   6.8420410e+01
   3.8920540e+06   6.2927246e+01
   3.9106250e+06   8.7585449e+01
   3.9251620e+06   7.5988770e+01
   3.9253710e+06   6.5002441e+01
   3.9389310e+06   6.7260742e+01
   3.9446160e+06   7.6171875e+01
   3.9487880e+06   7.4829102e+01
   3.9676630e+06   6.8115234e+01
   3.9887450e+06   6.7504883e+01
   3.9904450e+06   6.9824219e+01
   4.0063720e+06   8.3740234e+01
   4.0229380e+06   6.8237305e+01
   4.0234470e+06   6.7199707e+01
   4.0433290e+06   7.1655273e+01
   4.0435350e+06   6.7993164e+01
   4.0611990e+06   6.3720703e+01
   4.0757160e+06   7.1472168e+01
   4.0767000e+06   6.9091797e+01
   4.0829920e+06   7.3242188e+01
   4.1008670e+06   8.0078125e+01
   4.1170360e+06   7.2937012e+01
   4.1300880e+06   7.6232910e+01
   4.1375640e+06   9.0515137e+01
   4.1528390e+06   7.9772949e+01
   4.1550750e+06   7.0556641e+01
   4.1803690e+06   8.2397461e+01
   4.1951020e+06   7.0983887e+01
   4.2108880e+06   7.2448730e+01
   4.2305730e+06   7.9162598e+01
   4.2418910e+06   7.3242188e+01
   4.2533620e+06   6.2988281e+01
   4.2574240e+06   7.7087402e+01
   4.2586890e+06   6.5063477e+01
   4.2752320e+06   7.7087402e+01
   4.2881800e+06   6.6650391e+01
   4.2921040e+06   6.9580078e+01
   4.2922670e+06   8.0078125e+01
   4.2934720e+06   6.5917969e+01
   4.2937480e+06   6.3720703e+01
   4.3098170e+06   7.5256348e+01
   4.3237730e+06   7.8369141e+01
   4.3240030e+06   6.4941406e+01
   4.3387280e+06   6.8725586e+01
   4.3399090e+06   8.3801270e+01
   4.3513090e+06   8.4838867e+01
   4.3515590e+06   6.8237305e+01
   4.3660090e+06   8.1237793e+01
   4.3837100e+06   8.6853027e+01
   4.3840320e+06   6.6284180e+01
   4.3858710e+06   7.2998047e+01
   4.4068930e+06   8.3740234e+01
   4.4226970e+06   7.1105957e+01
   4.4238910e+06   6.5368652e+01
   4.4458960e+06   8.1298828e+01
   4.4655280e+06   8.3251953e+01
   4.4807700e+06   8.5998535e+01
   4.5003270e+06   8.4533691e+01
   4.5033210e+06   7.6477051e+01
   4.5036880e+06   6.5185547e+01
   4.5231450e+06   6.6101074e+01
   4.5449530e+06   8.4411621e+01
   4.5650250e+06   8.0871582e+01
   4.5916770e+06   6.5429688e+01
   4.5920240e+06   8.3496094e+01
   4.6158900e+06   6.6589355e+01
   4.6176620e+06   8.3618164e+01
   4.6370460e+06   8.6364746e+01
   4.6418900e+06   6.4331055e+01
   4.6421370e+06   7.1105957e+01
   4.6584980e+06   6.9763184e+01
   4.6666640e+06   8.6791992e+01
   4.6823960e+06   8.3984375e+01
   4.7007880e+06   6.9946289e+01
   4.7010070e+06   6.6528320e+01
   4.7011750e+06   6.3476562e+01
   4.7239300e+06   9.2834473e+01
   4.7397100e+06   6.8847656e+01
   4.7508070e+06   7.4462891e+01
   4.7667370e+06   7.8674316e+01
   4.7771450e+06   7.2021484e+01
   4.7781110e+06   7.8735352e+01
   4.8019920e+06   7.5317383e+01
   4.8060650e+06   8.1176758e+01
   4.8123380e+06   8.2641602e+01
   4.8311770e+06   9.2956543e+01
   4.8313920e+06   6.9702148e+01
   4.8447080e+06   7.2692871e+01
   4.8545860e+06   7.5134277e+01
   4.8838610e+06   8.1665039e+01
   4.9015660e+06   8.2946777e+01
   4.9054830e+06   8.6364746e+01
   4.9059160e+06   6.6589355e+01
   4.9295170e+06   7.9467773e+01
   4.9298690e+06   6.5002441e+01
   4.9507700e+06   7.5073242e+01
   4.9509640e+06   6.5063477e+01
   4.9674500e+06   8.3984375e+01
   4.9676990e+06   6.6772461e+01
   4.9837810e+06   6.3842773e+01
   4.9843310e+06   7.8247070e+01
   4.9914460e+06   6.3903809e+01
   4.9936550e+06   8.2580566e+01
   4.9961130e+06   6.5307617e+01
   5.0144990e+06   8.8867188e+01
   5.0292680e+06   7.8796387e+01
   5.0294350e+06   6.2683105e+01
   5.0443550e+06   8.1420898e+01
   5.0635740e+06   9.3139648e+01
   5.0638360e+06   6.2927246e+01
   5.0649610e+06   6.5429688e+01
   5.0831740e+06   7.4951172e+01
   5.0833130e+06   6.5979004e+01
   5.0922760e+06   7.3242188e+01
   5.1021670e+06   6.2988281e+01
   5.1170120e+06   6.9458008e+01
   5.1366560e+06   7.2021484e+01
   5.1533430e+06   7.7209473e+01
   5.1747760e+06   7.1838379e+01
   5.1891100e+06   8.1481934e+01
   5.1992310e+06   7.8613281e+01
   5.1995660e+06   6.6589355e+01
   5.2224490e+06   7.6599121e+01
   5.2435550e+06   6.9702148e+01
   5.2508920e+06   7.9162598e+01
   5.2751290e+06   8.6425781e+01
   5.2988830e+06   6.3964844e+01
   5.3090820e+06   9.3627930e+01
   5.3333670e+06   7.6477051e+01
   5.3414980e+06   8.6364746e+01
   5.3630870e+06   7.2509766e+01
   5.3633580e+06   6.8603516e+01
   5.3846640e+06   7.2692871e+01
   5.3972740e+06   8.1970215e+01
   5.4240470e+06   8.7341309e+01
   5.4242080e+06   6.4819336e+01
   5.4390440e+06   7.1044922e+01
   5.4445310e+06   7.7575684e+01
   5.4535800e+06   7.5256348e+01
   5.4785510e+06   7.1716309e+01
   5.4791420e+06   7.4218750e+01
   5.4929560e+06   7.7575684e+01
   5.4931310e+06   6.8115234e+01
   5.5029530e+06   7.3242188e+01
   5.5042660e+06   6.4697266e+01
   5.5207380e+06   7.1411133e+01
   5.5264100e+06   7.5805664e+01
   5.5265660e+06   6.5002441e+01
   5.5471370e+06   8.3190918e+01
   5.5578280e+06   7.7697754e+01
   5.5580200e+06   6.8054199e+01
   5.5775780e+06   7.6599121e+01
   5.5955770e+06   8.3923340e+01
   5.5957580e+06   6.2683105e+01
   5.6135210e+06   8.6975098e+01
   5.6188940e+06   9.7167969e+01
   5.6298700e+06   7.9467773e+01
   5.6301130e+06   6.6345215e+01
   5.6369190e+06   6.3293457e+01
   5.6389700e+06   6.3049316e+01
   5.6422630e+06   6.3110352e+01
   5.6430970e+06   6.3964844e+01
   5.6433090e+06   6.9091797e+01
   5.6435380e+06   6.2805176e+01
   5.6502240e+06   6.4514160e+01
   5.6549050e+06   6.3293457e+01
   5.6560850e+06   7.2570801e+01
   5.6585880e+06   9.7290039e+01
   5.6587980e+06   7.0678711e+01
   5.6604620e+06   6.3293457e+01
   5.6646670e+06   6.4086914e+01
   5.6686930e+06   7.4279785e+01
   5.6703740e+06   6.4880371e+01
   5.6832910e+06   6.9824219e+01
   5.6940530e+06   6.2927246e+01
   5.7156650e+06   9.3750000e+01
   5.7371470e+06   7.8125000e+01
   5.7373180e+06   6.4147949e+01
   5.7684850e+06   7.2326660e+01
   5.7707540e+06   6.9396973e+01
   5.7969210e+06   7.8613281e+01
   5.7972470e+06   6.7260742e+01
   5.8074860e+06   6.4819336e+01
   5.8101390e+06   6.2927246e+01
   5.8262440e+06   9.5397949e+01
   5.8267270e+06   7.6354980e+01
   5.8272270e+06   6.8420410e+01
   5.8416820e+06   6.4086914e+01
   5.8417680e+06   6.4636230e+01
   5.8470250e+06   6.4147949e+01
   5.8495600e+06   7.0373535e+01
   5.8497240e+06   6.3293457e+01
   5.8502420e+06   6.4086914e+01
   5.8561790e+06   6.3903809e+01
   5.8679730e+06   8.6669922e+01
   5.8759090e+06   7.6782227e+01
   5.8762170e+06   8.6120605e+01
   5.8765250e+06   6.3720703e+01
   5.8967340e+06   7.6110840e+01
   5.9252100e+06   8.3190918e+01
   5.9539850e+06   8.3862305e+01
   5.9546280e+06   7.6965332e+01
   5.9703310e+06   8.7463379e+01
   5.9767470e+06   8.9111328e+01
   6.0054420e+06   8.8928223e+01
   6.0127320e+06   6.3720703e+01
   6.0178300e+06   6.2805176e+01
   6.0220080e+06   7.6599121e+01
   6.0222930e+06   7.4584961e+01
   6.0360700e+06   6.4514160e+01
   6.0548460e+06   8.2641602e+01
   6.0550130e+06   6.4147949e+01
   6.0770430e+06   8.9111328e+01
   6.0773240e+06   7.1899414e+01
   6.0896280e+06   8.6791992e+01
   6.0898930e+06   6.2805176e+01
   6.1014280e+06   8.3923340e+01
   6.1186640e+06   7.0251465e+01
   6.1220600e+06   7.3608398e+01
   6.1324200e+06   7.6538086e+01
   6.1389810e+06   8.1237793e+01
   6.1413740e+06   6.3293457e+01
   6.1424580e+06   6.3842773e+01
   6.1527370e+06   6.3476562e+01
   6.1539490e+06   7.4645996e+01
   6.1553870e+06   6.3354492e+01
   6.1637700e+06   6.6650391e+01
   6.1729240e+06   8.7585449e+01
   6.1731080e+06   6.4758301e+01
   6.1762620e+06   6.5795898e+01
   6.1812890e+06   6.4575195e+01
   6.1935130e+06   8.7951660e+01
   6.1974500e+06   9.2956543e+01
   6.1980360e+06   7.0068359e+01
   6.1987180e+06   6.4392090e+01
   6.2147300e+06   6.3110352e+01
   6.2265660e+06   9.4177246e+01
   6.2267440e+06   6.8786621e+01
   6.2271540e+06   8.0566406e+01
   6.2519820e+06   6.7749023e+01
   6.2527120e+06   8.6486816e+01
   6.2718920e+06   6.5795898e+01
   6.2826250e+06   8.8317871e+01
   6.2827970e+06   6.7138672e+01
   6.3027920e+06   7.5317383e+01
   6.3283430e+06   9.0576172e+01
   6.3294600e+06   7.6965332e+01
   6.3358250e+06   7.1411133e+01
   6.3442700e+06   7.4340820e+01
   6.3445570e+06   7.4707031e+01
   6.3701610e+06   8.7158203e+01
   6.4061030e+06   9.2651367e+01
   6.4062980e+06   6.6528320e+01
   6.4142670e+06   6.6101074e+01
   6.4164230e+06   6.4270020e+01
   6.4241280e+06   6.4697266e+01
   6.4300810e+06   8.0383301e+01
   6.4350240e+06   6.2927246e+01
   6.4394360e+06   6.2927246e+01
   6.4444780e+06   7.4707031e+01
   6.4446860e+06   7.9162598e+01
   6.4460980e+06   6.5429688e+01
   6.4530560e+06   7.5317383e+01
   6.4535310e+06   6.3354492e+01
   6.4571420e+06   6.3659668e+01
   6.4574730e+06   7.1899414e+01
   6.4584110e+06   1.0015869e+02
   6.4585680e+06   6.5429688e+01
   6.4588160e+06   7.3486328e+01
   6.4591790e+06   6.2866211e+01
   6.4632090e+06   6.5307617e+01
   6.4673770e+06   6.7504883e+01
   6.4740430e+06   6.3659668e+01
   6.4744560e+06   6.3354492e+01
   6.4796060e+06   6.9580078e+01
   6.4815480e+06   6.3171387e+01
   6.4840570e+06   9.3811035e+01
   6.4876540e+06   6.3964844e+01
   6.4877310e+06   7.0495605e+01
   6.4877980e+06   7.7087402e+01
   6.4925740e+06   6.3781738e+01
   6.4936770e+06   6.3293457e+01
   6.5015390e+06   6.4514160e+01
   6.5049740e+06   6.3598633e+01
   6.5074100e+06   6.7871094e+01
   6.5079470e+06   6.3537598e+01
   6.5186330e+06   7.7636719e+01
   6.5188050e+06   8.8806152e+01
   6.5276980e+06   6.4025879e+01
   6.5283220e+06   6.8420410e+01
   6.5323390e+06   6.3110352e+01
   6.5337540e+06   6.5429688e+01
   6.5398030e+06   9.0698242e+01
   6.5401360e+06   7.5683594e+01
   6.5618480e+06   6.3110352e+01
   6.5626330e+06   6.5002441e+01
   6.5638070e+06   6.9152832e+01
   6.5717430e+06   7.8613281e+01
   6.5719500e+06   6.6955566e+01
   6.5725110e+06   6.7321777e+01
   6.5926580e+06   6.7382812e+01
   6.5946660e+06   8.2092285e+01
   6.5953000e+06   6.9152832e+01
   6.6196130e+06   7.7331543e+01
   6.6250550e+06   6.9946289e+01
   6.6272510e+06   6.3049316e+01
   6.6313370e+06   6.4392090e+01
   6.6380540e+06   7.8857422e+01
   6.6382320e+06   7.1289062e+01
   6.6511580e+06   6.9335938e+01
   6.6619070e+06   7.9101562e+01
   6.6621640e+06   6.5734863e+01
   6.6779580e+06   6.3415527e+01
   6.6791630e+06   6.4392090e+01
   6.6800480e+06   8.5632324e+01
   6.7058480e+06   8.6303711e+01
   6.7060600e+06   7.5744629e+01
   6.7419820e+06   9.8144531e+01
   6.7464110e+06   8.5510254e+01
   6.7465670e+06   7.1777344e+01
   6.7663410e+06   9.1064453e+01
   6.7665220e+06   7.1899414e+01
   6.7796480e+06   7.9895020e+01
   6.7797870e+06   6.5124512e+01
   6.7798000e+06   6.5856934e+01
   6.8016470e+06   1.0150146e+02
   6.8018290e+06   6.4575195e+01
   6.8321950e+06   9.5214844e+01
   6.8324380e+06   7.3547363e+01
   6.8477030e+06   8.3984375e+01
   6.8781570e+06   6.8847656e+01
   6.8844880e+06   8.3923340e+01
   6.8846350e+06   6.8176270e+01
   6.9161640e+06   8.6608887e+01
   6.9166000e+06   6.3354492e+01
   6.9376290e+06   8.3984375e+01
   6.9701130e+06   7.4523926e+01
   6.9720360e+06   6.8603516e+01
   7.0046950e+06   9.0637207e+01
   7.0049200e+06   7.2082520e+01
   7.0068560e+06   6.8176270e+01
   7.0383210e+06   8.1481934e+01
   7.0385120e+06   6.3781738e+01
   7.0388860e+06   6.8969727e+01
   7.0394820e+06   7.3913574e+01
   7.0782220e+06   8.2824707e+01
   7.0784100e+06   6.5979004e+01
   7.0786030e+06   6.4392090e+01
   7.1086980e+06   8.5510254e+01
   7.1352050e+06   7.4584961e+01
   7.1354090e+06   8.4106445e+01
   7.1621920e+06   7.8552246e+01
   7.1624660e+06   6.5124512e+01
   7.1628080e+06   6.3171387e+01
   7.1636210e+06   6.5368652e+01
   7.1982350e+06   9.3933105e+01
   7.1983110e+06   6.8176270e+01
   7.2162840e+06   8.7341309e+01
   7.2172540e+06   6.5124512e+01
   7.2576350e+06   8.0993652e+01
   7.2578510e+06   6.8298340e+01
   7.2713690e+06   6.5551758e+01
   7.3044000e+06   9.2163086e+01
   7.3083100e+06   9.8388672e+01
   7.3224710e+06   8.4472656e+01
   7.3226690e+06   7.1716309e+01
   7.3532030e+06   7.9833984e+01
   7.3682710e+06   6.3476562e+01
   7.3731830e+06   8.3801270e+01
   7.3734120e+06   6.4758301e+01
   7.3742200e+06   6.7504883e+01
   7.3960410e+06   9.8815918e+01
   7.4205690e+06   7.9956055e+01
   7.4207380e+06   6.7932129e+01
   7.4579760e+06   8.1481934e+01
   7.4583720e+06   7.2753906e+01
   7.4585500e+06   6.3232422e+01
   7.4854460e+06   8.6669922e+01
   7.4856350e+06   6.6772461e+01
   7.5102470e+06   9.2590332e+01
   7.5104150e+06   6.7749023e+01
   7.5380310e+06   6.3232422e+01
   7.5528280e+06   8.5693359e+01
   7.5530440e+06   6.3903809e+01
   7.5634170e+06   6.9580078e+01
   7.5780030e+06   8.4167480e+01
   7.5781870e+06   6.3293457e+01
   7.5962720e+06   8.4594727e+01
   7.6094560e+06   8.3435059e+01
   7.6096630e+06   7.0129395e+01
   7.6099820e+06   7.5622559e+01
   7.6235790e+06   8.0078125e+01
   7.6239310e+06   7.2753906e+01
   7.6356750e+06   6.3293457e+01
   7.6571020e+06   8.8745117e+01
   7.6577470e+06   7.9772949e+01
   7.6703190e+06   7.6293945e+01
   7.6706950e+06   6.9396973e+01
   7.6798680e+06   9.1308594e+01
   7.6978590e+06   8.5205078e+01
   7.6987760e+06   8.3435059e+01
   7.6992150e+06   6.4941406e+01
   7.7375150e+06   1.0412598e+02
   7.7376830e+06   6.7993164e+01
   7.7388630e+06   6.7626953e+01
   7.7700930e+06   8.5632324e+01
   7.7702740e+06   6.4086914e+01
   7.7710380e+06   7.6354980e+01
   7.7944040e+06   6.6833496e+01
   7.7947860e+06   6.4636230e+01
   7.8275670e+06   6.8298340e+01
   7.8427710e+06   8.8867188e+01
   7.8432430e+06   7.6721191e+01
   7.8608970e+06   7.5927734e+01
   7.8692520e+06   7.9284668e+01
   7.8928920e+06   8.9294434e+01
   7.8932080e+06   7.0556641e+01
   7.9058200e+06   7.2448730e+01
   7.9062150e+06   6.4453125e+01
   7.9357390e+06   6.7504883e+01
   7.9444230e+06   7.6354980e+01
   7.9447800e+06   7.7453613e+01
   7.9611960e+06   6.2744141e+01
   7.9703350e+06   7.6538086e+01
   7.9706010e+06   6.3781738e+01
   7.9809080e+06   8.0810547e+01
   7.9870940e+06   8.0200195e+01
   7.9881090e+06   7.0129395e+01
   8.0149930e+06   7.8063965e+01
   8.0152280e+06   6.8115234e+01
   8.0463290e+06   6.7626953e+01
   8.0476230e+06   6.9152832e+01
   8.0638160e+06   6.4270020e+01
   8.0695570e+06   9.1003418e+01
   8.0698260e+06   6.4880371e+01
   8.0702260e+06   7.0434570e+01
   8.0852730e+06   7.9528809e+01
   8.0903820e+06   8.2458496e+01
   8.1010130e+06   7.5378418e+01
   8.1011910e+06   7.1350098e+01
   8.1256970e+06   9.2651367e+01
   8.1258980e+06   6.4208984e+01
   8.1468800e+06   8.5876465e+01
   8.1837680e+06   8.9416504e+01
   8.1848780e+06   7.1655273e+01
   8.1996290e+06   8.4045410e+01
   8.1998370e+06   6.8542480e+01
   8.2066690e+06   7.3730469e+01
   8.2069670e+06   6.5063477e+01
   8.2323130e+06   6.3232422e+01
   8.2415730e+06   9.5031738e+01
   8.2507500e+06   7.6477051e+01
   8.2653100e+06   7.8308105e+01
   8.2654700e+06   9.2102051e+01
   8.2668920e+06   6.4086914e+01
   8.2925440e+06   8.2641602e+01
   8.2928180e+06   6.4392090e+01
   8.3136690e+06   8.4167480e+01
   8.3320090e+06   7.0983887e+01
   8.3483590e+06   7.9589844e+01
   8.3487070e+06   6.3903809e+01
   8.3564730e+06   7.7392578e+01
   8.3568370e+06   7.1838379e+01
   8.3925650e+06   8.7097168e+01
   8.4015460e+06   7.3547363e+01
   8.4017440e+06   6.7749023e+01
   8.4151650e+06   9.4238281e+01
   8.4546670e+06   7.8491211e+01
   8.4611330e+06   8.7341309e+01
   8.4839510e+06   8.8989258e+01
   8.4841390e+06   6.2927246e+01
   8.4858950e+06   6.4025879e+01
   8.5052990e+06   9.0820312e+01
   8.5055000e+06   6.3049316e+01
   8.5505190e+06   9.0148926e+01
   8.5506800e+06   6.5673828e+01
   8.5711070e+06   7.9467773e+01
   8.5713500e+06   6.5917969e+01
   8.5994300e+06   9.4543457e+01
   8.6038360e+06   7.2326660e+01
   8.6162340e+06   6.5551758e+01
   8.6168110e+06   7.8430176e+01
   8.6170500e+06   6.5429688e+01
   8.6236410e+06   6.6711426e+01
   8.6286680e+06   6.8725586e+01
   8.6446640e+06   6.3049316e+01
   8.6480620e+06   7.9650879e+01
   8.6488360e+06   6.2988281e+01
   8.6504650e+06   7.2570801e+01
   8.6687990e+06   8.1176758e+01
   8.6758350e+06   7.4645996e+01
   8.6759860e+06   6.7810059e+01
   8.6762470e+06   6.5795898e+01
   8.6922410e+06   6.2866211e+01
   8.7115960e+06   9.6008301e+01
   8.7303940e+06   7.8796387e+01
   8.7305510e+06   6.7504883e+01
   8.7393530e+06   9.9975586e+01
   8.7494960e+06   6.4392090e+01
   8.7671890e+06   6.3781738e+01
   8.7674720e+06   7.1594238e+01
   8.7676590e+06   6.6833496e+01
   8.7692510e+06   7.3974609e+01
   8.7909540e+06   8.6181641e+01
   8.8188880e+06   7.2265625e+01
   8.8192020e+06   7.4340820e+01
   8.8468540e+06   9.9487305e+01
   8.8471990e+06   6.5246582e+01
   8.8691680e+06   8.0505371e+01
   8.8696480e+06   6.6528320e+01
   8.8908970e+06   9.9914551e+01
   8.8913070e+06   6.9335938e+01
   8.9167670e+06   9.2163086e+01
   8.9268400e+06   8.3557129e+01
   8.9454250e+06   8.2458496e+01
   8.9835650e+06   8.5754395e+01
   8.9899450e+06   8.0932617e+01
   8.9901290e+06   6.3415527e+01
   8.9915830e+06   6.5673828e+01
