   8.9990000e+06   0.0000000e+00
   2.9730000e+03   5.6884766e+01
   1.3805000e+04   5.1025391e+01
   2.3834000e+04   5.1818848e+01
   3.3899000e+04   5.4626465e+01
   4.1195000e+04   6.0302734e+01
   5.0987000e+04   5.6396484e+01
   6.0000000e+04   4.9316406e+01
   6.7176000e+04   4.9377441e+01
   7.3830000e+04   5.3405762e+01
   7.9411000e+04   5.1696777e+01
   9.4333000e+04   5.1269531e+01
   9.4607000e+04   3.5644531e+01
   1.0226200e+05   5.5908203e+01
   1.1122200e+05   5.4687500e+01
   1.2114100e+05   5.8532715e+01
   1.2822200e+05   5.2795410e+01
   1.3733000e+05   5.3894043e+01
   1.4612500e+05   5.4260254e+01
   1.4643300e+05   4.2175293e+01
   1.5521700e+05   4.4250488e+01
   1.6465700e+05   5.8532715e+01
   1.7373300e+05   5.0415039e+01
   1.8180400e+05   5.6640625e+01
   1.9063800e+05   4.8034668e+01
   1.9461000e+05   4.8095703e+01
   2.0349700e+05   5.3833008e+01
   2.1456300e+05   6.1462402e+01
   2.1470100e+05   3.3996582e+01
   2.2057000e+05   6.5490723e+01
   2.3156800e+05   4.8339844e+01
   2.4083500e+05   5.2856445e+01
   2.5118900e+05   5.1391602e+01
   2.6088800e+05   5.5908203e+01
   2.6842200e+05   5.4382324e+01
   2.7419100e+05   4.6813965e+01
   2.8193300e+05   5.0292969e+01
   2.8920300e+05   5.6274414e+01
   2.9761900e+05   5.1086426e+01
   3.0792200e+05   5.5175781e+01
   3.2179200e+05   6.2927246e+01
   3.2897900e+05   5.3894043e+01
   3.2925000e+05   3.8085938e+01
   3.3791800e+05   5.1696777e+01
   3.4500700e+05   5.6823730e+01
   3.5292200e+05   6.2072754e+01
   3.6209500e+05   5.2734375e+01
   3.7076700e+05   5.9326172e+01
   3.7671200e+05   5.4565430e+01
   3.8444300e+05   5.5664063e+01
   3.9325900e+05   5.3588867e+01
   4.0445400e+05   5.4138184e+01
   4.1484500e+05   5.5969238e+01
   4.2313200e+05   5.1269531e+01
   4.2740000e+05   3.6621094e+01
   4.3677800e+05   5.7373047e+01
   4.4539100e+05   6.0058594e+01
   4.5340500e+05   5.9082031e+01
   4.6147800e+05   6.4208984e+01
   4.6983200e+05   5.3222656e+01
   4.7020000e+05   3.4057617e+01
   4.7965200e+05   5.5236816e+01
   4.9239000e+05   6.6040039e+01
   5.0491600e+05   4.9438477e+01
   5.1264700e+05   5.7128906e+01
   5.2505000e+05   5.7189941e+01
   5.3611700e+05   4.2053223e+01
   5.4692300e+05   5.7250977e+01
   5.4711200e+05   3.8574219e+01
   5.5764500e+05   6.7138672e+01
   5.6595200e+05   6.0058594e+01
   5.7618800e+05   5.5786133e+01
   5.7788400e+05   6.3293457e+01
   5.8738000e+05   5.5664063e+01
   5.9618200e+05   5.4016113e+01
   6.0437700e+05   5.6762695e+01
   6.1319000e+05   5.5114746e+01
   6.2309900e+05   6.1584473e+01
   6.3036200e+05   4.5227051e+01
   6.4021800e+05   5.2612305e+01
   6.4787900e+05   5.7922363e+01
   6.5478900e+05   5.1452637e+01
   6.6533400e+05   5.3344727e+01
   6.7305200e+05   5.5419922e+01
   6.8089200e+05   5.0903320e+01
   6.8887500e+05   5.4443359e+01
   6.9911200e+05   5.4504395e+01
   7.0513700e+05   5.8349609e+01
   7.1407000e+05   4.9499512e+01
   7.1970700e+05   5.5603027e+01
   7.2971000e+05   5.6091309e+01
   7.3634900e+05   5.7067871e+01
   7.4583800e+05   6.0302734e+01
   7.5439900e+05   6.3110352e+01
   7.6548000e+05   6.3842773e+01
   7.7422500e+05   5.0842285e+01
   7.8093100e+05   5.7312012e+01
   7.8845700e+05   4.3273926e+01
   7.9998400e+05   5.7067871e+01
   8.0898800e+05   5.5480957e+01
   8.1892200e+05   5.2612305e+01
   8.2611800e+05   5.2246094e+01
   8.3218000e+05   5.2001953e+01
   8.4448300e+05   4.6325684e+01
   8.5290200e+05   4.7058105e+01
   8.6041000e+05   5.7800293e+01
   8.6061200e+05   3.6071777e+01
   8.7092000e+05   4.7546387e+01
   8.8034000e+05   4.7058105e+01
   8.8399000e+05   5.6335449e+01
   8.9264200e+05   5.7312012e+01
   9.0008100e+05   5.4138184e+01
   9.0863300e+05   5.1086426e+01
   9.1531900e+05   5.6701660e+01
   9.2360900e+05   5.1696777e+01
   9.2995600e+05   5.3100586e+01
   9.3758400e+05   5.5053711e+01
   9.4456900e+05   5.5175781e+01
   9.5354900e+05   5.2185059e+01
   9.6176600e+05   5.1391602e+01
   9.7232500e+05   5.0903320e+01
   9.8043200e+05   5.4565430e+01
   9.8836800e+05   5.2856445e+01
   9.9645900e+05   5.8105469e+01
   1.0021360e+06   5.6823730e+01
   1.0102920e+06   5.7128906e+01
   1.0197570e+06   5.1452637e+01
   1.0278350e+06   5.8288574e+01
   1.0363540e+06   5.2978516e+01
   1.0476680e+06   5.6091309e+01
   1.0482940e+06   3.6682129e+01
   1.0571440e+06   5.9265137e+01
   1.0650640e+06   5.3894043e+01
   1.0730720e+06   5.2978516e+01
   1.0851990e+06   5.7800293e+01
   1.0968180e+06   6.0852051e+01
   1.1048840e+06   6.5734863e+01
   1.1160130e+06   6.6528320e+01
   1.1250090e+06   4.5288086e+01
   1.1325390e+06   5.2612305e+01
   1.1387990e+06   5.9692383e+01
   1.1490470e+06   4.4311523e+01
   1.1556100e+06   5.1330566e+01
   1.1641600e+06   4.9011230e+01
   1.1704300e+06   5.5847168e+01
   1.1784040e+06   5.8837891e+01
   1.1871240e+06   5.2734375e+01
   1.1950710e+06   5.3710938e+01
   1.2012410e+06   5.3283691e+01
   1.2138970e+06   5.0415039e+01
   1.2209070e+06   5.1391602e+01
   1.2281360e+06   5.4565430e+01
   1.2375400e+06   5.8776855e+01
   1.2385440e+06   4.5410156e+01
   1.2479010e+06   5.5908203e+01
   1.2565900e+06   5.4199219e+01
   1.2647050e+06   5.7983398e+01
   1.2725500e+06   5.3405762e+01
   1.2834090e+06   5.2551270e+01
   1.2922990e+06   5.8044434e+01
   1.2992100e+06   5.4687500e+01
   1.3076600e+06   6.8054199e+01
   1.3155490e+06   4.8339844e+01
   1.3232710e+06   5.0964355e+01
   1.3331230e+06   5.4138184e+01
   1.3423240e+06   5.1269531e+01
   1.3508500e+06   5.4321289e+01
   1.3587590e+06   6.3293457e+01
   1.3694170e+06   5.5908203e+01
   1.3758600e+06   5.5175781e+01
   1.3845950e+06   5.0354004e+01
   1.3926970e+06   5.9509277e+01
   1.3998730e+06   5.8288574e+01
   1.4074050e+06   5.8227539e+01
   1.4149270e+06   5.1574707e+01
   1.4224560e+06   5.7556152e+01
   1.4299850e+06   6.1096191e+01
   1.4376340e+06   5.6152344e+01
   1.4435170e+06   4.6875000e+01
   1.4437450e+06   3.3691406e+01
   1.4511700e+06   5.5053711e+01
   1.4595570e+06   5.2062988e+01
   1.4660980e+06   4.6936035e+01
   1.4764540e+06   6.4575195e+01
   1.4857040e+06   5.4260254e+01
   1.4858480e+06   3.6743164e+01
   1.4933240e+06   5.4504395e+01
   1.4998940e+06   6.0607910e+01
   1.5103820e+06   6.2316895e+01
   1.5200390e+06   4.8278809e+01
   1.5281930e+06   5.3649902e+01
   1.5379970e+06   5.9082031e+01
   1.5479540e+06   5.2917480e+01
   1.5555680e+06   5.7006836e+01
   1.5637690e+06   5.2246094e+01
   1.5723380e+06   5.6457520e+01
   1.5790100e+06   5.7617188e+01
   1.5869660e+06   4.9621582e+01
   1.5954320e+06   5.3894043e+01
   1.6033940e+06   5.5480957e+01
   1.6036490e+06   3.5949707e+01
   1.6128200e+06   6.1584473e+01
   1.6238460e+06   6.5307617e+01
   1.6310720e+06   5.4138184e+01
   1.6397630e+06   5.5297852e+01
   1.6505600e+06   5.6518555e+01
   1.6581540e+06   6.1584473e+01
   1.6655560e+06   6.0180664e+01
   1.6749430e+06   5.0903320e+01
   1.6842700e+06   5.0109863e+01
   1.6848880e+06   4.4921875e+01
   1.6935140e+06   5.1879883e+01
   1.7004390e+06   5.7678223e+01
   1.7087770e+06   4.8950195e+01
   1.7150700e+06   5.5236816e+01
   1.7208310e+06   6.7016602e+01
   1.7307280e+06   5.1391602e+01
   1.7385010e+06   5.3466797e+01
   1.7433770e+06   6.3110352e+01
   1.7505400e+06   4.8828125e+01
   1.7599830e+06   5.9204102e+01
   1.7683320e+06   4.7912598e+01
   1.7685150e+06   3.9123535e+01
   1.7763190e+06   5.1879883e+01
   1.7854560e+06   6.6650391e+01
   1.7949610e+06   5.4199219e+01
   1.7952250e+06   3.9550781e+01
   1.8038240e+06   5.7189941e+01
   1.8111070e+06   5.2368164e+01
   1.8183020e+06   5.8715820e+01
   1.8253470e+06   7.6232910e+01
   1.8370710e+06   6.8176270e+01
   1.8449730e+06   5.3710938e+01
   1.8510220e+06   5.5297852e+01
   1.8579100e+06   5.8044434e+01
   1.8706630e+06   5.1025391e+01
   1.8709280e+06   3.8513184e+01
   1.8795430e+06   5.7067871e+01
   1.8860230e+06   5.7128906e+01
   1.8931780e+06   5.4870605e+01
   1.9000940e+06   5.6518555e+01
   1.9087360e+06   5.9387207e+01
   1.9150060e+06   5.3771973e+01
   1.9224210e+06   5.0659180e+01
   1.9324970e+06   5.7800293e+01
   1.9406020e+06   5.4992676e+01
   1.9486890e+06   5.4931641e+01
   1.9586330e+06   6.0119629e+01
   1.9588050e+06   3.5339355e+01
   1.9657360e+06   5.3039551e+01
   1.9744450e+06   5.3344727e+01
   1.9818600e+06   5.7861328e+01
   1.9895320e+06   6.7565918e+01
   1.9993170e+06   4.7729492e+01
   2.0064350e+06   4.5959473e+01
   2.0161040e+06   6.1340332e+01
   2.0282460e+06   5.4077148e+01
   2.0374840e+06   4.9682617e+01
   2.0451210e+06   4.9804688e+01
   2.0548100e+06   5.7678223e+01
   2.0674890e+06   5.8715820e+01
   2.0791090e+06   5.6701660e+01
   2.0885120e+06   6.5490723e+01
   2.0969850e+06   6.1645508e+01
   2.1075240e+06   6.2683105e+01
   2.1214810e+06   5.2368164e+01
   2.1302470e+06   7.0617676e+01
   2.1373420e+06   5.7556152e+01
   2.1519770e+06   6.3415527e+01
   2.1585610e+06   6.2194824e+01
   2.1682860e+06   6.5612793e+01
   2.1684080e+06   3.4057617e+01
   2.1760120e+06   6.1523438e+01
   2.1836220e+06   5.6091309e+01
   2.1906440e+06   6.4575195e+01
   2.1999400e+06   5.5541992e+01
   2.2099060e+06   5.9936523e+01
   2.2200670e+06   6.2011719e+01
   2.2294440e+06   6.0974121e+01
   2.2393530e+06   7.3486328e+01
   2.2395200e+06   3.9855957e+01
   2.2490620e+06   5.9875488e+01
   2.2580870e+06   5.0170898e+01
   2.2583340e+06   3.8757324e+01
   2.2702220e+06   5.5603027e+01
   2.2781830e+06   5.6823730e+01
   2.2849920e+06   6.1462402e+01
   2.2922800e+06   6.6589355e+01
   2.3002800e+06   5.0659180e+01
   2.3005120e+06   3.9123535e+01
   2.3128960e+06   7.7453613e+01
   2.3211270e+06   6.5979004e+01
   2.3297530e+06   6.2805176e+01
   2.3390290e+06   6.0546875e+01
   2.3452980e+06   5.4626465e+01
   2.3544190e+06   6.0668945e+01
   2.3693030e+06   5.4321289e+01
   2.3840650e+06   5.7617188e+01
   2.3979970e+06   6.2805176e+01
   2.4077900e+06   5.2856445e+01
   2.4149160e+06   5.9204102e+01
   2.4233770e+06   5.4565430e+01
   2.4326090e+06   5.9448242e+01
   2.4435230e+06   6.0363770e+01
   2.4563370e+06   5.6762695e+01
   2.4671370e+06   5.7617188e+01
   2.4784780e+06   6.7626953e+01
   2.4786370e+06   3.4118652e+01
   2.4915330e+06   5.5297852e+01
   2.5026650e+06   6.3110352e+01
   2.5141110e+06   5.4321289e+01
   2.5218290e+06   6.1401367e+01
   2.5352220e+06   5.4321289e+01
   2.5354060e+06   3.9428711e+01
   2.5528380e+06   6.2255859e+01
   2.5749400e+06   6.1035156e+01
   2.5751660e+06   3.7231445e+01
   2.5754250e+06   3.7109375e+01
   2.5912460e+06   6.9152832e+01
   2.5914690e+06   4.2297363e+01
   2.6064450e+06   6.3842773e+01
   2.6220300e+06   7.1777344e+01
   2.6221600e+06   3.8085938e+01
   2.6481620e+06   6.7321777e+01
   2.6584090e+06   6.5734863e+01
   2.6586800e+06   4.5532227e+01
   2.6719690e+06   6.4147949e+01
   2.6828070e+06   6.1462402e+01
   2.6884180e+06   6.3415527e+01
   2.6886320e+06   3.8146973e+01
   2.7013870e+06   5.2795410e+01
   2.7175800e+06   6.4514160e+01
   2.7177540e+06   3.6865234e+01
   2.7255610e+06   6.4208984e+01
   2.7362180e+06   7.2021484e+01
   2.7476710e+06   6.3293457e+01
   2.7568480e+06   5.7861328e+01
   2.7658670e+06   5.9265137e+01
   2.7660030e+06   3.4851074e+01
   2.7780960e+06   6.1462402e+01
   2.7850620e+06   6.0241699e+01
   2.7962590e+06   6.8664551e+01
   2.8068700e+06   5.9570313e+01
   2.8070530e+06   3.8208008e+01
   2.8257310e+06   7.5195312e+01
   2.8394260e+06   6.6284180e+01
   2.8396400e+06   4.5166016e+01
   2.8539220e+06   5.2856445e+01
   2.8542060e+06   5.3405762e+01
   2.8772970e+06   6.6467285e+01
   2.8774680e+06   3.7841797e+01
   2.8923430e+06   5.7617188e+01
   2.8924910e+06   3.6254883e+01
   2.9141660e+06   6.2683105e+01
   2.9192960e+06   6.1950684e+01
   2.9356220e+06   5.6945801e+01
   2.9357890e+06   4.1625977e+01
   2.9553170e+06   5.8532715e+01
   2.9609580e+06   5.9936523e+01
   2.9826930e+06   6.6589355e+01
   2.9828610e+06   3.7597656e+01
   2.9997090e+06   5.7495117e+01
   3.0189410e+06   6.1889648e+01
   3.0335550e+06   6.6589355e+01
   3.0544650e+06   7.2692871e+01
   3.0732990e+06   6.8725586e+01
   3.0734530e+06   3.8024902e+01
   3.0971730e+06   6.7443848e+01
   3.0974710e+06   4.2236328e+01
   3.1237100e+06   6.8603516e+01
   3.1238420e+06   3.4851074e+01
   3.1459860e+06   6.0974121e+01
   3.1695820e+06   7.3791504e+01
   3.1952350e+06   6.5063477e+01
   3.1953820e+06   3.6621094e+01
   3.2050880e+06   6.5063477e+01
   3.2053170e+06   5.0109863e+01
   3.2177110e+06   5.9570312e+01
   3.2362570e+06   6.4147949e+01
   3.2544940e+06   6.0241699e+01
   3.2660030e+06   5.4931641e+01
   3.2753350e+06   6.3110352e+01
   3.2756150e+06   5.3466797e+01
   3.2960710e+06   5.4321289e+01
   3.2962280e+06   4.0100098e+01
   3.3137650e+06   6.4392090e+01
   3.3140200e+06   5.5969238e+01
   3.3252670e+06   6.6345215e+01
   3.3434810e+06   5.7128906e+01
   3.3437420e+06   4.9743652e+01
   3.3559270e+06   6.1523438e+01
   3.3560290e+06   3.9062500e+01
   3.3718320e+06   5.7983398e+01
   3.3719790e+06   3.4790039e+01
   3.3817520e+06   5.6823730e+01
   3.4126760e+06   6.9824219e+01
   3.4128780e+06   4.2602539e+01
   3.4267700e+06   6.4514160e+01
   3.4390530e+06   5.4931641e+01
   3.4513340e+06   5.9143066e+01
   3.4640550e+06   6.6345215e+01
   3.4642310e+06   3.9428711e+01
   3.4744600e+06   6.0119629e+01
   3.4885920e+06   5.5969238e+01
   3.5000660e+06   6.9519043e+01
   3.5002500e+06   3.6621094e+01
   3.5219750e+06   5.2978516e+01
   3.5221850e+06   4.5715332e+01
   3.5362440e+06   6.6467285e+01
   3.5364820e+06   4.6020508e+01
   3.5474250e+06   6.8176270e+01
   3.5693500e+06   7.1472168e+01
   3.5915880e+06   6.7504883e+01
   3.5918890e+06   5.0415039e+01
   3.6167340e+06   5.7434082e+01
   3.6170370e+06   4.4860840e+01
   3.6283000e+06   6.3781738e+01
   3.6432410e+06   5.7983398e+01
   3.6524090e+06   5.8532715e+01
   3.6656840e+06   6.1340332e+01
   3.6658070e+06   3.4729004e+01
   3.6717900e+06   6.6589355e+01
   3.6772080e+06   6.2377930e+01
   3.6853650e+06   6.4392090e+01
   3.6923350e+06   5.9814453e+01
   3.7072410e+06   6.4086914e+01
   3.7269940e+06   5.4504395e+01
   3.7272580e+06   3.7902832e+01
   3.7428130e+06   6.2744141e+01
   3.7541300e+06   5.6701660e+01
   3.7543030e+06   3.6926270e+01
   3.7716990e+06   6.0363770e+01
   3.7718330e+06   3.4912109e+01
   3.7841330e+06   6.4514160e+01
   3.7906120e+06   6.0607910e+01
   3.7907540e+06   3.4790039e+01
   3.8090340e+06   6.1035156e+01
   3.8242410e+06   6.5063477e+01
   3.8317030e+06   6.7077637e+01
   3.8448270e+06   6.2316895e+01
   3.8450030e+06   4.6936035e+01
   3.8597310e+06   5.7556152e+01
   3.8704170e+06   6.1950684e+01
   3.8836950e+06   6.4270020e+01
   3.8839260e+06   4.0893555e+01
   3.9214590e+06   6.2133789e+01
   3.9216670e+06   4.5898438e+01
   3.9385610e+06   6.4880371e+01
   3.9562520e+06   6.2622070e+01
   3.9606980e+06   5.8166504e+01
   3.9762900e+06   6.2133789e+01
   3.9900310e+06   6.4575195e+01
   4.0012980e+06   5.8898926e+01
   4.0014470e+06   3.5217285e+01
   4.0193340e+06   6.6711426e+01
   4.0215580e+06   5.8044434e+01
   4.0389400e+06   5.6396484e+01
   4.0443730e+06   3.3935547e+01
   4.0527400e+06   6.1706543e+01
   4.0528610e+06   3.7231445e+01
   4.0669980e+06   6.2988281e+01
   4.0803420e+06   6.4636230e+01
   4.0902710e+06   5.6762695e+01
   4.1166360e+06   3.4606934e+01
   4.1190270e+06   5.9448242e+01
   4.1505950e+06   6.4697266e+01
   4.1654330e+06   5.6762695e+01
   4.1656150e+06   4.1625977e+01
   4.1760740e+06   5.5847168e+01
   4.1913950e+06   6.1462402e+01
   4.1918700e+06   5.4992676e+01
   4.2088380e+06   7.1838379e+01
   4.2090670e+06   3.8574219e+01
   4.2273390e+06   6.1706543e+01
   4.2444800e+06   5.9936523e+01
   4.2446560e+06   3.5827637e+01
   4.2613690e+06   5.7739258e+01
   4.2615280e+06   4.6081543e+01
   4.2815410e+06   6.3415527e+01
   4.3156510e+06   5.9997559e+01
   4.3368380e+06   6.8054199e+01
   4.3631800e+06   6.5551758e+01
   4.3852300e+06   7.0373535e+01
   4.3954160e+06   6.3232422e+01
   4.4004760e+06   7.2143555e+01
   4.4154690e+06   6.5856934e+01
   4.4262990e+06   5.3100586e+01
   4.4446810e+06   6.8176270e+01
   4.4450150e+06   4.9987793e+01
   4.4589390e+06   6.3110352e+01
   4.4590800e+06   3.4790039e+01
   4.4770360e+06   5.8593750e+01
   4.5053670e+06   6.4453125e+01
   4.5055500e+06   3.6071777e+01
   4.5202610e+06   6.9946289e+01
   4.5204420e+06   3.7902832e+01
   4.5721110e+06   6.6894531e+01
   4.5723320e+06   4.5837402e+01
   4.6014160e+06   5.8105469e+01
   4.6016620e+06   4.0100098e+01
   4.6103080e+06   5.8227539e+01
   4.6311610e+06   5.9692383e+01
   4.6404360e+06   6.7871094e+01
   4.6645610e+06   6.6711426e+01
   4.6724630e+06   5.2734375e+01
   4.6938400e+06   7.0983887e+01
   4.7143390e+06   6.9946289e+01
   4.7144960e+06   3.9794922e+01
   4.7270090e+06   6.4941406e+01
   4.7273080e+06   4.3823242e+01
   4.7666440e+06   6.5368652e+01
   4.7669420e+06   5.2978516e+01
   4.7977950e+06   6.0913086e+01
   4.7979880e+06   3.9489746e+01
   4.8156790e+06   5.6335449e+01
   4.8158340e+06   3.7475586e+01
   4.8712230e+06   5.4565430e+01
   4.8895490e+06   5.9387207e+01
   4.8896800e+06   3.7841797e+01
   4.9106200e+06   6.7993164e+01
   4.9271690e+06   7.2387695e+01
   4.9420790e+06   7.8552246e+01
   4.9423070e+06   3.7048340e+01
   4.9520020e+06   6.7443848e+01
   4.9604150e+06   4.4372559e+01
   4.9715270e+06   6.4880371e+01
   4.9881810e+06   6.0119629e+01
   4.9937130e+06   5.9020996e+01
   4.9938900e+06   4.7912598e+01
   5.0113590e+06   5.6030273e+01
   5.0348690e+06   6.7504883e+01
   5.0973250e+06   6.5124512e+01
   5.1374810e+06   7.1044922e+01
   5.1412410e+06   6.9091797e+01
   5.1597500e+06   6.4270020e+01
   5.1898790e+06   5.8105469e+01
   5.2041480e+06   6.9396973e+01
   5.2175990e+06   6.2744141e+01
   5.2178570e+06   3.7719727e+01
   5.2695650e+06   6.2866211e+01
   5.2889130e+06   6.9152832e+01
   5.3631640e+06   6.4392090e+01
   5.4225950e+06   6.2683105e+01
   5.4340300e+06   5.8288574e+01
   5.4515420e+06   5.8959961e+01
   5.4888710e+06   7.0373535e+01
   5.4890010e+06   4.2114258e+01
   5.5095250e+06   7.2937012e+01
   5.5311660e+06   6.6589355e+01
   5.5313100e+06   3.8085938e+01
   5.5459900e+06   6.7626953e+01
   5.5630620e+06   6.4453125e+01
   5.5775710e+06   6.4941406e+01
   5.5892980e+06   6.6528320e+01
   5.6387240e+06   5.9448242e+01
   5.6671780e+06   6.4270020e+01
   5.6841700e+06   6.6528320e+01
   5.7336470e+06   5.8959961e+01
   5.7349330e+06   5.7861328e+01
   5.7760710e+06   6.0668945e+01
   5.7957590e+06   6.8176270e+01
   5.7959590e+06   3.8269043e+01
   5.8444630e+06   7.3303223e+01
   5.8446310e+06   3.5156250e+01
   5.8802950e+06   6.5246582e+01
   5.8804680e+06   4.1503906e+01
   5.9610070e+06   6.4819336e+01
   5.9790530e+06   6.7810059e+01
   5.9791930e+06   4.0344238e+01
   6.0044170e+06   6.4697266e+01
   6.0046600e+06   5.1635742e+01
   6.0550430e+06   5.6762695e+01
   6.0843670e+06   6.5063477e+01
   6.1161780e+06   5.9020996e+01
   6.1163430e+06   3.3691406e+01
   6.1378420e+06   7.4218750e+01
   6.1520190e+06   6.8786621e+01
   6.1630670e+06   6.2744141e+01
   6.1799340e+06   3.4118652e+01
   6.1822800e+06   6.3293457e+01
   6.1937190e+06   6.3415527e+01
   6.2030020e+06   6.8298340e+01
   6.2031290e+06   3.6376953e+01
   6.2234230e+06   7.1655273e+01
   6.2359110e+06   6.5551758e+01
   6.2641680e+06   6.7443848e+01
   6.2712090e+06   6.4331055e+01
   6.2714350e+06   4.3945313e+01
   6.2826550e+06   5.1818848e+01
   6.2828240e+06   3.6437988e+01
   6.3194390e+06   6.4331055e+01
   6.3195860e+06   4.2236328e+01
   6.3342810e+06   6.7810059e+01
   6.3697180e+06   5.8837891e+01
   6.3804200e+06   5.9265137e+01
   6.3958260e+06   6.3659668e+01
   6.4076980e+06   5.1391602e+01
   6.4262580e+06   6.6406250e+01
   6.4437650e+06   6.6162109e+01
   6.4439880e+06   3.9245605e+01
   6.4531220e+06   5.8349609e+01
   6.4610620e+06   6.4208984e+01
   6.4725540e+06   6.0424805e+01
   6.4864180e+06   6.8969727e+01
   6.4929240e+06   5.6213379e+01
   6.5049240e+06   6.9763184e+01
   6.5196980e+06   6.1340332e+01
   6.5494560e+06   7.0922852e+01
   6.5793780e+06   6.2133789e+01
   6.5795970e+06   5.0476074e+01
   6.5922300e+06   6.5673828e+01
   6.5923820e+06   3.5766602e+01
   6.6090380e+06   6.5612793e+01
   6.6092130e+06   3.7353516e+01
   6.6206720e+06   7.2448730e+01
   6.6275290e+06   5.8166504e+01
   6.6351620e+06   6.7626953e+01
   6.6483820e+06   6.0180664e+01
   6.6485990e+06   3.7475586e+01
   6.6611900e+06   6.1584473e+01
   6.6613330e+06   4.3334961e+01
   6.6717200e+06   5.3649902e+01
   6.6762190e+06   5.4565430e+01
   6.7038880e+06   6.2927246e+01
   6.7041940e+06   4.4006348e+01
   6.7202940e+06   5.2978516e+01
   6.7204590e+06   3.9794922e+01
   6.7378090e+06   7.0312500e+01
   6.7379870e+06   4.0100098e+01
   6.7440030e+06   6.3720703e+01
   6.7525740e+06   6.2866211e+01
   6.7663320e+06   6.3232422e+01
   6.7740460e+06   6.3415527e+01
   6.7918510e+06   5.1147461e+01
   6.7920210e+06   3.7536621e+01
   6.8043750e+06   6.9458008e+01
   6.8107420e+06   6.3293457e+01
   6.8174130e+06   6.5795898e+01
   6.8381810e+06   6.6162109e+01
   6.8383610e+06   3.7048340e+01
   6.8475730e+06   3.6010742e+01
   6.8578910e+06   6.7626953e+01
   6.8646900e+06   5.3100586e+01
   6.8734360e+06   6.5307617e+01
   6.8790130e+06   5.2856445e+01
   6.8876490e+06   5.9020996e+01
   6.8933460e+06   6.7016602e+01
   6.8998410e+06   6.1523438e+01
   6.9000150e+06   3.6804199e+01
   6.9138800e+06   6.5734863e+01
   6.9140600e+06   4.1748047e+01
   6.9224570e+06   5.8593750e+01
   6.9310240e+06   6.4819336e+01
   6.9311540e+06   3.4606934e+01
   6.9383930e+06   5.8410645e+01
   6.9457540e+06   6.0974121e+01
   6.9572640e+06   6.7199707e+01
   6.9574060e+06   4.2358398e+01
   6.9723010e+06   6.2377930e+01
   6.9736860e+06   6.5246582e+01
   6.9881380e+06   6.6772461e+01
   6.9968480e+06   5.9753418e+01
   6.9971860e+06   4.4189453e+01
   7.0025360e+06   6.6955566e+01
   7.0093180e+06   5.3283691e+01
   7.0288180e+06   5.6457520e+01
   7.0444250e+06   7.0861816e+01
   7.0560850e+06   6.3232422e+01
   7.0617280e+06   6.0852051e+01
   7.0674980e+06   6.4941406e+01
   7.0743900e+06   5.7434082e+01
   7.0745260e+06   3.6437988e+01
   7.0844630e+06   6.5795898e+01
   7.0937600e+06   5.1391602e+01
   7.0940190e+06   3.7780762e+01
   7.1101060e+06   6.3354492e+01
   7.1102820e+06   3.7963867e+01
   7.1200480e+06   6.1340332e+01
   7.1252250e+06   5.8715820e+01
   7.1254610e+06   4.1259766e+01
   7.1387610e+06   6.0913086e+01
   7.1483510e+06   5.5114746e+01
   7.1588810e+06   6.6589355e+01
   7.1756940e+06   6.6223145e+01
   7.1876660e+06   6.4575195e+01
   7.1879430e+06   3.9733887e+01
   7.1972990e+06   6.8115234e+01
   7.2112700e+06   6.1340332e+01
   7.2223660e+06   5.2246094e+01
   7.2332490e+06   5.6945801e+01
   7.2428700e+06   6.7810059e+01
   7.2463070e+06   5.3161621e+01
   7.2643740e+06   5.9020996e+01
   7.2731690e+06   7.1594238e+01
   7.2769690e+06   5.9692383e+01
   7.2921300e+06   7.5622559e+01
   7.3043140e+06   5.9082031e+01
   7.3132850e+06   5.7617188e+01
   7.3250350e+06   5.5786133e+01
   7.3346210e+06   6.5307617e+01
   7.3456560e+06   6.0119629e+01
   7.3519020e+06   6.0302734e+01
   7.3606570e+06   6.2561035e+01
   7.3640790e+06   5.2978516e+01
   7.3767550e+06   5.7495117e+01
   7.3843210e+06   5.9875488e+01
   7.3931300e+06   5.4931641e+01
   7.4082120e+06   5.8044434e+01
   7.4143710e+06   6.6528320e+01
   7.4223160e+06   6.7504883e+01
   7.4351240e+06   5.9875488e+01
   7.4430740e+06   6.9519043e+01
   7.4554010e+06   5.7678223e+01
   7.4556090e+06   3.7658691e+01
   7.4645990e+06   6.4636230e+01
   7.4655480e+06   4.7912598e+01
   7.4766180e+06   5.7617188e+01
   7.4857690e+06   5.7800293e+01
   7.5039010e+06   6.0913086e+01
   7.5135070e+06   5.5664062e+01
   7.5242140e+06   6.6040039e+01
   7.5295360e+06   6.5246582e+01
   7.5380040e+06   7.4279785e+01
   7.5381730e+06   3.6743164e+01
   7.5457110e+06   5.6335449e+01
   7.5458390e+06   3.6254883e+01
   7.5579270e+06   5.8410645e+01
   7.5656860e+06   5.7617188e+01
   7.5753070e+06   4.8950195e+01
   7.5823630e+06   6.4941406e+01
   7.5932980e+06   6.0180664e+01
   7.5934370e+06   3.6132812e+01
   7.6078750e+06   6.9702148e+01
   7.6080460e+06   3.8696289e+01
   7.6202640e+06   6.4147949e+01
   7.6301830e+06   6.0913086e+01
   7.6364460e+06   5.6945801e+01
   7.6432790e+06   6.6772461e+01
   7.6560500e+06   6.8359375e+01
   7.6618420e+06   5.7312012e+01
   7.6697110e+06   5.0964355e+01
   7.6795030e+06   5.2368164e+01
   7.6796960e+06   3.6010742e+01
   7.6872940e+06   6.9213867e+01
   7.7018420e+06   6.2561035e+01
   7.7020210e+06   3.8024902e+01
   7.7083860e+06   5.4626465e+01
   7.7166050e+06   6.0424805e+01
   7.7168410e+06   4.1992188e+01
   7.7257070e+06   5.3344727e+01
   7.7258960e+06   4.6081543e+01
   7.7334650e+06   6.1645508e+01
   7.7459950e+06   5.3100586e+01
   7.7624920e+06   6.3781738e+01
   7.7679050e+06   6.0058594e+01
   7.7680570e+06   3.5644531e+01
   7.7803290e+06   6.3171387e+01
   7.7842530e+06   5.7739258e+01
   7.7925560e+06   5.0781250e+01
   7.8056850e+06   5.4809570e+01
   7.8114010e+06   5.6091309e+01
   7.8196120e+06   6.0485840e+01
   7.8324250e+06   5.6884766e+01
   7.8326190e+06   3.3752441e+01
   7.8408940e+06   5.9814453e+01
   7.8505510e+06   5.5969238e+01
   7.8506700e+06   3.6682129e+01
   7.8524430e+06   3.4912109e+01
   7.8594350e+06   5.8471680e+01
   7.8659370e+06   4.9987793e+01
   7.8755560e+06   5.0781250e+01
   7.8764390e+06   5.0964355e+01
   7.8864590e+06   6.0913086e+01
   7.8952650e+06   5.9387207e+01
   7.9048350e+06   5.3039551e+01
   7.9117150e+06   5.3466797e+01
   7.9211630e+06   6.0180664e+01
   7.9266580e+06   6.8176270e+01
   7.9369910e+06   5.5603027e+01
   7.9443140e+06   6.8359375e+01
   7.9479660e+06   4.9255371e+01
   7.9481250e+06   3.6315918e+01
   7.9580870e+06   4.4982910e+01
   7.9693520e+06   6.8115234e+01
   7.9772960e+06   5.4931641e+01
   7.9876460e+06   6.0424805e+01
   7.9989620e+06   6.4086914e+01
   8.0028170e+06   4.2358398e+01
   8.0111260e+06   6.3354492e+01
   8.0209580e+06   6.1279297e+01
   8.0212060e+06   3.9367676e+01
   8.0355160e+06   5.5725098e+01
   8.0419070e+06   5.8471680e+01
   8.0508010e+06   5.6274414e+01
   8.0509920e+06   3.5339355e+01
   8.0632670e+06   6.5429688e+01
   8.0635180e+06   4.6875000e+01
   8.0781170e+06   6.5002441e+01
   8.0783660e+06   3.6132813e+01
   8.0885000e+06   7.1289062e+01
   8.0918320e+06   4.8034668e+01
   8.1048690e+06   5.4199219e+01
   8.1114270e+06   5.5236816e+01
   8.1239630e+06   6.7260742e+01
   8.1241630e+06   3.4973145e+01
   8.1327610e+06   6.7016602e+01
   8.1445480e+06   5.5053711e+01
   8.1550350e+06   6.5368652e+01
   8.1670720e+06   5.9631348e+01
   8.1672950e+06   3.9489746e+01
   8.1756110e+06   6.0119629e+01
   8.1826360e+06   4.5227051e+01
   8.1901170e+06   6.3354492e+01
   8.1961510e+06   4.9621582e+01
   8.2099180e+06   5.1696777e+01
   8.2171050e+06   6.0058594e+01
   8.2231170e+06   5.8349609e+01
   8.2311870e+06   5.8776855e+01
   8.2383710e+06   6.6101074e+01
   8.2385180e+06   3.5705566e+01
   8.2546130e+06   6.0546875e+01
   8.2626280e+06   6.1950684e+01
   8.2696390e+06   5.7495117e+01
   8.2792180e+06   5.4626465e+01
   8.2894250e+06   5.7983398e+01
   8.2996950e+06   5.2734375e+01
   8.3070290e+06   6.0852051e+01
   8.3073250e+06   4.1625977e+01
   8.3125260e+06   3.5400391e+01
   8.3178190e+06   5.7800293e+01
   8.3266500e+06   6.1523438e+01
   8.3349050e+06   6.5307617e+01
   8.3422830e+06   6.5185547e+01
   8.3544730e+06   5.5786133e+01
   8.3614960e+06   5.3894043e+01
   8.3724970e+06   6.3476562e+01
   8.3778790e+06   6.0363770e+01
   8.3923770e+06   6.2255859e+01
   8.3978750e+06   6.1279297e+01
   8.4045600e+06   5.7250977e+01
   8.4201580e+06   5.6152344e+01
   8.4308460e+06   6.0913086e+01
   8.4374640e+06   7.3059082e+01
   8.4469190e+06   6.1218262e+01
   8.4568610e+06   5.4321289e+01
   8.4570940e+06   4.2602539e+01
   8.4654740e+06   5.5297852e+01
   8.4723620e+06   5.7617188e+01
   8.4846100e+06   6.5795898e+01
   8.4923170e+06   5.6213379e+01
   8.4925030e+06   3.6987305e+01
   8.5030900e+06   6.9213867e+01
   8.5086200e+06   3.3935547e+01
   8.5143520e+06   6.1584473e+01
   8.5214630e+06   5.8105469e+01
   8.5276940e+06   5.8288574e+01
   8.5364150e+06   5.9020996e+01
   8.5365350e+06   3.4118652e+01
   8.5465490e+06   5.7678223e+01
   8.5544600e+06   5.3527832e+01
   8.5601530e+06   6.1645508e+01
   8.5688300e+06   5.3771973e+01
   8.5874610e+06   5.1574707e+01
   8.5951400e+06   5.4443359e+01
   8.6040120e+06   5.9875488e+01
   8.6144930e+06   6.8786621e+01
   8.6233010e+06   5.1452637e+01
   8.6335290e+06   5.8166504e+01
   8.6424350e+06   5.7189941e+01
   8.6551340e+06   6.0058594e+01
   8.6658900e+06   5.3405762e+01
   8.6746560e+06   5.6152344e+01
   8.6871030e+06   5.4260254e+01
   8.6922710e+06   5.6701660e+01
   8.6969060e+06   5.6640625e+01
   8.7060170e+06   6.8298340e+01
   8.7064730e+06   3.5766602e+01
   8.7187870e+06   6.8115234e+01
   8.7216400e+06   5.4077148e+01
   8.7259420e+06   5.2795410e+01
   8.7346490e+06   5.4687500e+01
   8.7460960e+06   5.1757812e+01
   8.7522400e+06   5.0354004e+01
   8.7630990e+06   7.2265625e+01
   8.7632630e+06   3.7902832e+01
   8.7704030e+06   5.8471680e+01
   8.7706190e+06   3.4118652e+01
   8.7778090e+06   5.8410645e+01
   8.7840140e+06   5.7373047e+01
   8.7932850e+06   5.2612305e+01
   8.8043380e+06   6.0058594e+01
   8.8161930e+06   6.2866211e+01
   8.8269200e+06   6.3598633e+01
   8.8385320e+06   6.0058594e+01
   8.8387010e+06   3.5766602e+01
   8.8439860e+06   6.2377930e+01
   8.8491390e+06   4.2785645e+01
   8.8559180e+06   5.1086426e+01
   8.8660420e+06   6.0668945e+01
   8.8715660e+06   4.5837402e+01
   8.8759760e+06   5.7739258e+01
   8.8862500e+06   5.5358887e+01
   8.8991630e+06   6.1889648e+01
   8.9071220e+06   4.8522949e+01
   8.9145920e+06   5.5908203e+01
   8.9242160e+06   5.9387207e+01
   8.9334620e+06   5.2368164e+01
   8.9401110e+06   5.6701660e+01
   8.9434220e+06   6.0424805e+01
   8.9501370e+06   6.7260742e+01
   8.9581830e+06   6.3110352e+01
   8.9651870e+06   5.1574707e+01
   8.9716130e+06   5.2795410e+01
   8.9829360e+06   6.2438965e+01
   8.9936570e+06   4.6508789e+01
   8.9941550e+06   5.8654785e+01
