   8.9990000e+06   0.0000000e+00
   3.3529000e+05   3.2836914e+01
   8.0624500e+05   3.2165527e+01
   8.6971700e+05   3.2165527e+01
   1.8004180e+06   3.1921387e+01
   1.8182880e+06   3.3752441e+01
   1.8947370e+06   3.2714844e+01
   1.9539520e+06   3.2897949e+01
   2.0513190e+06   3.2226563e+01
   2.2317280e+06   3.4484863e+01
   2.4173690e+06   3.2409668e+01
   2.7256530e+06   3.1982422e+01
   2.8360480e+06   3.4484863e+01
   3.1806810e+06   3.2287598e+01
   3.4219270e+06   3.3142090e+01
   3.6240670e+06   3.3203125e+01
   4.7909620e+06   3.3142090e+01
   4.9503050e+06   3.2348633e+01
   5.0235570e+06   3.3325195e+01
   5.0490880e+06   3.2226562e+01
   5.0637290e+06   3.2226562e+01
   5.3726200e+06   3.2287598e+01
   5.4429210e+06   3.2836914e+01
   5.4585080e+06   3.4118652e+01
   5.5089330e+06   3.5339355e+01
   5.5258430e+06   3.2897949e+01
   5.5810580e+06   3.2714844e+01
   5.6892780e+06   3.2226562e+01
   5.8622940e+06   3.3752441e+01
   5.9809390e+06   3.3630371e+01
   6.1527840e+06   3.2104492e+01
   6.4407680e+06   3.3447266e+01
   6.4544180e+06   3.3081055e+01
   6.5291460e+06   3.2592773e+01
   6.6799880e+06   3.1921387e+01
   6.8602780e+06   3.2592773e+01
   6.9076260e+06   3.4179688e+01
   7.1036490e+06   3.4240723e+01
   7.1244630e+06   3.1921387e+01
   7.5479950e+06   3.3691406e+01
   7.5609130e+06   3.1982422e+01
   7.6479860e+06   3.3203125e+01
   7.7172010e+06   3.5095215e+01
   7.7973340e+06   3.1982422e+01
   8.0598130e+06   3.1982422e+01
   8.0882360e+06   3.2653809e+01
   8.1955290e+06   3.2348633e+01
   8.3275590e+06   3.1921387e+01
   8.6287330e+06   3.4179688e+01
   8.9396740e+06   3.8452148e+01
