   8.9990000e+06   0.0000000e+00
   3.2747200e+05   3.4912109e+01
   4.8462700e+05   3.5339355e+01
   9.6833300e+05   3.4912109e+01
   1.0069540e+06   3.5156250e+01
   1.4083460e+06   3.6010742e+01
   1.4984010e+06   3.5156250e+01
   1.8540620e+06   3.6376953e+01
   2.0673040e+06   3.5217285e+01
   2.1727960e+06   3.8391113e+01
   2.4328370e+06   3.4973145e+01
   2.4519200e+06   3.6071777e+01
   2.6792370e+06   3.5827637e+01
   2.7742110e+06   3.4851074e+01
   2.9177510e+06   3.6010742e+01
   3.1524030e+06   3.6071777e+01
   3.2028450e+06   3.6193848e+01
   3.2923010e+06   3.9672852e+01
   3.3111250e+06   3.8085938e+01
   3.5197500e+06   3.4912109e+01
   3.8201150e+06   3.5095215e+01
   3.9369540e+06   3.5339355e+01
   4.2020170e+06   3.4790039e+01
   4.2178220e+06   3.6499023e+01
   4.6465020e+06   3.5278320e+01
   4.9108350e+06   6.0119629e+01
   5.1735700e+06   3.6376953e+01
   5.3428350e+06   3.5522461e+01
   5.8034700e+06   3.9123535e+01
   5.9528080e+06   3.5156250e+01
   6.1507070e+06   3.4973145e+01
   6.2193500e+06   3.5217285e+01
   6.8176620e+06   3.5339355e+01
   6.8911340e+06   3.4790039e+01
   7.2323200e+06   3.4912109e+01
   7.3230630e+06   3.5034180e+01
   7.7578890e+06   3.6560059e+01
   7.7706880e+06   3.5034180e+01
   7.9679600e+06   3.6010742e+01
   8.2411730e+06   3.6926270e+01
   8.6321460e+06   3.7963867e+01
