   8.9990000e+06   0.0000000e+00
   6.7230000e+03   3.8085938e+01
   7.8930000e+03   8.1909180e+01
   8.2780000e+03   7.7697754e+01
   9.3190000e+03   6.5246582e+01
   9.4790000e+03   4.3762207e+01
   2.0106000e+04   9.4421387e+01
   2.1083000e+04   4.4311523e+01
   2.1553000e+04   7.4340820e+01
   2.1966000e+04   7.4584961e+01
   2.2161000e+04   4.3701172e+01
   2.9071000e+04   4.3029785e+01
   3.2537000e+04   6.7810059e+01
   3.4214000e+04   6.8115234e+01
   3.9279000e+04   7.2082520e+01
   4.1759000e+04   4.3090820e+01
   4.6351000e+04   7.9528809e+01
   4.6515000e+04   6.1035156e+01
   4.6660000e+04   4.2236328e+01
   5.0578000e+04   4.0771484e+01
   6.3632000e+04   9.6557617e+01
   6.7515000e+04   8.5693359e+01
   7.2146000e+04   8.0810547e+01
   7.8786000e+04   7.8491211e+01
   7.9079000e+04   7.1472168e+01
   7.9267000e+04   5.3283691e+01
   7.9422000e+04   4.0039062e+01
   8.0800000e+04   4.2236328e+01
   9.9164000e+04   8.8378906e+01
   1.0137400e+05   5.3222656e+01
   1.0209600e+05   7.4096680e+01
   1.0396400e+05   7.8369141e+01
   1.0455900e+05   6.2866211e+01
   1.0480200e+05   5.0292969e+01
   1.0903400e+05   4.3151855e+01
   1.2003600e+05   8.0078125e+01
   1.2954600e+05   8.5937500e+01
   1.3364700e+05   8.1359863e+01
   1.3390200e+05   6.9396973e+01
   1.3427100e+05   5.1208496e+01
   1.3442300e+05   4.0954590e+01
   1.3686700e+05   4.4494629e+01
   1.4881900e+05   4.3090820e+01
   1.5234800e+05   8.9050293e+01
   1.5455600e+05   8.8378906e+01
   1.5711700e+05   7.5439453e+01
   1.6116600e+05   4.2175293e+01
   1.6726300e+05   9.1857910e+01
   1.6971400e+05   8.0261230e+01
   1.6997300e+05   6.7138672e+01
   1.7361900e+05   4.1748047e+01
   1.7660900e+05   8.4777832e+01
   1.8002400e+05   7.1166992e+01
   1.8081600e+05   4.8583984e+01
   1.8209400e+05   8.0444336e+01
   1.8232200e+05   4.6997070e+01
   1.8249100e+05   4.0466309e+01
   1.8713500e+05   4.8156738e+01
   1.9716700e+05   8.4716797e+01
   2.0455600e+05   3.6621094e+01
   2.0653500e+05   8.5205078e+01
   2.1307700e+05   3.8330078e+01
   2.1451000e+05   8.4533691e+01
   2.1484800e+05   7.7514648e+01
   2.1513400e+05   6.9396973e+01
   2.2985800e+05   9.1674805e+01
   2.3190100e+05   8.4228516e+01
   2.3209300e+05   6.6345215e+01
   2.3232900e+05   4.7180176e+01
   2.3235400e+05   3.9306641e+01
   2.3258900e+05   4.0954590e+01
   2.4251000e+05   8.7097168e+01
   2.4667900e+05   7.4157715e+01
   2.5398300e+05   3.7109375e+01
   2.5572200e+05   8.8317871e+01
   2.5841200e+05   8.4411621e+01
   2.5893000e+05   6.7138672e+01
   2.5909400e+05   5.4870605e+01
   2.5935300e+05   4.2480469e+01
   2.7501900e+05   4.0466309e+01
   2.7977200e+05   8.0139160e+01
   2.8552200e+05   8.7951660e+01
   2.8694900e+05   7.0251465e+01
   2.8719500e+05   5.5786133e+01
   2.8721000e+05   4.5471191e+01
   2.9307600e+05   8.1726074e+01
   2.9339500e+05   4.0344238e+01
   3.0435100e+05   8.7036133e+01
   3.0476400e+05   6.6650391e+01
   3.0580400e+05   4.7851563e+01
   3.0689900e+05   7.4707031e+01
   3.1297900e+05   8.1237793e+01
   3.1350300e+05   7.4645996e+01
   3.1383000e+05   5.9631348e+01
   3.1401800e+05   4.2175293e+01
   3.2474400e+05   4.1992188e+01
   3.3372000e+05   3.8330078e+01
   3.3393600e+05   8.8195801e+01
   3.4071500e+05   8.4228516e+01
   3.4189800e+05   7.8613281e+01
   3.4560600e+05   8.6059570e+01
   3.4767400e+05   7.4035645e+01
   3.4858700e+05   4.3640137e+01
   3.5735200e+05   8.4167480e+01
   3.5776300e+05   4.1931152e+01
   3.6005000e+05   7.8857422e+01
   3.6307600e+05   7.2814941e+01
   3.6347600e+05   7.5378418e+01
   3.6364700e+05   4.2724609e+01
   3.6949600e+05   4.5349121e+01
   3.7723000e+05   9.6984863e+01
   3.7833300e+05   4.0466309e+01
   3.8117400e+05   8.4228516e+01
   3.8166400e+05   7.1350098e+01
   3.8188400e+05   5.8166504e+01
   3.8209000e+05   4.1992188e+01
   3.8694400e+05   5.2307129e+01
   3.9721500e+05   3.7353516e+01
   4.0229500e+05   9.0881348e+01
   4.0885400e+05   9.0148926e+01
   4.1034000e+05   4.8278809e+01
   4.1129300e+05   7.7087402e+01
   4.1291600e+05   7.6477051e+01
   4.1331700e+05   7.5439453e+01
   4.1594100e+05   7.3547363e+01
   4.2408000e+05   8.0871582e+01
   4.2430500e+05   6.4941406e+01
   4.2461200e+05   6.0302734e+01
   4.2494300e+05   5.0170898e+01
   4.2509200e+05   4.0283203e+01
   4.2521300e+05   4.2846680e+01
   4.3573800e+05   4.4067383e+01
   4.4661700e+05   4.0039062e+01
   4.4709900e+05   9.1613770e+01
   4.4880000e+05   8.0566406e+01
   4.5726600e+05   9.3322754e+01
   4.6093000e+05   8.1115723e+01
   4.6450700e+05   7.3974609e+01
   4.6483300e+05   7.7148438e+01
   4.6503300e+05   4.3579102e+01
   4.6650700e+05   3.9978027e+01
   4.7386700e+05   7.7453613e+01
   4.7428400e+05   7.6904297e+01
   4.8149500e+05   4.0466309e+01
   4.8236900e+05   9.4970703e+01
   4.8618700e+05   4.2541504e+01
   4.8680600e+05   4.3518066e+01
   4.8958000e+05   7.8674316e+01
   4.9028300e+05   6.9458008e+01
   4.9046800e+05   4.7851563e+01
   4.9439200e+05   4.0771484e+01
   5.0846900e+05   5.2734375e+01
   5.1008000e+05   9.3627930e+01
   5.1743400e+05   8.5693359e+01
   5.1805200e+05   3.9306641e+01
   5.2117300e+05   8.7036133e+01
   5.2146900e+05   5.0903320e+01
   5.2935000e+05   8.9416504e+01
   5.3402700e+05   8.3312988e+01
   5.3645800e+05   8.5937500e+01
   5.3667300e+05   6.2011719e+01
   5.3701600e+05   6.3598633e+01
   5.5121400e+05   4.0771484e+01
   5.5664200e+05   9.4360352e+01
   5.5736300e+05   7.8918457e+01
   5.5798300e+05   6.1096191e+01
   5.6435100e+05   3.7353516e+01
   5.7444500e+05   9.2773438e+01
   5.7610800e+05   7.5317383e+01
   5.7645300e+05   6.5063477e+01
   5.7673100e+05   7.2082520e+01
   5.7693900e+05   4.4799805e+01
   5.7861600e+05   4.0344238e+01
   5.9232700e+05   4.0405273e+01
   5.9463300e+05   8.2580566e+01
   5.9726200e+05   7.5256348e+01
   5.9806400e+05   7.5561523e+01
   5.9836400e+05   6.1157227e+01
   6.0267400e+05   4.2419434e+01
   6.1037000e+05   8.6914062e+01
   6.1084400e+05   7.7819824e+01
   6.1107200e+05   6.4331055e+01
   6.1159100e+05   5.6213379e+01
   6.1554900e+05   4.1809082e+01
   6.3008000e+05   8.6791992e+01
   6.3025600e+05   4.9377441e+01
   6.3473500e+05   8.8684082e+01
   6.3491900e+05   6.5368652e+01
   6.3515200e+05   5.4382324e+01
   6.3535800e+05   3.8635254e+01
   6.4027400e+05   3.6621094e+01
   6.5178800e+05   8.4533691e+01
   6.5536300e+05   4.1198730e+01
   6.6428600e+05   8.6242676e+01
   6.6503000e+05   8.6425781e+01
   6.6526400e+05   6.7749023e+01
   6.6594200e+05   6.1340332e+01
   6.6640900e+05   5.9631348e+01
   6.7063300e+05   3.8513184e+01
   6.8509900e+05   3.9428711e+01
   6.9170300e+05   4.4494629e+01
   6.9430700e+05   7.9101562e+01
   6.9801800e+05   8.5571289e+01
   6.9976300e+05   8.2580566e+01
   7.0395800e+05   7.7270508e+01
   7.0486100e+05   4.7607422e+01
   7.0570300e+05   8.6425781e+01
   7.0939800e+05   8.1176758e+01
   7.1003100e+05   6.2805176e+01
   7.1021600e+05   4.7607422e+01
   7.1534400e+05   4.7668457e+01
   7.2738000e+05   9.6557617e+01
   7.3092600e+05   4.5593262e+01
   7.3893100e+05   8.2885742e+01
   7.4075200e+05   8.3007812e+01
   7.4102300e+05   7.0739746e+01
   7.4118500e+05   4.6691895e+01
   7.4159400e+05   4.3579102e+01
   7.4199200e+05   6.2866211e+01
   7.4216400e+05   4.0466309e+01
   7.6115800e+05   9.4726562e+01
   7.6175900e+05   5.1086426e+01
   7.6459600e+05   8.0261230e+01
   7.6841800e+05   7.2631836e+01
   7.7137600e+05   8.1726074e+01
   7.7171500e+05   7.2814941e+01
   7.7263400e+05   7.0129395e+01
   7.7280000e+05   4.3823242e+01
   7.7944100e+05   4.3457031e+01
   7.8991800e+05   8.2336426e+01
   7.9019900e+05   8.2641602e+01
   7.9081900e+05   4.1870117e+01
   7.9830100e+05   8.3068848e+01
   8.0244300e+05   8.5449219e+01
   8.0645200e+05   4.0222168e+01
   8.1039700e+05   9.1491699e+01
   8.1316700e+05   7.9040527e+01
   8.1578200e+05   7.8186035e+01
   8.1652200e+05   7.6477051e+01
   8.1682500e+05   6.9335938e+01
   8.1701500e+05   4.5471191e+01
   8.2889900e+05   4.4555664e+01
   8.3690200e+05   1.0296631e+02
   8.4004100e+05   5.3161621e+01
   8.4055700e+05   6.0119629e+01
   8.4719400e+05   8.3251953e+01
   8.5494600e+05   8.1176758e+01
   8.5698100e+05   4.2663574e+01
   8.5832200e+05   7.9345703e+01
   8.6095600e+05   5.8044434e+01
   8.6153600e+05   7.7209473e+01
   8.6177900e+05   5.8288574e+01
   8.6200300e+05   4.6447754e+01
   8.7247500e+05   4.4555664e+01
   8.8166500e+05   8.2885742e+01
   8.8170300e+05   3.7719727e+01
   8.9052000e+05   9.0270996e+01
   8.9365600e+05   8.4960938e+01
   8.9397500e+05   7.1472168e+01
   8.9763100e+05   7.9650879e+01
   8.9792900e+05   7.4035645e+01
   8.9815600e+05   5.3771973e+01
   8.9830500e+05   3.9001465e+01
   8.9969200e+05   4.7180176e+01
   9.2019400e+05   3.8269043e+01
   9.2059200e+05   8.5571289e+01
   9.2418000e+05   8.9477539e+01
   9.2531100e+05   7.6049805e+01
   9.2660600e+05   5.1879883e+01
   9.3011600e+05   8.4960938e+01
   9.3161600e+05   8.2580566e+01
   9.3664500e+05   8.8684082e+01
   9.3837200e+05   7.8613281e+01
   9.3872700e+05   5.9204102e+01
   9.3884300e+05   3.9733887e+01
   9.5520100e+05   4.2663574e+01
   9.5710600e+05   8.1909180e+01
   9.6185200e+05   3.8452148e+01
   9.6374800e+05   7.9406738e+01
   9.6847300e+05   7.9711914e+01
   9.7325200e+05   4.6142578e+01
   9.7403200e+05   8.5266113e+01
   9.7498400e+05   7.1838379e+01
   9.7983000e+05   4.8828125e+01
   9.7984800e+05   8.5876465e+01
   9.8033400e+05   6.6284180e+01
   9.8843500e+05   7.5988770e+01
   9.9292100e+05   8.0078125e+01
   9.9506200e+05   3.8085938e+01
   1.0022320e+06   9.0148926e+01
   1.0053920e+06   7.4096680e+01
   1.0068230e+06   8.1909180e+01
   1.0070880e+06   6.4147949e+01
   1.0076860e+06   6.1645508e+01
   1.0078760e+06   3.8757324e+01
   1.0080970e+06   5.3466797e+01
   1.0200990e+06   4.1809082e+01
   1.0234670e+06   8.5327148e+01
   1.0385570e+06   1.0205078e+02
   1.0413780e+06   8.2641602e+01
   1.0416830e+06   8.3679199e+01
   1.0422080e+06   6.7138672e+01
   1.0423360e+06   4.6020508e+01
   1.0424450e+06   5.0903320e+01
   1.0595470e+06   8.7158203e+01
   1.0660900e+06   7.6232910e+01
   1.0669610e+06   4.7973633e+01
   1.0685510e+06   8.0627441e+01
   1.0689080e+06   8.3190918e+01
   1.0694520e+06   4.1442871e+01
   1.0697450e+06   5.2307129e+01
   1.0700800e+06   4.4189453e+01
   1.0817470e+06   3.9916992e+01
   1.0871170e+06   8.2214355e+01
   1.0876680e+06   7.3852539e+01
   1.0918560e+06   3.9978027e+01
   1.0956980e+06   7.9833984e+01
   1.0982860e+06   7.7575684e+01
   1.1006170e+06   8.0200195e+01
   1.1010760e+06   6.8969727e+01
   1.1089730e+06   4.8583984e+01
   1.1099960e+06   3.7780762e+01
   1.1103630e+06   8.4228516e+01
   1.1125900e+06   8.0566406e+01
   1.1163560e+06   7.5439453e+01
   1.1190950e+06   7.7148438e+01
   1.1241350e+06   4.4433594e+01
   1.1244570e+06   7.8979492e+01
   1.1270830e+06   8.1604004e+01
   1.1283310e+06   6.9702148e+01
   1.1285130e+06   5.0048828e+01
   1.1286910e+06   4.0222168e+01
   1.1313150e+06   3.7353516e+01
   1.1374240e+06   4.8767090e+01
   1.1506970e+06   8.1604004e+01
   1.1544570e+06   8.1481934e+01
   1.1547380e+06   4.6630859e+01
   1.1548010e+06   7.1960449e+01
   1.1550720e+06   5.6579590e+01
   1.1630200e+06   8.4411621e+01
   1.1661200e+06   7.7087402e+01
   1.1743270e+06   3.7719727e+01
   1.1753250e+06   9.2163086e+01
   1.1790260e+06   8.2153320e+01
   1.1824700e+06   8.3557129e+01
   1.1841830e+06   7.2265625e+01
   1.1844170e+06   7.0190430e+01
   1.1846150e+06   5.2551270e+01
   1.1881670e+06   4.2358398e+01
   1.1967730e+06   4.6997070e+01
   1.2032900e+06   8.3618164e+01
   1.2072500e+06   8.6608887e+01
   1.2140550e+06   9.2773438e+01
   1.2145650e+06   6.9702148e+01
   1.2146960e+06   3.7048340e+01
   1.2160490e+06   4.7912598e+01
   1.2333710e+06   3.8818359e+01
   1.2338470e+06   9.7045898e+01
   1.2402190e+06   7.8247070e+01
   1.2442970e+06   3.8269043e+01
   1.2480450e+06   5.0415039e+01
   1.2482180e+06   7.9467773e+01
   1.2515290e+06   8.4350586e+01
   1.2521400e+06   6.1218262e+01
   1.2523590e+06   5.2124023e+01
   1.2550180e+06   7.1472168e+01
   1.2551930e+06   4.5104980e+01
   1.2554260e+06   4.9438477e+01
   1.2601070e+06   3.9855957e+01
   1.2686720e+06   3.7841797e+01
   1.2689540e+06   7.8491211e+01
   1.2693390e+06   7.8796387e+01
   1.2695970e+06   6.6162109e+01
   1.2698300e+06   3.8391113e+01
   1.2770210e+06   4.6997070e+01
   1.2856080e+06   3.7353516e+01
   1.2866430e+06   8.5388184e+01
   1.2925180e+06   7.6416016e+01
   1.2949860e+06   6.9763184e+01
   1.2952140e+06   3.9367676e+01
   1.2983520e+06   6.6711426e+01
   1.3003930e+06   8.0078125e+01
   1.3006880e+06   5.7800293e+01
   1.3008600e+06   4.0405273e+01
   1.3049250e+06   4.7851562e+01
   1.3131860e+06   4.3151855e+01
   1.3217550e+06   9.0393066e+01
   1.3241980e+06   7.6477051e+01
   1.3262050e+06   3.7841797e+01
   1.3335300e+06   5.1147461e+01
   1.3346280e+06   8.5998535e+01
   1.3348450e+06   6.9274902e+01
   1.3350500e+06   5.6823730e+01
   1.3352200e+06   4.3518066e+01
   1.3420270e+06   4.4372559e+01
   1.3498680e+06   8.8073730e+01
   1.3549050e+06   8.8989258e+01
   1.3550910e+06   4.8828125e+01
   1.3552410e+06   8.3190918e+01
   1.3554650e+06   5.3039551e+01
   1.3611800e+06   8.3740234e+01
   1.3648610e+06   4.7363281e+01
   1.3649360e+06   8.6242676e+01
   1.3679880e+06   8.2397461e+01
   1.3726340e+06   8.6608887e+01
   1.3745120e+06   8.3190918e+01
   1.3832500e+06   8.9538574e+01
   1.3837390e+06   6.9091797e+01
   1.3838110e+06   4.7119141e+01
   1.3839740e+06   4.9011230e+01
   1.3841440e+06   4.0832520e+01
   1.3964320e+06   8.1909180e+01
   1.3966870e+06   7.9223633e+01
   1.3968680e+06   4.2114258e+01
   1.4037700e+06   8.5937500e+01
   1.4059180e+06   7.1044922e+01
   1.4063720e+06   6.2377930e+01
   1.4064890e+06   4.0222168e+01
   1.4142910e+06   4.5715332e+01
   1.4254610e+06   6.2377930e+01
   1.4271010e+06   9.4848633e+01
   1.4284500e+06   5.1940918e+01
   1.4287290e+06   7.2692871e+01
   1.4328410e+06   7.2387695e+01
   1.4336220e+06   6.4147949e+01
   1.4338960e+06   5.0292969e+01
   1.4339700e+06   5.6396484e+01
   1.4342190e+06   5.6152344e+01
   1.4343960e+06   3.6926270e+01
   1.4446510e+06   3.9733887e+01
   1.4462300e+06   8.8867188e+01
   1.4484150e+06   8.0749512e+01
   1.4548830e+06   3.9672852e+01
   1.4589430e+06   8.7524414e+01
   1.4618610e+06   8.1237793e+01
   1.4623370e+06   8.5998535e+01
   1.4632460e+06   6.5246582e+01
   1.4634370e+06   5.4870605e+01
   1.4635910e+06   4.9804688e+01
   1.4718150e+06   4.1076660e+01
   1.4822310e+06   8.5083008e+01
   1.4826050e+06   7.3913574e+01
   1.4827650e+06   4.0771484e+01
   1.4828740e+06   7.3120117e+01
   1.4831520e+06   5.4870605e+01
   1.4834560e+06   5.0415039e+01
   1.4925780e+06   4.8278809e+01
   1.5013760e+06   8.2458496e+01
   1.5024020e+06   4.1137695e+01
   1.5055300e+06   8.2885742e+01
   1.5069920e+06   7.8247070e+01
   1.5107580e+06   7.5500488e+01
   1.5139040e+06   8.1481934e+01
   1.5145500e+06   7.1166992e+01
   1.5176130e+06   4.6569824e+01
   1.5195060e+06   8.3190918e+01
   1.5248230e+06   7.9650879e+01
   1.5251840e+06   7.1166992e+01
   1.5255180e+06   6.2622070e+01
   1.5258020e+06   4.6203613e+01
   1.5315840e+06   4.4616699e+01
   1.5419640e+06   7.9711914e+01
   1.5421880e+06   6.7810059e+01
   1.5524930e+06   9.4482422e+01
   1.5546870e+06   8.4716797e+01
   1.5551210e+06   4.0771484e+01
   1.5570640e+06   8.9233398e+01
   1.5576960e+06   7.0312500e+01
   1.5578610e+06   4.6264648e+01
   1.5644620e+06   4.1015625e+01
   1.5737250e+06   8.8256836e+01
   1.5761000e+06   4.3701172e+01
   1.5789140e+06   7.9101563e+01
   1.5814020e+06   8.8928223e+01
   1.5838670e+06   7.4462891e+01
   1.5878100e+06   4.6081543e+01
   1.5889810e+06   8.1481934e+01
   1.5909540e+06   7.9406738e+01
   1.5925870e+06   7.1044922e+01
   1.5950690e+06   8.4350586e+01
   1.5954600e+06   6.2622070e+01
   1.5956170e+06   3.6865234e+01
   1.5992990e+06   4.2541504e+01
   1.6135470e+06   8.5021973e+01
   1.6179430e+06   7.9711914e+01
   1.6223860e+06   8.3251953e+01
   1.6230870e+06   5.0964355e+01
   1.6233300e+06   7.6599121e+01
   1.6236230e+06   6.1157227e+01
   1.6237790e+06   3.9611816e+01
   1.6297410e+06   4.1809082e+01
   1.6300550e+06   3.7719727e+01
   1.6311390e+06   7.4890137e+01
   1.6318350e+06   7.3913574e+01
   1.6320880e+06   6.5490723e+01
   1.6322860e+06   3.7475586e+01
   1.6449550e+06   8.2641602e+01
   1.6460330e+06   5.2917480e+01
   1.6533350e+06   8.6364746e+01
   1.6570460e+06   4.2724609e+01
   1.6600210e+06   9.6130371e+01
   1.6629390e+06   7.8247070e+01
   1.6634370e+06   7.3913574e+01
   1.6641830e+06   6.8115234e+01
   1.6643230e+06   3.9123535e+01
   1.6652020e+06   3.6987305e+01
   1.6750610e+06   4.7912598e+01
   1.6798050e+06   8.0017090e+01
   1.6824560e+06   6.9519043e+01
   1.6856030e+06   4.5959473e+01
   1.6860200e+06   8.2824707e+01
   1.6863080e+06   5.8288574e+01
   1.6896750e+06   8.4167480e+01
   1.6899150e+06   6.3781738e+01
   1.7025460e+06   3.9916992e+01
   1.7078030e+06   9.5336914e+01
   1.7108320e+06   8.5266113e+01
   1.7127930e+06   6.7321777e+01
   1.7133980e+06   6.3415527e+01
   1.7135690e+06   4.8889160e+01
   1.7264250e+06   4.3395996e+01
   1.7287490e+06   9.6618652e+01
   1.7339070e+06   7.9406738e+01
   1.7349380e+06   4.9438477e+01
   1.7350660e+06   7.1166992e+01
   1.7355850e+06   6.1462402e+01
   1.7357540e+06   4.7424316e+01
   1.7400810e+06   4.3029785e+01
   1.7497540e+06   4.3029785e+01
   1.7533240e+06   8.1420898e+01
   1.7600420e+06   9.1796875e+01
   1.7615090e+06   5.2246094e+01
   1.7636080e+06   8.2580566e+01
   1.7643040e+06   6.0668945e+01
   1.7647520e+06   6.8847656e+01
   1.7693510e+06   3.7170410e+01
   1.7748100e+06   5.7128906e+01
   1.7846810e+06   8.6730957e+01
   1.7871320e+06   8.3496094e+01
   1.7872810e+06   6.1523438e+01
   1.7877260e+06   7.0068359e+01
   1.7879080e+06   4.6875000e+01
   1.7896520e+06   5.0415039e+01
   1.7970630e+06   5.1147461e+01
   1.8038670e+06   5.1391602e+01
   1.8053630e+06   8.0078125e+01
   1.8068420e+06   8.0871582e+01
   1.8069850e+06   5.4321289e+01
   1.8072650e+06   5.9753418e+01
   1.8108630e+06   3.9916992e+01
   1.8169730e+06   4.5593262e+01
   1.8183100e+06   7.9467773e+01
   1.8190740e+06   8.0383301e+01
   1.8208570e+06   7.0556641e+01
   1.8226750e+06   7.7819824e+01
   1.8231040e+06   6.8481445e+01
   1.8232790e+06   3.8513184e+01
   1.8249530e+06   5.0476074e+01
   1.8347870e+06   4.1259766e+01
   1.8394660e+06   8.1970215e+01
   1.8398570e+06   7.7697754e+01
   1.8440880e+06   7.8613281e+01
   1.8450860e+06   3.7231445e+01
   1.8520920e+06   8.7341309e+01
   1.8528190e+06   8.1054688e+01
   1.8529690e+06   5.3771973e+01
   1.8628990e+06   4.3395996e+01
   1.8651910e+06   7.7331543e+01
   1.8690740e+06   4.4250488e+01
   1.8702560e+06   8.0627441e+01
   1.8796770e+06   8.0139160e+01
   1.8799670e+06   7.2875977e+01
   1.8801780e+06   5.7678223e+01
   1.8804460e+06   4.1137695e+01
   1.8805400e+06   5.1025391e+01
   1.8974130e+06   8.3923340e+01
   1.8977610e+06   7.4829102e+01
   1.8978460e+06   3.9978027e+01
   1.8979160e+06   6.4941406e+01
   1.8981950e+06   4.2358398e+01
   1.9037340e+06   5.5603027e+01
   1.9131580e+06   6.6223145e+01
   1.9137970e+06   7.8918457e+01
   1.9156440e+06   4.1259766e+01
   1.9183960e+06   8.8500977e+01
   1.9232290e+06   9.2529297e+01
   1.9253000e+06   7.8491211e+01
   1.9268950e+06   4.8339844e+01
   1.9300290e+06   8.3984375e+01
   1.9332920e+06   8.5937500e+01
   1.9366990e+06   7.9528809e+01
   1.9371410e+06   6.3598633e+01
   1.9373410e+06   5.0415039e+01
   1.9375170e+06   4.1015625e+01
   1.9398440e+06   3.7658691e+01
   1.9504790e+06   3.9855957e+01
   1.9508100e+06   9.2041016e+01
   1.9520510e+06   7.2143555e+01
   1.9522770e+06   5.8715820e+01
   1.9525270e+06   5.7983398e+01
   1.9612400e+06   8.3557129e+01
   1.9627400e+06   7.6660156e+01
   1.9661840e+06   8.3129883e+01
   1.9678880e+06   7.8979492e+01
   1.9710580e+06   7.6171875e+01
   1.9712730e+06   5.4870605e+01
   1.9733170e+06   7.5500488e+01
   1.9775330e+06   4.5532227e+01
   1.9797430e+06   7.9467773e+01
   1.9799480e+06   7.5012207e+01
   1.9903150e+06   3.8024902e+01
   1.9942540e+06   8.2214355e+01
   1.9945760e+06   4.1137695e+01
   1.9964250e+06   4.1442871e+01
   2.0008510e+06   7.6110840e+01
   2.0021130e+06   4.6325684e+01
   2.0033830e+06   7.6110840e+01
   2.0036720e+06   7.1166992e+01
   2.0084270e+06   8.9965820e+01
   2.0086620e+06   7.2265625e+01
   2.0123760e+06   4.5410156e+01
   2.0133100e+06   8.1909180e+01
   2.0153220e+06   8.3068848e+01
   2.0156220e+06   6.9641113e+01
   2.0158640e+06   5.7373047e+01
   2.0231240e+06   3.8940430e+01
   2.0309670e+06   8.5998535e+01
   2.0312770e+06   7.5012207e+01
   2.0332640e+06   4.1137695e+01
   2.0407010e+06   7.9956055e+01
   2.0413640e+06   8.1176758e+01
   2.0416400e+06   6.2561035e+01
   2.0418030e+06   4.8828125e+01
   2.0443930e+06   4.1076660e+01
   2.0567930e+06   4.6264648e+01
   2.0574080e+06   8.2824707e+01
   2.0587930e+06   9.3444824e+01
   2.0593550e+06   6.2988281e+01
   2.0597620e+06   5.5297852e+01
   2.0599460e+06   3.8024902e+01
   2.0651320e+06   4.6386719e+01
   2.0720260e+06   4.4738770e+01
   2.0764520e+06   8.8806152e+01
   2.0821470e+06   8.9904785e+01
   2.0824510e+06   6.7932129e+01
   2.0826320e+06   5.3588867e+01
   2.0827850e+06   3.9550781e+01
   2.0830800e+06   5.4992676e+01
   2.0899230e+06   4.3701172e+01
   2.0987030e+06   3.9123535e+01
   2.1021740e+06   8.8745117e+01
   2.1051500e+06   4.5898438e+01
   2.1057970e+06   8.0444336e+01
   2.1059710e+06   7.1594238e+01
   2.1097960e+06   7.7453613e+01
   2.1104940e+06   7.5195312e+01
   2.1106810e+06   5.5969238e+01
   2.1173420e+06   7.9772949e+01
   2.1229980e+06   8.3984375e+01
   2.1241300e+06   6.0729980e+01
   2.1243140e+06   5.4260254e+01
   2.1257480e+06   4.4738770e+01
   2.1367290e+06   8.3923340e+01
   2.1409510e+06   4.3823242e+01
   2.1446810e+06   8.7097168e+01
   2.1465470e+06   4.2175293e+01
   2.1474910e+06   7.3242188e+01
   2.1497500e+06   8.4716797e+01
   2.1515090e+06   8.1848145e+01
   2.1542660e+06   6.7871094e+01
   2.1558000e+06   4.2907715e+01
   2.1568280e+06   8.6059570e+01
   2.1576540e+06   6.6101074e+01
   2.1577770e+06   4.0710449e+01
   2.1610610e+06   3.8024902e+01
   2.1685910e+06   9.3994141e+01
   2.1689120e+06   4.3762207e+01
   2.1780490e+06   8.8500977e+01
   2.1797700e+06   4.1320801e+01
   2.1801630e+06   7.2998047e+01
   2.1803950e+06   6.3293457e+01
   2.1806750e+06   5.6091309e+01
   2.1808390e+06   4.0344238e+01
   2.1912320e+06   4.5227051e+01
   2.1916680e+06   3.9245605e+01
   2.1943800e+06   3.6560059e+01
   2.1944510e+06   8.6120605e+01
   2.2023870e+06   8.9416504e+01
   2.2033740e+06   7.0129395e+01
   2.2035840e+06   6.4025879e+01
   2.2048840e+06   4.8583984e+01
   2.2061430e+06   7.8186035e+01
   2.2065060e+06   6.5734863e+01
   2.2066860e+06   4.0039062e+01
   2.2119450e+06   3.6987305e+01
   2.2205140e+06   3.9245605e+01
   2.2266550e+06   9.0515137e+01
   2.2274390e+06   8.1726074e+01
   2.2276120e+06   4.0710449e+01
   2.2327560e+06   8.0200195e+01
   2.2354840e+06   4.2419434e+01
   2.2357770e+06   8.2580566e+01
   2.2407370e+06   4.1076660e+01
   2.2415740e+06   7.9528809e+01
   2.2421990e+06   7.6110840e+01
   2.2423320e+06   5.9387207e+01
   2.2581590e+06   9.0393066e+01
   2.2615480e+06   4.8828125e+01
   2.2619680e+06   7.4523926e+01
   2.2626600e+06   7.2082520e+01
   2.2629850e+06   6.3964844e+01
   2.2631430e+06   3.9855957e+01
   2.2753260e+06   4.4921875e+01
   2.2809700e+06   9.5031738e+01
   2.2826980e+06   8.4655762e+01
   2.2836460e+06   4.7302246e+01
   2.2858940e+06   8.2031250e+01
   2.2917380e+06   4.0710449e+01
   2.2931570e+06   8.6486816e+01
   2.2964400e+06   7.9528809e+01
   2.2965960e+06   5.8288574e+01
   2.2968700e+06   5.4748535e+01
   2.2970520e+06   4.5410156e+01
   2.3013430e+06   4.4067383e+01
   2.3096690e+06   3.6865234e+01
   2.3098720e+06   3.8391113e+01
   2.3153490e+06   7.8430176e+01
   2.3188140e+06   3.7597656e+01
   2.3212860e+06   3.6865234e+01
   2.3219810e+06   8.5632324e+01
   2.3243370e+06   7.0007324e+01
   2.3247910e+06   7.6538086e+01
   2.3249190e+06   3.8879395e+01
   2.3331750e+06   4.6508789e+01
   2.3411010e+06   8.8500977e+01
   2.3438930e+06   8.6486816e+01
   2.3445640e+06   4.3029785e+01
   2.3479160e+06   8.2275391e+01
   2.3529290e+06   7.5012207e+01
   2.3542670e+06   7.8430176e+01
   2.3544360e+06   6.2500000e+01
   2.3545570e+06   3.8574219e+01
   2.3552460e+06   4.4067383e+01
   2.3657360e+06   4.1015625e+01
   2.3657630e+06   8.8012695e+01
   2.3671570e+06   9.0454102e+01
   2.3726280e+06   8.6730957e+01
   2.3738490e+06   7.3608398e+01
   2.3741390e+06   6.2927246e+01
   2.3745930e+06   5.9997559e+01
   2.3819900e+06   5.3527832e+01
   2.3826530e+06   3.9855957e+01
   2.3865090e+06   8.4655762e+01
   2.3890780e+06   8.5266113e+01
   2.3892700e+06   5.3649902e+01
   2.3894640e+06   5.0903320e+01
   2.3927940e+06   3.6804199e+01
   2.4015480e+06   3.7414551e+01
   2.4064020e+06   8.2702637e+01
   2.4088170e+06   7.7514648e+01
   2.4089720e+06   4.0954590e+01
   2.4101730e+06   8.0261230e+01
   2.4104960e+06   7.8979492e+01
   2.4134890e+06   3.9733887e+01
   2.4148330e+06   8.1604004e+01
   2.4150920e+06   6.6711426e+01
   2.4154350e+06   5.9509277e+01
   2.4250950e+06   4.6936035e+01
   2.4321310e+06   9.1064453e+01
   2.4344760e+06   3.9794922e+01
   2.4359370e+06   9.1796875e+01
   2.4387180e+06   9.0332031e+01
   2.4392170e+06   7.0617676e+01
   2.4394010e+06   6.0424805e+01
   2.4418450e+06   3.9184570e+01
   2.4548440e+06   4.4799805e+01
   2.4615870e+06   7.9956055e+01
   2.4629700e+06   8.5632324e+01
   2.4632750e+06   7.0373535e+01
   2.4637410e+06   6.6833496e+01
   2.4639090e+06   4.9926758e+01
   2.4647720e+06   4.8828125e+01
   2.4743560e+06   3.7292480e+01
   2.4748500e+06   3.8330078e+01
   2.4811090e+06   5.1391602e+01
   2.4818810e+06   9.2529297e+01
   2.4843670e+06   8.4411621e+01
   2.4854170e+06   8.5327148e+01
   2.4889720e+06   4.6752930e+01
   2.4925290e+06   8.8073730e+01
   2.4930710e+06   4.3762207e+01
   2.4962970e+06   8.3862305e+01
   2.4965190e+06   7.6782227e+01
   2.4968330e+06   5.6884766e+01
   2.5014550e+06   3.9611816e+01
   2.5134080e+06   8.4899902e+01
   2.5136570e+06   4.3579102e+01
   2.5151230e+06   9.1735840e+01
   2.5152930e+06   7.2875977e+01
   2.5154700e+06   4.5532227e+01
   2.5302640e+06   4.3395996e+01
   2.5332620e+06   9.4360352e+01
   2.5366750e+06   8.6486816e+01
   2.5370450e+06   3.9794922e+01
   2.5388850e+06   8.5571289e+01
   2.5393360e+06   6.8359375e+01
   2.5395650e+06   5.6030273e+01
   2.5434930e+06   4.3884277e+01
   2.5497170e+06   4.3762207e+01
   2.5574110e+06   9.9914551e+01
   2.5574320e+06   4.6386719e+01
   2.5581120e+06   8.6181641e+01
   2.5583260e+06   6.9213867e+01
   2.5634990e+06   8.6975098e+01
   2.5666860e+06   8.1054688e+01
   2.5684810e+06   7.3852539e+01
   2.5690420e+06   4.5898438e+01
   2.5691840e+06   6.4331055e+01
   2.5740790e+06   4.3823242e+01
   2.5743530e+06   7.9345703e+01
   2.5744970e+06   5.0476074e+01
   2.5816590e+06   4.5349121e+01
   2.5853640e+06   8.5571289e+01
   2.5875590e+06   6.9641113e+01
   2.5881740e+06   7.0373535e+01
   2.5883350e+06   5.3344727e+01
   2.5896480e+06   4.4250488e+01
   2.5896870e+06   4.4372559e+01
   2.5972660e+06   4.6875000e+01
   2.6052830e+06   9.2346191e+01
   2.6068800e+06   7.3486328e+01
   2.6078320e+06   7.3669434e+01
   2.6081370e+06   4.1625977e+01
   2.6082250e+06   5.9326172e+01
   2.6084280e+06   5.5847168e+01
   2.6169170e+06   5.1025391e+01
   2.6178020e+06   7.7819824e+01
   2.6230640e+06   8.1176758e+01
   2.6233960e+06   6.2805176e+01
   2.6284550e+06   8.5815430e+01
   2.6325970e+06   4.3945313e+01
   2.6342220e+06   8.5937500e+01
   2.6374480e+06   8.0078125e+01
   2.6377190e+06   5.9326172e+01
   2.6379460e+06   6.6345215e+01
   2.6381090e+06   3.7658691e+01
   2.6428770e+06   4.4067383e+01
   2.6507370e+06   4.9743652e+01
   2.6591670e+06   4.4250488e+01
   2.6603950e+06   8.4045410e+01
   2.6619380e+06   8.6669922e+01
   2.6620900e+06   5.4687500e+01
   2.6622790e+06   4.5227051e+01
   2.6626270e+06   5.3588867e+01
   2.6677300e+06   4.3334961e+01
   2.6769370e+06   4.0405273e+01
   2.6774600e+06   8.8562012e+01
   2.6822080e+06   7.8918457e+01
   2.6855510e+06   7.9162598e+01
   2.6883980e+06   4.7485352e+01
   2.6895720e+06   6.9519043e+01
   2.6903640e+06   7.9956055e+01
   2.6905720e+06   6.0485840e+01
   2.6906470e+06   3.7536621e+01
   2.6951810e+06   7.5012207e+01
   2.7022430e+06   3.8391113e+01
   2.7027890e+06   7.7087402e+01
   2.7046660e+06   8.2641602e+01
   2.7048660e+06   4.1015625e+01
   2.7051130e+06   6.0241699e+01
   2.7147090e+06   4.8217773e+01
   2.7222040e+06   1.0089111e+02
   2.7254000e+06   4.9011230e+01
   2.7276170e+06   9.4421387e+01
   2.7293770e+06   7.7941895e+01
   2.7316130e+06   7.5683594e+01
   2.7327350e+06   7.5195312e+01
   2.7331270e+06   6.9519043e+01
   2.7333800e+06   4.9804688e+01
   2.7371990e+06   4.9194336e+01
   2.7471140e+06   4.3395996e+01
   2.7491110e+06   8.5327148e+01
   2.7515750e+06   8.0322266e+01
   2.7521520e+06   8.3312988e+01
   2.7523550e+06   5.4748535e+01
   2.7524960e+06   4.1015625e+01
   2.7622080e+06   4.3090820e+01
   2.7690970e+06   8.8867188e+01
   2.7720030e+06   7.8369141e+01
   2.7724630e+06   6.6101074e+01
   2.7726960e+06   5.7495117e+01
   2.7730560e+06   3.8879395e+01
   2.7740020e+06   4.7729492e+01
   2.7781100e+06   3.7109375e+01
   2.7811790e+06   3.8513184e+01
   2.7830590e+06   4.1809082e+01
   2.7886680e+06   9.0209961e+01
   2.7902460e+06   7.1594238e+01
   2.7904470e+06   7.5317383e+01
   2.7907250e+06   5.5297852e+01
   2.7910830e+06   5.4321289e+01
   2.7974780e+06   4.3273926e+01
   2.8051860e+06   5.0292969e+01
   2.8074790e+06   8.6425781e+01
   2.8148830e+06   8.6669922e+01
   2.8165860e+06   8.5388184e+01
   2.8169500e+06   6.7443848e+01
   2.8201550e+06   8.5937500e+01
   2.8210830e+06   8.1787109e+01
   2.8212780e+06   5.9936523e+01
   2.8217010e+06   5.6457520e+01
   2.8230490e+06   3.8696289e+01
   2.8300590e+06   4.2175293e+01
   2.8386200e+06   4.6997070e+01
   2.8389280e+06   9.0698242e+01
   2.8409150e+06   8.3618164e+01
   2.8468060e+06   9.0454102e+01
   2.8470660e+06   7.3425293e+01
   2.8472030e+06   3.6682129e+01
   2.8485630e+06   3.7292480e+01
   2.8486810e+06   4.3518066e+01
   2.8533450e+06   3.8513184e+01
   2.8543490e+06   4.2602539e+01
   2.8634770e+06   9.0759277e+01
   2.8639850e+06   5.0537109e+01
   2.8672600e+06   8.1848145e+01
   2.8725620e+06   1.0186768e+02
   2.8743440e+06   7.8857422e+01
   2.8767200e+06   8.2702637e+01
   2.8798920e+06   8.3801270e+01
   2.8800810e+06   3.6682129e+01
   2.8821840e+06   3.7353516e+01
   2.8831190e+06   7.1411133e+01
   2.8836440e+06   6.9885254e+01
   2.8841390e+06   7.0739746e+01
   2.8899610e+06   8.5083008e+01
   2.8901760e+06   3.9123535e+01
   2.8957080e+06   8.7402344e+01
   2.8982080e+06   7.7270508e+01
   2.8989780e+06   4.3701172e+01
   2.9000150e+06   6.7993164e+01
   2.9002400e+06   5.4870605e+01
   2.9003790e+06   3.6926270e+01
   2.9051190e+06   4.4982910e+01
   2.9159000e+06   4.6142578e+01
   2.9207000e+06   9.3933105e+01
   2.9231490e+06   8.2763672e+01
   2.9237680e+06   7.1533203e+01
   2.9239550e+06   6.7443848e+01
   2.9244010e+06   5.1086426e+01
   2.9270100e+06   5.5114746e+01
   2.9385350e+06   4.8706055e+01
   2.9426230e+06   8.3618164e+01
   2.9470380e+06   8.1604004e+01
   2.9479530e+06   7.5439453e+01
   2.9482110e+06   7.0556641e+01
   2.9483800e+06   4.1625977e+01
   2.9485710e+06   3.9611816e+01
   2.9487450e+06   4.4738770e+01
   2.9541080e+06   4.4189453e+01
   2.9581650e+06   8.9904785e+01
   2.9585550e+06   7.0251465e+01
   2.9587390e+06   5.3100586e+01
   2.9590630e+06   4.8889160e+01
   2.9703130e+06   4.4921875e+01
   2.9752890e+06   9.8327637e+01
   2.9754410e+06   3.6865234e+01
   2.9774350e+06   4.0771484e+01
   2.9797000e+06   7.3059082e+01
   2.9853830e+06   9.2346191e+01
   2.9877700e+06   7.8735352e+01
   2.9879460e+06   6.9763184e+01
   2.9887550e+06   6.5979004e+01
   2.9890300e+06   5.6640625e+01
   2.9914270e+06   3.8696289e+01
   3.0058730e+06   8.4228516e+01
   3.0085150e+06   4.9621582e+01
   3.0156630e+06   9.2834473e+01
   3.0183450e+06   8.1970215e+01
   3.0208370e+06   4.6997070e+01
   3.0210960e+06   8.5876465e+01
   3.0213660e+06   6.9152832e+01
   3.0215420e+06   5.2795410e+01
   3.0217570e+06   4.1259766e+01
   3.0284990e+06   4.8645020e+01
   3.0422510e+06   8.7341309e+01
   3.0482050e+06   4.4189453e+01
   3.0507690e+06   9.3505859e+01
   3.0524220e+06   8.4960938e+01
   3.0525570e+06   7.4218750e+01
   3.0527040e+06   5.2734375e+01
   3.0531340e+06   5.5419922e+01
   3.0533040e+06   3.9123535e+01
   3.0591320e+06   3.7902832e+01
   3.0698460e+06   4.6752930e+01
   3.0732040e+06   7.8002930e+01
   3.0768970e+06   8.6425781e+01
   3.0802860e+06   8.3557129e+01
   3.0824060e+06   4.7485352e+01
   3.0843070e+06   9.1430664e+01
   3.0888420e+06   9.7229004e+01
   3.0890450e+06   4.1015625e+01
   3.0922760e+06   4.3518066e+01
   3.0956400e+06   8.1054688e+01
   3.0962560e+06   7.3547363e+01
   3.0967720e+06   6.4575195e+01
   3.0969530e+06   4.6936035e+01
   3.0974410e+06   5.6579590e+01
   3.0997220e+06   4.3273926e+01
   3.1088520e+06   9.3505859e+01
   3.1098480e+06   6.5124512e+01
   3.1099850e+06   5.9692383e+01
   3.1101120e+06   4.6875000e+01
   3.1118090e+06   3.9001465e+01
   3.1164770e+06   4.3701172e+01
   3.1273380e+06   9.7473145e+01
   3.1274180e+06   4.3151855e+01
   3.1318060e+06   7.0434570e+01
   3.1351830e+06   8.3129883e+01
   3.1364980e+06   4.7790527e+01
   3.1386180e+06   8.3984375e+01
   3.1418910e+06   7.9711914e+01
   3.1459260e+06   3.6621094e+01
   3.1471450e+06   8.7707520e+01
   3.1492380e+06   8.2092285e+01
   3.1496450e+06   4.0710449e+01
   3.1496550e+06   7.1044922e+01
   3.1501290e+06   5.7922363e+01
   3.1502760e+06   3.7658691e+01
   3.1671620e+06   4.2663574e+01
   3.1674920e+06   7.6171875e+01
   3.1681230e+06   7.6965332e+01
   3.1701360e+06   7.2204590e+01
   3.1751320e+06   7.8491211e+01
   3.1786870e+06   4.7302246e+01
   3.1793400e+06   7.7209473e+01
   3.1796120e+06   7.0373535e+01
   3.1799510e+06   6.1279297e+01
   3.1801110e+06   4.0161133e+01
   3.1849140e+06   4.3212891e+01
   3.1940030e+06   4.6447754e+01
   3.1964880e+06   1.0504150e+02
   3.1994520e+06   4.6691895e+01
   3.2006940e+06   8.2946777e+01
   3.2063800e+06   8.6303711e+01
   3.2081210e+06   8.4594727e+01
   3.2091610e+06   7.6416016e+01
   3.2119890e+06   4.5593262e+01
   3.2134900e+06   7.8796387e+01
   3.2169060e+06   9.0270996e+01
   3.2217990e+06   4.5532227e+01
   3.2239180e+06   9.0454102e+01
   3.2247340e+06   7.9772949e+01
   3.2251190e+06   6.6650391e+01
   3.2296300e+06   7.7758789e+01
   3.2342760e+06   8.9416504e+01
   3.2350530e+06   5.7250977e+01
   3.2366230e+06   7.8491211e+01
   3.2376770e+06   7.1289062e+01
   3.2379080e+06   6.2438965e+01
   3.2380700e+06   4.3029785e+01
   3.2519040e+06   4.2785645e+01
   3.2542210e+06   9.0454102e+01
   3.2594980e+06   3.8513184e+01
   3.2642430e+06   9.1796875e+01
   3.2664950e+06   8.6914063e+01
   3.2720250e+06   4.4250488e+01
   3.2769840e+06   8.9843750e+01
   3.2793990e+06   7.6416016e+01
   3.2812440e+06   8.5876465e+01
   3.2832220e+06   7.8247070e+01
   3.2859230e+06   8.3068848e+01
   3.2895430e+06   4.9560547e+01
   3.2907520e+06   7.3852539e+01
   3.2941660e+06   8.0627441e+01
   3.2959280e+06   4.7790527e+01
   3.3006990e+06   8.2031250e+01
   3.3017400e+06   6.7504883e+01
   3.3019820e+06   6.1523438e+01
   3.3021880e+06   5.5786133e+01
   3.3092090e+06   5.2673340e+01
   3.3165960e+06   4.6264648e+01
   3.3186160e+06   8.8684082e+01
   3.3230490e+06   5.3710938e+01
   3.3274980e+06   8.6730957e+01
   3.3322890e+06   8.8439941e+01
   3.3357590e+06   6.7626953e+01
   3.3371140e+06   4.4616699e+01
   3.3382880e+06   8.7036133e+01
   3.3385640e+06   7.0251465e+01
   3.3388100e+06   6.8847656e+01
   3.3389430e+06   3.6743164e+01
   3.3484330e+06   4.0466309e+01
   3.3620300e+06   8.6120605e+01
   3.3623710e+06   7.4096680e+01
   3.3637890e+06   4.0100098e+01
   3.3655220e+06   7.8308105e+01
   3.3701010e+06   8.3435059e+01
   3.3748160e+06   9.0881348e+01
   3.3752700e+06   8.1481934e+01
   3.3753770e+06   4.1503906e+01
   3.3766910e+06   7.9284668e+01
   3.3768850e+06   5.1574707e+01
   3.3870780e+06   4.4372559e+01
   3.3954800e+06   8.2885742e+01
   3.3972090e+06   4.2968750e+01
   3.4039870e+06   8.8073730e+01
   3.4071130e+06   8.6242676e+01
   3.4076370e+06   3.8085938e+01
   3.4111320e+06   8.8806152e+01
   3.4133720e+06   8.5083008e+01
   3.4137930e+06   4.4738770e+01
   3.4152960e+06   8.7219238e+01
   3.4187660e+06   7.9711914e+01
   3.4216470e+06   8.4350586e+01
   3.4225570e+06   7.0800781e+01
   3.4233490e+06   6.7932129e+01
   3.4235610e+06   5.0903320e+01
   3.4237440e+06   3.8085938e+01
   3.4324250e+06   5.1391602e+01
   3.4331690e+06   4.3823242e+01
   3.4441790e+06   9.1979980e+01
   3.4467200e+06   9.3200684e+01
   3.4525280e+06   5.2856445e+01
   3.4571750e+06   4.1503906e+01
   3.4577100e+06   8.8256836e+01
   3.4597380e+06   8.5327148e+01
   3.4599450e+06   6.0058594e+01
   3.4602600e+06   6.7504883e+01
   3.4604510e+06   5.5236816e+01
   3.4607740e+06   5.4504395e+01
   3.4611790e+06   4.1198730e+01
   3.4644250e+06   4.5104980e+01
   3.4748130e+06   4.0832520e+01
   3.4782130e+06   4.8095703e+01
   3.4854580e+06   9.0087891e+01
   3.4876920e+06   4.4006348e+01
   3.4890540e+06   8.7585449e+01
   3.5016890e+06   8.5144043e+01
   3.5022880e+06   5.6701660e+01
   3.5037730e+06   8.0932617e+01
   3.5087360e+06   1.0040283e+02
   3.5169770e+06   3.9550781e+01
   3.5182030e+06   9.0942383e+01
   3.5215660e+06   9.6313477e+01
   3.5236800e+06   4.3334961e+01
   3.5278570e+06   7.9772949e+01
   3.5294460e+06   7.7575684e+01
   3.5297050e+06   6.3903809e+01
   3.5340110e+06   8.1848145e+01
   3.5343490e+06   6.4941406e+01
   3.5388030e+06   9.1857910e+01
   3.5399630e+06   8.3801270e+01
   3.5400950e+06   5.6335449e+01
   3.5403230e+06   4.0771484e+01
   3.5425490e+06   3.7231445e+01
   3.5449490e+06   5.3588867e+01
   3.5485080e+06   4.3334961e+01
   3.5534720e+06   4.1137695e+01
   3.5600510e+06   7.6904297e+01
   3.5680710e+06   8.7341309e+01
   3.5706750e+06   7.4829102e+01
   3.5814290e+06   9.4665527e+01
   3.5820440e+06   8.4167480e+01
   3.5880080e+06   8.4472656e+01
   3.5893200e+06   8.2031250e+01
   3.5895790e+06   7.0922852e+01
   3.5897990e+06   6.0668945e+01
   3.5953270e+06   3.9550781e+01
   3.5981900e+06   8.0810547e+01
   3.6055140e+06   8.7036133e+01
   3.6100440e+06   8.2885742e+01
   3.6136540e+06   8.8806152e+01
   3.6147740e+06   4.5227051e+01
   3.6171250e+06   8.3435059e+01
   3.6180800e+06   9.0270996e+01
   3.6183710e+06   7.1411133e+01
   3.6185400e+06   3.9062500e+01
   3.6204480e+06   3.9062500e+01
   3.6268680e+06   8.7463379e+01
   3.6282250e+06   8.5876465e+01
   3.6285050e+06   6.9274902e+01
   3.6287420e+06   6.5551758e+01
   3.6319800e+06   4.7790527e+01
   3.6479120e+06   4.3884277e+01
   3.6488400e+06   8.9172363e+01
   3.6529150e+06   8.8623047e+01
   3.6562350e+06   9.4421387e+01
   3.6564340e+06   7.3425293e+01
   3.6572340e+06   6.6772461e+01
   3.6574270e+06   4.3212891e+01
   3.6662120e+06   4.8583984e+01
   3.6674350e+06   3.7414551e+01
   3.6747350e+06   8.8684082e+01
   3.6755410e+06   4.6386719e+01
   3.6788020e+06   7.0617676e+01
   3.6869700e+06   4.0039062e+01
   3.6889480e+06   8.9538574e+01
   3.6963140e+06   4.6691895e+01
   3.6972740e+06   8.7707520e+01
   3.6996610e+06   8.1848145e+01
   3.7002860e+06   8.1787109e+01
   3.7004200e+06   4.4006348e+01
   3.7133680e+06   3.6682129e+01
   3.7145650e+06   5.0598145e+01
   3.7214380e+06   3.7292480e+01
   3.7307610e+06   9.3383789e+01
   3.7335240e+06   4.6020508e+01
   3.7337150e+06   8.4960938e+01
   3.7398720e+06   9.4787598e+01
   3.7403750e+06   4.0649414e+01
   3.7417880e+06   7.5683594e+01
   3.7449490e+06   3.6621094e+01
   3.7506540e+06   8.4045410e+01
   3.7521260e+06   5.6457520e+01
   3.7540210e+06   8.5937500e+01
   3.7559310e+06   7.9650879e+01
   3.7623680e+06   4.5837402e+01
   3.7636900e+06   8.9599609e+01
   3.7656390e+06   7.8125000e+01
   3.7683790e+06   8.0444336e+01
   3.7688600e+06   7.1716309e+01
   3.7690740e+06   5.7861328e+01
   3.7698490e+06   6.2438965e+01
   3.7700160e+06   4.2480469e+01
   3.7736200e+06   4.1015625e+01
   3.7837750e+06   5.1391602e+01
   3.7898730e+06   3.6743164e+01
   3.7925130e+06   8.6242676e+01
   3.7956070e+06   3.8085938e+01
   3.7971870e+06   8.8439941e+01
   3.7991790e+06   4.9621582e+01
   3.8061500e+06   8.2946777e+01
   3.8085780e+06   8.4716797e+01
   3.8163750e+06   8.5937500e+01
   3.8219270e+06   8.9904785e+01
   3.8231050e+06   8.1176758e+01
   3.8232980e+06   6.7443848e+01
   3.8235030e+06   5.0659180e+01
   3.8236500e+06   3.7353516e+01
   3.8238680e+06   5.1147461e+01
   3.8322130e+06   3.9367676e+01
   3.8348150e+06   1.0437012e+02
   3.8357070e+06   8.4045410e+01
   3.8358670e+06   5.7067871e+01
   3.8443140e+06   8.5571289e+01
   3.8452200e+06   5.4748535e+01
   3.8494020e+06   4.2663574e+01
   3.8502240e+06   9.6557617e+01
   3.8540590e+06   9.4299316e+01
   3.8633170e+06   9.4055176e+01
   3.8635650e+06   7.9772949e+01
   3.8637530e+06   6.5551758e+01
   3.8640900e+06   4.3701172e+01
   3.8695250e+06   5.3955078e+01
   3.8715870e+06   9.3200684e+01
   3.8742730e+06   8.0444336e+01
   3.8746400e+06   7.5073242e+01
   3.8755610e+06   6.6223145e+01
   3.8756900e+06   4.9011230e+01
   3.8775940e+06   3.7719727e+01
   3.8804010e+06   3.8940430e+01
   3.8862230e+06   4.7241211e+01
   3.8907260e+06   3.9855957e+01
   3.8970190e+06   8.5815430e+01
   3.8989190e+06   9.1674805e+01
   3.9031120e+06   3.7048340e+01
   3.9073510e+06   8.3740234e+01
   3.9121100e+06   9.1186523e+01
   3.9135770e+06   4.4982910e+01
   3.9149030e+06   8.4655762e+01
   3.9170910e+06   7.6904297e+01
   3.9173450e+06   7.9345703e+01
   3.9175360e+06   5.0964355e+01
   3.9370700e+06   9.0332031e+01
   3.9376590e+06   4.5471191e+01
   3.9468580e+06   8.2092285e+01
   3.9531610e+06   8.2214355e+01
   3.9617890e+06   8.6303711e+01
   3.9650070e+06   7.8552246e+01
   3.9680030e+06   8.1298828e+01
   3.9684110e+06   8.6059570e+01
   3.9687340e+06   7.3120117e+01
   3.9689280e+06   4.4555664e+01
   3.9702870e+06   4.9621582e+01
   3.9735530e+06   8.7829590e+01
   3.9737050e+06   3.6987305e+01
   3.9818520e+06   3.9794922e+01
   3.9838490e+06   8.4167480e+01
   3.9911140e+06   9.0515137e+01
   3.9937380e+06   8.3923340e+01
   3.9981990e+06   8.7646484e+01
   3.9993050e+06   5.9997559e+01
   4.0025190e+06   3.8269043e+01
   4.0102760e+06   9.5581055e+01
   4.0142650e+06   8.5876465e+01
   4.0193430e+06   8.6791992e+01
   4.0197320e+06   4.7729492e+01
   4.0231930e+06   8.3618164e+01
   4.0235540e+06   8.5266113e+01
   4.0248410e+06   3.6926270e+01
   4.0283300e+06   8.5998535e+01
   4.0348630e+06   4.7058105e+01
   4.0371840e+06   8.5510254e+01
   4.0401440e+06   9.1003418e+01
   4.0404210e+06   7.0312500e+01
   4.0460310e+06   8.8073730e+01
   4.0462870e+06   6.8908691e+01
   4.0464110e+06   4.8034668e+01
   4.0466210e+06   3.8085938e+01
   4.0585950e+06   5.5175781e+01
   4.0724850e+06   9.5214844e+01
   4.0756290e+06   9.0087891e+01
   4.0770500e+06   8.1420898e+01
   4.0781520e+06   6.7382812e+01
   4.0798010e+06   4.2907715e+01
   4.0857060e+06   3.6926270e+01
   4.0861880e+06   7.9895020e+01
   4.0933990e+06   3.8635254e+01
   4.0934480e+06   9.3322754e+01
   4.0970810e+06   8.4777832e+01
   4.0970920e+06   4.8156738e+01
   4.1009770e+06   8.9172363e+01
   4.1089370e+06   8.4594727e+01
   4.1177660e+06   1.0113525e+02
   4.1222600e+06   8.4777832e+01
   4.1229990e+06   3.6682129e+01
   4.1246310e+06   8.2214355e+01
   4.1282780e+06   4.5349121e+01
   4.1309820e+06   5.4565430e+01
   4.1336310e+06   8.3251953e+01
   4.1352200e+06   7.9162598e+01
   4.1460580e+06   9.5764160e+01
   4.1485740e+06   4.9438477e+01
   4.1499690e+06   9.2834473e+01
   4.1528450e+06   8.4350586e+01
   4.1534520e+06   7.0007324e+01
   4.1536000e+06   5.4687500e+01
   4.1604020e+06   3.7048340e+01
   4.1626550e+06   3.7414551e+01
   4.1743990e+06   4.9377441e+01
   4.1841820e+06   1.0009766e+02
   4.1866050e+06   7.8552246e+01
   4.1869290e+06   7.8613281e+01
   4.1871450e+06   6.7687988e+01
   4.1906820e+06   7.7026367e+01
   4.1910590e+06   7.2814941e+01
   4.1912650e+06   5.8471680e+01
   4.1914270e+06   4.3334961e+01
   4.1964010e+06   4.7546387e+01
   4.2055060e+06   5.0720215e+01
   4.2137440e+06   8.7951660e+01
   4.2198500e+06   7.9467773e+01
   4.2201100e+06   8.9294434e+01
   4.2202450e+06   5.8959961e+01
   4.2203990e+06   3.9367676e+01
   4.2227570e+06   4.3823242e+01
   4.2354630e+06   4.2724609e+01
   4.2434450e+06   4.7973633e+01
   4.2527960e+06   5.2062988e+01
   4.2558590e+06   8.1604004e+01
   4.2591870e+06   8.5876465e+01
   4.2638900e+06   9.7900391e+01
   4.2646220e+06   4.4860840e+01
   4.2710810e+06   8.1176758e+01
   4.2717400e+06   5.1940918e+01
   4.2722320e+06   8.4167480e+01
   4.2724760e+06   7.0068359e+01
   4.2728440e+06   7.0922852e+01
   4.2802700e+06   4.8400879e+01
   4.2839430e+06   7.8796387e+01
   4.2853680e+06   8.8989258e+01
   4.2869040e+06   4.7424316e+01
   4.2898980e+06   3.9672852e+01
   4.2927430e+06   3.6804199e+01
   4.2940090e+06   8.1848145e+01
   4.2951760e+06   3.9184570e+01
   4.2984780e+06   8.0688477e+01
   4.3002490e+06   3.8452148e+01
   4.3019740e+06   9.7167969e+01
   4.3059440e+06   9.4055176e+01
   4.3062600e+06   7.4707031e+01
   4.3063010e+06   4.5776367e+01
   4.3065400e+06   5.8898926e+01
   4.3067610e+06   5.1574707e+01
   4.3069500e+06   4.4494629e+01
   4.3131550e+06   3.6560059e+01
   4.3203310e+06   9.5703125e+01
   4.3205040e+06   4.6386719e+01
   4.3259240e+06   8.5998535e+01
   4.3310740e+06   3.9611816e+01
   4.3320530e+06   8.7036133e+01
   4.3323640e+06   4.6264648e+01
   4.3330080e+06   7.3974609e+01
   4.3334000e+06   7.8735352e+01
   4.3335860e+06   4.7668457e+01
   4.3337470e+06   3.8391113e+01
   4.3504740e+06   3.6926270e+01
   4.3533890e+06   4.5593262e+01
   4.3541500e+06   9.3261719e+01
   4.3636260e+06   9.2163086e+01
   4.3743830e+06   5.5908203e+01
   4.3792710e+06   9.3383789e+01
   4.3841870e+06   3.7475586e+01
   4.3843530e+06   8.9416504e+01
   4.3861050e+06   8.7585449e+01
   4.3865690e+06   6.6406250e+01
   4.3961610e+06   4.9255371e+01
   4.4034960e+06   9.1247559e+01
   4.4056070e+06   7.9284668e+01
   4.4075680e+06   5.0781250e+01
   4.4096650e+06   9.0820313e+01
   4.4222700e+06   4.6142578e+01
   4.4331060e+06   4.5593262e+01
   4.4336820e+06   8.8195801e+01
   4.4359990e+06   8.2275391e+01
   4.4367280e+06   7.7697754e+01
   4.4371510e+06   6.1767578e+01
   4.4373570e+06   5.5541992e+01
   4.4465840e+06   5.1635742e+01
   4.4540990e+06   9.0087891e+01
   4.4572700e+06   5.2917480e+01
   4.4587380e+06   9.0270996e+01
   4.4614230e+06   3.8696289e+01
   4.4627550e+06   4.5959473e+01
   4.4651930e+06   9.1735840e+01
   4.4686740e+06   8.4960938e+01
   4.4713200e+06   8.7585449e+01
   4.4735920e+06   8.3129883e+01
   4.4758200e+06   3.7963867e+01
   4.4770650e+06   8.9172363e+01
   4.4772560e+06   7.1472168e+01
   4.4778700e+06   4.8706055e+01
   4.4783340e+06   7.2937012e+01
   4.4785150e+06   5.2307129e+01
   4.4880400e+06   4.5837402e+01
   4.4907370e+06   3.7109375e+01
   4.4963620e+06   4.5837402e+01
   4.5008650e+06   1.0290527e+02
   4.5062020e+06   7.8430176e+01
   4.5118690e+06   9.4177246e+01
   4.5135830e+06   4.4189453e+01
   4.5159650e+06   7.9284668e+01
   4.5199840e+06   8.2946777e+01
   4.5287760e+06   8.0200195e+01
   4.5299980e+06   9.1308594e+01
   4.5301500e+06   6.5612793e+01
   4.5303160e+06   6.0119629e+01
   4.5304730e+06   4.4494629e+01
   4.5311370e+06   4.3823242e+01
   4.5439020e+06   4.9011230e+01
   4.5472680e+06   9.9060059e+01
   4.5610740e+06   9.0637207e+01
   4.5625080e+06   4.4860840e+01
   4.5644840e+06   8.4899902e+01
   4.5660880e+06   8.7707520e+01
   4.5718620e+06   8.7524414e+01
   4.5759300e+06   4.8889160e+01
   4.5761210e+06   8.6730957e+01
   4.5851080e+06   9.3872070e+01
   4.5856350e+06   4.8278809e+01
   4.5859130e+06   6.9763184e+01
   4.5863360e+06   6.1157227e+01
   4.5865520e+06   4.4982910e+01
   4.5871270e+06   3.8024902e+01
   4.6007960e+06   4.7119141e+01
   4.6021110e+06   8.1054688e+01
   4.6119540e+06   4.8400879e+01
   4.6131880e+06   3.9001465e+01
   4.6169150e+06   8.9599609e+01
   4.6175440e+06   3.7475586e+01
   4.6191600e+06   9.4665527e+01
   4.6213070e+06   3.6560059e+01
   4.6232330e+06   4.9804688e+01
   4.6319550e+06   9.0148926e+01
   4.6320960e+06   4.6569824e+01
   4.6342230e+06   8.2946777e+01
   4.6349610e+06   7.5439453e+01
   4.6354370e+06   8.1359863e+01
   4.6357880e+06   6.2133789e+01
   4.6423060e+06   4.8095703e+01
   4.6460440e+06   8.3496094e+01
   4.6527450e+06   9.4299316e+01
   4.6598200e+06   4.5654297e+01
   4.6659690e+06   9.3383789e+01
   4.6689080e+06   6.1645508e+01
   4.6703630e+06   4.5532227e+01
   4.6713300e+06   7.8063965e+01
   4.6799770e+06   5.1635742e+01
   4.6821770e+06   8.2092285e+01
   4.6862070e+06   4.1137695e+01
   4.6872760e+06   8.8806152e+01
   4.6881490e+06   4.2480469e+01
   4.6929240e+06   9.3200684e+01
   4.6942110e+06   8.6181641e+01
   4.6975680e+06   8.1481934e+01
   4.7092450e+06   4.3457031e+01
   4.7114200e+06   9.4665527e+01
   4.7166180e+06   8.9172363e+01
   4.7202050e+06   8.4289551e+01
   4.7204780e+06   6.8542480e+01
   4.7207090e+06   6.1035156e+01
   4.7209400e+06   5.6396484e+01
   4.7212460e+06   5.7189941e+01
   4.7221450e+06   7.5073242e+01
   4.7318070e+06   9.5458984e+01
   4.7337210e+06   3.6926270e+01
   4.7428710e+06   7.8796387e+01
   4.7471210e+06   9.5764160e+01
   4.7493990e+06   5.8654785e+01
   4.7571060e+06   9.5275879e+01
   4.7613020e+06   4.5166016e+01
   4.7615480e+06   8.6425781e+01
   4.7649640e+06   8.1481934e+01
   4.7725450e+06   8.6303711e+01
   4.7809610e+06   8.5144043e+01
   4.7850700e+06   4.5715332e+01
   4.7867540e+06   8.9660645e+01
   4.7873400e+06   3.7048340e+01
   4.7911220e+06   9.2163086e+01
   4.7934480e+06   4.5043945e+01
   4.7939370e+06   8.7524414e+01
   4.8024290e+06   9.4848633e+01
   4.8049360e+06   4.5410156e+01
   4.8050840e+06   3.7780762e+01
   4.8097880e+06   9.0637207e+01
   4.8104820e+06   8.0871582e+01
   4.8192510e+06   8.3190918e+01
   4.8204050e+06   4.3518066e+01
   4.8209500e+06   4.8767090e+01
   4.8248150e+06   9.4726563e+01
   4.8272080e+06   8.7707520e+01
   4.8334570e+06   9.3078613e+01
   4.8385190e+06   9.2956543e+01
   4.8418240e+06   3.8391113e+01
   4.8423640e+06   1.0339355e+02
   4.8456700e+06   4.7363281e+01
   4.8457470e+06   8.1665039e+01
   4.8477310e+06   3.8208008e+01
   4.8491910e+06   9.2651367e+01
   4.8515030e+06   4.1137695e+01
   4.8565130e+06   8.5632324e+01
   4.8592880e+06   4.7546387e+01
   4.8625170e+06   7.8918457e+01
   4.8679940e+06   8.1237793e+01
   4.8682260e+06   4.3762207e+01
   4.8727140e+06   8.7829590e+01
   4.8770890e+06   3.9245605e+01
   4.8788350e+06   3.9733887e+01
   4.8844730e+06   3.7902832e+01
   4.8871980e+06   9.4970703e+01
   4.8890120e+06   9.0148926e+01
   4.8926910e+06   4.8034668e+01
   4.8938850e+06   8.8439941e+01
   4.9017420e+06   4.7180176e+01
   4.9021160e+06   8.0871582e+01
   4.9070660e+06   7.0861816e+01
   4.9084240e+06   3.6804199e+01
   4.9129930e+06   8.7280273e+01
   4.9165850e+06   9.5520020e+01
   4.9194750e+06   4.6875000e+01
   4.9232140e+06   8.5815430e+01
   4.9293630e+06   8.7890625e+01
   4.9317030e+06   4.4982910e+01
   4.9345430e+06   9.1064453e+01
   4.9408410e+06   9.7229004e+01
   4.9457760e+06   8.8867188e+01
   4.9512490e+06   7.6599121e+01
   4.9573640e+06   4.4494629e+01
   4.9627980e+06   8.9172363e+01
   4.9635140e+06   7.6965332e+01
   4.9636680e+06   6.2194824e+01
   4.9638560e+06   4.0466309e+01
   4.9658280e+06   4.2602539e+01
   4.9870370e+06   5.7312012e+01
   4.9872960e+06   9.0637207e+01
   4.9896900e+06   8.8195801e+01
   4.9904860e+06   8.5021973e+01
   4.9907090e+06   6.5856934e+01
   4.9943280e+06   4.8400879e+01
   4.9949550e+06   4.1442871e+01
   4.9980960e+06   3.6865234e+01
   5.0009150e+06   8.3312988e+01
   5.0021340e+06   7.5195313e+01
   5.0066990e+06   8.5388184e+01
   5.0114320e+06   8.8012695e+01
   5.0136860e+06   8.2519531e+01
   5.0140660e+06   7.0190430e+01
   5.0142930e+06   5.7434082e+01
   5.0229770e+06   4.9255371e+01
   5.0346800e+06   3.6865234e+01
   5.0357950e+06   8.2397461e+01
   5.0360830e+06   3.6560059e+01
   5.0415210e+06   9.0576172e+01
   5.0426890e+06   3.7902832e+01
   5.0451590e+06   8.7951660e+01
   5.0509980e+06   8.9355469e+01
   5.0519320e+06   3.6865234e+01
   5.0545540e+06   4.5043945e+01
   5.0550190e+06   9.1369629e+01
   5.0581670e+06   8.0383301e+01
   5.0586280e+06   7.5500488e+01
   5.0587900e+06   3.7536621e+01
   5.0649790e+06   7.9528809e+01
   5.0665920e+06   4.8706055e+01
   5.0690590e+06   8.0627441e+01
   5.0705690e+06   7.8674316e+01
   5.0815800e+06   4.4006348e+01
   5.0819470e+06   4.0466309e+01
   5.0845960e+06   9.0393066e+01
   5.0885190e+06   9.0332031e+01
   5.0917680e+06   9.0148926e+01
   5.0920840e+06   7.0983887e+01
   5.0923200e+06   5.3710938e+01
   5.0949460e+06   4.6813965e+01
   5.1036800e+06   8.9843750e+01
   5.1084510e+06   8.9477539e+01
   5.1127570e+06   4.6264648e+01
   5.1143080e+06   7.8186035e+01
   5.1203710e+06   9.2041016e+01
   5.1230450e+06   8.2275391e+01
   5.1273380e+06   8.9599609e+01
   5.1333820e+06   3.6682129e+01
   5.1370180e+06   8.7890625e+01
   5.1375590e+06   7.9162598e+01
   5.1377080e+06   5.7922363e+01
   5.1542670e+06   8.1481934e+01
   5.1562190e+06   8.2275391e+01
   5.1564540e+06   7.8979492e+01
   5.1568510e+06   4.8217773e+01
   5.1577650e+06   8.0444336e+01
   5.1580380e+06   6.3781738e+01
   5.1581780e+06   4.2480469e+01
   5.1611000e+06   3.6987305e+01
   5.1722590e+06   3.7231445e+01
   5.1890380e+06   9.0270996e+01
   5.1902540e+06   5.2124023e+01
   5.1956320e+06   1.0754395e+02
   5.2032650e+06   9.9548340e+01
   5.2035780e+06   7.8918457e+01
   5.2039620e+06   7.8247070e+01
   5.2041690e+06   5.7250977e+01
   5.2044040e+06   5.0659180e+01
   5.2108130e+06   4.8095703e+01
   5.2198850e+06   9.7778320e+01
   5.2261680e+06   5.1513672e+01
   5.2305110e+06   7.9895020e+01
   5.2329060e+06   7.4340820e+01
   5.2333530e+06   7.6782227e+01
   5.2335360e+06   6.0241699e+01
   5.2401520e+06   8.8684082e+01
   5.2493880e+06   8.8439941e+01
   5.2502200e+06   4.1015625e+01
   5.2551370e+06   8.3496094e+01
   5.2583800e+06   8.9355469e+01
   5.2618740e+06   4.1809082e+01
   5.2655910e+06   9.1308594e+01
   5.2682300e+06   7.9528809e+01
   5.2690620e+06   8.2397461e+01
   5.2776070e+06   8.4411621e+01
   5.2786870e+06   8.0322266e+01
   5.2788630e+06   7.2937012e+01
   5.2789110e+06   4.6264648e+01
   5.2789850e+06   3.7170410e+01
   5.2941940e+06   5.2001953e+01
   5.3035720e+06   4.6691895e+01
   5.3086160e+06   9.3688965e+01
   5.3110580e+06   8.9294434e+01
   5.3122670e+06   3.7048340e+01
   5.3129920e+06   4.7607422e+01
   5.3169340e+06   8.2824707e+01
   5.3251950e+06   4.5349121e+01
   5.3260660e+06   4.1748047e+01
   5.3278590e+06   8.3557129e+01
   5.3282160e+06   7.2021484e+01
   5.3284350e+06   6.4392090e+01
   5.3285620e+06   4.9926758e+01
   5.3325990e+06   3.9001465e+01
   5.3389450e+06   5.2307129e+01
   5.3422650e+06   1.0632324e+02
   5.3476550e+06   4.5715332e+01
   5.3545130e+06   9.9670410e+01
   5.3546590e+06   4.7363281e+01
   5.3571700e+06   9.5336914e+01
   5.3611260e+06   5.0292969e+01
   5.3659910e+06   3.7902832e+01
   5.3660580e+06   9.4177246e+01
   5.3714690e+06   8.4167480e+01
   5.3724770e+06   7.4096680e+01
   5.3740430e+06   8.3251953e+01
   5.3743390e+06   7.2387695e+01
   5.3745840e+06   5.5480957e+01
   5.3748030e+06   3.7048340e+01
   5.3777870e+06   4.4128418e+01
   5.3926090e+06   3.8879395e+01
   5.3943490e+06   9.1003418e+01
   5.4032960e+06   9.4726562e+01
   5.4049930e+06   5.0537109e+01
   5.4052300e+06   8.5632324e+01
   5.4089050e+06   9.6374512e+01
   5.4156330e+06   9.0087891e+01
   5.4221260e+06   3.9550781e+01
   5.4230400e+06   8.4472656e+01
   5.4232180e+06   8.7158203e+01
   5.4291040e+06   9.8388672e+01
   5.4349010e+06   8.7341309e+01
   5.4427500e+06   3.6865234e+01
   5.4439200e+06   8.0810547e+01
   5.4451090e+06   3.9245605e+01
   5.4463650e+06   4.4738770e+01
   5.4496210e+06   7.9223633e+01
   5.4548040e+06   7.9406738e+01
   5.4573870e+06   4.6508789e+01
   5.4591450e+06   8.6669922e+01
   5.4671860e+06   8.6242676e+01
   5.4709720e+06   3.8269043e+01
   5.4736630e+06   8.7829590e+01
   5.4753350e+06   9.1857910e+01
   5.4767000e+06   7.1533203e+01
   5.4824520e+06   4.8217773e+01
   5.4936570e+06   9.4116211e+01
   5.5005760e+06   9.5092773e+01
   5.5034700e+06   8.7402344e+01
   5.5072250e+06   8.4228516e+01
   5.5086570e+06   4.2663574e+01
   5.5122220e+06   3.7048340e+01
   5.5129100e+06   8.4228516e+01
   5.5131020e+06   8.1909180e+01
   5.5133060e+06   6.8359375e+01
   5.5134850e+06   4.8889160e+01
   5.5150960e+06   3.8452148e+01
   5.5285300e+06   9.1674805e+01
   5.5378870e+06   4.3640137e+01
   5.5459280e+06   8.6730957e+01
   5.5473010e+06   4.5593262e+01
   5.5530650e+06   9.1308594e+01
   5.5551940e+06   7.2692871e+01
   5.5569890e+06   8.2458496e+01
   5.5597120e+06   3.9611816e+01
   5.5633840e+06   5.1391602e+01
   5.5656600e+06   9.1186523e+01
   5.5693110e+06   3.9245605e+01
   5.5709680e+06   8.7402344e+01
   5.5733090e+06   9.5825195e+01
   5.5736200e+06   7.3974609e+01
   5.5738730e+06   5.7922363e+01
   5.5751740e+06   7.2448730e+01
   5.5753180e+06   5.6762695e+01
   5.5753730e+06   4.9194336e+01
   5.5755730e+06   5.3222656e+01
   5.5815200e+06   3.7048340e+01
   5.5949470e+06   3.7292480e+01
   5.5970320e+06   4.3701172e+01
   5.6010150e+06   9.5947266e+01
   5.6102200e+06   5.2368164e+01
   5.6105440e+06   5.6945801e+01
   5.6144700e+06   9.3933105e+01
   5.6154980e+06   7.8552246e+01
   5.6157340e+06   7.1655273e+01
   5.6243750e+06   3.7109375e+01
   5.6245300e+06   9.2102051e+01
   5.6361790e+06   8.7280273e+01
   5.6367490e+06   4.7546387e+01
   5.6398890e+06   9.1308594e+01
   5.6508790e+06   9.5031738e+01
   5.6527020e+06   4.0161133e+01
   5.6532660e+06   3.6621094e+01
   5.6615690e+06   8.6853027e+01
   5.6641630e+06   7.7941895e+01
   5.6644610e+06   8.0932617e+01
   5.6646180e+06   5.7250977e+01
   5.6648090e+06   4.9865723e+01
   5.6673250e+06   5.2307129e+01
   5.6725000e+06   4.1320801e+01
   5.6778370e+06   1.0974121e+02
   5.6816310e+06   8.7829590e+01
   5.6885220e+06   5.7861328e+01
   5.6900210e+06   8.2824707e+01
   5.6904750e+06   7.2753906e+01
   5.6910670e+06   7.4157715e+01
   5.7006700e+06   1.0345459e+02
   5.7052590e+06   8.3251953e+01
   5.7129670e+06   8.8745117e+01
   5.7178000e+06   9.4299316e+01
   5.7217260e+06   4.1931152e+01
   5.7222270e+06   4.6020508e+01
   5.7242780e+06   9.7778320e+01
   5.7258350e+06   7.9467773e+01
   5.7272740e+06   7.5927734e+01
   5.7363920e+06   8.7890625e+01
   5.7405790e+06   5.1513672e+01
   5.7457620e+06   9.8693848e+01
   5.7536610e+06   4.9865723e+01
   5.7584300e+06   1.1029053e+02
   5.7600510e+06   8.6730957e+01
   5.7604430e+06   8.3251953e+01
   5.7653640e+06   3.9672852e+01
   5.7754230e+06   4.2480469e+01
   5.7760960e+06   8.9965820e+01
   5.7825700e+06   9.6069336e+01
   5.7935110e+06   8.9843750e+01
   5.7986200e+06   9.2773438e+01
   5.7990060e+06   7.5683594e+01
   5.7991970e+06   6.3354492e+01
   5.7993480e+06   4.3762207e+01
   5.8013560e+06   5.0659180e+01
   5.8137700e+06   3.7658691e+01
   5.8160010e+06   9.6435547e+01
   5.8241050e+06   9.0393066e+01
   5.8245890e+06   7.3791504e+01
   5.8248650e+06   6.2011719e+01
   5.8250780e+06   5.2551270e+01
   5.8348040e+06   5.0720215e+01
   5.8470140e+06   9.7473145e+01
   5.8487330e+06   7.4340820e+01
   5.8533340e+06   4.3457031e+01
   5.8583840e+06   9.1491699e+01
   5.8626020e+06   4.4189453e+01
   5.8626610e+06   6.7382812e+01
   5.8676790e+06   8.6486816e+01
   5.8758400e+06   9.1186523e+01
   5.8778820e+06   4.1137695e+01
   5.8788010e+06   5.4504395e+01
   5.8811610e+06   8.8684082e+01
   5.8844420e+06   9.3322754e+01
   5.8960020e+06   8.4899902e+01
   5.8990540e+06   8.2641602e+01
   5.9051600e+06   8.7829590e+01
   5.9081140e+06   8.3374023e+01
   5.9086560e+06   8.4960938e+01
   5.9089050e+06   5.9509277e+01
   5.9091220e+06   5.5053711e+01
   5.9094540e+06   3.7048340e+01
   5.9100900e+06   4.4799805e+01
   5.9194440e+06   4.3029785e+01
   5.9274640e+06   9.8083496e+01
   5.9342330e+06   8.0993652e+01
   5.9345860e+06   8.3679199e+01
   5.9386410e+06   4.9682617e+01
   5.9483490e+06   8.6059570e+01
   5.9485530e+06   8.4594727e+01
   5.9486910e+06   6.8969727e+01
   5.9488270e+06   4.2358398e+01
   5.9552960e+06   4.9438477e+01
   5.9652260e+06   9.6313477e+01
   5.9676150e+06   5.6579590e+01
   5.9735110e+06   9.0454102e+01
   5.9777140e+06   8.6730957e+01
   5.9809780e+06   9.2224121e+01
   5.9882760e+06   9.4360352e+01
   5.9889230e+06   3.9184570e+01
   5.9920960e+06   8.2397461e+01
   6.0149950e+06   8.9233398e+01
   6.0186730e+06   9.3750000e+01
   6.0211600e+06   4.7607422e+01
   6.0266750e+06   9.1735840e+01
   6.0304800e+06   9.9487305e+01
   6.0337010e+06   9.1552734e+01
   6.0342250e+06   7.0373535e+01
   6.0492820e+06   9.5031738e+01
   6.0528530e+06   7.8979492e+01
   6.0560610e+06   4.9072266e+01
   6.0657020e+06   8.8867188e+01
   6.0677220e+06   4.8889160e+01
   6.0678100e+06   8.3984375e+01
   6.0689670e+06   7.8735352e+01
   6.0692770e+06   6.9763184e+01
   6.0694100e+06   4.0588379e+01
   6.0830410e+06   3.7048340e+01
   6.0847370e+06   3.7475586e+01
   6.0873270e+06   8.3129883e+01
   6.0954800e+06   5.9143066e+01
   6.0959500e+06   4.0832520e+01
   6.1038380e+06   9.0515137e+01
   6.1045530e+06   8.4899902e+01
   6.1069020e+06   7.4645996e+01
   6.1135990e+06   9.1308594e+01
   6.1157060e+06   3.7353516e+01
   6.1200570e+06   9.3383789e+01
   6.1220770e+06   4.8095703e+01
   6.1295830e+06   7.9101562e+01
   6.1394900e+06   4.4799805e+01
   6.1425310e+06   3.7597656e+01
   6.1449900e+06   1.0211182e+02
   6.1522540e+06   9.1552734e+01
   6.1549440e+06   9.6984863e+01
   6.1599480e+06   5.0903320e+01
   6.1644290e+06   9.7106934e+01
   6.1691060e+06   8.4594727e+01
   6.1732670e+06   9.1857910e+01
   6.1737010e+06   3.6560059e+01
   6.1793430e+06   9.8327637e+01
   6.1826840e+06   8.2580566e+01
   6.1833830e+06   5.2490234e+01
   6.1937750e+06   8.9294434e+01
   6.1957710e+06   9.5703125e+01
   6.1960280e+06   8.4594727e+01
   6.1963800e+06   6.1706543e+01
   6.1965760e+06   4.7363281e+01
   6.2219140e+06   3.8208008e+01
   6.2237520e+06   5.0781250e+01
   6.2246030e+06   9.5886230e+01
   6.2319900e+06   8.5815430e+01
   6.2424510e+06   5.0842285e+01
   6.2444860e+06   8.6486816e+01
   6.2520060e+06   9.2224121e+01
   6.2645350e+06   8.7890625e+01
   6.2751780e+06   9.6679688e+01
   6.2771960e+06   8.6120605e+01
   6.2775450e+06   8.0261230e+01
   6.2892040e+06   9.4482422e+01
   6.2900670e+06   8.2031250e+01
   6.2903090e+06   7.2631836e+01
   6.2914980e+06   8.4594727e+01
   6.2916840e+06   4.4433594e+01
   6.2921790e+06   4.4616699e+01
   6.2985020e+06   5.1086426e+01
   6.3103210e+06   4.0100098e+01
   6.3209840e+06   5.6274414e+01
   6.3320740e+06   8.9355469e+01
   6.3346080e+06   3.8696289e+01
   6.3362950e+06   4.8828125e+01
   6.3368130e+06   3.7475586e+01
   6.3426120e+06   3.7475586e+01
   6.3486460e+06   7.8857422e+01
   6.3513860e+06   4.4738770e+01
   6.3520810e+06   9.5947266e+01
   6.3567720e+06   8.6181641e+01
   6.3749150e+06   9.7412109e+01
   6.3768050e+06   9.0515137e+01
   6.3785440e+06   4.6508789e+01
   6.3895740e+06   9.0209961e+01
   6.3909000e+06   5.5480957e+01
   6.4030880e+06   3.6621094e+01
   6.4042920e+06   8.1604004e+01
   6.4083790e+06   8.7402344e+01
   6.4125350e+06   8.7463379e+01
   6.4158250e+06   8.9111328e+01
   6.4196400e+06   8.3190918e+01
   6.4255460e+06   8.2824707e+01
   6.4296550e+06   9.3566895e+01
   6.4300430e+06   7.5744629e+01
   6.4302700e+06   6.6528320e+01
   6.4304540e+06   4.7546387e+01
   6.4307920e+06   5.2001953e+01
   6.4572660e+06   4.0100098e+01
   6.4642190e+06   8.4350586e+01
   6.4715770e+06   9.9792480e+01
   6.4728280e+06   8.9111328e+01
   6.4742080e+06   8.7951660e+01
   6.4746930e+06   7.2509766e+01
   6.4767570e+06   3.8452148e+01
   6.4780390e+06   5.6640625e+01
   6.4868380e+06   3.6682129e+01
   6.4916430e+06   8.1298828e+01
   6.4962780e+06   8.6547852e+01
   6.5004260e+06   9.0576172e+01
   6.5016690e+06   5.4992676e+01
   6.5123600e+06   4.7912598e+01
   6.5155470e+06   8.9599609e+01
   6.5191770e+06   8.1054688e+01
   6.5278940e+06   4.6020508e+01
   6.5288100e+06   9.3566895e+01
   6.5571150e+06   9.4177246e+01
   6.5655790e+06   4.8767090e+01
   6.5720850e+06   9.5642090e+01
   6.5739410e+06   9.5886230e+01
   6.5851160e+06   9.0881348e+01
   6.5854210e+06   8.7219238e+01
   6.5854780e+06   3.9611816e+01
   6.5859560e+06   8.1970215e+01
   6.6061050e+06   9.0820312e+01
   6.6082750e+06   8.9843750e+01
   6.6098440e+06   7.0678711e+01
   6.6100360e+06   7.4584961e+01
   6.6143570e+06   4.2480469e+01
   6.6271240e+06   9.8083496e+01
   6.6304730e+06   9.0637207e+01
   6.6337360e+06   9.1003418e+01
   6.6382640e+06   8.1787109e+01
   6.6413200e+06   5.1452637e+01
   6.6418930e+06   3.8696289e+01
   6.6555010e+06   8.1909180e+01
   6.6578580e+06   4.3762207e+01
   6.6603460e+06   9.5275879e+01
   6.6618540e+06   9.0332031e+01
   6.6659450e+06   3.8513184e+01
   6.6766990e+06   1.0058594e+02
   6.6814430e+06   9.3933105e+01
   6.6823050e+06   5.1452637e+01
   6.6839990e+06   8.2946777e+01
   6.6843780e+06   7.6477051e+01
   6.6934050e+06   8.9294434e+01
   6.7002870e+06   9.0332031e+01
   6.7036130e+06   8.9172363e+01
   6.7038530e+06   7.5378418e+01
   6.7041100e+06   6.9946289e+01
   6.7042630e+06   4.4006348e+01
   6.7125560e+06   4.0649414e+01
   6.7128100e+06   5.8349609e+01
   6.7154100e+06   8.4289551e+01
   6.7253300e+06   4.5349121e+01
   6.7268990e+06   9.1186523e+01
   6.7273350e+06   8.1604004e+01
   6.7285070e+06   7.2753906e+01
   6.7289210e+06   7.3608398e+01
   6.7290860e+06   5.4687500e+01
   6.7332320e+06   3.7658691e+01
   6.7340840e+06   7.6477051e+01
   6.7355870e+06   8.0505371e+01
   6.7357540e+06   6.8115234e+01
   6.7358900e+06   3.9916992e+01
   6.7501940e+06   5.0781250e+01
   6.7601480e+06   5.3039551e+01
   6.7820190e+06   9.0881348e+01
   6.7824460e+06   3.9978027e+01
   6.7849190e+06   7.8430176e+01
   6.7981660e+06   1.0620117e+02
   6.7996880e+06   8.5754395e+01
   6.8001710e+06   7.9040527e+01
   6.8004010e+06   7.7026367e+01
   6.8083950e+06   3.8146973e+01
   6.8096590e+06   8.9111328e+01
   6.8122830e+06   3.8696289e+01
   6.8261340e+06   9.4726562e+01
   6.8339080e+06   3.6621094e+01
   6.8380500e+06   9.2956543e+01
   6.8402050e+06   1.0198975e+02
   6.8573650e+06   8.6914062e+01
   6.8586470e+06   7.7941895e+01
   6.8591370e+06   7.2753906e+01
   6.8592740e+06   4.9926758e+01
   6.8593790e+06   5.6640625e+01
   6.8594330e+06   4.7241211e+01
   6.8917290e+06   8.9172363e+01
   6.8951600e+06   4.6936035e+01
   6.8973060e+06   9.4726562e+01
   6.9012520e+06   9.1430664e+01
   6.9017880e+06   8.4655762e+01
   6.9062580e+06   4.4250488e+01
   6.9259140e+06   9.8937988e+01
   6.9270120e+06   4.1076660e+01
   6.9303270e+06   9.6191406e+01
   6.9344090e+06   1.0205078e+02
   6.9369090e+06   7.6049805e+01
   6.9372900e+06   5.2429199e+01
   6.9411340e+06   7.8552246e+01
   6.9412810e+06   7.5012207e+01
   6.9415100e+06   6.1767578e+01
   6.9511920e+06   3.9123535e+01
   6.9632790e+06   9.4238281e+01
   6.9700380e+06   9.7473145e+01
   6.9798350e+06   5.6274414e+01
   6.9893340e+06   1.0327148e+02
   6.9935330e+06   9.2285156e+01
   7.0025830e+06   1.0089111e+02
   7.0058710e+06   9.7473145e+01
   7.0072710e+06   7.5988770e+01
   7.0132790e+06   8.8623047e+01
   7.0215520e+06   9.8144531e+01
   7.0257700e+06   3.6560059e+01
   7.0262600e+06   9.1918945e+01
   7.0264920e+06   7.4707031e+01
   7.0267050e+06   6.1096191e+01
   7.0268720e+06   4.7485352e+01
   7.0270340e+06   3.8513184e+01
   7.0381680e+06   3.7902832e+01
   7.0445540e+06   5.3161621e+01
   7.0470310e+06   3.6682129e+01
   7.0536060e+06   3.7048340e+01
   7.0537420e+06   8.9050293e+01
   7.0564980e+06   4.8889160e+01
   7.0764980e+06   7.9772949e+01
   7.0800990e+06   8.8806152e+01
   7.0832070e+06   1.0778809e+02
   7.0835290e+06   7.8430176e+01
   7.0842990e+06   4.7058105e+01
   7.0846590e+06   5.9997559e+01
   7.0848020e+06   3.9550781e+01
   7.0951130e+06   5.6579590e+01
   7.1151010e+06   8.7524414e+01
   7.1168400e+06   9.2041016e+01
   7.1262520e+06   7.7941895e+01
   7.1327590e+06   3.9672852e+01
   7.1332130e+06   9.0209961e+01
   7.1471910e+06   4.7790527e+01
   7.1499350e+06   9.3872070e+01
   7.1527830e+06   7.9711914e+01
   7.1570180e+06   8.7402344e+01
   7.1571670e+06   4.5593262e+01
   7.1574890e+06   6.8115234e+01
   7.1688500e+06   4.3701172e+01
   7.1770660e+06   9.2407227e+01
   7.1799410e+06   5.1696777e+01
   7.1816700e+06   8.4655762e+01
   7.1849050e+06   8.5083008e+01
   7.2000320e+06   5.2551270e+01
   7.2005170e+06   9.6191406e+01
   7.2029930e+06   8.7951660e+01
   7.2073090e+06   8.7402344e+01
   7.2082650e+06   5.3039551e+01
   7.2175560e+06   9.0332031e+01
   7.2201920e+06   4.6203613e+01
   7.2263790e+06   9.0576172e+01
   7.2316260e+06   8.9111328e+01
   7.2332010e+06   8.8500977e+01
   7.2335210e+06   8.3068848e+01
   7.2390380e+06   8.4228516e+01
   7.2410090e+06   3.9123535e+01
   7.2425010e+06   3.8085938e+01
   7.2439500e+06   4.5104980e+01
   7.2457820e+06   4.1137695e+01
   7.2470310e+06   9.1613770e+01
   7.2501970e+06   8.2763672e+01
   7.2511370e+06   7.5195312e+01
   7.2530410e+06   5.6518555e+01
   7.2543910e+06   9.3017578e+01
   7.2601680e+06   8.9477539e+01
   7.2621990e+06   4.7302246e+01
   7.2817510e+06   9.3505859e+01
   7.2825830e+06   8.3068848e+01
   7.2827600e+06   6.6772461e+01
   7.2829520e+06   5.7739258e+01
   7.2832100e+06   5.7739258e+01
   7.2834590e+06   4.5776367e+01
   7.2971460e+06   3.9550781e+01
   7.3044530e+06   9.2163086e+01
   7.3050290e+06   4.7180176e+01
   7.3175580e+06   8.3374023e+01
   7.3185270e+06   3.8696289e+01
   7.3259280e+06   9.7595215e+01
   7.3264960e+06   7.7026367e+01
   7.3267610e+06   6.5368652e+01
   7.3270340e+06   6.9702148e+01
   7.3272390e+06   3.7231445e+01
   7.3327100e+06   4.4250488e+01
   7.3351680e+06   4.0832520e+01
   7.3408290e+06   8.4594727e+01
   7.3419120e+06   9.0576172e+01
   7.3423660e+06   4.3823242e+01
   7.3426130e+06   7.1899414e+01
   7.3428340e+06   3.9916992e+01
   7.3460090e+06   8.8012695e+01
   7.3470210e+06   8.5510254e+01
   7.3472480e+06   5.6945801e+01
   7.3473940e+06   4.3273926e+01
   7.3477520e+06   5.7006836e+01
   7.3569820e+06   4.9133301e+01
   7.3576300e+06   3.9428711e+01
   7.3829140e+06   7.2631836e+01
   7.3857650e+06   5.4931641e+01
   7.3909780e+06   9.1491699e+01
   7.3991190e+06   8.9721680e+01
   7.4062840e+06   9.6984863e+01
   7.4161290e+06   3.6804199e+01
   7.4163570e+06   4.9926758e+01
   7.4172390e+06   9.5886230e+01
   7.4222440e+06   4.0710449e+01
   7.4343020e+06   4.9560547e+01
   7.4351610e+06   8.9111328e+01
   7.4386280e+06   8.6120605e+01
   7.4407120e+06   7.8186035e+01
   7.4478070e+06   9.9182129e+01
   7.4484830e+06   9.0332031e+01
   7.4498460e+06   5.7250977e+01
   7.4509880e+06   7.6599121e+01
   7.4511770e+06   6.9396973e+01
   7.4513350e+06   5.1696777e+01
   7.4543990e+06   7.5805664e+01
   7.4614780e+06   4.6630859e+01
   7.4637990e+06   3.9611816e+01
   7.4654460e+06   9.1003418e+01
   7.4793410e+06   6.5673828e+01
   7.4830820e+06   9.7229004e+01
   7.4855160e+06   8.6059570e+01
   7.4881080e+06   4.1076660e+01
   7.4980640e+06   8.9843750e+01
   7.5055750e+06   8.3740234e+01
   7.5061340e+06   8.2092285e+01
   7.5063270e+06   5.2551270e+01
   7.5064900e+06   4.9560547e+01
   7.5153170e+06   4.1748047e+01
   7.5162940e+06   3.9245605e+01
   7.5281370e+06   9.0026855e+01
   7.5367380e+06   5.6518555e+01
   7.5382370e+06   9.5275879e+01
   7.5422750e+06   8.9111328e+01
   7.5448530e+06   8.1970215e+01
   7.5468870e+06   5.2673340e+01
   7.5531400e+06   9.3078613e+01
   7.5574850e+06   4.1198730e+01
   7.5585610e+06   3.7963867e+01
   7.5639940e+06   9.6191406e+01
   7.5716350e+06   1.0040283e+02
   7.5718740e+06   7.6843262e+01
   7.5720780e+06   6.5307617e+01
   7.5724140e+06   6.2744141e+01
   7.5725420e+06   3.8024902e+01
   7.5740380e+06   7.0434570e+01
   7.5791530e+06   3.8085938e+01
   7.5948100e+06   8.1542969e+01
   7.5953050e+06   4.8095703e+01
   7.6012730e+06   8.3557129e+01
   7.6023600e+06   8.3129883e+01
   7.6026760e+06   6.9274902e+01
   7.6031010e+06   5.0598145e+01
   7.6102670e+06   8.9233398e+01
   7.6126300e+06   4.9865723e+01
   7.6207840e+06   8.8623047e+01
   7.6224890e+06   4.0649414e+01
   7.6262710e+06   8.4411621e+01
   7.6336640e+06   9.0576172e+01
   7.6388840e+06   4.2480469e+01
   7.6450190e+06   9.2102051e+01
   7.6549790e+06   9.0454102e+01
   7.6561890e+06   4.6569824e+01
   7.6581040e+06   9.0087891e+01
   7.6583420e+06   7.0556641e+01
   7.6649780e+06   5.0048828e+01
   7.6712170e+06   9.3444824e+01
   7.6722760e+06   8.3862305e+01
   7.6749930e+06   8.7524414e+01
   7.6781070e+06   7.8491211e+01
   7.6783950e+06   4.4677734e+01
   7.6785110e+06   7.5744629e+01
   7.6787680e+06   6.7016602e+01
   7.6977730e+06   4.9316406e+01
   7.7034880e+06   8.9172363e+01
   7.7058290e+06   8.2946777e+01
   7.7067780e+06   7.7209473e+01
   7.7070050e+06   6.1950684e+01
   7.7072360e+06   5.0354004e+01
   7.7091440e+06   3.6926270e+01
   7.7138560e+06   3.7292480e+01
   7.7170490e+06   5.2917480e+01
   7.7249450e+06   4.1992188e+01
   7.7354650e+06   3.9245605e+01
   7.7388010e+06   9.5458984e+01
   7.7391690e+06   8.2580566e+01
   7.7394670e+06   5.5847168e+01
   7.7433780e+06   8.8928223e+01
   7.7452890e+06   9.4360352e+01
   7.7462990e+06   8.6669922e+01
   7.7474230e+06   5.1391602e+01
   7.7572850e+06   4.9682617e+01
   7.7625830e+06   8.9599609e+01
   7.7646220e+06   4.9804688e+01
   7.7664450e+06   8.5266113e+01
   7.7725070e+06   8.4594727e+01
   7.7757670e+06   9.0820312e+01
   7.7764270e+06   8.1420898e+01
   7.7821950e+06   4.2541504e+01
   7.7848890e+06   9.0515137e+01
   7.7854530e+06   9.3933105e+01
   7.7856090e+06   4.6203613e+01
   7.7858060e+06   5.4138184e+01
   7.7859870e+06   3.7658691e+01
   7.7894420e+06   8.8256836e+01
   7.7896600e+06   6.4636230e+01
   7.7907550e+06   4.2663574e+01
   7.8004090e+06   3.9733887e+01
   7.8079370e+06   8.9904785e+01
   7.8082700e+06   8.1176758e+01
   7.8114990e+06   4.8645020e+01
   7.8175410e+06   9.2651367e+01
   7.8223070e+06   8.8806152e+01
   7.8274920e+06   9.0209961e+01
   7.8305720e+06   5.2551270e+01
   7.8335450e+06   7.9650879e+01
   7.8383990e+06   8.2580566e+01
   7.8405120e+06   4.1625977e+01
   7.8425930e+06   7.8369141e+01
   7.8469230e+06   8.4655762e+01
   7.8482130e+06   7.0922852e+01
   7.8485840e+06   4.9072266e+01
   7.8488250e+06   6.4941406e+01
   7.8490230e+06   3.7292480e+01
   7.8496740e+06   4.3334961e+01
   7.8571210e+06   4.5043945e+01
   7.8632360e+06   8.9843750e+01
   7.8635270e+06   8.6975098e+01
   7.8657200e+06   4.0710449e+01
   7.8728550e+06   5.0659180e+01
   7.8806800e+06   5.2856445e+01
   7.8813800e+06   8.8378906e+01
   7.8880850e+06   1.0266113e+02
   7.8900240e+06   8.8317871e+01
   7.8901980e+06   6.4086914e+01
   7.8909270e+06   5.1513672e+01
   7.8955190e+06   8.2092285e+01
   7.8968800e+06   8.6669922e+01
   7.8970090e+06   5.1818848e+01
   7.8970800e+06   6.3232422e+01
   7.8973510e+06   5.6335449e+01
   7.8989900e+06   3.6865234e+01
   7.9160900e+06   1.0021973e+02
   7.9165120e+06   8.5815430e+01
   7.9170480e+06   4.4067383e+01
   7.9356440e+06   8.3923340e+01
   7.9371570e+06   4.3029785e+01
   7.9411600e+06   8.4411621e+01
   7.9454080e+06   8.1481934e+01
   7.9511840e+06   4.0222168e+01
   7.9516070e+06   7.9345703e+01
   7.9552850e+06   9.6435547e+01
   7.9581580e+06   7.1533203e+01
   7.9649040e+06   4.2968750e+01
   7.9652380e+06   9.3261719e+01
   7.9655170e+06   7.8552246e+01
   7.9657310e+06   6.7016602e+01
   7.9659720e+06   4.2968750e+01
   7.9667420e+06   6.4514160e+01
   7.9669150e+06   4.2480469e+01
   7.9832600e+06   4.7607422e+01
   7.9930040e+06   9.0087891e+01
   7.9956320e+06   4.8706055e+01
   7.9994600e+06   8.7402344e+01
   8.0035730e+06   8.5998535e+01
   8.0093290e+06   4.8156738e+01
   8.0138310e+06   3.7719727e+01
   8.0148380e+06   8.7707520e+01
   8.0182260e+06   4.5166016e+01
   8.0186240e+06   8.0383301e+01
   8.0195930e+06   8.5510254e+01
   8.0253590e+06   8.6120605e+01
   8.0264000e+06   4.7851562e+01
   8.0290620e+06   7.9040527e+01
   8.0400670e+06   9.0881348e+01
   8.0421500e+06   7.9650879e+01
   8.0425710e+06   6.7565918e+01
   8.0428910e+06   6.4819336e+01
   8.0468830e+06   4.9743652e+01
   8.0528990e+06   8.8134766e+01
   8.0563840e+06   4.3090820e+01
   8.0612520e+06   9.6191406e+01
   8.0635430e+06   5.1696777e+01
   8.0654140e+06   9.8815918e+01
   8.0684170e+06   7.6232910e+01
   8.0712170e+06   8.5083008e+01
   8.0732630e+06   7.6660156e+01
   8.0734640e+06   6.1157227e+01
   8.0737200e+06   5.6762695e+01
   8.0798060e+06   4.3762207e+01
   8.0844760e+06   8.6791992e+01
   8.0921510e+06   8.8439941e+01
   8.0926420e+06   4.7790527e+01
   8.0940090e+06   8.0078125e+01
   8.0945790e+06   7.0434570e+01
   8.0947900e+06   5.3039551e+01
   8.0950850e+06   6.0241699e+01
   8.1013540e+06   4.9682617e+01
   8.1085310e+06   8.2946777e+01
   8.1101240e+06   8.5571289e+01
   8.1104220e+06   5.9448242e+01
   8.1127280e+06   4.6386719e+01
   8.1177090e+06   9.4909668e+01
   8.1182360e+06   7.3364258e+01
   8.1187280e+06   6.3537598e+01
   8.1188990e+06   4.3518066e+01
   8.1210640e+06   4.5593262e+01
   8.1335830e+06   4.4860840e+01
   8.1423460e+06   8.6120605e+01
   8.1423670e+06   3.6743164e+01
   8.1426920e+06   8.5693359e+01
   8.1429010e+06   6.4453125e+01
   8.1430910e+06   5.7128906e+01
   8.1565980e+06   4.8583984e+01
   8.1692580e+06   8.3557129e+01
   8.1730310e+06   4.6508789e+01
   8.1771410e+06   8.8500977e+01
   8.1789100e+06   9.3322754e+01
   8.1799140e+06   5.2490234e+01
   8.1815300e+06   3.9611816e+01
   8.1866780e+06   8.7707520e+01
   8.1901530e+06   8.4228516e+01
   8.1949750e+06   8.6425781e+01
   8.1954800e+06   5.2551270e+01
   8.1974790e+06   7.1350098e+01
   8.1979350e+06   7.1105957e+01
   8.1982630e+06   6.6467285e+01
   8.1985290e+06   4.2907715e+01
   8.2016700e+06   7.0251465e+01
   8.2029270e+06   6.9396973e+01
   8.2031770e+06   5.3955078e+01
   8.2073280e+06   4.8400879e+01
   8.2167360e+06   3.6743164e+01
   8.2200020e+06   8.0932617e+01
   8.2203050e+06   7.9772949e+01
   8.2205320e+06   7.1716309e+01
   8.2207070e+06   4.9865723e+01
   8.2227440e+06   4.7973633e+01
   8.2320160e+06   4.5532227e+01
   8.2342020e+06   8.8623047e+01
   8.2374940e+06   8.1970215e+01
   8.2378460e+06   7.8552246e+01
   8.2500150e+06   8.0932617e+01
   8.2503230e+06   4.6142578e+01
   8.2548070e+06   9.0576172e+01
   8.2552350e+06   8.3557129e+01
   8.2554550e+06   6.3659668e+01
   8.2560720e+06   5.4382324e+01
   8.2562000e+06   4.0771484e+01
   8.2651070e+06   5.2795410e+01
   8.2684350e+06   8.3435059e+01
   8.2754580e+06   8.2824707e+01
   8.2778300e+06   7.9284668e+01
   8.2787170e+06   4.3884277e+01
   8.2877810e+06   8.8623047e+01
   8.2884560e+06   3.9062500e+01
   8.2890500e+06   8.8378906e+01
   8.2892140e+06   7.1594238e+01
   8.2894660e+06   5.3588867e+01
   8.2896850e+06   4.7546387e+01
   8.2898800e+06   4.1076660e+01
   8.2913620e+06   3.7292480e+01
   8.3035030e+06   4.4860840e+01
   8.3072320e+06   8.2397461e+01
   8.3134680e+06   4.9316406e+01
   8.3170790e+06   8.5937500e+01
   8.3227460e+06   8.7219238e+01
   8.3269040e+06   3.7536621e+01
   8.3303870e+06   8.5754395e+01
   8.3341920e+06   7.6721191e+01
   8.3373630e+06   7.9895020e+01
   8.3376380e+06   8.1909180e+01
   8.3387120e+06   4.9438477e+01
   8.3459780e+06   8.6547852e+01
   8.3471060e+06   3.7780762e+01
   8.3500610e+06   7.9528809e+01
   8.3517210e+06   7.7209473e+01
   8.3541010e+06   3.7231445e+01
   8.3549680e+06   8.3557129e+01
   8.3624870e+06   4.4555664e+01
   8.3632770e+06   9.7900391e+01
   8.3669820e+06   8.0749512e+01
   8.3673400e+06   7.8491211e+01
   8.3728490e+06   5.2246094e+01
   8.3731100e+06   8.1787109e+01
   8.3785420e+06   7.4157715e+01
   8.3814540e+06   8.3435059e+01
   8.3827370e+06   8.0444336e+01
   8.3829580e+06   6.5612793e+01
   8.3897910e+06   7.7392578e+01
   8.3929170e+06   4.5227051e+01
   8.3936770e+06   9.3566895e+01
   8.3990450e+06   4.6020508e+01
   8.4038130e+06   8.7097168e+01
   8.4042620e+06   7.6293945e+01
   8.4045680e+06   6.5307617e+01
   8.4048100e+06   5.7495117e+01
   8.4085210e+06   4.6386719e+01
   8.4140760e+06   4.6752930e+01
   8.4248510e+06   9.7412109e+01
   8.4255160e+06   7.7148438e+01
   8.4291190e+06   4.6691895e+01
   8.4293510e+06   8.4716797e+01
   8.4389320e+06   9.5214844e+01
   8.4411110e+06   8.5876465e+01
   8.4418530e+06   8.0627441e+01
   8.4420640e+06   5.2978516e+01
   8.4422850e+06   5.0659180e+01
   8.4424690e+06   4.3701172e+01
   8.4470110e+06   4.7302246e+01
   8.4569010e+06   9.2468262e+01
   8.4577360e+06   4.7424316e+01
   8.4650150e+06   3.6804199e+01
   8.4668360e+06   9.4360352e+01
   8.4712920e+06   7.9101562e+01
   8.4733680e+06   3.9978027e+01
   8.4750720e+06   9.2773438e+01
   8.4763300e+06   8.4045410e+01
   8.4767480e+06   5.8776855e+01
   8.4769730e+06   5.1147461e+01
   8.4771750e+06   4.1992188e+01
   8.4792620e+06   5.0292969e+01
   8.4871040e+06   4.9804688e+01
   8.4945570e+06   4.5288086e+01
   8.5002820e+06   1.0168457e+02
   8.5008500e+06   8.5754395e+01
   8.5010970e+06   7.7819824e+01
   8.5016780e+06   7.5256348e+01
   8.5018560e+06   4.1931152e+01
   8.5056850e+06   3.6621094e+01
   8.5133580e+06   6.1706543e+01
   8.5183750e+06   8.6547852e+01
   8.5268920e+06   9.4726562e+01
   8.5306130e+06   3.9062500e+01
   8.5310630e+06   8.8378906e+01
   8.5318860e+06   7.1350098e+01
   8.5326870e+06   8.0627441e+01
   8.5422990e+06   4.3457031e+01
   8.5441850e+06   8.6059570e+01
   8.5457980e+06   7.8796387e+01
   8.5463320e+06   8.0200195e+01
   8.5467260e+06   6.5612793e+01
   8.5493040e+06   4.3579102e+01
   8.5577040e+06   8.7646484e+01
   8.5615440e+06   8.0139160e+01
   8.5632930e+06   4.1137695e+01
   8.5646210e+06   8.3190918e+01
   8.5734880e+06   8.0139160e+01
   8.5741750e+06   7.3852539e+01
   8.5743930e+06   7.2631836e+01
   8.5745820e+06   5.9265137e+01
   8.5747650e+06   3.9245605e+01
   8.5789590e+06   5.0903320e+01
   8.5856280e+06   8.7280273e+01
   8.5955310e+06   8.9538574e+01
   8.5965560e+06   4.4616699e+01
   8.6033480e+06   4.0771484e+01
   8.6035110e+06   9.7961426e+01
   8.6050510e+06   7.7453613e+01
   8.6111680e+06   8.7158203e+01
   8.6116680e+06   4.4982910e+01
   8.6117200e+06   7.3852539e+01
   8.6236310e+06   8.3984375e+01
   8.6255720e+06   9.0820312e+01
   8.6263940e+06   7.9895020e+01
   8.6264620e+06   4.2236328e+01
   8.6325410e+06   4.7241211e+01
   8.6387160e+06   8.4777832e+01
   8.6390250e+06   8.2092285e+01
   8.6393590e+06   6.0668945e+01
   8.6395750e+06   5.0842285e+01
   8.6430900e+06   5.1818848e+01
   8.6446950e+06   7.1960449e+01
   8.6531470e+06   8.1115723e+01
   8.6567830e+06   7.9223633e+01
   8.6613920e+06   4.9987793e+01
   8.6631030e+06   1.0290527e+02
   8.6660980e+06   8.7646484e+01
   8.6695250e+06   8.8195801e+01
   8.6700190e+06   7.5195312e+01
   8.6702340e+06   5.9570312e+01
   8.6729530e+06   7.4951172e+01
   8.6743060e+06   3.9245605e+01
   8.6879420e+06   4.2968750e+01
   8.6892090e+06   8.9599609e+01
   8.6902660e+06   7.7087402e+01
   8.6904400e+06   6.0729980e+01
   8.6908930e+06   6.0974121e+01
   8.7049800e+06   4.8095703e+01
   8.7114330e+06   8.4106445e+01
   8.7128190e+06   4.5898438e+01
   8.7194520e+06   8.4716797e+01
   8.7207470e+06   8.1542969e+01
   8.7208250e+06   4.8583984e+01
   8.7210610e+06   8.5571289e+01
   8.7214100e+06   7.3791504e+01
   8.7215580e+06   4.0710449e+01
   8.7225320e+06   5.0048828e+01
   8.7408120e+06   4.1320801e+01
   8.7486960e+06   9.5214844e+01
   8.7520990e+06   8.6364746e+01
   8.7525000e+06   4.1687012e+01
   8.7562130e+06   8.3984375e+01
   8.7567590e+06   7.4279785e+01
   8.7579520e+06   6.6833496e+01
   8.7610240e+06   4.1809082e+01
   8.7659430e+06   8.8195801e+01
   8.7700130e+06   3.7841797e+01
   8.7719960e+06   9.1125488e+01
   8.7749070e+06   9.4421387e+01
   8.7770330e+06   4.7912598e+01
   8.7775390e+06   7.3364258e+01
   8.7786300e+06   4.2114258e+01
   8.7840950e+06   8.8134766e+01
   8.7861000e+06   7.8613281e+01
   8.7892540e+06   3.9001465e+01
   8.7929330e+06   8.7707520e+01
   8.7945440e+06   8.8745117e+01
   8.7948560e+06   7.2326660e+01
   8.7961510e+06   8.0749512e+01
   8.7975670e+06   3.7536621e+01
   8.8004190e+06   4.8278809e+01
   8.8037770e+06   8.2458496e+01
   8.8106380e+06   8.8562012e+01
   8.8158850e+06   8.8195801e+01
   8.8171930e+06   4.5959473e+01
   8.8176700e+06   7.2143555e+01
   8.8177720e+06   3.8330078e+01
   8.8180840e+06   3.9001465e+01
   8.8237860e+06   7.8247070e+01
   8.8263510e+06   7.8063965e+01
   8.8266470e+06   7.1533203e+01
   8.8267870e+06   4.3029785e+01
   8.8381050e+06   4.1687012e+01
   8.8489020e+06   9.3566895e+01
   8.8493390e+06   7.4768066e+01
   8.8498340e+06   7.1777344e+01
   8.8522620e+06   4.7241211e+01
   8.8553070e+06   7.7636719e+01
   8.8617450e+06   4.3395996e+01
   8.8631790e+06   8.9294434e+01
   8.8697370e+06   4.4128418e+01
   8.8713460e+06   3.7353516e+01
   8.8715430e+06   8.3251953e+01
   8.8742330e+06   3.9184570e+01
   8.8757010e+06   8.8012695e+01
   8.8763090e+06   8.1604004e+01
   8.8781280e+06   7.3608398e+01
   8.8783600e+06   5.9448242e+01
   8.8786990e+06   5.2062988e+01
   8.8839220e+06   4.7058105e+01
   8.8921200e+06   5.0720215e+01
   8.8929490e+06   3.9245605e+01
   8.8995840e+06   8.7829590e+01
   8.9030070e+06   9.8022461e+01
   8.9091320e+06   8.0566406e+01
   8.9096570e+06   7.8735352e+01
   8.9099260e+06   6.9274902e+01
   8.9102310e+06   5.8593750e+01
   8.9171700e+06   4.1198730e+01
   8.9252980e+06   4.6081543e+01
   8.9290170e+06   3.6804199e+01
   8.9298480e+06   9.0698242e+01
   8.9326700e+06   4.6936035e+01
   8.9361530e+06   9.2956543e+01
   8.9380100e+06   8.9782715e+01
   8.9386060e+06   7.6538086e+01
   8.9404680e+06   7.4035645e+01
   8.9408210e+06   4.4311523e+01
   8.9411050e+06   7.6171875e+01
   8.9412980e+06   5.9204102e+01
   8.9415260e+06   4.2907715e+01
   8.9417170e+06   3.6865234e+01
   8.9491150e+06   3.9306641e+01
   8.9575460e+06   9.9670410e+01
   8.9578140e+06   7.3608398e+01
   8.9593300e+06   4.9194336e+01
   8.9693060e+06   8.6486816e+01
   8.9693780e+06   3.7475586e+01
   8.9791760e+06   9.3322754e+01
   8.9799790e+06   8.7402344e+01
   8.9802560e+06   6.5124512e+01
   8.9803430e+06   4.3640137e+01
   8.9805060e+06   5.0903320e+01
   8.9807370e+06   4.1198730e+01
   8.9809490e+06   3.8757324e+01
   8.9922950e+06   4.4799805e+01
   8.9988880e+06   8.4594727e+01
