   8.9990000e+06   0.0000000e+00
   8.0630000e+03   3.5278320e+01
   2.2574000e+04   3.4667969e+01
   3.7684000e+04   4.4860840e+01
   5.4988000e+04   4.4250488e+01
   7.2654000e+04   4.0344238e+01
   9.0030000e+04   3.3752441e+01
   1.0683100e+05   3.9367676e+01
   1.2919300e+05   3.9978027e+01
   1.2994600e+05   3.4301758e+01
   1.4568100e+05   3.5278320e+01
   1.5024600e+05   3.7170410e+01
   1.6747300e+05   3.7902832e+01
   1.8364400e+05   4.1015625e+01
   2.0017700e+05   4.2907715e+01
   2.1507900e+05   3.7536621e+01
   2.3309400e+05   3.2409668e+01
   2.5045000e+05   4.2602539e+01
   2.6422400e+05   3.6987305e+01
   2.7712800e+05   3.3874512e+01
   2.9616400e+05   3.8208008e+01
   2.9740100e+05   3.6926270e+01
   3.1417300e+05   3.8391113e+01
   3.3178100e+05   3.8208008e+01
   3.4460000e+05   3.6682129e+01
   3.5647000e+05   3.9794922e+01
   3.7884900e+05   4.6325684e+01
   3.9331500e+05   4.2053223e+01
   4.0824500e+05   4.5654297e+01
   4.1473400e+05   3.6926270e+01
   4.3682600e+05   4.6813965e+01
   4.5814500e+05   3.7170410e+01
   4.7610000e+05   3.7597656e+01
   4.9686100e+05   3.8452148e+01
   5.1475300e+05   3.3874512e+01
   5.1774100e+05   3.3752441e+01
   5.3593000e+05   3.5705566e+01
   5.5221500e+05   3.8574219e+01
   5.7313100e+05   3.6193848e+01
   5.8722400e+05   4.5776367e+01
   6.0368500e+05   3.7109375e+01
   6.2299100e+05   4.2114258e+01
   6.3848600e+05   3.6437988e+01
   6.6277000e+05   3.5034180e+01
   6.7642500e+05   3.7109375e+01
   6.9324600e+05   4.0954590e+01
   7.0789000e+05   3.4606934e+01
   7.0894700e+05   3.5339355e+01
   7.2824500e+05   3.8208008e+01
   7.4010800e+05   3.8574219e+01
   7.5646100e+05   3.9550781e+01
   7.7520400e+05   3.8940430e+01
   7.9048300e+05   3.6926270e+01
   8.0802600e+05   4.0710449e+01
   8.1570600e+05   3.4484863e+01
   8.3372100e+05   3.9428711e+01
   8.5056800e+05   3.2409668e+01
   8.6705600e+05   3.8635254e+01
   8.8119700e+05   4.3640137e+01
   9.0533700e+05   4.4738770e+01
   9.1915800e+05   4.1625977e+01
   9.3391500e+05   3.9062500e+01
   9.5152500e+05   4.0161133e+01
   9.6801800e+05   3.4240723e+01
   9.8248900e+05   4.1259766e+01
   1.0037570e+06   4.1137695e+01
   1.0221680e+06   3.8757324e+01
   1.0225470e+06   3.3325195e+01
   1.0361840e+06   3.4973145e+01
   1.0488980e+06   4.1870117e+01
   1.0648060e+06   3.8818359e+01
   1.0792220e+06   3.9489746e+01
   1.0924070e+06   3.7536621e+01
   1.1138860e+06   3.7048340e+01
   1.1323710e+06   3.7597656e+01
   1.1483120e+06   4.6081543e+01
   1.1647080e+06   4.8828125e+01
   1.1802140e+06   4.1564941e+01
   1.1939030e+06   3.6499023e+01
   1.2139450e+06   4.0771484e+01
   1.2318180e+06   3.7414551e+01
   1.2416500e+06   3.7170410e+01
   1.2447380e+06   3.6499023e+01
   1.2565650e+06   3.7170410e+01
   1.2696880e+06   4.3395996e+01
   1.3042280e+06   3.5400391e+01
   1.3160070e+06   3.9001465e+01
   1.3313690e+06   3.3386230e+01
   1.3491740e+06   3.5827637e+01
   1.3653740e+06   3.3691406e+01
   1.3808310e+06   4.0344238e+01
   1.4010170e+06   3.8391113e+01
   1.4191600e+06   3.9367676e+01
   1.4331530e+06   3.6254883e+01
   1.4344350e+06   3.3081055e+01
   1.4471390e+06   4.0832520e+01
   1.4628510e+06   4.0527344e+01
   1.4780810e+06   3.9306641e+01
   1.4927220e+06   3.8940430e+01
   1.5105830e+06   4.2297363e+01
   1.5256860e+06   3.4484863e+01
   1.5402430e+06   4.2724609e+01
   1.5552080e+06   3.5217285e+01
   1.5751680e+06   3.5949707e+01
   1.5902010e+06   4.1564941e+01
   1.6021280e+06   3.8391113e+01
   1.6190420e+06   3.6499023e+01
   1.6327910e+06   3.3691406e+01
   1.6505130e+06   4.4067383e+01
   1.6593490e+06   3.5400391e+01
   1.6747290e+06   3.8391113e+01
   1.6896190e+06   4.4860840e+01
   1.7028040e+06   3.3630371e+01
   1.7212430e+06   3.8208008e+01
   1.7358580e+06   3.9367676e+01
   1.7472120e+06   3.7658691e+01
   1.7550360e+06   3.4912109e+01
   1.7679650e+06   3.4912109e+01
   1.7797890e+06   3.6926270e+01
   1.7956370e+06   3.7780762e+01
   1.8083600e+06   4.0344238e+01
   1.8212650e+06   3.4057617e+01
   1.8352370e+06   3.2897949e+01
   1.8460960e+06   3.8574219e+01
   1.8602100e+06   3.8635254e+01
   1.8716490e+06   4.2785645e+01
   1.8856810e+06   3.6376953e+01
   1.9016290e+06   3.7353516e+01
   1.9203920e+06   3.9245605e+01
   1.9352330e+06   4.3518066e+01
   1.9501050e+06   3.3264160e+01
   1.9620120e+06   3.7109375e+01
   1.9755360e+06   4.7851562e+01
   1.9896790e+06   3.3935547e+01
   1.9919530e+06   3.6193848e+01
   2.0048770e+06   3.3386230e+01
   2.0199760e+06   4.0771484e+01
   2.0368470e+06   3.4484863e+01
   2.0519230e+06   3.5644531e+01
   2.0643980e+06   3.5339355e+01
   2.0825780e+06   4.4616699e+01
   2.0932480e+06   4.0954590e+01
   2.1065460e+06   3.4606934e+01
   2.1200660e+06   4.2907715e+01
   2.1347890e+06   3.6071777e+01
   2.1480450e+06   3.7048340e+01
   2.1626110e+06   3.5888672e+01
   2.1762250e+06   4.5166016e+01
   2.1893110e+06   4.0832520e+01
   2.2017960e+06   3.7292480e+01
   2.2161520e+06   3.5827637e+01
   2.2312700e+06   4.0649414e+01
   2.2460470e+06   3.6193848e+01
   2.2604340e+06   3.6010742e+01
   2.2737670e+06   3.3142090e+01
   2.2897040e+06   4.2114258e+01
   2.3102840e+06   3.5095215e+01
   2.3242160e+06   4.9682617e+01
   2.3378740e+06   3.9611816e+01
   2.3467740e+06   3.3081055e+01
   2.3640690e+06   4.2663574e+01
   2.3778120e+06   4.4433594e+01
   2.3899140e+06   4.4921875e+01
   2.3976490e+06   3.3142090e+01
   2.4109520e+06   4.7180176e+01
   2.4240240e+06   4.3579102e+01
   2.4370410e+06   4.4860840e+01
   2.4498430e+06   4.3518066e+01
   2.4698580e+06   4.7363281e+01
   2.4859050e+06   4.4067383e+01
   2.4999050e+06   3.9123535e+01
   2.5142740e+06   4.0161133e+01
   2.5277660e+06   3.9611816e+01
   2.5410840e+06   3.5339355e+01
   2.5587980e+06   3.6560059e+01
   2.5766530e+06   3.6560059e+01
   2.5928400e+06   4.1076660e+01
   2.6075960e+06   3.7231445e+01
   2.6245840e+06   3.7353516e+01
   2.6395320e+06   3.9123535e+01
   2.6529710e+06   3.8452148e+01
   2.6683840e+06   3.4606934e+01
   2.6849660e+06   4.6325684e+01
   2.6987500e+06   4.3579102e+01
   2.7161780e+06   4.1015625e+01
   2.7298900e+06   5.0476074e+01
   2.7460520e+06   4.0466309e+01
   2.7563260e+06   4.1564941e+01
   2.7589350e+06   3.5034180e+01
   2.7730970e+06   3.8940430e+01
   2.7841620e+06   4.4067383e+01
   2.8022850e+06   4.6875000e+01
   2.8154790e+06   4.0344238e+01
   2.8317820e+06   3.6926270e+01
   2.8481800e+06   4.5288086e+01
   2.8580620e+06   3.4790039e+01
   2.8739580e+06   3.9062500e+01
   2.8828860e+06   4.7180176e+01
   2.8975170e+06   3.7353516e+01
   2.9134880e+06   4.1625977e+01
   2.9284540e+06   4.0893555e+01
   2.9398710e+06   3.6193848e+01
   2.9535570e+06   3.6254883e+01
   2.9669900e+06   3.5217285e+01
   2.9832480e+06   4.5227051e+01
   2.9944590e+06   3.3874512e+01
   3.0086360e+06   3.6315918e+01
   3.0221380e+06   4.2114258e+01
   3.0360220e+06   3.3874512e+01
   3.0546200e+06   3.6499023e+01
   3.0754020e+06   3.9367676e+01
   3.0948830e+06   4.3518066e+01
   3.1107540e+06   3.8330078e+01
   3.1243470e+06   3.8330078e+01
   3.1422760e+06   3.5156250e+01
   3.1598320e+06   4.1381836e+01
   3.1751980e+06   4.0710449e+01
   3.1907380e+06   3.6437988e+01
   3.2059950e+06   4.2480469e+01
   3.2165430e+06   3.4667969e+01
   3.2318310e+06   3.4667969e+01
   3.2449000e+06   3.5278320e+01
   3.2600090e+06   3.6010742e+01
   3.2799270e+06   4.3945312e+01
   3.2933470e+06   3.3569336e+01
   3.3068340e+06   4.1625977e+01
   3.3143650e+06   3.5400391e+01
   3.3264860e+06   3.9306641e+01
   3.3376850e+06   3.5034180e+01
   3.3536760e+06   3.9245605e+01
   3.3691790e+06   4.0954590e+01
   3.3881700e+06   3.8879395e+01
   3.3975100e+06   4.2724609e+01
   3.4102210e+06   4.3762207e+01
   3.4262280e+06   4.1809082e+01
   3.4416680e+06   3.3081055e+01
   3.4575230e+06   4.2724609e+01
   3.4726580e+06   3.5278320e+01
   3.4856060e+06   3.9855957e+01
   3.5011070e+06   3.5583496e+01
   3.5150630e+06   3.8940430e+01
   3.5271940e+06   4.2602539e+01
   3.5475680e+06   3.7536621e+01
   3.5581810e+06   3.9245605e+01
   3.5729040e+06   4.0161133e+01
   3.5869300e+06   4.2846680e+01
   3.5973520e+06   4.0588379e+01
   3.6119750e+06   3.5461426e+01
   3.6161250e+06   3.7475586e+01
   3.6310750e+06   4.2480469e+01
   3.6482370e+06   3.6132812e+01
   3.6649770e+06   4.3273926e+01
   3.6809300e+06   4.3395996e+01
   3.6948890e+06   3.4912109e+01
   3.7069330e+06   3.7414551e+01
   3.7259920e+06   4.1992188e+01
   3.7304610e+06   3.6499023e+01
   3.7467030e+06   3.7780762e+01
   3.7612080e+06   4.0466309e+01
   3.7789500e+06   4.4799805e+01
   3.7806760e+06   4.1259766e+01
   3.7993380e+06   4.6325684e+01
   3.8138820e+06   3.8269043e+01
   3.8465510e+06   3.4667969e+01
   3.8606200e+06   3.9123535e+01
   3.8771230e+06   4.0161133e+01
   3.8883170e+06   3.4790039e+01
   3.9028270e+06   3.6621094e+01
   3.9174950e+06   4.0344238e+01
   3.9303530e+06   4.1625977e+01
   3.9436460e+06   3.4973145e+01
   3.9716310e+06   3.5034180e+01
   3.9840600e+06   3.3325195e+01
   3.9983970e+06   3.9611816e+01
   4.0173130e+06   4.1503906e+01
   4.0325100e+06   4.5532227e+01
   4.0436560e+06   4.7973633e+01
   4.0561640e+06   3.8452148e+01
   4.0697980e+06   4.3518066e+01
   4.0868260e+06   3.7353516e+01
   4.1000200e+06   4.8461914e+01
   4.1136440e+06   3.7658691e+01
   4.1286520e+06   3.6254883e+01
   4.1408280e+06   3.8330078e+01
   4.1582850e+06   4.4250488e+01
   4.1732580e+06   3.7292480e+01
   4.1888540e+06   3.9916992e+01
   4.2071950e+06   3.4423828e+01
   4.2191460e+06   4.1748047e+01
   4.2344050e+06   4.9133301e+01
   4.2524970e+06   3.8696289e+01
   4.2678090e+06   4.7851562e+01
   4.2836510e+06   3.7414551e+01
   4.2977630e+06   5.1757812e+01
   4.3140270e+06   3.3996582e+01
   4.3283020e+06   3.9489746e+01
   4.3425830e+06   3.8208008e+01
   4.3624370e+06   4.1687012e+01
   4.3747110e+06   3.3447266e+01
   4.3767550e+06   3.5217285e+01
   4.3937120e+06   4.6020508e+01
   4.4088370e+06   3.4667969e+01
   4.4250490e+06   4.9438477e+01
   4.4427750e+06   4.2114258e+01
   4.4612230e+06   4.1503906e+01
   4.4800090e+06   5.2612305e+01
   4.4969580e+06   4.0039062e+01
   4.5121200e+06   4.1320801e+01
   4.5281620e+06   4.0161133e+01
   4.5382680e+06   4.0649414e+01
   4.5518350e+06   4.0649414e+01
   4.5715550e+06   3.2958984e+01
   4.5856460e+06   5.3039551e+01
   4.6036020e+06   3.7536621e+01
   4.6174980e+06   4.2236328e+01
   4.6356820e+06   3.9184570e+01
   4.6524960e+06   3.5034180e+01
   4.6527330e+06   3.4912109e+01
   4.6678860e+06   4.3884277e+01
   4.6888920e+06   4.1687012e+01
   4.7083530e+06   4.5166016e+01
   4.7282180e+06   4.0466309e+01
   4.7521920e+06   3.9123535e+01
   4.7724560e+06   3.5949707e+01
   4.7983330e+06   4.5898438e+01
   4.8197710e+06   4.8828125e+01
   4.8358500e+06   3.3081055e+01
   4.8406570e+06   4.4067383e+01
   4.8625480e+06   4.6325684e+01
   4.8766140e+06   4.3762207e+01
   4.8886840e+06   4.9987793e+01
   4.9161180e+06   4.6752930e+01
   4.9187920e+06   4.0100098e+01
   4.9358890e+06   4.4799805e+01
   4.9565380e+06   4.8645020e+01
   4.9758020e+06   4.1625977e+01
   4.9977400e+06   4.1687012e+01
   5.0250350e+06   4.4006348e+01
   5.0431670e+06   4.6203613e+01
   5.0552340e+06   4.6997070e+01
   5.0810540e+06   4.2053223e+01
   5.0978900e+06   3.8208008e+01
   5.1045090e+06   4.1564941e+01
   5.1339490e+06   4.1076660e+01
   5.1414000e+06   4.5104980e+01
   5.1681450e+06   4.3457031e+01
   5.1883200e+06   4.8889160e+01
   5.1890420e+06   3.8146973e+01
   5.1951170e+06   3.2470703e+01
   5.2211190e+06   4.3884277e+01
   5.2412430e+06   4.1320801e+01
   5.2521470e+06   5.0964355e+01
   5.2680310e+06   3.4423828e+01
   5.3015050e+06   4.2724609e+01
   5.3119940e+06   4.6813965e+01
   5.3389400e+06   4.8706055e+01
   5.3618740e+06   5.5786133e+01
   5.3622250e+06   3.9550781e+01
   5.3830470e+06   3.7170410e+01
   5.4090120e+06   4.3945312e+01
   5.4365710e+06   5.0598145e+01
   5.4604900e+06   4.1076660e+01
   5.4849050e+06   4.1137695e+01
   5.5131750e+06   5.3283691e+01
   5.5317110e+06   5.3894043e+01
   5.5528640e+06   4.2175293e+01
   5.5728990e+06   5.7312012e+01
   5.5935200e+06   4.8217773e+01
   5.6251190e+06   4.0100098e+01
   5.6515820e+06   4.4067383e+01
   5.6519190e+06   3.9672852e+01
   5.6910740e+06   4.9865723e+01
   5.7225240e+06   3.9733887e+01
   5.7587450e+06   4.8706055e+01
   5.7907340e+06   4.5532227e+01
   5.8023850e+06   4.7912598e+01
   5.8083840e+06   5.0598145e+01
   5.8407510e+06   4.8278809e+01
   5.8597930e+06   4.4494629e+01
   5.8834680e+06   5.0354004e+01
   5.8836780e+06   3.5644531e+01
   5.9094280e+06   5.0292969e+01
   5.9349440e+06   5.1330566e+01
   5.9526820e+06   4.3701172e+01
   5.9743220e+06   5.3405762e+01
   5.9745250e+06   3.2836914e+01
   5.9939550e+06   4.4433594e+01
   6.0254930e+06   4.5532227e+01
   6.0590890e+06   4.6386719e+01
   6.0883910e+06   4.5532227e+01
   6.1235330e+06   4.5837402e+01
   6.1615020e+06   5.2734375e+01
   6.1834830e+06   4.4433594e+01
   6.1887540e+06   4.3579102e+01
   6.1893860e+06   3.8391113e+01
   6.2136480e+06   4.8461914e+01
   6.2620400e+06   4.3090820e+01
   6.2912480e+06   5.1330566e+01
   6.3163710e+06   4.5104980e+01
   6.3399730e+06   5.2917480e+01
   6.3640260e+06   4.7790527e+01
   6.3927550e+06   4.3334961e+01
   6.4137100e+06   4.3273926e+01
   6.4372930e+06   5.2917480e+01
   6.4606410e+06   4.7546387e+01
   6.4866780e+06   5.1696777e+01
   6.4920910e+06   4.3518066e+01
   6.5288500e+06   4.5227051e+01
   6.5507840e+06   4.6386719e+01
   6.5702120e+06   4.3334961e+01
   6.5973040e+06   4.6936035e+01
   6.6202600e+06   5.5297852e+01
   6.6486290e+06   5.2124023e+01
   6.6945430e+06   5.9448242e+01
   6.7365540e+06   4.7485352e+01
   6.7434140e+06   4.5043945e+01
   6.7654550e+06   4.5715332e+01
   6.8112650e+06   4.9621582e+01
   6.8366910e+06   4.9682617e+01
   6.8618960e+06   4.8278809e+01
   6.8624420e+06   3.2714844e+01
   6.8928630e+06   5.2246094e+01
   6.9338410e+06   4.6813965e+01
   6.9448320e+06   4.4250488e+01
   6.9458100e+06   3.3447266e+01
   7.0156290e+06   4.2968750e+01
   7.0157670e+06   3.5888672e+01
   7.0412780e+06   5.3039551e+01
   7.0414870e+06   3.2836914e+01
   7.0635130e+06   3.3935547e+01
   7.0881990e+06   4.6447754e+01
   7.1115040e+06   4.8889160e+01
   7.1369390e+06   4.6142578e+01
   7.1615810e+06   5.6030273e+01
   7.1689610e+06   4.5898438e+01
   7.1932730e+06   4.8522949e+01
   7.2045290e+06   4.2663574e+01
   7.2328550e+06   4.7546387e+01
   7.2459620e+06   5.4260254e+01
   7.2823190e+06   4.5593262e+01
   7.3047320e+06   4.2968750e+01
   7.3238100e+06   4.2968750e+01
   7.3566400e+06   4.8156738e+01
   7.3648320e+06   4.4067383e+01
   7.3913720e+06   4.8156738e+01
   7.4074570e+06   5.2246094e+01
   7.4428750e+06   4.5349121e+01
   7.4738430e+06   5.6274414e+01
   7.4801390e+06   4.8950195e+01
   7.5041150e+06   5.1513672e+01
   7.5042990e+06   3.2714844e+01
   7.5288120e+06   5.4748535e+01
   7.5290310e+06   3.3081055e+01
   7.5434460e+06   4.7607422e+01
   7.5693060e+06   5.1635742e+01
   7.5695020e+06   3.2409668e+01
   7.5918490e+06   4.2785645e+01
   7.5921040e+06   3.3325195e+01
   7.6344780e+06   5.5419922e+01
   7.6347550e+06   3.6499023e+01
   7.6559100e+06   4.9865723e+01
   7.6562300e+06   3.7353516e+01
   7.6792600e+06   4.7241211e+01
   7.6797220e+06   3.5766602e+01
   7.6907280e+06   3.2836914e+01
   7.6990260e+06   4.2602539e+01
   7.7285590e+06   5.2062988e+01
   7.7319240e+06   4.5227051e+01
   7.7524540e+06   3.9672852e+01
   7.7527990e+06   3.5522461e+01
   7.7791450e+06   4.9743652e+01
   7.8019940e+06   4.8339844e+01
   7.8027430e+06   3.6560059e+01
   7.8370590e+06   5.3283691e+01
   7.8380040e+06   4.6020508e+01
   7.8665040e+06   4.3518066e+01
   7.9032770e+06   5.1025391e+01
   7.9268950e+06   5.0964355e+01
   7.9290160e+06   5.2124023e+01
   7.9514330e+06   4.7180176e+01
   7.9948320e+06   5.5603027e+01
   7.9959070e+06   4.5837402e+01
   8.0249560e+06   5.0781250e+01
   8.0454610e+06   4.4189453e+01
   8.0460030e+06   3.8513184e+01
   8.0637000e+06   4.3579102e+01
   8.0639790e+06   3.2836914e+01
   8.0825480e+06   5.1513672e+01
   8.1078190e+06   4.7180176e+01
   8.1306830e+06   4.3945312e+01
   8.1595560e+06   4.6081543e+01
   8.1793170e+06   4.2114258e+01
   8.1950910e+06   4.6875000e+01
   8.2112190e+06   4.1564941e+01
   8.2115580e+06   3.2592773e+01
   8.2481190e+06   4.4738770e+01
   8.2733290e+06   5.1208496e+01
   8.2962100e+06   4.8950195e+01
   8.2967860e+06   3.6926270e+01
   8.3216420e+06   5.0903320e+01
   8.3536090e+06   4.7790527e+01
   8.3539070e+06   3.2897949e+01
   8.3772980e+06   4.4067383e+01
   8.4003290e+06   4.5410156e+01
   8.4104460e+06   5.5358887e+01
   8.4258890e+06   5.2734375e+01
   8.4498370e+06   3.2836914e+01
   8.4604290e+06   3.6621094e+01
   8.4606370e+06   3.4851074e+01
   8.4881080e+06   5.1269531e+01
   8.4975340e+06   3.4240723e+01
   8.5019630e+06   3.7475586e+01
   8.5055900e+06   4.5227051e+01
   8.5057440e+06   3.2409668e+01
   8.5259150e+06   4.1259766e+01
   8.5449550e+06   5.7189941e+01
   8.5578260e+06   4.2297363e+01
   8.5655240e+06   3.2958984e+01
   8.5722420e+06   4.8278809e+01
   8.5724420e+06   3.3935547e+01
   8.5744390e+06   3.3630371e+01
   8.5878350e+06   3.9184570e+01
   8.6004100e+06   4.8034668e+01
   8.6266070e+06   4.6997070e+01
   8.6318170e+06   5.0048828e+01
   8.6456910e+06   3.4240723e+01
   8.6573610e+06   4.5532227e+01
   8.6895930e+06   4.4006348e+01
   8.6958090e+06   5.1025391e+01
   8.7095170e+06   3.9916992e+01
   8.7211870e+06   4.2663574e+01
   8.7353580e+06   5.7006836e+01
   8.7555310e+06   4.4128418e+01
   8.7561530e+06   4.6752930e+01
   8.7855000e+06   4.5959473e+01
   8.8126420e+06   5.0170898e+01
   8.8373330e+06   5.3588867e+01
   8.8374970e+06   3.4301758e+01
   8.8637400e+06   4.5654297e+01
   8.8911490e+06   3.2653809e+01
   8.8919460e+06   5.3527832e+01
   8.9065890e+06   4.4433594e+01
   8.9385180e+06   4.1809082e+01
   8.9566880e+06   4.9865723e+01
   8.9851960e+06   4.9194336e+01
