   8.9990000e+06   0.0000000e+00
   4.9553000e+04   3.4118652e+01
   5.9041000e+04   3.3874512e+01
   1.0482600e+05   3.3874512e+01
   1.1654100e+05   3.4851074e+01
   1.1775900e+05   3.5705566e+01
   1.2706800e+05   3.5705566e+01
   2.4838800e+05   3.4790039e+01
   2.6041700e+05   3.9855957e+01
   2.7008000e+05   3.5034180e+01
   2.8277200e+05   3.4179688e+01
   2.9196600e+05   3.6010742e+01
   3.7658700e+05   3.5339355e+01
   3.8290800e+05   3.6560059e+01
   4.4958300e+05   3.9123535e+01
   4.5083500e+05   3.5217285e+01
   4.8891800e+05   3.6376953e+01
   5.3075600e+05   3.5217285e+01
   5.8698600e+05   3.5644531e+01
   6.0719400e+05   3.6621094e+01
   6.2523700e+05   3.5156250e+01
   6.2747800e+05   3.8818359e+01
   7.2730500e+05   3.6193848e+01
   7.5428300e+05   3.4423828e+01
   7.5569000e+05   3.6071777e+01
   7.7256700e+05   3.4057617e+01
   8.1076400e+05   3.5095215e+01
   8.5599300e+05   3.5339355e+01
   8.8071100e+05   3.5400391e+01
   9.2293800e+05   3.6193848e+01
   9.3456000e+05   3.3996582e+01
   9.9632200e+05   3.5705566e+01
   1.0398530e+06   3.4545898e+01
   1.0415570e+06   3.6193848e+01
   1.0820740e+06   3.3996582e+01
   1.1097670e+06   3.3874512e+01
   1.1440010e+06   3.4667969e+01
   1.2086270e+06   3.3752441e+01
   1.2281770e+06   3.4484863e+01
   1.2693090e+06   3.6621094e+01
   1.2900620e+06   3.7414551e+01
   1.3018190e+06   3.3752441e+01
   1.3459220e+06   3.4545898e+01
   1.3609660e+06   3.4057617e+01
   1.4393360e+06   3.4545898e+01
   1.5853120e+06   3.6743164e+01
   1.6163490e+06   3.8574219e+01
   1.6327370e+06   3.5217285e+01
   1.6585020e+06   3.4118652e+01
   1.6666930e+06   3.8391113e+01
   1.7266330e+06   4.6447754e+01
   1.7735400e+06   3.6987305e+01
   1.7871040e+06   3.5217285e+01
   1.7947130e+06   3.5461426e+01
   1.8009080e+06   3.7414551e+01
   1.8068770e+06   3.8146973e+01
   1.8236510e+06   3.4423828e+01
   1.8541020e+06   3.4118652e+01
   1.8597650e+06   3.4606934e+01
   1.8711820e+06   3.3813477e+01
   1.8957600e+06   3.3874512e+01
   1.8958900e+06   4.1259766e+01
   1.8999750e+06   3.5339355e+01
   1.9012220e+06   4.0771484e+01
   1.9259200e+06   3.4301758e+01
   1.9519420e+06   3.6193848e+01
   1.9639330e+06   3.3752441e+01
   1.9669740e+06   3.6865234e+01
   1.9905020e+06   3.4606934e+01
   2.0157550e+06   3.6621094e+01
   2.0259510e+06   3.3996582e+01
   2.0871790e+06   4.2419434e+01
   2.1115290e+06   3.4912109e+01
   2.1229740e+06   3.3935547e+01
   2.1456940e+06   3.4240723e+01
   2.1945230e+06   3.6682129e+01
   2.1966120e+06   3.3874512e+01
   2.2138850e+06   3.6682129e+01
   2.3004380e+06   3.5278320e+01
   2.3168000e+06   3.9062500e+01
   2.3263020e+06   3.6071777e+01
   2.3301550e+06   3.6560059e+01
   2.3601680e+06   3.4545898e+01
   2.3647270e+06   3.6315918e+01
   2.3654830e+06   3.3935547e+01
   2.3660110e+06   3.7414551e+01
   2.4061750e+06   3.3935547e+01
   2.4071130e+06   3.3874512e+01
   2.5606170e+06   3.5827637e+01
   2.5919580e+06   3.3752441e+01
   2.6668060e+06   3.4423828e+01
   2.6903180e+06   3.5522461e+01
   2.7051360e+06   3.3874512e+01
   2.7430130e+06   3.5034180e+01
   2.7435810e+06   3.5156250e+01
   2.8055680e+06   3.9062500e+01
   2.8719590e+06   3.5522461e+01
   2.8927410e+06   3.8452148e+01
   2.8978890e+06   3.9978027e+01
   2.9144280e+06   3.4667969e+01
   2.9151020e+06   3.8452148e+01
   2.9633670e+06   3.4179688e+01
   2.9811090e+06   3.4667969e+01
   3.0212340e+06   3.7475586e+01
   3.0465280e+06   4.1442871e+01
   3.0569140e+06   3.8024902e+01
   3.1825100e+06   3.4851074e+01
   3.2204380e+06   3.3874512e+01
   3.2999320e+06   3.4912109e+01
   3.3689510e+06   3.6743164e+01
   3.3853070e+06   3.6743164e+01
   3.3935570e+06   3.7170410e+01
   3.4258070e+06   3.7414551e+01
   3.4417790e+06   3.4057617e+01
   3.4465850e+06   3.4179688e+01
   3.5147040e+06   3.5034180e+01
   3.5311410e+06   3.4423828e+01
   3.5891960e+06   3.6437988e+01
   3.6140560e+06   3.4606934e+01
   3.6297530e+06   3.5278320e+01
   3.7670490e+06   3.4057617e+01
   3.8278870e+06   3.5888672e+01
   3.8308620e+06   3.3935547e+01
   3.8367300e+06   3.9123535e+01
   4.0716860e+06   3.8757324e+01
   4.1984480e+06   3.3935547e+01
   4.3347770e+06   3.7353516e+01
   4.3822340e+06   3.8940430e+01
   4.4432750e+06   3.4240723e+01
   4.6656340e+06   3.5156250e+01
   4.6945800e+06   3.4912109e+01
   4.7570220e+06   3.5034180e+01
   4.7602680e+06   3.6254883e+01
   4.7871060e+06   3.7475586e+01
   4.8377940e+06   3.8391113e+01
   4.8792360e+06   3.5156250e+01
   4.9320570e+06   3.4057617e+01
   5.0559060e+06   3.4545898e+01
   5.0766610e+06   3.6071777e+01
   5.0846880e+06   3.5827637e+01
   5.0921160e+06   3.7048340e+01
   5.2720510e+06   3.4240723e+01
   5.2952760e+06   3.7963867e+01
   5.4312210e+06   3.6376953e+01
   5.4612340e+06   3.7231445e+01
   5.4641100e+06   3.3813477e+01
   5.5217690e+06   3.9672852e+01
   5.5349960e+06   4.2541504e+01
   5.5520970e+06   3.4545898e+01
   5.5521320e+06   3.6071777e+01
   5.5557840e+06   3.3996582e+01
   5.5953230e+06   3.5095215e+01
   5.6667640e+06   3.4484863e+01
   5.8186950e+06   3.6071777e+01
   5.8278560e+06   3.4301758e+01
   5.8851640e+06   3.7658691e+01
   5.8853810e+06   3.8696289e+01
   5.9522560e+06   3.5095215e+01
   6.0491560e+06   3.6376953e+01
   6.0839550e+06   3.4057617e+01
   6.1940800e+06   4.0466309e+01
   6.2244750e+06   3.4362793e+01
   6.2495200e+06   3.3935547e+01
   6.2802810e+06   3.4606934e+01
   6.2840800e+06   3.3874512e+01
   6.3096420e+06   3.6560059e+01
   6.4804750e+06   3.3752441e+01
   6.5123980e+06   3.6804199e+01
   6.6006530e+06   3.4423828e+01
   6.6861210e+06   3.3813477e+01
   6.7123030e+06   3.5217285e+01
   6.7138780e+06   3.4118652e+01
   6.7141980e+06   3.6682129e+01
   6.7740600e+06   3.8391113e+01
   6.7986510e+06   3.6987305e+01
   6.9009800e+06   3.7780762e+01
   6.9843500e+06   3.5278320e+01
   6.9856730e+06   3.4179688e+01
   7.0158720e+06   3.3874512e+01
   7.2924150e+06   4.0832520e+01
   7.3232480e+06   3.4240723e+01
   7.3887350e+06   3.5583496e+01
   7.4124110e+06   3.6499023e+01
   7.4397480e+06   3.4912109e+01
   7.4401300e+06   3.4973145e+01
   7.4653070e+06   3.3874512e+01
   7.4664650e+06   3.4179688e+01
   7.4666480e+06   3.7597656e+01
   7.4668860e+06   3.6376953e+01
   7.5069630e+06   3.4301758e+01
   7.5283020e+06   3.4606934e+01
   7.5289770e+06   4.3945312e+01
   7.5507890e+06   4.0405273e+01
   7.5721320e+06   3.6193848e+01
   7.5982200e+06   3.5522461e+01
   7.7590280e+06   3.7780762e+01
   7.7599050e+06   3.4240723e+01
   7.7832170e+06   3.5522461e+01
   7.8018020e+06   3.4545898e+01
   7.8019460e+06   3.9367676e+01
   7.8947160e+06   3.7231445e+01
   7.9546750e+06   3.3996582e+01
   8.0042210e+06   3.6682129e+01
   8.0531930e+06   3.4118652e+01
   8.0623770e+06   3.5034180e+01
   8.0630170e+06   3.5095215e+01
   8.0725190e+06   3.4179688e+01
   8.1313210e+06   3.5278320e+01
   8.1472730e+06   3.5766602e+01
   8.1475400e+06   3.7841797e+01
   8.1478390e+06   3.3935547e+01
   8.1580350e+06   3.7292480e+01
   8.1745950e+06   3.4484863e+01
   8.1752440e+06   3.4667969e+01
   8.1933550e+06   4.0100098e+01
   8.2376710e+06   3.6071777e+01
   8.2605400e+06   3.7658691e+01
   8.2918570e+06   3.6254883e+01
   8.2940910e+06   3.6560059e+01
   8.3034530e+06   3.6621094e+01
   8.4260300e+06   3.5095215e+01
   8.4737080e+06   3.7536621e+01
   8.5573710e+06   3.6865234e+01
   8.5650530e+06   3.6804199e+01
   8.5657060e+06   3.4912109e+01
   8.5685780e+06   3.8330078e+01
   8.5814560e+06   3.5644531e+01
   8.6483950e+06   3.5278320e+01
   8.6691670e+06   3.3813477e+01
   8.6924600e+06   3.4729004e+01
   8.7756920e+06   3.3935547e+01
   8.7869210e+06   3.3752441e+01
   8.7956270e+06   3.5888672e+01
   8.8247710e+06   3.6010742e+01
   8.8396520e+06   3.4057617e+01
   8.8513230e+06   3.4790039e+01
   8.8593670e+06   3.4362793e+01
   8.9061000e+06   3.5156250e+01
   8.9255800e+06   3.4240723e+01
   8.9434320e+06   3.4301758e+01
   8.9475380e+06   3.5217285e+01
   8.9577810e+06   3.4362793e+01
   8.9657660e+06   3.5095215e+01
   8.9978620e+06   3.5400391e+01
