   8.9990000e+06   0.0000000e+00
   3.8976000e+04   4.2907715e+01
   1.2602500e+05   4.3029785e+01
   3.2771700e+05   4.2968750e+01
   1.2711570e+06   4.6997070e+01
   1.5532120e+06   4.4006348e+01
   1.6553200e+06   4.2907715e+01
   1.6631960e+06   4.3212891e+01
   1.8384360e+06   4.3701172e+01
   1.8946780e+06   4.6325684e+01
   2.1887130e+06   4.2907715e+01
   2.3604000e+06   4.2846680e+01
   2.3693540e+06   4.2968750e+01
   2.4023700e+06   4.3029785e+01
   2.5907130e+06   4.2846680e+01
   2.6529420e+06   4.5349121e+01
   3.3060330e+06   4.2724609e+01
   3.4784630e+06   4.5471191e+01
   3.4874830e+06   4.3334961e+01
   3.5400970e+06   4.2724609e+01
   3.7251810e+06   4.3457031e+01
   3.7476600e+06   4.3457031e+01
   3.7617780e+06   4.3090820e+01
   4.8058010e+06   4.2907715e+01
   5.5694880e+06   4.4372559e+01
   5.8810350e+06   4.3029785e+01
   5.8826950e+06   4.4799805e+01
   5.9673930e+06   4.3579102e+01
   6.3536490e+06   4.7546387e+01
   6.4565140e+06   4.4860840e+01
   6.6525550e+06   4.4738770e+01
   6.7438000e+06   4.6447754e+01
   7.1412030e+06   4.4433594e+01
   7.1510130e+06   4.5532227e+01
   7.4364480e+06   4.4067383e+01
   7.5932490e+06   4.5898438e+01
   7.8273390e+06   4.3762207e+01
   7.8900580e+06   4.6875000e+01
   8.0744580e+06   4.3518066e+01
   8.2951840e+06   4.7790527e+01
   8.3072690e+06   4.2724609e+01
   8.3133780e+06   4.3518066e+01
   8.3632930e+06   4.3945312e+01
   8.3992450e+06   4.3334961e+01
   8.4021290e+06   4.3334961e+01
   8.4419940e+06   4.3090820e+01
   8.5966240e+06   4.6325684e+01
   8.6640240e+06   4.3518066e+01
   8.6895540e+06   5.4687500e+01
