   8.9990000e+06   0.0000000e+00
   4.2414000e+04   3.4423828e+01
   1.4631800e+05   3.3020020e+01
   2.3309000e+05   3.1677246e+01
   2.4859300e+05   3.2226562e+01
   4.3496100e+05   3.6071777e+01
   6.4485500e+05   3.3386230e+01
   7.3145600e+05   3.1555176e+01
   7.8191200e+05   3.6621094e+01
   7.8728000e+05   3.2287598e+01
   8.0766000e+05   3.1555176e+01
   1.0232500e+06   3.3325195e+01
   1.0773430e+06   3.7109375e+01
   1.2115790e+06   3.1799316e+01
   1.3958680e+06   3.4790039e+01
   1.6159090e+06   3.2714844e+01
   1.6203250e+06   3.2104492e+01
   1.8901040e+06   3.1860352e+01
   2.0091240e+06   3.1982422e+01
   2.0388390e+06   3.5583496e+01
   2.5907370e+06   3.3874512e+01
   2.8301550e+06   3.1799316e+01
   2.8898240e+06   3.1738281e+01
   3.1930160e+06   3.2226562e+01
   3.2285110e+06   3.1738281e+01
   3.2965560e+06   3.2592773e+01
   3.3981500e+06   3.3081055e+01
   3.5214070e+06   3.4118652e+01
   3.5389180e+06   3.1921387e+01
   3.7003080e+06   3.3935547e+01
   3.7175940e+06   3.1738281e+01
   4.2560220e+06   3.1921387e+01
   4.4376240e+06   3.2043457e+01
   4.4578750e+06   3.4790039e+01
   4.5890500e+06   3.3935547e+01
   4.7054540e+06   3.2226562e+01
   4.8228350e+06   3.3935547e+01
   5.0303960e+06   3.2348633e+01
   5.0437170e+06   3.2958984e+01
   5.5357020e+06   3.3386230e+01
   5.7623230e+06   3.2287598e+01
   5.7728540e+06   3.1921387e+01
   5.9921640e+06   3.5278320e+01
   6.1502350e+06   3.3081055e+01
   6.3145360e+06   3.2470703e+01
   6.3785860e+06   3.5095215e+01
   6.9207030e+06   3.2836914e+01
   6.9583360e+06   3.5095215e+01
   7.1223390e+06   3.3020020e+01
   7.2576240e+06   3.5095215e+01
   7.2872130e+06   3.3508301e+01
   7.4186930e+06   3.3264160e+01
   7.4233880e+06   3.1982422e+01
   7.4254940e+06   3.4179688e+01
   7.6143610e+06   3.5461426e+01
   7.7228920e+06   3.2714844e+01
   7.9441100e+06   3.2043457e+01
   8.1311360e+06   3.2470703e+01
   8.3313490e+06   3.1738281e+01
   8.3489150e+06   3.1555176e+01
   8.4092650e+06   3.2531738e+01
   8.4809530e+06   3.2226562e+01
   8.5602660e+06   3.2714844e+01
   8.6175470e+06   3.4545898e+01
   8.6247490e+06   3.2104492e+01
   8.6924090e+06   3.2287598e+01
   8.8008860e+06   3.3447266e+01
   8.8568500e+06   3.2836914e+01
   8.8615320e+06   3.5949707e+01
