   8.9990000e+06   0.0000000e+00
   2.0633000e+04   3.6865234e+01
   6.1886000e+04   3.5766602e+01
   8.7926000e+04   3.6926270e+01
   1.7561200e+05   3.7231445e+01
   1.8872100e+05   3.7414551e+01
   1.9834300e+05   3.4423828e+01
   2.2130800e+05   4.0283203e+01
   2.2492000e+05   3.8635254e+01
   2.6735300e+05   3.6926270e+01
   2.8357900e+05   3.6987305e+01
   3.6264900e+05   3.7414551e+01
   3.8967600e+05   3.8635254e+01
   4.1797200e+05   3.5339355e+01
   4.3754100e+05   3.9794922e+01
   4.4076900e+05   3.6987305e+01
   4.5299100e+05   3.4790039e+01
   4.7768500e+05   3.4790039e+01
   4.8811800e+05   3.4362793e+01
   5.0577500e+05   3.5644531e+01
   5.5306600e+05   3.4301758e+01
   5.7089400e+05   3.5400391e+01
   5.8181500e+05   3.6743164e+01
   5.8502400e+05   3.4667969e+01
   6.1062000e+05   3.4667969e+01
   6.2055500e+05   3.4851074e+01
   6.3467400e+05   3.9428711e+01
   6.5529000e+05   3.4545898e+01
   6.7770200e+05   3.5705566e+01
   7.1904100e+05   4.0466309e+01
   7.2285900e+05   4.0222168e+01
   7.3294200e+05   3.6010742e+01
   7.4326700e+05   3.4729004e+01
   7.4542400e+05   3.5522461e+01
   8.1707300e+05   3.8574219e+01
   8.2747200e+05   3.4301758e+01
   8.2879200e+05   3.4851074e+01
   8.3886600e+05   3.7109375e+01
   8.8310700e+05   4.2907715e+01
   8.8842600e+05   3.4851074e+01
   9.3836700e+05   3.6865234e+01
   9.4982200e+05   3.7536621e+01
   9.7754700e+05   3.4729004e+01
   9.9052000e+05   4.5776367e+01
   1.0088830e+06   4.2053223e+01
   1.0209750e+06   4.2419434e+01
   1.0771450e+06   3.5949707e+01
   1.0804570e+06   3.4790039e+01
   1.0984640e+06   3.5278320e+01
   1.1003190e+06   3.5339355e+01
   1.1022130e+06   3.5644531e+01
   1.1109140e+06   3.6926270e+01
   1.1160980e+06   3.7292480e+01
   1.1302940e+06   3.5034180e+01
   1.1511080e+06   4.1687012e+01
   1.1611290e+06   3.7963867e+01
   1.1937370e+06   3.5156250e+01
   1.2404180e+06   3.6010742e+01
   1.2643480e+06   3.4484863e+01
   1.2683400e+06   3.5522461e+01
   1.2767440e+06   3.4667969e+01
   1.3080360e+06   3.6132812e+01
   1.3192280e+06   3.8330078e+01
   1.3400610e+06   3.5583496e+01
   1.3761530e+06   4.1137695e+01
   1.3894270e+06   3.5156250e+01
   1.4089770e+06   3.4606934e+01
   1.4747850e+06   3.4362793e+01
   1.5147190e+06   4.2846680e+01
   1.5159620e+06   3.5034180e+01
   1.5291880e+06   3.7719727e+01
   1.5397120e+06   3.6071777e+01
   1.5688710e+06   3.4973145e+01
   1.6235750e+06   3.4851074e+01
   1.6367360e+06   3.7780762e+01
   1.6498170e+06   4.3518066e+01
   1.6629550e+06   3.4484863e+01
   1.7145090e+06   3.8696289e+01
   1.7392560e+06   3.6315918e+01
   1.7435680e+06   3.5217285e+01
   1.7719190e+06   3.6010742e+01
   1.8090200e+06   3.6499023e+01
   1.8434260e+06   3.7292480e+01
   1.8699240e+06   3.6071777e+01
   1.8937620e+06   3.4729004e+01
   1.9510760e+06   3.4301758e+01
   1.9645250e+06   3.5522461e+01
   1.9801610e+06   3.8635254e+01
   2.0076190e+06   3.4606934e+01
   2.0162270e+06   4.4250488e+01
   2.0238450e+06   3.6926270e+01
   2.0700030e+06   3.8330078e+01
   2.0819830e+06   3.5095215e+01
   2.1234760e+06   4.1809082e+01
   2.1469060e+06   3.9794922e+01
   2.1645550e+06   3.4362793e+01
   2.1723220e+06   4.7668457e+01
   2.2031780e+06   3.5766602e+01
   2.2186130e+06   3.9184570e+01
   2.2309380e+06   3.6315918e+01
   2.2419230e+06   3.7841797e+01
   2.2546310e+06   3.7597656e+01
   2.2672490e+06   3.9245605e+01
   2.2778480e+06   3.5888672e+01
   2.2924130e+06   4.1076660e+01
   2.2953150e+06   3.4790039e+01
   2.3175140e+06   3.8574219e+01
   2.3409660e+06   3.5705566e+01
   2.3661550e+06   3.7414551e+01
   2.3780810e+06   3.6987305e+01
   2.3909460e+06   3.8146973e+01
   2.3970420e+06   3.5400391e+01
   2.4029230e+06   3.4423828e+01
   2.4052320e+06   3.9245605e+01
   2.4188350e+06   4.6142578e+01
   2.4311410e+06   3.7292480e+01
   2.4559570e+06   3.5888672e+01
   2.4756470e+06   3.9062500e+01
   2.4857220e+06   3.6621094e+01
   2.4983480e+06   4.2968750e+01
   2.5361910e+06   3.9794922e+01
   2.5807600e+06   3.6193848e+01
   2.6107120e+06   3.8024902e+01
   2.6246910e+06   3.5156250e+01
   2.6425730e+06   3.6987305e+01
   2.7005980e+06   3.7048340e+01
   2.7066000e+06   3.4606934e+01
   2.7136530e+06   3.5339355e+01
   2.7338830e+06   3.6132812e+01
   2.7475400e+06   3.7475586e+01
   2.7691870e+06   3.8085938e+01
   2.7989530e+06   3.6315918e+01
   2.8151690e+06   3.4484863e+01
   2.8321400e+06   3.4423828e+01
   2.8324820e+06   3.5095215e+01
   2.8731300e+06   3.6254883e+01
   2.8975680e+06   4.2907715e+01
   2.9128020e+06   3.7902832e+01
   2.9205140e+06   3.8818359e+01
   2.9291130e+06   3.7902832e+01
   2.9405910e+06   3.6437988e+01
   2.9435090e+06   3.5339355e+01
   2.9629450e+06   4.0771484e+01
   2.9797910e+06   3.7536621e+01
   2.9842270e+06   3.5766602e+01
   3.0020920e+06   3.9001465e+01
   3.0048770e+06   3.5461426e+01
   3.0367310e+06   3.8940430e+01
   3.0454370e+06   3.4484863e+01
   3.0532460e+06   4.1320801e+01
   3.0537300e+06   3.5583496e+01
   3.0676130e+06   3.5644531e+01
   3.1090870e+06   3.4790039e+01
   3.1373300e+06   3.4790039e+01
   3.1468880e+06   3.7353516e+01
   3.2333430e+06   3.6193848e+01
   3.2427290e+06   3.6560059e+01
   3.2602840e+06   3.9428711e+01
   3.2640830e+06   4.8461914e+01
   3.2728860e+06   4.0344238e+01
   3.2948710e+06   4.3151855e+01
   3.3063020e+06   3.6437988e+01
   3.3132720e+06   4.1748047e+01
   3.3311530e+06   3.7109375e+01
   3.3442140e+06   3.5217285e+01
   3.3501260e+06   3.6926270e+01
   3.3586810e+06   3.9978027e+01
   3.3715570e+06   3.4606934e+01
   3.3826910e+06   3.8757324e+01
   3.3913090e+06   3.7841797e+01
   3.4059120e+06   3.8391113e+01
   3.4503030e+06   4.4006348e+01
   3.4653520e+06   4.3518066e+01
   3.5085400e+06   3.4851074e+01
   3.5250080e+06   3.9489746e+01
   3.5435240e+06   3.9001465e+01
   3.5490770e+06   3.6254883e+01
   3.5617360e+06   3.5583496e+01
   3.5675790e+06   3.5522461e+01
   3.5683510e+06   3.9916992e+01
   3.6094930e+06   3.7048340e+01
   3.6100570e+06   3.5522461e+01
   3.6129770e+06   4.2236328e+01
   3.6177980e+06   3.5095215e+01
   3.6274400e+06   4.3395996e+01
   3.6354110e+06   3.8696289e+01
   3.6452240e+06   3.5705566e+01
   3.6482540e+06   3.8696289e+01
   3.6605190e+06   3.5766602e+01
   3.6653980e+06   4.0893555e+01
   3.6971320e+06   3.4790039e+01
   3.6986010e+06   3.4301758e+01
   3.7054620e+06   4.2846680e+01
   3.7184590e+06   4.0710449e+01
   3.7289880e+06   3.7292480e+01
   3.7382740e+06   4.0466309e+01
   3.7706970e+06   3.5095215e+01
   3.7951850e+06   3.4606934e+01
   3.8047540e+06   3.7780762e+01
   3.8049480e+06   3.6193848e+01
   3.8068980e+06   3.8818359e+01
   3.8125600e+06   3.8330078e+01
   3.8133780e+06   3.8330078e+01
   3.8208830e+06   3.9001465e+01
   3.8293810e+06   3.5034180e+01
   3.8354070e+06   3.4912109e+01
   3.8542310e+06   3.7414551e+01
   3.8634410e+06   3.4667969e+01
   3.8728470e+06   4.1381836e+01
   3.9219160e+06   4.1137695e+01
   3.9376980e+06   4.0527344e+01
   3.9384490e+06   3.5583496e+01
   3.9578390e+06   3.4973145e+01
   3.9604860e+06   3.6621094e+01
   3.9611620e+06   4.2053223e+01
   3.9698270e+06   4.0100098e+01
   3.9702230e+06   3.8024902e+01
   3.9899540e+06   3.8146973e+01
   4.0077030e+06   3.4973145e+01
   4.0107510e+06   3.4301758e+01
   4.0236740e+06   3.9428711e+01
   4.0465120e+06   3.4851074e+01
   4.0555540e+06   3.4301758e+01
   4.0598240e+06   3.4484863e+01
   4.0749620e+06   3.4667969e+01
   4.0779470e+06   3.5095215e+01
   4.0886210e+06   3.9306641e+01
   4.0922720e+06   3.7170410e+01
   4.1522820e+06   3.9611816e+01
   4.1745670e+06   4.5288086e+01
   4.1901190e+06   3.9978027e+01
   4.2103910e+06   3.7414551e+01
   4.2288180e+06   3.8024902e+01
   4.2445530e+06   4.5349121e+01
   4.2509320e+06   3.5888672e+01
   4.2810630e+06   3.5156250e+01
   4.2819780e+06   3.6743164e+01
   4.3019780e+06   4.2907715e+01
   4.3117990e+06   3.6193848e+01
   4.3497060e+06   3.6315918e+01
   4.3648000e+06   3.9428711e+01
   4.3820040e+06   3.8146973e+01
   4.4014890e+06   5.1086426e+01
   4.4109720e+06   3.8818359e+01
   4.4175330e+06   4.4128418e+01
   4.4178180e+06   3.4545898e+01
   4.4305800e+06   3.8818359e+01
   4.4487090e+06   3.6254883e+01
   4.4519670e+06   4.5349121e+01
   4.4649220e+06   3.5400391e+01
   4.4662420e+06   3.6193848e+01
   4.4773510e+06   4.4494629e+01
   4.4852020e+06   3.9184570e+01
   4.5037930e+06   4.0283203e+01
   4.5087130e+06   4.0466309e+01
   4.5170630e+06   3.8452148e+01
   4.5172280e+06   3.5156250e+01
   4.5192900e+06   3.5034180e+01
   4.5346800e+06   3.6804199e+01
   4.5354540e+06   3.5461426e+01
   4.5580830e+06   4.3029785e+01
   4.5646350e+06   3.4545898e+01
   4.5755030e+06   4.5959473e+01
   4.5946030e+06   3.8818359e+01
   4.5951940e+06   3.5034180e+01
   4.6094960e+06   3.5339355e+01
   4.6128630e+06   4.1931152e+01
   4.6187030e+06   3.8208008e+01
   4.6188790e+06   3.5400391e+01
   4.6328410e+06   3.9733887e+01
   4.6527900e+06   3.4545898e+01
   4.6533850e+06   3.4851074e+01
   4.6684790e+06   4.0893555e+01
   4.6733100e+06   3.8757324e+01
   4.6920040e+06   4.1564941e+01
   4.7145380e+06   3.4484863e+01
   4.7164660e+06   3.6010742e+01
   4.7201220e+06   3.9489746e+01
   4.7308840e+06   3.4851074e+01
   4.7387260e+06   4.6997070e+01
   4.7500800e+06   3.7048340e+01
   4.7540230e+06   3.8940430e+01
   4.7596510e+06   3.8330078e+01
   4.7739810e+06   3.6682129e+01
   4.7929870e+06   4.0161133e+01
   4.8089180e+06   4.2724609e+01
   4.8229650e+06   3.8452148e+01
   4.8240020e+06   3.4851074e+01
   4.8425210e+06   4.0161133e+01
   4.8436740e+06   3.7353516e+01
   4.8571290e+06   4.0161133e+01
   4.8617920e+06   3.4423828e+01
   4.8716380e+06   3.8269043e+01
   4.8731400e+06   3.5644531e+01
   4.8770880e+06   3.5888672e+01
   4.8875880e+06   3.5400391e+01
   4.9033930e+06   3.6743164e+01
   4.9079360e+06   3.4545898e+01
   4.9282750e+06   4.4799805e+01
   4.9402560e+06   3.6437988e+01
   4.9423300e+06   3.9245605e+01
   4.9454740e+06   3.9489746e+01
   4.9609460e+06   4.2175293e+01
   4.9885680e+06   3.5461426e+01
   4.9887810e+06   4.4433594e+01
   5.0416630e+06   3.7048340e+01
   5.0551360e+06   3.6315918e+01
   5.0706720e+06   3.5339355e+01
   5.0851110e+06   3.5339355e+01
   5.0854330e+06   3.7292480e+01
   5.0973550e+06   3.7536621e+01
   5.1029660e+06   3.4667969e+01
   5.1059800e+06   5.1086426e+01
   5.1061010e+06   3.6193848e+01
   5.1181230e+06   4.1992188e+01
   5.1246400e+06   4.0771484e+01
   5.1391600e+06   3.7475586e+01
   5.1393970e+06   3.9184570e+01
   5.1455830e+06   3.4790039e+01
   5.1473980e+06   3.4729004e+01
   5.1563170e+06   4.1625977e+01
   5.1790020e+06   3.7109375e+01
   5.1965260e+06   3.6010742e+01
   5.1967950e+06   3.4362793e+01
   5.2140270e+06   3.8574219e+01
   5.2154050e+06   3.5522461e+01
   5.2301250e+06   3.5705566e+01
   5.2602120e+06   3.8085938e+01
   5.2693260e+06   3.6071777e+01
   5.2781470e+06   3.4545898e+01
   5.2858350e+06   3.8208008e+01
   5.2974540e+06   3.5583496e+01
   5.3100610e+06   3.4912109e+01
   5.3312610e+06   4.0161133e+01
   5.3707150e+06   3.4362793e+01
   5.3733820e+06   3.8085938e+01
   5.3780930e+06   3.6071777e+01
   5.3921180e+06   3.8635254e+01
   5.3995210e+06   3.8574219e+01
   5.4113210e+06   4.0222168e+01
   5.4122310e+06   4.0405273e+01
   5.4270050e+06   3.5400391e+01
   5.4361640e+06   3.4667969e+01
   5.4399700e+06   3.8208008e+01
   5.4492220e+06   3.4545898e+01
   5.4576120e+06   4.1992188e+01
   5.4583510e+06   3.8024902e+01
   5.4753480e+06   4.0344238e+01
   5.4887290e+06   4.3884277e+01
   5.4888850e+06   3.5034180e+01
   5.5139660e+06   3.6560059e+01
   5.5160710e+06   4.2297363e+01
   5.5254070e+06   3.5400391e+01
   5.5360390e+06   4.0405273e+01
   5.5743710e+06   3.8635254e+01
   5.5806200e+06   3.4851074e+01
   5.5944280e+06   3.6010742e+01
   5.6006050e+06   3.6682129e+01
   5.6176790e+06   3.4362793e+01
   5.6292110e+06   3.9062500e+01
   5.6354960e+06   3.5278320e+01
   5.6463440e+06   3.8635254e+01
   5.6574110e+06   3.6743164e+01
   5.6754020e+06   3.9672852e+01
   5.6789720e+06   3.6071777e+01
   5.6866810e+06   3.4790039e+01
   5.7137110e+06   4.1137695e+01
   5.7165230e+06   3.6254883e+01
   5.7321770e+06   3.7231445e+01
   5.7458180e+06   3.6437988e+01
   5.7491130e+06   3.7536621e+01
   5.7618600e+06   3.5644531e+01
   5.7791220e+06   3.7353516e+01
   5.7806360e+06   3.7170410e+01
   5.7865070e+06   3.7963867e+01
   5.8021980e+06   3.7658691e+01
   5.8110830e+06   3.7719727e+01
   5.8119090e+06   3.4484863e+01
   5.8295840e+06   3.5583496e+01
   5.8396240e+06   3.5400391e+01
   5.8496400e+06   3.7231445e+01
   5.8966020e+06   3.4606934e+01
   5.8987330e+06   3.5827637e+01
   5.8991860e+06   3.4606934e+01
   5.9091830e+06   3.4667969e+01
   5.9191520e+06   3.6071777e+01
   5.9276980e+06   3.6804199e+01
   5.9306580e+06   3.7780762e+01
   5.9364370e+06   4.4006348e+01
   5.9405880e+06   3.9489746e+01
   5.9525190e+06   3.8085938e+01
   5.9652380e+06   4.7485352e+01
   5.9681880e+06   4.3579102e+01
   5.9885860e+06   4.7912598e+01
   5.9888350e+06   3.6071777e+01
   6.0117200e+06   3.7231445e+01
   6.0185230e+06   3.6315918e+01
   6.0420340e+06   3.5339355e+01
   6.0448940e+06   3.9978027e+01
   6.0483690e+06   3.5644531e+01
   6.0602830e+06   4.1076660e+01
   6.0607050e+06   3.7536621e+01
   6.0686120e+06   3.4484863e+01
   6.0733350e+06   4.3701172e+01
   6.0760170e+06   3.6987305e+01
   6.0960710e+06   3.6621094e+01
   6.0984190e+06   4.0832520e+01
   6.1018010e+06   4.3579102e+01
   6.1059410e+06   3.4729004e+01
   6.1209940e+06   3.5217285e+01
   6.1224410e+06   3.6010742e+01
   6.1279600e+06   3.6499023e+01
   6.1375120e+06   4.3518066e+01
   6.1516190e+06   3.7536621e+01
   6.1811850e+06   3.6743164e+01
   6.1841740e+06   3.5705566e+01
   6.1862680e+06   3.6315918e+01
   6.2085130e+06   3.7353516e+01
   6.2147530e+06   3.6254883e+01
   6.2293210e+06   4.2236328e+01
   6.2573150e+06   4.0771484e+01
   6.2577670e+06   3.7231445e+01
   6.2608570e+06   3.7353516e+01
   6.2908240e+06   3.6621094e+01
   6.2910100e+06   3.4973145e+01
   6.3100750e+06   3.7597656e+01
   6.3166840e+06   3.5034180e+01
   6.3407760e+06   4.1687012e+01
   6.3509510e+06   4.0527344e+01
   6.3540780e+06   4.0710449e+01
   6.3644070e+06   4.0039062e+01
   6.3682190e+06   3.6071777e+01
   6.3871550e+06   4.0588379e+01
   6.4023800e+06   3.5766602e+01
   6.4134350e+06   3.5766602e+01
   6.4161340e+06   3.4545898e+01
   6.4281850e+06   3.6926270e+01
   6.4283880e+06   3.5095215e+01
   6.4503520e+06   4.0588379e+01
   6.4541530e+06   3.5278320e+01
   6.4628930e+06   3.5522461e+01
   6.4729190e+06   3.5766602e+01
   6.4784020e+06   3.9611816e+01
   6.4873300e+06   3.7353516e+01
   6.4912410e+06   3.6193848e+01
   6.4937820e+06   3.7170410e+01
   6.5087310e+06   3.9123535e+01
   6.5090140e+06   3.9550781e+01
   6.5236840e+06   4.2480469e+01
   6.5328720e+06   3.8330078e+01
   6.5388060e+06   3.5888672e+01
   6.5498870e+06   3.5705566e+01
   6.5675200e+06   3.7902832e+01
   6.5802220e+06   4.0588379e+01
   6.5829830e+06   3.7353516e+01
   6.5868790e+06   3.7170410e+01
   6.5870920e+06   3.9184570e+01
   6.6083570e+06   3.8330078e+01
   6.6174070e+06   3.7780762e+01
   6.6182000e+06   3.7536621e+01
   6.6218280e+06   4.2907715e+01
   6.6351990e+06   3.7231445e+01
   6.6436660e+06   3.7414551e+01
   6.6485240e+06   3.6437988e+01
   6.6507040e+06   3.5827637e+01
   6.6610680e+06   3.7414551e+01
   6.6619560e+06   4.0222168e+01
   6.6654170e+06   3.6376953e+01
   6.6695240e+06   3.4667969e+01
   6.6845460e+06   3.4667969e+01
   6.6876170e+06   3.6132812e+01
   6.6878940e+06   3.5949707e+01
   6.7046300e+06   4.0710449e+01
   6.7193740e+06   3.5705566e+01
   6.7195680e+06   3.7170410e+01
   6.7290990e+06   3.5156250e+01
   6.7342980e+06   4.0100098e+01
   6.7380270e+06   3.7170410e+01
   6.7535810e+06   3.6682129e+01
   6.7689880e+06   3.8391113e+01
   6.7893070e+06   4.1076660e+01
   6.8057040e+06   3.4912109e+01
   6.8086810e+06   4.1931152e+01
   6.8237690e+06   4.0832520e+01
   6.8240440e+06   3.6987305e+01
   6.8298500e+06   3.6254883e+01
   6.8378240e+06   3.6499023e+01
   6.8445570e+06   3.9855957e+01
   6.8471500e+06   3.5156250e+01
   6.8577310e+06   3.4423828e+01
   6.8602530e+06   3.5400391e+01
   6.8944490e+06   3.9672852e+01
   6.8972630e+06   3.6804199e+01
   6.9013640e+06   3.6499023e+01
   6.9065810e+06   3.6132812e+01
   6.9270900e+06   4.0649414e+01
   6.9418090e+06   3.6254883e+01
   6.9520020e+06   3.8269043e+01
   6.9548610e+06   3.7414551e+01
   6.9566310e+06   3.7353516e+01
   6.9568890e+06   4.1320801e+01
   6.9895150e+06   3.6743164e+01
   6.9966640e+06   4.2968750e+01
   7.0064300e+06   3.4729004e+01
   7.0119660e+06   4.5471191e+01
   7.0163470e+06   3.6254883e+01
   7.0255100e+06   3.7292480e+01
   7.0414110e+06   3.9855957e+01
   7.0576660e+06   3.9367676e+01
   7.0755060e+06   3.5705566e+01
   7.1074570e+06   4.1259766e+01
   7.1191010e+06   4.3823242e+01
   7.1291660e+06   3.6254883e+01
   7.1434730e+06   3.5461426e+01
   7.1703740e+06   3.9978027e+01
   7.1802110e+06   3.4606934e+01
   7.1835750e+06   3.5217285e+01
   7.1948590e+06   4.0527344e+01
   7.2107470e+06   3.6682129e+01
   7.2257650e+06   3.7963867e+01
   7.2439650e+06   3.6926270e+01
   7.2461260e+06   4.2541504e+01
   7.2618370e+06   3.9489746e+01
   7.2682200e+06   3.4484863e+01
   7.2702480e+06   3.6071777e+01
   7.2774190e+06   4.1198730e+01
   7.2776780e+06   4.0893555e+01
   7.2857650e+06   3.5522461e+01
   7.2888960e+06   3.6010742e+01
   7.2924610e+06   3.4606934e+01
   7.2958970e+06   3.6682129e+01
   7.3143050e+06   3.5400391e+01
   7.3191280e+06   4.4494629e+01
   7.3286440e+06   4.1198730e+01
   7.3411620e+06   4.0466309e+01
   7.3576650e+06   3.5827637e+01
   7.3682840e+06   3.4973145e+01
   7.3752690e+06   4.3029785e+01
   7.3897640e+06   4.0893555e+01
   7.3996860e+06   3.8879395e+01
   7.4269310e+06   4.0222168e+01
   7.4306800e+06   4.1625977e+01
   7.4328990e+06   3.4484863e+01
   7.4353310e+06   3.7902832e+01
   7.4471350e+06   4.4555664e+01
   7.4656080e+06   3.4851074e+01
   7.4684800e+06   3.5339355e+01
   7.4868970e+06   3.9245605e+01
   7.5051220e+06   3.4423828e+01
   7.5092860e+06   3.5095215e+01
   7.5140550e+06   3.9550781e+01
   7.5214230e+06   4.1137695e+01
   7.5508770e+06   3.4790039e+01
   7.5553670e+06   3.4729004e+01
   7.5667870e+06   3.8635254e+01
   7.5852720e+06   4.0649414e+01
   7.5913470e+06   3.6437988e+01
   7.6454050e+06   3.8635254e+01
   7.6831350e+06   3.9978027e+01
   7.6973600e+06   4.2236328e+01
   7.7070930e+06   3.6926270e+01
   7.7112490e+06   3.7231445e+01
   7.7179310e+06   3.5888672e+01
   7.7204730e+06   3.6010742e+01
   7.7288950e+06   3.4667969e+01
   7.7301430e+06   3.5461426e+01
   7.7570940e+06   3.8269043e+01
   7.7576450e+06   3.5461426e+01
   7.7610880e+06   3.5644531e+01
   7.7614500e+06   3.4423828e+01
   7.7880430e+06   4.1748047e+01
   7.7937890e+06   3.4973145e+01
   7.8027620e+06   3.5827637e+01
   7.8144540e+06   4.5043945e+01
   7.8276240e+06   3.7597656e+01
   7.8336280e+06   3.4606934e+01
   7.8419830e+06   3.9428711e+01
   7.8642980e+06   3.6315918e+01
   7.8663690e+06   4.5776367e+01
   7.8740270e+06   3.8757324e+01
   7.9007920e+06   3.5095215e+01
   7.9048210e+06   3.5827637e+01
   7.9199830e+06   3.8391113e+01
   7.9223690e+06   3.6315918e+01
   7.9244510e+06   3.7963867e+01
   7.9352890e+06   3.6010742e+01
   7.9355280e+06   3.6071777e+01
   7.9439910e+06   3.6621094e+01
   7.9556730e+06   3.5949707e+01
   7.9565990e+06   4.0283203e+01
   7.9637470e+06   3.4423828e+01
   7.9807490e+06   3.5339355e+01
   7.9810660e+06   3.4484863e+01
   7.9893180e+06   3.7231445e+01
   8.0064480e+06   3.5034180e+01
   8.0091330e+06   3.5949707e+01
   8.0105890e+06   3.4423828e+01
   8.0229910e+06   3.6621094e+01
   8.0363970e+06   3.6193848e+01
   8.0611550e+06   3.7109375e+01
   8.0628130e+06   3.6804199e+01
   8.0726110e+06   3.4362793e+01
   8.0855390e+06   3.5583496e+01
   8.0985170e+06   4.5959473e+01
   8.1078230e+06   3.4423828e+01
   8.1094240e+06   3.6437988e+01
   8.1114190e+06   4.1015625e+01
   8.1184030e+06   4.4250488e+01
   8.1268030e+06   3.9123535e+01
   8.1280940e+06   3.5217285e+01
   8.1407830e+06   3.5522461e+01
   8.1611420e+06   3.5766602e+01
   8.1705730e+06   3.9245605e+01
   8.1833180e+06   3.7719727e+01
   8.2011350e+06   3.7841797e+01
   8.2186630e+06   4.6142578e+01
   8.2215320e+06   3.8452148e+01
   8.2333210e+06   4.2297363e+01
   8.2471740e+06   3.6499023e+01
   8.2609980e+06   3.4851074e+01
   8.2804390e+06   3.5156250e+01
   8.2916450e+06   4.0893555e+01
   8.3083850e+06   4.0161133e+01
   8.3132980e+06   3.6682129e+01
   8.3266340e+06   3.5156250e+01
   8.3314980e+06   3.4606934e+01
   8.3499320e+06   4.3212891e+01
   8.3667290e+06   3.9550781e+01
   8.3925970e+06   3.6193848e+01
   8.3929290e+06   3.4729004e+01
   8.4088800e+06   3.6560059e+01
   8.4192770e+06   3.5278320e+01
   8.4373470e+06   4.3518066e+01
   8.4694110e+06   3.6193848e+01
   8.4855170e+06   3.8330078e+01
   8.4881890e+06   4.9499512e+01
   8.5034570e+06   3.9855957e+01
   8.5203720e+06   3.7536621e+01
   8.5314260e+06   3.6071777e+01
   8.5324200e+06   3.4545898e+01
   8.5351280e+06   3.5217285e+01
   8.5351610e+06   4.0710449e+01
   8.5491130e+06   3.8146973e+01
   8.5651170e+06   3.7902832e+01
   8.5787550e+06   3.5766602e+01
   8.5848560e+06   3.8269043e+01
   8.5934500e+06   4.3884277e+01
   8.6197210e+06   3.5339355e+01
   8.6210100e+06   3.4790039e+01
   8.6340460e+06   4.2480469e+01
   8.6829380e+06   3.5827637e+01
   8.6897780e+06   4.5898438e+01
   8.7071590e+06   4.0954590e+01
   8.7353790e+06   3.6315918e+01
   8.7577620e+06   3.5217285e+01
   8.7589370e+06   3.6254883e+01
   8.7718190e+06   3.5461426e+01
   8.7770090e+06   3.7414551e+01
   8.7785340e+06   3.4851074e+01
   8.7914740e+06   3.7292480e+01
   8.8052610e+06   3.5095215e+01
   8.8057900e+06   3.9916992e+01
   8.8187670e+06   4.2175293e+01
   8.8485790e+06   3.4423828e+01
   8.8604050e+06   3.7292480e+01
   8.8744810e+06   3.8391113e+01
   8.8753500e+06   3.6560059e+01
   8.8775340e+06   3.8269043e+01
   8.9180670e+06   3.4667969e+01
   8.9257270e+06   3.5034180e+01
   8.9311170e+06   3.5522461e+01
   8.9460400e+06   3.7963867e+01
   8.9592510e+06   3.7719727e+01
   8.9611700e+06   3.6499023e+01
   8.9743660e+06   4.1992188e+01
