   8.9990000e+06   0.0000000e+00
   3.2124000e+04   3.9489746e+01
   4.7259000e+04   4.0283203e+01
   3.0073800e+05   4.2297363e+01
   5.1287400e+05   4.2968750e+01
   8.3030800e+05   4.1381836e+01
   1.4793750e+06   4.1076660e+01
   1.5466120e+06   4.1381836e+01
   1.6061670e+06   4.0771484e+01
   1.6949910e+06   4.0100098e+01
   1.9300080e+06   3.9978027e+01
   2.0708600e+06   4.3640137e+01
   2.2576410e+06   4.1992188e+01
   2.3811350e+06   3.9428711e+01
   2.3950290e+06   4.1442871e+01
   2.6434670e+06   4.0649414e+01
   2.7277390e+06   3.8879395e+01
   2.9070700e+06   3.9855957e+01
   3.0876170e+06   3.8635254e+01
   3.1748810e+06   3.8696289e+01
   3.2069430e+06   3.9367676e+01
   3.2288380e+06   3.9184570e+01
   3.2994580e+06   3.8574219e+01
   3.3217830e+06   4.0405273e+01
   3.4465800e+06   4.1992188e+01
   3.5064860e+06   3.9855957e+01
   3.7177280e+06   4.2541504e+01
   3.7777440e+06   3.9367676e+01
   3.8613650e+06   3.9733887e+01
   3.9848230e+06   4.0710449e+01
   4.1652550e+06   4.0832520e+01
   4.1870600e+06   3.8513184e+01
   4.2945820e+06   3.8940430e+01
   4.3223330e+06   4.6203613e+01
   4.3295760e+06   4.0649414e+01
   4.3446740e+06   4.0344238e+01
   4.3870100e+06   3.9245605e+01
   4.6481110e+06   4.0954590e+01
   4.6921010e+06   4.1198730e+01
   4.8682290e+06   3.9916992e+01
   4.8910320e+06   4.3823242e+01
   4.9842690e+06   3.8818359e+01
   5.4366490e+06   3.8574219e+01
   5.8167080e+06   3.9123535e+01
   5.8427570e+06   3.9184570e+01
   6.0509060e+06   4.0405273e+01
   6.6896320e+06   4.0100098e+01
   6.8737260e+06   4.4433594e+01
   7.3644760e+06   3.9123535e+01
   7.3651890e+06   4.0405273e+01
   7.8198390e+06   4.1198730e+01
   7.9046920e+06   3.9672852e+01
   8.0299700e+06   3.8757324e+01
   8.0304950e+06   3.8940430e+01
   8.3174480e+06   3.9672852e+01
   8.3662490e+06   4.3334961e+01
   8.7694850e+06   4.0588379e+01
   8.9871070e+06   3.8696289e+01
