   8.9990000e+06   0.0000000e+00
   2.8827000e+05   3.1616211e+01
   1.3417790e+06   3.1860352e+01
   1.4022400e+06   3.3386230e+01
   1.7653240e+06   3.2104492e+01
   1.7923090e+06   3.1738281e+01
   2.4717000e+06   3.2104492e+01
   2.8047000e+06   3.3874512e+01
   3.0328550e+06   3.4179688e+01
   3.3022170e+06   3.1799316e+01
   3.3379260e+06   3.8635254e+01
   3.5192060e+06   3.2470703e+01
   3.5951880e+06   3.1555176e+01
   3.8973740e+06   3.7231445e+01
   4.1796520e+06   3.3386230e+01
   4.4193100e+06   3.2958984e+01
   4.6637910e+06   3.1677246e+01
   4.7686720e+06   3.6376953e+01
   4.7714370e+06   3.2836914e+01
   4.9095300e+06   3.1677246e+01
   5.4555700e+06   3.1616211e+01
   6.0647450e+06   3.2287598e+01
   8.0299060e+06   3.2775879e+01
   8.0409740e+06   3.1921387e+01
   8.4024760e+06   3.2958984e+01
