   8.9990000e+06   0.0000000e+00
   7.8537000e+04   3.9550781e+01
   1.0162100e+05   3.5705566e+01
   1.5312700e+05   3.6682129e+01
   1.7675400e+05   4.3640137e+01
   2.1344800e+05   3.6499023e+01
   2.4696900e+05   3.8635254e+01
   6.5245000e+05   3.8269043e+01
   7.8499400e+05   3.7597656e+01
   8.5229500e+05   3.7414551e+01
   9.5096600e+05   3.8330078e+01
   9.9338800e+05   3.8208008e+01
   1.0382990e+06   3.6132812e+01
   1.0937340e+06   3.6621094e+01
   1.0945280e+06   3.5644531e+01
   1.2982260e+06   3.5339355e+01
   1.3032880e+06   3.6132812e+01
   1.3828140e+06   3.4973145e+01
   1.5271870e+06   3.6376953e+01
   1.5676510e+06   3.5400391e+01
   1.6014140e+06   3.4912109e+01
   1.6228670e+06   3.6987305e+01
   1.6790080e+06   3.4973145e+01
   1.8069320e+06   3.5583496e+01
   1.8346020e+06   3.4912109e+01
   1.9592680e+06   3.5095215e+01
   2.0127990e+06   3.5949707e+01
   2.0471870e+06   4.1992188e+01
   2.0637950e+06   3.7658691e+01
   2.0808310e+06   3.5644531e+01
   2.1514950e+06   4.3212891e+01
   2.1903700e+06   3.9916992e+01
   2.2718180e+06   3.5400391e+01
   2.3280920e+06   3.9855957e+01
   2.3466500e+06   3.6865234e+01
   2.3852340e+06   4.0222168e+01
   2.4061400e+06   3.5217285e+01
   2.4425280e+06   4.0344238e+01
   2.4604550e+06   4.0283203e+01
   2.4812000e+06   3.5583496e+01
   2.5246210e+06   4.0466309e+01
   2.5430870e+06   3.8085938e+01
   2.5608100e+06   3.7475586e+01
   2.5790640e+06   3.6865234e+01
   2.5976900e+06   3.6010742e+01
   2.6164100e+06   4.0283203e+01
   2.7264370e+06   3.4790039e+01
   2.7483740e+06   3.5888672e+01
   2.7615740e+06   3.5400391e+01
   2.7804220e+06   3.7109375e+01
   2.8357770e+06   3.4790039e+01
   2.9397110e+06   3.5156250e+01
   2.9603590e+06   3.8940430e+01
   2.9974020e+06   3.5339355e+01
   3.0614320e+06   4.1442871e+01
   3.0839740e+06   3.7170410e+01
   3.1048360e+06   3.6804199e+01
   3.1480800e+06   3.4912109e+01
   3.1876890e+06   3.5583496e+01
   3.2903080e+06   3.5827637e+01
   3.3040680e+06   3.4973145e+01
   3.3810990e+06   3.5217285e+01
   3.4226490e+06   3.7170410e+01
   3.4650610e+06   3.5156250e+01
   3.5510090e+06   4.1015625e+01
   3.6500180e+06   3.9611816e+01
   3.7159310e+06   3.8574219e+01
   3.7963630e+06   4.0893555e+01
   3.8088220e+06   3.6254883e+01
   3.8713170e+06   4.0527344e+01
   3.8908190e+06   3.9978027e+01
   3.9783580e+06   3.6926270e+01
   4.0109280e+06   3.5278320e+01
   4.0348660e+06   3.6499023e+01
   4.1528250e+06   3.9123535e+01
   4.1752710e+06   3.6499023e+01
   4.1966070e+06   3.5095215e+01
   4.2586400e+06   3.5400391e+01
   4.2872260e+06   3.5278320e+01
   4.3139230e+06   3.8696289e+01
   4.3284430e+06   4.4372559e+01
   4.3588430e+06   3.7780762e+01
   4.3843690e+06   3.6621094e+01
   4.4007550e+06   3.7231445e+01
   4.4389940e+06   3.4790039e+01
   4.5546810e+06   3.7597656e+01
   4.6256900e+06   3.9794922e+01
   4.6488480e+06   4.3273926e+01
   4.8103710e+06   3.5278320e+01
   4.8272830e+06   3.8757324e+01
   4.8427770e+06   3.5278320e+01
   4.8685710e+06   3.6010742e+01
   4.9354150e+06   3.9123535e+01
   4.9784290e+06   3.4790039e+01
   5.0150570e+06   4.4555664e+01
   5.0599300e+06   3.7963867e+01
   5.1068800e+06   3.5217285e+01
   5.1769260e+06   3.6010742e+01
   5.2860850e+06   4.3701172e+01
   5.4071110e+06   4.2663574e+01
   5.6746490e+06   4.1564941e+01
   5.8726490e+06   4.3945312e+01
   6.1760150e+06   3.7658691e+01
   6.3064770e+06   3.7597656e+01
   6.3584850e+06   3.8085938e+01
   6.4216210e+06   4.0466309e+01
   6.5928880e+06   3.8574219e+01
   6.6427430e+06   3.5644531e+01
   6.6905300e+06   4.3395996e+01
   6.7951610e+06   3.7963867e+01
   6.8310100e+06   4.0161133e+01
   6.9251920e+06   3.7536621e+01
   6.9514460e+06   4.5349121e+01
   7.0298320e+06   3.7170410e+01
   7.1683400e+06   3.5278320e+01
   7.2978760e+06   3.6743164e+01
   7.5682100e+06   3.7292480e+01
   7.6181190e+06   3.5949707e+01
   7.6635770e+06   3.7353516e+01
   7.7678750e+06   3.4973145e+01
   7.7956220e+06   4.2663574e+01
   7.8496440e+06   3.4851074e+01
   7.8731790e+06   3.6071777e+01
   7.9658590e+06   4.1625977e+01
   8.1623070e+06   3.6010742e+01
   8.2119560e+06   3.6865234e+01
   8.2473420e+06   4.0893555e+01
   8.3162970e+06   3.6682129e+01
   8.3609070e+06   3.9916992e+01
   8.3856420e+06   4.1503906e+01
   8.5091630e+06   4.1320801e+01
   8.5276990e+06   3.4973145e+01
   8.5750750e+06   4.2358398e+01
   8.6323930e+06   3.7414551e+01
   8.6791710e+06   3.8696289e+01
   8.7067700e+06   3.6010742e+01
   8.7102450e+06   3.5278320e+01
   8.7657770e+06   3.6926270e+01
   8.8000990e+06   3.5156250e+01
   8.8561560e+06   4.0466309e+01
   8.8876230e+06   3.5522461e+01
   8.9103040e+06   3.8818359e+01
   8.9871250e+06   3.7170410e+01
