   8.9990000e+06   0.0000000e+00
   3.3857000e+04   3.7048340e+01
   7.8728000e+04   3.6926270e+01
   2.3083800e+05   3.7353516e+01
   2.5672700e+05   3.8269043e+01
   5.3785700e+05   3.6010742e+01
   7.1311400e+05   3.5888672e+01
   7.7580800e+05   3.8513184e+01
   8.1280900e+05   3.7963867e+01
   8.2734100e+05   3.6987305e+01
   1.0291720e+06   3.5644531e+01
   1.1244180e+06   3.6071777e+01
   1.4872870e+06   3.9001465e+01
   1.6369020e+06   3.7597656e+01
   1.6943610e+06   3.7780762e+01
   1.7091760e+06   3.7719727e+01
   1.7731400e+06   4.1748047e+01
   1.9119340e+06   4.2907715e+01
   2.0643430e+06   3.9428711e+01
   2.1620920e+06   3.7963867e+01
   2.3155480e+06   3.5888672e+01
   2.4321060e+06   3.7841797e+01
   2.4632200e+06   3.7719727e+01
   2.4703410e+06   3.6010742e+01
   2.6120520e+06   3.5644531e+01
   2.8856920e+06   3.6010742e+01
   3.1511810e+06   3.6132812e+01
   3.3897380e+06   3.7414551e+01
   3.4384050e+06   3.6987305e+01
   3.6246810e+06   3.5949707e+01
   3.6384510e+06   3.7841797e+01
   3.9873810e+06   3.8879395e+01
   4.0589000e+06   3.7353516e+01
   4.1123390e+06   3.7902832e+01
   4.4182350e+06   3.8085938e+01
   4.5171010e+06   3.6743164e+01
   4.8305470e+06   3.6193848e+01
   4.8371410e+06   3.6132812e+01
   4.8959410e+06   3.6804199e+01
   4.9067810e+06   3.5644531e+01
   5.2065810e+06   3.6865234e+01
   5.2497900e+06   4.0893555e+01
   5.5066890e+06   3.7475586e+01
   5.5559150e+06   3.5888672e+01
   5.6310970e+06   3.7597656e+01
   5.6425730e+06   3.6682129e+01
   5.7400780e+06   4.4494629e+01
   5.8915330e+06   4.0832520e+01
   5.9424230e+06   3.6621094e+01
   5.9460930e+06   3.7048340e+01
   6.0418300e+06   3.8330078e+01
   6.2851600e+06   3.8024902e+01
   6.2948430e+06   3.8024902e+01
   6.8454000e+06   3.7780762e+01
   6.9272240e+06   3.7780762e+01
   6.9687510e+06   3.5827637e+01
   7.0322670e+06   3.5827637e+01
   7.0387280e+06   3.9306641e+01
   7.1536530e+06   3.7353516e+01
   7.2622900e+06   3.9916992e+01
   7.3358800e+06   3.6560059e+01
   7.3564590e+06   3.8269043e+01
   7.6171160e+06   3.5827637e+01
   7.6577560e+06   3.5827637e+01
   7.7899670e+06   3.7597656e+01
   7.8462420e+06   3.7048340e+01
   7.8559570e+06   3.5644531e+01
   7.8773630e+06   3.5644531e+01
   7.8954980e+06   3.6743164e+01
   7.9431920e+06   3.6804199e+01
   8.0565170e+06   3.7109375e+01
   8.0911760e+06   3.6254883e+01
   8.1635740e+06   3.9916992e+01
   8.3971100e+06   3.6682129e+01
   8.5920500e+06   3.8024902e+01
   8.6263660e+06   3.8085938e+01
   8.6542710e+06   3.5827637e+01
   8.6830820e+06   3.5888672e+01
   8.7771340e+06   3.7353516e+01
   8.8298030e+06   3.7658691e+01
   8.8419900e+06   3.9123535e+01
   8.9689870e+06   3.9489746e+01
