   8.9990000e+06   0.0000000e+00
   1.0058800e+05   1.0363770e+02
   1.5200000e+05   9.6374512e+01
   1.5208900e+05   3.4179688e+01
   3.0358500e+05   9.7045898e+01
   3.0368100e+05   3.9123535e+01
   5.4921800e+05   5.3833008e+01
   5.8419500e+05   9.1125488e+01
   5.8427900e+05   3.8574219e+01
   6.4556200e+05   3.6682129e+01
   7.4049800e+05   8.8500977e+01
   7.4057800e+05   3.5644531e+01
   9.3573600e+05   9.2285156e+01
   9.3581900e+05   3.9978027e+01
   9.7701000e+05   9.1857910e+01
   9.7710600e+05   4.0893555e+01
   1.0288980e+06   8.6181641e+01
   1.0289820e+06   3.4118652e+01
   1.1346170e+06   8.9965820e+01
   1.1346970e+06   4.0344238e+01
   1.2071580e+06   8.6120605e+01
   1.2072530e+06   4.0405273e+01
   1.2780030e+06   9.2163086e+01
   1.2780820e+06   3.4973145e+01
   1.3178030e+06   8.6486816e+01
   1.3744240e+06   8.8867188e+01
   1.3745070e+06   3.4729004e+01
   1.4543920e+06   9.3444824e+01
   1.4544730e+06   4.1320801e+01
   1.4951870e+06   8.7707520e+01
   1.4952650e+06   3.6193848e+01
   1.5394830e+06   9.0454102e+01
   1.5780580e+06   8.5998535e+01
   1.6129710e+06   7.8735352e+01
   1.6416730e+06   8.8928223e+01
   1.6417640e+06   3.7414551e+01
   1.7006360e+06   9.2102051e+01
   1.7327740e+06   8.6242676e+01
   1.7328710e+06   4.1931152e+01
   1.7588880e+06   8.6853027e+01
   1.7589720e+06   3.8757324e+01
   1.7974540e+06   9.1369629e+01
   1.8253290e+06   8.8073730e+01
   1.8656760e+06   8.8317871e+01
   1.9139290e+06   8.6547852e+01
   1.9513480e+06   9.6313477e+01
   1.9948130e+06   9.1369629e+01
   2.0193660e+06   8.8867188e+01
   2.0484830e+06   9.0332031e+01
   2.0603030e+06   4.0039062e+01
   2.0737420e+06   8.1726074e+01
   2.1012640e+06   8.1359863e+01
   2.1302190e+06   8.4533691e+01
   2.1647900e+06   9.6191406e+01
   2.1648660e+06   3.4790039e+01
   2.2252030e+06   9.3627930e+01
   2.2604220e+06   8.5144043e+01
   2.3046110e+06   6.9335938e+01
   2.3334300e+06   9.5581055e+01
   2.3335200e+06   3.6560059e+01
   2.3650220e+06   9.4726562e+01
   2.3651050e+06   3.6621094e+01
   2.3911980e+06   8.7158203e+01
   2.4183590e+06   9.1186523e+01
   2.4184330e+06   3.5827637e+01
   2.4666470e+06   8.7829590e+01
   2.5008850e+06   8.5021973e+01
   2.5281150e+06   8.8806152e+01
   2.5281890e+06   3.4790039e+01
   2.5722630e+06   8.4289551e+01
   2.5878530e+06   9.0820312e+01
   2.6465260e+06   9.1430664e+01
   2.6466050e+06   3.4912109e+01
   2.6834690e+06   8.8806152e+01
   2.7104630e+06   9.3444824e+01
   2.7105350e+06   3.8330078e+01
   2.7433890e+06   1.0455322e+02
   2.7434630e+06   3.4912109e+01
   2.7780980e+06   9.1491699e+01
   2.8381470e+06   8.7768555e+01
   2.8382310e+06   4.0222168e+01
   2.8697180e+06   9.9853516e+01
   2.8697970e+06   3.7353516e+01
   2.9013380e+06   8.9965820e+01
   2.9476640e+06   9.6862793e+01
   3.0002110e+06   1.0089111e+02
   3.0002830e+06   3.6071777e+01
   3.0303740e+06   8.7280273e+01
   3.0304580e+06   3.9367676e+01
   3.0630020e+06   9.1308594e+01
   3.0630770e+06   3.9794922e+01
   3.0952780e+06   8.7463379e+01
   3.1455270e+06   9.0637207e+01
   3.1822530e+06   9.8754883e+01
   3.2304810e+06   6.6406250e+01
   3.2772520e+06   9.1918945e+01
   3.3044210e+06   8.4655762e+01
   3.3044970e+06   3.4667969e+01
   3.3539290e+06   9.6069336e+01
   3.3539990e+06   3.4179688e+01
   3.3922800e+06   8.2580566e+01
   3.3923560e+06   3.4484863e+01
   3.4285070e+06   9.7778320e+01
   3.4285830e+06   3.5034180e+01
   3.4674800e+06   9.1857910e+01
   3.4675560e+06   3.4240723e+01
   3.4952870e+06   8.5937500e+01
   3.4953660e+06   3.4301758e+01
   3.5301790e+06   8.5571289e+01
   3.5302580e+06   3.7353516e+01
   3.5745050e+06   8.5693359e+01
   3.6241070e+06   8.7890625e+01
   3.6241970e+06   4.0893555e+01
   3.6637410e+06   8.3496094e+01
   3.6638270e+06   3.5461426e+01
   3.7055300e+06   9.6191406e+01
   3.7056120e+06   3.6132812e+01
   3.7798260e+06   9.3078613e+01
   3.8102890e+06   8.5693359e+01
   3.8558050e+06   8.6364746e+01
   3.8988370e+06   8.0383301e+01
   3.8989250e+06   4.6691895e+01
   3.9723440e+06   9.1918945e+01
   4.0036910e+06   8.2214355e+01
   4.0776020e+06   1.0406494e+02
   4.1117590e+06   8.2885742e+01
   4.1118460e+06   4.0710449e+01
   4.1438400e+06   8.3618164e+01
   4.1745890e+06   8.8256836e+01
   4.3158780e+06   8.9355469e+01
   4.3159660e+06   4.1381836e+01
   4.4431630e+06   8.8684082e+01
   4.4432490e+06   4.3518066e+01
   4.5874980e+06   8.3557129e+01
   4.7517790e+06   8.9233398e+01
   4.7518630e+06   4.0832520e+01
   5.6917730e+06   3.4179688e+01
