   8.9990000e+06   0.0000000e+00
   1.7143100e+05   4.0039062e+01
   5.3905600e+05   4.1198730e+01
   6.6800900e+05   3.9428711e+01
   1.2139020e+06   4.0466309e+01
   1.9991740e+06   4.0344238e+01
   2.5208460e+06   4.0344238e+01
   2.6033490e+06   3.9611816e+01
   2.6294100e+06   3.9672852e+01
   2.8697910e+06   4.1198730e+01
   4.1616220e+06   4.0161133e+01
   4.2620240e+06   4.1992188e+01
   4.9508210e+06   4.5837402e+01
   5.0335900e+06   4.0161133e+01
   5.1921150e+06   3.9611816e+01
   6.0889910e+06   3.9672852e+01
   6.2021830e+06   4.0527344e+01
   7.1343970e+06   4.0710449e+01
   8.4612260e+06   4.0100098e+01
   8.6652210e+06   3.9672852e+01
