   8.9990000e+06   0.0000000e+00
   2.9024000e+04   4.3151855e+01
   8.9741000e+05   4.3945312e+01
   1.2903530e+06   4.3884277e+01
   1.6530400e+06   4.3823242e+01
   1.9908800e+06   4.5959473e+01
   2.6786670e+06   4.5654297e+01
   2.9174240e+06   4.7485352e+01
   3.8815650e+06   4.3518066e+01
   4.5107510e+06   4.4677734e+01
   4.9960910e+06   4.2968750e+01
   4.9965890e+06   4.9682617e+01
   5.4359170e+06   4.3334961e+01
   6.8076900e+06   4.3945312e+01
   7.0634070e+06   4.4372559e+01
   7.0636300e+06   4.7668457e+01
   7.1138020e+06   4.3884277e+01
   7.4156100e+06   4.5043945e+01
   7.4616070e+06   4.6325684e+01
   7.7995750e+06   5.2490234e+01
   7.8491190e+06   4.5715332e+01
   8.0994130e+06   5.6335449e+01
   8.0999610e+06   4.3823242e+01
   8.2735330e+06   4.8645020e+01
   8.2737860e+06   4.5776367e+01
   8.2741030e+06   4.4433594e+01
   8.3553850e+06   4.5837402e+01
   8.6908080e+06   6.0913086e+01
   8.6911460e+06   4.3823242e+01
