   8.9990000e+06   0.0000000e+00
   1.3663000e+04   3.8391113e+01
   1.4132000e+04   3.6621094e+01
   5.7842000e+04   3.7048340e+01
   1.2808600e+05   3.6804199e+01
   1.4050100e+05   4.2419434e+01
   1.4657200e+05   3.6376953e+01
   1.4743500e+05   3.8391113e+01
   1.4765200e+05   3.7963867e+01
   1.4813500e+05   3.9978027e+01
   1.7429500e+05   3.7292480e+01
   1.7444200e+05   4.7058105e+01
   2.1854700e+05   3.6621094e+01
   2.1915300e+05   3.9978027e+01
   2.1923200e+05   4.0283203e+01
   2.1950500e+05   3.6865234e+01
   2.1971900e+05   3.8635254e+01
   2.1988900e+05   3.7658691e+01
   2.6353100e+05   3.8391113e+01
   2.6714900e+05   3.8757324e+01
   3.0184900e+05   3.9306641e+01
   3.5310800e+05   3.8696289e+01
   3.5574400e+05   3.7597656e+01
   3.8079200e+05   3.9733887e+01
   4.0422400e+05   4.1381836e+01
   4.2095500e+05   3.8818359e+01
   4.3762000e+05   4.0832520e+01
   4.3912200e+05   3.7048340e+01
   4.7519400e+05   3.8940430e+01
   4.7727000e+05   3.7475586e+01
   4.7827200e+05   3.9733887e+01
   4.8794100e+05   3.9550781e+01
   4.9754100e+05   3.9672852e+01
   5.1265700e+05   4.5715332e+01
   5.1381400e+05   4.5532227e+01
   5.1749300e+05   3.7170410e+01
   5.2257600e+05   4.6325684e+01
   5.3705600e+05   4.3273926e+01
   5.5558000e+05   3.6804199e+01
   5.5596300e+05   3.6437988e+01
   5.5975800e+05   4.1809082e+01
   5.7011800e+05   3.7170410e+01
   5.8357000e+05   4.0710449e+01
   5.8463100e+05   3.7231445e+01
   5.8505200e+05   3.6560059e+01
   5.8523400e+05   3.8757324e+01
   5.9802100e+05   3.7780762e+01
   6.0902600e+05   3.6437988e+01
   6.6406900e+05   4.5959473e+01
   6.6454600e+05   3.6621094e+01
   6.6485800e+05   3.6499023e+01
   6.6554400e+05   3.6499023e+01
   7.1781800e+05   3.7658691e+01
   7.2069600e+05   4.1687012e+01
   7.2092900e+05   3.7597656e+01
   7.7608200e+05   4.3762207e+01
   7.8685600e+05   3.7414551e+01
   7.9360700e+05   3.6926270e+01
   8.0532900e+05   3.7658691e+01
   8.1926200e+05   4.1748047e+01
   8.1992600e+05   3.6682129e+01
   8.7371100e+05   3.7414551e+01
   8.7419500e+05   4.0832520e+01
   8.7534800e+05   4.0161133e+01
   8.9026600e+05   3.9184570e+01
   8.9051900e+05   3.9978027e+01
   8.9599000e+05   3.7597656e+01
   8.9672700e+05   3.7536621e+01
   9.2937000e+05   3.6987305e+01
   9.4257600e+05   3.6987305e+01
   9.4332100e+05   4.0405273e+01
   9.4844500e+05   3.7292480e+01
   9.6275700e+05   3.6560059e+01
   1.0111020e+06   3.9550781e+01
   1.0395670e+06   4.4128418e+01
   1.0548710e+06   3.8208008e+01
   1.0575480e+06   3.6376953e+01
   1.0845110e+06   3.8879395e+01
   1.1090240e+06   3.8330078e+01
   1.1424910e+06   4.4494629e+01
   1.1617860e+06   3.8757324e+01
   1.1695580e+06   4.1809082e+01
   1.1767170e+06   3.7292480e+01
   1.1783340e+06   3.8146973e+01
   1.1816360e+06   3.8574219e+01
   1.1878940e+06   4.1015625e+01
   1.2078250e+06   3.9733887e+01
   1.2471650e+06   4.1687012e+01
   1.2498250e+06   3.9367676e+01
   1.2666640e+06   3.7292480e+01
   1.2863260e+06   4.2846680e+01
   1.2879380e+06   3.6560059e+01
   1.2888460e+06   4.2907715e+01
   1.2890740e+06   3.9245605e+01
   1.2900180e+06   3.8513184e+01
   1.3089590e+06   4.0161133e+01
   1.3091470e+06   3.6987305e+01
   1.3095960e+06   3.7658691e+01
   1.3285000e+06   3.9367676e+01
   1.3289540e+06   3.7780762e+01
   1.3292800e+06   3.6682129e+01
   1.3524740e+06   3.8757324e+01
   1.3680070e+06   4.4677734e+01
   1.3742720e+06   3.7536621e+01
   1.3742840e+06   3.7414551e+01
   1.3789330e+06   4.7424316e+01
   1.3955630e+06   4.3334961e+01
   1.4003720e+06   4.4555664e+01
   1.4179910e+06   3.7353516e+01
   1.4272440e+06   4.8156738e+01
   1.4557430e+06   4.0649414e+01
   1.4719780e+06   3.8269043e+01
   1.4722520e+06   4.2846680e+01
   1.4911110e+06   4.1931152e+01
   1.4972340e+06   3.8330078e+01
   1.5297030e+06   3.8513184e+01
   1.5841390e+06   3.8269043e+01
   1.5860610e+06   3.6804199e+01
   1.6121190e+06   4.1137695e+01
   1.6121530e+06   5.2429199e+01
   1.6148620e+06   4.1992188e+01
   1.6258750e+06   3.8513184e+01
   1.6277830e+06   3.8696289e+01
   1.6281140e+06   3.6621094e+01
   1.6475930e+06   4.1442871e+01
   1.6504280e+06   4.9072266e+01
   1.6509410e+06   3.8574219e+01
   1.6559870e+06   3.7658691e+01
   1.6563540e+06   4.1320801e+01
   1.6575250e+06   4.1320801e+01
   1.6733550e+06   3.6376953e+01
   1.6786080e+06   3.7414551e+01
   1.7123440e+06   4.4555664e+01
   1.7130460e+06   3.8330078e+01
   1.7132080e+06   3.9245605e+01
   1.7945460e+06   4.3334961e+01
   1.8099470e+06   3.6987305e+01
   1.8345330e+06   4.7851562e+01
   1.8643810e+06   3.7353516e+01
   1.8872040e+06   4.1381836e+01
   1.9230540e+06   3.7963867e+01
   1.9429150e+06   4.6020508e+01
   1.9431880e+06   4.2114258e+01
   1.9466690e+06   3.8452148e+01
   1.9744680e+06   3.7902832e+01
   1.9949830e+06   3.7536621e+01
   2.0052120e+06   3.9123535e+01
   2.0311510e+06   3.8635254e+01
   2.0613720e+06   5.0720215e+01
   2.0756950e+06   3.7475586e+01
   2.0852050e+06   4.1259766e+01
   2.0942540e+06   3.8757324e+01
   2.0961540e+06   4.2419434e+01
   2.1010420e+06   4.0039062e+01
   2.1473540e+06   4.1870117e+01
   2.1475860e+06   3.6376953e+01
   2.1701380e+06   3.7048340e+01
   2.1911140e+06   4.4128418e+01
   2.2066420e+06   4.2175293e+01
   2.2068500e+06   3.8330078e+01
   2.2077670e+06   3.9672852e+01
   2.2079020e+06   4.1320801e+01
   2.2085700e+06   3.7719727e+01
   2.2090050e+06   4.6875000e+01
   2.2282300e+06   3.8757324e+01
   2.2284070e+06   4.0466309e+01
   2.2309740e+06   3.8024902e+01
   2.2656340e+06   4.1015625e+01
   2.2659630e+06   3.9733887e+01
   2.2666320e+06   3.6499023e+01
   2.3059870e+06   3.8818359e+01
   2.3376040e+06   4.2358398e+01
   2.3687870e+06   4.1809082e+01
   2.3725420e+06   3.6987305e+01
   2.4006250e+06   3.7841797e+01
   2.4199080e+06   4.1625977e+01
   2.4796970e+06   3.8269043e+01
   2.4938370e+06   3.8757324e+01
   2.5009520e+06   3.7963867e+01
   2.5016450e+06   4.3212891e+01
   2.5135350e+06   3.7292480e+01
   2.5294860e+06   4.3457031e+01
   2.5386320e+06   3.9916992e+01
   2.5940690e+06   4.1076660e+01
   2.6175460e+06   3.9794922e+01
   2.6343400e+06   4.2541504e+01
   2.6958300e+06   3.6865234e+01
   2.7276620e+06   4.1564941e+01
   2.7447980e+06   3.9001465e+01
   2.8250380e+06   4.3151855e+01
   2.8628340e+06   3.6437988e+01
   2.9386330e+06   4.0161133e+01
   2.9551080e+06   3.6376953e+01
   2.9646760e+06   3.6743164e+01
   3.0014940e+06   4.1564941e+01
   3.0844340e+06   4.4921875e+01
   3.1340090e+06   4.6020508e+01
   3.1369510e+06   3.9672852e+01
   3.1476180e+06   4.3579102e+01
   3.1608970e+06   3.9245605e+01
   3.2037100e+06   3.6376953e+01
   3.2125590e+06   4.2541504e+01
   3.2127310e+06   4.1564941e+01
   3.2128610e+06   4.3640137e+01
   3.2130120e+06   4.0832520e+01
   3.2135600e+06   3.9184570e+01
   3.2326360e+06   3.7597656e+01
   3.2331670e+06   4.3518066e+01
   3.2341170e+06   3.9672852e+01
   3.2343150e+06   3.7902832e+01
   3.2525900e+06   3.7536621e+01
   3.2655230e+06   4.1076660e+01
   3.2657390e+06   4.4494629e+01
   3.2659810e+06   3.8146973e+01
   3.2662020e+06   4.6386719e+01
   3.2670190e+06   4.4738770e+01
   3.4282140e+06   3.7048340e+01
   3.5494110e+06   3.7292480e+01
   3.5527720e+06   3.7719727e+01
   3.5874650e+06   4.8278809e+01
   3.6076930e+06   4.5776367e+01
   3.6823170e+06   3.9184570e+01
   3.7699320e+06   3.6926270e+01
   3.8176400e+06   3.8024902e+01
   3.8735770e+06   4.2907715e+01
   3.9084260e+06   4.5471191e+01
   3.9086360e+06   3.9550781e+01
   3.9097260e+06   3.8146973e+01
   3.9102290e+06   4.0771484e+01
   3.9105170e+06   3.7902832e+01
   3.9428920e+06   4.1198730e+01
   3.9429400e+06   3.8635254e+01
   3.9431390e+06   4.1870117e+01
   4.0615210e+06   3.7048340e+01
   4.0881970e+06   3.8696289e+01
   4.2086140e+06   4.0344238e+01
   4.2646590e+06   3.9916992e+01
   4.4573050e+06   4.3151855e+01
   4.4600680e+06   3.6560059e+01
   4.5075790e+06   4.1015625e+01
   4.5087880e+06   3.9367676e+01
   4.5106070e+06   3.7353516e+01
   4.5107420e+06   5.3222656e+01
   4.5107920e+06   3.7414551e+01
   4.5277610e+06   4.2297363e+01
   4.5281220e+06   3.8940430e+01
   4.5282520e+06   3.7963867e+01
   4.5284260e+06   3.7353516e+01
   4.6359790e+06   3.8330078e+01
   4.7278820e+06   4.6447754e+01
   4.7283750e+06   3.8391113e+01
   4.7996540e+06   3.6743164e+01
   4.8454420e+06   3.7109375e+01
   4.8477720e+06   3.9184570e+01
   4.8797130e+06   3.9672852e+01
   4.8799850e+06   4.3640137e+01
   4.8808530e+06   3.9978027e+01
   4.9235290e+06   3.8757324e+01
   4.9453470e+06   3.9367676e+01
   4.9940110e+06   3.8085938e+01
   4.9947210e+06   3.9428711e+01
   4.9948710e+06   3.9855957e+01
   4.9950920e+06   4.6630859e+01
   4.9961740e+06   4.1442871e+01
   4.9962490e+06   3.8208008e+01
   5.0148090e+06   4.2724609e+01
   5.0150790e+06   3.7048340e+01
   5.0157180e+06   3.6804199e+01
   5.0159210e+06   3.8269043e+01
   5.0965850e+06   4.0466309e+01
   5.1347160e+06   3.7048340e+01
   5.1495760e+06   3.6621094e+01
   5.2249550e+06   3.7475586e+01
   5.2433300e+06   4.3579102e+01
   5.2678940e+06   4.5593262e+01
   5.2772440e+06   4.0222168e+01
   5.2961630e+06   3.9367676e+01
   5.3172040e+06   3.8391113e+01
   5.3657640e+06   4.2175293e+01
   5.4054700e+06   3.7902832e+01
   5.4059200e+06   3.8879395e+01
   5.4069160e+06   5.0476074e+01
   5.4072380e+06   5.7922363e+01
   5.4319690e+06   4.0649414e+01
   5.4338430e+06   4.5837402e+01
   5.4561280e+06   3.9123535e+01
   5.4563050e+06   4.3884277e+01
   5.4577590e+06   3.8208008e+01
   5.5199020e+06   3.7292480e+01
   5.5205790e+06   4.3945312e+01
   5.5302680e+06   3.8452148e+01
   5.5924970e+06   4.0954590e+01
   5.6394180e+06   3.6560059e+01
   5.6562720e+06   4.0588379e+01
   5.6596810e+06   3.7292480e+01
   5.6597600e+06   5.0109863e+01
   5.6856560e+06   3.6926270e+01
   5.7065680e+06   4.3518066e+01
   5.7314080e+06   3.8452148e+01
   5.7560040e+06   3.7170410e+01
   5.8027330e+06   4.2541504e+01
   5.8303880e+06   4.3212891e+01
   5.8323510e+06   3.8635254e+01
   5.8327100e+06   4.4921875e+01
   5.8445390e+06   4.0527344e+01
   5.8509010e+06   4.1320801e+01
   5.8522450e+06   3.9916992e+01
   5.8529170e+06   4.0832520e+01
   5.8901760e+06   3.7231445e+01
   5.9448460e+06   3.7902832e+01
   6.0404530e+06   3.9367676e+01
   6.0641480e+06   3.8513184e+01
   6.0903060e+06   4.6142578e+01
   6.0907200e+06   4.1564941e+01
   6.1296500e+06   4.1870117e+01
   6.1605110e+06   4.2785645e+01
   6.1701270e+06   3.7475586e+01
   6.2105190e+06   4.4738770e+01
   6.2323900e+06   3.8513184e+01
   6.2710240e+06   3.7048340e+01
   6.2924290e+06   3.7353516e+01
   6.3157370e+06   3.7841797e+01
   6.3165900e+06   4.2053223e+01
   6.3305430e+06   3.9123535e+01
   6.3440640e+06   3.9672852e+01
   6.3505400e+06   3.8757324e+01
   6.3527370e+06   3.9489746e+01
   6.3858850e+06   3.9550781e+01
   6.3877820e+06   3.7658691e+01
   6.3881870e+06   3.7780762e+01
   6.4028820e+06   4.3273926e+01
   6.4204270e+06   3.9062500e+01
   6.4678770e+06   3.6926270e+01
   6.4919890e+06   4.1381836e+01
   6.4922100e+06   4.3273926e+01
   6.4926070e+06   3.7170410e+01
   6.4994580e+06   4.0710449e+01
   6.5439230e+06   4.0405273e+01
   6.5440580e+06   4.1809082e+01
   6.5454310e+06   3.9123535e+01
   6.5455190e+06   3.9062500e+01
   6.5456500e+06   3.6926270e+01
   6.5602860e+06   3.7536621e+01
   6.5606810e+06   3.7109375e+01
   6.5608670e+06   3.8513184e+01
   6.5890420e+06   3.8146973e+01
   6.5893500e+06   4.1259766e+01
   6.5898900e+06   4.6264648e+01
   6.5900740e+06   3.6682129e+01
   6.5906880e+06   3.6804199e+01
   6.6287180e+06   4.4616699e+01
   6.6704780e+06   4.2602539e+01
   6.7066250e+06   4.2114258e+01
   6.7660610e+06   3.9672852e+01
   6.7705780e+06   3.6926270e+01
   6.7712700e+06   3.8391113e+01
   6.8073210e+06   3.8635254e+01
   6.8263130e+06   3.9062500e+01
   6.8735640e+06   3.7414551e+01
   6.8869260e+06   3.7780762e+01
   6.8873470e+06   3.6621094e+01
   6.8877390e+06   4.6997070e+01
   6.9105600e+06   3.6621094e+01
   6.9355930e+06   4.3579102e+01
   6.9853710e+06   4.1137695e+01
   7.0072240e+06   3.8085938e+01
   7.0271450e+06   3.7292480e+01
   7.0623280e+06   4.5898438e+01
   7.0625340e+06   5.0476074e+01
   7.0626790e+06   3.8879395e+01
   7.0636510e+06   3.6926270e+01
   7.0637350e+06   3.6926270e+01
   7.0638150e+06   4.6875000e+01
   7.0799750e+06   3.7658691e+01
   7.0804310e+06   3.7231445e+01
   7.0805690e+06   4.4189453e+01
   7.1154800e+06   3.8330078e+01
   7.1156200e+06   3.6804199e+01
   7.1171530e+06   3.7658691e+01
   7.3073880e+06   3.9916992e+01
   7.3453170e+06   4.0954590e+01
   7.3598570e+06   3.6437988e+01
   7.3757360e+06   3.6560059e+01
   7.3797940e+06   3.7536621e+01
   7.3822660e+06   3.9306641e+01
   7.3998490e+06   4.1992187e+01
   7.4005980e+06   3.8574219e+01
   7.4130430e+06   4.1625977e+01
   7.4133520e+06   4.2907715e+01
   7.4147960e+06   3.6437988e+01
   7.4159510e+06   5.2490234e+01
   7.4524290e+06   4.5715332e+01
   7.4611570e+06   3.7658691e+01
   7.5762220e+06   3.9001465e+01
   7.6188500e+06   3.7536621e+01
   7.6874240e+06   4.1992188e+01
   7.7024870e+06   4.5593262e+01
   7.7151430e+06   3.6987305e+01
   7.7274020e+06   4.3090820e+01
   7.7283580e+06   4.9865723e+01
   7.7631020e+06   4.3212891e+01
   7.7933840e+06   3.8391113e+01
   7.7994240e+06   3.8818359e+01
   7.7997690e+06   5.3222656e+01
   7.8172960e+06   3.6926270e+01
   7.8180550e+06   3.6437988e+01
   7.8182460e+06   3.6376953e+01
   7.8481510e+06   3.7048340e+01
   7.8482910e+06   3.7353516e+01
   7.9083350e+06   4.2907715e+01
   7.9292670e+06   3.8940430e+01
   7.9375810e+06   4.4006348e+01
   7.9380950e+06   3.7719727e+01
   8.0227960e+06   3.9001465e+01
   8.0633200e+06   3.8391113e+01
   8.0701210e+06   4.4677734e+01
   8.0707300e+06   3.9611816e+01
   8.0874080e+06   3.7597656e+01
   8.0987310e+06   3.7536621e+01
   8.0989300e+06   3.6376953e+01
   8.0991240e+06   3.8940430e+01
   8.0996670e+06   4.7729492e+01
   8.0997380e+06   4.3090820e+01
   8.1227120e+06   3.9367676e+01
   8.1234220e+06   3.8696289e+01
   8.2500380e+06   4.0649414e+01
   8.2733720e+06   3.6743164e+01
   8.2737770e+06   4.2602539e+01
   8.2967140e+06   3.7841797e+01
   8.2974990e+06   3.6499023e+01
   8.2977500e+06   3.8452148e+01
   8.2980940e+06   3.6804199e+01
   8.2993680e+06   3.8696289e+01
   8.3494470e+06   4.3212891e+01
   8.3498300e+06   3.9855957e+01
   8.3541090e+06   3.9794922e+01
   8.3542030e+06   3.8391113e+01
   8.3542770e+06   3.6987305e+01
   8.3544350e+06   3.7902832e+01
   8.3544540e+06   3.9428711e+01
   8.5903750e+06   3.6987305e+01
   8.6143960e+06   4.9987793e+01
   8.6901210e+06   3.8330078e+01
   8.6902720e+06   4.4006348e+01
   8.6903800e+06   5.0598145e+01
   8.6904580e+06   3.6743164e+01
   8.6909840e+06   4.1748047e+01
   8.7117090e+06   3.8879395e+01
   8.7132400e+06   4.1992188e+01
   8.7147220e+06   3.9916992e+01
   8.7152700e+06   4.2541504e+01
   8.7157780e+06   4.2785645e+01
   8.7444580e+06   3.9550781e+01
   8.7448120e+06   4.3518066e+01
   8.7448620e+06   3.7109375e+01
   8.7450130e+06   3.6437988e+01
   8.7453970e+06   4.4799805e+01
   8.7456570e+06   3.8085938e+01
   8.7463410e+06   3.8208008e+01
   8.7464290e+06   3.7963867e+01
   8.7822900e+06   3.6376953e+01
   8.8007670e+06   4.2480469e+01
   8.8734340e+06   4.1259766e+01
   8.9047090e+06   4.4372559e+01
   8.9708610e+06   4.2541504e+01
