   8.9990000e+06   0.0000000e+00
   1.1346000e+04   4.2236328e+01
   1.1951000e+04   3.8940430e+01
   1.3863000e+04   4.8950195e+01
   1.4165000e+04   3.4240723e+01
   1.5214000e+04   3.9733887e+01
   3.3953000e+04   3.5034180e+01
   3.6767000e+04   3.3447266e+01
   3.9892000e+04   3.4851074e+01
   4.4146000e+04   3.3569336e+01
   5.1713000e+04   3.4912109e+01
   6.3491000e+04   4.1198730e+01
   6.4285000e+04   3.3752441e+01
   6.4730000e+04   3.9001465e+01
   6.9327000e+04   3.9672852e+01
   7.2208000e+04   3.5583496e+01
   8.2026000e+04   3.8818359e+01
   8.4864000e+04   3.5278320e+01
   8.5142000e+04   3.7536621e+01
   9.4331000e+04   3.3874512e+01
   1.0864700e+05   3.3508301e+01
   1.1146400e+05   3.3813477e+01
   1.3444600e+05   3.3691406e+01
   1.4283600e+05   4.7363281e+01
   1.4386100e+05   3.6132813e+01
   1.4800600e+05   3.3569336e+01
   1.7396400e+05   4.0710449e+01
   1.7446700e+05   3.8635254e+01
   1.7459500e+05   3.4423828e+01
   1.7478500e+05   4.6813965e+01
   1.7578600e+05   3.6132813e+01
   1.9820600e+05   3.3630371e+01
   2.1620000e+05   3.6193848e+01
   2.1725200e+05   3.6010742e+01
   2.1759900e+05   3.4057617e+01
   2.4830100e+05   3.4301758e+01
   2.4976900e+05   3.3447266e+01
   2.5457700e+05   3.5461426e+01
   2.5636300e+05   3.6254883e+01
   2.5702700e+05   3.6376953e+01
   2.5789700e+05   3.4667969e+01
   2.7259100e+05   4.4799805e+01
   2.8070900e+05   3.3813477e+01
   2.8161400e+05   3.3569336e+01
   2.8293100e+05   3.5339355e+01
   2.9272200e+05   3.3996582e+01
   3.2484600e+05   3.4057617e+01
   3.4052600e+05   3.3447266e+01
   3.4137600e+05   3.6560059e+01
   3.5652000e+05   3.5949707e+01
   3.6008900e+05   3.6743164e+01
   3.6123700e+05   3.6376953e+01
   3.7400900e+05   3.3996582e+01
   3.8115200e+05   3.7841797e+01
   3.9330200e+05   3.6071777e+01
   3.9612900e+05   3.4484863e+01
   4.0847800e+05   3.3752441e+01
   4.1419400e+05   3.4301758e+01
   4.3679700e+05   3.4912109e+01
   4.5607400e+05   3.7780762e+01
   4.6576500e+05   3.5461426e+01
   4.6987700e+05   3.3630371e+01
   4.7258100e+05   3.4240723e+01
   4.8356200e+05   3.7353516e+01
   4.9254400e+05   3.5095215e+01
   4.9274700e+05   3.5766602e+01
   4.9332700e+05   3.8269043e+01
   4.9420700e+05   3.9062500e+01
   4.9505700e+05   3.6621094e+01
   5.0015200e+05   3.3935547e+01
   5.1439600e+05   3.4790039e+01
   5.2291000e+05   3.5095215e+01
   5.3841800e+05   3.7231445e+01
   5.5074300e+05   3.8024902e+01
   5.5210200e+05   3.6437988e+01
   5.5240800e+05   3.6376953e+01
   5.5526800e+05   3.6621094e+01
   5.5640300e+05   3.5583496e+01
   5.5902900e+05   4.3518066e+01
   5.5947300e+05   3.4484863e+01
   5.5989500e+05   3.7658691e+01
   5.6016500e+05   4.1137695e+01
   5.6020800e+05   3.5095215e+01
   5.8049100e+05   4.0039063e+01
   5.8104700e+05   3.3691406e+01
   5.8146600e+05   3.5522461e+01
   5.8318500e+05   4.3884277e+01
   6.1159200e+05   3.6743164e+01
   6.2412200e+05   3.6926270e+01
   6.2469400e+05   3.6682129e+01
   6.2524900e+05   3.8757324e+01
   6.2689200e+05   3.3813477e+01
   6.3114800e+05   4.0466309e+01
   6.4155500e+05   3.7719727e+01
   6.5428700e+05   3.7170410e+01
   6.5876700e+05   3.4240723e+01
   6.6958300e+05   3.4179688e+01
   6.7791700e+05   3.6499023e+01
   7.1414400e+05   3.3630371e+01
   7.2524200e+05   4.0771484e+01
   7.2874400e+05   5.1574707e+01
   7.5277600e+05   3.4667969e+01
   7.5701800e+05   3.7597656e+01
   7.6105600e+05   3.4973145e+01
   7.8803300e+05   3.3630371e+01
   7.9413700e+05   3.3935547e+01
   8.1342200e+05   3.6010742e+01
   8.1588900e+05   3.3691406e+01
   8.1917400e+05   3.4790039e+01
   8.1959400e+05   3.6804199e+01
   8.3742200e+05   3.4790039e+01
   8.6054600e+05   3.8879395e+01
   8.6607700e+05   3.7536621e+01
   8.6873500e+05   3.6743164e+01
   8.7349300e+05   3.4301758e+01
   8.7481600e+05   4.7668457e+01
   8.7512200e+05   4.2846680e+01
   8.7520200e+05   3.4729004e+01
   8.7547200e+05   3.7292480e+01
   8.7555400e+05   4.0100098e+01
   8.7574100e+05   3.5766602e+01
   8.9617300e+05   3.6010742e+01
   8.9627700e+05   4.9377441e+01
   8.9722800e+05   3.3569336e+01
   8.9767200e+05   3.5644531e+01
   8.9917400e+05   3.3691406e+01
   9.1341700e+05   3.4240723e+01
   9.3388400e+05   3.3935547e+01
   9.3761800e+05   3.6132812e+01
   9.4170000e+05   4.6997070e+01
   9.4220200e+05   3.5583496e+01
   9.4256100e+05   5.3405762e+01
   9.4321600e+05   3.7475586e+01
   9.4728200e+05   3.7048340e+01
   9.4918300e+05   3.8574219e+01
   9.5005800e+05   3.6621094e+01
   9.6110700e+05   3.5095215e+01
   9.9230600e+05   3.9062500e+01
   9.9748000e+05   3.3813477e+01
   1.0152910e+06   3.9978027e+01
   1.0246440e+06   4.1442871e+01
   1.0448640e+06   3.6376953e+01
   1.0514230e+06   3.5400391e+01
   1.0545340e+06   3.4423828e+01
   1.0554990e+06   3.7597656e+01
   1.0570720e+06   3.9550781e+01
   1.0642540e+06   3.4484863e+01
   1.0781730e+06   3.4301758e+01
   1.0792710e+06   3.6193848e+01
   1.0875620e+06   3.6621094e+01
   1.0881860e+06   3.4179688e+01
   1.0909980e+06   3.4301758e+01
   1.0970030e+06   3.4790039e+01
   1.1030640e+06   3.7475586e+01
   1.1052300e+06   3.7292480e+01
   1.1454330e+06   3.3569336e+01
   1.1527460e+06   3.3935547e+01
   1.1549710e+06   3.5827637e+01
   1.1611170e+06   3.6193848e+01
   1.1709660e+06   3.6987305e+01
   1.1718650e+06   3.4912109e+01
   1.1800690e+06   3.3874512e+01
   1.2159110e+06   3.7353516e+01
   1.2206010e+06   3.4301758e+01
   1.2238860e+06   3.5766602e+01
   1.2251220e+06   3.5278320e+01
   1.2389390e+06   3.4667969e+01
   1.2499380e+06   3.6499023e+01
   1.2514180e+06   3.5766602e+01
   1.2609170e+06   3.6987305e+01
   1.2725510e+06   3.4362793e+01
   1.2816520e+06   3.3813477e+01
   1.2858180e+06   3.7841797e+01
   1.2899380e+06   3.4667969e+01
   1.2902300e+06   3.8085938e+01
   1.2908730e+06   3.3508301e+01
   1.2909650e+06   3.4790039e+01
   1.2913380e+06   3.3508301e+01
   1.2916820e+06   4.1992188e+01
   1.2971470e+06   3.3447266e+01
   1.3087200e+06   3.4301758e+01
   1.3091550e+06   4.1625977e+01
   1.3321120e+06   3.9367676e+01
   1.3326200e+06   3.7170410e+01
   1.3335320e+06   4.3029785e+01
   1.3340010e+06   3.3996582e+01
   1.3344160e+06   3.9306641e+01
   1.3414570e+06   3.3874512e+01
   1.3486210e+06   3.6499023e+01
   1.3508390e+06   3.4301758e+01
   1.3561200e+06   3.9550781e+01
   1.3650490e+06   4.0466309e+01
   1.3655390e+06   3.4301758e+01
   1.3664150e+06   3.6193848e+01
   1.3676470e+06   3.5156250e+01
   1.3950440e+06   3.5644531e+01
   1.4063970e+06   3.3996582e+01
   1.4142200e+06   4.2114258e+01
   1.4197960e+06   3.4179688e+01
   1.4408170e+06   3.6254883e+01
   1.4625590e+06   3.4423828e+01
   1.4840270e+06   3.3935547e+01
   1.4915790e+06   3.5156250e+01
   1.5023330e+06   3.3569336e+01
   1.5130370e+06   3.5522461e+01
   1.5159690e+06   3.5278320e+01
   1.5253020e+06   3.3569336e+01
   1.5257090e+06   3.5217285e+01
   1.5320020e+06   3.3935547e+01
   1.5352180e+06   3.4423828e+01
   1.5506470e+06   3.3447266e+01
   1.5696610e+06   3.4606934e+01
   1.5874150e+06   3.4423828e+01
   1.5963260e+06   3.3935547e+01
   1.6099610e+06   3.3752441e+01
   1.6268130e+06   3.4179688e+01
   1.6310080e+06   3.6560059e+01
   1.6317080e+06   3.8635254e+01
   1.6393880e+06   3.3996582e+01
   1.6539140e+06   3.7902832e+01
   1.6566000e+06   3.4179688e+01
   1.6568170e+06   4.5532227e+01
   1.6571570e+06   3.9001465e+01
   1.6574930e+06   4.0039062e+01
   1.6575630e+06   4.8889160e+01
   1.6581020e+06   3.4606934e+01
   1.6587010e+06   3.3813477e+01
   1.6752370e+06   3.7475586e+01
   1.6756450e+06   3.9978027e+01
   1.6775020e+06   3.4851074e+01
   1.6896050e+06   3.3691406e+01
   1.6994610e+06   3.4545898e+01
   1.7092630e+06   3.9001465e+01
   1.7097820e+06   4.3212891e+01
   1.7101960e+06   3.4851074e+01
   1.7116490e+06   3.5949707e+01
   1.7154820e+06   3.4240723e+01
   1.7195560e+06   3.3691406e+01
   1.7256590e+06   4.0039062e+01
   1.7478150e+06   3.5278320e+01
   1.7586140e+06   3.4240723e+01
   1.7645820e+06   3.7963867e+01
   1.7838760e+06   3.4545898e+01
   1.8048380e+06   3.8208008e+01
   1.8057970e+06   3.5156250e+01
   1.8153620e+06   3.4301758e+01
   1.8176690e+06   4.0771484e+01
   1.8528110e+06   3.4484863e+01
   1.8786680e+06   3.5034180e+01
   1.8797340e+06   3.5827637e+01
   1.8947590e+06   3.3996582e+01
   1.9143670e+06   3.5705566e+01
   1.9155220e+06   3.3874512e+01
   1.9223980e+06   3.5339355e+01
   1.9258100e+06   3.6010742e+01
   1.9355050e+06   3.4790039e+01
   1.9457310e+06   3.3447266e+01
   1.9639140e+06   3.3874512e+01
   1.9685680e+06   4.1748047e+01
   1.9760550e+06   3.4912109e+01
   1.9896230e+06   3.7963867e+01
   1.9925990e+06   3.4667969e+01
   1.9998470e+06   3.7109375e+01
   2.0199310e+06   3.4667969e+01
   2.0318680e+06   3.5278320e+01
   2.0498410e+06   3.3996582e+01
   2.0546900e+06   3.8452148e+01
   2.0612330e+06   3.4667969e+01
   2.0646520e+06   3.5095215e+01
   2.0866480e+06   3.3447266e+01
   2.1157310e+06   3.5766602e+01
   2.1168700e+06   3.4606934e+01
   2.1176020e+06   3.5644531e+01
   2.1326450e+06   3.4851074e+01
   2.1579580e+06   3.4545898e+01
   2.2046090e+06   3.3447266e+01
   2.2080350e+06   3.4423828e+01
   2.2081070e+06   3.9855957e+01
   2.2083300e+06   4.1503906e+01
   2.2083680e+06   3.6437988e+01
   2.2084910e+06   4.1015625e+01
   2.2088980e+06   3.3630371e+01
   2.2090480e+06   4.1198730e+01
   2.2091390e+06   4.5715332e+01
   2.2095830e+06   3.4545898e+01
   2.2108400e+06   3.4729004e+01
   2.2279550e+06   4.0100098e+01
   2.2285170e+06   3.8574219e+01
   2.2296190e+06   3.4057617e+01
   2.2297740e+06   3.5766602e+01
   2.2380030e+06   3.5095215e+01
   2.2661070e+06   3.3630371e+01
   2.2665280e+06   4.5104980e+01
   2.2891410e+06   3.3996582e+01
   2.3134160e+06   3.9306641e+01
   2.3223420e+06   3.5339355e+01
   2.3228330e+06   3.4118652e+01
   2.3408780e+06   3.7292480e+01
   2.3688150e+06   3.3996582e+01
   2.3836250e+06   3.3630371e+01
   2.3978090e+06   3.3691406e+01
   2.4089360e+06   4.2297363e+01
   2.4185950e+06   3.5278320e+01
   2.4195740e+06   3.4667969e+01
   2.4217660e+06   3.5583496e+01
   2.4415570e+06   3.9916992e+01
   2.4473130e+06   3.4179688e+01
   2.4616430e+06   3.6987305e+01
   2.4669570e+06   3.7780762e+01
   2.4678630e+06   3.6437988e+01
   2.4739400e+06   3.4423828e+01
   2.5040160e+06   3.3508301e+01
   2.5128860e+06   3.9123535e+01
   2.5212560e+06   3.4790039e+01
   2.5393290e+06   3.3935547e+01
   2.5509460e+06   3.3508301e+01
   2.5521030e+06   3.3447266e+01
   2.5715700e+06   3.5583496e+01
   2.5769410e+06   3.5522461e+01
   2.5839950e+06   3.8208008e+01
   2.5856630e+06   3.5217285e+01
   2.5882610e+06   3.4729004e+01
   2.5941650e+06   3.5278320e+01
   2.6041340e+06   3.4790039e+01
   2.6065970e+06   3.4851074e+01
   2.6274110e+06   3.6010742e+01
   2.6313040e+06   3.6560059e+01
   2.6334570e+06   3.3508301e+01
   2.6392850e+06   3.7109375e+01
   2.6482310e+06   3.4729004e+01
   2.6535670e+06   3.8696289e+01
   2.6561290e+06   3.3508301e+01
   2.6571760e+06   3.6743164e+01
   2.6795670e+06   3.3508301e+01
   2.6900950e+06   3.5095215e+01
   2.6998620e+06   3.3935547e+01
   2.7083830e+06   3.4851074e+01
   2.7103270e+06   3.8818359e+01
   2.7169520e+06   3.3813477e+01
   2.7359000e+06   3.3996582e+01
   2.7372620e+06   3.6315918e+01
   2.7423200e+06   3.3630371e+01
   2.7449800e+06   3.3996582e+01
   2.7457630e+06   3.7963867e+01
   2.7712110e+06   3.5827637e+01
   2.7876940e+06   3.3874512e+01
   2.8012610e+06   3.6926270e+01
   2.8055500e+06   4.0283203e+01
   2.8163010e+06   3.3447266e+01
   2.8267930e+06   3.7353516e+01
   2.8341810e+06   3.4729004e+01
   2.8439370e+06   3.5522461e+01
   2.8702480e+06   3.4057617e+01
   2.8713640e+06   3.5400391e+01
   2.8796620e+06   3.4118652e+01
   2.8938830e+06   3.6499023e+01
   2.9194730e+06   3.5522461e+01
   2.9226010e+06   3.6621094e+01
   2.9254320e+06   3.5583496e+01
   2.9267300e+06   3.7841797e+01
   2.9307100e+06   4.3395996e+01
   2.9412380e+06   3.4606934e+01
   2.9441450e+06   3.9184570e+01
   2.9533250e+06   3.3813477e+01
   2.9576110e+06   3.9123535e+01
   2.9686620e+06   3.3996582e+01
   2.9826880e+06   3.4729004e+01
   2.9924130e+06   3.4179688e+01
   3.0150690e+06   3.7475586e+01
   3.0165460e+06   3.9062500e+01
   3.0206290e+06   3.6376953e+01
   3.0319440e+06   3.3569336e+01
   3.0361470e+06   3.6621094e+01
   3.0440250e+06   3.4851074e+01
   3.0460970e+06   3.4362793e+01
   3.0550790e+06   3.4667969e+01
   3.0637910e+06   3.9062500e+01
   3.0676600e+06   3.6254883e+01
   3.0763850e+06   3.3447266e+01
   3.0883270e+06   3.6376953e+01
   3.0905240e+06   3.4240723e+01
   3.0933070e+06   3.5156250e+01
   3.1008330e+06   3.6743164e+01
   3.1066380e+06   3.4362793e+01
   3.1105380e+06   3.7719727e+01
   3.1244650e+06   3.6499023e+01
   3.1279510e+06   3.9245605e+01
   3.1709220e+06   3.6010742e+01
   3.1745110e+06   3.3691406e+01
   3.1771050e+06   3.9245605e+01
   3.1847830e+06   3.5705566e+01
   3.1923350e+06   3.5766602e+01
   3.1941750e+06   3.5339355e+01
   3.2104980e+06   3.8879395e+01
   3.2125890e+06   3.4606934e+01
   3.2131160e+06   4.3212891e+01
   3.2133110e+06   3.6071777e+01
   3.2133250e+06   3.9733887e+01
   3.2135080e+06   3.4973145e+01
   3.2139300e+06   3.4484863e+01
   3.2141730e+06   3.6499023e+01
   3.2339900e+06   3.9489746e+01
   3.2343550e+06   3.3996582e+01
   3.2345540e+06   3.3935547e+01
   3.2349890e+06   3.5400391e+01
   3.2430380e+06   3.5095215e+01
   3.2489190e+06   3.4301758e+01
   3.2638340e+06   4.4128418e+01
   3.2645800e+06   3.3508301e+01
   3.2649960e+06   3.3569336e+01
   3.2654230e+06   4.1442871e+01
   3.2658480e+06   3.8085938e+01
   3.2707940e+06   3.4301758e+01
   3.2743190e+06   4.0344238e+01
   3.2799820e+06   3.5278320e+01
   3.2889450e+06   3.6560059e+01
   3.2916760e+06   3.4729004e+01
   3.3144460e+06   3.4973145e+01
   3.3230410e+06   3.4362793e+01
   3.3286560e+06   3.4362793e+01
   3.3353370e+06   3.5888672e+01
   3.3600030e+06   3.8208008e+01
   3.3736830e+06   3.5766602e+01
   3.3751280e+06   3.4240723e+01
   3.3840950e+06   3.6804199e+01
   3.3850540e+06   3.3752441e+01
   3.3897890e+06   3.3508301e+01
   3.3926360e+06   3.5583496e+01
   3.3975010e+06   3.6987305e+01
   3.4191940e+06   3.4301758e+01
   3.4243810e+06   3.5034180e+01
   3.4277630e+06   3.4179688e+01
   3.4314980e+06   3.7292480e+01
   3.4420110e+06   3.4484863e+01
   3.4467650e+06   3.4851074e+01
   3.4523290e+06   3.3630371e+01
   3.4539510e+06   3.5339355e+01
   3.4567560e+06   3.3630371e+01
   3.4731150e+06   3.4729004e+01
   3.4898120e+06   4.0893555e+01
   3.4984890e+06   3.5949707e+01
   3.5027460e+06   4.0344238e+01
   3.5056450e+06   3.4423828e+01
   3.5370890e+06   3.3996582e+01
   3.5444200e+06   3.3508301e+01
   3.5582320e+06   3.4912109e+01
   3.5607690e+06   3.6010742e+01
   3.5621060e+06   3.4973145e+01
   3.5679020e+06   3.3996582e+01
   3.5698920e+06   3.6926270e+01
   3.5753330e+06   3.6193848e+01
   3.5915170e+06   3.4179688e+01
   3.5932250e+06   3.5400391e+01
   3.6013880e+06   3.7536621e+01
   3.6025890e+06   3.4423828e+01
   3.6077400e+06   3.4362793e+01
   3.6124540e+06   3.3813477e+01
   3.6277910e+06   3.6010742e+01
   3.6330200e+06   3.4240723e+01
   3.6436500e+06   3.8513184e+01
   3.6499650e+06   3.3752441e+01
   3.6557500e+06   3.3447266e+01
   3.6567190e+06   3.5095215e+01
   3.6605690e+06   3.7963867e+01
   3.6672840e+06   3.5278320e+01
   3.6705550e+06   3.5339355e+01
   3.6719330e+06   3.4362793e+01
   3.6753520e+06   3.5095215e+01
   3.6867320e+06   3.6926270e+01
   3.6897170e+06   3.4118652e+01
   3.6907460e+06   3.5766602e+01
   3.7142490e+06   3.4851074e+01
   3.7170010e+06   3.4790039e+01
   3.7188560e+06   3.7292480e+01
   3.7233100e+06   3.5461426e+01
   3.7259280e+06   3.6132812e+01
   3.7640510e+06   3.4729004e+01
   3.7846640e+06   3.4362793e+01
   3.7859690e+06   3.4179688e+01
   3.7881170e+06   3.4729004e+01
   3.7988320e+06   3.5400391e+01
   3.8148980e+06   3.4179688e+01
   3.8203150e+06   3.6437988e+01
   3.8259840e+06   3.3508301e+01
   3.8410660e+06   3.4729004e+01
   3.8477260e+06   4.0649414e+01
   3.8541160e+06   3.4118652e+01
   3.8660440e+06   3.4667969e+01
   3.8696860e+06   3.5888672e+01
   3.8717950e+06   3.3447266e+01
   3.8794330e+06   3.4667969e+01
   3.8824390e+06   3.9855957e+01
   3.8836260e+06   3.6010742e+01
   3.8863290e+06   3.4484863e+01
   3.8879590e+06   3.5034180e+01
   3.8962380e+06   3.3813477e+01
   3.9018520e+06   3.7109375e+01
   3.9064210e+06   3.6132812e+01
   3.9097290e+06   3.4240723e+01
   3.9097450e+06   3.5400391e+01
   3.9097820e+06   3.9733887e+01
   3.9101060e+06   3.8024902e+01
   3.9101770e+06   4.1992188e+01
   3.9102800e+06   3.3630371e+01
   3.9105060e+06   3.7536621e+01
   3.9106010e+06   4.1198730e+01
   3.9106760e+06   3.5095215e+01
   3.9112460e+06   3.6499023e+01
   3.9220370e+06   3.3630371e+01
   3.9298790e+06   3.7475586e+01
   3.9428600e+06   3.6315918e+01
   3.9429530e+06   4.8461914e+01
   3.9434530e+06   3.5034180e+01
   3.9436000e+06   3.3874512e+01
   3.9437130e+06   4.6447754e+01
   3.9437690e+06   3.6926270e+01
   3.9443500e+06   3.4851074e+01
   3.9654480e+06   3.4790039e+01
   3.9733960e+06   3.6437988e+01
   3.9872400e+06   3.5644531e+01
   4.0054030e+06   3.7170410e+01
   4.0280540e+06   3.6743164e+01
   4.0307480e+06   3.4973145e+01
   4.0322230e+06   3.5522461e+01
   4.0366010e+06   3.6987305e+01
   4.0551040e+06   3.6132812e+01
   4.0613910e+06   3.8879395e+01
   4.0878190e+06   4.7668457e+01
   4.0927680e+06   3.4729004e+01
   4.0963090e+06   3.5156250e+01
   4.1018340e+06   3.5278320e+01
   4.1148720e+06   3.3508301e+01
   4.1185820e+06   3.5583496e+01
   4.1199830e+06   4.5043945e+01
   4.1213630e+06   3.5583496e+01
   4.1359540e+06   3.4057617e+01
   4.1562010e+06   3.7353516e+01
   4.1736670e+06   3.4606934e+01
   4.1749980e+06   3.7841797e+01
   4.1968570e+06   3.4423828e+01
   4.2014960e+06   3.3752441e+01
   4.2103530e+06   3.7475586e+01
   4.2125020e+06   3.4362793e+01
   4.2236730e+06   3.6987305e+01
   4.2282820e+06   3.5339355e+01
   4.2295740e+06   3.5583496e+01
   4.2428580e+06   4.2968750e+01
   4.2506950e+06   3.3935547e+01
   4.2638960e+06   3.4423828e+01
   4.2705620e+06   3.4240723e+01
   4.2726060e+06   3.8208008e+01
   4.2847720e+06   3.9550781e+01
   4.2910250e+06   3.3752441e+01
   4.2930260e+06   3.6010742e+01
   4.2992800e+06   4.0039062e+01
   4.3065710e+06   4.1503906e+01
   4.3161000e+06   3.3630371e+01
   4.3350980e+06   3.6193848e+01
   4.3432460e+06   3.5583496e+01
   4.3465860e+06   3.7658691e+01
   4.3511320e+06   3.4301758e+01
   4.3552470e+06   5.0476074e+01
   4.3575740e+06   3.6315918e+01
   4.3631660e+06   3.4667969e+01
   4.3656930e+06   3.4301758e+01
   4.3668490e+06   3.6743164e+01
   4.3718500e+06   3.4423828e+01
   4.3814170e+06   3.3996582e+01
   4.3851340e+06   3.3752441e+01
   4.3986050e+06   3.3813477e+01
   4.4037240e+06   3.6376953e+01
   4.4065010e+06   3.5217285e+01
   4.4104980e+06   3.5156250e+01
   4.4219660e+06   3.5888672e+01
   4.4339170e+06   3.6987305e+01
   4.4431640e+06   3.5766602e+01
   4.4451460e+06   3.5766602e+01
   4.4463370e+06   3.3752441e+01
   4.4517130e+06   3.6987305e+01
   4.4638000e+06   3.8452148e+01
   4.4818450e+06   3.3447266e+01
   4.5077310e+06   3.3935547e+01
   4.5101360e+06   4.3762207e+01
   4.5106000e+06   4.6752930e+01
   4.5108300e+06   4.6142578e+01
   4.5110510e+06   3.6132812e+01
   4.5284240e+06   3.6376953e+01
   4.5284800e+06   4.3334961e+01
   4.5288840e+06   3.8330078e+01
   4.5290770e+06   3.4240723e+01
   4.5438970e+06   3.8940430e+01
   4.5585440e+06   3.3569336e+01
   4.5645740e+06   3.5888672e+01
   4.5848170e+06   3.8391113e+01
   4.5863210e+06   4.3884277e+01
   4.5929600e+06   4.1015625e+01
   4.5999110e+06   3.6987305e+01
   4.6084350e+06   3.6132812e+01
   4.6242190e+06   3.9062500e+01
   4.6295370e+06   3.3630371e+01
   4.6317590e+06   3.8085938e+01
   4.6344090e+06   3.5522461e+01
   4.6388110e+06   3.5949707e+01
   4.6402860e+06   3.6071777e+01
   4.6478000e+06   3.6987305e+01
   4.6569530e+06   3.3874512e+01
   4.6582150e+06   3.5339355e+01
   4.6708550e+06   3.7475586e+01
   4.6836060e+06   3.3752441e+01
   4.7084160e+06   3.7414551e+01
   4.7224520e+06   3.7658691e+01
   4.7248210e+06   3.7536621e+01
   4.7271010e+06   4.2358398e+01
   4.7530100e+06   3.5278320e+01
   4.7559440e+06   3.3508301e+01
   4.7607290e+06   3.4667969e+01
   4.7625950e+06   3.3813477e+01
   4.7705500e+06   3.4667969e+01
   4.7738520e+06   3.3935547e+01
   4.7810990e+06   3.8391113e+01
   4.7883110e+06   3.4912109e+01
   4.7960080e+06   3.5034180e+01
   4.8165260e+06   3.3691406e+01
   4.8179460e+06   3.5400391e+01
   4.8192270e+06   3.5034180e+01
   4.8228170e+06   3.4973145e+01
   4.8287490e+06   3.5705566e+01
   4.8347710e+06   3.6499023e+01
   4.8394960e+06   3.7475586e+01
   4.8423440e+06   3.3813477e+01
   4.8455530e+06   3.8879395e+01
   4.8527500e+06   3.9428711e+01
   4.8559040e+06   3.3569336e+01
   4.8649130e+06   3.9489746e+01
   4.8677450e+06   3.5339355e+01
   4.8701240e+06   4.0527344e+01
   4.8716900e+06   3.5705566e+01
   4.8965100e+06   3.8879395e+01
   4.9001210e+06   3.4118652e+01
   4.9048940e+06   3.3630371e+01
   4.9056570e+06   3.3508301e+01
   4.9118930e+06   3.3569336e+01
   4.9128980e+06   4.0527344e+01
   4.9146340e+06   3.6132812e+01
   4.9162120e+06   3.6315918e+01
   4.9268540e+06   3.6682129e+01
   4.9280620e+06   3.3569336e+01
   4.9432290e+06   3.4362793e+01
   4.9488340e+06   3.4301758e+01
   4.9563130e+06   3.5705566e+01
   4.9648480e+06   3.5522461e+01
   4.9780640e+06   3.3691406e+01
   4.9829790e+06   3.4790039e+01
   4.9951200e+06   3.4606934e+01
   4.9953540e+06   4.7607422e+01
   4.9953940e+06   3.3447266e+01
   4.9956600e+06   3.5522461e+01
   4.9960660e+06   3.4301758e+01
   4.9963270e+06   3.6987305e+01
   5.0056300e+06   3.4912109e+01
   5.0095260e+06   3.5461426e+01
   5.0148860e+06   3.6071777e+01
   5.0153330e+06   5.1208496e+01
   5.0156130e+06   3.3691406e+01
   5.0159380e+06   4.3945312e+01
   5.0160440e+06   3.6437988e+01
   5.0162320e+06   3.9794922e+01
   5.0163910e+06   3.8269043e+01
   5.0170370e+06   3.3508301e+01
   5.0438700e+06   3.8146973e+01
   5.0454360e+06   3.3996582e+01
   5.0585550e+06   3.6193848e+01
   5.0656640e+06   3.3447266e+01
   5.0707310e+06   3.3691406e+01
   5.0840880e+06   3.4790039e+01
   5.0851610e+06   3.4912109e+01
   5.0906980e+06   3.4912109e+01
   5.1030660e+06   3.4606934e+01
   5.1194080e+06   3.4912109e+01
   5.1216590e+06   3.6499023e+01
   5.1303120e+06   3.6560059e+01
   5.1481580e+06   3.9794922e+01
   5.1575060e+06   3.6804199e+01
   5.1652770e+06   3.5217285e+01
   5.1664350e+06   3.4118652e+01
   5.1739540e+06   3.3691406e+01
   5.1787740e+06   3.3630371e+01
   5.1830470e+06   3.6926270e+01
   5.1888490e+06   3.8024902e+01
   5.1951910e+06   3.8024902e+01
   5.1964750e+06   3.3813477e+01
   5.2179090e+06   3.4362793e+01
   5.2198800e+06   3.3996582e+01
   5.2209260e+06   4.5227051e+01
   5.2283440e+06   3.3508301e+01
   5.2353770e+06   3.6743164e+01
   5.2510160e+06   3.4912109e+01
   5.2690420e+06   3.3447266e+01
   5.2700540e+06   3.4667969e+01
   5.2785240e+06   3.4118652e+01
   5.2793680e+06   3.4973145e+01
   5.2951460e+06   3.5400391e+01
   5.2974250e+06   3.5400391e+01
   5.3065630e+06   3.6682129e+01
   5.3095350e+06   3.3935547e+01
   5.3196040e+06   3.4729004e+01
   5.3350790e+06   3.8146973e+01
   5.3388180e+06   3.6254883e+01
   5.3409510e+06   3.6193848e+01
   5.3422800e+06   3.8208008e+01
   5.3457930e+06   3.7109375e+01
   5.3468840e+06   3.9550781e+01
   5.3557320e+06   3.6499023e+01
   5.3600790e+06   3.8940430e+01
   5.3625120e+06   3.4667969e+01
   5.3671690e+06   3.3996582e+01
   5.3828140e+06   3.3813477e+01
   5.3925300e+06   3.5156250e+01
   5.4058170e+06   4.3395996e+01
   5.4062660e+06   3.8269043e+01
   5.4063640e+06   3.7902832e+01
   5.4066520e+06   3.7780762e+01
   5.4068780e+06   3.3874512e+01
   5.4071530e+06   4.0405273e+01
   5.4072980e+06   3.5278320e+01
   5.4073280e+06   3.5400391e+01
   5.4075060e+06   4.0710449e+01
   5.4078480e+06   3.5156250e+01
   5.4187520e+06   3.4057617e+01
   5.4261960e+06   3.3630371e+01
   5.4315140e+06   3.3630371e+01
   5.4345620e+06   3.3935547e+01
   5.4348360e+06   3.6865234e+01
   5.4352360e+06   3.4179688e+01
   5.4355970e+06   3.6621094e+01
   5.4480970e+06   3.6315918e+01
   5.4544040e+06   3.7780762e+01
   5.4547880e+06   3.6376953e+01
   5.4550860e+06   3.9001465e+01
   5.4553760e+06   3.4423828e+01
   5.4564250e+06   3.4118652e+01
   5.4566610e+06   3.3935547e+01
   5.4677600e+06   3.3508301e+01
   5.4752190e+06   3.6132812e+01
   5.4841800e+06   3.9733887e+01
   5.4923840e+06   3.6804199e+01
   5.5172320e+06   3.9855957e+01
   5.5302010e+06   4.0832520e+01
   5.5484570e+06   3.5278320e+01
   5.5522720e+06   3.3874512e+01
   5.5657330e+06   3.4545898e+01
   5.5725900e+06   3.4545898e+01
   5.5818500e+06   3.7536621e+01
   5.5840390e+06   3.3630371e+01
   5.5844660e+06   3.3691406e+01
   5.5907600e+06   3.3935547e+01
   5.6073720e+06   3.8146973e+01
   5.6084190e+06   3.4790039e+01
   5.6165310e+06   3.5705566e+01
   5.6180300e+06   3.4423828e+01
   5.6236750e+06   3.9001465e+01
   5.6265970e+06   3.3874512e+01
   5.6316460e+06   3.4729004e+01
   5.6354890e+06   3.6743164e+01
   5.6402090e+06   4.1198730e+01
   5.6412470e+06   3.8024902e+01
   5.6430580e+06   3.6376953e+01
   5.6459670e+06   3.3752441e+01
   5.6480690e+06   3.8879395e+01
   5.6590580e+06   3.7170410e+01
   5.6614510e+06   3.6010742e+01
   5.6727190e+06   3.6132812e+01
   5.6749610e+06   3.6865234e+01
   5.6764940e+06   3.6682129e+01
   5.6871340e+06   3.6743164e+01
   5.6900730e+06   3.4912109e+01
   5.6922530e+06   3.6804199e+01
   5.6932280e+06   3.4423828e+01
   5.7010240e+06   3.3935547e+01
   5.7047030e+06   3.5766602e+01
   5.7150460e+06   3.7353516e+01
   5.7809710e+06   3.4179688e+01
   5.7918170e+06   3.4545898e+01
   5.7942330e+06   3.3630371e+01
   5.8052690e+06   3.4118652e+01
   5.8098540e+06   4.0222168e+01
   5.8282900e+06   3.4667969e+01
   5.8293920e+06   3.8146973e+01
   5.8312610e+06   3.3630371e+01
   5.8314080e+06   4.4738770e+01
   5.8321080e+06   4.5959473e+01
   5.8324080e+06   3.4240723e+01
   5.8326690e+06   3.5705566e+01
   5.8327410e+06   5.0659180e+01
   5.8329950e+06   3.5217285e+01
   5.8330340e+06   5.4443359e+01
   5.8331140e+06   3.3630371e+01
   5.8331430e+06   3.7353516e+01
   5.8335260e+06   3.5339355e+01
   5.8388390e+06   3.3935547e+01
   5.8522630e+06   3.8085938e+01
   5.8523870e+06   4.7058105e+01
   5.8528760e+06   4.1076660e+01
   5.8530720e+06   3.4179688e+01
   5.8533260e+06   4.3457031e+01
   5.8540010e+06   3.8085938e+01
   5.8700260e+06   3.4301758e+01
   5.8825100e+06   3.4973145e+01
   5.8885680e+06   3.8635254e+01
   5.8886320e+06   4.1198730e+01
   5.8891790e+06   4.7851562e+01
   5.8905260e+06   3.6254883e+01
   5.8905760e+06   3.4179688e+01
   5.8909460e+06   3.3691406e+01
   5.8927460e+06   3.5827637e+01
   5.8936860e+06   3.6560059e+01
   5.9073730e+06   3.4118652e+01
   5.9141730e+06   3.3752441e+01
   5.9253410e+06   3.3813477e+01
   5.9375530e+06   3.3874512e+01
   5.9408120e+06   3.6621094e+01
   5.9463350e+06   3.6254883e+01
   5.9543620e+06   3.4484863e+01
   5.9599370e+06   3.5888672e+01
   5.9650240e+06   3.8696289e+01
   5.9656780e+06   3.7780762e+01
   5.9668090e+06   4.4616699e+01
   5.9673280e+06   3.5644531e+01
   5.9743580e+06   3.4362793e+01
   5.9807220e+06   3.6010742e+01
   5.9864510e+06   3.3569336e+01
   5.9956110e+06   3.4729004e+01
   6.0116380e+06   3.3752441e+01
   6.0180810e+06   3.3935547e+01
   6.0287490e+06   3.8330078e+01
   6.0314490e+06   3.4606934e+01
   6.0526340e+06   3.3630371e+01
   6.0774120e+06   3.4667969e+01
   6.0788350e+06   3.5522461e+01
   6.0935740e+06   3.9062500e+01
   6.1055620e+06   3.5644531e+01
   6.1167810e+06   3.4057617e+01
   6.1194490e+06   3.7292480e+01
   6.1285230e+06   3.3935547e+01
   6.1310710e+06   3.3813477e+01
   6.1323360e+06   3.3813477e+01
   6.1354500e+06   3.5522461e+01
   6.1388460e+06   3.6987305e+01
   6.1422840e+06   3.7170410e+01
   6.1460830e+06   3.4362793e+01
   6.1490480e+06   3.3447266e+01
   6.1650280e+06   3.8146973e+01
   6.1748040e+06   3.5827637e+01
   6.1858690e+06   3.9001465e+01
   6.1935090e+06   3.6315918e+01
   6.1999570e+06   3.4118652e+01
   6.2182710e+06   3.4057617e+01
   6.2198720e+06   3.6437988e+01
   6.2212630e+06   3.3630371e+01
   6.2225420e+06   3.3996582e+01
   6.2314820e+06   3.4790039e+01
   6.2477280e+06   3.4545898e+01
   6.2514550e+06   3.5766602e+01
   6.2774940e+06   3.5949707e+01
   6.2861400e+06   4.1748047e+01
   6.2906510e+06   3.4057617e+01
   6.2937530e+06   3.5827637e+01
   6.2989130e+06   3.4851074e+01
   6.3197660e+06   3.7658691e+01
   6.3389700e+06   3.3508301e+01
   6.3401350e+06   3.6254883e+01
   6.3515300e+06   3.5705566e+01
   6.3564930e+06   3.5339355e+01
   6.3768170e+06   3.7048340e+01
   6.3852420e+06   3.4179688e+01
   6.3909220e+06   3.4545898e+01
   6.4206280e+06   3.7780762e+01
   6.4226590e+06   3.5583496e+01
   6.4244930e+06   3.9611816e+01
   6.4315220e+06   3.9978027e+01
   6.4443990e+06   3.3813477e+01
   6.4453280e+06   3.5217285e+01
   6.4461510e+06   3.6315918e+01
   6.4505920e+06   3.9001465e+01
   6.4517610e+06   3.5217285e+01
   6.4543990e+06   3.4240723e+01
   6.4642880e+06   3.4362793e+01
   6.4681250e+06   3.4729004e+01
   6.4696960e+06   3.4362793e+01
   6.4974070e+06   3.5766602e+01
   6.5152540e+06   3.4118652e+01
   6.5259110e+06   3.3752441e+01
   6.5305150e+06   3.5339355e+01
   6.5359920e+06   3.4362793e+01
   6.5446690e+06   3.8879395e+01
   6.5448910e+06   3.4790039e+01
   6.5450170e+06   3.8391113e+01
   6.5452980e+06   3.8574219e+01
   6.5455240e+06   3.5339355e+01
   6.5457390e+06   4.6447754e+01
   6.5460840e+06   3.4118652e+01
   6.5609080e+06   4.3273926e+01
   6.5612360e+06   3.6560059e+01
   6.5616050e+06   3.7963867e+01
   6.5620140e+06   3.6621094e+01
   6.5622230e+06   3.4973145e+01
   6.5878850e+06   4.1503906e+01
   6.5884470e+06   3.3813477e+01
   6.5889620e+06   5.0781250e+01
   6.5893670e+06   4.3579102e+01
   6.5896190e+06   3.7719727e+01
   6.5902910e+06   4.0344238e+01
   6.5910130e+06   3.8574219e+01
   6.5921630e+06   3.4179688e+01
   6.6149040e+06   3.4545898e+01
   6.6177080e+06   4.7668457e+01
   6.6246950e+06   3.5949707e+01
   6.6278610e+06   3.3691406e+01
   6.6303790e+06   3.6315918e+01
   6.6528000e+06   3.5278320e+01
   6.6557400e+06   3.4667969e+01
   6.6567760e+06   3.3935547e+01
   6.6653540e+06   4.3273926e+01
   6.6717930e+06   3.3569336e+01
   6.6755640e+06   3.5522461e+01
   6.6796930e+06   3.5949707e+01
   6.6948260e+06   3.3508301e+01
   6.6984860e+06   3.5339355e+01
   6.7440740e+06   3.5949707e+01
   6.7607760e+06   3.7292480e+01
   6.7686710e+06   3.4423828e+01
   6.7721410e+06   3.4851074e+01
   6.7957030e+06   3.6987305e+01
   6.8008350e+06   3.4851074e+01
   6.8064920e+06   3.3569336e+01
   6.8119020e+06   3.9001465e+01
   6.8230920e+06   3.3935547e+01
   6.8449550e+06   3.5095215e+01
   6.8671320e+06   3.4057617e+01
   6.8782140e+06   3.8085938e+01
   6.8818140e+06   3.5583496e+01
   6.8948620e+06   4.3701172e+01
   6.9240110e+06   3.6437988e+01
   6.9247410e+06   3.5339355e+01
   6.9359000e+06   3.5156250e+01
   6.9432030e+06   3.3996582e+01
   6.9446060e+06   3.7353516e+01
   6.9496550e+06   3.7902832e+01
   6.9506850e+06   3.5949707e+01
   6.9543360e+06   3.8513184e+01
   6.9744700e+06   3.6926270e+01
   6.9759550e+06   3.6621094e+01
   6.9769700e+06   3.3874512e+01
   6.9882440e+06   3.3935547e+01
   6.9891440e+06   3.3813477e+01
   6.9923880e+06   3.8391113e+01
   6.9995060e+06   3.4606934e+01
   7.0016020e+06   3.7841797e+01
   7.0026030e+06   3.4057617e+01
   7.0097130e+06   3.3691406e+01
   7.0178340e+06   3.4423828e+01
   7.0249540e+06   3.5644531e+01
   7.0300530e+06   3.3630371e+01
   7.0372770e+06   3.3996582e+01
   7.0389690e+06   3.5461426e+01
   7.0442600e+06   3.3935547e+01
   7.0564100e+06   3.8146973e+01
   7.0632220e+06   4.3151855e+01
   7.0634820e+06   4.2419434e+01
   7.0635710e+06   4.0344238e+01
   7.0636740e+06   3.6987305e+01
   7.0637090e+06   4.6752930e+01
   7.0638830e+06   3.4973145e+01
   7.0639920e+06   3.5217285e+01
   7.0640960e+06   3.5095215e+01
   7.0779580e+06   3.4362793e+01
   7.0787470e+06   3.5705566e+01
   7.0801540e+06   4.2419434e+01
   7.0802910e+06   5.1452637e+01
   7.0808830e+06   3.9489746e+01
   7.0812110e+06   3.7414551e+01
   7.0814990e+06   3.5766602e+01
   7.0822870e+06   3.7231445e+01
   7.0933860e+06   3.4118652e+01
   7.1069990e+06   3.3569336e+01
   7.1156340e+06   3.7292480e+01
   7.1160230e+06   3.5949707e+01
   7.1163170e+06   4.4555664e+01
   7.1164690e+06   3.7170410e+01
   7.1166040e+06   4.1015625e+01
   7.1167980e+06   3.3752441e+01
   7.1319360e+06   3.3569336e+01
   7.1338220e+06   3.3874512e+01
   7.1619980e+06   3.8635254e+01
   7.1622320e+06   3.7963867e+01
   7.1629760e+06   4.1992188e+01
   7.1634400e+06   3.5705566e+01
   7.1637890e+06   3.6254883e+01
   7.1675100e+06   3.5888672e+01
   7.1773820e+06   3.6315918e+01
   7.1841860e+06   3.5827637e+01
   7.1860280e+06   3.8391113e+01
   7.1972850e+06   3.4912109e+01
   7.2138890e+06   3.4301758e+01
   7.2235580e+06   3.4179688e+01
   7.2283030e+06   4.1992188e+01
   7.2351840e+06   3.6560059e+01
   7.2433830e+06   3.4729004e+01
   7.2499730e+06   3.7475586e+01
   7.2552050e+06   3.5339355e+01
   7.2591590e+06   3.3996582e+01
   7.2621710e+06   3.3569336e+01
   7.2684060e+06   3.7841797e+01
   7.2750200e+06   3.5644531e+01
   7.2795590e+06   4.0100098e+01
   7.2824270e+06   3.5461426e+01
   7.2884040e+06   4.2236328e+01
   7.2926040e+06   3.8208008e+01
   7.3131060e+06   3.8085938e+01
   7.3208070e+06   3.4301758e+01
   7.3229140e+06   4.2541504e+01
   7.3286050e+06   3.4301758e+01
   7.3382700e+06   3.5766602e+01
   7.3511490e+06   3.5156250e+01
   7.3546680e+06   4.4250488e+01
   7.3552100e+06   4.4494629e+01
   7.3597470e+06   3.5461426e+01
   7.3666710e+06   3.4606934e+01
   7.3719720e+06   3.4301758e+01
   7.3736610e+06   3.3447266e+01
   7.3784160e+06   3.4545898e+01
   7.3822840e+06   3.6254883e+01
   7.4005330e+06   3.4179688e+01
   7.4093830e+06   3.8574219e+01
   7.4123020e+06   4.7668457e+01
   7.4126730e+06   3.6132812e+01
   7.4137410e+06   3.7780762e+01
   7.4154760e+06   3.3508301e+01
   7.4156610e+06   3.3447266e+01
   7.4158920e+06   4.9621582e+01
   7.4159030e+06   3.5583496e+01
   7.4159330e+06   4.7180176e+01
   7.4160760e+06   4.0283203e+01
   7.4169540e+06   3.3630371e+01
   7.4609800e+06   3.7414551e+01
   7.4613000e+06   3.7780762e+01
   7.4615130e+06   3.4423828e+01
   7.4623140e+06   3.3813477e+01
   7.4623330e+06   3.5644531e+01
   7.4630810e+06   3.5461426e+01
   7.4768830e+06   3.3996582e+01
   7.4895880e+06   3.5156250e+01
   7.5075010e+06   3.3691406e+01
   7.5099230e+06   3.8269043e+01
   7.5190660e+06   3.5278320e+01
   7.5221490e+06   3.5644531e+01
   7.5316910e+06   3.6621094e+01
   7.5363770e+06   3.5949707e+01
   7.5396930e+06   3.5583496e+01
   7.5458020e+06   3.8024902e+01
   7.5560770e+06   3.6254883e+01
   7.5756580e+06   3.3874512e+01
   7.5942990e+06   3.3874512e+01
   7.6102600e+06   3.5827637e+01
   7.6179690e+06   3.4179688e+01
   7.6300220e+06   3.6193848e+01
   7.6360010e+06   3.5888672e+01
   7.6423180e+06   3.3813477e+01
   7.6569220e+06   3.3630371e+01
   7.6689340e+06   3.3935547e+01
   7.6887540e+06   3.6376953e+01
   7.6935890e+06   3.8635254e+01
   7.6978470e+06   3.5400391e+01
   7.6995720e+06   3.5156250e+01
   7.7062490e+06   3.6743164e+01
   7.7256350e+06   4.3457031e+01
   7.7430580e+06   3.9794922e+01
   7.7461110e+06   3.5400391e+01
   7.7548620e+06   3.8085938e+01
   7.7619780e+06   3.7109375e+01
   7.7670630e+06   3.4545898e+01
   7.7946960e+06   3.4179688e+01
   7.7989350e+06   4.4616699e+01
   7.7990530e+06   3.8391113e+01
   7.7992320e+06   3.5583496e+01
   7.7994540e+06   4.8095703e+01
   7.7997510e+06   5.2246094e+01
   7.7999330e+06   5.5114746e+01
   7.7999860e+06   3.4912109e+01
   7.8003270e+06   3.3874512e+01
   7.8004590e+06   3.3935547e+01
   7.8126870e+06   3.6254883e+01
   7.8170680e+06   4.1748047e+01
   7.8174310e+06   3.8269043e+01
   7.8182600e+06   3.7658691e+01
   7.8183790e+06   3.4545898e+01
   7.8330850e+06   3.3569336e+01
   7.8462320e+06   3.8146973e+01
   7.8477940e+06   3.4240723e+01
   7.8483470e+06   4.5166016e+01
   7.8486360e+06   3.5339355e+01
   7.8488570e+06   4.4128418e+01
   7.8492700e+06   3.3691406e+01
   7.8756300e+06   3.4179688e+01
   7.8882110e+06   3.5278320e+01
   7.9312960e+06   3.4423828e+01
   7.9334620e+06   3.6132812e+01
   7.9418790e+06   3.7109375e+01
   7.9472020e+06   3.5705566e+01
   7.9480340e+06   3.4240723e+01
   7.9542170e+06   3.5827637e+01
   7.9664830e+06   3.9062500e+01
   7.9819370e+06   3.3508301e+01
   7.9846710e+06   3.6987305e+01
   7.9960560e+06   3.3935547e+01
   8.0086340e+06   3.4362793e+01
   8.0230950e+06   3.4912109e+01
   8.0270690e+06   3.7292480e+01
   8.0284680e+06   4.0039062e+01
   8.0397430e+06   3.7841797e+01
   8.0497700e+06   3.5827637e+01
   8.0502040e+06   3.5156250e+01
   8.0573040e+06   3.5461426e+01
   8.0731460e+06   3.9123535e+01
   8.0856060e+06   3.7353516e+01
   8.0903970e+06   3.3508301e+01
   8.0975810e+06   3.3935547e+01
   8.0984200e+06   3.7597656e+01
   8.0989220e+06   3.3935547e+01
   8.0989570e+06   4.4128418e+01
   8.0991230e+06   3.7658691e+01
   8.0996000e+06   3.5888672e+01
   8.1001260e+06   3.7170410e+01
   8.1001460e+06   3.5278320e+01
   8.1010990e+06   3.4667969e+01
   8.1127220e+06   3.6071777e+01
   8.1147580e+06   3.4851074e+01
   8.1219430e+06   3.4667969e+01
   8.1221480e+06   3.6254883e+01
   8.1224840e+06   3.6682129e+01
   8.1226010e+06   3.4667969e+01
   8.1228930e+06   3.3447266e+01
   8.1331110e+06   3.4545898e+01
   8.1568090e+06   3.4545898e+01
   8.1655120e+06   3.4423828e+01
   8.1839020e+06   3.4667969e+01
   8.1861670e+06   3.5644531e+01
   8.1967470e+06   3.3935547e+01
   8.2095020e+06   3.7353516e+01
   8.2227430e+06   3.6865234e+01
   8.2251990e+06   3.6193848e+01
   8.2266070e+06   3.7963867e+01
   8.2528830e+06   3.4912109e+01
   8.2566260e+06   3.6315918e+01
   8.2612530e+06   3.9428711e+01
   8.2715670e+06   4.7790527e+01
   8.2721770e+06   3.7353516e+01
   8.2727380e+06   3.9306641e+01
   8.2729090e+06   3.5034180e+01
   8.2731340e+06   3.4423828e+01
   8.2732210e+06   3.4179688e+01
   8.2733880e+06   3.3508301e+01
   8.2735830e+06   3.4057617e+01
   8.2866540e+06   3.3508301e+01
   8.2975060e+06   3.6560059e+01
   8.2978910e+06   4.5043945e+01
   8.2981150e+06   3.4484863e+01
   8.2984890e+06   3.6499023e+01
   8.2989030e+06   3.3996582e+01
   8.2993550e+06   3.5095215e+01
   8.2994810e+06   3.4973145e+01
   8.3343700e+06   3.4179688e+01
   8.3397490e+06   3.4057617e+01
   8.3542180e+06   5.5236816e+01
   8.3545640e+06   4.3212891e+01
   8.3547790e+06   3.6376953e+01
   8.3548740e+06   3.8146973e+01
   8.3552940e+06   4.1137695e+01
   8.3563020e+06   3.4790039e+01
   8.3666720e+06   3.4667969e+01
   8.3893500e+06   3.5766602e+01
   8.3963050e+06   3.3935547e+01
   8.4147930e+06   3.6254883e+01
   8.4299810e+06   3.3569336e+01
   8.4461370e+06   3.5583496e+01
   8.4473870e+06   3.3874512e+01
   8.4613570e+06   3.7841797e+01
   8.4674820e+06   3.8818359e+01
   8.4719120e+06   3.3752441e+01
   8.4816110e+06   3.8879395e+01
   8.4857700e+06   3.6560059e+01
   8.4886300e+06   3.4973145e+01
   8.4925410e+06   3.4912109e+01
   8.5037300e+06   3.7109375e+01
   8.5088680e+06   3.6315918e+01
   8.5121970e+06   3.7109375e+01
   8.5158410e+06   3.9367676e+01
   8.5212560e+06   3.4912109e+01
   8.5535800e+06   3.4118652e+01
   8.5545190e+06   3.5522461e+01
   8.5611150e+06   3.3508301e+01
   8.5620430e+06   3.5217285e+01
   8.5922200e+06   3.8330078e+01
   8.5940180e+06   3.3935547e+01
   8.5973590e+06   3.6621094e+01
   8.6086770e+06   3.4484863e+01
   8.6234160e+06   3.4179688e+01
   8.6416730e+06   3.3813477e+01
   8.6555750e+06   3.4301758e+01
   8.6834330e+06   3.5644531e+01
   8.6902040e+06   3.6376953e+01
   8.6904280e+06   3.6071777e+01
   8.6905400e+06   3.9123535e+01
   8.6906970e+06   3.7719727e+01
   8.6907440e+06   3.4423828e+01
   8.6907700e+06   3.3752441e+01
   8.6909350e+06   4.6997070e+01
   8.6915620e+06   3.4362793e+01
   8.7141680e+06   3.3447266e+01
   8.7151620e+06   3.7536621e+01
   8.7152580e+06   4.9072266e+01
   8.7156220e+06   3.8208008e+01
   8.7159680e+06   3.4301758e+01
   8.7160450e+06   3.4729004e+01
   8.7162650e+06   3.4790039e+01
   8.7445840e+06   3.7597656e+01
   8.7448480e+06   4.1748047e+01
   8.7450670e+06   3.7841797e+01
   8.7454250e+06   3.5400391e+01
   8.7456200e+06   3.3447266e+01
   8.7461690e+06   4.1809082e+01
   8.7463340e+06   3.3447266e+01
   8.7688630e+06   3.3569336e+01
   8.7819190e+06   3.4729004e+01
   8.8011820e+06   3.4484863e+01
   8.8104970e+06   3.3508301e+01
   8.8152490e+06   3.5034180e+01
   8.8285200e+06   3.6071777e+01
   8.8639390e+06   3.5217285e+01
   8.8681070e+06   3.3996582e+01
   8.8775130e+06   3.3691406e+01
   8.8896970e+06   3.4057617e+01
   8.8913000e+06   3.5156250e+01
   8.9081120e+06   3.3630371e+01
   8.9133080e+06   3.3508301e+01
   8.9159870e+06   3.3508301e+01
   8.9239360e+06   3.3935547e+01
   8.9314160e+06   3.8085938e+01
   8.9326780e+06   3.7048340e+01
   8.9473540e+06   3.7231445e+01
   8.9502500e+06   3.3508301e+01
   8.9533210e+06   3.5888672e+01
   8.9587600e+06   3.5705566e+01
   8.9642840e+06   3.5461426e+01
   8.9915780e+06   3.6499023e+01
   8.9976710e+06   3.8085938e+01
