   8.9990000e+06   0.0000000e+00
   1.1353000e+04   3.6193848e+01
   3.7062000e+04   3.6865234e+01
   6.1406000e+04   3.7963867e+01
   8.4281000e+04   3.4057617e+01
   9.1690000e+04   3.3142090e+01
   1.2532900e+05   3.3691406e+01
   1.4406000e+05   3.8330078e+01
   1.5120300e+05   3.8635254e+01
   1.5347400e+05   3.7780762e+01
   1.6242500e+05   3.2836914e+01
   1.7152100e+05   3.6254883e+01
   1.7314600e+05   3.6437988e+01
   1.7458700e+05   3.3386230e+01
   1.7581300e+05   4.6752930e+01
   1.7774900e+05   3.3935547e+01
   1.9679500e+05   3.2592773e+01
   1.9734500e+05   3.2592773e+01
   2.1907900e+05   3.6987305e+01
   2.2105200e+05   3.5339355e+01
   2.2246000e+05   3.2592773e+01
   2.2313200e+05   3.2897949e+01
   2.2492400e+05   3.5888672e+01
   2.5045600e+05   3.3386230e+01
   2.6174900e+05   3.9062500e+01
   3.3569200e+05   3.2897949e+01
   3.6319200e+05   3.8024902e+01
   3.8912600e+05   4.0527344e+01
   4.2873800e+05   3.4484863e+01
   4.3260200e+05   3.2714844e+01
   4.5968100e+05   3.5034180e+01
   4.6660000e+05   3.5522461e+01
   4.8290000e+05   4.1259766e+01
   4.9095500e+05   3.7414551e+01
   5.5376500e+05   3.3386230e+01
   5.5934100e+05   4.7058105e+01
   5.5959000e+05   3.5949707e+01
   5.5990600e+05   3.4667969e+01
   5.6004000e+05   3.3081055e+01
   5.6006800e+05   3.3142090e+01
   5.6011600e+05   3.3630371e+01
   5.6013000e+05   3.3020020e+01
   5.6070900e+05   3.4790039e+01
   5.8715500e+05   3.2897949e+01
   5.8841500e+05   3.3569336e+01
   5.8911700e+05   3.5278320e+01
   6.0932100e+05   3.5339355e+01
   6.2521900e+05   3.8085938e+01
   6.4227000e+05   3.3142090e+01
   6.6925700e+05   3.5705566e+01
   6.7092800e+05   3.3081055e+01
   6.9852900e+05   3.2714844e+01
   7.1305900e+05   3.3630371e+01
   7.2275100e+05   3.4362793e+01
   7.5595700e+05   3.4423828e+01
   7.9360400e+05   3.6254883e+01
   8.2228100e+05   3.5522461e+01
   8.2249500e+05   3.4545898e+01
   8.3631500e+05   4.1320801e+01
   8.4228600e+05   3.2958984e+01
   8.7353200e+05   3.2836914e+01
   8.7403000e+05   3.3813477e+01
   8.7582000e+05   3.6926270e+01
   8.7613900e+05   4.1381836e+01
   8.9846600e+05   3.3264160e+01
   8.9947400e+05   3.6621094e+01
   8.9980700e+05   3.2592773e+01
   9.0008100e+05   3.5095215e+01
   9.0085400e+05   3.9855957e+01
   9.3531400e+05   3.3874512e+01
   9.4457900e+05   3.7414551e+01
   9.5627200e+05   3.2897949e+01
   9.5794800e+05   3.4240723e+01
   9.8762000e+05   4.2175293e+01
   9.9490400e+05   3.5705566e+01
   1.0295180e+06   3.4423828e+01
   1.0484920e+06   3.3142090e+01
   1.0920470e+06   3.3142090e+01
   1.1644680e+06   3.7902832e+01
   1.1816890e+06   3.2897949e+01
   1.1864190e+06   3.3020020e+01
   1.1916250e+06   3.2775879e+01
   1.2059310e+06   3.3630371e+01
   1.2376230e+06   3.2592773e+01
   1.2540950e+06   3.7780762e+01
   1.2901370e+06   3.5156250e+01
   1.2906280e+06   3.5339355e+01
   1.2908940e+06   3.2653809e+01
   1.2911020e+06   5.1574707e+01
   1.2911320e+06   4.0161133e+01
   1.2913910e+06   4.1687012e+01
   1.2917790e+06   3.6376953e+01
   1.3119220e+06   3.3447266e+01
   1.3676730e+06   3.3447266e+01
   1.3792010e+06   3.6682129e+01
   1.3799280e+06   3.8024902e+01
   1.4296240e+06   3.3508301e+01
   1.4473510e+06   3.4545898e+01
   1.4876650e+06   3.5217285e+01
   1.4961520e+06   3.5278320e+01
   1.5200990e+06   3.9672852e+01
   1.5884300e+06   3.7841797e+01
   1.6140480e+06   3.6193848e+01
   1.6571480e+06   3.4545898e+01
   1.6572710e+06   4.0222168e+01
   1.6575490e+06   3.2958984e+01
   1.6575590e+06   3.4240723e+01
   1.6576450e+06   3.7353516e+01
   1.6582090e+06   3.7109375e+01
   1.6789960e+06   3.3386230e+01
   1.6791120e+06   3.6926270e+01
   1.7110100e+06   3.3325195e+01
   1.8264520e+06   3.7658691e+01
   1.8392850e+06   3.3447266e+01
   1.8833750e+06   3.7719727e+01
   1.9039680e+06   3.3325195e+01
   1.9504530e+06   3.6621094e+01
   2.0648660e+06   3.3630371e+01
   2.0894480e+06   3.9428711e+01
   2.1188760e+06   3.2958984e+01
   2.1402980e+06   3.5034180e+01
   2.1580880e+06   3.2958984e+01
   2.1929210e+06   3.4545898e+01
   2.2088410e+06   3.9794922e+01
   2.2089590e+06   3.7414551e+01
   2.2092250e+06   8.0993652e+01
   2.2092760e+06   3.6193848e+01
   2.2095580e+06   3.9184570e+01
   2.2265160e+06   3.3386230e+01
   2.2311640e+06   3.4240723e+01
   2.2313250e+06   3.2592773e+01
   2.2319600e+06   3.5522461e+01
   2.2613490e+06   4.0832520e+01
   2.2649810e+06   3.3813477e+01
   2.2664250e+06   3.3447266e+01
   2.2693840e+06   3.6376953e+01
   2.2834740e+06   3.2592773e+01
   2.2973580e+06   3.5583496e+01
   2.3126300e+06   3.3325195e+01
   2.4080930e+06   3.5034180e+01
   2.4098730e+06   3.8024902e+01
   2.4550310e+06   3.3447266e+01
   2.4565940e+06   3.2958984e+01
   2.6132260e+06   3.5400391e+01
   2.6342470e+06   3.3203125e+01
   2.7782600e+06   3.3386230e+01
   3.0886510e+06   3.4606934e+01
   3.1312710e+06   3.3325195e+01
   3.2134070e+06   4.0344238e+01
   3.2134710e+06   3.4423828e+01
   3.2135150e+06   3.9306641e+01
   3.2136030e+06   5.2734375e+01
   3.2136960e+06   4.1870117e+01
   3.2138830e+06   4.3701172e+01
   3.2139160e+06   3.3752441e+01
   3.2139420e+06   3.7231445e+01
   3.2140760e+06   3.3752441e+01
   3.2144220e+06   3.6132812e+01
   3.2149190e+06   3.9916992e+01
   3.2661910e+06   3.4179688e+01
   3.3236620e+06   3.4240723e+01
   3.3416270e+06   3.4301758e+01
   3.8946020e+06   3.2775879e+01
   3.9099110e+06   3.9489746e+01
   3.9100600e+06   3.9306641e+01
   3.9104060e+06   3.6987305e+01
   3.9104530e+06   5.2856445e+01
   3.9106170e+06   3.3447266e+01
   3.9108710e+06   3.4484863e+01
   3.9349360e+06   3.6437988e+01
   4.2731680e+06   3.4362793e+01
   4.3532500e+06   3.3447266e+01
   4.5103960e+06   4.4738770e+01
   4.5105420e+06   3.6193848e+01
   4.5106580e+06   3.7353516e+01
   4.5108620e+06   3.5522461e+01
   4.5109680e+06   5.7189941e+01
   4.5109950e+06   3.9001465e+01
   4.5110510e+06   3.7475586e+01
   4.5111530e+06   3.2836914e+01
   4.5112010e+06   3.8330078e+01
   4.5279550e+06   3.2653809e+01
   4.7785850e+06   3.7475586e+01
   4.9959610e+06   3.4423828e+01
   4.9962040e+06   3.6499023e+01
   4.9965430e+06   4.0405273e+01
   4.9966050e+06   3.3752441e+01
   4.9966250e+06   7.1533203e+01
   4.9969090e+06   3.5766602e+01
   4.9986350e+06   3.3142090e+01
   5.0139230e+06   3.2836914e+01
   5.0145480e+06   3.3325195e+01
   5.0801490e+06   4.1137695e+01
   5.2420130e+06   3.3020020e+01
   5.4070920e+06   3.2592773e+01
   5.4073960e+06   4.7607422e+01
   5.4074530e+06   3.2653809e+01
   5.4075570e+06   3.3203125e+01
   5.4077800e+06   4.9011230e+01
   5.4078440e+06   3.3996582e+01
   5.4082000e+06   3.9062500e+01
   5.4312970e+06   3.2714844e+01
   5.4547370e+06   3.5034180e+01
   5.4553460e+06   3.3813477e+01
   5.4560440e+06   3.4057617e+01
   5.4567690e+06   3.8818359e+01
   5.4712780e+06   3.4240723e+01
   5.6854300e+06   3.3813477e+01
   5.7488170e+06   3.3508301e+01
   5.7694840e+06   3.9733887e+01
   5.8159730e+06   3.4179688e+01
   5.8165400e+06   3.8330078e+01
   5.8321070e+06   3.3264160e+01
   5.8323780e+06   3.7597656e+01
   5.8327170e+06   3.4362793e+01
   5.8329760e+06   4.9133301e+01
   5.8331300e+06   4.7729492e+01
   5.8333410e+06   4.1076660e+01
   5.8335320e+06   3.5827637e+01
   5.8505800e+06   3.4240723e+01
   5.8515290e+06   3.5095215e+01
   5.8518530e+06   3.4423828e+01
   5.8541220e+06   4.0527344e+01
   5.8890610e+06   3.3386230e+01
   5.8919110e+06   3.3386230e+01
   6.0091370e+06   4.0100098e+01
   6.0098070e+06   3.5827637e+01
   6.1597570e+06   3.6560059e+01
   6.2388530e+06   3.5522461e+01
   6.3817600e+06   4.0710449e+01
   6.4541100e+06   3.3081055e+01
   6.5236770e+06   4.0527344e+01
   6.5241720e+06   3.6010742e+01
   6.5453050e+06   3.5400391e+01
   6.5453930e+06   3.3935547e+01
   6.5454350e+06   3.5827637e+01
   6.5455040e+06   3.4057617e+01
   6.5456110e+06   4.9804688e+01
   6.5456550e+06   3.6560059e+01
   6.5457360e+06   4.1137695e+01
   6.5457620e+06   3.4729004e+01
   6.5458260e+06   4.3762207e+01
   6.5458670e+06   3.4973145e+01
   6.5459480e+06   4.1381836e+01
   6.5460760e+06   5.2429199e+01
   6.5609490e+06   3.5095215e+01
   6.5619120e+06   3.6315918e+01
   6.5621980e+06   3.6499023e+01
   6.5900540e+06   3.3813477e+01
   6.5904320e+06   3.3874512e+01
   6.6137830e+06   3.4362793e+01
   6.6341410e+06   3.4057617e+01
   6.7825360e+06   3.4790039e+01
   6.8164670e+06   4.0283203e+01
   7.0362560e+06   3.3569336e+01
   7.0634480e+06   4.3151855e+01
   7.0635050e+06   3.3691406e+01
   7.0635470e+06   3.6315918e+01
   7.0638200e+06   3.2775879e+01
   7.0638910e+06   4.8461914e+01
   7.0639420e+06   3.4973145e+01
   7.0639750e+06   4.8217773e+01
   7.0641010e+06   3.4240723e+01
   7.0641360e+06   3.2775879e+01
   7.0642460e+06   3.9489746e+01
   7.0643100e+06   3.3142090e+01
   7.0828930e+06   3.8330078e+01
   7.0841240e+06   3.2714844e+01
   7.1012350e+06   3.5156250e+01
   7.1167430e+06   3.5705566e+01
   7.1931460e+06   3.4667969e+01
   7.2485060e+06   3.3325195e+01
   7.3038330e+06   3.2775879e+01
   7.3077700e+06   3.9367676e+01
   7.4149210e+06   3.3813477e+01
   7.4155780e+06   3.5278320e+01
   7.4157890e+06   3.5644531e+01
   7.4159790e+06   5.1696777e+01
   7.4162080e+06   3.8879395e+01
   7.4162250e+06   4.1503906e+01
   7.4163060e+06   3.2836914e+01
   7.4164200e+06   3.3691406e+01
   7.4165090e+06   3.7536621e+01
   7.4169040e+06   3.9672852e+01
   7.4604220e+06   3.6437988e+01
   7.4618740e+06   3.8452148e+01
   7.4625940e+06   3.4118652e+01
   7.4628160e+06   3.5339355e+01
   7.4635310e+06   3.3752441e+01
   7.4636120e+06   3.4729004e+01
   7.5794400e+06   3.4729004e+01
   7.6316300e+06   3.8269043e+01
   7.7221260e+06   3.2653809e+01
   7.7995820e+06   4.3640137e+01
   7.7999100e+06   4.6569824e+01
   7.8000190e+06   4.5715332e+01
   7.8000480e+06   3.2714844e+01
   7.8000880e+06   4.4006348e+01
   7.8001850e+06   3.2897949e+01
   7.8005060e+06   4.5593262e+01
   7.8189770e+06   3.3630371e+01
   7.8199190e+06   3.5766602e+01
   7.8453070e+06   3.9672852e+01
   7.8459760e+06   3.7475586e+01
   7.8467470e+06   3.2592773e+01
   7.8554700e+06   3.3264160e+01
   8.0034800e+06   3.6376953e+01
   8.0465350e+06   3.3325195e+01
   8.0990510e+06   3.4423828e+01
   8.0995240e+06   3.3264160e+01
   8.0996810e+06   3.7597656e+01
   8.0997610e+06   3.4179688e+01
   8.0998060e+06   4.4006348e+01
   8.0998370e+06   3.2775879e+01
   8.0999010e+06   4.0893555e+01
   8.0999280e+06   3.8269043e+01
   8.0999630e+06   3.5644531e+01
   8.1001200e+06   4.7119141e+01
   8.1005820e+06   4.5593262e+01
   8.1007640e+06   3.6315918e+01
   8.1228010e+06   3.7658691e+01
   8.1234610e+06   4.0100098e+01
   8.1467170e+06   3.2714844e+01
   8.2155230e+06   3.8574219e+01
   8.2738540e+06   3.3691406e+01
   8.2739510e+06   5.3833008e+01
   8.2739620e+06   4.8095703e+01
   8.2747300e+06   3.4240723e+01
   8.2751530e+06   3.3996582e+01
   8.2999830e+06   4.1564941e+01
   8.3549980e+06   3.4667969e+01
   8.3555420e+06   3.5400391e+01
   8.3561830e+06   3.4484863e+01
   8.3924060e+06   3.2958984e+01
   8.4505460e+06   3.3020020e+01
   8.4768090e+06   4.0039062e+01
   8.5097780e+06   3.8146973e+01
   8.5632840e+06   3.4790039e+01
   8.6649730e+06   3.7841797e+01
   8.6906670e+06   4.5227051e+01
   8.6909690e+06   3.4545898e+01
   8.6910340e+06   3.3081055e+01
   8.6910830e+06   3.5888672e+01
   8.6910930e+06   5.6884766e+01
   8.6911300e+06   3.9489746e+01
   8.6912420e+06   4.3151855e+01
   8.6913340e+06   4.0466309e+01
   8.6913810e+06   4.8583984e+01
   8.6914360e+06   3.4606934e+01
   8.6928040e+06   3.2592773e+01
   8.7164290e+06   3.9062500e+01
   8.7182280e+06   3.6682129e+01
   8.7422950e+06   3.3386230e+01
   8.7442820e+06   3.3569336e+01
   8.7454190e+06   3.4362793e+01
   8.7460220e+06   4.5349121e+01
   8.8594040e+06   3.9916992e+01
