   8.9990000e+06   0.0000000e+00
   2.1599300e+05   3.4729004e+01
   2.2589300e+05   3.6315918e+01
   7.3600600e+05   3.4179688e+01
   1.1980000e+06   3.9184570e+01
   1.2305080e+06   3.4790039e+01
   2.4009330e+06   3.4301758e+01
   2.7323580e+06   3.4912109e+01
   3.0836660e+06   3.5888672e+01
   3.2035060e+06   3.5095215e+01
   3.3625060e+06   3.4179688e+01
   4.0878370e+06   3.5766602e+01
   4.2270350e+06   3.4118652e+01
   4.7192410e+06   3.4118652e+01
   4.8125010e+06   3.5278320e+01
   5.3498830e+06   3.5156250e+01
   5.7769350e+06   3.6315918e+01
   5.8299400e+06   3.7719727e+01
   6.8717490e+06   3.5400391e+01
   7.2245750e+06   3.5949707e+01
   7.3947000e+06   3.4667969e+01
   7.6045010e+06   3.5034180e+01
   7.7289270e+06   3.4851074e+01
   8.1687920e+06   3.6132812e+01
   8.2163570e+06   3.4423828e+01
   8.3430190e+06   3.3935547e+01
   8.8696190e+06   3.4423828e+01
