   8.9990000e+06   0.0000000e+00
   1.2223000e+04   5.3955078e+01
   1.3059000e+04   5.8044434e+01
   1.3400000e+04   5.2368164e+01
   1.3799000e+04   4.3273926e+01
   1.4330800e+05   5.3039551e+01
   1.4399500e+05   5.3100586e+01
   1.4456400e+05   4.0100098e+01
   1.4483600e+05   3.4118652e+01
   1.4509800e+05   3.9428711e+01
   1.4833600e+05   4.4494629e+01
   1.7357700e+05   5.3161621e+01
   1.7381400e+05   4.5288086e+01
   1.7398500e+05   3.5644531e+01
   1.7414700e+05   3.4118652e+01
   2.1932900e+05   5.8715820e+01
   2.1957500e+05   5.2490234e+01
   2.1970800e+05   3.7292480e+01
   2.1975000e+05   3.4423828e+01
   4.8960300e+05   6.4086914e+01
   4.9065000e+05   4.7302246e+01
   4.9125700e+05   4.5837402e+01
   4.9173400e+05   4.4494629e+01
   4.9213400e+05   4.6936035e+01
   4.9272800e+05   3.6743164e+01
   4.9319600e+05   3.4790039e+01
   4.9358500e+05   3.3813477e+01
   5.2002000e+05   4.9682617e+01
   5.3716000e+05   4.9438477e+01
   5.3793000e+05   4.6997070e+01
   5.5799100e+05   5.5297852e+01
   5.5860100e+05   5.7434082e+01
   5.5894300e+05   4.5227051e+01
   5.5917000e+05   4.0405273e+01
   5.5936300e+05   3.5522461e+01
   5.5979600e+05   3.5644531e+01
   5.8341800e+05   5.5114746e+01
   5.8398000e+05   4.5410156e+01
   5.8419400e+05   4.9194336e+01
   7.1957300e+05   5.4809570e+01
   8.3011700e+05   5.4687500e+01
   8.7240700e+05   6.0485840e+01
   8.7319100e+05   4.8095703e+01
   8.7356700e+05   5.1635742e+01
   8.9648400e+05   5.8227539e+01
   8.9685300e+05   5.3344727e+01
   8.9710400e+05   4.3640137e+01
   8.9730200e+05   3.8024902e+01
   8.9983100e+05   3.5217285e+01
   9.0101600e+05   3.5766602e+01
   1.2128860e+06   4.7119141e+01
   1.2855830e+06   5.3405762e+01
   1.2863140e+06   4.7607422e+01
   1.2871530e+06   4.7851563e+01
   1.2874590e+06   3.8391113e+01
   1.2877180e+06   3.6132812e+01
   1.3086380e+06   5.2185059e+01
   1.3089620e+06   4.9621582e+01
   1.3091830e+06   3.3996582e+01
   1.3094130e+06   4.1259766e+01
   1.3998100e+06   3.4423828e+01
   1.6538290e+06   5.3344727e+01
   1.6547830e+06   6.0302734e+01
   1.6551560e+06   3.8513184e+01
   1.6555270e+06   3.4973145e+01
   1.6756820e+06   5.4077148e+01
   1.6760570e+06   5.1269531e+01
   1.6762210e+06   4.0588379e+01
   1.6763690e+06   3.6682129e+01
   2.2085280e+06   6.6223145e+01
   2.2086980e+06   5.0964355e+01
   2.2089480e+06   3.6865234e+01
   2.2111740e+06   3.6621094e+01
   2.2275990e+06   5.0537109e+01
   2.2278290e+06   4.1198730e+01
   2.2280430e+06   4.1687012e+01
   2.2653940e+06   5.8105469e+01
   2.2657160e+06   6.0607910e+01
   2.2659560e+06   4.1870117e+01
   2.2661570e+06   4.1381836e+01
   2.2662080e+06   3.4606934e+01
   3.1443800e+06   3.8574219e+01
   3.2126750e+06   6.3903809e+01
   3.2128460e+06   5.2673340e+01
   3.2313970e+06   4.8461914e+01
   3.2318140e+06   4.9011230e+01
   3.2320570e+06   4.1198730e+01
   3.2322980e+06   4.3334961e+01
   3.2634930e+06   5.3649902e+01
   3.2639560e+06   5.1391602e+01
   3.2642000e+06   4.1442871e+01
   3.2644440e+06   3.7536621e+01
   3.2646290e+06   3.4057617e+01
   3.2677170e+06   3.4729004e+01
   3.9100560e+06   6.7810059e+01
   3.9102800e+06   5.7495117e+01
   3.9126910e+06   3.7292480e+01
   3.9424320e+06   4.9316406e+01
   3.9429050e+06   5.4199219e+01
   3.9431070e+06   4.7912598e+01
   3.9432940e+06   3.3569336e+01
   4.3864480e+06   3.5461426e+01
   4.5101660e+06   3.4790039e+01
   4.5104740e+06   6.0668945e+01
   4.5106740e+06   4.7546387e+01
   4.5107720e+06   4.8767090e+01
   4.5271760e+06   6.1218262e+01
   4.5274080e+06   5.4077148e+01
   4.5276060e+06   4.1931152e+01
   4.6475050e+06   3.5095215e+01
   4.9889770e+06   3.4362793e+01
   4.9958610e+06   6.3903809e+01
   4.9961720e+06   5.9265137e+01
   5.0143040e+06   5.6213379e+01
   5.0146190e+06   5.0476074e+01
   5.0148480e+06   4.3518066e+01
   5.4069190e+06   5.6640625e+01
   5.4071330e+06   6.0119629e+01
   5.4072320e+06   3.7597656e+01
   5.4097790e+06   4.6081543e+01
   5.4308360e+06   5.9631348e+01
   5.4312670e+06   4.2663574e+01
   5.4318720e+06   4.5349121e+01
   5.4324200e+06   3.8330078e+01
   5.4328590e+06   4.0222168e+01
   5.4334150e+06   3.6987305e+01
   5.4337710e+06   3.4301758e+01
   5.4549060e+06   5.3833008e+01
   5.4553280e+06   5.1391602e+01
   5.4555070e+06   4.2846680e+01
   5.8324490e+06   6.7443848e+01
   5.8326450e+06   4.2846680e+01
   5.8327600e+06   3.5278320e+01
   5.8428520e+06   3.3691406e+01
   5.8506830e+06   5.7250977e+01
   5.8508020e+06   3.5583496e+01
   5.8510080e+06   5.2734375e+01
   5.8512160e+06   3.9367676e+01
   5.8515650e+06   4.7485352e+01
   5.8547110e+06   3.3691406e+01
   5.8883970e+06   5.6640625e+01
   5.8887490e+06   5.9509277e+01
   5.8890280e+06   3.9367676e+01
   5.8891930e+06   3.8085938e+01
   5.8919170e+06   3.9855957e+01
   6.0594890e+06   3.3996582e+01
   6.4757710e+06   3.4606934e+01
   6.5454300e+06   5.9326172e+01
   6.5455390e+06   3.9062500e+01
   6.5455490e+06   4.3273926e+01
   6.5456450e+06   4.1442871e+01
   6.5478710e+06   3.3447266e+01
   6.5605560e+06   5.6640625e+01
   6.5607360e+06   4.9743652e+01
   6.5608730e+06   4.1870117e+01
   6.5634290e+06   3.3813477e+01
   6.5883280e+06   4.7668457e+01
   6.5887060e+06   5.2551270e+01
   6.5889710e+06   4.9438477e+01
   6.5891520e+06   3.8757324e+01
   6.8556110e+06   3.7475586e+01
   7.0636750e+06   5.5480957e+01
   7.0637740e+06   3.7048340e+01
   7.0638660e+06   3.7963867e+01
   7.0639630e+06   3.4667969e+01
   7.0650390e+06   3.4729004e+01
   7.0795790e+06   6.2744141e+01
   7.0798390e+06   6.7321777e+01
   7.1147430e+06   5.4626465e+01
   7.1151330e+06   4.3884277e+01
   7.1153080e+06   4.1931152e+01
   7.4158010e+06   6.5063477e+01
   7.4158420e+06   3.4851074e+01
   7.4159100e+06   4.5593262e+01
   7.4159230e+06   3.8635254e+01
   7.4159990e+06   3.3935547e+01
   7.4606790e+06   5.5969238e+01
   7.4608480e+06   5.0903320e+01
   7.4609890e+06   3.6804199e+01
   7.4632190e+06   3.9733887e+01
   7.7994200e+06   6.0607910e+01
   7.7995620e+06   5.2978516e+01
   7.7996090e+06   3.5278320e+01
   7.7998610e+06   3.4362793e+01
   7.8168040e+06   6.4941406e+01
   7.8170610e+06   5.7067871e+01
   7.8172310e+06   4.3273926e+01
   7.8469200e+06   6.1401367e+01
   7.8474650e+06   5.7250977e+01
   7.8476590e+06   3.8085938e+01
   7.8478570e+06   3.4423828e+01
   8.0988760e+06   6.2255859e+01
   8.0990200e+06   5.6152344e+01
   8.0991450e+06   3.7353516e+01
   8.0992060e+06   3.5522461e+01
   8.1213680e+06   5.6030273e+01
   8.1215890e+06   4.9255371e+01
   8.1217600e+06   3.9550781e+01
   8.1219350e+06   4.2053223e+01
   8.1222790e+06   3.3569336e+01
   8.1242650e+06   3.6254883e+01
   8.2728270e+06   5.9265137e+01
   8.2730550e+06   5.7617188e+01
   8.2731830e+06   3.9001465e+01
   8.2967550e+06   5.6640625e+01
   8.2971520e+06   4.6325684e+01
   8.2973750e+06   3.8391113e+01
   8.2975520e+06   3.8269043e+01
   8.3000190e+06   3.5888672e+01
   8.3538340e+06   4.6325684e+01
   8.3540590e+06   4.3884277e+01
   8.3541960e+06   4.8950195e+01
   8.6903130e+06   6.8176270e+01
   8.6904670e+06   4.4128418e+01
   8.6905690e+06   3.3935547e+01
   8.6905920e+06   3.4973145e+01
   8.6910570e+06   3.3569336e+01
   8.6927290e+06   3.3508301e+01
   8.7130220e+06   5.1879883e+01
   8.7134140e+06   4.6813965e+01
   8.7135880e+06   4.2114258e+01
   8.7137730e+06   3.6621094e+01
   8.7140160e+06   3.3447266e+01
   8.7313890e+06   3.3691406e+01
   8.7442930e+06   6.6467285e+01
   8.7444990e+06   4.9255371e+01
   8.7446540e+06   4.3884277e+01
   8.7448040e+06   4.2053223e+01
   8.8288080e+06   3.4362793e+01
   8.8337560e+06   3.5278320e+01
