   8.9990000e+06   0.0000000e+00
   1.4337000e+04   3.8269043e+01
   7.4461000e+04   3.6132812e+01
   1.1879500e+05   4.3090820e+01
   1.4877800e+05   4.2419434e+01
   1.4914300e+05   3.4912109e+01
   1.7458600e+05   3.9489746e+01
   1.7466000e+05   3.5949707e+01
   2.1973600e+05   4.0893555e+01
   2.2021500e+05   3.6437988e+01
   5.0881600e+05   3.9672852e+01
   5.0915300e+05   3.5461426e+01
   5.5750800e+05   4.0100098e+01
   5.8578200e+05   3.4667969e+01
   8.7284400e+05   3.8940430e+01
   8.7323600e+05   3.6132812e+01
   8.7484700e+05   3.6621094e+01
   8.9849100e+05   3.9672852e+01
   1.2876970e+06   3.6682129e+01
   1.2893670e+06   3.4667969e+01
   1.3109390e+06   3.9489746e+01
   1.3113200e+06   3.8696289e+01
   1.3750640e+06   3.5400391e+01
   1.6564570e+06   3.9062500e+01
   1.6567010e+06   3.4912109e+01
   1.6771770e+06   3.7841797e+01
   1.6776600e+06   3.6254883e+01
   2.2082320e+06   4.7180176e+01
   2.2085530e+06   3.9978027e+01
   2.2291620e+06   3.5705566e+01
   2.2666350e+06   4.6875000e+01
   2.2669960e+06   3.4912109e+01
   2.7148780e+06   3.5278320e+01
   3.2128180e+06   3.6926270e+01
   3.2129310e+06   4.4860840e+01
   3.2132290e+06   4.4128418e+01
   3.2134340e+06   3.6376953e+01
   3.2663310e+06   4.2419434e+01
   3.2666770e+06   4.3640137e+01
   3.2670000e+06   3.9672852e+01
   3.9088200e+06   3.8024902e+01
   3.9092670e+06   4.9194336e+01
   3.9095350e+06   3.8635254e+01
   3.9097040e+06   4.0466309e+01
   3.9436330e+06   3.5583496e+01
   3.9440240e+06   3.8879395e+01
   3.9446030e+06   3.7597656e+01
   4.5096270e+06   4.3701172e+01
   4.5098770e+06   4.3823242e+01
   4.5101000e+06   5.1635742e+01
   4.5280610e+06   4.0466309e+01
   4.5285710e+06   3.7109375e+01
   4.9959050e+06   5.6213379e+01
   4.9960660e+06   3.4606934e+01
   5.0161090e+06   3.5705566e+01
   5.3988040e+06   3.5583496e+01
   5.4063800e+06   3.4851074e+01
   5.4066320e+06   4.0405273e+01
   5.4347120e+06   5.3588867e+01
   5.4566930e+06   3.6804199e+01
   5.4570200e+06   3.6437988e+01
   5.5561880e+06   3.4790039e+01
   5.8321010e+06   4.3151855e+01
   5.8323240e+06   4.7607422e+01
   5.8329340e+06   3.5461426e+01
   5.8527720e+06   4.2541504e+01
   5.8529750e+06   3.8879395e+01
   5.8531820e+06   3.5461426e+01
   5.8902650e+06   4.1992188e+01
   5.8905620e+06   3.8574219e+01
   5.8907970e+06   3.5644531e+01
   6.1606300e+06   3.8818359e+01
   6.3918610e+06   3.5705566e+01
   6.5447980e+06   6.3171387e+01
   6.5450690e+06   4.2175293e+01
   6.5461170e+06   3.4851074e+01
   6.5615520e+06   3.7231445e+01
   6.5616180e+06   3.8574219e+01
   6.5899490e+06   4.0100098e+01
   6.5903100e+06   3.8696289e+01
   6.5906080e+06   3.9001465e+01
   6.7207400e+06   3.6254883e+01
   7.0633290e+06   4.5532227e+01
   7.0809120e+06   3.4912109e+01
   7.0813290e+06   3.5278320e+01
   7.1157280e+06   4.3029785e+01
   7.1158060e+06   3.5278320e+01
   7.1159620e+06   3.7353516e+01
   7.1161960e+06   3.5766602e+01
   7.4149710e+06   3.4790039e+01
   7.4155920e+06   5.1025391e+01
   7.4157200e+06   3.6804199e+01
   7.4159640e+06   3.8330078e+01
   7.4612850e+06   5.4260254e+01
   7.4615040e+06   4.3334961e+01
   7.4616840e+06   4.1137695e+01
   7.7994710e+06   5.0048828e+01
   7.7996150e+06   4.4982910e+01
   7.7998500e+06   3.7048340e+01
   7.8179780e+06   3.7902832e+01
   7.8180820e+06   4.1198730e+01
   7.8485180e+06   4.0161133e+01
   7.8488800e+06   4.3151855e+01
   7.8491260e+06   3.7475586e+01
   8.0991660e+06   4.7973633e+01
   8.0993190e+06   3.9489746e+01
   8.0995440e+06   3.5339355e+01
   8.1224740e+06   4.1809082e+01
   8.2733060e+06   4.4372559e+01
   8.2985830e+06   4.0344238e+01
   8.3092870e+06   3.5522461e+01
   8.3543830e+06   4.5166016e+01
   8.3545920e+06   3.6315918e+01
   8.6906870e+06   4.8217773e+01
   8.6909300e+06   4.3273926e+01
   8.7156620e+06   3.8208008e+01
   8.7162430e+06   3.9123535e+01
   8.7452930e+06   3.6193848e+01
   8.7455650e+06   3.6804199e+01
