   8.9990000e+06   0.0000000e+00
   1.0002000e+04   4.6630859e+01
   1.0221000e+04   3.6621094e+01
   1.3304000e+04   4.5715332e+01
   1.3563000e+04   4.2175293e+01
   1.3877000e+04   3.6193848e+01
   1.4465000e+04   3.4118652e+01
   6.6862000e+04   4.7424316e+01
   6.7114000e+04   3.5034180e+01
   1.3398800e+05   5.2062988e+01
   1.3418200e+05   3.3752441e+01
   1.3444000e+05   3.4729004e+01
   1.3566200e+05   3.9794922e+01
   1.4807200e+05   3.4851074e+01
   1.5183900e+05   5.7067871e+01
   1.7169100e+05   4.3029785e+01
   1.7315000e+05   3.4851074e+01
   1.7410000e+05   6.0546875e+01
   1.7433400e+05   4.0283203e+01
   1.7506700e+05   3.4301758e+01
   2.1924200e+05   4.8706055e+01
   2.1952600e+05   3.8879395e+01
   2.1967200e+05   4.9560547e+01
   2.2007900e+05   5.2307129e+01
   2.2239300e+05   5.7922363e+01
   2.2326100e+05   3.6804199e+01
   2.6489300e+05   5.0842285e+01
   2.8472500e+05   4.9255371e+01
   4.4924900e+05   4.4311523e+01
   4.4941900e+05   3.7963867e+01
   4.4968100e+05   3.3752441e+01
   5.5818800e+05   3.4484863e+01
   5.5922600e+05   5.2368164e+01
   5.5953900e+05   5.0415039e+01
   5.6120900e+05   4.8461914e+01
   5.7950700e+05   3.9672852e+01
   5.8426600e+05   5.7983398e+01
   5.8447300e+05   3.3569336e+01
   5.8485600e+05   4.6691895e+01
   5.8765300e+05   3.4118652e+01
   6.0602700e+05   5.2673340e+01
   6.3922700e+05   5.0964355e+01
   6.3944600e+05   3.5095215e+01
   6.5748100e+05   4.8767090e+01
   7.2006900e+05   5.8410645e+01
   7.2028800e+05   3.6437988e+01
   7.2065700e+05   4.4494629e+01
   8.0118100e+05   4.7790527e+01
   8.0230200e+05   3.4851074e+01
   8.4550900e+05   5.6701660e+01
   8.4569600e+05   3.3813477e+01
   8.7395000e+05   6.1950684e+01
   8.7435200e+05   4.7668457e+01
   8.7623300e+05   5.2917480e+01
   8.7641600e+05   3.3935547e+01
   8.7680000e+05   4.3212891e+01
   8.7711500e+05   3.3813477e+01
   8.9728800e+05   5.0964355e+01
   8.9804900e+05   3.7292480e+01
   8.9833300e+05   3.3630371e+01
   9.4372200e+05   4.7973633e+01
   9.4416600e+05   5.0354004e+01
   9.4452400e+05   4.0771484e+01
   1.0865670e+06   3.4362793e+01
   1.1169820e+06   4.8828125e+01
   1.1172050e+06   3.5461426e+01
   1.1956720e+06   5.7312012e+01
   1.2279110e+06   5.1269531e+01
   1.2286090e+06   3.8146973e+01
   1.2870710e+06   5.3466797e+01
   1.2890890e+06   4.8461914e+01
   1.2896430e+06   4.5227051e+01
   1.2899470e+06   3.5339355e+01
   1.2915750e+06   5.1757812e+01
   1.2917530e+06   4.2114258e+01
   1.3094660e+06   5.2185059e+01
   1.3148460e+06   3.6376953e+01
   1.3632520e+06   4.9926758e+01
   1.3639920e+06   3.4729004e+01
   1.3643020e+06   3.3508301e+01
   1.4022820e+06   4.9194336e+01
   1.4029060e+06   4.3090820e+01
   1.4851960e+06   5.5297852e+01
   1.5305560e+06   4.1870117e+01
   1.6212240e+06   5.5480957e+01
   1.6545280e+06   5.2124023e+01
   1.6547540e+06   4.4921875e+01
   1.6562850e+06   4.4494629e+01
   1.6579100e+06   5.9936523e+01
   1.6581790e+06   3.7353516e+01
   1.6760760e+06   3.9123535e+01
   1.6761430e+06   4.4555664e+01
   1.6769370e+06   3.7170410e+01
   1.6778240e+06   3.8635254e+01
   1.7098660e+06   4.7607422e+01
   2.0013390e+06   4.8034668e+01
   2.0016790e+06   4.1687012e+01
   2.0022400e+06   3.3935547e+01
   2.0701440e+06   5.0781250e+01
   2.0940970e+06   3.4240723e+01
   2.1356950e+06   5.1879883e+01
   2.1683480e+06   3.4118652e+01
   2.1691820e+06   3.3874512e+01
   2.1697150e+06   3.6560059e+01
   2.2086140e+06   5.1696777e+01
   2.2088020e+06   5.2734375e+01
   2.2092860e+06   5.6335449e+01
   2.2096040e+06   4.2663574e+01
   2.2235690e+06   3.7658691e+01
   2.2284770e+06   5.3466797e+01
   2.2289530e+06   4.0466309e+01
   2.2295140e+06   3.4301758e+01
   2.2586440e+06   5.3161621e+01
   2.2662040e+06   5.5114746e+01
   2.2665430e+06   4.3579102e+01
   2.2667190e+06   3.8940430e+01
   3.2126380e+06   5.2795410e+01
   3.2129050e+06   3.6010742e+01
   3.2131170e+06   6.0119629e+01
   3.2132860e+06   3.3935547e+01
   3.2135280e+06   3.4667969e+01
   3.2142800e+06   5.8593750e+01
   3.2151090e+06   5.8593750e+01
   3.2162580e+06   3.9184570e+01
   3.2168950e+06   5.0231934e+01
   3.2179690e+06   3.3508301e+01
   3.2330210e+06   5.3527832e+01
   3.2336790e+06   5.2917480e+01
   3.2349020e+06   4.7424316e+01
   3.2657330e+06   4.4433594e+01
   3.2660620e+06   4.6936035e+01
   3.2665020e+06   3.7170410e+01
   3.6570580e+06   3.4851074e+01
   3.9100390e+06   3.3996582e+01
   3.9101390e+06   5.7556152e+01
   3.9102910e+06   4.5410156e+01
   3.9429370e+06   6.0546875e+01
   3.9435560e+06   5.1879883e+01
   3.9443470e+06   4.3457031e+01
   4.5105580e+06   5.7983398e+01
   4.5107120e+06   3.7292480e+01
   4.5116060e+06   6.6040039e+01
   4.5279000e+06   6.0913086e+01
   4.5281820e+06   4.4189453e+01
   4.5285720e+06   3.4851074e+01
   4.5288740e+06   3.3691406e+01
   4.5292810e+06   3.7231445e+01
   4.5303080e+06   3.9489746e+01
   4.5316220e+06   3.4423828e+01
   4.5400760e+06   5.1147461e+01
   4.5402300e+06   3.5522461e+01
   4.5420790e+06   3.4240723e+01
   4.9961690e+06   5.3955078e+01
   4.9963070e+06   4.8706055e+01
   4.9963510e+06   3.5095215e+01
   4.9971800e+06   5.0964355e+01
   4.9978900e+06   5.0659180e+01
   4.9986460e+06   4.1198730e+01
   5.0155300e+06   5.5908203e+01
   5.0158430e+06   3.6926270e+01
   5.0162370e+06   4.2480469e+01
   5.0317080e+06   4.7058105e+01
   5.0319040e+06   3.5766602e+01
   5.0323440e+06   4.7180176e+01
   5.1169900e+06   3.4912109e+01
   5.3829420e+06   5.9631348e+01
   5.3831920e+06   4.9194336e+01
   5.3833520e+06   3.5339355e+01
   5.4053560e+06   3.6437988e+01
   5.4069210e+06   6.6406250e+01
   5.4071010e+06   5.0781250e+01
   5.4073120e+06   3.3508301e+01
   5.4081910e+06   5.7861328e+01
   5.4215610e+06   5.1025391e+01
   5.4217600e+06   3.4545898e+01
   5.4219710e+06   3.3508301e+01
   5.4330260e+06   3.4423828e+01
   5.4339450e+06   5.7250977e+01
   5.4344960e+06   5.6213379e+01
   5.4348220e+06   4.4128418e+01
   5.4353600e+06   3.7292480e+01
   5.4526950e+06   4.3762207e+01
   5.4560750e+06   5.7800293e+01
   5.4564780e+06   5.2185059e+01
   5.4568000e+06   3.8391113e+01
   5.4580640e+06   3.6315918e+01
   5.4693860e+06   5.0964355e+01
   5.4988160e+06   3.3630371e+01
   5.8325600e+06   6.3415527e+01
   5.8327300e+06   4.8095703e+01
   5.8327620e+06   3.3752441e+01
   5.8335660e+06   6.6589355e+01
   5.8483590e+06   5.9448242e+01
   5.8485200e+06   3.6560059e+01
   5.8493890e+06   3.5827637e+01
   5.8520390e+06   5.4443359e+01
   5.8525810e+06   4.8583984e+01
   5.8531830e+06   3.4851074e+01
   5.8867510e+06   4.5410156e+01
   5.8869590e+06   3.5339355e+01
   5.8872330e+06   4.1992187e+01
   5.8894810e+06   4.1259766e+01
   5.8895620e+06   5.9875488e+01
   5.8899460e+06   5.3222656e+01
   5.8903070e+06   3.6987305e+01
   5.8907340e+06   4.6813965e+01
   5.8915830e+06   3.3691406e+01
   5.8921660e+06   3.4423828e+01
   6.4479910e+06   3.4118652e+01
   6.4721200e+06   4.9987793e+01
   6.4743100e+06   3.3935547e+01
   6.5440090e+06   3.3752441e+01
   6.5453730e+06   6.3781738e+01
   6.5454950e+06   3.6926270e+01
   6.5456410e+06   3.3569336e+01
   6.5462200e+06   5.6030273e+01
   6.5463610e+06   3.6682129e+01
   6.5609250e+06   5.6030273e+01
   6.5613310e+06   4.9743652e+01
   6.5615670e+06   3.7963867e+01
   6.5620040e+06   3.9611816e+01
   6.5626390e+06   3.5522461e+01
   6.5892780e+06   5.4504395e+01
   6.5896510e+06   5.0781250e+01
   6.5899610e+06   4.2419434e+01
   6.5904490e+06   3.8940430e+01
   6.5906050e+06   3.3813477e+01
   6.5968400e+06   4.5410156e+01
   6.9036120e+06   5.7373047e+01
   6.9038370e+06   4.0344238e+01
   6.9040520e+06   3.4606934e+01
   7.0095700e+06   5.9509277e+01
   7.0626270e+06   3.6804199e+01
   7.0631400e+06   3.6621094e+01
   7.0636200e+06   6.2866211e+01
   7.0637630e+06   4.4128418e+01
   7.0638810e+06   3.7292480e+01
   7.0639480e+06   3.3508301e+01
   7.0642390e+06   6.1950684e+01
   7.0645470e+06   5.5847168e+01
   7.0654770e+06   4.2724609e+01
   7.0800630e+06   6.5368652e+01
   7.0803180e+06   3.7475586e+01
   7.0807190e+06   3.6560059e+01
   7.0809100e+06   3.8391113e+01
   7.1062380e+06   5.2917480e+01
   7.1064130e+06   3.6804199e+01
   7.1151440e+06   5.2673340e+01
   7.1156140e+06   4.7424316e+01
   7.1162030e+06   3.4484863e+01
   7.4143850e+06   3.5522461e+01
   7.4157450e+06   6.9885254e+01
   7.4158990e+06   4.2724609e+01
   7.4166550e+06   5.6579590e+01
   7.4172630e+06   5.6518555e+01
   7.4178900e+06   3.5034180e+01
   7.4179380e+06   3.4057617e+01
   7.4199450e+06   3.5522461e+01
   7.4552840e+06   4.7973633e+01
   7.4556470e+06   3.9794922e+01
   7.4608030e+06   5.6945801e+01
   7.4610670e+06   3.5705566e+01
   7.4610990e+06   3.6621094e+01
   7.4612460e+06   3.6193848e+01
   7.4616780e+06   3.8696289e+01
   7.5663900e+06   5.0476074e+01
   7.5776250e+06   3.4667969e+01
   7.6222060e+06   5.5053711e+01
   7.7342400e+06   3.3996582e+01
   7.7996400e+06   5.5358887e+01
   7.8001880e+06   5.0537109e+01
   7.8005340e+06   4.6508789e+01
   7.8012360e+06   3.5156250e+01
   7.8020900e+06   3.4423828e+01
   7.8175110e+06   5.7006836e+01
   7.8178900e+06   5.4382324e+01
   7.8181290e+06   3.8146973e+01
   7.8186590e+06   3.9428711e+01
   7.8189920e+06   4.4067383e+01
   7.8410780e+06   4.6875000e+01
   7.8412800e+06   3.3935547e+01
   7.8426370e+06   3.8574219e+01
   7.8476650e+06   6.0180664e+01
   7.8478990e+06   3.8696289e+01
   7.8481770e+06   3.6254883e+01
   8.0988550e+06   5.8532715e+01
   8.0991960e+06   5.3100586e+01
   8.0995400e+06   3.6865234e+01
   8.1002240e+06   6.3903809e+01
   8.1005450e+06   4.3579102e+01
   8.1023370e+06   3.3630371e+01
   8.1219350e+06   4.4982910e+01
   8.1222070e+06   3.6987305e+01
   8.1223830e+06   3.4179687e+01
   8.1224260e+06   3.5339355e+01
   8.1228350e+06   3.8024902e+01
   8.1230010e+06   3.5217285e+01
   8.1469330e+06   4.6691895e+01
   8.2730740e+06   5.9387207e+01
   8.2733910e+06   3.4851074e+01
   8.2734220e+06   5.7617188e+01
   8.2736300e+06   3.8635254e+01
   8.2739600e+06   3.4851074e+01
   8.2745930e+06   5.7250977e+01
   8.2975140e+06   5.0292969e+01
   8.3101550e+06   5.3649902e+01
   8.3541260e+06   5.9326172e+01
   8.3543260e+06   3.3752441e+01
   8.3546440e+06   4.0527344e+01
   8.3547340e+06   3.5522461e+01
   8.3550790e+06   4.1687012e+01
   8.3667710e+06   5.1391602e+01
   8.3669700e+06   4.0405273e+01
   8.3671750e+06   3.6132812e+01
   8.6904950e+06   4.9804688e+01
   8.6906480e+06   4.7973633e+01
   8.6915030e+06   5.3100586e+01
   8.6917660e+06   5.4138184e+01
   8.7085570e+06   3.6682129e+01
   8.7144730e+06   5.5603027e+01
   8.7148530e+06   4.0710449e+01
   8.7155860e+06   3.5034180e+01
   8.7159320e+06   3.4606934e+01
   8.7421740e+06   6.1157227e+01
   8.7426300e+06   4.2358398e+01
   8.7433160e+06   3.6682129e+01
   8.7445510e+06   6.2683105e+01
   8.7447180e+06   3.6376953e+01
   8.7449750e+06   3.6315918e+01
   8.7453560e+06   3.5461426e+01
   8.7454720e+06   3.4179688e+01
