   8.9990000e+06   0.0000000e+00
   2.2640000e+04   3.3691406e+01
   1.4499300e+05   3.4301758e+01
   1.7220400e+05   3.3813477e+01
   6.5251000e+05   3.3752441e+01
   7.4089400e+05   3.3386230e+01
   7.5499500e+05   3.3630371e+01
   8.8366400e+05   3.3569336e+01
   1.2913540e+06   3.2958984e+01
   1.3240690e+06   3.3142090e+01
   1.5074280e+06   3.3142090e+01
   1.5434440e+06   3.3386230e+01
   1.6462880e+06   3.3569336e+01
   2.4429020e+06   3.3325195e+01
   2.8558330e+06   3.6437988e+01
   3.2130590e+06   3.6560059e+01
   3.2942430e+06   3.3264160e+01
   3.4380830e+06   3.4423828e+01
   3.4742730e+06   3.3264160e+01
   3.5912380e+06   3.4729004e+01
   3.9097900e+06   3.2897949e+01
   3.9107320e+06   3.3996582e+01
   4.0232820e+06   3.6376953e+01
   4.1065610e+06   3.2897949e+01
   4.1681260e+06   3.4973145e+01
   4.6727730e+06   3.4301758e+01
   4.7494000e+06   3.8513184e+01
   4.8220030e+06   3.3081055e+01
   4.9083450e+06   3.6682129e+01
   5.0938930e+06   3.3508301e+01
   5.3595240e+06   3.3203125e+01
   5.4073420e+06   3.3020020e+01
   5.6395060e+06   3.4912109e+01
   5.8318120e+06   3.3203125e+01
   5.8332580e+06   3.8269043e+01
   5.8877630e+06   3.3630371e+01
   6.1643010e+06   3.5461426e+01
   6.4222760e+06   3.4667969e+01
   7.7608640e+06   3.6193848e+01
   7.7999290e+06   3.5766602e+01
   7.9403630e+06   3.5156250e+01
   8.0994230e+06   3.3081055e+01
   8.2220470e+06   3.4118652e+01
   8.2732830e+06   3.3020020e+01
   8.4682490e+06   3.3508301e+01
   8.7021450e+06   3.4484863e+01
