   8.9990000e+06   0.0000000e+00
   2.8872920e+06   4.0588379e+01
   4.6979280e+06   4.0100098e+01
   5.2087810e+06   4.0344238e+01
   5.4068820e+06   3.9978027e+01
   5.4560900e+06   3.9062500e+01
   5.8717830e+06   3.9123535e+01
   6.3844050e+06   3.9123535e+01
   6.5920780e+06   3.9550781e+01
   6.6073350e+06   3.9489746e+01
   6.7617080e+06   3.8879395e+01
   6.8794550e+06   3.9367676e+01
   7.0642370e+06   4.0283203e+01
   7.6170680e+06   3.9245605e+01
   8.1659950e+06   4.1748047e+01
   8.2741030e+06   3.9611816e+01
   8.3335990e+06   4.0039062e+01
   8.3550710e+06   4.2541504e+01
   8.7145830e+06   4.1625977e+01
