   8.9990000e+06   0.0000000e+00
   1.3640000e+04   4.0710449e+01
   1.4296000e+04   4.1625977e+01
   1.5076300e+05   4.1015625e+01
   1.7410100e+05   3.6865234e+01
   1.7612900e+05   3.8269043e+01
   2.1926900e+05   3.7109375e+01
   2.1942700e+05   4.3823242e+01
   2.2002700e+05   3.7719727e+01
   4.0123200e+05   3.8330078e+01
   4.9158400e+05   4.0466309e+01
   5.5898800e+05   4.0954590e+01
   5.5960300e+05   3.7475586e+01
   5.8370000e+05   3.7902832e+01
   5.8518900e+05   3.7292480e+01
   6.1981400e+05   3.8696289e+01
   8.2799400e+05   3.6499023e+01
   8.7105700e+05   3.6560059e+01
   8.7425300e+05   3.9978027e+01
   8.7576500e+05   4.3212891e+01
   8.9743100e+05   3.9672852e+01
   9.2946300e+05   3.9428711e+01
   1.2068270e+06   4.0710449e+01
   1.2215530e+06   4.2236328e+01
   1.2883330e+06   4.3334961e+01
   1.2890040e+06   3.9367676e+01
   1.3100760e+06   3.7597656e+01
   1.3654950e+06   3.6682129e+01
   1.6563290e+06   4.6264648e+01
   1.6565930e+06   3.6560059e+01
   1.6580680e+06   3.8574219e+01
   1.6763940e+06   4.1259766e+01
   1.8403930e+06   4.2602539e+01
   2.2084300e+06   4.1320801e+01
   2.2085800e+06   4.4677734e+01
   2.2086410e+06   4.4494629e+01
   2.2087540e+06   5.0781250e+01
   2.2285990e+06   3.7780762e+01
   2.2661140e+06   4.0100098e+01
   2.2665670e+06   3.9428711e+01
   3.2129960e+06   5.8715820e+01
   3.2131500e+06   3.6682129e+01
   3.2313690e+06   3.7231445e+01
   3.2317480e+06   4.0100098e+01
   3.2333490e+06   3.8452148e+01
   3.2341130e+06   3.7658691e+01
   3.9104150e+06   4.1015625e+01
   3.9104300e+06   6.4697266e+01
   3.9107050e+06   4.8034668e+01
   3.9426260e+06   4.2602539e+01
   4.5108680e+06   4.5898438e+01
   4.5282680e+06   3.6743164e+01
   4.5285320e+06   3.6865234e+01
   4.5300480e+06   3.6499023e+01
   4.5756150e+06   3.7353516e+01
   4.6163470e+06   3.6499023e+01
   4.9958340e+06   3.8391113e+01
   4.9960160e+06   4.0405273e+01
   4.9961490e+06   4.1503906e+01
   4.9963850e+06   4.5776367e+01
   4.9994140e+06   4.1687012e+01
   5.0139710e+06   4.2114258e+01
   5.0159310e+06   3.6926270e+01
   5.4064970e+06   4.6997070e+01
   5.4067810e+06   4.2724609e+01
   5.4068390e+06   3.7963867e+01
   5.4072850e+06   5.1330566e+01
   5.4076180e+06   3.7292480e+01
   5.4313790e+06   3.8818359e+01
   5.4358290e+06   3.8940430e+01
   5.4568800e+06   4.6691895e+01
   5.8323650e+06   3.7109375e+01
   5.8329170e+06   4.1198730e+01
   5.8333560e+06   3.7658691e+01
   5.8511480e+06   3.8818359e+01
   5.8526280e+06   3.8330078e+01
   5.8529390e+06   4.1381836e+01
   5.8532910e+06   3.8940430e+01
   5.8844680e+06   3.7414551e+01
   6.5451520e+06   4.2236328e+01
   6.5453000e+06   3.7719727e+01
   6.5455730e+06   3.7231445e+01
   6.5456300e+06   5.1391602e+01
   6.5457730e+06   3.6926270e+01
   6.5601970e+06   3.7658691e+01
   6.5612380e+06   3.7902832e+01
   6.5902730e+06   3.9245605e+01
   6.9659730e+06   3.6804199e+01
   6.9843220e+06   3.6865234e+01
   7.0633690e+06   3.8208008e+01
   7.0637720e+06   4.0832520e+01
   7.0638070e+06   5.5725098e+01
   7.0639620e+06   4.0588379e+01
   7.0803630e+06   3.8085938e+01
   7.1153930e+06   4.6447754e+01
   7.1154540e+06   3.7231445e+01
   7.4159910e+06   3.6987305e+01
   7.4604300e+06   4.2968750e+01
   7.4609800e+06   3.7170410e+01
   7.4612200e+06   3.6743164e+01
   7.4612650e+06   3.7597656e+01
   7.7994020e+06   4.5227051e+01
   7.7995360e+06   3.6682129e+01
   7.7996800e+06   4.0954590e+01
   7.8001000e+06   3.6926270e+01
   7.8166480e+06   3.6743164e+01
   7.8178950e+06   4.0588379e+01
   7.8482960e+06   3.7780762e+01
   7.8485980e+06   4.0466309e+01
   7.8489030e+06   3.6926270e+01
   7.8499850e+06   3.8818359e+01
   7.9022520e+06   3.8513184e+01
   8.0985410e+06   3.7170410e+01
   8.0991500e+06   3.6987305e+01
   8.0998290e+06   3.7902832e+01
   8.1212550e+06   4.3395996e+01
   8.1222580e+06   4.0527344e+01
   8.2731210e+06   3.8024902e+01
   8.2731610e+06   5.4931641e+01
   8.2733620e+06   3.8452148e+01
   8.2734560e+06   3.8574219e+01
   8.2980190e+06   4.1137695e+01
   8.3539620e+06   3.8330078e+01
   8.6508340e+06   4.1198730e+01
   8.6902950e+06   5.1635742e+01
   8.6905090e+06   3.7719727e+01
   8.6910880e+06   3.8635254e+01
   8.7152180e+06   4.1198730e+01
   8.7154730e+06   3.8452148e+01
   8.7406740e+06   3.8085938e+01
   8.7451180e+06   3.8574219e+01
