   8.9990000e+06   0.0000000e+00
   3.5624000e+04   1.2695312e+02
   4.5621000e+04   1.2365723e+02
   4.5824000e+04   8.3374023e+01
   4.5970000e+04   5.2368164e+01
   5.6514000e+04   1.1413574e+02
   8.0398000e+04   1.1425781e+02
   8.0593000e+04   9.2102051e+01
   8.0763000e+04   4.5959473e+01
   1.1105000e+05   1.2854004e+02
   1.1133500e+05   9.6435547e+01
   1.1151400e+05   6.2866211e+01
   1.2723600e+05   1.1083984e+02
   1.5911700e+05   1.1602783e+02
   1.6870700e+05   1.0577393e+02
   1.8080800e+05   1.1853027e+02
   1.8095700e+05   7.3486328e+01
   1.9423800e+05   1.2023926e+02
   2.1128900e+05   1.2597656e+02
   2.1221700e+05   1.0021973e+02
   2.4152100e+05   1.2145996e+02
   2.6695300e+05   1.1248779e+02
   2.6766000e+05   1.0852051e+02
   2.6785200e+05   7.9711914e+01
   2.9174900e+05   1.1419678e+02
   2.9196300e+05   1.0327148e+02
   2.9212300e+05   7.0495605e+01
   3.1183800e+05   1.1303711e+02
   3.2042400e+05   1.1907959e+02
   3.2100000e+05   1.0479736e+02
   3.2862300e+05   1.1578369e+02
   3.4899400e+05   1.2103271e+02
   3.7044100e+05   1.3323975e+02
   3.7072700e+05   1.0028076e+02
   3.7081600e+05   3.9855957e+01
   3.9977100e+05   1.1090088e+02
   3.9993000e+05   8.8806152e+01
   4.2709300e+05   1.1358643e+02
   4.2770500e+05   1.0333252e+02
   4.2780700e+05   4.3273926e+01
   4.4489400e+05   1.1920166e+02
   4.5257800e+05   1.2658691e+02
   4.7280500e+05   1.1975098e+02
   4.7294400e+05   9.3750000e+01
   4.8224900e+05   1.2689209e+02
   4.8253800e+05   9.5275879e+01
   4.8293700e+05   7.1411133e+01
   5.1251900e+05   1.1450195e+02
   5.1589200e+05   3.9306641e+01
   5.2295100e+05   1.2475586e+02
   5.2312000e+05   9.1979980e+01
   5.2353300e+05   9.5397949e+01
   5.4552700e+05   1.1413574e+02
   5.5950700e+05   1.2030029e+02
   5.7049000e+05   1.1968994e+02
   5.7081600e+05   1.1016846e+02
   5.9625700e+05   1.1163330e+02
   5.9642700e+05   8.6791992e+01
   5.9661400e+05   5.2246094e+01
   6.0507600e+05   1.1395264e+02
   6.2014700e+05   1.1462402e+02
   6.3055800e+05   1.1492920e+02
   6.3724200e+05   1.1810303e+02
   6.3744400e+05   8.7341309e+01
   6.3754600e+05   4.1687012e+01
   6.7053700e+05   1.2103271e+02
   6.7073400e+05   1.0717773e+02
   6.7089000e+05   6.0485840e+01
   6.9406600e+05   1.1309814e+02
   6.9912000e+05   1.2487793e+02
   7.2559800e+05   1.1584473e+02
   7.2584100e+05   1.0485840e+02
   7.2597000e+05   5.6457520e+01
   7.4898100e+05   1.2274170e+02
   7.7058300e+05   1.2536621e+02
   7.7093300e+05   1.0418701e+02
   7.7108200e+05   7.4462891e+01
   7.9602500e+05   1.2316895e+02
   8.0239100e+05   1.0729980e+02
   8.0320400e+05   1.0681152e+02
   8.0338800e+05   7.9345703e+01
   8.1425100e+05   1.1260986e+02
   8.3407600e+05   1.1523438e+02
   8.3707500e+05   1.1334229e+02
   8.5394600e+05   1.1279297e+02
   8.5411700e+05   9.1003418e+01
   8.7292300e+05   1.2438965e+02
   8.7316500e+05   1.0699463e+02
   8.7348700e+05   8.3312988e+01
   8.9657900e+05   1.1328125e+02
   8.9696900e+05   9.4909668e+01
   9.1080000e+05   1.1627197e+02
   9.1108200e+05   9.7106934e+01
   9.4051700e+05   1.2286377e+02
   9.4174000e+05   1.0058594e+02
   9.4184400e+05   7.0190430e+01
   9.8376200e+05   1.2835693e+02
   9.8398800e+05   1.0595703e+02
   9.8419800e+05   8.0383301e+01
   1.0009810e+06   1.1639404e+02
   1.0012350e+06   1.0614014e+02
   1.0013860e+06   4.9011230e+01
   1.0018190e+06   6.6772461e+01
   1.0334840e+06   1.2622070e+02
   1.0347550e+06   9.8205566e+01
   1.0350050e+06   7.2631836e+01
   1.0353820e+06   4.2114258e+01
   1.0476150e+06   1.1151123e+02
   1.0605020e+06   1.2860107e+02
   1.0609410e+06   9.8632812e+01
   1.0611000e+06   5.3283691e+01
   1.1114810e+06   1.1187744e+02
   1.1115760e+06   6.3537598e+01
   1.1386850e+06   1.2896729e+02
   1.1388940e+06   9.1430664e+01
   1.1390710e+06   5.9020996e+01
   1.1614130e+06   1.1993408e+02
   1.1897420e+06   1.3647461e+02
   1.1900010e+06   1.1920166e+02
   1.1901820e+06   8.9050293e+01
   1.1985580e+06   1.1224365e+02
   1.2017080e+06   6.3415527e+01
   1.2074810e+06   1.1285400e+02
   1.2077180e+06   9.9670410e+01
   1.2078470e+06   4.8156738e+01
   1.2410230e+06   1.1437988e+02
   1.2413110e+06   1.0705566e+02
   1.2414680e+06   6.8664551e+01
   1.2647550e+06   1.1944580e+02
   1.2681570e+06   1.1138916e+02
   1.2682970e+06   8.6608887e+01
   1.2684200e+06   4.2724609e+01
   1.2893680e+06   4.1687012e+01
   1.2988990e+06   1.2249756e+02
   1.2991470e+06   1.0546875e+02
   1.2994730e+06   7.6354980e+01
   1.3274360e+06   1.0791016e+02
   1.3721270e+06   1.1962891e+02
   1.3817500e+06   1.2573242e+02
   1.3819560e+06   1.0906982e+02
   1.4089130e+06   1.1828613e+02
   1.4090900e+06   9.4543457e+01
   1.4129600e+06   4.0405273e+01
   1.4242540e+06   1.2091064e+02
   1.4243990e+06   9.7656250e+01
   1.4455540e+06   1.2365723e+02
   1.4611900e+06   1.2335205e+02
   1.4758360e+06   1.0705566e+02
   1.4850470e+06   1.2335205e+02
   1.4984820e+06   1.2652588e+02
   1.5029210e+06   1.3256836e+02
   1.5031560e+06   1.1138916e+02
   1.5040380e+06   8.6547852e+01
   1.5043100e+06   7.5378418e+01
   1.5147300e+06   1.1810303e+02
   1.5347370e+06   1.3183594e+02
   1.5350840e+06   9.7167969e+01
   1.5353510e+06   8.6791992e+01
   1.5580240e+06   4.1992188e+01
   1.5655580e+06   1.2176514e+02
   1.5720940e+06   1.2103271e+02
   1.5722700e+06   1.0931396e+02
   1.5724270e+06   5.9265137e+01
   1.5863530e+06   1.1462402e+02
   1.5864720e+06   7.8125000e+01
   1.5870250e+06   8.9355469e+01
   1.6112150e+06   1.2133789e+02
   1.6199860e+06   1.2048340e+02
   1.6351530e+06   1.1401367e+02
   1.6353360e+06   9.2468262e+01
   1.6383650e+06   1.1517334e+02
   1.6384990e+06   7.8735352e+01
   1.6396860e+06   5.4138184e+01
   1.6512020e+06   1.1700439e+02
   1.6514930e+06   9.3505859e+01
   1.6517840e+06   8.0139160e+01
   1.6731210e+06   1.1944580e+02
   1.6733010e+06   1.0107422e+02
   1.6734620e+06   6.5856934e+01
   1.6738840e+06   8.1665039e+01
   1.6870470e+06   1.2237549e+02
   1.6968100e+06   1.1956787e+02
   1.7111370e+06   1.1090088e+02
   1.7203110e+06   1.1700439e+02
   1.7329090e+06   1.2445068e+02
   1.7334120e+06   1.1444092e+02
   1.7335820e+06   7.9101562e+01
   1.7751180e+06   1.2542725e+02
   1.7782810e+06   1.1865234e+02
   1.7927440e+06   1.1907959e+02
   1.7968480e+06   1.1096191e+02
   1.8108210e+06   1.2640381e+02
   1.8109740e+06   1.1242676e+02
   1.8111290e+06   7.1533203e+01
   1.8342030e+06   1.1834717e+02
   1.8345470e+06   1.1248779e+02
   1.8357370e+06   1.1157227e+02
   1.8359280e+06   7.6660156e+01
   1.8569920e+06   1.2866211e+02
   1.8662670e+06   1.1401367e+02
   1.8663970e+06   8.4716797e+01
   1.8665500e+06   4.0832520e+01
   1.8747820e+06   4.1992188e+01
   1.8884220e+06   4.1931152e+01
   1.8999030e+06   1.2762451e+02
   1.9001610e+06   1.1065674e+02
   1.9093040e+06   1.1059570e+02
   1.9094250e+06   6.6284180e+01
   1.9372110e+06   1.2170410e+02
   1.9373880e+06   1.0510254e+02
   1.9376500e+06   7.4035645e+01
   1.9426960e+06   9.4543457e+01
   1.9429000e+06   8.5327148e+01
   1.9430520e+06   4.4982910e+01
   1.9589510e+06   1.1724854e+02
   1.9591320e+06   8.5266113e+01
   1.9592680e+06   3.9916992e+01
   1.9835580e+06   1.1639404e+02
   1.9837920e+06   9.5886230e+01
   2.0067910e+06   1.2341309e+02
   2.0072650e+06   1.0675049e+02
   2.0074580e+06   7.4523926e+01
   2.0076210e+06   4.3945312e+01
   2.0327150e+06   1.2512207e+02
   2.0381820e+06   1.2060547e+02
   2.0384140e+06   9.4787598e+01
   2.0385330e+06   6.0607910e+01
   2.0550030e+06   1.1865234e+02
   2.0551140e+06   8.2580566e+01
   2.0552980e+06   4.7180176e+01
   2.0559990e+06   6.8298340e+01
   2.0571770e+06   4.2968750e+01
   2.0620200e+06   3.9245605e+01
   2.0658880e+06   1.1566162e+02
   2.0660720e+06   8.6059570e+01
   2.0793630e+06   1.1407471e+02
   2.0892930e+06   1.0809326e+02
   2.0915320e+06   4.9682617e+01
   2.0991850e+06   1.1267090e+02
   2.1050090e+06   1.1437988e+02
   2.1215130e+06   1.3085938e+02
   2.1218980e+06   1.1230469e+02
   2.1397870e+06   1.1450195e+02
   2.1400320e+06   9.2163086e+01
   2.1401570e+06   4.4311523e+01
   2.1564720e+06   4.8522949e+01
   2.1706870e+06   1.1041260e+02
   2.1709200e+06   9.3811035e+01
   2.1712370e+06   8.8134766e+01
   2.1868200e+06   1.1584473e+02
   2.2090540e+06   1.2908936e+02
   2.2093350e+06   1.0382080e+02
   2.2098960e+06   9.6740723e+01
   2.2197400e+06   1.2384033e+02
   2.2204000e+06   1.0717773e+02
   2.2205770e+06   7.6782227e+01
   2.2274050e+06   3.9367676e+01
   2.2436770e+06   1.1968994e+02
   2.2443810e+06   1.1071777e+02
   2.2446100e+06   9.1491699e+01
   2.2448590e+06   4.8522949e+01
   2.2654050e+06   1.2243652e+02
   2.2655710e+06   1.0217285e+02
   2.2657330e+06   5.9387207e+01
   2.2772180e+06   1.2109375e+02
   2.2857930e+06   1.2658691e+02
   2.2954070e+06   1.1975098e+02
   2.2955680e+06   9.1186523e+01
   2.3049740e+06   1.1560059e+02
   2.3055080e+06   1.0656738e+02
   2.3056400e+06   5.4443359e+01
   2.3339740e+06   4.2724609e+01
   2.3393290e+06   1.2103271e+02
   2.3536840e+06   1.2707520e+02
   2.3554560e+06   1.1663818e+02
   2.3683420e+06   4.0649414e+01
   2.3734530e+06   1.2670898e+02
   2.3735710e+06   8.7829590e+01
   2.3737360e+06   6.6467285e+01
   2.3905470e+06   1.2402344e+02
   2.3907870e+06   1.0058594e+02
   2.3909070e+06   4.7973633e+01
   2.3914720e+06   5.8410645e+01
   2.4266010e+06   1.2414551e+02
   2.4267510e+06   8.8256836e+01
   2.4268840e+06   4.6630859e+01
   2.4501480e+06   1.2713623e+02
   2.4505510e+06   1.0131836e+02
   2.4506770e+06   6.2805176e+01
   2.4692820e+06   1.1901855e+02
   2.4838180e+06   1.1291504e+02
   2.4898740e+06   5.6884766e+01
   2.4979720e+06   1.0906982e+02
   2.4981850e+06   9.5642090e+01
   2.5149360e+06   1.2152100e+02
   2.5151450e+06   9.8022461e+01
   2.5252170e+06   1.1755371e+02
   2.5254260e+06   9.2163086e+01
   2.5255750e+06   5.3588867e+01
   2.5459030e+06   1.1419678e+02
   2.5460790e+06   9.9853516e+01
   2.5520270e+06   1.1804199e+02
   2.5521970e+06   8.4655762e+01
   2.5566020e+06   1.0815430e+02
   2.5715340e+06   9.9792480e+01
   2.5717540e+06   8.9538574e+01
   2.5841570e+06   5.3771973e+01
   2.5953430e+06   1.0150146e+02
   2.5956550e+06   1.1267090e+02
   2.5957880e+06   6.7565918e+01
   2.5962910e+06   9.4238281e+01
   2.6158710e+06   4.8461914e+01
   2.6201550e+06   1.1938477e+02
   2.6264210e+06   1.2677002e+02
   2.6313350e+06   1.1291504e+02
   2.6333150e+06   1.0955811e+02
   2.6336660e+06   9.1491699e+01
   2.6579330e+06   1.2414551e+02
   2.6581660e+06   9.5092773e+01
   2.6583190e+06   5.2673340e+01
   2.6817930e+06   1.1352539e+02
   2.6886750e+06   1.1511230e+02
   2.6909830e+06   1.2390137e+02
   2.7029130e+06   1.2933350e+02
   2.7030360e+06   9.0942383e+01
   2.7264010e+06   1.3195801e+02
   2.7266570e+06   1.0070801e+02
   2.7416850e+06   1.2463379e+02
   2.7418460e+06   9.6252441e+01
   2.7516470e+06   4.0161133e+01
   2.7627540e+06   1.1462402e+02
   2.7629060e+06   8.5815430e+01
   2.7704060e+06   4.1137695e+01
   2.8020210e+06   1.1639404e+02
   2.8021260e+06   7.1777344e+01
   2.8022130e+06   4.5104980e+01
   2.8087650e+06   4.0893555e+01
   2.8099400e+06   3.9916992e+01
   2.8185990e+06   1.2298584e+02
   2.8335910e+06   1.1608887e+02
   2.8373400e+06   1.2921143e+02
   2.8457950e+06   1.1279297e+02
   2.8459150e+06   1.0083008e+02
   2.8650550e+06   1.2524414e+02
   2.8652660e+06   9.1430664e+01
   2.8654610e+06   6.8115234e+01
   2.8659640e+06   7.1777344e+01
   2.8942120e+06   5.7922363e+01
   2.8951290e+06   1.1529541e+02
   2.8954230e+06   9.3750000e+01
   2.8955790e+06   5.2795410e+01
   2.9306040e+06   1.2774658e+02
   2.9307590e+06   5.9387207e+01
   2.9309590e+06   8.1481934e+01
   2.9451550e+06   1.1041260e+02
   2.9452870e+06   9.3627930e+01
   2.9454090e+06   6.3720703e+01
   2.9743880e+06   1.1828613e+02
   2.9744890e+06   8.3679199e+01
   2.9746330e+06   6.3110352e+01
   2.9939550e+06   1.1364746e+02
   2.9994810e+06   1.3195801e+02
   3.0004620e+06   9.8937988e+01
   3.0007470e+06   8.1909180e+01
   3.0020160e+06   5.3344727e+01
   3.0161180e+06   1.1541748e+02
   3.0548400e+06   1.1816406e+02
   3.0549750e+06   9.0332031e+01
   3.0551930e+06   8.0078125e+01
   3.0561100e+06   8.1054688e+01
   3.0701510e+06   1.0736084e+02
   3.0703000e+06   1.0144043e+02
   3.0705450e+06   7.3669434e+01
   3.0737880e+06   9.7229004e+01
   3.0807840e+06   1.1145020e+02
   3.0883070e+06   4.6813965e+01
   3.1018590e+06   1.1108398e+02
   3.1066520e+06   1.1822510e+02
   3.1069080e+06   9.5764160e+01
   3.1070560e+06   5.2429199e+01
   3.1148960e+06   1.1773682e+02
   3.1459340e+06   1.1883545e+02
   3.1461430e+06   1.0333252e+02
   3.1590940e+06   4.0405273e+01
   3.1612670e+06   1.3092041e+02
   3.1699950e+06   1.1755371e+02
   3.1701850e+06   9.3200684e+01
   3.1703010e+06   4.3579102e+01
   3.1920970e+06   1.3903809e+02
   3.1924460e+06   1.0815430e+02
   3.1957310e+06   1.1187744e+02
   3.2234380e+06   1.2219238e+02
   3.2235340e+06   7.8796387e+01
   3.2236290e+06   4.0344238e+01
   3.2309820e+06   5.3771973e+01
   3.2378790e+06   1.1389160e+02
   3.2503050e+06   1.2188721e+02
   3.2506100e+06   9.2651367e+01
   3.2581930e+06   1.2011719e+02
   3.2583160e+06   7.3242188e+01
   3.2584300e+06   4.5959473e+01
   3.2960490e+06   1.1712646e+02
   3.2961340e+06   8.3007812e+01
   3.3024030e+06   5.0476074e+01
   3.3253180e+06   1.2268066e+02
   3.3255180e+06   9.7290039e+01
   3.3257190e+06   6.9335938e+01
   3.3392740e+06   1.3757324e+02
   3.3394980e+06   1.0296631e+02
   3.3558980e+06   1.2988281e+02
   3.3560040e+06   4.9438477e+01
   3.3562540e+06   8.9721680e+01
   3.3605350e+06   9.9548340e+01
   3.3606850e+06   8.2702637e+01
   3.4029800e+06   1.2213135e+02
   3.4173890e+06   1.1828613e+02
   3.4233840e+06   1.1529541e+02
   3.4235120e+06   9.9304199e+01
   3.4428490e+06   1.1193848e+02
   3.4431530e+06   1.0064697e+02
   3.4694000e+06   3.9245605e+01
   3.4696630e+06   1.1926270e+02
   3.4698490e+06   1.0211182e+02
   3.4975810e+06   1.3110352e+02
   3.4977330e+06   1.0986328e+02
   3.4978210e+06   4.3273926e+01
   3.5098280e+06   1.1456299e+02
   3.5234070e+06   4.0161133e+01
   3.5321180e+06   8.1481934e+01
   3.5323360e+06   8.7768555e+01
   3.5324290e+06   4.0527344e+01
   3.5802980e+06   1.3238525e+02
   3.5813510e+06   1.1230469e+02
   3.6089260e+06   1.1077881e+02
   3.6306030e+06   1.2817383e+02
   3.6308570e+06   7.4401855e+01
   3.6309550e+06   4.2053223e+01
   3.6530190e+06   1.2762451e+02
   3.6533440e+06   1.1004639e+02
   3.6669470e+06   1.2506104e+02
   3.6672170e+06   1.0150146e+02
   3.6678770e+06   1.0449219e+02
   3.6680240e+06   5.2246094e+01
   3.7254480e+06   1.3079834e+02
   3.7255950e+06   9.3200684e+01
   3.7380800e+06   1.2896729e+02
   3.7386000e+06   1.0449219e+02
   3.7527580e+06   1.1297607e+02
   3.7542740e+06   1.0955811e+02
   3.7544380e+06   8.1481934e+01
   3.7546340e+06   6.4270020e+01
   3.7717370e+06   1.2957764e+02
   3.7720070e+06   9.8571777e+01
   3.7795960e+06   1.1926270e+02
   3.7981630e+06   1.1712646e+02
   3.7986570e+06   1.1273193e+02
   3.7987570e+06   5.2734375e+01
   3.8158820e+06   1.2573242e+02
   3.8239970e+06   1.1053467e+02
   3.8436840e+06   1.2945557e+02
   3.8438140e+06   7.3364258e+01
   3.8574990e+06   1.1816406e+02
   3.8714610e+06   5.7189941e+01
   3.8810750e+06   1.1523438e+02
   3.8812420e+06   9.4909668e+01
   3.8813560e+06   4.2846680e+01
   3.8855610e+06   1.1340332e+02
   3.8856940e+06   7.5500488e+01
   3.9051700e+06   1.1962891e+02
   3.9053520e+06   8.3312988e+01
   3.9054700e+06   4.7241211e+01
   3.9057290e+06   6.8786621e+01
   3.9493820e+06   1.2207031e+02
   3.9526760e+06   1.1236572e+02
   3.9528010e+06   1.0766602e+02
   3.9833140e+06   1.2463379e+02
   3.9836640e+06   1.0211182e+02
   3.9837650e+06   5.7983398e+01
   4.0336130e+06   1.2469482e+02
   4.0339840e+06   1.1444092e+02
   4.0342700e+06   1.0266113e+02
   4.0517400e+06   1.3165283e+02
   4.0520620e+06   1.1389160e+02
   4.0521940e+06   6.6650391e+01
   4.0523730e+06   4.0344238e+01
   4.0828450e+06   1.1993408e+02
   4.0831930e+06   9.7106934e+01
   4.0834190e+06   7.1289062e+01
   4.0953130e+06   1.2847900e+02
   4.0957480e+06   1.0192871e+02
   4.0959600e+06   8.9172363e+01
   4.1063930e+06   1.1901855e+02
   4.1066020e+06   1.0754395e+02
   4.1067730e+06   6.3964844e+01
   4.1253450e+06   1.2829590e+02
   4.1255230e+06   1.1364746e+02
   4.1256960e+06   8.5571289e+01
   4.1263080e+06   4.6508789e+01
   4.1662990e+06   1.3421631e+02
   4.1664730e+06   1.0327148e+02
   4.1665840e+06   5.1635742e+01
   4.1822580e+06   1.2176514e+02
   4.2019310e+06   1.2109375e+02
   4.2102340e+06   1.1926270e+02
   4.2106380e+06   1.0607910e+02
   4.2107780e+06   5.1574707e+01
   4.2180750e+06   5.7128906e+01
   4.2249260e+06   1.1737061e+02
   4.2251140e+06   9.9365234e+01
   4.2252000e+06   5.0598145e+01
   4.2346510e+06   1.2091064e+02
   4.2429600e+06   1.2243652e+02
   4.2531210e+06   1.2701416e+02
   4.2656280e+06   5.5053711e+01
   4.2734940e+06   1.2432861e+02
   4.2737860e+06   1.1285400e+02
   4.2738970e+06   5.3894043e+01
   4.3008580e+06   4.3945312e+01
   4.3071830e+06   1.2084961e+02
   4.3073290e+06   1.0815430e+02
   4.3074610e+06   6.5734863e+01
   4.3079240e+06   3.9794922e+01
   4.3231200e+06   4.2053223e+01
   4.3276020e+06   1.2072754e+02
   4.3409840e+06   1.2139893e+02
   4.3631730e+06   1.3159180e+02
   4.3632150e+06   5.9204102e+01
   4.3649190e+06   1.1700439e+02
   4.3759790e+06   1.1730957e+02
   4.3761270e+06   8.4472656e+01
   4.3768750e+06   7.1838379e+01
   4.4143380e+06   1.2158203e+02
   4.4193660e+06   1.2530518e+02
   4.4195630e+06   1.1322021e+02
   4.4196650e+06   3.9611816e+01
   4.4316430e+06   1.1859131e+02
   4.4318240e+06   8.5388184e+01
   4.4319280e+06   4.7668457e+01
   4.4321130e+06   4.0039062e+01
   4.4524250e+06   5.5297852e+01
   4.4635630e+06   1.3610840e+02
   4.4637650e+06   1.0748291e+02
   4.4740360e+06   1.3018799e+02
   4.4745910e+06   1.1462402e+02
   4.4747170e+06   6.8115234e+01
   4.4748870e+06   4.3518066e+01
   4.4921960e+06   1.1419678e+02
   4.4923660e+06   8.3923340e+01
   4.5224450e+06   1.3476562e+02
   4.5230010e+06   1.0211182e+02
   4.5231190e+06   6.0302734e+01
   4.5425020e+06   5.3894043e+01
   4.5432420e+06   4.3884277e+01
   4.5771280e+06   1.1907959e+02
   4.5773570e+06   9.5397949e+01
   4.5945990e+06   9.5397949e+01
   4.5954810e+06   6.2316895e+01
   4.6069050e+06   1.2646484e+02
   4.6072570e+06   1.1419678e+02
   4.6074820e+06   8.8745117e+01
   4.6163320e+06   4.2907715e+01
   4.6263800e+06   5.7006836e+01
   4.6387660e+06   1.2249756e+02
   4.6609800e+06   1.2542725e+02
   4.6620010e+06   1.1297607e+02
   4.6621740e+06   7.7453613e+01
   4.6789550e+06   1.2988281e+02
   4.6790650e+06   9.5336914e+01
   4.6945360e+06   1.1364746e+02
   4.7004160e+06   1.2017822e+02
   4.7132350e+06   1.2463379e+02
   4.7176130e+06   5.0903320e+01
   4.7344980e+06   1.1828613e+02
   4.7347350e+06   1.0223389e+02
   4.7348190e+06   4.2358398e+01
   4.7421380e+06   1.2402344e+02
   4.7424140e+06   1.0369873e+02
   4.7425880e+06   6.4086914e+01
   4.7547350e+06   1.1505127e+02
   4.7550150e+06   1.0107422e+02
   4.7551450e+06   5.0903320e+01
   4.7610210e+06   4.2053223e+01
   4.7792860e+06   1.2805176e+02
   4.7932260e+06   1.1419678e+02
   4.8052500e+06   1.0955811e+02
   4.8129090e+06   1.1676025e+02
   4.8130850e+06   8.9111328e+01
   4.8310150e+06   1.2078857e+02
   4.8407580e+06   4.0588379e+01
   4.8500970e+06   1.2792969e+02
   4.8502720e+06   9.3566895e+01
   4.8553910e+06   5.4199219e+01
   4.8695480e+06   1.2347412e+02
   4.8696640e+06   9.7961426e+01
   4.8697690e+06   5.5908203e+01
   4.8777170e+06   1.1138916e+02
   4.8994470e+06   1.2445068e+02
   4.9007460e+06   4.0771484e+01
   4.9161290e+06   1.1688232e+02
   4.9164570e+06   1.0455322e+02
   4.9165910e+06   5.3649902e+01
   4.9441910e+06   1.1566162e+02
   4.9453920e+06   1.1151123e+02
   4.9456410e+06   9.6130371e+01
   4.9458160e+06   6.8725586e+01
   4.9693730e+06   1.2347412e+02
   4.9695540e+06   9.1979980e+01
   4.9698710e+06   9.0454102e+01
   4.9746800e+06   5.6335449e+01
   4.9892390e+06   1.1932373e+02
   4.9894810e+06   1.0076904e+02
   4.9953340e+06   1.3140869e+02
   4.9954590e+06   9.2163086e+01
   5.0281010e+06   4.6142578e+01
   5.0413280e+06   4.5166016e+01
   5.0425070e+06   1.2530518e+02
   5.0427010e+06   1.0272217e+02
   5.0428120e+06   5.3344727e+01
   5.0672230e+06   1.2091064e+02
   5.0674180e+06   1.0980225e+02
   5.0675860e+06   6.6162109e+01
   5.0827120e+06   1.1627197e+02
   5.0829790e+06   1.0223389e+02
   5.1083070e+06   1.1535645e+02
   5.1084250e+06   8.7707520e+01
   5.1085260e+06   4.3457031e+01
   5.1256220e+06   1.2963867e+02
   5.1257940e+06   1.0888672e+02
   5.1259100e+06   4.9194336e+01
   5.1434740e+06   1.1737061e+02
   5.1436240e+06   9.7839355e+01
   5.1437300e+06   6.1828613e+01
   5.1442430e+06   4.9804688e+01
   5.1501230e+06   4.7302246e+01
   5.1624560e+06   1.1621094e+02
   5.1786380e+06   1.2945557e+02
   5.1789230e+06   1.0760498e+02
   5.1790870e+06   7.6232910e+01
   5.2043060e+06   1.2524414e+02
   5.2045610e+06   1.1108398e+02
   5.2046830e+06   5.4931641e+01
   5.2052020e+06   5.1574707e+01
   5.2067410e+06   5.7373047e+01
   5.2331880e+06   1.2786865e+02
   5.2335640e+06   1.1486816e+02
   5.2336400e+06   4.4860840e+01
   5.2455260e+06   3.9489746e+01
   5.2536390e+06   1.1743164e+02
   5.2626590e+06   1.1608887e+02
   5.2662280e+06   1.1346436e+02
   5.2814060e+06   1.1724854e+02
   5.2929310e+06   1.2921143e+02
   5.2985030e+06   4.5898438e+01
   5.3056470e+06   1.1651611e+02
   5.3276750e+06   1.3623047e+02
   5.3278430e+06   9.7839355e+01
   5.3280370e+06   8.0200195e+01
   5.3461070e+06   1.2908936e+02
   5.3463140e+06   1.0101318e+02
   5.3465860e+06   8.7341309e+01
   5.3598900e+06   1.2084961e+02
   5.3600040e+06   8.6181641e+01
   5.3601470e+06   7.5622559e+01
   5.3602810e+06   4.3273926e+01
   5.3638080e+06   3.9733887e+01
   5.3870780e+06   1.2988281e+02
   5.3904850e+06   4.0527344e+01
   5.4001130e+06   1.1450195e+02
   5.4048610e+06   1.2322998e+02
   5.4051280e+06   1.0357666e+02
   5.4052320e+06   4.2724609e+01
   5.4219620e+06   1.3195801e+02
   5.4221360e+06   9.9975586e+01
   5.4222680e+06   6.3476562e+01
   5.4345410e+06   1.2219238e+02
   5.4347480e+06   1.0272217e+02
   5.4457830e+06   1.3641357e+02
   5.4461770e+06   1.0180664e+02
   5.4532360e+06   1.1663818e+02
   5.4534320e+06   9.3322754e+01
   5.4625190e+06   1.1755371e+02
   5.4790640e+06   5.1513672e+01
   5.4902510e+06   1.2237549e+02
   5.4905380e+06   9.8327637e+01
   5.4906410e+06   4.2175293e+01
   5.4912430e+06   5.4870605e+01
   5.5153670e+06   1.2329102e+02
   5.5155160e+06   9.5825195e+01
   5.5161720e+06   5.7983398e+01
   5.5246520e+06   4.2114258e+01
   5.5313770e+06   1.2365723e+02
   5.5346520e+06   4.1076660e+01
   5.5406530e+06   1.1718750e+02
   5.5407760e+06   9.5214844e+01
   5.5408740e+06   4.0832520e+01
   5.5479210e+06   4.3029785e+01
   5.5510950e+06   1.3201904e+02
   5.5513340e+06   1.0852051e+02
   5.5580830e+06   1.1132812e+02
   5.5584260e+06   1.1822510e+02
   5.5586350e+06   7.5500488e+01
   5.5745380e+06   1.1712646e+02
   5.5762040e+06   4.8461914e+01
   5.5773950e+06   1.1987305e+02
   5.5777080e+06   9.7473145e+01
   5.5780240e+06   7.5744629e+01
   5.5804870e+06   4.0405273e+01
   5.6084110e+06   1.2188721e+02
   5.6086690e+06   1.0467529e+02
   5.6142020e+06   4.4738770e+01
   5.6298380e+06   1.2786865e+02
   5.6301580e+06   1.0083008e+02
   5.6304570e+06   8.3923340e+01
   5.6398390e+06   4.3945312e+01
   5.6516490e+06   1.1682129e+02
   5.6517860e+06   8.0688477e+01
   5.6520240e+06   7.4462891e+01
   5.6764180e+06   1.2530518e+02
   5.6766290e+06   1.0473633e+02
   5.6782180e+06   3.9916992e+01
   5.6944170e+06   1.2689209e+02
   5.6945780e+06   1.0046387e+02
   5.7114870e+06   1.1267090e+02
   5.7117590e+06   9.3688965e+01
   5.7118880e+06   4.1015625e+01
   5.7366270e+06   1.3092041e+02
   5.7368210e+06   4.9438477e+01
   5.7372620e+06   9.6191406e+01
   5.7470640e+06   4.3640137e+01
   5.7475530e+06   4.8645020e+01
   5.7517440e+06   1.2731934e+02
   5.7576870e+06   1.1785889e+02
   5.7578420e+06   8.5510254e+01
   5.7579690e+06   4.4921875e+01
   5.7773930e+06   4.5043945e+01
   5.7826060e+06   1.2200928e+02
   5.7828700e+06   1.1285400e+02
   5.7832420e+06   9.0209961e+01
   5.7834050e+06   4.0100098e+01
   5.7842170e+06   3.9550781e+01
   5.8091290e+06   1.3073730e+02
   5.8141720e+06   1.1297607e+02
   5.8143620e+06   9.9487305e+01
   5.8242770e+06   1.1926270e+02
   5.8372670e+06   1.1456299e+02
   5.8375640e+06   1.0717773e+02
   5.8379430e+06   8.1481934e+01
   5.8496420e+06   5.0170898e+01
   5.8575660e+06   1.2097168e+02
   5.8577470e+06   8.9172363e+01
   5.8629630e+06   4.0710449e+01
   5.8717120e+06   1.1999512e+02
   5.8718800e+06   1.0882568e+02
   5.8720590e+06   6.1279297e+01
   5.8799070e+06   1.2164307e+02
   5.8920900e+06   1.3665771e+02
   5.8948030e+06   1.1065674e+02
   5.8949600e+06   8.8989258e+01
   5.8951530e+06   5.6823730e+01
   5.8967050e+06   5.0720215e+01
   5.9198260e+06   1.2194824e+02
   5.9200180e+06   1.0467529e+02
   5.9201300e+06   4.9865723e+01
   5.9322880e+06   4.0344238e+01
   5.9378500e+06   1.2438965e+02
   5.9379560e+06   7.1777344e+01
   5.9473330e+06   4.1809082e+01
   5.9542160e+06   1.1126709e+02
   5.9543450e+06   6.1584473e+01
   5.9693080e+06   1.3476562e+02
   5.9695180e+06   9.2346191e+01
   5.9697870e+06   7.2326660e+01
   5.9699630e+06   4.5959473e+01
   5.9714760e+06   4.1931152e+01
   5.9940320e+06   1.1120605e+02
   5.9942620e+06   9.1308594e+01
   5.9964950e+06   3.9978027e+01
   6.0075590e+06   1.2347412e+02
   6.0076890e+06   8.7097168e+01
   6.0100140e+06   4.5410156e+01
   6.0233870e+06   1.2597656e+02
   6.0235440e+06   9.7839355e+01
   6.0325200e+06   1.1047363e+02
   6.0412470e+06   1.1413574e+02
   6.0421790e+06   7.9528809e+01
   6.0425460e+06   8.9294434e+01
   6.0527090e+06   1.1895752e+02
   6.0545180e+06   4.7058105e+01
   6.0559030e+06   1.1334229e+02
   6.0560060e+06   5.0292969e+01
   6.0730870e+06   1.1541748e+02
   6.0732480e+06   7.9162598e+01
   6.0883970e+06   4.4860840e+01
   6.0884430e+06   4.4616699e+01
   6.0891600e+06   1.2683105e+02
   6.0893370e+06   9.6191406e+01
   6.0895170e+06   7.2326660e+01
   6.0989300e+06   1.1175537e+02
   6.1039490e+06   1.1425781e+02
   6.1042640e+06   8.5266113e+01
   6.1120450e+06   1.1120605e+02
   6.1122140e+06   6.9641113e+01
   6.1124330e+06   4.3579102e+01
   6.1259970e+06   1.0772705e+02
   6.1262330e+06   9.1186523e+01
   6.1263620e+06   5.5480957e+01
   6.1311140e+06   4.6386719e+01
   6.1367640e+06   1.1273193e+02
   6.1369250e+06   1.0021973e+02
   6.1370650e+06   5.0231934e+01
   6.1486260e+06   1.0998535e+02
   6.1501610e+06   1.0931396e+02
   6.1573430e+06   1.1621094e+02
   6.1579030e+06   1.0449219e+02
   6.1580190e+06   4.3884277e+01
   6.1609260e+06   4.6081543e+01
   6.1803200e+06   4.1015625e+01
   6.1824970e+06   1.1212158e+02
   6.1826120e+06   9.6069336e+01
   6.1827580e+06   5.6945801e+01
   6.1869560e+06   4.7363281e+01
   6.2005480e+06   1.1737061e+02
   6.2006730e+06   9.0087891e+01
   6.2007740e+06   4.4555664e+01
   6.2098020e+06   1.0449219e+02
   6.2214160e+06   1.1651611e+02
   6.2215930e+06   8.5693359e+01
   6.2234160e+06   4.0161133e+01
   6.2253110e+06   4.5715332e+01
   6.2282690e+06   4.4738770e+01
   6.2300490e+06   1.0784912e+02
   6.2500800e+06   1.2963867e+02
   6.2502040e+06   9.6069336e+01
   6.2503950e+06   8.5815430e+01
   6.2580850e+06   1.2127686e+02
   6.2660530e+06   1.1682129e+02
   6.2662090e+06   8.6669922e+01
   6.2663580e+06   4.7119141e+01
   6.2710240e+06   4.1931152e+01
   6.2885750e+06   1.1645508e+02
   6.2889720e+06   1.0632324e+02
   6.2890770e+06   3.9245605e+01
   6.3001050e+06   1.1187744e+02
   6.3101530e+06   3.9794922e+01
   6.3171090e+06   1.2573242e+02
   6.3174060e+06   1.0198975e+02
   6.3175250e+06   4.5288086e+01
   6.3300440e+06   1.1254883e+02
   6.3302580e+06   1.1059570e+02
   6.3368500e+06   5.3649902e+01
   6.3370950e+06   4.0039062e+01
   6.3425960e+06   1.1975098e+02
   6.3427990e+06   1.0748291e+02
   6.3429270e+06   6.0852051e+01
   6.3567210e+06   1.2609863e+02
   6.3656530e+06   1.1938477e+02
   6.3657800e+06   9.1430664e+01
   6.3658700e+06   4.2663574e+01
   6.3683140e+06   4.5715332e+01
   6.3702060e+06   4.0405273e+01
   6.3802580e+06   1.0394287e+02
   6.3803980e+06   9.6069336e+01
   6.3805110e+06   4.8950195e+01
   6.3934810e+06   1.1413574e+02
   6.3936790e+06   9.4848633e+01
   6.4068530e+06   4.2053223e+01
   6.4165280e+06   1.2530518e+02
   6.4211480e+06   1.0705566e+02
   6.4213670e+06   1.0437012e+02
   6.4214540e+06   4.0588379e+01
   6.4361950e+06   1.2115479e+02
   6.4416270e+06   4.2541504e+01
   6.4421410e+06   1.1163330e+02
   6.4423490e+06   8.8623047e+01
   6.4531960e+06   1.2078857e+02
   6.4538940e+06   1.0583496e+02
   6.4694740e+06   1.1639404e+02
   6.4696340e+06   7.7331543e+01
   6.4697220e+06   4.4738770e+01
   6.4738840e+06   4.0039062e+01
   6.4803190e+06   5.5175781e+01
   6.4854490e+06   1.2719727e+02
   6.4855260e+06   6.7993164e+01
   6.4925980e+06   1.1627197e+02
   6.5017100e+06   3.9733887e+01
   6.5055930e+06   1.0821533e+02
   6.5124670e+06   4.1381836e+01
   6.5126260e+06   9.0148926e+01
   6.5127570e+06   4.0039062e+01
   6.5159980e+06   3.9855957e+01
   6.5343260e+06   1.1846924e+02
   6.5344300e+06   8.7585449e+01
   6.5413110e+06   1.1456299e+02
   6.5414520e+06   9.2773438e+01
   6.5457740e+06   4.4128418e+01
   6.5523810e+06   1.0223389e+02
   6.5525250e+06   8.3923340e+01
   6.5714860e+06   3.9672852e+01
   6.5741580e+06   1.1987305e+02
   6.5744520e+06   1.0217285e+02
   6.5863030e+06   1.2115479e+02
   6.5866010e+06   9.7900391e+01
   6.5868780e+06   8.6914062e+01
   6.5878520e+06   4.2236328e+01
   6.5986090e+06   1.0974121e+02
   6.5987730e+06   7.9528809e+01
   6.6026660e+06   1.3555908e+02
   6.6031540e+06   4.8095703e+01
   6.6101330e+06   1.2438965e+02
   6.6102690e+06   8.7036133e+01
   6.6280170e+06   1.1553955e+02
   6.6281040e+06   7.9895020e+01
   6.6418750e+06   4.0771484e+01
   6.6435140e+06   6.0485840e+01
   6.6479090e+06   1.2847900e+02
   6.6481000e+06   9.4421387e+01
   6.6482120e+06   4.6447754e+01
   6.6555000e+06   1.1828613e+02
   6.6612460e+06   1.0913086e+02
   6.6624070e+06   1.1114502e+02
   6.6626170e+06   8.8989258e+01
   6.6738190e+06   4.5043945e+01
   6.6783390e+06   1.1346436e+02
   6.6786010e+06   1.0601807e+02
   6.6862380e+06   4.9377441e+01
   6.6897070e+06   1.1260986e+02
   6.7006000e+06   1.0992432e+02
   6.7007510e+06   8.5144043e+01
   6.7138410e+06   1.2048340e+02
   6.7140760e+06   1.0711670e+02
   6.7142080e+06   4.7119141e+01
   6.7194060e+06   1.2786865e+02
   6.7195770e+06   9.3200684e+01
   6.7345360e+06   1.2017822e+02
   6.7347920e+06   9.0393066e+01
   6.7349500e+06   4.5043945e+01
   6.7491990e+06   1.1138916e+02
   6.7493670e+06   8.0200195e+01
   6.7561930e+06   4.2907715e+01
   6.7664740e+06   1.2030029e+02
   6.7728650e+06   1.2054443e+02
   6.7729800e+06   7.3242188e+01
   6.7754740e+06   5.3283691e+01
   6.7839550e+06   4.0405273e+01
   6.7901070e+06   1.3165283e+02
   6.7906470e+06   1.0467529e+02
   6.7908630e+06   8.2946777e+01
   6.7915700e+06   4.4189453e+01
   6.8004780e+06   1.1968994e+02
   6.8192720e+06   1.2768555e+02
   6.8195090e+06   9.7351074e+01
   6.8195930e+06   4.7180176e+01
   6.8388080e+06   1.2408447e+02
   6.8389890e+06   9.9121094e+01
   6.8391010e+06   4.5593262e+01
   6.8499710e+06   4.9133301e+01
   6.8572900e+06   1.1163330e+02
   6.8575280e+06   1.0375977e+02
   6.8576840e+06   6.5002441e+01
   6.8762180e+06   1.1590576e+02
   6.8764320e+06   9.6313477e+01
   6.8765840e+06   7.7087402e+01
   6.8841160e+06   5.2246094e+01
   6.8986050e+06   1.0833740e+02
   6.8989080e+06   9.8144531e+01
   6.8990380e+06   4.1381836e+01
   6.9124940e+06   1.1175537e+02
   6.9179510e+06   1.2213135e+02
   6.9181160e+06   9.0270996e+01
   6.9182510e+06   6.0119629e+01
   6.9250210e+06   3.9611816e+01
   6.9301690e+06   1.1560059e+02
   6.9303270e+06   9.2224121e+01
   6.9304490e+06   4.2663574e+01
   6.9499470e+06   1.2542725e+02
   6.9500790e+06   7.2998047e+01
   6.9515400e+06   5.3771973e+01
   6.9598970e+06   1.2255859e+02
   6.9600980e+06   9.2712402e+01
   6.9716940e+06   1.2219238e+02
   6.9718720e+06   1.0382080e+02
   6.9720230e+06   6.1950684e+01
   6.9882320e+06   1.3647461e+02
   6.9886030e+06   9.9548340e+01
   6.9986510e+06   1.1578369e+02
   6.9988750e+06   1.0699463e+02
   6.9990990e+06   8.0444336e+01
   7.0178860e+06   1.1816406e+02
   7.0181920e+06   9.4787598e+01
   7.0246580e+06   1.1865234e+02
   7.0273500e+06   1.1254883e+02
   7.0274670e+06   8.6486816e+01
   7.0275850e+06   4.8950195e+01
   7.0351290e+06   1.1077881e+02
   7.0389370e+06   5.1879883e+01
   7.0415670e+06   4.0832520e+01
   7.0429310e+06   1.1364746e+02
   7.0430860e+06   7.7209473e+01
   7.0633050e+06   1.1199951e+02
   7.0635440e+06   1.1419678e+02
   7.0636930e+06   6.4331055e+01
   7.0778330e+06   1.1871338e+02
   7.0780200e+06   9.2956543e+01
   7.0781630e+06   4.5837402e+01
   7.0902040e+06   1.1730957e+02
   7.0952900e+06   1.0382080e+02
   7.1050470e+06   1.0687256e+02
   7.1051910e+06   8.1359863e+01
   7.1063970e+06   6.4086914e+01
   7.1170900e+06   5.2734375e+01
   7.1212350e+06   1.1688232e+02
   7.1214090e+06   8.9416504e+01
   7.1370660e+06   1.1529541e+02
   7.1372440e+06   1.0321045e+02
   7.1494830e+06   1.2231445e+02
   7.1497370e+06   1.0699463e+02
   7.1499020e+06   5.6030273e+01
   7.1648760e+06   1.0632324e+02
   7.1650550e+06   9.4787598e+01
   7.1814800e+06   1.2695312e+02
   7.1815800e+06   8.6303711e+01
   7.1816900e+06   5.2551270e+01
   7.1888870e+06   4.6813965e+01
   7.2019610e+06   1.1657715e+02
   7.2066500e+06   1.2194824e+02
   7.2068140e+06   8.1542969e+01
   7.2229180e+06   1.1993408e+02
   7.2231210e+06   9.6679688e+01
   7.2232260e+06   4.5349121e+01
   7.2238990e+06   4.7668457e+01
   7.2405610e+06   1.0980225e+02
   7.2407340e+06   8.6914062e+01
   7.2414140e+06   1.0174561e+02
   7.2692500e+06   1.2292480e+02
   7.2711490e+06   1.1657715e+02
   7.2713480e+06   8.4838867e+01
   7.2720560e+06   5.1879883e+01
   7.2951530e+06   1.1480713e+02
   7.2953130e+06   9.8754883e+01
   7.2954160e+06   4.2053223e+01
   7.3170980e+06   1.1962891e+02
   7.3172390e+06   9.4726562e+01
   7.3173670e+06   3.9550781e+01
   7.3180070e+06   4.6203613e+01
   7.3310480e+06   6.2622070e+01
   7.3325210e+06   4.0527344e+01
   7.3476900e+06   1.1846924e+02
   7.3479740e+06   1.0144043e+02
   7.3480770e+06   4.1687012e+01
   7.3639090e+06   1.1688232e+02
   7.3731340e+06   1.1981201e+02
   7.3733130e+06   9.9365234e+01
   7.3923340e+06   1.1022949e+02
   7.3925250e+06   8.8256836e+01
   7.3926460e+06   4.4982910e+01
   7.3930520e+06   4.7424316e+01
   7.4025940e+06   1.1401367e+02
   7.4028680e+06   1.0620117e+02
   7.4029660e+06   5.1696777e+01
   7.4206230e+06   1.2219238e+02
   7.4207020e+06   7.7392578e+01
   7.4529050e+06   1.1596680e+02
   7.4600580e+06   1.2188721e+02
   7.4647070e+06   1.1505127e+02
   7.4648200e+06   8.0871582e+01
   7.4761130e+06   1.1743164e+02
   7.4763890e+06   9.4482422e+01
   7.4766250e+06   5.6396484e+01
   7.4919380e+06   1.1877441e+02
   7.5040990e+06   1.2695312e+02
   7.5066500e+06   1.2054443e+02
   7.5067790e+06   7.1960449e+01
   7.5223010e+06   1.2774658e+02
   7.5252690e+06   1.0833740e+02
   7.5390600e+06   1.2683105e+02
   7.5393240e+06   9.6557617e+01
   7.5403220e+06   5.3161621e+01
   7.5645950e+06   1.2225342e+02
   7.5736330e+06   1.2567139e+02
   7.5739100e+06   1.1047363e+02
   7.5740050e+06   4.7546387e+01
   7.5887920e+06   3.9611816e+01
   7.5985210e+06   1.1914062e+02
   7.5986710e+06   9.7717285e+01
   7.5988280e+06   6.3720703e+01
   7.5991290e+06   4.3090820e+01
   7.6078630e+06   1.0852051e+02
   7.6080440e+06   1.0650635e+02
   7.6081850e+06   4.7424316e+01
   7.6179290e+06   4.0283203e+01
   7.6252350e+06   4.8278809e+01
   7.6393730e+06   1.2615967e+02
   7.6395050e+06   9.9548340e+01
   7.6396000e+06   5.0537109e+01
   7.6510370e+06   1.0754395e+02
   7.6513050e+06   9.8754883e+01
   7.6514260e+06   4.3823242e+01
   7.6518650e+06   4.3212891e+01
   7.6697390e+06   1.1712646e+02
   7.6698850e+06   9.2163086e+01
   7.6700140e+06   5.3588867e+01
   7.6712530e+06   5.1879883e+01
   7.6861860e+06   1.2719727e+02
   7.6864670e+06   9.6374512e+01
   7.6866330e+06   6.8603516e+01
   7.7129730e+06   1.1724854e+02
   7.7130710e+06   8.2458496e+01
   7.7132260e+06   6.7810059e+01
   7.7223110e+06   1.2622070e+02
   7.7224230e+06   9.3383789e+01
   7.7327340e+06   4.0283203e+01
   7.7388010e+06   1.2988281e+02
   7.7389750e+06   9.8693848e+01
   7.7390820e+06   4.4128418e+01
   7.7473000e+06   1.1322021e+02
   7.7623580e+06   1.2963867e+02
   7.7625040e+06   1.0754395e+02
   7.7626200e+06   4.2480469e+01
   7.7782400e+06   1.2664795e+02
   7.7785980e+06   1.0406494e+02
   7.7787690e+06   7.8796387e+01
   7.7789890e+06   4.2724609e+01
   7.7833920e+06   3.9367676e+01
   7.7846930e+06   1.0430908e+02
   7.7850180e+06   9.0209961e+01
   7.8084050e+06   1.1944580e+02
   7.8087450e+06   1.0437012e+02
   7.8088560e+06   5.5847168e+01
   7.8376050e+06   1.2487793e+02
   7.8378360e+06   1.1529541e+02
   7.8379470e+06   4.4189453e+01
   7.8617360e+06   1.1846924e+02
   7.8625820e+06   4.8950195e+01
   7.8636260e+06   1.1206055e+02
   7.8639910e+06   1.0095215e+02
   7.8641410e+06   4.4128418e+01
   7.8866250e+06   1.1944580e+02
   7.8869880e+06   1.0736084e+02
   7.8870960e+06   4.2785645e+01
   7.9035840e+06   1.2500000e+02
   7.9038330e+06   1.0333252e+02
   7.9275480e+06   1.1743164e+02
   7.9276270e+06   7.0800781e+01
   7.9278560e+06   8.1542969e+01
   7.9582830e+06   1.1993408e+02
   7.9642800e+06   1.1206055e+02
   7.9645070e+06   1.0034180e+02
   7.9646490e+06   4.7790527e+01
   7.9648740e+06   4.3457031e+01
   7.9853330e+06   1.1853027e+02
   7.9854260e+06   4.1320801e+01
   7.9884730e+06   4.0283203e+01
   7.9918010e+06   1.1645508e+02
   8.0040200e+06   1.2371826e+02
   8.0041400e+06   9.5214844e+01
   8.0043470e+06   8.0200195e+01
   8.0053730e+06   4.3579102e+01
   8.0332440e+06   1.1657715e+02
   8.0336760e+06   1.0247803e+02
   8.0450140e+06   1.2066650e+02
   8.0451200e+06   8.6059570e+01
   8.0452230e+06   4.0283203e+01
   8.0459340e+06   6.9519043e+01
   8.0619290e+06   1.2176514e+02
   8.0753600e+06   1.1358643e+02
   8.0831070e+06   1.2091064e+02
   8.0832640e+06   8.3435059e+01
   8.0834070e+06   5.6396484e+01
   8.0971530e+06   1.2207031e+02
   8.0993810e+06   1.1749268e+02
   8.1048800e+06   1.0363770e+02
   8.1051070e+06   9.6435547e+01
   8.1389340e+06   1.1981201e+02
   8.1393470e+06   1.1175537e+02
   8.1395150e+06   8.2275391e+01
   8.1498330e+06   4.1809082e+01
   8.1550930e+06   1.2207031e+02
   8.1553890e+06   1.1456299e+02
   8.1554980e+06   5.9814453e+01
   8.1904050e+06   1.1486816e+02
   8.1904840e+06   7.8735352e+01
   8.1906060e+06   5.3344727e+01
   8.2182370e+06   1.2811279e+02
   8.2204950e+06   1.1480713e+02
   8.2206630e+06   8.9416504e+01
   8.2431900e+06   1.1175537e+02
   8.2433700e+06   9.8266602e+01
   8.2436500e+06   8.9782715e+01
   8.2539450e+06   1.1816406e+02
   8.2671890e+06   9.0759277e+01
   8.2698500e+06   1.1523438e+02
   8.2700010e+06   1.0565186e+02
   8.2700940e+06   4.0832520e+01
   8.2984100e+06   1.1816406e+02
   8.2986410e+06   1.0717773e+02
   8.2987600e+06   4.7729492e+01
   8.3218930e+06   1.2542725e+02
   8.3224620e+06   1.0485840e+02
   8.3226240e+06   6.7199707e+01
   8.3468570e+06   1.3000488e+02
   8.3635110e+06   1.2213135e+02
   8.3642090e+06   1.0864258e+02
   8.3643940e+06   8.8623047e+01
   8.3644970e+06   4.1931152e+01
   8.3649410e+06   5.2307129e+01
   8.3657090e+06   4.0039062e+01
   8.3664910e+06   5.2795410e+01
   8.3724190e+06   4.0161133e+01
   8.3755440e+06   1.1877441e+02
   8.3881940e+06   1.1694336e+02
   8.3886600e+06   1.0784912e+02
   8.4026230e+06   1.2921143e+02
   8.4027470e+06   8.8378906e+01
   8.4028990e+06   4.2358398e+01
   8.4380890e+06   1.2475586e+02
   8.4425070e+06   1.1669922e+02
   8.4427240e+06   1.0223389e+02
   8.4514280e+06   1.2957764e+02
   8.4522630e+06   1.1444092e+02
   8.4658510e+06   1.2237549e+02
   8.4660680e+06   1.0003662e+02
   8.4662190e+06   6.1401367e+01
   8.4806320e+06   1.2036133e+02
   8.4872110e+06   1.1730957e+02
   8.4964290e+06   1.1492920e+02
   8.4965560e+06   8.6608887e+01
   8.5187460e+06   4.0710449e+01
   8.5244670e+06   1.2915039e+02
   8.5245720e+06   9.6618652e+01
   8.5315950e+06   1.2432861e+02
   8.5318030e+06   1.0485840e+02
   8.5319310e+06   4.5898438e+01
   8.5453790e+06   1.1840820e+02
   8.5730990e+06   1.3415527e+02
   8.5732330e+06   9.5825195e+01
   8.5733470e+06   5.2612305e+01
   8.5736640e+06   8.3374023e+01
   8.5899140e+06   1.3659668e+02
   8.5900640e+06   9.7717285e+01
   8.5902340e+06   6.5246582e+01
   8.6358530e+06   1.3140869e+02
   8.6360820e+06   1.0913086e+02
   8.6362170e+06   6.4697266e+01
   8.6610120e+06   1.2658691e+02
   8.6610930e+06   8.3129883e+01
   8.6612160e+06   5.8959961e+01
   8.6613610e+06   4.3151855e+01
   8.6792220e+06   1.1950684e+02
   8.6817800e+06   1.1419678e+02
   8.6895430e+06   1.3543701e+02
   8.6896470e+06   9.8266602e+01
   8.6898110e+06   8.4106445e+01
   8.7211510e+06   1.2390137e+02
   8.7214120e+06   1.1297607e+02
   8.7339880e+06   1.2005615e+02
   8.7343860e+06   1.0388184e+02
   8.7345490e+06   5.8837891e+01
   8.7468660e+06   1.1651611e+02
   8.7646220e+06   1.3946533e+02
   8.7707940e+06   1.2512207e+02
   8.7709950e+06   1.1260986e+02
   8.7711670e+06   6.3598633e+01
   8.7903980e+06   1.3458252e+02
   8.7907580e+06   1.0351562e+02
   8.8004040e+06   1.3085938e+02
   8.8268390e+06   1.2249756e+02
   8.8289740e+06   1.3378906e+02
   8.8291570e+06   9.0576172e+01
   8.8474730e+06   1.1614990e+02
   8.8672400e+06   1.1804199e+02
   8.8673900e+06   1.0467529e+02
   8.8676920e+06   1.0113525e+02
   8.8841080e+06   1.2225342e+02
   8.8843680e+06   1.0711670e+02
   8.8999530e+06   1.2164307e+02
   8.9079450e+06   1.2390137e+02
   8.9086810e+06   1.1267090e+02
   8.9142950e+06   1.2335205e+02
   8.9190690e+06   1.2066650e+02
   8.9193610e+06   1.0479736e+02
   8.9194850e+06   5.8227539e+01
   8.9379790e+06   4.0405273e+01
   8.9383320e+06   1.1486816e+02
   8.9384750e+06   8.8562012e+01
   8.9615020e+06   1.2243652e+02
   8.9616790e+06   9.6496582e+01
   8.9618780e+06   7.7880859e+01
   8.9767770e+06   1.2054443e+02
   8.9795150e+06   1.2823486e+02
   8.9853350e+06   1.3043213e+02
   8.9854950e+06   8.3801270e+01
   8.9856400e+06   5.0781250e+01
   8.9867540e+06   4.1137695e+01
