   8.9990000e+06   0.0000000e+00
   7.3214900e+05   3.9123535e+01
   1.1844750e+06   4.2663574e+01
   1.2485630e+06   3.9733887e+01
   1.3075830e+06   4.0344238e+01
   1.4078800e+06   4.0954590e+01
   1.6665970e+06   4.1076660e+01
   1.7053310e+06   3.9428711e+01
   1.7846400e+06   3.9611816e+01
   1.8043320e+06   3.9245605e+01
   1.8361570e+06   4.0588379e+01
   1.8390230e+06   4.2785645e+01
   2.1819580e+06   3.9916992e+01
   2.2641590e+06   4.1625977e+01
   2.9156950e+06   4.1992188e+01
   3.0293920e+06   4.1931152e+01
   3.0750610e+06   3.9184570e+01
   3.1858490e+06   4.0405273e+01
   3.2190470e+06   4.0649414e+01
   3.2942500e+06   4.1381836e+01
   3.3142720e+06   4.0222168e+01
   3.4323640e+06   3.9428711e+01
   3.6810440e+06   4.3090820e+01
   3.7591010e+06   4.1259766e+01
   3.8184080e+06   3.9611816e+01
   3.8741190e+06   4.0954590e+01
   4.1706960e+06   4.2114258e+01
   4.5013680e+06   3.9489746e+01
   4.5258890e+06   3.9794922e+01
   4.8169630e+06   4.0466309e+01
   4.9357000e+06   4.3395996e+01
   4.9785170e+06   4.2663574e+01
   5.3041960e+06   3.9733887e+01
   5.4509310e+06   4.0649414e+01
   5.4940050e+06   4.0527344e+01
   5.7938810e+06   4.0588379e+01
   6.1571490e+06   3.9672852e+01
   6.3171930e+06   4.0527344e+01
   6.3419810e+06   4.0161133e+01
   6.6517770e+06   3.9184570e+01
   6.9131720e+06   3.9062500e+01
   6.9637360e+06   4.1625977e+01
   7.2588550e+06   4.2114258e+01
   7.6046870e+06   4.0954590e+01
   7.7295620e+06   4.0466309e+01
   7.9129080e+06   4.1931152e+01
   7.9473920e+06   4.1137695e+01
   7.9768280e+06   4.0588379e+01
   8.4734600e+06   3.9062500e+01
   8.7167600e+06   3.9978027e+01
   8.7997390e+06   4.2236328e+01
   8.8165630e+06   4.1137695e+01
   8.8843090e+06   4.2114258e+01
