   8.9990000e+06   0.0000000e+00
   5.3850800e+05   3.8696289e+01
   7.2327900e+05   3.4484863e+01
   8.7223600e+05   3.4606934e+01
   1.2668990e+06   3.5888672e+01
   1.4647950e+06   3.5644531e+01
   1.9388960e+06   3.9672852e+01
   3.0781340e+06   3.4790039e+01
   3.1682540e+06   3.5034180e+01
   3.9040240e+06   4.2297363e+01
   3.9947630e+06   3.5766602e+01
   4.2385670e+06   3.6621094e+01
   4.6003020e+06   3.4423828e+01
   4.8843460e+06   3.4362793e+01
   4.9703010e+06   3.4912109e+01
   5.3902140e+06   3.4545898e+01
   5.4862880e+06   3.9916992e+01
   5.6021140e+06   3.5217285e+01
   6.1205470e+06   3.5461426e+01
   6.1891370e+06   3.6743164e+01
   6.3668190e+06   3.8024902e+01
   6.4160570e+06   4.0283203e+01
   7.7522030e+06   3.5705566e+01
   8.0495630e+06   3.4423828e+01
   8.3160570e+06   3.4973145e+01
   8.3373010e+06   3.7170410e+01
   8.8872140e+06   3.7719727e+01
   8.9566740e+06   3.6743164e+01
   8.9596120e+06   3.4973145e+01
