   8.9990000e+06   0.0000000e+00
   4.6836000e+04   3.8269043e+01
   3.8226500e+05   4.0649414e+01
   4.0398100e+05   4.0466309e+01
   5.7548000e+05   3.5888672e+01
   6.1999200e+05   3.5644531e+01
   6.2806700e+05   4.2846680e+01
   6.8472800e+05   3.5705566e+01
   7.2320800e+05   3.5705566e+01
   7.4943800e+05   4.1870117e+01
   7.9184000e+05   3.6010742e+01
   8.0576600e+05   3.7902832e+01
   8.3279100e+05   3.5888672e+01
   8.3793300e+05   3.8330078e+01
   8.4660700e+05   3.6437988e+01
   8.5092900e+05   3.6376953e+01
   8.5143600e+05   3.6071777e+01
   8.5737600e+05   3.6804199e+01
   9.0493000e+05   3.5705566e+01
   9.0723800e+05   3.7231445e+01
   9.1730100e+05   3.5949707e+01
   9.2426600e+05   3.5949707e+01
   1.0078800e+06   3.8269043e+01
   1.0567660e+06   3.5766602e+01
   1.0680800e+06   3.8513184e+01
   1.0776030e+06   3.8269043e+01
   1.0857220e+06   3.6010742e+01
   1.1162040e+06   3.6071777e+01
   1.1175560e+06   3.8146973e+01
   1.1328440e+06   3.9062500e+01
   1.1537390e+06   3.9855957e+01
   1.1952530e+06   3.7109375e+01
   1.1958560e+06   3.5888672e+01
   1.2140230e+06   3.6682129e+01
   1.2249830e+06   3.8574219e+01
   1.2657980e+06   3.6193848e+01
   1.3191910e+06   3.7414551e+01
   1.4040220e+06   3.9123535e+01
   1.4252090e+06   4.2297363e+01
   1.4601940e+06   3.6743164e+01
   1.4962430e+06   4.4982910e+01
   1.6365550e+06   3.6254883e+01
   2.0326080e+06   3.9184570e+01
   2.1676840e+06   3.5888672e+01
   2.2158000e+06   3.6254883e+01
   2.2597070e+06   3.6499023e+01
   2.3365040e+06   3.9367676e+01
   3.1571570e+06   3.5888672e+01
   3.1982260e+06   3.6682129e+01
   3.1986690e+06   3.9245605e+01
   3.2970380e+06   3.6132812e+01
   3.3138890e+06   3.6132812e+01
   3.3370730e+06   3.9367676e+01
   3.3885900e+06   3.8146973e+01
   3.6203930e+06   3.6804199e+01
   3.6885030e+06   3.7841797e+01
   4.1066330e+06   3.7170410e+01
   4.3177490e+06   3.6193848e+01
   4.4222270e+06   3.9855957e+01
   4.4303610e+06   3.7658691e+01
   4.5117600e+06   3.6071777e+01
   4.5670370e+06   3.6132812e+01
   4.7811570e+06   3.7170410e+01
   4.8044100e+06   3.6743164e+01
   4.9006420e+06   3.5766602e+01
   5.0746070e+06   3.7780762e+01
   5.4451090e+06   3.5644531e+01
   5.4720300e+06   3.8269043e+01
   5.5009960e+06   3.5644531e+01
   5.5598560e+06   3.7231445e+01
   5.5934870e+06   3.6376953e+01
   5.6059470e+06   3.6010742e+01
   5.6805300e+06   3.6987305e+01
   5.7444310e+06   3.6132812e+01
   5.9137960e+06   3.9245605e+01
   5.9154240e+06   3.5705566e+01
   5.9506100e+06   3.9123535e+01
   6.0032900e+06   3.9611816e+01
   6.0319800e+06   4.0771484e+01
   6.0541030e+06   3.6804199e+01
   6.1249160e+06   3.7536621e+01
   6.1584090e+06   3.7170410e+01
   6.1749200e+06   3.8513184e+01
   6.3086900e+06   3.8513184e+01
   6.5030980e+06   3.6499023e+01
   6.5680310e+06   3.7658691e+01
   6.6129990e+06   3.7353516e+01
   6.6245250e+06   3.7780762e+01
   6.7900160e+06   3.8696289e+01
   6.8591730e+06   3.5888672e+01
   6.8598500e+06   3.7658691e+01
   6.8783620e+06   3.7048340e+01
   6.8925070e+06   3.5766602e+01
   6.9269430e+06   3.6621094e+01
   6.9696280e+06   3.6560059e+01
   6.9821940e+06   3.5766602e+01
   6.9912040e+06   3.6621094e+01
   7.0274430e+06   3.6987305e+01
   7.0342570e+06   3.8635254e+01
   7.0723970e+06   4.3701172e+01
   7.0761490e+06   3.6926270e+01
   7.0968570e+06   3.7536621e+01
   7.1024810e+06   4.0283203e+01
   7.1428210e+06   3.8940430e+01
   7.1546350e+06   3.6987305e+01
   7.2106580e+06   3.5827637e+01
   7.2770240e+06   3.9428711e+01
   7.2816060e+06   3.6743164e+01
   7.2887220e+06   3.6315918e+01
   7.3176980e+06   3.5766602e+01
   7.3665640e+06   3.5888672e+01
   7.3726930e+06   3.6560059e+01
   7.3975280e+06   3.8024902e+01
   7.4138690e+06   3.6193848e+01
   7.4327700e+06   3.6437988e+01
   7.4585650e+06   3.5766602e+01
   7.5167140e+06   4.5715332e+01
   7.5427860e+06   3.5827637e+01
   7.5713370e+06   3.5644531e+01
   7.5810630e+06   3.6193848e+01
   7.6510000e+06   3.9428711e+01
   7.7052570e+06   3.5705566e+01
   7.7061010e+06   3.6071777e+01
   7.7079430e+06   3.8330078e+01
   7.7326960e+06   3.7963867e+01
   7.7719520e+06   3.7475586e+01
   7.7860320e+06   3.6193848e+01
   7.8372500e+06   3.8757324e+01
   7.8503780e+06   3.6437988e+01
   7.8559710e+06   3.9367676e+01
   7.9058290e+06   3.5705566e+01
   7.9276510e+06   3.5888672e+01
   7.9293030e+06   3.7902832e+01
   7.9610490e+06   3.5705566e+01
   7.9976720e+06   3.6254883e+01
   8.0452010e+06   3.7597656e+01
   8.0764140e+06   3.6682129e+01
   8.0957620e+06   3.7475586e+01
   8.1037840e+06   4.2114258e+01
   8.1144140e+06   3.8513184e+01
   8.1326890e+06   3.8269043e+01
   8.2084250e+06   3.7109375e+01
   8.3263410e+06   3.5827637e+01
   8.3342330e+06   3.7475586e+01
   8.3448540e+06   3.5766602e+01
   8.3722600e+06   3.5949707e+01
   8.3896830e+06   3.6132812e+01
   8.4002370e+06   3.7048340e+01
   8.4072560e+06   3.6804199e+01
   8.4172180e+06   3.5705566e+01
   8.4246930e+06   3.9733887e+01
   8.4277770e+06   3.5949707e+01
   8.4376310e+06   3.6804199e+01
   8.5196140e+06   3.6437988e+01
   8.5351990e+06   3.7292480e+01
   8.5521990e+06   4.0466309e+01
   8.5538320e+06   3.8208008e+01
   8.5822500e+06   3.6132812e+01
   8.5906280e+06   3.7475586e+01
   8.6140500e+06   4.0954590e+01
   8.6183090e+06   3.8208008e+01
   8.6313280e+06   3.6621094e+01
   8.6525730e+06   3.5949707e+01
   8.6577750e+06   3.6071777e+01
   8.6640490e+06   4.0283203e+01
   8.6946940e+06   4.1015625e+01
   8.7691960e+06   4.0771484e+01
   8.7876980e+06   3.7780762e+01
   8.8183640e+06   3.6010742e+01
   8.8867440e+06   4.1931152e+01
   8.9210580e+06   4.3090820e+01
