   8.9990000e+06   0.0000000e+00
   1.4717100e+05   3.4545898e+01
   3.0663800e+05   3.3752441e+01
   2.2304710e+06   3.3813477e+01
   3.4888140e+06   3.4118652e+01
   4.2448390e+06   3.5217285e+01
   4.5712670e+06   3.3996582e+01
   4.7885230e+06   3.4851074e+01
   4.8015080e+06   3.4545898e+01
   4.8225600e+06   3.5949707e+01
   5.3575060e+06   3.4484863e+01
   6.8522470e+06   3.6621094e+01
   6.9438870e+06   3.3996582e+01
   7.0630420e+06   3.6010742e+01
   7.1800830e+06   3.5644531e+01
   7.5050960e+06   3.3813477e+01
   7.9040100e+06   3.4118652e+01
   8.8748380e+06   3.3874512e+01
   8.9780980e+06   3.5705566e+01
   8.9874710e+06   3.4057617e+01
