   8.9990000e+06   0.0000000e+00
   6.8830000e+03   3.7963867e+01
   4.9070400e+05   3.7475586e+01
   5.1354200e+05   3.7658691e+01
   1.0990380e+06   3.7597656e+01
   1.2690220e+06   4.7058105e+01
   1.2984000e+06   4.0222168e+01
   1.3272490e+06   3.6926270e+01
   1.3453770e+06   3.6804199e+01
   1.6515570e+06   3.6621094e+01
   1.6855930e+06   3.8269043e+01
   1.8390220e+06   4.9743652e+01
   2.4449640e+06   4.0283203e+01
   2.4834460e+06   3.6560059e+01
   3.0737100e+06   3.6560059e+01
   3.7387330e+06   4.0588379e+01
   3.7710660e+06   3.9550781e+01
   5.2924350e+06   3.7231445e+01
   5.5324320e+06   3.8513184e+01
   5.5679320e+06   3.7475586e+01
   6.3419760e+06   8.5144043e+01
   6.7363230e+06   3.7719727e+01
   7.4190490e+06   3.9428711e+01
   8.3650820e+06   4.0588379e+01
   8.3842950e+06   3.7048340e+01
   8.4483330e+06   4.1259766e+01
   8.5197060e+06   3.7109375e+01
   8.8206760e+06   3.9001465e+01
