   8.9990000e+06   0.0000000e+00
   1.4820000e+04   4.1870117e+01
   2.0402000e+04   4.0039062e+01
   2.4377000e+04   3.7231445e+01
   3.5844000e+04   3.9062500e+01
   5.4503000e+04   3.8330078e+01
   6.7211000e+04   3.7292480e+01
   7.4553000e+04   3.9001465e+01
   8.7600000e+04   3.8879395e+01
   9.0013000e+04   3.8208008e+01
   9.6719000e+04   4.4433594e+01
   1.0572500e+05   3.8635254e+01
   1.3725000e+05   3.8330078e+01
   1.3733900e+05   3.9672852e+01
   1.4163500e+05   3.6865234e+01
   1.5559500e+05   3.8208008e+01
   1.9115100e+05   3.8452148e+01
   2.0206500e+05   4.0710449e+01
   2.1170600e+05   4.0405273e+01
   2.2902000e+05   3.9733887e+01
   2.3468000e+05   3.9855957e+01
   2.3547800e+05   7.9040527e+01
   2.4132300e+05   3.6865234e+01
   2.6002100e+05   4.0710449e+01
   2.6436300e+05   3.8513184e+01
   2.6677500e+05   4.1870117e+01
   3.0874000e+05   3.7658691e+01
   3.1677600e+05   4.1259766e+01
   3.2477100e+05   4.2236328e+01
   3.2516300e+05   3.7353516e+01
   3.4424300e+05   3.7292480e+01
   3.4484600e+05   3.8513184e+01
   3.6800500e+05   3.7963867e+01
   4.0306000e+05   4.0893555e+01
   4.0405300e+05   4.3457031e+01
   4.0620800e+05   3.7353516e+01
   4.0700100e+05   3.7414551e+01
   4.4691400e+05   3.8635254e+01
   4.7383600e+05   4.0405273e+01
   4.8561500e+05   3.7353516e+01
   5.0397900e+05   3.7963867e+01
   5.1703200e+05   3.6926270e+01
   5.3336700e+05   4.0100098e+01
   5.4198300e+05   3.8452148e+01
   5.4665500e+05   4.1198730e+01
   5.4976700e+05   4.0344238e+01
   5.5535000e+05   3.7780762e+01
   5.5627100e+05   3.9062500e+01
   5.5674800e+05   3.8024902e+01
   5.8598000e+05   3.7719727e+01
   6.0535700e+05   4.1748047e+01
   6.2397900e+05   3.9367676e+01
   6.3236600e+05   4.2175293e+01
   6.5448900e+05   4.6142578e+01
   6.5975900e+05   3.8146973e+01
   6.6005400e+05   4.1137695e+01
   6.6110600e+05   3.7658691e+01
   6.7072500e+05   3.7048340e+01
   6.8671400e+05   3.8757324e+01
   6.9002500e+05   4.0832520e+01
   6.9077300e+05   4.1687012e+01
   6.9413100e+05   3.8024902e+01
   6.9733400e+05   3.7292480e+01
   7.2494800e+05   4.0527344e+01
   7.3228500e+05   4.1809082e+01
   7.4618500e+05   3.9611816e+01
   7.6684900e+05   4.4738770e+01
   7.8511000e+05   4.0771484e+01
   7.9264000e+05   3.7170410e+01
   8.0590200e+05   3.6987305e+01
   8.1378100e+05   3.7597656e+01
   8.2031800e+05   3.9489746e+01
   8.3209500e+05   4.1870117e+01
   8.3446700e+05   3.9672852e+01
   8.4089900e+05   4.4067383e+01
   8.4997300e+05   3.9733887e+01
   8.6728400e+05   4.0527344e+01
   8.7243100e+05   3.7841797e+01
   8.7428800e+05   4.2419434e+01
   9.0733200e+05   4.0710449e+01
   9.1192400e+05   3.9245605e+01
   9.2556800e+05   3.7475586e+01
   9.3365200e+05   3.7658691e+01
   9.3433800e+05   3.7109375e+01
   9.5363100e+05   3.6987305e+01
   9.6035800e+05   4.4616699e+01
   9.6734300e+05   3.7780762e+01
   9.7655000e+05   4.0588379e+01
   9.9388500e+05   3.8391113e+01
   9.9737200e+05   4.6142578e+01
   1.0046830e+06   3.8513184e+01
   1.0289850e+06   4.0649414e+01
   1.0346080e+06   3.7963867e+01
   1.0380400e+06   4.1931152e+01
   1.0543450e+06   4.6813965e+01
   1.0598910e+06   4.2419434e+01
   1.0661250e+06   3.8146973e+01
   1.0965890e+06   4.3029785e+01
   1.0977630e+06   3.7841797e+01
   1.1061980e+06   4.0710449e+01
   1.1111160e+06   3.7658691e+01
   1.1183330e+06   3.7353516e+01
   1.1308790e+06   3.7170410e+01
   1.1654160e+06   3.8024902e+01
   1.1658360e+06   3.7292480e+01
   1.1794300e+06   3.7475586e+01
   1.1874550e+06   4.1198730e+01
   1.1984110e+06   3.8208008e+01
   1.1997370e+06   3.7658691e+01
   1.2092090e+06   4.1076660e+01
   1.2178630e+06   4.3701172e+01
   1.2286770e+06   3.8452148e+01
   1.2384880e+06   4.3029785e+01
   1.2445160e+06   3.6926270e+01
   1.2559820e+06   3.8818359e+01
   1.2564840e+06   3.7170410e+01
   1.2764290e+06   3.7292480e+01
   1.2875470e+06   3.8208008e+01
   1.3209840e+06   3.8208008e+01
   1.3269540e+06   3.8696289e+01
   1.3388610e+06   4.0527344e+01
   1.3501730e+06   3.6987305e+01
   1.3546070e+06   3.9245605e+01
   1.3661880e+06   4.0832520e+01
   1.3698430e+06   7.9284668e+01
   1.3723730e+06   4.1687012e+01
   1.3818080e+06   4.2602539e+01
   1.3961090e+06   3.9978027e+01
   1.3999690e+06   4.0283203e+01
   1.4001970e+06   3.9001465e+01
   1.4079760e+06   3.7048340e+01
   1.4181770e+06   3.8940430e+01
   1.4297240e+06   3.7292480e+01
   1.4506710e+06   3.6926270e+01
   1.4594170e+06   3.8391113e+01
   1.4624980e+06   7.9956055e+01
   1.4683160e+06   4.7729492e+01
   1.4825530e+06   3.7170410e+01
   1.4903640e+06   3.9489746e+01
   1.5141060e+06   4.2724609e+01
   1.5186910e+06   3.6865234e+01
   1.5278200e+06   3.9367676e+01
   1.5328440e+06   4.7912598e+01
   1.5336560e+06   4.5898438e+01
   1.5429680e+06   3.7841797e+01
   1.5490230e+06   3.8269043e+01
   1.5654450e+06   4.5959473e+01
   1.5872390e+06   4.6020508e+01
   1.5958730e+06   3.8879395e+01
   1.6045490e+06   3.6926270e+01
   1.6070320e+06   3.7536621e+01
   1.6163550e+06   3.6987305e+01
   1.6171860e+06   3.8269043e+01
   1.6195400e+06   4.0771484e+01
   1.6358030e+06   3.8696289e+01
   1.6456690e+06   3.7719727e+01
   1.6520350e+06   4.2663574e+01
   1.6597710e+06   3.9916992e+01
   1.6616340e+06   4.3457031e+01
   1.6733670e+06   4.2358398e+01
   1.6822870e+06   4.2602539e+01
   1.6849880e+06   3.7597656e+01
   1.6954890e+06   3.8818359e+01
   1.7008870e+06   3.6987305e+01
   1.7020740e+06   3.9245605e+01
   1.7103980e+06   3.9428711e+01
   1.7245550e+06   5.3161621e+01
   1.7673160e+06   3.7841797e+01
   1.7770270e+06   3.7719727e+01
   1.7777380e+06   4.2480469e+01
   1.7783820e+06   5.1696777e+01
   1.7882320e+06   3.7719727e+01
   1.7956900e+06   3.7597656e+01
   1.8061630e+06   9.1491699e+01
   1.8110020e+06   3.9489746e+01
   1.8133220e+06   3.7292480e+01
   1.8200810e+06   3.7719727e+01
   1.8514850e+06   3.7170410e+01
   1.8597860e+06   4.7424316e+01
   1.9076490e+06   3.6987305e+01
   1.9188330e+06   3.9123535e+01
   1.9245860e+06   3.7353516e+01
   1.9273900e+06   3.8818359e+01
   1.9634560e+06   3.7536621e+01
   1.9667020e+06   3.9916992e+01
   1.9704450e+06   8.3801270e+01
   1.9747970e+06   3.7414551e+01
   1.9824830e+06   3.7353516e+01
   2.0213980e+06   3.8452148e+01
   2.0230470e+06   4.4433594e+01
   2.0386970e+06   3.8146973e+01
   2.0480180e+06   4.0588379e+01
   2.0545270e+06   3.9550781e+01
   2.0607770e+06   3.8513184e+01
   2.0637340e+06   3.9733887e+01
   2.0645560e+06   4.0588379e+01
   2.0725970e+06   3.7597656e+01
   2.0851420e+06   4.1809082e+01
   2.0912730e+06   3.7536621e+01
   2.1072810e+06   3.7658691e+01
   2.1155640e+06   3.9855957e+01
   2.1315520e+06   3.7963867e+01
   2.1334340e+06   3.8024902e+01
   2.1463540e+06   3.8818359e+01
   2.1526030e+06   3.8940430e+01
   2.1630640e+06   4.0405273e+01
   2.1871270e+06   3.7353516e+01
   2.1890490e+06   3.7292480e+01
   2.2028420e+06   3.7597656e+01
   2.2093530e+06   3.7292480e+01
   2.2270290e+06   3.7963867e+01
   2.2344910e+06   4.0222168e+01
   2.2376390e+06   3.7353516e+01
   2.2423940e+06   3.9367676e+01
   2.2692570e+06   4.4555664e+01
   2.2769930e+06   3.8269043e+01
   2.2775320e+06   3.8391113e+01
   2.2776990e+06   3.8513184e+01
   2.2920810e+06   3.9428711e+01
   2.2998490e+06   4.0649414e+01
   2.3003040e+06   3.9001465e+01
   2.3063350e+06   4.2114258e+01
   2.3117480e+06   3.9855957e+01
   2.3212900e+06   3.7109375e+01
   2.3221380e+06   4.0344238e+01
   2.3298780e+06   3.8085938e+01
   2.3370640e+06   3.9245605e+01
   2.3705070e+06   4.1687012e+01
   2.3741320e+06   3.9184570e+01
   2.3821120e+06   5.9692383e+01
   2.4108850e+06   3.8208008e+01
   2.4133190e+06   7.6110840e+01
   2.4207810e+06   3.9306641e+01
   2.4252870e+06   4.2053223e+01
   2.4403900e+06   3.7231445e+01
   2.4469670e+06   8.7341309e+01
   2.4475150e+06   3.8879395e+01
   2.4811570e+06   3.7536621e+01
   2.4935590e+06   3.7292480e+01
   2.5031480e+06   3.7048340e+01
   2.5167360e+06   8.2641602e+01
   2.5176710e+06   4.4616699e+01
   2.5349590e+06   4.8217773e+01
   2.5705710e+06   4.1442871e+01
   2.5726520e+06   3.6987305e+01
   2.5897130e+06   3.7536621e+01
   2.6077530e+06   3.6926270e+01
   2.6106310e+06   5.0292969e+01
   2.6165850e+06   3.7719727e+01
   2.6215890e+06   3.9916992e+01
   2.6284630e+06   3.6926270e+01
   2.6368380e+06   4.1748047e+01
   2.6667420e+06   3.9245605e+01
   2.6713380e+06   4.4677734e+01
   2.6796450e+06   3.8391113e+01
   2.6926040e+06   3.7231445e+01
   2.6933590e+06   8.8317871e+01
   2.7001020e+06   3.7841797e+01
   2.7035550e+06   4.2785645e+01
   2.7214690e+06   3.8146973e+01
   2.7397290e+06   3.8696289e+01
   2.7426200e+06   4.8339844e+01
   2.7955440e+06   8.9355469e+01
   2.8026610e+06   3.8574219e+01
   2.8049120e+06   3.7719727e+01
   2.8133340e+06   3.9367676e+01
   2.8186780e+06   3.6926270e+01
   2.8241830e+06   3.7353516e+01
   2.8293310e+06   3.7475586e+01
   2.8310900e+06   7.8186035e+01
   2.8806420e+06   3.7353516e+01
   2.8836370e+06   3.8696289e+01
   2.8912940e+06   3.8696289e+01
   2.9007250e+06   3.7658691e+01
   2.9223990e+06   3.9062500e+01
   2.9306690e+06   3.8208008e+01
   2.9308340e+06   3.8208008e+01
   2.9327460e+06   3.6926270e+01
   2.9614600e+06   3.8574219e+01
   2.9662000e+06   3.6926270e+01
   2.9849930e+06   4.1564941e+01
   2.9945430e+06   3.6926270e+01
   2.9946100e+06   4.2114258e+01
   3.0240310e+06   4.1076660e+01
   3.0324560e+06   3.9306641e+01
   3.0413270e+06   4.1687012e+01
   3.0790640e+06   3.7353516e+01
   3.0846480e+06   3.7109375e+01
   3.0867850e+06   3.9001465e+01
   3.0976190e+06   3.7475586e+01
   3.1081180e+06   4.3823242e+01
   3.1175860e+06   3.7963867e+01
   3.1518550e+06   4.5898438e+01
   3.1584730e+06   9.0454102e+01
   3.1613530e+06   4.0893555e+01
   3.1670310e+06   3.8330078e+01
   3.1676280e+06   4.3090820e+01
   3.1841530e+06   4.0527344e+01
   3.1919520e+06   3.7109375e+01
   3.2041510e+06   3.9855957e+01
   3.2108420e+06   3.8330078e+01
   3.2181900e+06   4.0039062e+01
   3.2198120e+06   8.0993652e+01
   3.2201180e+06   3.7475586e+01
   3.2390710e+06   3.7536621e+01
   3.2557620e+06   3.8696289e+01
   3.2770340e+06   3.9611816e+01
   3.2924350e+06   3.9062500e+01
   3.2930510e+06   4.2907715e+01
   3.3058740e+06   9.1857910e+01
   3.3072980e+06   6.5673828e+01
   3.3115600e+06   3.6987305e+01
   3.3173960e+06   3.7414551e+01
   3.3221440e+06   4.2602539e+01
   3.3221760e+06   4.3945312e+01
   3.3310840e+06   4.0222168e+01
   3.3470640e+06   3.7414551e+01
   3.3506600e+06   3.8024902e+01
   3.3767400e+06   4.6630859e+01
   3.3785990e+06   4.3762207e+01
   3.3828710e+06   4.1198730e+01
   3.3848920e+06   4.3579102e+01
   3.3926170e+06   3.8452148e+01
   3.3930720e+06   3.7597656e+01
   3.3994880e+06   3.7109375e+01
   3.4122400e+06   4.1198730e+01
   3.4230390e+06   3.7353516e+01
   3.4333730e+06   3.8146973e+01
   3.4441590e+06   4.0771484e+01
   3.4446540e+06   3.7048340e+01
   3.4690850e+06   3.7658691e+01
   3.4906400e+06   3.9428711e+01
   3.4991500e+06   3.7841797e+01
   3.5026460e+06   3.9855957e+01
   3.5098110e+06   3.9916992e+01
   3.5223910e+06   3.8940430e+01
   3.5235250e+06   3.9916992e+01
   3.5390730e+06   4.1076660e+01
   3.5530310e+06   3.8024902e+01
   3.5610250e+06   4.1809082e+01
   3.5684310e+06   3.8696289e+01
   3.5686510e+06   4.0588379e+01
   3.5687360e+06   3.7536621e+01
   3.5687500e+06   3.7597656e+01
   3.5733810e+06   3.7536621e+01
   3.5912670e+06   3.7719727e+01
   3.6000640e+06   4.3029785e+01
   3.6004470e+06   3.7353516e+01
   3.6084300e+06   4.1320801e+01
   3.6150960e+06   3.7597656e+01
   3.6241220e+06   8.8500977e+01
   3.6246330e+06   3.6987305e+01
   3.6299230e+06   3.6987305e+01
   3.6359050e+06   3.6987305e+01
   3.6504810e+06   3.7780762e+01
   3.6629510e+06   3.7170410e+01
   3.6754810e+06   3.9672852e+01
   3.6799210e+06   4.4555664e+01
   3.6953490e+06   3.8574219e+01
   3.6967820e+06   8.4289551e+01
   3.6977750e+06   3.9306641e+01
   3.7003520e+06   3.9489746e+01
   3.7087270e+06   4.2785645e+01
   3.7188010e+06   3.8208008e+01
   3.7237200e+06   3.9611816e+01
   3.7332520e+06   3.9367676e+01
   3.7682610e+06   3.8574219e+01
   3.7745110e+06   4.0466309e+01
   3.7828030e+06   4.1687012e+01
   3.7856900e+06   8.3801270e+01
   3.7896370e+06   3.8879395e+01
   3.8185040e+06   3.8940430e+01
   3.8186330e+06   3.8146973e+01
   3.8250210e+06   3.6987305e+01
   3.8342970e+06   4.0954590e+01
   3.8414650e+06   3.8024902e+01
   3.8426370e+06   3.9794922e+01
   3.8451870e+06   8.1115723e+01
   3.8458290e+06   3.7109375e+01
   3.8473720e+06   4.2358398e+01
   3.8596990e+06   4.7180176e+01
   3.8677620e+06   3.8818359e+01
   3.8693040e+06   8.9843750e+01
   3.8790910e+06   3.7109375e+01
   3.8810190e+06   3.9978027e+01
   3.8823860e+06   3.9306641e+01
   3.8951860e+06   3.7719727e+01
   3.9040560e+06   3.6865234e+01
   3.9044820e+06   3.7658691e+01
   3.9120330e+06   3.9672852e+01
   3.9124110e+06   4.1198730e+01
   3.9278050e+06   3.6865234e+01
   3.9340990e+06   3.7719727e+01
   3.9432800e+06   4.0161133e+01
   3.9653070e+06   3.9184570e+01
   3.9798400e+06   3.8757324e+01
   3.9876220e+06   3.8146973e+01
   3.9979850e+06   3.8696289e+01
   3.9985940e+06   4.1442871e+01
   4.0012100e+06   3.8635254e+01
   4.0266920e+06   3.8635254e+01
   4.0345750e+06   3.7597656e+01
   4.0366190e+06   3.8208008e+01
   4.0495560e+06   3.7841797e+01
   4.0595110e+06   3.7780762e+01
   4.0627090e+06   3.6865234e+01
   4.1195290e+06   3.7231445e+01
   4.1285430e+06   3.6926270e+01
   4.1397190e+06   4.2785645e+01
   4.1556450e+06   4.1748047e+01
   4.1569200e+06   3.8879395e+01
   4.1706290e+06   4.1625977e+01
   4.1812150e+06   9.2956543e+01
   4.1815740e+06   5.1818848e+01
   4.1915720e+06   4.4311523e+01
   4.2061010e+06   4.3334961e+01
   4.2067780e+06   4.0832520e+01
   4.2078590e+06   4.0161133e+01
   4.2338430e+06   3.6865234e+01
   4.2424720e+06   3.7902832e+01
   4.2425360e+06   3.6987305e+01
   4.2661900e+06   4.0222168e+01
   4.2707520e+06   3.7048340e+01
   4.2761360e+06   4.0649414e+01
   4.2787190e+06   3.8085938e+01
   4.3053640e+06   3.8879395e+01
   4.3110830e+06   8.4228516e+01
   4.3121700e+06   3.9001465e+01
   4.3283800e+06   3.6987305e+01
   4.3290570e+06   5.7739258e+01
   4.3355170e+06   3.8391113e+01
   4.3479970e+06   3.8940430e+01
   4.3550580e+06   4.0405273e+01
   4.3647170e+06   3.8940430e+01
   4.3739650e+06   3.7109375e+01
   4.3747230e+06   3.7353516e+01
   4.3834030e+06   3.7353516e+01
   4.3913230e+06   3.8818359e+01
   4.3961510e+06   4.3640137e+01
   4.4183360e+06   4.0954590e+01
   4.4282660e+06   3.9245605e+01
   4.4435850e+06   4.9499512e+01
   4.4529460e+06   3.8208008e+01
   4.4687460e+06   3.8879395e+01
   4.4930690e+06   3.6865234e+01
   4.4975130e+06   7.5866699e+01
   4.5013380e+06   3.7780762e+01
   4.5133890e+06   3.7048340e+01
   4.5168360e+06   3.6865234e+01
   4.5324610e+06   3.7292480e+01
   4.5644850e+06   8.2946777e+01
   4.5685010e+06   3.9123535e+01
   4.5789350e+06   4.4372559e+01
   4.5934570e+06   8.1909180e+01
   4.5948130e+06   4.2175293e+01
   4.6243340e+06   4.3762207e+01
   4.6294950e+06   4.3640137e+01
   4.6363960e+06   3.8208008e+01
   4.6431330e+06   3.8818359e+01
   4.6503940e+06   3.8452148e+01
   4.6617660e+06   3.8024902e+01
   4.6686630e+06   3.8818359e+01
   4.6784110e+06   3.9611816e+01
   4.6844110e+06   3.9123535e+01
   4.6927550e+06   4.7668457e+01
   4.7019230e+06   3.7963867e+01
   4.7102440e+06   3.7780762e+01
   4.7186050e+06   4.4128418e+01
   4.7460230e+06   4.4433594e+01
   4.7592820e+06   3.8452148e+01
   4.7624510e+06   3.8330078e+01
   4.7674890e+06   3.8513184e+01
   4.7700620e+06   3.9245605e+01
   4.7875460e+06   3.9550781e+01
   4.7960380e+06   3.6926270e+01
   4.8007520e+06   4.6997070e+01
   4.8073310e+06   9.5275879e+01
   4.8175770e+06   7.8918457e+01
   4.8247530e+06   4.2053223e+01
   4.8326740e+06   4.0405273e+01
   4.8444690e+06   4.0649414e+01
   4.8634090e+06   3.9306641e+01
   4.8675100e+06   3.8696289e+01
   4.8680710e+06   8.1420898e+01
   4.8687940e+06   4.0039062e+01
   4.8694020e+06   5.5297852e+01
   4.8766880e+06   3.7170410e+01
   4.8833550e+06   3.6926270e+01
   4.8895970e+06   4.0344238e+01
   4.8958680e+06   4.1320801e+01
   4.8984140e+06   4.5288086e+01
   4.9070300e+06   3.7170410e+01
   4.9286100e+06   4.1259766e+01
   4.9307760e+06   7.4157715e+01
   4.9328360e+06   6.3903809e+01
   4.9482840e+06   4.6264648e+01
   4.9511600e+06   3.8940430e+01
   4.9638270e+06   4.0466309e+01
   4.9690360e+06   7.0373535e+01
   4.9696790e+06   3.8452148e+01
   4.9829240e+06   4.0222168e+01
   4.9843870e+06   7.4584961e+01
   4.9890440e+06   4.0649414e+01
   4.9937020e+06   3.7963867e+01
   4.9981080e+06   3.9611816e+01
   5.0031470e+06   3.8085938e+01
   5.0184760e+06   4.0893555e+01
   5.0297300e+06   4.1259766e+01
   5.0317330e+06   3.9916992e+01
   5.0332930e+06   4.1748047e+01
   5.0415820e+06   3.7597656e+01
   5.0469740e+06   3.7963867e+01
   5.0549660e+06   3.8818359e+01
   5.0624920e+06   3.9001465e+01
   5.0660660e+06   3.7414551e+01
   5.0976600e+06   4.3029785e+01
   5.0998320e+06   3.9550781e+01
   5.1076870e+06   4.0527344e+01
   5.1146500e+06   4.4189453e+01
   5.1219840e+06   3.7902832e+01
   5.1329760e+06   3.7597656e+01
   5.1346220e+06   3.8269043e+01
   5.1427990e+06   3.7780762e+01
   5.1517980e+06   4.6630859e+01
   5.1574910e+06   8.5754395e+01
   5.1710060e+06   4.1381836e+01
   5.1869960e+06   3.7414551e+01
   5.1914660e+06   3.8940430e+01
   5.1950630e+06   3.9916992e+01
   5.2055890e+06   4.2114258e+01
   5.2090150e+06   3.8513184e+01
   5.2144840e+06   3.8085938e+01
   5.2257420e+06   4.1503906e+01
   5.2316790e+06   3.6926270e+01
   5.2324390e+06   3.8635254e+01
   5.2358970e+06   3.7353516e+01
   5.2523740e+06   3.7780762e+01
   5.2546560e+06   3.7780762e+01
   5.2702070e+06   4.3273926e+01
   5.2704920e+06   4.0466309e+01
   5.2763460e+06   3.9123535e+01
   5.2909080e+06   3.8269043e+01
   5.3012480e+06   3.9489746e+01
   5.3078080e+06   3.8024902e+01
   5.3083790e+06   3.6987305e+01
   5.3127590e+06   4.2663574e+01
   5.3196970e+06   3.7231445e+01
   5.3257690e+06   3.7048340e+01
   5.3279410e+06   3.6865234e+01
   5.3312060e+06   4.0649414e+01
   5.3433750e+06   3.7048340e+01
   5.3664220e+06   3.9001465e+01
   5.3739480e+06   3.7292480e+01
   5.3925290e+06   3.7963867e+01
   5.4078370e+06   3.8146973e+01
   5.4079490e+06   4.3518066e+01
   5.4162300e+06   3.6926270e+01
   5.4213380e+06   4.2236328e+01
   5.4415400e+06   3.9428711e+01
   5.4498800e+06   3.7658691e+01
   5.4521860e+06   4.1564941e+01
   5.4629820e+06   3.9184570e+01
   5.4659960e+06   8.0078125e+01
   5.4794830e+06   3.9245605e+01
   5.4907710e+06   9.4299316e+01
   5.4923040e+06   3.8085938e+01
   5.4923870e+06   4.6875000e+01
   5.5065970e+06   3.6926270e+01
   5.5109970e+06   8.3007812e+01
   5.5126510e+06   3.8208008e+01
   5.5183770e+06   3.8085938e+01
   5.5333080e+06   4.1809082e+01
   5.5379130e+06   4.1992188e+01
   5.5388810e+06   3.7231445e+01
   5.5469170e+06   8.3740234e+01
   5.5543230e+06   4.5471191e+01
   5.5598270e+06   3.9306641e+01
   5.5650430e+06   8.4228516e+01
   5.5664470e+06   3.8024902e+01
   5.5818610e+06   3.8146973e+01
   5.5944110e+06   4.2480469e+01
   5.6017310e+06   3.8085938e+01
   5.6083810e+06   9.2834473e+01
   5.6086150e+06   3.7597656e+01
   5.6178930e+06   3.8452148e+01
   5.6233060e+06   3.8635254e+01
   5.6263590e+06   7.7453613e+01
   5.6296040e+06   3.7963867e+01
   5.6470700e+06   3.7719727e+01
   5.6569560e+06   7.4035645e+01
   5.6574600e+06   3.7536621e+01
   5.6771970e+06   3.8940430e+01
   5.6787210e+06   8.0383301e+01
   5.6821610e+06   3.7231445e+01
   5.6991630e+06   7.9650879e+01
   5.6993380e+06   3.7231445e+01
   5.7017700e+06   4.1870117e+01
   5.7066890e+06   3.7902832e+01
   5.7078660e+06   3.7719727e+01
   5.7146630e+06   3.9550781e+01
   5.7335530e+06   8.3312988e+01
   5.7371080e+06   3.9367676e+01
   5.7494710e+06   4.2480469e+01
   5.7647600e+06   3.8269043e+01
   5.7836600e+06   7.0068359e+01
   5.7952430e+06   3.9245605e+01
   5.7993330e+06   4.0649414e+01
   5.7993980e+06   3.7292480e+01
   5.8079170e+06   7.9223633e+01
   5.8145530e+06   3.9855957e+01
   5.8196490e+06   4.1687012e+01
   5.8306790e+06   3.8024902e+01
   5.8380000e+06   6.4636230e+01
   5.8436010e+06   4.1076660e+01
   5.8483850e+06   3.7353516e+01
   5.8507590e+06   3.9611816e+01
   5.8513080e+06   3.9672852e+01
   5.8528830e+06   7.5439453e+01
   5.8570330e+06   3.6926270e+01
   5.8711320e+06   7.9895020e+01
   5.8975750e+06   7.9406738e+01
   5.9027760e+06   3.7109375e+01
   5.9144540e+06   3.9794922e+01
   5.9160310e+06   7.0495605e+01
   5.9162480e+06   4.0161133e+01
   5.9166410e+06   3.8391113e+01
   5.9212450e+06   4.0283203e+01
   5.9271120e+06   3.8635254e+01
   5.9331430e+06   3.9367676e+01
   5.9341400e+06   7.1411133e+01
   5.9390450e+06   4.7119141e+01
   5.9487350e+06   3.8330078e+01
   5.9516010e+06   7.0800781e+01
   5.9538270e+06   4.3640137e+01
   5.9605780e+06   3.8330078e+01
   5.9678700e+06   7.0678711e+01
   5.9682840e+06   3.8696289e+01
   5.9906340e+06   4.1137695e+01
   5.9957570e+06   3.9123535e+01
   5.9989040e+06   4.9011230e+01
   5.9998790e+06   7.1105957e+01
   6.0204710e+06   6.8908691e+01
   6.0312980e+06   3.9306641e+01
   6.0342700e+06   6.3415527e+01
   6.0423240e+06   4.2907715e+01
   6.0433200e+06   6.8359375e+01
   6.0442190e+06   5.4748535e+01
   6.0459760e+06   4.0283203e+01
   6.0623420e+06   7.0739746e+01
   6.0727510e+06   3.8818359e+01
   6.0761710e+06   4.1748047e+01
   6.0795250e+06   6.0302734e+01
   6.0906130e+06   3.8879395e+01
   6.0968960e+06   7.6232910e+01
   6.1012730e+06   3.7658691e+01
   6.1182110e+06   3.6987305e+01
   6.1222880e+06   3.8391113e+01
   6.1319460e+06   7.2448730e+01
   6.1368980e+06   3.7170410e+01
   6.1471650e+06   4.3579102e+01
   6.1474750e+06   3.8818359e+01
   6.1501050e+06   5.5114746e+01
   6.1509370e+06   4.0405273e+01
   6.1685970e+06   7.4401855e+01
   6.1686170e+06   4.4982910e+01
   6.1911660e+06   3.7170410e+01
   6.1920250e+06   7.0922852e+01
   6.1979010e+06   3.8391113e+01
   6.2116000e+06   5.5908203e+01
   6.2157030e+06   3.9794922e+01
   6.2186380e+06   3.9794922e+01
   6.2207570e+06   4.2236328e+01
   6.2218050e+06   3.7658691e+01
   6.2284400e+06   3.7353516e+01
   6.2336620e+06   3.8513184e+01
   6.2489180e+06   7.6171875e+01
   6.2504640e+06   3.8146973e+01
   6.2530640e+06   4.7729492e+01
   6.2676090e+06   7.9284668e+01
   6.2779730e+06   3.9550781e+01
   6.2807680e+06   4.4555664e+01
   6.2824810e+06   3.6926270e+01
   6.2852800e+06   6.1401367e+01
   6.2987680e+06   6.5856934e+01
   6.2997760e+06   5.6701660e+01
   6.3031830e+06   3.8696289e+01
   6.3138630e+06   7.3852539e+01
   6.3334550e+06   6.9458008e+01
   6.3383140e+06   3.8940430e+01
   6.3509450e+06   4.1381836e+01
   6.3543900e+06   7.0922852e+01
   6.3553710e+06   3.6926270e+01
   6.3710350e+06   7.7575684e+01
   6.3724750e+06   4.5898438e+01
   6.3797680e+06   3.9428711e+01
   6.3861370e+06   3.7170410e+01
   6.3997560e+06   3.7048340e+01
   6.4011400e+06   4.2175293e+01
   6.4021500e+06   3.7170410e+01
   6.4075920e+06   3.8452148e+01
   6.4091050e+06   6.4392090e+01
   6.4165750e+06   3.8574219e+01
   6.4232200e+06   3.7048340e+01
   6.4241800e+06   3.7841797e+01
   6.4255010e+06   6.4453125e+01
   6.4265140e+06   3.8513184e+01
   6.4321760e+06   3.8574219e+01
   6.4458600e+06   4.3029785e+01
   6.4470620e+06   6.4392090e+01
   6.4485480e+06   4.3457031e+01
   6.4563350e+06   3.8940430e+01
   6.4798980e+06   3.9733887e+01
   6.4848960e+06   3.9733887e+01
   6.4852700e+06   3.9123535e+01
   6.4931150e+06   7.7697754e+01
   6.4986800e+06   3.7475586e+01
   6.5093040e+06   3.8085938e+01
   6.5196030e+06   8.0383301e+01
   6.5202700e+06   4.6081543e+01
   6.5251830e+06   3.9062500e+01
   6.5293330e+06   3.7780762e+01
   6.5346260e+06   3.8085938e+01
   6.5361370e+06   6.6772461e+01
   6.5394670e+06   3.7231445e+01
   6.5496570e+06   3.7353516e+01
   6.5571880e+06   6.2011719e+01
   6.5684180e+06   3.8574219e+01
   6.5719350e+06   3.7231445e+01
   6.5722180e+06   7.1044922e+01
   6.5740750e+06   4.5898438e+01
   6.5872080e+06   6.9946289e+01
   6.5880220e+06   3.8146973e+01
   6.5937320e+06   3.7902832e+01
   6.5989330e+06   4.1992188e+01
   6.6049640e+06   3.7109375e+01
   6.6056150e+06   3.8635254e+01
   6.6099130e+06   6.1279297e+01
   6.6101390e+06   3.7414551e+01
   6.6234860e+06   4.4982910e+01
   6.6436550e+06   7.5256348e+01
   6.6601720e+06   4.0588379e+01
   6.6670890e+06   7.4890137e+01
   6.6725430e+06   4.6081543e+01
   6.6847620e+06   6.4331055e+01
   6.6905750e+06   4.7180176e+01
   6.7036850e+06   3.8513184e+01
   6.7039040e+06   7.7453613e+01
   6.7086560e+06   3.7780762e+01
   6.7108320e+06   3.7353516e+01
   6.7219300e+06   6.2194824e+01
   6.7378110e+06   3.7414551e+01
   6.7500650e+06   7.3059082e+01
   6.7639270e+06   4.4982910e+01
   6.7750700e+06   7.9833984e+01
   6.7759600e+06   5.8166504e+01
   6.7802890e+06   4.1809082e+01
   6.7830440e+06   3.8879395e+01
   6.7857850e+06   4.1259766e+01
   6.8071880e+06   3.7780762e+01
   6.8107540e+06   3.9611816e+01
   6.8135930e+06   7.6293945e+01
   6.8204650e+06   4.0893555e+01
   6.8236170e+06   3.7353516e+01
   6.8258230e+06   4.4494629e+01
   6.8331390e+06   3.7475586e+01
   6.8394060e+06   3.8940430e+01
   6.8403050e+06   3.7780762e+01
   6.8407160e+06   4.2297363e+01
   6.8428900e+06   7.4523926e+01
   6.8667710e+06   3.7353516e+01
   6.8707590e+06   8.2397461e+01
   6.8715340e+06   4.5166016e+01
   6.8824030e+06   4.3457031e+01
   6.8901320e+06   4.1076660e+01
   6.8931060e+06   4.1076660e+01
   6.8994890e+06   3.7292480e+01
   6.9014310e+06   4.2114258e+01
   6.9023930e+06   7.1594238e+01
   6.9030440e+06   3.9367676e+01
   6.9134750e+06   4.3212891e+01
   6.9221600e+06   3.7414551e+01
   6.9236710e+06   4.7058105e+01
   6.9263080e+06   8.2092285e+01
   6.9488940e+06   3.9978027e+01
   6.9510550e+06   6.7565918e+01
   6.9601550e+06   3.6865234e+01
   6.9624960e+06   3.7231445e+01
   6.9651650e+06   4.0039062e+01
   6.9654500e+06   7.0800781e+01
   6.9660630e+06   4.6386719e+01
   6.9667780e+06   4.1870117e+01
   6.9677090e+06   3.8879395e+01
   6.9740340e+06   3.8269043e+01
   6.9850490e+06   3.8818359e+01
   6.9856920e+06   7.5317383e+01
   6.9859900e+06   3.7353516e+01
   6.9862710e+06   4.2175293e+01
   7.0125330e+06   3.7231445e+01
   7.0190450e+06   6.7687988e+01
   7.0191420e+06   3.7292480e+01
   7.0209790e+06   5.0598145e+01
   7.0216260e+06   3.8391113e+01
   7.0263990e+06   4.0344238e+01
   7.0398160e+06   3.7719727e+01
   7.0432890e+06   3.9428711e+01
   7.0440880e+06   3.8513184e+01
   7.0445550e+06   7.4035645e+01
   7.0456010e+06   3.8635254e+01
   7.0692880e+06   3.7170410e+01
   7.0764180e+06   3.6987305e+01
   7.0768070e+06   7.6721191e+01
   7.0981060e+06   4.0100098e+01
   7.1031980e+06   7.8491211e+01
   7.1032860e+06   4.3884277e+01
   7.1087980e+06   3.8513184e+01
   7.1109550e+06   4.6630859e+01
   7.1153560e+06   3.7719727e+01
   7.1209130e+06   3.7597656e+01
   7.1275180e+06   7.5378418e+01
   7.1277260e+06   3.6926270e+01
   7.1453310e+06   4.1503906e+01
   7.1462800e+06   4.0649414e+01
   7.1501770e+06   7.0678711e+01
   7.1503360e+06   3.9916992e+01
   7.1517960e+06   3.9489746e+01
   7.1570670e+06   3.9001465e+01
   7.1697130e+06   3.7414551e+01
   7.1732470e+06   3.9062500e+01
   7.1747030e+06   3.9978027e+01
   7.1750050e+06   6.5734863e+01
   7.1855340e+06   4.1442871e+01
   7.1924660e+06   3.6865234e+01
   7.2060810e+06   5.3405762e+01
   7.2133440e+06   7.7575684e+01
   7.2258130e+06   3.6987305e+01
   7.2511910e+06   7.4829102e+01
   7.2600500e+06   3.8330078e+01
   7.2647530e+06   3.8085938e+01
   7.2653020e+06   5.2124023e+01
   7.2798520e+06   3.9978027e+01
   7.2899610e+06   3.8208008e+01
   7.2934220e+06   3.7048340e+01
   7.2990710e+06   3.8269043e+01
   7.3196500e+06   4.1625977e+01
   7.3212000e+06   3.7109375e+01
   7.3261050e+06   3.7231445e+01
   7.3265520e+06   3.7170410e+01
   7.3423750e+06   3.7597656e+01
   7.3448840e+06   8.1115723e+01
   7.3576340e+06   3.9550781e+01
   7.3612860e+06   4.7119141e+01
   7.3637440e+06   3.9001465e+01
   7.3759100e+06   3.7170410e+01
   7.3857830e+06   3.6987305e+01
   7.3933760e+06   3.7719727e+01
   7.4026350e+06   3.9184570e+01
   7.4047880e+06   3.6987305e+01
   7.4060810e+06   3.9489746e+01
   7.4075380e+06   3.6865234e+01
   7.4095660e+06   6.8786621e+01
   7.4225190e+06   3.8146973e+01
   7.4323990e+06   3.7658691e+01
   7.4443110e+06   3.7719727e+01
   7.4444730e+06   3.8208008e+01
   7.4524250e+06   4.0832520e+01
   7.4547380e+06   4.2968750e+01
   7.4615990e+06   4.1687012e+01
   7.4909660e+06   3.8085938e+01
   7.5066640e+06   4.4250488e+01
   7.5138490e+06   3.7231445e+01
   7.5254190e+06   4.0954590e+01
   7.5402130e+06   3.8513184e+01
   7.5418250e+06   3.6987305e+01
   7.5462880e+06   4.1625977e+01
   7.5554780e+06   9.3566895e+01
   7.5560970e+06   3.6987305e+01
   7.5794040e+06   3.8818359e+01
   7.5911880e+06   3.6926270e+01
   7.5935040e+06   3.7719727e+01
   7.6075760e+06   4.3090820e+01
   7.6192830e+06   3.7963867e+01
   7.6225500e+06   3.7231445e+01
   7.6580920e+06   4.4494629e+01
   7.6584890e+06   3.7292480e+01
   7.6615950e+06   3.9489746e+01
   7.6682520e+06   3.7902832e+01
   7.6838290e+06   4.5166016e+01
   7.6913760e+06   3.8208008e+01
   7.6946690e+06   4.0405273e+01
   7.6953760e+06   3.8696289e+01
   7.7006040e+06   3.6987305e+01
   7.7087700e+06   3.7292480e+01
   7.7181720e+06   4.0405273e+01
   7.7273350e+06   3.9550781e+01
   7.7328440e+06   3.9978027e+01
   7.7373830e+06   7.7819824e+01
   7.7382140e+06   7.0129395e+01
   7.7463840e+06   3.7353516e+01
   7.7622900e+06   5.1574707e+01
   7.7623190e+06   4.2968750e+01
   7.7708060e+06   3.7719727e+01
   7.7861410e+06   4.0161133e+01
   7.7868220e+06   3.7048340e+01
   7.7880430e+06   3.9123535e+01
   7.8013020e+06   3.9733887e+01
   7.8040670e+06   3.9123535e+01
   7.8167480e+06   3.6865234e+01
   7.8220440e+06   3.7780762e+01
   7.8258310e+06   4.3212891e+01
   7.8373420e+06   5.0476074e+01
   7.8387010e+06   6.8786621e+01
   7.8463600e+06   3.9611816e+01
   7.8645840e+06   3.8757324e+01
   7.8652280e+06   3.9672852e+01
   7.8778470e+06   3.8635254e+01
   7.8868840e+06   4.3945312e+01
   7.8930490e+06   3.8391113e+01
   7.8984980e+06   3.7963867e+01
   7.9052070e+06   4.2419434e+01
   7.9089040e+06   3.8574219e+01
   7.9201660e+06   3.9428711e+01
   7.9251970e+06   4.1137695e+01
   7.9315060e+06   3.7963867e+01
   7.9338970e+06   3.7048340e+01
   7.9379540e+06   3.9978027e+01
   7.9433610e+06   4.0222168e+01
   7.9521350e+06   3.8757324e+01
   7.9720310e+06   3.7963867e+01
   7.9797720e+06   3.8208008e+01
   7.9798070e+06   4.1381836e+01
   7.9798970e+06   3.9672852e+01
   7.9849230e+06   3.7780762e+01
   8.0001080e+06   3.7109375e+01
   8.0051120e+06   3.8085938e+01
   8.0082050e+06   3.8513184e+01
   8.0207320e+06   3.7109375e+01
   8.0308550e+06   3.7902832e+01
   8.0387220e+06   3.9611816e+01
   8.0514550e+06   3.8635254e+01
   8.0545770e+06   4.3701172e+01
   8.0622330e+06   3.6865234e+01
   8.0622670e+06   3.7841797e+01
   8.0712760e+06   3.7963867e+01
   8.0802700e+06   4.1931152e+01
   8.0858460e+06   4.3090820e+01
   8.0862620e+06   4.5349121e+01
   8.0881110e+06   4.0222168e+01
   8.0920390e+06   3.7048340e+01
   8.0945550e+06   4.0283203e+01
   8.1012220e+06   3.8146973e+01
   8.1066200e+06   3.7780762e+01
   8.1126950e+06   3.8146973e+01
   8.1146520e+06   3.6987305e+01
   8.1235650e+06   3.7414551e+01
   8.1277930e+06   3.8879395e+01
   8.1386890e+06   3.9306641e+01
   8.1404480e+06   4.0161133e+01
   8.1535020e+06   4.4860840e+01
   8.1628410e+06   3.8269043e+01
   8.1633540e+06   3.9062500e+01
   8.1722040e+06   3.7536621e+01
   8.1773560e+06   4.0893555e+01
   8.1814160e+06   3.7597656e+01
   8.1831020e+06   3.7658691e+01
   8.1846370e+06   3.8940430e+01
   8.1888040e+06   3.9978027e+01
   8.1943660e+06   7.8918457e+01
   8.1989360e+06   3.7902832e+01
   8.2019290e+06   3.9428711e+01
   8.2021450e+06   3.7536621e+01
   8.2229020e+06   3.9855957e+01
   8.2245720e+06   3.9672852e+01
   8.2451250e+06   3.9794922e+01
   8.2506570e+06   3.8513184e+01
   8.2576290e+06   3.7902832e+01
   8.2625750e+06   3.7780762e+01
   8.2627770e+06   3.8452148e+01
   8.2705560e+06   3.8574219e+01
   8.2785990e+06   3.7414551e+01
   8.2880790e+06   3.9672852e+01
   8.2988550e+06   3.8513184e+01
   8.3103920e+06   3.7231445e+01
   8.3185640e+06   3.8330078e+01
   8.3300210e+06   3.7231445e+01
   8.3343770e+06   3.8146973e+01
   8.3370610e+06   3.8940430e+01
   8.3433730e+06   4.1503906e+01
   8.3495670e+06   3.6926270e+01
   8.3512060e+06   3.8391113e+01
   8.3573360e+06   3.8879395e+01
   8.3691510e+06   3.7414551e+01
   8.3773270e+06   3.6865234e+01
   8.3832460e+06   3.7780762e+01
   8.3839690e+06   4.0527344e+01
   8.3854420e+06   3.7902832e+01
   8.3891790e+06   3.7597656e+01
   8.3968140e+06   4.0344238e+01
   8.4084540e+06   3.7231445e+01
   8.4155720e+06   4.2419434e+01
   8.4207270e+06   4.6264648e+01
   8.4234910e+06   3.7414551e+01
   8.4308040e+06   3.9001465e+01
   8.4416000e+06   4.0405273e+01
   8.4431300e+06   4.8889160e+01
   8.4519690e+06   4.1259766e+01
   8.4890610e+06   3.9978027e+01
   8.4917070e+06   3.7414551e+01
   8.4949020e+06   3.7536621e+01
   8.5003280e+06   4.4494629e+01
   8.5088910e+06   4.6508789e+01
   8.5154920e+06   3.9306641e+01
   8.5289870e+06   3.7414551e+01
   8.5313400e+06   3.8574219e+01
   8.5405330e+06   3.6865234e+01
   8.5579240e+06   4.0832520e+01
   8.5660620e+06   4.1992188e+01
   8.5734200e+06   3.8696289e+01
   8.5735600e+06   3.7109375e+01
   8.5773970e+06   3.7902832e+01
   8.5842770e+06   3.8635254e+01
   8.5846290e+06   3.7353516e+01
   8.6071570e+06   3.7597656e+01
   8.6230850e+06   4.0100098e+01
   8.6416190e+06   4.3579102e+01
   8.6832750e+06   4.0100098e+01
   8.6872650e+06   3.7536621e+01
   8.6933760e+06   4.0344238e+01
   8.6937560e+06   3.9428711e+01
   8.6975030e+06   3.9733887e+01
   8.7013310e+06   3.9367676e+01
   8.7264430e+06   4.5471191e+01
   8.7266700e+06   3.8024902e+01
   8.7331290e+06   3.9733887e+01
   8.7616840e+06   3.7292480e+01
   8.7660740e+06   3.7048340e+01
   8.7833280e+06   3.8818359e+01
   8.7907530e+06   3.9916992e+01
   8.8018780e+06   4.0649414e+01
   8.8029760e+06   3.8391113e+01
   8.8205510e+06   3.7231445e+01
   8.8306360e+06   3.8696289e+01
   8.8314510e+06   7.7026367e+01
   8.8319940e+06   5.2001953e+01
   8.8328330e+06   4.0832520e+01
   8.8363380e+06   3.6987305e+01
   8.8372280e+06   4.1687012e+01
   8.8518560e+06   4.0832520e+01
   8.8809210e+06   4.1137695e+01
   8.8898780e+06   3.9001465e+01
   8.8911550e+06   3.9245605e+01
   8.9009480e+06   3.8940430e+01
   8.9049340e+06   3.9794922e+01
   8.9128160e+06   3.8269043e+01
   8.9183450e+06   3.7353516e+01
   8.9193350e+06   3.7292480e+01
   8.9418650e+06   3.7048340e+01
   8.9423840e+06   3.8574219e+01
   8.9433810e+06   3.7780762e+01
   8.9578090e+06   3.7170410e+01
   8.9642810e+06   4.5898438e+01
   8.9700340e+06   3.8513184e+01
   8.9791600e+06   3.7109375e+01
   8.9895590e+06   3.7841797e+01
   8.9953440e+06   3.7780762e+01
