   8.9990000e+06   0.0000000e+00
   1.0280200e+05   3.6865234e+01
   2.5415100e+05   3.4790039e+01
   4.2795000e+05   3.4729004e+01
   9.4703400e+05   3.5705566e+01
   1.0303720e+06   3.4179688e+01
   1.2688140e+06   4.3823242e+01
   1.3167730e+06   3.4973145e+01
   1.4432940e+06   4.0527344e+01
   1.4698150e+06   3.8085938e+01
   1.5304980e+06   3.7902832e+01
   1.5585430e+06   5.1574707e+01
   1.6061110e+06   3.5339355e+01
   1.8390220e+06   4.0161133e+01
   1.8801250e+06   4.4067383e+01
   2.0952400e+06   3.4606934e+01
   2.1098160e+06   3.4240723e+01
   2.1799410e+06   3.7353516e+01
   2.2553540e+06   3.8391113e+01
   2.5022930e+06   3.4301758e+01
   2.5070660e+06   3.7109375e+01
   2.7356010e+06   4.2846680e+01
   2.7501750e+06   3.7353516e+01
   2.8088960e+06   3.4729004e+01
   3.0630470e+06   3.7597656e+01
   3.1134080e+06   3.4851074e+01
   3.4152340e+06   3.7841797e+01
   3.4870360e+06   3.5095215e+01
   3.5408720e+06   3.9489746e+01
   3.5700230e+06   3.5888672e+01
   3.5933320e+06   3.6560059e+01
   3.5974470e+06   4.5288086e+01
   3.6175430e+06   3.9306641e+01
   3.7871890e+06   3.8024902e+01
   3.8003090e+06   3.7292480e+01
   3.8726360e+06   3.9794922e+01
   3.8830180e+06   3.9550781e+01
   3.9049700e+06   3.8879395e+01
   4.0157930e+06   3.9611816e+01
   4.0490210e+06   3.4973145e+01
   4.1488190e+06   3.4362793e+01
   4.2946880e+06   4.1992188e+01
   4.4742660e+06   3.5156250e+01
   4.5125920e+06   3.4118652e+01
   4.5311090e+06   3.9855957e+01
   4.6790610e+06   3.6254883e+01
   4.8613030e+06   3.7963867e+01
   4.9338420e+06   4.4067383e+01
   5.0632910e+06   3.5034180e+01
   5.0799850e+06   3.6621094e+01
   5.0862810e+06   3.6560059e+01
   5.1232210e+06   3.4118652e+01
   5.1430070e+06   3.8208008e+01
   5.2066800e+06   3.4606934e+01
   5.2506380e+06   3.5217285e+01
   5.2710480e+06   3.4362793e+01
   5.2793510e+06   4.0344238e+01
   5.2837440e+06   3.4851074e+01
   5.2974580e+06   3.9062500e+01
   5.3526740e+06   3.5583496e+01
   5.3698260e+06   3.4973145e+01
   5.4012520e+06   4.2236328e+01
   5.4400450e+06   3.8146973e+01
   5.5041520e+06   3.6071777e+01
   5.5184110e+06   3.6499023e+01
   5.5514520e+06   4.3823242e+01
   5.5955900e+06   3.4973145e+01
   5.6205520e+06   3.6804199e+01
   5.6285580e+06   4.0161133e+01
   5.6336690e+06   4.1564941e+01
   5.7394600e+06   3.5400391e+01
   5.7485880e+06   3.5095215e+01
   5.8852210e+06   3.5095215e+01
   5.9693690e+06   4.0039062e+01
   5.9852760e+06   3.5339355e+01
   6.0142110e+06   3.5644531e+01
   6.0297280e+06   3.5888672e+01
   6.0436210e+06   3.9001465e+01
   6.1468610e+06   3.4362793e+01
   6.1524710e+06   3.4484863e+01
   6.1830420e+06   4.5654297e+01
   6.1953070e+06   3.6682129e+01
   6.3025920e+06   3.8879395e+01
   6.3419760e+06   7.0495605e+01
   6.4431540e+06   3.4545898e+01
   6.4878860e+06   3.4057617e+01
   6.5001110e+06   3.5766602e+01
   6.5077770e+06   4.1198730e+01
   6.5180850e+06   3.6499023e+01
   6.6207920e+06   4.0466309e+01
   6.6563640e+06   3.5461426e+01
   6.6898600e+06   3.6926270e+01
   6.8066850e+06   3.5156250e+01
   6.9394640e+06   3.5705566e+01
   7.0784560e+06   3.5217285e+01
   7.1735950e+06   3.5766602e+01
   7.2028220e+06   3.6254883e+01
   7.3955540e+06   3.6071777e+01
   7.4728820e+06   4.0466309e+01
   7.6277040e+06   3.4179688e+01
   7.6395270e+06   3.5644531e+01
   7.6630630e+06   3.4301758e+01
   7.6812420e+06   3.9001465e+01
   7.7229370e+06   4.0771484e+01
   7.7301740e+06   3.5034180e+01
   7.7667770e+06   3.4973145e+01
   7.7736670e+06   4.0893555e+01
   7.7922650e+06   3.6071777e+01
   8.1069980e+06   4.4616699e+01
   8.1852810e+06   3.8085938e+01
   8.2204960e+06   4.5043945e+01
   8.2828050e+06   3.6865234e+01
   8.3438020e+06   3.7719727e+01
   8.3559820e+06   3.5522461e+01
   8.3962500e+06   4.2358398e+01
   8.5323470e+06   3.8452148e+01
   8.5934030e+06   3.7841797e+01
   8.6276880e+06   3.5095215e+01
   8.6345800e+06   4.2236328e+01
   8.6452550e+06   3.6010742e+01
   8.6454860e+06   3.4729004e+01
   8.7158410e+06   3.6010742e+01
   8.7836660e+06   3.5583496e+01
   8.8292010e+06   3.4240723e+01
   8.8677640e+06   3.7658691e+01
   8.8938240e+06   3.4851074e+01
   8.8974830e+06   3.7658691e+01
