   8.9990000e+06   0.0000000e+00
   1.2721600e+05   1.0437012e+01
   2.5052300e+05   1.0009766e+01
   2.6693400e+05   1.0253906e+01
   4.9088600e+05   1.0253906e+01
   8.2956800e+05   1.0009766e+01
   1.0367330e+06   1.0009766e+01
   1.4546680e+06   1.0009766e+01
   1.4794130e+06   1.0437012e+01
   1.7600700e+06   1.0070801e+01
   1.7629910e+06   1.0803223e+01
   1.7890010e+06   1.0314941e+01
   1.8514430e+06   1.0070801e+01
   1.9853020e+06   1.0070801e+01
   2.0358170e+06   9.9487305e+00
   2.1421770e+06   1.0253906e+01
   2.1914270e+06   1.0375977e+01
   2.5820630e+06   1.0009766e+01
   2.9295180e+06   9.9487305e+00
   2.9312780e+06   1.0437012e+01
   2.9355970e+06   1.0253906e+01
   3.0547080e+06   1.0559082e+01
   3.1364480e+06   1.0192871e+01
   3.4535800e+06   1.0498047e+01
   3.7595690e+06   1.0437012e+01
   4.1329870e+06   1.0192871e+01
   4.2195500e+06   1.0559082e+01
   4.2601870e+06   9.9487305e+00
   4.5212120e+06   9.9487305e+00
   4.6122880e+06   1.0253906e+01
   4.6900330e+06   1.0131836e+01
   4.7421400e+06   1.0253906e+01
   4.8371920e+06   1.0803223e+01
   5.6456280e+06   1.0009766e+01
   6.0206050e+06   1.0681152e+01
   6.1068730e+06   1.0498047e+01
   6.5547240e+06   1.0009766e+01
   6.8299130e+06   1.0070801e+01
   6.8684500e+06   1.0009766e+01
   6.9047700e+06   1.0070801e+01
   6.9074820e+06   1.0253906e+01
   6.9996430e+06   9.9487305e+00
   7.4102700e+06   1.0009766e+01
   8.3860220e+06   1.0498047e+01
   8.7017010e+06   1.0498047e+01
   8.8573910e+06   1.0314941e+01
   8.9039620e+06   1.1413574e+01
