   8.9990000e+06   0.0000000e+00
   1.9305900e+05   3.4301758e+01
   3.4934400e+05   3.4851074e+01
   3.7250200e+05   3.4118652e+01
   6.2207000e+05   3.5034180e+01
   7.2320300e+05   3.6437988e+01
   1.0221740e+06   3.5156250e+01
   1.0510550e+06   3.4790039e+01
   1.7346890e+06   4.1076660e+01
   1.8364790e+06   3.7109375e+01
   1.9230590e+06   3.5095215e+01
   2.1205800e+06   3.5034180e+01
   2.2378660e+06   3.4851074e+01
   2.4778840e+06   3.5461426e+01
   2.4901830e+06   3.8269043e+01
   2.5100440e+06   3.3935547e+01
   2.6712970e+06   3.4484863e+01
   2.6794140e+06   3.9978027e+01
   2.7687710e+06   3.4851074e+01
   2.7759300e+06   3.6499023e+01
   2.8578070e+06   3.4606934e+01
   2.9395600e+06   3.5156250e+01
   3.0193160e+06   3.4301758e+01
   3.0865160e+06   3.3813477e+01
   3.1771390e+06   3.5034180e+01
   3.3752970e+06   3.5156250e+01
   3.4636150e+06   3.5949707e+01
   3.5805020e+06   3.7048340e+01
   3.5809360e+06   3.4545898e+01
   3.6267650e+06   3.4240723e+01
   3.8422450e+06   3.8879395e+01
   3.9843670e+06   3.7048340e+01
   4.0981430e+06   3.4240723e+01
   4.1305930e+06   3.5949707e+01
   4.2349010e+06   3.3813477e+01
   4.3025780e+06   3.4851074e+01
   4.3029900e+06   3.4118652e+01
   4.3937590e+06   3.5400391e+01
   4.4049310e+06   3.5888672e+01
   4.4444080e+06   3.5217285e+01
   4.6603930e+06   4.4555664e+01
   4.6976330e+06   3.4179688e+01
   4.7185540e+06   3.7536621e+01
   4.8122500e+06   3.3813477e+01
   4.9684740e+06   3.3935547e+01
   5.0307280e+06   3.8574219e+01
   5.1871490e+06   3.7719727e+01
   5.8903760e+06   3.8269043e+01
   5.9924820e+06   3.6254883e+01
   6.1195910e+06   3.4851074e+01
   6.1232170e+06   3.3813477e+01
   6.1727180e+06   3.5400391e+01
   6.2361370e+06   3.5827637e+01
   6.2420210e+06   3.6804199e+01
   6.4275300e+06   3.4790039e+01
   6.5070100e+06   3.4973145e+01
   6.5654250e+06   3.4240723e+01
   6.7657670e+06   3.5095215e+01
   6.8629470e+06   3.4729004e+01
   6.9984130e+06   3.5644531e+01
   7.0878470e+06   3.4606934e+01
   7.1145930e+06   3.5156250e+01
   7.1455840e+06   3.5278320e+01
   7.4751550e+06   4.0893555e+01
   7.5133970e+06   3.6193848e+01
   7.5343080e+06   3.9184570e+01
   7.5621740e+06   4.1076660e+01
   7.8981590e+06   3.5339355e+01
   8.0242900e+06   3.3996582e+01
   8.1539310e+06   3.4179688e+01
   8.2314010e+06   3.8085938e+01
   8.2746930e+06   3.5034180e+01
   8.5136460e+06   3.6010742e+01
   8.6644760e+06   4.1809082e+01
   8.6930800e+06   3.5644531e+01
   8.7558110e+06   3.8391113e+01
   8.7562250e+06   3.8757324e+01
   8.9502470e+06   3.9306641e+01
