   8.9990000e+06   0.0000000e+00
   3.7365200e+05   4.4860840e+01
   5.9176200e+05   4.5471191e+01
   6.6199000e+05   4.7302246e+01
   1.0265180e+06   4.6325684e+01
   1.4429500e+06   4.9011230e+01
   1.6094080e+06   4.9133301e+01
   1.8303960e+06   4.5776367e+01
   2.1094680e+06   4.4921875e+01
   3.2043910e+06   4.8217773e+01
   4.3239720e+06   4.8095703e+01
   4.6215150e+06   4.5349121e+01
   4.6931850e+06   4.9499512e+01
   4.7171680e+06   4.6325684e+01
   5.4006370e+06   4.6386719e+01
   5.8927170e+06   4.8706055e+01
   5.9616040e+06   4.4982910e+01
   6.2710090e+06   4.5471191e+01
   6.6828780e+06   4.5654297e+01
   6.9350500e+06   4.9072266e+01
   7.0330510e+06   4.7058105e+01
   7.9044190e+06   4.8645020e+01
   8.1848210e+06   4.4860840e+01
   8.3037310e+06   4.8034668e+01
