   8.9990000e+06   0.0000000e+00
   4.5748900e+05   3.8146973e+01
   7.9392000e+05   4.8095703e+01
   8.5594500e+05   4.0588379e+01
   9.2399600e+05   4.3395996e+01
   9.6050000e+05   5.3894043e+01
   1.0014530e+06   4.8645020e+01
   1.0744300e+06   3.6987305e+01
   1.1383630e+06   4.6691895e+01
   1.1898630e+06   5.2062988e+01
   1.2324470e+06   4.2419434e+01
   1.2468210e+06   4.6630859e+01
   1.4127430e+06   4.2846680e+01
   1.4408920e+06   3.8085938e+01
   1.5031300e+06   4.6752930e+01
   1.5124460e+06   5.3405762e+01
   1.5280190e+06   3.6804199e+01
   1.5897270e+06   3.7109375e+01
   1.6099120e+06   4.4006348e+01
   1.6388080e+06   4.3884277e+01
   1.7295460e+06   4.3518066e+01
   1.7631300e+06   4.7363281e+01
   1.7947930e+06   4.9072266e+01
   1.8390250e+06   4.9987793e+01
   1.8417630e+06   3.9001465e+01
   1.9211230e+06   4.1748047e+01
   1.9814500e+06   4.9926758e+01
   2.0590200e+06   4.6142578e+01
   2.1002120e+06   4.6325684e+01
   2.1723250e+06   4.9743652e+01
   2.2064150e+06   3.7353516e+01
   2.2263080e+06   4.3395996e+01
   2.2271620e+06   4.2846680e+01
   2.2339820e+06   3.9245605e+01
   2.2460110e+06   4.2053223e+01
   2.2529100e+06   3.7719727e+01
   2.2619510e+06   4.4189453e+01
   2.2778400e+06   3.8513184e+01
   2.2863840e+06   3.8757324e+01
   2.3181230e+06   4.9194336e+01
   2.3480360e+06   4.4250488e+01
   2.4149840e+06   4.1137695e+01
   2.4344320e+06   4.0710449e+01
   2.4491000e+06   5.0109863e+01
   2.4504670e+06   4.6386719e+01
   2.4809160e+06   3.9794922e+01
   2.5193820e+06   5.2429199e+01
   2.5746190e+06   4.1992188e+01
   2.6008230e+06   4.1992188e+01
   2.6099390e+06   4.3701172e+01
   2.6252500e+06   4.6630859e+01
   2.6608920e+06   4.4555664e+01
   2.6729880e+06   3.7963867e+01
   2.7399360e+06   5.1208496e+01
   2.8116490e+06   4.4189453e+01
   2.8376900e+06   5.4016113e+01
   2.9409070e+06   4.5349121e+01
   2.9465620e+06   3.7353516e+01
   2.9574030e+06   5.2978516e+01
   2.9846670e+06   6.1035156e+01
   2.9953620e+06   3.8879395e+01
   3.0195160e+06   4.5349121e+01
   3.0301500e+06   4.7546387e+01
   3.0793700e+06   4.4860840e+01
   3.0863660e+06   5.3955078e+01
   3.0906190e+06   3.9245605e+01
   3.1467060e+06   4.9072266e+01
   3.1874900e+06   3.6865234e+01
   3.1901380e+06   4.1442871e+01
   3.2474170e+06   5.4504395e+01
   3.2652920e+06   4.9499512e+01
   3.2855120e+06   3.7353516e+01
   3.2987200e+06   4.0466309e+01
   3.3495660e+06   4.6081543e+01
   3.3978270e+06   4.6447754e+01
   3.4333710e+06   5.4626465e+01
   3.4523320e+06   3.7048340e+01
   3.5014450e+06   4.2846680e+01
   3.5183560e+06   4.4067383e+01
   3.5187500e+06   3.8024902e+01
   3.5429210e+06   3.9367676e+01
   3.5682870e+06   3.9489746e+01
   3.5817810e+06   4.4250488e+01
   3.5948560e+06   4.4982910e+01
   3.5961290e+06   3.7048340e+01
   3.5964760e+06   3.7231445e+01
   3.6319680e+06   4.4738770e+01
   3.6474030e+06   4.2968750e+01
   3.6712420e+06   4.2175293e+01
   3.7088510e+06   4.7912598e+01
   3.7205810e+06   3.7475586e+01
   3.7327860e+06   4.5776367e+01
   3.7410730e+06   3.8696289e+01
   3.7569570e+06   5.2612305e+01
   3.7795450e+06   4.1809082e+01
   3.7917710e+06   4.6203613e+01
   3.8073680e+06   4.0832520e+01
   3.8162860e+06   4.4860840e+01
   3.8370730e+06   3.9306641e+01
   3.8525040e+06   3.8635254e+01
   3.8756730e+06   4.5471191e+01
   3.9005600e+06   3.9489746e+01
   3.9139330e+06   4.9987793e+01
   3.9142050e+06   4.1809082e+01
   3.9443810e+06   3.8574219e+01
   3.9572140e+06   3.7719727e+01
   3.9685300e+06   4.0527344e+01
   3.9689050e+06   4.1687012e+01
   4.0090920e+06   4.3212891e+01
   4.0092790e+06   4.0527344e+01
   4.0188260e+06   3.6987305e+01
   4.0325450e+06   4.5959473e+01
   4.0387980e+06   4.1320801e+01
   4.0469190e+06   4.2663574e+01
   4.0508000e+06   4.0222168e+01
   4.0509540e+06   4.2602539e+01
   4.0621120e+06   4.2419434e+01
   4.0762230e+06   3.9794922e+01
   4.0992790e+06   4.5593262e+01
   4.0995710e+06   4.3029785e+01
   4.1077470e+06   4.9499512e+01
   4.1190390e+06   3.9428711e+01
   4.1438010e+06   3.7780762e+01
   4.1492030e+06   4.5166016e+01
   4.1596420e+06   4.2358398e+01
   4.1790680e+06   4.1076660e+01
   4.1924740e+06   4.0222168e+01
   4.2006970e+06   3.9367676e+01
   4.2069510e+06   3.7780762e+01
   4.2278040e+06   3.7231445e+01
   4.2314610e+06   4.3945312e+01
   4.2316810e+06   3.8635254e+01
   4.2494720e+06   4.1320801e+01
   4.2496920e+06   3.8757324e+01
   4.2689260e+06   3.8818359e+01
   4.2766450e+06   3.7841797e+01
   4.2826920e+06   3.8146973e+01
   4.2964230e+06   3.7902832e+01
   4.3053170e+06   3.7658691e+01
   4.3056270e+06   3.8452148e+01
   4.3415270e+06   4.4189453e+01
   4.3515830e+06   4.1748047e+01
   4.3657770e+06   4.0344238e+01
   4.3852610e+06   3.7048340e+01
   4.4008840e+06   4.1076660e+01
   4.4176970e+06   4.1015625e+01
   4.4298800e+06   4.0100098e+01
   4.4383130e+06   4.1015625e+01
   4.4462890e+06   3.9184570e+01
   4.4615270e+06   3.7719727e+01
   4.4733770e+06   5.2429199e+01
   4.4856530e+06   3.7597656e+01
   4.5073580e+06   4.4372559e+01
   4.5166930e+06   4.7119141e+01
   4.5393380e+06   4.1076660e+01
   4.5468330e+06   4.2236328e+01
   4.5621900e+06   4.3334961e+01
   4.5737810e+06   3.6804199e+01
   4.5995820e+06   4.4982910e+01
   4.6085680e+06   4.1015625e+01
   4.6286710e+06   4.7790527e+01
   4.6587610e+06   4.1992188e+01
   4.6649360e+06   4.1687012e+01
   4.6754100e+06   3.6865234e+01
   4.6882100e+06   4.6020508e+01
   4.6884370e+06   3.9611816e+01
   4.7034580e+06   4.0100098e+01
   4.7174980e+06   3.7292480e+01
   4.7286680e+06   4.0832520e+01
   4.7701890e+06   4.0039062e+01
   4.7920620e+06   4.9926758e+01
   4.8280700e+06   4.6264648e+01
   4.8504000e+06   3.8879395e+01
   4.8781770e+06   4.6325684e+01
   4.9524570e+06   5.3649902e+01
   4.9789530e+06   4.1320801e+01
   4.9929560e+06   3.9184570e+01
   5.0049280e+06   4.1992188e+01
   5.0273120e+06   4.0832520e+01
   5.0383460e+06   3.8818359e+01
   5.0648150e+06   4.1442871e+01
   5.1108620e+06   4.0161133e+01
   5.1258900e+06   4.3945312e+01
   5.1407990e+06   4.3518066e+01
   5.1506920e+06   4.3518066e+01
   5.1802410e+06   5.0537109e+01
   5.2109880e+06   3.7963867e+01
   5.3026600e+06   3.9611816e+01
   5.3280340e+06   4.2785645e+01
   5.3407350e+06   4.7546387e+01
   5.3799070e+06   4.4677734e+01
   5.3924700e+06   4.3151855e+01
   5.4202400e+06   4.1870117e+01
   5.4205900e+06   4.9194336e+01
   5.4446360e+06   4.2297363e+01
   5.4643500e+06   4.0649414e+01
   5.4761100e+06   4.3945312e+01
   5.4915830e+06   3.8940430e+01
   5.4918420e+06   4.0649414e+01
   5.5061140e+06   4.3884277e+01
   5.5205260e+06   4.7485352e+01
   5.5332960e+06   4.5959473e+01
   5.5447670e+06   4.5959473e+01
   5.5554510e+06   4.0161133e+01
   5.5668010e+06   4.2358398e+01
   5.5789030e+06   3.8024902e+01
   5.5915480e+06   4.9682617e+01
   5.6016870e+06   3.6987305e+01
   5.6123420e+06   4.3457031e+01
   5.6126360e+06   3.8879395e+01
   5.6132420e+06   3.6804199e+01
   5.6619750e+06   4.1015625e+01
   5.6724890e+06   4.0954590e+01
   5.6968430e+06   4.0466309e+01
   5.7035300e+06   3.9184570e+01
   5.7308160e+06   4.3395996e+01
   5.7532340e+06   3.7536621e+01
   5.7736110e+06   4.3151855e+01
   5.7819750e+06   4.0832520e+01
   5.7990880e+06   3.8391113e+01
   5.8040630e+06   4.2846680e+01
   5.8288410e+06   4.2297363e+01
   5.8356970e+06   4.0954590e+01
   5.8476200e+06   3.7414551e+01
   5.8582340e+06   4.8583984e+01
   5.8649870e+06   3.9489746e+01
   5.8825190e+06   4.5104980e+01
   5.8828690e+06   3.8391113e+01
   5.9032060e+06   3.7170410e+01
   5.9254050e+06   3.9794922e+01
   5.9473390e+06   3.8513184e+01
   5.9618870e+06   4.2114258e+01
   6.0007960e+06   4.2236328e+01
   6.0010650e+06   3.7719727e+01
   6.0020280e+06   3.8391113e+01
   6.0182360e+06   4.6752930e+01
   6.0346480e+06   3.9916992e+01
   6.0667310e+06   4.2358398e+01
   6.0741210e+06   3.7719727e+01
   6.1252400e+06   4.0039062e+01
   6.1409980e+06   4.3457031e+01
   6.1533020e+06   5.2917480e+01
   6.1567330e+06   4.4860840e+01
   6.1570280e+06   4.0954590e+01
   6.1774090e+06   4.2480469e+01
   6.1915670e+06   3.9062500e+01
   6.2214560e+06   4.0893555e+01
   6.2675590e+06   4.0405273e+01
   6.2906650e+06   3.8391113e+01
   6.2909690e+06   3.6865234e+01
   6.2933010e+06   4.1870117e+01
   6.3059500e+06   4.4494629e+01
   6.3166410e+06   4.7790527e+01
   6.3419780e+06   4.2419434e+01
   6.3439250e+06   4.1748047e+01
   6.3581330e+06   4.2175293e+01
   6.3887130e+06   3.7414551e+01
   6.4276110e+06   4.7363281e+01
   6.4377760e+06   4.9316406e+01
   6.4471290e+06   3.6926270e+01
   6.4604780e+06   4.1015625e+01
   6.4820730e+06   3.8146973e+01
   6.4859910e+06   4.3701172e+01
   6.5095240e+06   4.2114258e+01
   6.5242820e+06   3.9367676e+01
   6.5454630e+06   4.7424316e+01
   6.5536880e+06   3.6682129e+01
   6.5563690e+06   4.9011230e+01
   6.5695330e+06   3.9245605e+01
   6.5740160e+06   3.7231445e+01
   6.5890940e+06   5.0292969e+01
   6.5979570e+06   3.9062500e+01
   6.6055830e+06   3.8513184e+01
   6.6290690e+06   4.1137695e+01
   6.6462290e+06   3.9428711e+01
   6.6637280e+06   3.9855957e+01
   6.6865420e+06   4.0649414e+01
   6.7047680e+06   4.7607422e+01
   6.7235640e+06   4.4311523e+01
   6.7302860e+06   4.0283203e+01
   6.7394150e+06   4.7729492e+01
   6.7398820e+06   4.1381836e+01
   6.7697940e+06   3.9489746e+01
   6.7777010e+06   4.0954590e+01
   6.7961350e+06   3.7597656e+01
   6.8216480e+06   3.8085938e+01
   6.8497290e+06   4.1564941e+01
   6.8702650e+06   4.0893555e+01
   6.8921050e+06   4.4982910e+01
   6.8977980e+06   4.3518066e+01
   6.9317050e+06   4.2968750e+01
   6.9321330e+06   3.7048340e+01
   6.9571140e+06   4.3579102e+01
   6.9859200e+06   3.8818359e+01
   6.9996030e+06   4.1992188e+01
   7.0218060e+06   3.8757324e+01
   7.0266920e+06   3.7292480e+01
   7.0570560e+06   4.3762207e+01
   7.0755850e+06   4.5593262e+01
   7.0757850e+06   3.7902832e+01
   7.0867480e+06   4.2785645e+01
   7.1063730e+06   4.5532227e+01
   7.1257510e+06   3.9245605e+01
   7.1343260e+06   4.7058105e+01
   7.1500060e+06   3.8208008e+01
   7.1583270e+06   3.8085938e+01
   7.1962820e+06   4.7668457e+01
   7.2239280e+06   4.1076660e+01
   7.2325870e+06   4.4433594e+01
   7.2566310e+06   4.6875000e+01
   7.2744450e+06   5.1025391e+01
   7.2914980e+06   4.1015625e+01
   7.3092400e+06   4.0527344e+01
   7.3094510e+06   4.2724609e+01
   7.3614170e+06   4.3395996e+01
   7.3773650e+06   4.1564941e+01
   7.3864880e+06   4.2785645e+01
   7.3867350e+06   4.0527344e+01
   7.3917140e+06   3.8085938e+01
   7.4051270e+06   4.5715332e+01
   7.4554360e+06   4.4311523e+01
   7.4812010e+06   4.1931152e+01
   7.4922710e+06   5.0048828e+01
   7.5003160e+06   3.9855957e+01
   7.5190350e+06   4.2480469e+01
   7.5442650e+06   4.4677734e+01
   7.5544840e+06   4.4555664e+01
   7.5764270e+06   4.1503906e+01
   7.6168590e+06   4.3884277e+01
   7.6324290e+06   4.5837402e+01
   7.6556260e+06   4.2480469e+01
   7.6751460e+06   4.3334961e+01
   7.6994890e+06   3.8391113e+01
   7.7090840e+06   5.2612305e+01
   7.7293560e+06   3.8269043e+01
   7.7414940e+06   4.2358398e+01
   7.7679080e+06   3.8024902e+01
   7.8036060e+06   4.3945312e+01
   7.8122300e+06   4.6875000e+01
   7.8263710e+06   3.9062500e+01
   7.8346340e+06   4.1687012e+01
   7.8561780e+06   3.9245605e+01
   7.8761790e+06   4.2724609e+01
   7.8986920e+06   4.6691895e+01
   7.9177600e+06   5.0781250e+01
   7.9180470e+06   3.7292480e+01
   7.9310220e+06   4.6264648e+01
   7.9528600e+06   4.2846680e+01
   7.9644220e+06   5.0354004e+01
   7.9847710e+06   4.8339844e+01
   8.0105300e+06   3.8391113e+01
   8.0503720e+06   4.4555664e+01
   8.0678150e+06   5.0048828e+01
   8.0746160e+06   4.6691895e+01
   8.0903680e+06   5.2124023e+01
   8.1062590e+06   4.1809082e+01
   8.1248860e+06   3.9184570e+01
   8.1503980e+06   3.8085938e+01
   8.1570450e+06   5.0720215e+01
   8.1717350e+06   4.2602539e+01
   8.1828580e+06   4.4860840e+01
   8.1912300e+06   4.5837402e+01
   8.2080760e+06   4.0771484e+01
   8.2272740e+06   3.8940430e+01
   8.2438830e+06   4.2724609e+01
   8.2479020e+06   3.7475586e+01
   8.2483710e+06   3.8085938e+01
   8.2615590e+06   4.1625977e+01
   8.2864260e+06   4.8400879e+01
   8.3321120e+06   4.5593262e+01
   8.3323970e+06   3.8635254e+01
   8.3487650e+06   4.9438477e+01
   8.3562120e+06   3.7902832e+01
   8.4240070e+06   4.0100098e+01
   8.4424810e+06   4.0954590e+01
   8.4621840e+06   4.1076660e+01
   8.4960980e+06   4.9316406e+01
   8.5044580e+06   3.9550781e+01
   8.5342780e+06   4.7119141e+01
   8.5450930e+06   4.4494629e+01
   8.5760640e+06   4.9987793e+01
   8.6003500e+06   4.2480469e+01
   8.6075070e+06   4.3334961e+01
   8.6339860e+06   4.0832520e+01
   8.6451970e+06   4.3884277e+01
   8.6468370e+06   4.4982910e+01
   8.6472330e+06   4.1198730e+01
   8.6664160e+06   4.8339844e+01
   8.6949140e+06   4.7180176e+01
   8.7070930e+06   3.7353516e+01
   8.7544530e+06   4.6997070e+01
   8.7788820e+06   4.5288086e+01
   8.8078100e+06   3.8757324e+01
   8.8266350e+06   4.2724609e+01
   8.8569290e+06   4.2968750e+01
   8.9078750e+06   4.5471191e+01
   8.9369150e+06   4.1992188e+01
   8.9844530e+06   4.4860840e+01
