   8.9990000e+06   0.0000000e+00
   1.5535400e+05   3.8208008e+01
   2.2684900e+05   3.4851074e+01
   2.4580400e+05   3.6804199e+01
   2.9344500e+05   3.3752441e+01
   3.5765800e+05   3.5278320e+01
   7.7657800e+05   3.7231445e+01
   8.6885900e+05   3.4912109e+01
   1.0754990e+06   3.5217285e+01
   1.1402090e+06   3.4973145e+01
   1.7552350e+06   3.4790039e+01
   1.9710190e+06   3.4057617e+01
   2.0401530e+06   3.3935547e+01
   2.1179940e+06   3.4362793e+01
   2.1261570e+06   3.4057617e+01
   2.2821810e+06   3.4057617e+01
   2.3416800e+06   3.5766602e+01
   2.5304530e+06   3.6743164e+01
   2.5898570e+06   3.4179688e+01
   2.8187680e+06   3.5766602e+01
   2.8849520e+06   3.4851074e+01
   3.4269430e+06   3.5278320e+01
   4.2701620e+06   3.5339355e+01
   4.2737010e+06   3.3874512e+01
   4.2821150e+06   3.3752441e+01
   4.8317920e+06   3.4790039e+01
   5.1141390e+06   3.4057617e+01
   5.2372400e+06   3.5461426e+01
   5.5351700e+06   3.4362793e+01
   5.6570640e+06   3.5583496e+01
   5.7355950e+06   4.0527344e+01
   5.8822030e+06   3.3996582e+01
   6.2991880e+06   3.7963867e+01
   6.4899870e+06   3.4179688e+01
   6.5210890e+06   3.5034180e+01
   6.5463710e+06   3.4118652e+01
   6.9536510e+06   3.3752441e+01
   7.9381170e+06   3.6376953e+01
   7.9774970e+06   3.4545898e+01
   8.0781720e+06   3.5522461e+01
   8.2319650e+06   3.4057617e+01
