   8.9990000e+06   0.0000000e+00
   4.8467000e+05   3.4057617e+01
   5.5265300e+05   3.3081055e+01
   9.9500800e+05   3.4484863e+01
   1.1173850e+06   3.3447266e+01
   1.4218720e+06   3.2836914e+01
   1.6091220e+06   3.2592773e+01
   1.7057410e+06   3.2409668e+01
   2.9480110e+06   3.2470703e+01
   3.4811700e+06   3.4057617e+01
   5.0988030e+06   3.3264160e+01
   5.2775970e+06   3.2714844e+01
   5.4686070e+06   3.3996582e+01
   5.5234280e+06   3.2653809e+01
   7.4486570e+06   3.5400391e+01
   7.5529070e+06   3.3386230e+01
   7.5834320e+06   3.7414551e+01
   8.1788490e+06   3.3386230e+01
   8.4875690e+06   3.2531738e+01
