   8.9990000e+06   0.0000000e+00
   9.8726000e+04   3.9550781e+01
   1.9753400e+05   3.8024902e+01
   3.2568800e+05   3.9733887e+01
   3.4394900e+05   4.7851562e+01
   3.8628900e+05   3.7536621e+01
   3.8868600e+05   3.8574219e+01
   4.4203600e+05   4.2663574e+01
   4.6317500e+05   3.7597656e+01
   4.6894100e+05   3.9184570e+01
   4.9485500e+05   3.7292480e+01
   5.1856100e+05   4.5349121e+01
   5.5127400e+05   3.7658691e+01
   7.6375100e+05   3.7902832e+01
   7.9500900e+05   4.1503906e+01
   8.1001300e+05   4.0893555e+01
   8.1500700e+05   3.7780762e+01
   8.2243600e+05   3.7597656e+01
   8.7022700e+05   3.8818359e+01
   8.9831800e+05   3.7963867e+01
   9.8727900e+05   3.8696289e+01
   1.0323100e+06   3.7475586e+01
   1.2238610e+06   3.7292480e+01
   1.4022040e+06   3.9733887e+01
   1.6944730e+06   3.9916992e+01
   1.7131570e+06   3.7536621e+01
   1.7298450e+06   3.9794922e+01
   1.8055810e+06   3.8879395e+01
   1.8403070e+06   3.9794922e+01
   1.9778740e+06   3.9489746e+01
   2.1299030e+06   3.8696289e+01
   2.3579710e+06   3.7841797e+01
   2.3631940e+06   3.7658691e+01
   2.4170230e+06   3.8879395e+01
   2.4470490e+06   3.9428711e+01
   2.4621040e+06   3.9367676e+01
   2.7547380e+06   4.0527344e+01
   2.8869990e+06   3.9489746e+01
   2.9151070e+06   4.3640137e+01
   2.9693960e+06   3.9245605e+01
   2.9981270e+06   4.1442871e+01
   3.0304360e+06   3.8330078e+01
   3.1097690e+06   4.3640137e+01
   3.1340170e+06   3.8391113e+01
   3.1426620e+06   3.9855957e+01
   3.1497390e+06   3.9001465e+01
   3.1684480e+06   4.0222168e+01
   3.2861910e+06   4.4128418e+01
   3.3164420e+06   4.0466309e+01
   3.3326560e+06   4.2724609e+01
   3.3505150e+06   3.8024902e+01
   3.4611990e+06   4.0405273e+01
   3.5072720e+06   3.7353516e+01
   3.5187830e+06   4.0039062e+01
   3.5267000e+06   3.7414551e+01
   3.5614000e+06   3.7841797e+01
   3.5958350e+06   4.3945312e+01
   3.6468450e+06   3.7353516e+01
   3.6636620e+06   4.0405273e+01
   3.6861510e+06   4.1870117e+01
   3.7223990e+06   4.1564941e+01
   3.7349750e+06   4.0527344e+01
   3.7639850e+06   4.3579102e+01
   3.8101010e+06   3.8879395e+01
   3.8310540e+06   3.8208008e+01
   3.8401060e+06   3.9733887e+01
   3.8453810e+06   3.7597656e+01
   3.8867600e+06   4.1137695e+01
   3.9256460e+06   3.7963867e+01
   4.1443690e+06   3.7353516e+01
   4.2467240e+06   3.8146973e+01
   4.2562650e+06   4.1259766e+01
   4.2709280e+06   3.7719727e+01
   4.3059470e+06   3.8085938e+01
   4.3156300e+06   4.3151855e+01
   4.4994540e+06   3.7902832e+01
   4.5142560e+06   3.7536621e+01
   4.5284520e+06   3.8452148e+01
   4.5473370e+06   4.0954590e+01
   4.6113820e+06   3.9367676e+01
   4.6235680e+06   3.8757324e+01
   4.6261780e+06   3.8085938e+01
   4.7128310e+06   3.7475586e+01
   4.7167430e+06   4.2663574e+01
   4.7314010e+06   4.0710449e+01
   4.9186720e+06   4.0344238e+01
   4.9528300e+06   4.0466309e+01
   4.9765360e+06   3.8024902e+01
   4.9910360e+06   3.7353516e+01
   4.9997990e+06   3.7536621e+01
   5.1140810e+06   3.7353516e+01
   5.1362660e+06   3.9001465e+01
   5.2677780e+06   3.7719727e+01
   5.2759350e+06   3.7963867e+01
   5.3312450e+06   4.0405273e+01
   5.3357130e+06   3.8452148e+01
   5.3603200e+06   4.0100098e+01
   5.3902610e+06   4.1992188e+01
   5.3949530e+06   3.8269043e+01
   5.4827630e+06   4.2236328e+01
   5.5959430e+06   3.9123535e+01
   5.7328520e+06   4.0527344e+01
   5.7385070e+06   3.8391113e+01
   5.7691910e+06   3.7658691e+01
   5.7917650e+06   3.9123535e+01
   5.8913560e+06   4.4494629e+01
   5.9756890e+06   3.7902832e+01
   5.9794320e+06   4.2846680e+01
   6.0607910e+06   3.7475586e+01
   6.1149010e+06   3.7353516e+01
   6.1173770e+06   3.7536621e+01
   6.1243370e+06   4.0039062e+01
   6.2397540e+06   3.7902832e+01
   6.2939930e+06   3.9489746e+01
   6.4055760e+06   3.8696289e+01
   6.4672200e+06   3.7841797e+01
   6.6548310e+06   3.9123535e+01
   6.6738330e+06   3.7597656e+01
   6.7011220e+06   3.7963867e+01
   6.7166800e+06   4.1076660e+01
   6.7644810e+06   4.4189453e+01
   6.8479230e+06   3.9855957e+01
   6.8578920e+06   4.1259766e+01
   6.8777720e+06   3.7902832e+01
   6.9810340e+06   3.8330078e+01
   7.0037380e+06   4.3090820e+01
   7.0352160e+06   3.8940430e+01
   7.0409520e+06   3.8513184e+01
   7.0458810e+06   3.8635254e+01
   7.0842530e+06   3.9367676e+01
   7.1077440e+06   3.8330078e+01
   7.1674300e+06   3.7719727e+01
   7.1797180e+06   3.7658691e+01
   7.3444720e+06   3.8574219e+01
   7.3860940e+06   3.7536621e+01
   7.4363750e+06   3.8269043e+01
   7.4412440e+06   4.1625977e+01
   7.4729580e+06   3.8146973e+01
   7.4748960e+06   3.7597656e+01
   7.4797340e+06   4.0893555e+01
   7.5055230e+06   3.8635254e+01
   7.5504950e+06   3.8513184e+01
   7.5990240e+06   3.8635254e+01
   7.6287570e+06   4.0527344e+01
   7.7038430e+06   3.9855957e+01
   7.9094200e+06   3.9550781e+01
   7.9466000e+06   4.0466309e+01
   7.9572640e+06   3.7353516e+01
   7.9866940e+06   3.7902832e+01
   8.0070530e+06   3.7658691e+01
   8.0430190e+06   3.9428711e+01
   8.0838700e+06   3.8757324e+01
   8.1573500e+06   3.8574219e+01
   8.2742580e+06   3.8818359e+01
   8.3940800e+06   4.1320801e+01
   8.4923710e+06   3.7475586e+01
   8.5049590e+06   4.0039062e+01
   8.5949720e+06   3.7475586e+01
   8.6202810e+06   3.8879395e+01
   8.6355340e+06   4.1198730e+01
   8.7290380e+06   3.9367676e+01
   8.7556510e+06   3.7536621e+01
   8.8909330e+06   4.4372559e+01
   8.9208130e+06   3.7963867e+01
   8.9339210e+06   3.7353516e+01
   8.9870730e+06   3.9062500e+01
