   8.9990000e+06   0.0000000e+00
   2.3866000e+04   5.1330566e+01
   2.7394000e+04   5.0415039e+01
   4.6442100e+05   5.0842285e+01
   5.3311400e+05   5.8410645e+01
   6.6087700e+05   5.1025391e+01
   1.0270310e+06   5.5053711e+01
   1.0546030e+06   5.0598145e+01
   1.1821290e+06   5.1025391e+01
   1.2739780e+06   5.1086426e+01
   1.5863990e+06   5.2429199e+01
   1.7283470e+06   5.1574707e+01
   1.8106250e+06   5.0476074e+01
   2.3834030e+06   5.0842285e+01
   3.7330030e+06   5.1879883e+01
   3.7667560e+06   5.1696777e+01
   3.7751370e+06   5.3527832e+01
   3.8589060e+06   5.6396484e+01
   3.9006350e+06   5.1879883e+01
   3.9422950e+06   5.0598145e+01
   4.0091100e+06   5.5114746e+01
   4.0119820e+06   5.0781250e+01
   4.0999860e+06   5.3405762e+01
   4.1032540e+06   5.5175781e+01
   4.4757310e+06   5.1635742e+01
   4.4934480e+06   5.1940918e+01
   4.7829030e+06   5.2795410e+01
   5.2885660e+06   5.5480957e+01
   5.5002330e+06   5.0476074e+01
   5.6645080e+06   5.0903320e+01
   5.8113920e+06   5.5541992e+01
   5.8965750e+06   5.4992676e+01
   6.5032490e+06   5.1025391e+01
   6.6206580e+06   5.0903320e+01
   6.8429540e+06   5.6335449e+01
   7.1305900e+06   5.1269531e+01
   7.3307840e+06   5.4992676e+01
   7.3781950e+06   5.4992676e+01
   7.4376470e+06   5.0659180e+01
   7.4557370e+06   5.2429199e+01
   7.5932550e+06   5.2001953e+01
   7.6639620e+06   5.0598145e+01
   7.7007980e+06   5.1086426e+01
   7.9005950e+06   5.1147461e+01
   7.9298630e+06   5.0415039e+01
   7.9432940e+06   5.8837891e+01
   8.0952390e+06   5.2734375e+01
   8.1239460e+06   5.2185059e+01
   8.1439920e+06   5.3527832e+01
   8.1943820e+06   5.1208496e+01
   8.2425800e+06   5.0415039e+01
   8.2510830e+06   5.0598145e+01
   8.2906710e+06   5.0415039e+01
   8.3330380e+06   5.2795410e+01
   8.4038100e+06   5.5297852e+01
   8.5464730e+06   5.4260254e+01
   8.5510490e+06   5.2001953e+01
   8.6603320e+06   5.0659180e+01
   8.7028110e+06   5.0720215e+01
   8.7240140e+06   5.1452637e+01
   8.9028810e+06   5.3466797e+01
