   8.9990000e+06   0.0000000e+00
   8.9581000e+04   3.8452148e+01
   1.5340000e+05   4.1503906e+01
   3.2924700e+05   4.2907715e+01
   3.2962500e+05   4.4982910e+01
   3.6510700e+05   4.5776367e+01
   3.9963300e+05   3.7963867e+01
   4.7150200e+05   4.5104980e+01
   4.7218100e+05   3.9550781e+01
   5.6173600e+05   4.7485352e+01
   5.6217700e+05   4.8828125e+01
   8.0492800e+05   4.1015625e+01
   8.1589800e+05   3.9367676e+01
   9.9664500e+05   3.8818359e+01
   1.1243530e+06   4.3823242e+01
   1.1247890e+06   3.8696289e+01
   1.1625950e+06   4.9621582e+01
   1.1640270e+06   3.8696289e+01
   1.1979060e+06   5.1696777e+01
   1.2063640e+06   3.8757324e+01
   1.2397730e+06   4.4555664e+01
   1.3206380e+06   3.7841797e+01
   1.4152610e+06   4.7241211e+01
   1.4280510e+06   3.8940430e+01
   1.5130940e+06   3.7658691e+01
   1.5455290e+06   3.8024902e+01
   1.5459830e+06   4.2846680e+01
   1.5823760e+06   3.8391113e+01
   1.5826640e+06   4.0649414e+01
   1.6191840e+06   5.3588867e+01
   1.6517130e+06   4.2114258e+01
   1.6520560e+06   4.3762207e+01
   1.7187900e+06   4.7668457e+01
   1.7192780e+06   4.4921875e+01
   1.7852620e+06   3.9611816e+01
   1.8013420e+06   3.7780762e+01
   1.8276030e+06   3.8085937e+01
   1.8566540e+06   3.9245605e+01
   1.9195460e+06   3.8879395e+01
   1.9388540e+06   3.7719727e+01
   1.9619910e+06   4.7973633e+01
   1.9625560e+06   4.1687012e+01
   1.9914430e+06   5.3527832e+01
   1.9920130e+06   4.1076660e+01
   2.0305200e+06   3.9855957e+01
   2.0469160e+06   4.1870117e+01
   2.0475970e+06   4.0588379e+01
   2.0871880e+06   4.6569824e+01
   2.0992450e+06   4.3212891e+01
   2.1497990e+06   3.9916992e+01
   2.2337610e+06   4.4067383e+01
   2.2793390e+06   3.8391113e+01
   2.2799560e+06   4.1320801e+01
   2.3112770e+06   4.6081543e+01
   2.3508880e+06   3.7780762e+01
   2.3511210e+06   3.9978027e+01
   2.3719830e+06   4.1992188e+01
   2.3830730e+06   5.7556152e+01
   2.4200690e+06   3.9245605e+01
   2.4203870e+06   3.9428711e+01
   2.4530600e+06   4.1870117e+01
   2.4739550e+06   4.7546387e+01
   2.4742050e+06   4.2968750e+01
   2.5083100e+06   4.8156738e+01
   2.5349330e+06   4.2785645e+01
   2.5822750e+06   4.6813965e+01
   2.5833470e+06   4.1992188e+01
   2.6562020e+06   4.3884277e+01
   2.6894140e+06   4.1137695e+01
   2.7580600e+06   4.7607422e+01
   2.8004480e+06   4.3457031e+01
   2.8537110e+06   3.7841797e+01
   2.8540850e+06   4.2541504e+01
   2.8901380e+06   3.8940430e+01
   2.9142700e+06   4.2175293e+01
   2.9625780e+06   4.7607422e+01
   2.9988730e+06   4.9011230e+01
   3.0175860e+06   3.8452148e+01
   3.0635760e+06   4.8583984e+01
   3.0843300e+06   4.1076660e+01
   3.0988250e+06   3.9855957e+01
   3.1337860e+06   4.9133301e+01
   3.1353880e+06   4.1992188e+01
   3.1613460e+06   4.4250488e+01
   3.1617750e+06   3.7841797e+01
   3.2008680e+06   3.9916992e+01
   3.2015010e+06   4.0466309e+01
   3.2299430e+06   4.8706055e+01
   3.2596080e+06   4.5715332e+01
   3.2599590e+06   4.4616699e+01
   3.2772420e+06   4.2785645e+01
   3.2777080e+06   4.1625977e+01
   3.3033360e+06   4.1748047e+01
   3.3093170e+06   4.6081543e+01
   3.3235670e+06   4.6997070e+01
   3.3367410e+06   3.7841797e+01
   3.3611710e+06   4.8950195e+01
   3.3943750e+06   4.8278809e+01
   3.4008570e+06   3.9978027e+01
   3.4484460e+06   5.2795410e+01
   3.4491670e+06   4.1687012e+01
   3.4804850e+06   3.8024902e+01
   3.4808050e+06   3.9123535e+01
   3.5129470e+06   5.3161621e+01
   3.5317250e+06   4.2724609e+01
   3.5446440e+06   3.8391113e+01
   3.5727050e+06   4.7851563e+01
   3.5982890e+06   3.8818359e+01
   3.6281360e+06   3.8452148e+01
   3.6736500e+06   4.2236328e+01
   3.7047550e+06   4.3640137e+01
   3.7135140e+06   4.2053223e+01
   3.7217880e+06   3.9001465e+01
   3.7585980e+06   4.5166016e+01
   3.7720840e+06   4.6752930e+01
   3.7733820e+06   4.1503906e+01
   3.8037330e+06   3.8269043e+01
   3.8246870e+06   4.3884277e+01
   3.8520960e+06   4.2236328e+01
   3.9087910e+06   3.8391113e+01
   3.9091690e+06   3.7719727e+01
   3.9096660e+06   3.9123535e+01
   3.9484190e+06   3.8635254e+01
   3.9560910e+06   4.3457031e+01
   3.9602710e+06   4.2358398e+01
   3.9945410e+06   4.3151855e+01
   4.0236830e+06   4.1931152e+01
   4.0573010e+06   3.9489746e+01
   4.0852930e+06   4.3395996e+01
   4.0899220e+06   4.0649414e+01
   4.1090660e+06   4.0405273e+01
   4.1345770e+06   3.7658691e+01
   4.1569520e+06   3.9245605e+01
   4.1866280e+06   4.3762207e+01
   4.2001840e+06   4.2053223e+01
   4.2209060e+06   4.4555664e+01
   4.2343360e+06   3.8757324e+01
   4.2772190e+06   3.8513184e+01
   4.3195460e+06   4.3884277e+01
   4.3195600e+06   3.7841797e+01
   4.4061830e+06   4.7119141e+01
   4.4416960e+06   4.7729492e+01
   4.4959090e+06   3.9123535e+01
   4.5521050e+06   4.3945312e+01
   4.5840790e+06   4.3457031e+01
   4.6102210e+06   4.6630859e+01
   4.6320480e+06   5.2246094e+01
   4.7065730e+06   4.7119141e+01
   4.7503010e+06   5.3894043e+01
   4.7723460e+06   3.9184570e+01
   4.7828730e+06   4.3334961e+01
   4.7831750e+06   4.0222168e+01
   4.8146660e+06   4.1137695e+01
   4.8815800e+06   4.7973633e+01
   4.9686260e+06   4.3457031e+01
   5.0916480e+06   3.8146973e+01
   5.1447900e+06   4.2480469e+01
   5.2955700e+06   4.6081543e+01
   5.2963580e+06   4.3090820e+01
   5.2970460e+06   4.3762207e+01
   5.3596080e+06   3.9611816e+01
   5.3599690e+06   3.8574219e+01
   5.3674930e+06   4.1015625e+01
   5.4456150e+06   3.9062500e+01
   5.4868400e+06   3.9733887e+01
   5.5168890e+06   4.1625977e+01
   5.5432760e+06   4.6936035e+01
   5.5931320e+06   3.7597656e+01
   5.6011270e+06   4.4433594e+01
   5.6017150e+06   3.8818359e+01
   5.6863420e+06   4.2053223e+01
   5.7228120e+06   4.7485352e+01
   5.7263630e+06   4.3212891e+01
   5.7267920e+06   3.7719727e+01
   5.7747280e+06   3.9855957e+01
   5.7925330e+06   3.9916992e+01
   5.8128950e+06   4.1076660e+01
   5.8181450e+06   5.0109863e+01
   5.8316400e+06   4.9621582e+01
   5.8324340e+06   4.3273926e+01
   5.8621920e+06   3.9733887e+01
   5.9255580e+06   3.8513184e+01
   5.9360230e+06   4.0771484e+01
   5.9483130e+06   3.8757324e+01
   5.9779060e+06   4.4616699e+01
   6.0002480e+06   3.9062500e+01
   6.0009110e+06   4.2175293e+01
   6.0266270e+06   4.0100098e+01
   6.0297600e+06   4.2358398e+01
   6.0636500e+06   4.7119141e+01
   6.0914430e+06   4.0100098e+01
   6.1285760e+06   4.3395996e+01
   6.1434400e+06   3.8330078e+01
   6.1701270e+06   4.7485352e+01
   6.1984380e+06   3.8146973e+01
   6.2149150e+06   3.8696289e+01
   6.2155510e+06   4.2297363e+01
   6.2413960e+06   4.1870117e+01
   6.2738970e+06   4.1076660e+01
   6.2744800e+06   3.8024902e+01
   6.3012550e+06   5.9997559e+01
   6.3378780e+06   4.1748047e+01
   6.3689410e+06   4.7851562e+01
   6.4233080e+06   4.0832520e+01
   6.4749450e+06   3.9672852e+01
   6.4960430e+06   3.9794922e+01
   6.5407120e+06   4.6264648e+01
   6.5412020e+06   3.8391113e+01
   6.5893580e+06   4.0039062e+01
   6.6212760e+06   3.8330078e+01
   6.6215820e+06   4.1870117e+01
   6.6566960e+06   3.7719727e+01
   6.7493960e+06   4.0649414e+01
   6.7499320e+06   4.3090820e+01
   6.8080420e+06   4.7302246e+01
   6.8655860e+06   4.4433594e+01
   6.8878020e+06   4.5227051e+01
   6.8882450e+06   4.6813965e+01
   6.9085320e+06   5.2490234e+01
   6.9095360e+06   4.9377441e+01
   6.9431610e+06   4.1198730e+01
   6.9663490e+06   4.6508789e+01
   6.9666410e+06   4.0771484e+01
   7.0137200e+06   4.4006348e+01
   7.0406540e+06   4.9804688e+01
   7.0996010e+06   3.8452148e+01
   7.1852070e+06   3.8391113e+01
   7.1942520e+06   4.1748047e+01
   7.2187730e+06   4.7729492e+01
   7.3091980e+06   4.1931152e+01
   7.3327760e+06   3.8635254e+01
   7.3459080e+06   3.9001465e+01
   7.3664010e+06   4.0954590e+01
   7.4182280e+06   3.8513184e+01
   7.4677860e+06   3.7780762e+01
   7.5030280e+06   4.1748047e+01
   7.5430200e+06   4.2907715e+01
   7.5634300e+06   4.0527344e+01
   7.5641700e+06   4.0405273e+01
   7.5928600e+06   3.9733887e+01
   7.5932760e+06   3.8208008e+01
   7.6260640e+06   4.0649414e+01
   7.6470370e+06   3.8024902e+01
   7.6548810e+06   4.0283203e+01
   7.6743460e+06   3.8696289e+01
   7.6863980e+06   4.7058105e+01
   7.7213380e+06   5.1147461e+01
   7.7448820e+06   4.8400879e+01
   7.7673190e+06   4.0832520e+01
   7.7958950e+06   4.4555664e+01
   7.8201020e+06   4.2480469e+01
   7.8203470e+06   4.4738770e+01
   7.8615450e+06   4.0710449e+01
   7.8619390e+06   3.8085938e+01
   7.9081640e+06   3.8818359e+01
   7.9561020e+06   4.6447754e+01
   7.9564500e+06   3.9855957e+01
   8.0010380e+06   4.5959473e+01
   8.0012890e+06   4.1809082e+01
   8.0395500e+06   4.4799805e+01
   8.0519710e+06   4.3945312e+01
   8.0699470e+06   4.6142578e+01
   8.0746380e+06   4.0344238e+01
   8.1324440e+06   4.0161133e+01
   8.1620380e+06   4.2968750e+01
   8.1623560e+06   3.7902832e+01
   8.1862780e+06   4.4128418e+01
   8.1888960e+06   4.5898438e+01
   8.2296160e+06   4.0710449e+01
   8.2563950e+06   3.9245605e+01
   8.2715010e+06   3.8024902e+01
   8.3049870e+06   4.8645020e+01
   8.3326450e+06   4.2724609e+01
   8.3579200e+06   4.1809082e+01
   8.3593930e+06   4.5593262e+01
   8.3820650e+06   4.5410156e+01
   8.4132760e+06   4.3762207e+01
   8.4466800e+06   3.9978027e+01
   8.4470010e+06   4.0161133e+01
   8.4749260e+06   3.9794922e+01
   8.4960100e+06   4.7607422e+01
   8.5129550e+06   4.0710449e+01
   8.5342040e+06   4.1320801e+01
   8.5526550e+06   4.2663574e+01
   8.5530460e+06   3.8513184e+01
   8.5861000e+06   4.1625977e+01
   8.6060720e+06   4.4250488e+01
   8.6260340e+06   4.0893555e+01
   8.6453460e+06   4.3395996e+01
   8.6818660e+06   4.3884277e+01
   8.7039170e+06   4.8767090e+01
   8.7149170e+06   4.1809082e+01
   8.7464830e+06   4.4616699e+01
   8.7722280e+06   4.4616699e+01
   8.8321880e+06   4.3823242e+01
   8.8601550e+06   5.4809570e+01
   8.8611530e+06   3.8330078e+01
   8.9034470e+06   4.5654297e+01
   8.9037790e+06   4.1625977e+01
   8.9393330e+06   4.5593262e+01
   8.9562890e+06   4.2968750e+01
   8.9774140e+06   4.3212891e+01
