   8.9990000e+06   0.0000000e+00
   8.7453100e+05   3.5888672e+01
   1.5598570e+06   3.0944824e+01
   1.8730610e+06   3.1799316e+01
   2.7648900e+06   3.1677246e+01
   3.4769440e+06   3.1005859e+01
   3.6631710e+06   3.4973145e+01
   4.0420070e+06   3.1799316e+01
   5.1020720e+06   3.1616211e+01
   5.2849770e+06   3.1555176e+01
   5.5553770e+06   3.2104492e+01
   5.7214850e+06   3.6315918e+01
   5.7476510e+06   3.1616211e+01
   5.9924320e+06   3.2043457e+01
   7.4394200e+06   3.4912109e+01
   7.6591350e+06   3.1433105e+01
   7.7415610e+06   3.1005859e+01
   8.7883310e+06   3.1677246e+01
