   8.9990000e+06   0.0000000e+00
   4.2980000e+03   6.7016602e+01
   4.6150000e+03   7.4523926e+01
   5.1450000e+03   6.5673828e+01
   5.6190000e+03   5.8593750e+01
   1.7409000e+04   7.6477051e+01
   5.0279000e+04   8.0383301e+01
   5.0524000e+04   6.4331055e+01
   5.6437000e+04   7.8063965e+01
   5.6610000e+04   4.3457031e+01
   5.7882000e+04   6.9641113e+01
   5.7927000e+04   4.1564941e+01
   7.3451000e+04   6.2622070e+01
   7.3767000e+04   6.7810059e+01
   8.6610000e+04   7.0800781e+01
   1.0098400e+05   7.6965332e+01
   1.0273000e+05   7.3242188e+01
   1.0293000e+05   5.6701660e+01
   1.0675300e+05   7.7209473e+01
   1.0835300e+05   8.4228516e+01
   1.0860700e+05   7.9101562e+01
   1.1763200e+05   7.3669434e+01
   1.2554000e+05   6.2805176e+01
   1.7376300e+05   7.4951172e+01
   1.7427100e+05   8.4594727e+01
   1.8487600e+05   6.3354492e+01
   1.8537000e+05   8.5266113e+01
   1.9039800e+05   6.2683105e+01
   1.9068800e+05   7.3303223e+01
   1.9095700e+05   5.5114746e+01
   1.9467400e+05   6.1218262e+01
   1.9488200e+05   4.7119141e+01
   1.9591400e+05   8.1359863e+01
   2.0712300e+05   6.8969727e+01
   2.1161800e+05   7.0251465e+01
   2.3437400e+05   8.3251953e+01
   2.3472600e+05   6.9091797e+01
   2.3907300e+05   7.4829102e+01
   2.3945300e+05   6.7077637e+01
   2.3972700e+05   4.6020508e+01
   2.3998900e+05   6.6162109e+01
   2.4365400e+05   6.8298340e+01
   2.4385200e+05   4.5898438e+01
   2.5119000e+05   7.5927734e+01
   2.5878300e+05   6.6650391e+01
   2.5898100e+05   4.4982910e+01
   2.6765400e+05   6.5063477e+01
   2.6893900e+05   6.4147949e+01
   2.6925400e+05   5.9448242e+01
   2.6969100e+05   5.5480957e+01
   2.7905500e+05   6.5185547e+01
   2.7926400e+05   6.1340332e+01
   3.0554400e+05   7.5561523e+01
   3.0587700e+05   7.3608398e+01
   3.0612200e+05   6.2072754e+01
   3.1279900e+05   7.8979492e+01
   3.1313400e+05   6.5185547e+01
   3.1654800e+05   7.7270508e+01
   3.1675800e+05   4.8400879e+01
   3.2272600e+05   6.5429688e+01
   3.3118900e+05   6.7321777e+01
   3.3146200e+05   5.6823730e+01
   3.3180000e+05   6.4819336e+01
   3.3630100e+05   5.5541992e+01
   3.5224600e+05   6.9458008e+01
   3.5241000e+05   4.5776367e+01
   3.6149300e+05   6.5490723e+01
   3.8247300e+05   8.6242676e+01
   3.8391400e+05   6.8908691e+01
   3.8419200e+05   6.6162109e+01
   3.8876800e+05   6.9091797e+01
   3.9566500e+05   6.6955566e+01
   3.9597500e+05   7.5500488e+01
   3.9636000e+05   8.0078125e+01
   4.1196000e+05   5.2978516e+01
   4.2106200e+05   8.1542969e+01
   4.2141100e+05   6.5429688e+01
   4.5500700e+05   9.1796875e+01
   4.6136800e+05   7.8491211e+01
   4.6176500e+05   7.9711914e+01
   4.7676900e+05   8.1726074e+01
   4.8199400e+05   6.5979004e+01
   4.8216000e+05   4.7790527e+01
   5.0827400e+05   6.7321777e+01
   5.1128700e+05   9.1247559e+01
   5.1222900e+05   7.6721191e+01
   5.1255600e+05   5.8166504e+01
   5.2241700e+05   7.8430176e+01
   5.2400600e+05   7.1472168e+01
   5.2418600e+05   4.1748047e+01
   5.3679900e+05   7.2143555e+01
   5.3732600e+05   7.4157715e+01
   5.3848500e+05   7.4523926e+01
   5.3885500e+05   6.6406250e+01
   5.4745400e+05   8.5937500e+01
   5.5301300e+05   7.5805664e+01
   5.5621700e+05   7.4096680e+01
   5.6036000e+05   7.2570801e+01
   6.0123700e+05   6.9458008e+01
   6.0150800e+05   7.0800781e+01
   6.0742300e+05   7.5012207e+01
   6.1391300e+05   7.4951172e+01
   6.1411700e+05   4.1320801e+01
   6.1980800e+05   6.2072754e+01
   6.4334600e+05   7.2998047e+01
   6.4360000e+05   7.2875977e+01
   6.4742900e+05   7.2143555e+01
   6.5035000e+05   7.0678711e+01
   6.5261000e+05   7.2021484e+01
   6.5278400e+05   4.4311523e+01
   6.6246900e+05   7.2021484e+01
   6.6291500e+05   7.0190430e+01
   6.6810900e+05   6.7810059e+01
   6.6851800e+05   7.7331543e+01
   6.7466600e+05   6.1889648e+01
   6.8148200e+05   4.1870117e+01
   6.8385300e+05   7.4890137e+01
   6.8819000e+05   7.8186035e+01
   6.8854400e+05   6.1218262e+01
   6.8879100e+05   5.2673340e+01
   7.2394300e+05   7.1044922e+01
   7.3227800e+05   6.1828613e+01
   7.3246800e+05   5.6457520e+01
   7.3649300e+05   6.4025879e+01
   7.5277600e+05   6.3842773e+01
   7.5322300e+05   7.3059082e+01
   7.5942900e+05   7.0129395e+01
   7.6850300e+05   5.9387207e+01
   7.6974900e+05   7.0251465e+01
   7.7810800e+05   8.0322266e+01
   7.7830800e+05   4.2602539e+01
   7.8623000e+05   7.4462891e+01
   7.9633600e+05   6.5856934e+01
   7.9648600e+05   4.2236328e+01
   7.9984500e+05   7.1960449e+01
   8.1649200e+05   6.9335938e+01
   8.1715000e+05   7.6904297e+01
   8.2618500e+05   5.7312012e+01
   8.3600900e+05   8.3618164e+01
   8.4579400e+05   7.4157715e+01
   8.4599000e+05   4.9987793e+01
   8.4755900e+05   8.0078125e+01
   8.4801100e+05   7.5317383e+01
   8.4850600e+05   6.7565918e+01
   8.4875500e+05   5.7983398e+01
   8.5126600e+05   6.1157227e+01
   8.5170600e+05   6.7077637e+01
   8.5270600e+05   5.5786133e+01
   8.5342800e+05   6.7749023e+01
   8.5788700e+05   8.3190918e+01
   8.5822700e+05   6.1767578e+01
   8.6874600e+05   7.0007324e+01
   8.6905100e+05   7.7636719e+01
   8.9593300e+05   4.3579102e+01
   9.0293100e+05   5.6579590e+01
   9.1481400e+05   6.5612793e+01
   9.2034200e+05   7.5927734e+01
   9.3936700e+05   4.0893555e+01
   9.4031700e+05   7.0129395e+01
   9.5585600e+05   7.6599121e+01
   9.5861900e+05   8.6425781e+01
   9.5888700e+05   6.2011719e+01
   9.5927200e+05   6.6894531e+01
   9.7312400e+05   7.6843262e+01
   9.7356500e+05   8.0505371e+01
   9.7417400e+05   6.7016602e+01
   9.8031900e+05   7.6049805e+01
   9.8077800e+05   6.5368652e+01
   9.8097400e+05   4.4433594e+01
   9.8681700e+05   8.5021973e+01
   9.9759300e+05   8.3923340e+01
   9.9831800e+05   6.7626953e+01
   9.9874400e+05   7.3791504e+01
   1.0093880e+06   8.2031250e+01
   1.0098000e+06   7.3547363e+01
   1.0450720e+06   7.4157715e+01
   1.0452590e+06   5.5725098e+01
   1.0466300e+06   6.7687988e+01
   1.0470160e+06   6.1523438e+01
   1.0474280e+06   5.6823730e+01
   1.0626990e+06   7.7270508e+01
   1.0769100e+06   7.4645996e+01
   1.0795930e+06   6.5490723e+01
   1.0798880e+06   7.5622559e+01
   1.0826530e+06   7.6904297e+01
   1.0850750e+06   7.2570801e+01
   1.0931820e+06   7.5683594e+01
   1.0935360e+06   7.8125000e+01
   1.0980890e+06   6.6101074e+01
   1.0985850e+06   7.2937012e+01
   1.1107130e+06   7.0190430e+01
   1.1302240e+06   4.3273926e+01
   1.1305180e+06   9.8510742e+01
   1.1592190e+06   7.1289062e+01
   1.1634700e+06   7.3120117e+01
   1.1637010e+06   4.6569824e+01
   1.1665960e+06   7.1228027e+01
   1.1669730e+06   8.1115723e+01
   1.1681910e+06   7.0007324e+01
   1.1755110e+06   6.8786621e+01
   1.1757820e+06   6.1523438e+01
   1.1824500e+06   6.6406250e+01
   1.1839790e+06   7.1289062e+01
   1.2059530e+06   8.0810547e+01
   1.2194150e+06   7.0617676e+01
   1.2200720e+06   7.6110840e+01
   1.2204090e+06   6.9335938e+01
   1.2363050e+06   7.5561523e+01
   1.2380680e+06   6.9030762e+01
   1.2384140e+06   6.2011719e+01
   1.2419850e+06   6.9458008e+01
   1.2474660e+06   6.6101074e+01
   1.2664450e+06   7.4340820e+01
   1.2672830e+06   7.2998047e+01
   1.2687960e+06   4.4921875e+01
   1.2754820e+06   8.2092285e+01
   1.2758910e+06   6.8359375e+01
   1.2818650e+06   6.0852051e+01
   1.3020970e+06   8.0444336e+01
   1.3023680e+06   6.5673828e+01
   1.3026160e+06   6.5734863e+01
   1.3068740e+06   7.0068359e+01
   1.3074410e+06   6.4392090e+01
   1.3077470e+06   7.5500488e+01
   1.3079070e+06   4.5410156e+01
   1.3081490e+06   6.3781738e+01
   1.3286230e+06   8.9294434e+01
   1.3336090e+06   7.0251465e+01
   1.3340470e+06   8.3007812e+01
   1.3343360e+06   6.0363770e+01
   1.3409350e+06   4.1076660e+01
   1.3496420e+06   7.0251465e+01
   1.3499590e+06   4.4128418e+01
   1.3583700e+06   6.4392090e+01
   1.3679770e+06   6.4392090e+01
   1.3683920e+06   5.5969238e+01
   1.3705160e+06   6.9519043e+01
   1.3708360e+06   5.8288574e+01
   1.3842050e+06   6.7138672e+01
   1.3877350e+06   6.7810059e+01
   1.3879820e+06   6.4086914e+01
   1.3922050e+06   7.5988770e+01
   1.4044780e+06   7.4096680e+01
   1.4076290e+06   7.7758789e+01
   1.4091370e+06   7.2509766e+01
   1.4092960e+06   4.3273926e+01
   1.4147470e+06   7.0678711e+01
   1.4150120e+06   6.6589355e+01
   1.4197960e+06   7.7697754e+01
   1.4249390e+06   7.0190430e+01
   1.4251920e+06   7.2387695e+01
   1.4413060e+06   8.2580566e+01
   1.4444400e+06   6.9091797e+01
   1.4447530e+06   6.3049316e+01
   1.4500870e+06   7.1289062e+01
   1.4525580e+06   7.3486328e+01
   1.4528420e+06   6.7687988e+01
   1.4558560e+06   7.6171875e+01
   1.4564420e+06   6.9396973e+01
   1.4566780e+06   5.6457520e+01
   1.4594230e+06   7.4035645e+01
   1.4646860e+06   6.9824219e+01
   1.4652560e+06   6.7382812e+01
   1.4755280e+06   6.5368652e+01
   1.4843200e+06   6.7321777e+01
   1.4844960e+06   5.6091309e+01
   1.5167290e+06   6.4392090e+01
   1.5197910e+06   7.9406738e+01
   1.5444460e+06   6.5429688e+01
   1.5657050e+06   6.2805176e+01
   1.5660110e+06   6.3110352e+01
   1.5698990e+06   8.2275391e+01
   1.5700940e+06   6.7749023e+01
   1.5751590e+06   7.4707031e+01
   1.5767560e+06   6.8054199e+01
   1.5846410e+06   7.3730469e+01
   1.5850180e+06   6.4270020e+01
   1.5910360e+06   7.4707031e+01
   1.5913920e+06   5.8349609e+01
   1.5983360e+06   7.2387695e+01
   1.5985850e+06   6.4697266e+01
   1.5987880e+06   5.8105469e+01
   1.6037980e+06   7.0495605e+01
   1.6043290e+06   7.2631836e+01
   1.6045590e+06   5.1208496e+01
   1.6107310e+06   6.6162109e+01
   1.6109430e+06   6.9274902e+01
   1.6316670e+06   4.5654297e+01
   1.6425660e+06   8.2153320e+01
   1.6448760e+06   8.3374023e+01
   1.6452270e+06   6.1706543e+01
   1.6454480e+06   6.8969727e+01
   1.6553470e+06   6.0974121e+01
   1.6554860e+06   4.2175293e+01
   1.6946350e+06   7.0068359e+01
   1.6948080e+06   4.9072266e+01
   1.6956530e+06   8.4289551e+01
   1.6961660e+06   6.4514160e+01
   1.7011930e+06   6.9580078e+01
   1.7015560e+06   6.9274902e+01
   1.7165800e+06   6.6467285e+01
   1.7212210e+06   8.0322266e+01
   1.7214850e+06   7.5683594e+01
   1.7218560e+06   7.9101562e+01
   1.7256060e+06   7.5012207e+01
   1.7321950e+06   6.2805176e+01
   1.7323690e+06   4.1076660e+01
   1.7744600e+06   8.1604004e+01
   1.7759390e+06   6.2194824e+01
   1.7766820e+06   7.2021484e+01
   1.7804920e+06   8.7341309e+01
   1.7812350e+06   5.4077148e+01
   1.8023070e+06   8.5754395e+01
   1.8025360e+06   7.9956055e+01
   1.8051010e+06   6.3781738e+01
   1.8052900e+06   5.1879883e+01
   1.8087180e+06   7.9772949e+01
   1.8136230e+06   7.9772949e+01
   1.8233770e+06   7.1777344e+01
   1.8473320e+06   6.7138672e+01
   1.8475580e+06   7.0617676e+01
   1.8558280e+06   7.0312500e+01
   1.8637790e+06   7.0495605e+01
   1.8717900e+06   7.4829102e+01
   1.8787570e+06   6.3354492e+01
   1.8871130e+06   8.1848145e+01
   1.8873150e+06   7.9467773e+01
   1.8948390e+06   6.7138672e+01
   1.8950710e+06   6.2377930e+01
   1.8987310e+06   6.7687988e+01
   1.8988730e+06   4.0954590e+01
   1.9038450e+06   7.8491211e+01
   1.9073150e+06   7.4768066e+01
   1.9076840e+06   7.6599121e+01
   1.9079310e+06   8.4289551e+01
   1.9084550e+06   6.8420410e+01
   1.9143240e+06   7.6049805e+01
   1.9189460e+06   6.3110352e+01
   1.9197620e+06   7.6293945e+01
   1.9199800e+06   5.9509277e+01
   1.9238230e+06   7.4096680e+01
   1.9241310e+06   7.1350098e+01
   1.9548690e+06   6.5429688e+01
   1.9551120e+06   6.1828613e+01
   1.9807670e+06   7.7026367e+01
   1.9809970e+06   7.0678711e+01
   1.9842580e+06   7.9406738e+01
   1.9969910e+06   6.7077637e+01
   1.9974490e+06   7.3425293e+01
   2.0081610e+06   8.3923340e+01
   2.0127680e+06   7.8918457e+01
   2.0218740e+06   7.6110840e+01
   2.0344170e+06   7.3791504e+01
   2.0472770e+06   7.1838379e+01
   2.0476190e+06   5.6396484e+01
   2.0665160e+06   8.7280273e+01
   2.0669440e+06   7.4401855e+01
   2.0800160e+06   7.1044922e+01
   2.0880150e+06   7.5805664e+01
   2.0883210e+06   7.3791504e+01
   2.0912360e+06   6.1828613e+01
   2.0912650e+06   7.4035645e+01
   2.0917090e+06   6.5490723e+01
   2.0996520e+06   7.4035645e+01
   2.0999700e+06   6.9885254e+01
   2.1045090e+06   7.0556641e+01
   2.1046870e+06   7.3791504e+01
   2.1047620e+06   5.5908203e+01
   2.1073250e+06   4.1503906e+01
   2.1191270e+06   8.7280273e+01
   2.1228120e+06   7.1472168e+01
   2.1232030e+06   6.4331055e+01
   2.1354640e+06   7.9406738e+01
   2.1389150e+06   7.7270508e+01
   2.1391970e+06   6.2011719e+01
   2.1468960e+06   6.6162109e+01
   2.1619820e+06   7.7697754e+01
   2.1653300e+06   4.1442871e+01
   2.1739340e+06   6.7687988e+01
   2.1742730e+06   6.1767578e+01
   2.1748590e+06   6.5551758e+01
   2.1795940e+06   8.0993652e+01
   2.1798860e+06   7.2204590e+01
   2.1802570e+06   8.1298828e+01
   2.1863280e+06   8.5510254e+01
   2.1866650e+06   7.4340820e+01
   2.2230590e+06   8.4472656e+01
   2.2573420e+06   7.4157715e+01
   2.2575730e+06   7.2937012e+01
   2.2578880e+06   4.8767090e+01
   2.2641840e+06   6.6650391e+01
   2.2688610e+06   7.3425293e+01
   2.2784060e+06   8.0932617e+01
   2.2868390e+06   6.3537598e+01
   2.2995730e+06   6.8603516e+01
   2.3041900e+06   6.9091797e+01
   2.3045980e+06   6.2805176e+01
   2.3050480e+06   7.1044922e+01
   2.3107280e+06   7.4462891e+01
   2.3111350e+06   6.3476562e+01
   2.3114290e+06   7.7087402e+01
   2.3195160e+06   8.6181641e+01
   2.3197780e+06   6.8176270e+01
   2.3246770e+06   5.9631348e+01
   2.3362450e+06   4.1076660e+01
   2.3429820e+06   6.6772461e+01
   2.3558180e+06   8.1054688e+01
   2.3560150e+06   8.8806152e+01
   2.3601790e+06   7.1411133e+01
   2.3605450e+06   6.7871094e+01
   2.3664860e+06   6.9213867e+01
   2.3666500e+06   4.8095703e+01
   2.3673860e+06   6.1706543e+01
   2.3676160e+06   5.8044434e+01
   2.3727630e+06   8.3923340e+01
   2.3731720e+06   7.1044922e+01
   2.3733830e+06   5.9143066e+01
   2.3926110e+06   7.7209473e+01
   2.3930740e+06   6.2866211e+01
   2.3964700e+06   7.0556641e+01
   2.3966330e+06   4.5227051e+01
   2.4077030e+06   4.1870117e+01
   2.4077920e+06   7.2448730e+01
   2.4080310e+06   6.3720703e+01
   2.4122510e+06   7.0983887e+01
   2.4124840e+06   5.5480957e+01
   2.4127220e+06   6.3842773e+01
   2.4185030e+06   6.8908691e+01
   2.4188370e+06   8.9721680e+01
   2.4338230e+06   7.5744629e+01
   2.4339870e+06   5.0964355e+01
   2.4456530e+06   6.2744141e+01
   2.4459290e+06   7.2021484e+01
   2.4591060e+06   6.9824219e+01
   2.4594390e+06   6.7932129e+01
   2.4840420e+06   8.0017090e+01
   2.4851810e+06   6.9763184e+01
   2.4853990e+06   6.5917969e+01
   2.4855360e+06   7.5073242e+01
   2.4894860e+06   7.6171875e+01
   2.4999410e+06   7.6232910e+01
   2.5030480e+06   7.6416016e+01
   2.5034200e+06   7.9162598e+01
   2.5108210e+06   7.6354980e+01
   2.5310950e+06   8.6425781e+01
   2.5448220e+06   6.9396973e+01
   2.5449970e+06   4.4860840e+01
   2.5603840e+06   7.9895020e+01
   2.5606540e+06   6.4758301e+01
   2.5624540e+06   7.1350098e+01
   2.5627550e+06   6.7199707e+01
   2.5673090e+06   1.1590576e+02
   2.5735370e+06   8.6364746e+01
   2.5737610e+06   7.8125000e+01
   2.5791430e+06   7.1533203e+01
   2.5881750e+06   7.0800781e+01
   2.5984980e+06   7.9162598e+01
   2.6028800e+06   7.1777344e+01
   2.6142920e+06   6.7626953e+01
   2.6163990e+06   7.7026367e+01
   2.6214270e+06   6.8664551e+01
   2.6217160e+06   5.4992676e+01
   2.6219200e+06   5.9814453e+01
   2.6376680e+06   7.4707031e+01
   2.6378000e+06   4.3090820e+01
   2.6692520e+06   6.7932129e+01
   2.6695110e+06   6.5307617e+01
   2.6755130e+06   6.7077637e+01
   2.6763730e+06   7.6110840e+01
   2.6766180e+06   7.5683594e+01
   2.6768040e+06   6.1462402e+01
   2.6916180e+06   8.3496094e+01
   2.6919020e+06   7.4768066e+01
   2.6964270e+06   7.8369141e+01
   2.7134590e+06   6.9519043e+01
   2.7171210e+06   6.9641113e+01
   2.7173780e+06   7.5378418e+01
   2.7195640e+06   6.2683105e+01
   2.7196870e+06   6.9641113e+01
   2.7199530e+06   6.6284180e+01
   2.7286350e+06   7.8796387e+01
   2.7289090e+06   6.2866211e+01
   2.7293600e+06   6.9824219e+01
   2.7380950e+06   4.1870117e+01
   2.7402770e+06   7.8735352e+01
   2.7404820e+06   4.4616699e+01
   2.7494950e+06   8.2824707e+01
   2.7552990e+06   7.6782227e+01
   2.7757350e+06   8.7524414e+01
   2.7802150e+06   6.7993164e+01
   2.7805730e+06   5.2551270e+01
   2.7809730e+06   7.3913574e+01
   2.7814290e+06   6.5002441e+01
   2.7858250e+06   7.0434570e+01
   2.7923970e+06   7.4645996e+01
   2.7926810e+06   7.6538086e+01
   2.7937620e+06   7.1533203e+01
   2.7985320e+06   6.8237305e+01
   2.7993540e+06   8.0993652e+01
   2.8146320e+06   6.7565918e+01
   2.8192140e+06   6.1523437e+01
   2.8206430e+06   6.4758301e+01
   2.8211620e+06   6.9458008e+01
   2.8213540e+06   6.2500000e+01
   2.8386810e+06   7.4707031e+01
   2.8389790e+06   6.9030762e+01
   2.8443670e+06   6.3110352e+01
   2.8445320e+06   4.2846680e+01
   2.8478440e+06   8.0993652e+01
   2.8512800e+06   6.7504883e+01
   2.8546960e+06   7.3181152e+01
   2.8696700e+06   6.6223145e+01
   2.8698690e+06   7.0800781e+01
   2.8751300e+06   7.9895020e+01
   2.8753510e+06   6.6101074e+01
   2.8797900e+06   7.5439453e+01
   2.8837400e+06   7.5317383e+01
   2.8839900e+06   5.6274414e+01
   2.8899280e+06   6.9274902e+01
   2.8902400e+06   6.8420410e+01
   2.8904510e+06   6.3110352e+01
   2.8913630e+06   5.7922363e+01
   2.8915230e+06   5.2490234e+01
   2.8940340e+06   7.0251465e+01
   2.8947380e+06   5.6823730e+01
   2.8953910e+06   7.4096680e+01
   2.8958410e+06   6.7810059e+01
   2.8960000e+06   5.5358887e+01
   2.9114320e+06   7.1655273e+01
   2.9116510e+06   5.3833008e+01
   2.9203910e+06   6.8847656e+01
   2.9206520e+06   5.8593750e+01
   2.9258480e+06   5.6274414e+01
   2.9260410e+06   5.0170898e+01
   2.9260960e+06   7.0312500e+01
   2.9391390e+06   8.6608887e+01
   2.9394060e+06   8.4838867e+01
   2.9430450e+06   7.8979492e+01
   2.9432860e+06   5.4382324e+01
   2.9549860e+06   7.0739746e+01
   2.9619800e+06   7.5378418e+01
   2.9621650e+06   7.0068359e+01
   2.9623220e+06   7.1716309e+01
   2.9625180e+06   5.1452637e+01
   2.9745110e+06   7.6782227e+01
   2.9821150e+06   7.1594238e+01
   2.9822650e+06   4.7302246e+01
   2.9827930e+06   8.2214355e+01
   2.9831190e+06   6.8542480e+01
   2.9837740e+06   7.7758789e+01
   2.9839360e+06   7.4584961e+01
   2.9841160e+06   5.4748535e+01
   2.9918650e+06   7.3181152e+01
   2.9921840e+06   6.5307617e+01
   2.9924530e+06   6.6162109e+01
   2.9963150e+06   8.0200195e+01
   2.9967990e+06   5.5053711e+01
   3.0088480e+06   6.7932129e+01
   3.0092480e+06   6.6650391e+01
   3.0096130e+06   8.5571289e+01
   3.0101440e+06   6.1035156e+01
   3.0170500e+06   7.5317383e+01
   3.0334670e+06   6.1889648e+01
   3.0554650e+06   7.9589844e+01
   3.0563390e+06   7.0068359e+01
   3.0604030e+06   7.6904297e+01
   3.0610540e+06   6.5612793e+01
   3.0613650e+06   7.4584961e+01
   3.0653330e+06   6.3720703e+01
   3.0655370e+06   5.2124023e+01
   3.0686870e+06   6.8664551e+01
   3.0690510e+06   6.1157227e+01
   3.0819800e+06   7.9833984e+01
   3.0851700e+06   6.1950684e+01
   3.0948850e+06   7.1533203e+01
   3.0949270e+06   7.9467773e+01
   3.0950890e+06   7.5073242e+01
   3.1036880e+06   7.5439453e+01
   3.1099370e+06   6.4086914e+01
   3.1101280e+06   5.7800293e+01
   3.1106480e+06   5.5053711e+01
   3.1109380e+06   6.2866211e+01
   3.1119830e+06   6.8725586e+01
   3.1219580e+06   6.1035156e+01
   3.1240150e+06   7.1960449e+01
   3.1300650e+06   7.2509766e+01
   3.1342150e+06   7.2875977e+01
   3.1353790e+06   5.8776855e+01
   3.1434380e+06   8.1970215e+01
   3.1521030e+06   8.5876465e+01
   3.1523670e+06   6.5917969e+01
   3.1525060e+06   5.3039551e+01
   3.1564410e+06   8.2763672e+01
   3.1566510e+06   5.4138184e+01
   3.1617710e+06   6.6772461e+01
   3.1679240e+06   6.5612793e+01
   3.1751310e+06   9.2285156e+01
   3.1754170e+06   7.0617676e+01
   3.1829590e+06   6.6406250e+01
   3.1854740e+06   7.1044922e+01
   3.1857760e+06   6.8420410e+01
   3.1859980e+06   7.9772949e+01
   3.1888480e+06   6.2438965e+01
   3.1896720e+06   7.3852539e+01
   3.1898110e+06   5.8715820e+01
   3.1899760e+06   6.7504883e+01
   3.2018080e+06   8.2153320e+01
   3.2070510e+06   7.2204590e+01
   3.2073840e+06   7.6965332e+01
   3.2169910e+06   6.5185547e+01
   3.2188270e+06   6.6040039e+01
   3.2191720e+06   6.4453125e+01
   3.2193500e+06   6.8115234e+01
   3.2194990e+06   5.6213379e+01
   3.2196530e+06   5.1391602e+01
   3.2209700e+06   5.6640625e+01
   3.2211450e+06   6.2988281e+01
   3.2280430e+06   6.4270020e+01
   3.2282040e+06   5.2673340e+01
   3.2297880e+06   6.7382812e+01
   3.2454610e+06   7.4035645e+01
   3.2461020e+06   6.4270020e+01
   3.2462960e+06   6.6284180e+01
   3.2464300e+06   6.8847656e+01
   3.2569810e+06   7.1899414e+01
   3.2571760e+06   5.9082031e+01
   3.2574220e+06   6.2561035e+01
   3.2577080e+06   5.7067871e+01
   3.2579520e+06   4.7546387e+01
   3.2645550e+06   6.7504883e+01
   3.2868890e+06   7.9467773e+01
   3.2874040e+06   7.1166992e+01
   3.2875490e+06   5.8593750e+01
   3.2885520e+06   7.1105957e+01
   3.2887840e+06   5.9082031e+01
   3.2958730e+06   7.2692871e+01
   3.2960230e+06   4.5471191e+01
   3.2981040e+06   8.7707520e+01
   3.2983880e+06   6.4208984e+01
   3.3103990e+06   5.9814453e+01
   3.3107100e+06   6.7932129e+01
   3.3109070e+06   6.4819336e+01
   3.3142510e+06   7.3303223e+01
   3.3144790e+06   6.7199707e+01
   3.3147750e+06   6.2561035e+01
   3.3150980e+06   4.9072266e+01
   3.3243650e+06   7.6782227e+01
   3.3245570e+06   6.9519043e+01
   3.3248540e+06   6.2316895e+01
   3.3345270e+06   7.5256348e+01
   3.3347990e+06   6.2866211e+01
   3.3356670e+06   7.8063965e+01
   3.3358410e+06   4.0893555e+01
   3.3374360e+06   7.0190430e+01
   3.3377710e+06   6.8359375e+01
   3.3381860e+06   6.8176270e+01
   3.3447070e+06   7.8857422e+01
   3.3455010e+06   6.6467285e+01
   3.3617800e+06   6.6528320e+01
   3.3619650e+06   6.2683105e+01
   3.3621410e+06   7.0007324e+01
   3.3650150e+06   6.9763184e+01
   3.3652100e+06   7.3059082e+01
   3.3653670e+06   5.5480957e+01
   3.3699100e+06   6.3171387e+01
   3.3700930e+06   4.6264648e+01
   3.3703770e+06   6.8725586e+01
   3.3705600e+06   7.1166992e+01
   3.3765140e+06   6.7993164e+01
   3.3767360e+06   7.5805664e+01
   3.3769370e+06   7.0678711e+01
   3.3914260e+06   7.2387695e+01
   3.3915420e+06   6.3964844e+01
   3.3917170e+06   5.0170898e+01
   3.4018760e+06   7.0007324e+01
   3.4095650e+06   7.0129395e+01
   3.4109450e+06   8.3435059e+01
   3.4119710e+06   7.1960449e+01
   3.4122040e+06   5.6396484e+01
   3.4154170e+06   5.9509277e+01
   3.4156100e+06   6.1035156e+01
   3.4157960e+06   6.2927246e+01
   3.4351930e+06   7.5866699e+01
   3.4431160e+06   8.8195801e+01
   3.4464780e+06   6.5856934e+01
   3.4466510e+06   4.8767090e+01
   3.4580230e+06   7.0373535e+01
   3.4582760e+06   6.5551758e+01
   3.4599590e+06   6.6162109e+01
   3.4601560e+06   6.0119629e+01
   3.4605230e+06   5.6884766e+01
   3.4693290e+06   6.7260742e+01
   3.4739510e+06   7.6965332e+01
   3.4745670e+06   6.9946289e+01
   3.4749700e+06   6.6833496e+01
   3.4767930e+06   6.7504883e+01
   3.4769460e+06   4.3151855e+01
   3.4907170e+06   7.0129395e+01
   3.4910010e+06   5.3283691e+01
   3.4927000e+06   7.7148438e+01
   3.5100120e+06   6.6406250e+01
   3.5105480e+06   6.0119629e+01
   3.5108110e+06   5.2490234e+01
   3.5137010e+06   5.1574707e+01
   3.5149820e+06   7.2875977e+01
   3.5151740e+06   5.7434082e+01
   3.5263850e+06   7.4157715e+01
   3.5319210e+06   7.7270508e+01
   3.5372830e+06   7.0983887e+01
   3.5374820e+06   6.8481445e+01
   3.5437360e+06   7.1350098e+01
   3.5554040e+06   6.5795898e+01
   3.5597500e+06   7.7331543e+01
   3.5681960e+06   7.1228027e+01
   3.5694280e+06   6.8725586e+01
   3.5696700e+06   6.3659668e+01
   3.5763920e+06   6.9824219e+01
   3.5767630e+06   6.5917969e+01
   3.5771100e+06   5.7861328e+01
   3.5973120e+06   6.8786621e+01
   3.5975320e+06   7.4523926e+01
   3.6018000e+06   6.8664551e+01
   3.6021390e+06   7.0495605e+01
   3.6023640e+06   6.7504883e+01
   3.6068020e+06   6.2561035e+01
   3.6068860e+06   6.6650391e+01
   3.6073180e+06   6.2255859e+01
   3.6176870e+06   6.6406250e+01
   3.6285820e+06   6.9824219e+01
   3.6323610e+06   7.5622559e+01
   3.6325240e+06   4.9621582e+01
   3.6438560e+06   6.7504883e+01
   3.6441260e+06   7.3974609e+01
   3.6484040e+06   5.8837891e+01
   3.6486090e+06   6.6101074e+01
   3.6544250e+06   6.3293457e+01
   3.6548030e+06   6.4697266e+01
   3.6553750e+06   6.2500000e+01
   3.6638080e+06   6.6406250e+01
   3.6699410e+06   7.3669434e+01
   3.6703520e+06   7.0556641e+01
   3.6809510e+06   5.8105469e+01
   3.6860650e+06   6.5063477e+01
   3.6881970e+06   8.3251953e+01
   3.6883660e+06   7.3608398e+01
   3.6886640e+06   5.6640625e+01
   3.6907640e+06   5.9387207e+01
   3.6910840e+06   6.3720703e+01
   3.6919950e+06   6.8725586e+01
   3.7000230e+06   6.8664551e+01
   3.7132010e+06   8.1848145e+01
   3.7140940e+06   8.0139160e+01
   3.7284020e+06   6.3293457e+01
   3.7351830e+06   7.9650879e+01
   3.7364650e+06   6.8725586e+01
   3.7365970e+06   4.6203613e+01
   3.7406760e+06   7.2326660e+01
   3.7408940e+06   6.7077637e+01
   3.7424890e+06   6.6528320e+01
   3.7544070e+06   7.5622559e+01
   3.7546110e+06   7.5378418e+01
   3.7655250e+06   8.0444336e+01
   3.7658070e+06   5.8105469e+01
   3.7688330e+06   8.1665039e+01
   3.7690330e+06   6.2011719e+01
   3.7694980e+06   6.0424805e+01
   3.7802850e+06   6.7626953e+01
   3.7869080e+06   6.8664551e+01
   3.7871080e+06   6.2744141e+01
   3.7872480e+06   7.3181152e+01
   3.7885150e+06   6.2316895e+01
   3.7886960e+06   4.5715332e+01
   3.7989600e+06   7.5561523e+01
   3.7995500e+06   8.0810547e+01
   3.7997480e+06   6.0241699e+01
   3.7999360e+06   6.0791016e+01
   3.8001030e+06   4.8400879e+01
   3.8002890e+06   6.1096191e+01
   3.8133890e+06   8.6914062e+01
   3.8137370e+06   8.1848145e+01
   3.8139310e+06   6.3232422e+01
   3.8153560e+06   6.9152832e+01
   3.8155080e+06   4.9499512e+01
   3.8202540e+06   6.3842773e+01
   3.8205200e+06   7.3547363e+01
   3.8234710e+06   7.0861816e+01
   3.8236800e+06   7.4523926e+01
   3.8286240e+06   6.5368652e+01
   3.8288350e+06   6.8542480e+01
   3.8475440e+06   8.4716797e+01
   3.8483420e+06   6.7199707e+01
   3.8486990e+06   6.5490723e+01
   3.8561900e+06   6.6833496e+01
   3.8563510e+06   4.9194336e+01
   3.8659620e+06   8.8562012e+01
   3.8736160e+06   7.5622559e+01
   3.8752240e+06   6.3354492e+01
   3.8762770e+06   7.9895020e+01
   3.8844540e+06   6.5185547e+01
   3.8988740e+06   6.2500000e+01
   3.8990390e+06   4.5227051e+01
   3.8993500e+06   7.2875977e+01
   3.9017740e+06   7.1716309e+01
   3.9019760e+06   6.6650391e+01
   3.9021690e+06   6.1096191e+01
   3.9166530e+06   7.1411133e+01
   3.9230400e+06   7.4951172e+01
   3.9232450e+06   7.7026367e+01
   3.9269510e+06   7.5195312e+01
   3.9275390e+06   7.2021484e+01
   3.9277280e+06   6.7749023e+01
   3.9279140e+06   5.1086426e+01
   3.9280680e+06   5.1940918e+01
   3.9385450e+06   7.9833984e+01
   3.9410740e+06   7.7392578e+01
   3.9412360e+06   5.8166504e+01
   3.9418300e+06   5.8227539e+01
   3.9527800e+06   7.2448730e+01
   3.9529670e+06   6.7260742e+01
   3.9531660e+06   6.7871094e+01
   3.9577260e+06   6.7199707e+01
   3.9579070e+06   6.2194824e+01
   3.9580790e+06   5.6762695e+01
   3.9760140e+06   7.0373535e+01
   3.9761670e+06   4.1687012e+01
   3.9817130e+06   7.9772949e+01
   3.9818700e+06   6.9458008e+01
   3.9820140e+06   5.8105469e+01
   3.9843010e+06   6.1340332e+01
   3.9846310e+06   6.8481445e+01
   3.9898360e+06   4.4860840e+01
   3.9899120e+06   6.5917969e+01
   3.9901390e+06   7.8552246e+01
   4.0045550e+06   6.9946289e+01
   4.0045680e+06   4.1625977e+01
   4.0047440e+06   6.9274902e+01
   4.0060890e+06   6.5551758e+01
   4.0062270e+06   4.4372559e+01
   4.0144310e+06   7.4523926e+01
   4.0152500e+06   6.8420410e+01
   4.0232800e+06   6.9213867e+01
   4.0236300e+06   7.2814941e+01
   4.0240080e+06   6.0668945e+01
   4.0286070e+06   6.2744141e+01
   4.0288060e+06   6.1340332e+01
   4.0340460e+06   6.6223145e+01
   4.0404660e+06   7.1166992e+01
   4.0406030e+06   5.2856445e+01
   4.0408670e+06   8.4716797e+01
   4.0413420e+06   6.7932129e+01
   4.0415020e+06   6.7077637e+01
   4.0445570e+06   7.7636719e+01
   4.0448690e+06   6.4514160e+01
   4.0450610e+06   5.0659180e+01
   4.0502510e+06   6.8054199e+01
   4.0504150e+06   7.1838379e+01
   4.0506160e+06   6.5429688e+01
   4.0547570e+06   6.6833496e+01
   4.0616440e+06   6.6894531e+01
   4.0627200e+06   8.3984375e+01
   4.0628990e+06   5.7617188e+01
   4.0632290e+06   6.7749023e+01
   4.0639760e+06   5.1452637e+01
   4.0642210e+06   5.7128906e+01
   4.0773930e+06   6.8420410e+01
   4.0823600e+06   6.8237305e+01
   4.0913290e+06   7.2143555e+01
   4.0915480e+06   6.2133789e+01
   4.0916210e+06   6.5368652e+01
   4.0917510e+06   4.2358398e+01
   4.0929440e+06   6.1035156e+01
   4.0931890e+06   5.4809570e+01
   4.0935230e+06   5.9204102e+01
   4.0937120e+06   6.5490723e+01
   4.1069460e+06   7.9162598e+01
   4.1278190e+06   7.3425293e+01
   4.1291620e+06   6.7504883e+01
   4.1293140e+06   4.4128418e+01
   4.1344180e+06   6.3720703e+01
   4.1347940e+06   6.8908691e+01
   4.1479780e+06   7.1716309e+01
   4.1481510e+06   7.8674316e+01
   4.1540620e+06   7.3486328e+01
   4.1542690e+06   6.9396973e+01
   4.1551030e+06   6.1096191e+01
   4.1553820e+06   5.8471680e+01
   4.1628960e+06   6.2927246e+01
   4.1779440e+06   8.3618164e+01
   4.1781750e+06   7.5256348e+01
   4.1783880e+06   6.6345215e+01
   4.1822660e+06   5.9448242e+01
   4.1846390e+06   7.2021484e+01
   4.1848540e+06   7.4768066e+01
   4.1944380e+06   6.5856934e+01
   4.1982260e+06   6.9702148e+01
   4.1990480e+06   6.7199707e+01
   4.2089030e+06   7.4340820e+01
   4.2091780e+06   6.3110352e+01
   4.2134470e+06   7.2692871e+01
   4.2236130e+06   7.1105957e+01
   4.2279650e+06   7.1655273e+01
   4.2312210e+06   7.6049805e+01
   4.2320590e+06   7.6721191e+01
   4.2322680e+06   5.7189941e+01
   4.2325290e+06   5.6823730e+01
   4.2357140e+06   7.5744629e+01
   4.2359330e+06   5.9997559e+01
   4.2419140e+06   6.9519043e+01
   4.2502040e+06   7.1655273e+01
   4.2589610e+06   6.9213867e+01
   4.2592150e+06   6.9580078e+01
   4.2593980e+06   6.4392090e+01
   4.2623610e+06   7.9223633e+01
   4.2647350e+06   8.5937500e+01
   4.2653200e+06   7.0617676e+01
   4.2654880e+06   5.4138184e+01
   4.2693690e+06   7.1899414e+01
   4.2969700e+06   6.4392090e+01
   4.2972780e+06   7.3669434e+01
   4.2979530e+06   6.3964844e+01
   4.3017730e+06   6.5612793e+01
   4.3019880e+06   6.7016602e+01
   4.3022440e+06   8.3068848e+01
   4.3026290e+06   6.7443848e+01
   4.3108270e+06   5.7678223e+01
   4.3110420e+06   5.8288574e+01
   4.3184270e+06   7.4829102e+01
   4.3188550e+06   6.8664551e+01
   4.3190500e+06   5.5969238e+01
   4.3285270e+06   7.0312500e+01
   4.3302970e+06   8.6914063e+01
   4.3305000e+06   6.5185547e+01
   4.3338730e+06   6.7443848e+01
   4.3341200e+06   7.7575684e+01
   4.3342760e+06   7.3425293e+01
   4.3349150e+06   5.6335449e+01
   4.3352580e+06   6.2561035e+01
   4.3423770e+06   7.3852539e+01
   4.3526110e+06   7.6660156e+01
   4.3547960e+06   7.8613281e+01
   4.3555170e+06   5.4382324e+01
   4.3672110e+06   6.1950684e+01
   4.3673460e+06   4.4799805e+01
   4.3682960e+06   6.3781738e+01
   4.3685500e+06   6.2744141e+01
   4.3730870e+06   9.3688965e+01
   4.3734820e+06   7.2265625e+01
   4.3831020e+06   6.9274902e+01
   4.3957760e+06   6.8115234e+01
   4.3959750e+06   6.1035156e+01
   4.4049460e+06   8.6059570e+01
   4.4053700e+06   7.9650879e+01
   4.4056450e+06   5.7556152e+01
   4.4186500e+06   6.5673828e+01
   4.4189010e+06   6.5002441e+01
   4.4262180e+06   7.2509766e+01
   4.4263710e+06   6.2683105e+01
   4.4338510e+06   6.3903809e+01
   4.4372490e+06   6.8664551e+01
   4.4374160e+06   5.1025391e+01
   4.4418770e+06   6.6040039e+01
   4.4422120e+06   8.6853027e+01
   4.4424270e+06   7.0068359e+01
   4.4429030e+06   6.1218262e+01
   4.4494140e+06   6.5612793e+01
   4.4496250e+06   5.9509277e+01
   4.4498320e+06   5.6884766e+01
   4.4592010e+06   6.4575195e+01
   4.4594860e+06   6.8237305e+01
   4.4655130e+06   7.2753906e+01
   4.4656210e+06   7.5866699e+01
   4.4656790e+06   4.4616699e+01
   4.4699210e+06   6.1462402e+01
   4.4819970e+06   7.2692871e+01
   4.4827320e+06   6.8481445e+01
   4.4828840e+06   7.4584961e+01
   4.4830380e+06   4.5776367e+01
   4.4843640e+06   6.3598633e+01
   4.4845370e+06   6.7199707e+01
   4.4847730e+06   7.3852539e+01
   4.4922250e+06   7.0922852e+01
   4.4925340e+06   6.4208984e+01
   4.4927270e+06   6.3415527e+01
   4.4930060e+06   7.2204590e+01
   4.5008470e+06   6.5307617e+01
   4.5153170e+06   6.5612793e+01
   4.5154740e+06   4.7363281e+01
   4.5157940e+06   6.6406250e+01
   4.5171490e+06   6.5795898e+01
   4.5173150e+06   6.2316895e+01
   4.5217480e+06   8.2763672e+01
   4.5230980e+06   6.5917969e+01
   4.5232600e+06   5.7922363e+01
   4.5391100e+06   7.2875977e+01
   4.5396580e+06   8.6975098e+01
   4.5400050e+06   7.4523926e+01
   4.5402630e+06   6.2377930e+01
   4.5420530e+06   4.7790527e+01
   4.5463480e+06   5.7189941e+01
   4.5465190e+06   6.2561035e+01
   4.5508140e+06   6.6162109e+01
   4.5514150e+06   6.2500000e+01
   4.5515900e+06   5.0109863e+01
   4.5569280e+06   6.9824219e+01
   4.5571250e+06   6.1828613e+01
   4.5641820e+06   6.9885254e+01
   4.5725890e+06   7.8369141e+01
   4.5727610e+06   5.6213379e+01
   4.5765210e+06   7.6171875e+01
   4.5815080e+06   6.8847656e+01
   4.5817100e+06   7.0983887e+01
   4.5821430e+06   6.4270020e+01
   4.5824840e+06   5.5786133e+01
   4.5826450e+06   5.2917480e+01
   4.5971710e+06   7.0617676e+01
   4.6056440e+06   5.9814453e+01
   4.6106480e+06   8.1237793e+01
   4.6108420e+06   6.2011719e+01
   4.6109730e+06   8.6608887e+01
   4.6110830e+06   5.7556152e+01
   4.6165600e+06   5.0903320e+01
   4.6167170e+06   4.2297363e+01
   4.6274730e+06   4.0893555e+01
   4.6368420e+06   6.9396973e+01
   4.6370760e+06   5.3894043e+01
   4.6371890e+06   6.6711426e+01
   4.6373820e+06   4.8400879e+01
   4.6400770e+06   6.5673828e+01
   4.6403270e+06   6.6040039e+01
   4.6404890e+06   5.0964355e+01
   4.6450460e+06   6.1523438e+01
   4.6452040e+06   5.6518555e+01
   4.6456150e+06   6.9274902e+01
   4.6513810e+06   6.3781738e+01
   4.6515280e+06   4.0954590e+01
   4.6565980e+06   6.7871094e+01
   4.6568570e+06   7.2753906e+01
   4.6681470e+06   6.4575195e+01
   4.6683720e+06   6.4270020e+01
   4.6825390e+06   7.8796387e+01
   4.6844970e+06   7.6904297e+01
   4.6846700e+06   7.8125000e+01
   4.6848510e+06   5.0231934e+01
   4.6889820e+06   7.0617676e+01
   4.6891670e+06   6.3476563e+01
   4.6893070e+06   4.2785645e+01
   4.6895250e+06   6.9335938e+01
   4.6897570e+06   7.0434570e+01
   4.6934590e+06   6.0913086e+01
   4.6998440e+06   7.6538086e+01
   4.7000780e+06   6.5734863e+01
   4.7003370e+06   6.5002441e+01
   4.7096850e+06   7.6049805e+01
   4.7100010e+06   6.1950684e+01
   4.7231960e+06   7.3669434e+01
   4.7234610e+06   7.7941895e+01
   4.7270470e+06   6.6467285e+01
   4.7359700e+06   8.4655762e+01
   4.7408140e+06   6.5551758e+01
   4.7410740e+06   5.7617188e+01
   4.7498300e+06   8.3312988e+01
   4.7502140e+06   6.7138672e+01
   4.7608830e+06   6.8786621e+01
   4.7611370e+06   6.7321777e+01
   4.7613270e+06   6.5551758e+01
   4.7614680e+06   4.9194336e+01
   4.7641360e+06   6.2622070e+01
   4.7643230e+06   6.0180664e+01
   4.7644910e+06   5.3588867e+01
   4.7700260e+06   6.8115234e+01
   4.7702810e+06   6.9641113e+01
   4.7847290e+06   6.6223145e+01
   4.7849040e+06   6.9885254e+01
   4.7850620e+06   6.9030762e+01
   4.7892070e+06   6.7443848e+01
   4.7893860e+06   5.4870605e+01
   4.8063430e+06   8.5021973e+01
   4.8065870e+06   7.6354980e+01
   4.8101670e+06   6.1523438e+01
   4.8130250e+06   5.4138184e+01
   4.8161010e+06   6.6162109e+01
   4.8170520e+06   6.2438965e+01
   4.8173260e+06   6.2683105e+01
   4.8175050e+06   6.3903809e+01
   4.8218430e+06   6.2438965e+01
   4.8220390e+06   6.8725586e+01
   4.8257810e+06   7.2509766e+01
   4.8259150e+06   4.1259766e+01
   4.8369060e+06   8.2214355e+01
   4.8371510e+06   6.1584473e+01
   4.8471260e+06   6.5917969e+01
   4.8650330e+06   7.2875977e+01
   4.8652220e+06   7.2082520e+01
   4.8654120e+06   5.6213379e+01
   4.8761860e+06   7.9101562e+01
   4.8763820e+06   7.3120117e+01
   4.8917760e+06   6.9580078e+01
   4.8919660e+06   8.3496094e+01
   4.8922130e+06   7.8552246e+01
   4.8924110e+06   5.7434082e+01
   4.8925700e+06   5.4199219e+01
   4.8966200e+06   6.1889648e+01
   4.8968130e+06   5.5480957e+01
   4.9110360e+06   6.9763184e+01
   4.9112780e+06   6.3415527e+01
   4.9186780e+06   7.2570801e+01
   4.9280100e+06   9.1064453e+01
   4.9281990e+06   6.0913086e+01
   4.9283440e+06   5.4992676e+01
   4.9350090e+06   7.4951172e+01
   4.9418160e+06   7.7087402e+01
   4.9488320e+06   6.3049316e+01
   4.9490540e+06   6.6894531e+01
   4.9491980e+06   7.1838379e+01
   4.9686780e+06   7.5256348e+01
   4.9689980e+06   6.8542480e+01
   4.9720190e+06   6.7260742e+01
   4.9723170e+06   5.6396484e+01
   4.9724750e+06   5.9326172e+01
   4.9726590e+06   6.5246582e+01
   4.9749450e+06   6.6833496e+01
   4.9751030e+06   5.2185059e+01
   4.9765840e+06   5.9753418e+01
   4.9769160e+06   7.6721191e+01
   4.9770830e+06   7.5378418e+01
   4.9884580e+06   7.8735352e+01
   4.9895340e+06   8.0383301e+01
   4.9910350e+06   8.1970215e+01
   4.9911920e+06   5.7373047e+01
   5.0104360e+06   6.8481445e+01
   5.0146920e+06   7.0312500e+01
   5.0215540e+06   7.5500488e+01
   5.0217430e+06   6.6162109e+01
   5.0288190e+06   7.5073242e+01
   5.0339970e+06   7.4951172e+01
   5.0344760e+06   7.6049805e+01
   5.0346470e+06   6.1462402e+01
   5.0348180e+06   6.2438965e+01
   5.0417100e+06   8.6181641e+01
   5.0472890e+06   6.7626953e+01
   5.0502760e+06   6.3476562e+01
   5.0507850e+06   8.1604004e+01
   5.0579780e+06   7.3547363e+01
   5.0583380e+06   6.7565918e+01
   5.0591320e+06   6.3049316e+01
   5.0643750e+06   7.8430176e+01
   5.0649720e+06   6.4208984e+01
   5.0760900e+06   6.4208984e+01
   5.0949870e+06   5.4809570e+01
   5.1011060e+06   6.4208984e+01
   5.1103160e+06   7.1838379e+01
   5.1179240e+06   6.8054199e+01
   5.1181900e+06   7.4707031e+01
   5.1244330e+06   7.4279785e+01
   5.1248410e+06   6.1401367e+01
   5.1250100e+06   6.6040039e+01
   5.1362960e+06   7.3242188e+01
   5.1442290e+06   7.3120117e+01
   5.1501070e+06   8.0810547e+01
   5.1687540e+06   6.0668945e+01
   5.1916470e+06   8.0688477e+01
   5.1918470e+06   6.8237305e+01
   5.1924460e+06   6.3476562e+01
   5.2026890e+06   6.9824219e+01
   5.2041030e+06   7.8674316e+01
   5.2077620e+06   6.5612793e+01
   5.2079750e+06   6.9152832e+01
   5.2081450e+06   6.4453125e+01
   5.2160100e+06   5.5969238e+01
   5.2192700e+06   7.7941895e+01
   5.2249860e+06   8.6059570e+01
   5.2252140e+06   6.8298340e+01
   5.2254790e+06   7.3791504e+01
   5.2309100e+06   7.5500488e+01
   5.2407110e+06   6.9824219e+01
   5.2409130e+06   6.7932129e+01
   5.2482510e+06   7.2021484e+01
   5.2485020e+06   6.0546875e+01
   5.2523950e+06   6.5795898e+01
   5.2527210e+06   6.5246582e+01
   5.2528690e+06   6.1767578e+01
   5.2531620e+06   6.6162109e+01
   5.2585940e+06   5.9692383e+01
   5.2657070e+06   7.3059082e+01
   5.2659540e+06   5.9143066e+01
   5.2661640e+06   7.0922852e+01
   5.2694470e+06   7.4340820e+01
   5.2701410e+06   6.6955566e+01
   5.2756270e+06   7.1533203e+01
   5.2758580e+06   8.9904785e+01
   5.2761310e+06   6.2866211e+01
   5.3087250e+06   6.6711426e+01
   5.3090910e+06   6.4941406e+01
   5.3201270e+06   8.1054688e+01
   5.3203520e+06   6.2622070e+01
   5.3205270e+06   5.3527832e+01
   5.3260450e+06   7.6660156e+01
   5.3270040e+06   4.1076660e+01
   5.3272140e+06   7.0190430e+01
   5.3304140e+06   7.9895020e+01
   5.3446020e+06   7.3059082e+01
   5.3474760e+06   7.1655273e+01
   5.3564670e+06   7.0373535e+01
   5.3569060e+06   6.2011719e+01
   5.3573540e+06   7.9772949e+01
   5.3576570e+06   6.2927246e+01
   5.3578460e+06   5.0354004e+01
   5.3654790e+06   7.2204590e+01
   5.3657010e+06   6.9702148e+01
   5.3792010e+06   7.0312500e+01
   5.3794940e+06   6.8054199e+01
   5.3796220e+06   4.9865723e+01
   5.3823680e+06   6.3781738e+01
   5.4198940e+06   7.8552246e+01
   5.4200870e+06   7.0556641e+01
   5.4259590e+06   6.5795898e+01
   5.4262210e+06   5.6030273e+01
   5.4406250e+06   7.3059082e+01
   5.4438390e+06   8.9477539e+01
   5.4440870e+06   7.5317383e+01
   5.4442500e+06   6.3842773e+01
   5.4443720e+06   4.8095703e+01
   5.4487390e+06   8.0993652e+01
   5.4489150e+06   7.0007324e+01
   5.4490950e+06   5.7128906e+01
   5.4493120e+06   5.4382324e+01
   5.4543600e+06   6.4025879e+01
   5.4546640e+06   7.1289062e+01
   5.4553500e+06   5.4138184e+01
   5.4555280e+06   6.3232422e+01
   5.4557440e+06   4.8950195e+01
   5.4702660e+06   6.7443848e+01
   5.4704820e+06   5.4748535e+01
   5.5103520e+06   8.0749512e+01
   5.5105460e+06   8.2275391e+01
   5.5108280e+06   5.8349609e+01
   5.5144490e+06   6.6345215e+01
   5.5148440e+06   7.1838379e+01
   5.5150820e+06   7.6354980e+01
   5.5261540e+06   7.5683594e+01
   5.5526170e+06   6.8969727e+01
   5.5534160e+06   7.0922852e+01
   5.5781380e+06   7.2326660e+01
   5.5783150e+06   4.9194336e+01
   5.5852570e+06   7.5500488e+01
   5.5890680e+06   8.2336426e+01
   5.5892570e+06   7.5134277e+01
   5.6029450e+06   7.3120117e+01
   5.6163470e+06   7.0556641e+01
   5.6166170e+06   6.3903809e+01
   5.6236220e+06   6.8847656e+01
   5.6239620e+06   8.1237793e+01
   5.6241630e+06   6.4636230e+01
   5.6289650e+06   7.6110840e+01
   5.6420160e+06   7.6599121e+01
   5.6427590e+06   7.0617676e+01
   5.6640020e+06   6.7687988e+01
   5.7110040e+06   8.0261230e+01
   5.7139460e+06   8.2580566e+01
   5.7145110e+06   6.8115234e+01
   5.7173130e+06   6.1035156e+01
   5.7184060e+06   7.8979492e+01
   5.7556460e+06   8.4167480e+01
   5.7558820e+06   7.2875977e+01
   5.7562830e+06   7.0068359e+01
   5.7695830e+06   7.5012207e+01
   5.7825450e+06   6.8908691e+01
   5.7828220e+06   7.8369141e+01
   5.7895200e+06   6.8786621e+01
   5.7899100e+06   8.0810547e+01
   5.7900620e+06   6.9335938e+01
   5.7949100e+06   7.9406738e+01
   5.7994260e+06   7.2265625e+01
   5.8016200e+06   7.2937012e+01
   5.8083710e+06   6.6162109e+01
   5.8230700e+06   8.4960938e+01
   5.8243000e+06   8.3068848e+01
   5.8266080e+06   7.3120117e+01
   5.8268920e+06   5.7617188e+01
   5.8271840e+06   6.2133789e+01
   5.8509220e+06   7.8491211e+01
   5.8511370e+06   7.2021484e+01
   5.8516850e+06   6.8420410e+01
   5.8611660e+06   7.5866699e+01
   5.8689370e+06   6.5063477e+01
   5.8693490e+06   6.3049316e+01
   5.8805720e+06   5.8776855e+01
   5.8922580e+06   7.1044922e+01
   5.9028800e+06   6.4941406e+01
   5.9031290e+06   7.2570801e+01
   5.9231040e+06   6.4880371e+01
   5.9246570e+06   7.4035645e+01
   5.9249110e+06   6.9396973e+01
   5.9339360e+06   6.1218262e+01
   5.9389110e+06   8.1848145e+01
   5.9392210e+06   6.2805176e+01
   5.9490410e+06   7.0739746e+01
   5.9492440e+06   5.8410645e+01
   5.9494850e+06   7.4218750e+01
   5.9567930e+06   7.3791504e+01
   5.9614600e+06   5.8959961e+01
   5.9617100e+06   6.5856934e+01
   5.9668410e+06   7.7392578e+01
   5.9992340e+06   6.9519043e+01
   6.0006300e+06   8.2214355e+01
   6.0008410e+06   7.3303223e+01
   6.0224070e+06   7.2082520e+01
   6.0227020e+06   8.1115723e+01
   6.0301480e+06   7.0983887e+01
   6.0306160e+06   6.0974121e+01
   6.0313530e+06   7.1716309e+01
   6.0316730e+06   6.5490723e+01
   6.0449940e+06   7.5073242e+01
   6.0457610e+06   8.8073730e+01
   6.0615750e+06   7.7880859e+01
   6.0618220e+06   7.2448730e+01
   6.0620290e+06   7.7880859e+01
   6.0828730e+06   7.7209473e+01
   6.0916090e+06   8.8134766e+01
   6.1043940e+06   7.1044922e+01
   6.1047200e+06   6.6833496e+01
   6.1049640e+06   5.8654785e+01
   6.1159350e+06   7.2998047e+01
   6.1163180e+06   7.2387695e+01
   6.1336160e+06   6.9030762e+01
   6.1339370e+06   6.4514160e+01
   6.1346220e+06   6.8664551e+01
   6.1564300e+06   6.2866211e+01
   6.1566290e+06   7.2814941e+01
   6.1568830e+06   7.5561523e+01
   6.1632580e+06   8.1054688e+01
   6.1636160e+06   6.3110352e+01
   6.1705530e+06   6.9458008e+01
   6.1757020e+06   8.1970215e+01
   6.1779930e+06   6.4331055e+01
   6.1781910e+06   6.6772461e+01
   6.1928280e+06   7.9284668e+01
   6.1930830e+06   5.4687500e+01
   6.2063460e+06   6.0302734e+01
   6.2066680e+06   6.6833496e+01
   6.2310270e+06   7.4829102e+01
   6.2317030e+06   6.8603516e+01
   6.2319140e+06   7.2387695e+01
   6.2646060e+06   6.5429688e+01
   6.2649600e+06   6.2805176e+01
   6.2652590e+06   6.7260742e+01
   6.2787240e+06   7.1777344e+01
   6.2789580e+06   7.7270508e+01
   6.2792100e+06   7.0068359e+01
   6.2853870e+06   7.1289062e+01
   6.2855170e+06   4.8522949e+01
   6.2947410e+06   9.8754883e+01
   6.3033490e+06   8.5632324e+01
   6.3036950e+06   6.5002441e+01
   6.3040210e+06   7.6965332e+01
   6.3045440e+06   5.4809570e+01
   6.3133590e+06   6.5246582e+01
   6.3205570e+06   7.0129395e+01
   6.3211710e+06   7.3974609e+01
   6.3214170e+06   7.0678711e+01
   6.3266090e+06   6.4941406e+01
   6.3270430e+06   8.0322266e+01
   6.3293600e+06   5.8654785e+01
   6.3362560e+06   7.4768066e+01
   6.3365810e+06   7.4401855e+01
   6.3367950e+06   5.9082031e+01
   6.3370110e+06   6.0485840e+01
   6.3579980e+06   6.7687988e+01
   6.3581660e+06   4.4433594e+01
   6.3664190e+06   7.1228027e+01
   6.3666340e+06   6.5551758e+01
   6.3771710e+06   7.8796387e+01
   6.3851080e+06   7.0129395e+01
   6.4039780e+06   7.1960449e+01
   6.4043160e+06   7.1594238e+01
   6.4045850e+06   5.7189941e+01
   6.4049120e+06   6.8237305e+01
   6.4086640e+06   7.2143555e+01
   6.4092420e+06   5.6640625e+01
   6.4095860e+06   5.5969238e+01
   6.4149030e+06   7.2326660e+01
   6.4239190e+06   6.7565918e+01
   6.4242600e+06   8.5205078e+01
   6.4246310e+06   6.4880371e+01
   6.4298890e+06   6.7687988e+01
   6.4304310e+06   6.1950684e+01
   6.4310270e+06   7.0007324e+01
   6.4625110e+06   7.2937012e+01
   6.4684590e+06   7.4768066e+01
   6.4685920e+06   4.1503906e+01
   6.4693540e+06   7.2570801e+01
   6.4698220e+06   5.9997559e+01
   6.4700330e+06   6.7932129e+01
   6.4764160e+06   6.9030762e+01
   6.4793830e+06   6.4575195e+01
   6.4796440e+06   6.2561035e+01
   6.4798290e+06   6.2683105e+01
   6.4912490e+06   6.2194824e+01
   6.4915580e+06   8.5815430e+01
   6.4948600e+06   7.5622559e+01
   6.5069130e+06   8.5815430e+01
   6.5073780e+06   7.7819824e+01
   6.5075680e+06   6.6528320e+01
   6.5138130e+06   7.1899414e+01
   6.5141570e+06   7.2326660e+01
   6.5144560e+06   6.5612793e+01
   6.5173770e+06   5.5297852e+01
   6.5212840e+06   7.7575684e+01
   6.5265940e+06   6.2316895e+01
   6.5267480e+06   5.3894043e+01
   6.5296790e+06   7.4157715e+01
   6.5299340e+06   6.6040039e+01
   6.5343220e+06   8.0383301e+01
   6.5346840e+06   9.0209961e+01
   6.5417590e+06   6.0791016e+01
   6.5460020e+06   5.4992676e+01
   6.5467500e+06   5.6213379e+01
   6.5522870e+06   7.2692871e+01
   6.5527260e+06   6.0424805e+01
   6.5529650e+06   7.2937012e+01
   6.5566590e+06   7.2814941e+01
   6.5736350e+06   8.1420898e+01
   6.5738320e+06   7.2814941e+01
   6.5801870e+06   6.2194824e+01
   6.5804460e+06   5.8654785e+01
   6.6025980e+06   7.2814941e+01
   6.6031170e+06   6.5673828e+01
   6.6033680e+06   7.0861816e+01
   6.6137340e+06   7.1533203e+01
   6.6144490e+06   7.9223633e+01
   6.6146750e+06   6.0058594e+01
   6.6189640e+06   6.3598633e+01
   6.6192870e+06   6.9152832e+01
   6.6195130e+06   7.5988770e+01
   6.6365080e+06   7.3608398e+01
   6.6369460e+06   7.4951172e+01
   6.6439600e+06   6.3415527e+01
   6.6442790e+06   7.4523926e+01
   6.6444870e+06   5.8715820e+01
   6.6472890e+06   7.3059082e+01
   6.6474300e+06   4.5898438e+01
   6.6515680e+06   7.0861816e+01
   6.6655680e+06   7.0190430e+01
   6.6890530e+06   7.8857422e+01
   6.6893420e+06   5.6030273e+01
   6.6895290e+06   5.5480957e+01
   6.6942470e+06   7.7331543e+01
   6.6946040e+06   5.9204102e+01
   6.6947760e+06   5.7373047e+01
   6.6989680e+06   7.4523926e+01
   6.6992440e+06   7.2631836e+01
   6.7021460e+06   7.5073242e+01
   6.7023260e+06   5.3710938e+01
   6.7033570e+06   7.4523926e+01
   6.7035490e+06   5.2917480e+01
   6.7043860e+06   6.8603516e+01
   6.7093320e+06   7.1289062e+01
   6.7097080e+06   7.1777344e+01
   6.7099560e+06   7.2143555e+01
   6.7101750e+06   4.4250488e+01
   6.7176820e+06   7.2814941e+01
   6.7360690e+06   8.4533691e+01
   6.7365470e+06   6.9030762e+01
   6.7384910e+06   4.8522949e+01
   6.7387840e+06   6.6162109e+01
   6.7390280e+06   5.2124023e+01
   6.7480160e+06   7.5622559e+01
   6.7541120e+06   6.6162109e+01
   6.7542970e+06   5.8959961e+01
   6.7562660e+06   7.8613281e+01
   6.7564510e+06   7.6904297e+01
   6.7567960e+06   6.7443848e+01
   6.7598810e+06   7.8735352e+01
   6.7681540e+06   6.7321777e+01
   6.7684710e+06   6.6650391e+01
   6.7687820e+06   5.4748535e+01
   6.7747800e+06   8.5266113e+01
   6.7752850e+06   7.0556641e+01
   6.7755340e+06   7.0312500e+01
   6.7757170e+06   5.6091309e+01
   6.7759430e+06   4.8278809e+01
   6.7886610e+06   7.4645996e+01
   6.7999240e+06   6.9946289e+01
   6.8004160e+06   7.5622559e+01
   6.8005740e+06   5.5358887e+01
   6.8094960e+06   6.9091797e+01
   6.8160990e+06   6.3903809e+01
   6.8163140e+06   7.9467773e+01
   6.8237200e+06   5.9082031e+01
   6.8240350e+06   6.8969727e+01
   6.8242130e+06   7.7880859e+01
   6.8243410e+06   5.5725098e+01
   6.8292780e+06   6.8786621e+01
   6.8294200e+06   4.7790527e+01
   6.8301520e+06   7.3120117e+01
   6.8303880e+06   8.3007812e+01
   6.8308150e+06   5.6457520e+01
   6.8362500e+06   6.9458008e+01
   6.8491810e+06   6.7138672e+01
   6.8493750e+06   6.2133789e+01
   6.8495080e+06   6.7382812e+01
   6.8498450e+06   5.5114746e+01
   6.8502000e+06   5.9265137e+01
   6.8540660e+06   8.0993652e+01
   6.8543350e+06   6.2622070e+01
   6.8545340e+06   6.1218262e+01
   6.8547870e+06   6.6284180e+01
   6.8677520e+06   7.3120117e+01
   6.8679540e+06   7.7087402e+01
   6.8681900e+06   6.1889648e+01
   6.8684210e+06   5.4382324e+01
   6.8762460e+06   6.4025879e+01
   6.8764960e+06   6.7321777e+01
   6.8895930e+06   7.8857422e+01
   6.8980920e+06   6.7199707e+01
   6.8982850e+06   6.5551758e+01
   6.8985360e+06   5.3222656e+01
   6.8988610e+06   6.8237305e+01
   6.9024940e+06   7.6110840e+01
   6.9028640e+06   6.9091797e+01
   6.9050090e+06   6.6162109e+01
   6.9235290e+06   6.8603516e+01
   6.9237830e+06   7.2692871e+01
   6.9256380e+06   7.3303223e+01
   6.9258140e+06   5.2246094e+01
   6.9315080e+06   7.1899414e+01
   6.9336240e+06   6.8054199e+01
   6.9339450e+06   6.8908691e+01
   6.9342950e+06   4.4494629e+01
   6.9384170e+06   7.0495605e+01
   6.9462410e+06   7.4157715e+01
   6.9468130e+06   6.8908691e+01
   6.9472150e+06   5.9875488e+01
   6.9475030e+06   7.3364258e+01
   6.9517410e+06   7.5622559e+01
   6.9519110e+06   7.0800781e+01
   6.9520830e+06   5.9448242e+01
   6.9522280e+06   6.1401367e+01
   6.9522440e+06   6.8420410e+01
   6.9593690e+06   6.9030762e+01
   6.9596530e+06   6.9946289e+01
   6.9599340e+06   6.4758301e+01
   6.9704180e+06   5.9875488e+01
   6.9706200e+06   8.0444336e+01
   6.9707620e+06   6.3659668e+01
   6.9709540e+06   5.3588867e+01
   6.9785630e+06   6.3781738e+01
   6.9937750e+06   7.8674316e+01
   6.9944660e+06   6.4025879e+01
   6.9946340e+06   4.8645020e+01
   7.0014450e+06   6.7016602e+01
   7.0070310e+06   6.8054199e+01
   7.0086250e+06   6.9580078e+01
   7.0088080e+06   7.2692871e+01
   7.0089380e+06   5.7128906e+01
   7.0142840e+06   7.7636719e+01
   7.0185000e+06   7.0678711e+01
   7.0186720e+06   4.5349121e+01
   7.0237600e+06   7.9162598e+01
   7.0240140e+06   8.1359863e+01
   7.0330370e+06   6.1645508e+01
   7.0332550e+06   6.9091797e+01
   7.0375540e+06   6.2561035e+01
   7.0380050e+06   5.6640625e+01
   7.0436900e+06   6.8969727e+01
   7.0442540e+06   5.8044434e+01
   7.0516750e+06   5.9020996e+01
   7.0567690e+06   7.6416016e+01
   7.0569240e+06   6.9091797e+01
   7.0670300e+06   6.6589355e+01
   7.0704060e+06   8.9111328e+01
   7.0707390e+06   6.5856934e+01
   7.0710570e+06   5.9387207e+01
   7.0713300e+06   5.2307129e+01
   7.0743360e+06   6.6162109e+01
   7.0745300e+06   6.8115234e+01
   7.0746630e+06   5.0659180e+01
   7.0750840e+06   6.0791016e+01
   7.0753650e+06   5.1269531e+01
   7.0756320e+06   6.1462402e+01
   7.0817190e+06   6.8481445e+01
   7.0856500e+06   8.0078125e+01
   7.1069580e+06   5.7373047e+01
   7.1071630e+06   4.9255371e+01
   7.1169500e+06   8.0810547e+01
   7.1171430e+06   6.6162109e+01
   7.1172780e+06   7.0434570e+01
   7.1254540e+06   7.7087402e+01
   7.1279050e+06   6.7443848e+01
   7.1281290e+06   7.4157715e+01
   7.1283300e+06   6.0241699e+01
   7.1285210e+06   5.8654785e+01
   7.1311050e+06   5.9265137e+01
   7.1314530e+06   7.2631836e+01
   7.1444780e+06   6.8115234e+01
   7.1447670e+06   7.3547363e+01
   7.1449540e+06   6.4514160e+01
   7.1451830e+06   5.7495117e+01
   7.1453840e+06   6.2438965e+01
   7.1516570e+06   6.7382812e+01
   7.1518390e+06   4.8400879e+01
   7.1601030e+06   6.6894531e+01
   7.1626820e+06   6.7199707e+01
   7.1629360e+06   6.2805176e+01
   7.1663950e+06   7.4401855e+01
   7.1691630e+06   8.1176758e+01
   7.1766430e+06   7.0190430e+01
   7.1768450e+06   5.8898926e+01
   7.1770780e+06   8.4106445e+01
   7.1772110e+06   7.2021484e+01
   7.1810640e+06   7.0800781e+01
   7.1812960e+06   4.9072266e+01
   7.1816180e+06   8.6303711e+01
   7.1819470e+06   7.0312500e+01
   7.1821020e+06   5.1025391e+01
   7.1915920e+06   7.9406738e+01
   7.1918010e+06   6.6772461e+01
   7.1919980e+06   8.3984375e+01
   7.1921440e+06   5.9570312e+01
   7.2012690e+06   6.5124512e+01
   7.2015290e+06   7.3486328e+01
   7.2017290e+06   6.3903809e+01
   7.2067380e+06   7.8979492e+01
   7.2138290e+06   6.4758301e+01
   7.2139970e+06   5.9509277e+01
   7.2141570e+06   7.8674316e+01
   7.2193390e+06   5.7495117e+01
   7.2195900e+06   7.0312500e+01
   7.2198170e+06   5.5908203e+01
   7.2273770e+06   7.5012207e+01
   7.2275950e+06   7.4645996e+01
   7.2277430e+06   6.5673828e+01
   7.2299970e+06   8.1604004e+01
   7.2301400e+06   5.7373047e+01
   7.2302540e+06   5.1452637e+01
   7.2304700e+06   5.1940918e+01
   7.2306990e+06   5.3588867e+01
   7.2375990e+06   7.4890137e+01
   7.2377540e+06   5.3405762e+01
   7.2417100e+06   7.5866699e+01
   7.2418970e+06   6.3964844e+01
   7.2420400e+06   6.0729980e+01
   7.2484480e+06   7.1533203e+01
   7.2534450e+06   6.9335938e+01
   7.2536640e+06   7.0068359e+01
   7.2576240e+06   5.6091309e+01
   7.2578110e+06   7.1838379e+01
   7.2657730e+06   8.0200195e+01
   7.2661130e+06   6.2561035e+01
   7.2664890e+06   7.0861816e+01
   7.2695060e+06   6.2927246e+01
   7.2698720e+06   6.6650391e+01
   7.2750720e+06   7.7087402e+01
   7.2817570e+06   7.1960449e+01
   7.2845080e+06   5.9387207e+01
   7.2846760e+06   4.3701172e+01
   7.2855880e+06   7.1899414e+01
   7.2858270e+06   7.3608398e+01
   7.2859880e+06   6.6284180e+01
   7.2861230e+06   4.7302246e+01
   7.2917500e+06   7.5683594e+01
   7.2924560e+06   5.8837891e+01
   7.2930380e+06   5.0720215e+01
   7.2968240e+06   7.0800781e+01
   7.2970280e+06   6.4941406e+01
   7.2971940e+06   7.6538086e+01
   7.2973890e+06   5.5847168e+01
   7.2975540e+06   5.6457520e+01
   7.3095270e+06   6.9458008e+01
   7.3097450e+06   6.3476562e+01
   7.3100690e+06   4.9438477e+01
   7.3103780e+06   4.7851562e+01
   7.3141830e+06   6.2011719e+01
   7.3143460e+06   5.3161621e+01
   7.3225790e+06   7.3425293e+01
   7.3227920e+06   6.6040039e+01
   7.3229930e+06   6.6955566e+01
   7.3241570e+06   7.0800781e+01
   7.3242990e+06   4.5654297e+01
   7.3378310e+06   6.5673828e+01
   7.3381430e+06   6.7871094e+01
   7.3383180e+06   6.4392090e+01
   7.3384690e+06   6.4147949e+01
   7.3386250e+06   5.2551270e+01
   7.3388010e+06   5.8776855e+01
   7.3414150e+06   6.9763184e+01
   7.3415760e+06   6.3903809e+01
   7.3417090e+06   5.6213379e+01
   7.3418830e+06   5.8288574e+01
   7.3519420e+06   7.7636719e+01
   7.3521310e+06   7.0190430e+01
   7.3569240e+06   7.5256348e+01
   7.3571230e+06   5.6762695e+01
   7.3611620e+06   6.8359375e+01
   7.3618310e+06   6.6589355e+01
   7.3618990e+06   6.0607910e+01
   7.3620100e+06   6.6345215e+01
   7.3733190e+06   6.8481445e+01
   7.3749210e+06   6.3964844e+01
   7.3751870e+06   5.2307129e+01
   7.3755300e+06   6.8603516e+01
   7.3784700e+06   6.3964844e+01
   7.3786280e+06   6.2927246e+01
   7.3833000e+06   6.7810059e+01
   7.3834640e+06   7.8430176e+01
   7.3877270e+06   7.6660156e+01
   7.3879310e+06   6.2194824e+01
   7.3881180e+06   6.6833496e+01
   7.3882600e+06   5.4809570e+01
   7.4073280e+06   7.7575684e+01
   7.4074770e+06   5.6030273e+01
   7.4110270e+06   7.7758789e+01
   7.4111920e+06   7.3608398e+01
   7.4113510e+06   5.7189941e+01
   7.4157840e+06   6.6650391e+01
   7.4159920e+06   7.2570801e+01
   7.4184180e+06   8.0444336e+01
   7.4187730e+06   7.1166992e+01
   7.4189900e+06   7.3486328e+01
   7.4220260e+06   5.8288574e+01
   7.4221990e+06   6.1767578e+01
   7.4223480e+06   6.6101074e+01
   7.4224740e+06   4.6936035e+01
   7.4296510e+06   6.6162109e+01
   7.4300840e+06   6.8298340e+01
   7.4304080e+06   7.8491211e+01
   7.4305960e+06   6.1706543e+01
   7.4518840e+06   7.8308105e+01
   7.4521490e+06   6.7993164e+01
   7.4524240e+06   6.4575195e+01
   7.4526570e+06   6.8237305e+01
   7.4589610e+06   8.0383301e+01
   7.4591660e+06   6.4025879e+01
   7.4593830e+06   6.9641113e+01
   7.4596070e+06   5.2734375e+01
   7.4641830e+06   6.0852051e+01
   7.4728280e+06   8.0261230e+01
   7.4729890e+06   6.7687988e+01
   7.4777730e+06   6.3354492e+01
   7.4783350e+06   7.4584961e+01
   7.4785890e+06   7.0312500e+01
   7.4787790e+06   6.2072754e+01
   7.4858950e+06   6.0913086e+01
   7.4861060e+06   6.2622070e+01
   7.4912250e+06   6.6040039e+01
   7.4914220e+06   7.8918457e+01
   7.4934130e+06   7.4584961e+01
   7.4936230e+06   5.2124023e+01
   7.4975490e+06   6.9519043e+01
   7.5176690e+06   6.8664551e+01
   7.5179920e+06   7.0983887e+01
   7.5181550e+06   5.1757813e+01
   7.5182750e+06   5.7128906e+01
   7.5218860e+06   6.5612793e+01
   7.5220290e+06   6.0180664e+01
   7.5222940e+06   7.1960449e+01
   7.5225280e+06   6.3537598e+01
   7.5277550e+06   6.9824219e+01
   7.5279220e+06   5.4382324e+01
   7.5326630e+06   7.9772949e+01
   7.5328910e+06   7.3608398e+01
   7.5330200e+06   6.2866211e+01
   7.5331580e+06   6.2805176e+01
   7.5333130e+06   5.2917480e+01
   7.5362300e+06   6.2194824e+01
   7.5363620e+06   4.9865723e+01
   7.5426260e+06   7.1716309e+01
   7.5428250e+06   7.9406738e+01
   7.5429540e+06   5.4626465e+01
   7.5433780e+06   6.6711426e+01
   7.5482210e+06   7.7697754e+01
   7.5536380e+06   6.1828613e+01
   7.5539090e+06   6.7199707e+01
   7.5682940e+06   5.9020996e+01
   7.5684340e+06   7.1655273e+01
   7.5724150e+06   7.5134277e+01
   7.5727950e+06   7.0861816e+01
   7.5730100e+06   6.2072754e+01
   7.5732710e+06   5.2978516e+01
   7.5734360e+06   5.9326172e+01
   7.5754300e+06   6.8176270e+01
   7.5756690e+06   5.8349609e+01
   7.5759590e+06   5.8288574e+01
   7.5948760e+06   6.8908691e+01
   7.5951720e+06   6.2561035e+01
   7.5953610e+06   6.8359375e+01
   7.5996480e+06   9.1308594e+01
   7.6006670e+06   6.1218262e+01
   7.6038260e+06   8.3801270e+01
   7.6056120e+06   4.2175293e+01
   7.6086700e+06   7.6416016e+01
   7.6088680e+06   5.6884766e+01
   7.6090090e+06   6.1706543e+01
   7.6093710e+06   5.0170898e+01
   7.6142080e+06   7.0922852e+01
   7.6146380e+06   7.8918457e+01
   7.6148840e+06   6.1706543e+01
   7.6191350e+06   7.4096680e+01
   7.6195460e+06   5.7739258e+01
   7.6197980e+06   6.2988281e+01
   7.6308840e+06   7.6599121e+01
   7.6311020e+06   6.2255859e+01
   7.6314960e+06   6.3354492e+01
   7.6382780e+06   7.0495605e+01
   7.6385230e+06   7.6477051e+01
   7.6386740e+06   5.7983398e+01
   7.6389930e+06   5.7678223e+01
   7.6458820e+06   6.9702148e+01
   7.6459440e+06   6.7321777e+01
   7.6460600e+06   4.6325684e+01
   7.6461170e+06   6.6162109e+01
   7.6467500e+06   5.1391602e+01
   7.6468880e+06   5.3039551e+01
   7.6470430e+06   5.9570312e+01
   7.6472350e+06   6.8786621e+01
   7.6474770e+06   6.1401367e+01
   7.6569990e+06   6.7749023e+01
   7.6572460e+06   5.9570312e+01
   7.6643430e+06   6.1645508e+01
   7.6645110e+06   5.7617188e+01
   7.6831900e+06   6.6955566e+01
   7.6833970e+06   6.6467285e+01
   7.6834540e+06   8.1787109e+01
   7.6927730e+06   5.6823730e+01
   7.6979960e+06   7.0922852e+01
   7.6990560e+06   6.1157227e+01
   7.7004770e+06   6.8176270e+01
   7.7006430e+06   5.5297852e+01
   7.7008040e+06   6.1157227e+01
   7.7014600e+06   6.4147949e+01
   7.7063720e+06   8.0322266e+01
   7.7065920e+06   7.1716309e+01
   7.7128090e+06   6.6528320e+01
   7.7130790e+06   6.5307617e+01
   7.7133220e+06   4.8278809e+01
   7.7170090e+06   8.3618164e+01
   7.7192270e+06   4.1259766e+01
   7.7226380e+06   6.6894531e+01
   7.7270450e+06   6.7382812e+01
   7.7273420e+06   7.5500488e+01
   7.7332350e+06   8.1726074e+01
   7.7334680e+06   7.4951172e+01
   7.7400590e+06   6.6589355e+01
   7.7401850e+06   5.0048828e+01
   7.7429860e+06   8.0444336e+01
   7.7449450e+06   7.8979492e+01
   7.7451670e+06   6.4880371e+01
   7.7526760e+06   6.7321777e+01
   7.7529420e+06   5.6091309e+01
   7.7531180e+06   5.1086426e+01
   7.7570280e+06   7.5073242e+01
   7.7571920e+06   7.9589844e+01
   7.7573970e+06   6.2255859e+01
   7.7575290e+06   6.0241699e+01
   7.7657060e+06   6.6955566e+01
   7.7659110e+06   4.8156738e+01
   7.7664470e+06   7.5744629e+01
   7.7666310e+06   7.2998047e+01
   7.7667590e+06   6.7199707e+01
   7.7706280e+06   8.4228516e+01
   7.7710570e+06   6.6650391e+01
   7.7711950e+06   6.0974121e+01
   7.7713240e+06   4.9316406e+01
   7.7714660e+06   6.5795898e+01
   7.7801090e+06   7.8735352e+01
   7.7802810e+06   5.5480957e+01
   7.7850850e+06   7.2937012e+01
   7.7889880e+06   8.2214355e+01
   7.7891860e+06   7.2265625e+01
   7.7961060e+06   6.6345215e+01
   7.7962800e+06   6.2011719e+01
   7.7964230e+06   6.6894531e+01
   7.7991520e+06   6.4392090e+01
   7.8006350e+06   8.0078125e+01
   7.8008250e+06   5.5908203e+01
   7.8011370e+06   6.0241699e+01
   7.8121920e+06   6.8664551e+01
   7.8123920e+06   6.5246582e+01
   7.8201500e+06   6.8115234e+01
   7.8248200e+06   7.3913574e+01
   7.8250030e+06   7.2692871e+01
   7.8251270e+06   5.8471680e+01
   7.8252580e+06   5.3344727e+01
   7.8253980e+06   5.2307129e+01
   7.8304150e+06   8.6303711e+01
   7.8306360e+06   6.5612793e+01
   7.8307680e+06   5.4565430e+01
   7.8336640e+06   4.0893555e+01
   7.8419250e+06   7.2082520e+01
   7.8422350e+06   7.4157715e+01
   7.8425220e+06   7.2387695e+01
   7.8483680e+06   6.9946289e+01
   7.8528510e+06   7.2021484e+01
   7.8530160e+06   5.4443359e+01
   7.8532020e+06   6.2194824e+01
   7.8610800e+06   7.0861816e+01
   7.8611110e+06   6.0485840e+01
   7.8612540e+06   5.2368164e+01
   7.8613270e+06   6.2377930e+01
   7.8770420e+06   8.0078125e+01
   7.8773070e+06   5.9143066e+01
   7.8774480e+06   6.8420410e+01
   7.8775830e+06   6.6467285e+01
   7.8826960e+06   5.8715820e+01
   7.8850600e+06   6.6162109e+01
   7.8852900e+06   6.0729980e+01
   7.8854540e+06   5.4016113e+01
   7.8904080e+06   7.6171875e+01
   7.8905720e+06   6.5185547e+01
   7.8907130e+06   7.0068359e+01
   7.8984300e+06   7.4584961e+01
   7.8985610e+06   7.7209473e+01
   7.8986240e+06   5.8044434e+01
   7.8987600e+06   6.4758301e+01
   7.8989400e+06   5.6701660e+01
   7.9111010e+06   7.5012207e+01
   7.9157630e+06   7.5317383e+01
   7.9160040e+06   8.1970215e+01
   7.9161630e+06   6.8847656e+01
   7.9163340e+06   6.2255859e+01
   7.9165600e+06   6.3781738e+01
   7.9167960e+06   5.3527832e+01
   7.9240580e+06   6.2805176e+01
   7.9243260e+06   6.6040039e+01
   7.9277950e+06   6.6589355e+01
   7.9281130e+06   7.1838379e+01
   7.9282540e+06   6.4514160e+01
   7.9283860e+06   6.2194824e+01
   7.9364570e+06   7.8735352e+01
   7.9366320e+06   7.6965332e+01
   7.9402200e+06   7.3486328e+01
   7.9404320e+06   6.3293457e+01
   7.9409450e+06   4.9011230e+01
   7.9449140e+06   7.5439453e+01
   7.9451540e+06   7.0617676e+01
   7.9453640e+06   7.1350098e+01
   7.9455270e+06   4.3640137e+01
   7.9568070e+06   6.7993164e+01
   7.9570870e+06   7.0739746e+01
   7.9576430e+06   8.7890625e+01
   7.9630900e+06   8.2092285e+01
   7.9732240e+06   8.3435059e+01
   7.9733710e+06   6.1645508e+01
   7.9786810e+06   6.3964844e+01
   7.9788670e+06   6.9702148e+01
   7.9792640e+06   6.0241699e+01
   7.9795280e+06   5.8593750e+01
   7.9797800e+06   6.7687988e+01
   7.9800000e+06   4.4677734e+01
   7.9838250e+06   5.2185059e+01
   7.9840090e+06   7.3913574e+01
   7.9841310e+06   4.8156738e+01
   7.9842630e+06   5.0415039e+01
   7.9844200e+06   5.9020996e+01
   7.9846030e+06   4.5410156e+01
   7.9863350e+06   7.2265625e+01
   7.9865370e+06   5.9814453e+01
   7.9899320e+06   5.9509277e+01
   7.9902600e+06   5.8227539e+01
   7.9906890e+06   6.5246582e+01
   7.9909230e+06   6.6711426e+01
   7.9911740e+06   5.7617188e+01
   7.9970050e+06   7.2387695e+01
   7.9999140e+06   7.6232910e+01
   8.0001580e+06   6.8237305e+01
   8.0003390e+06   6.5979004e+01
   8.0109040e+06   7.7270508e+01
   8.0142290e+06   7.6049805e+01
   8.0144140e+06   5.6518555e+01
   8.0223120e+06   6.1401367e+01
   8.0225380e+06   7.8247070e+01
   8.0226690e+06   7.2509766e+01
   8.0230130e+06   5.8532715e+01
   8.0233820e+06   6.7016602e+01
   8.0378090e+06   8.2397461e+01
   8.0380270e+06   7.0617676e+01
   8.0383960e+06   6.2500000e+01
   8.0389890e+06   6.4697266e+01
   8.0391970e+06   5.2246094e+01
   8.0449880e+06   7.0556641e+01
   8.0501540e+06   5.5297852e+01
   8.0503820e+06   6.7382812e+01
   8.0505530e+06   5.7800293e+01
   8.0507190e+06   6.3293457e+01
   8.0581260e+06   6.3903809e+01
   8.0583720e+06   5.8837891e+01
   8.0587740e+06   6.9946289e+01
   8.0590060e+06   6.2683105e+01
   8.0627330e+06   9.1064453e+01
   8.0652430e+06   6.8542480e+01
   8.0654620e+06   8.7768555e+01
   8.0655890e+06   5.2429199e+01
   8.0657550e+06   5.4931641e+01
   8.0661780e+06   6.2133789e+01
   8.0663120e+06   5.2795410e+01
   8.0718430e+06   7.1960449e+01
   8.0720260e+06   5.6518555e+01
   8.0721640e+06   4.8828125e+01
   8.0724310e+06   5.6884766e+01
   8.0725880e+06   5.4443359e+01
   8.0824390e+06   6.4147949e+01
   8.0827160e+06   6.0729980e+01
   8.0828370e+06   6.1035156e+01
   8.0897350e+06   7.8430176e+01
   8.0901080e+06   7.3547363e+01
   8.0938570e+06   7.0556641e+01
   8.0941390e+06   7.7819824e+01
   8.0942820e+06   7.0922852e+01
   8.0943980e+06   6.1462402e+01
   8.0975010e+06   5.4260254e+01
   8.0978290e+06   6.2561035e+01
   8.0979740e+06   7.0678711e+01
   8.1014470e+06   7.6110840e+01
   8.1049650e+06   7.3425293e+01
   8.1053130e+06   6.7504883e+01
   8.1055460e+06   7.6477051e+01
   8.1103020e+06   7.1472168e+01
   8.1105550e+06   6.2194824e+01
   8.1107280e+06   6.9152832e+01
   8.1108870e+06   4.8339844e+01
   8.1110280e+06   6.3659668e+01
   8.1161380e+06   6.7932129e+01
   8.1163250e+06   6.3232422e+01
   8.1164380e+06   4.5166016e+01
   8.1165690e+06   5.0415039e+01
   8.1222710e+06   5.8959961e+01
   8.1224540e+06   5.9997559e+01
   8.1289880e+06   6.2866211e+01
   8.1382830e+06   7.3059082e+01
   8.1384730e+06   5.6152344e+01
   8.1386080e+06   7.0861816e+01
   8.1452130e+06   6.3720703e+01
   8.1490150e+06   7.5683594e+01
   8.1492090e+06   6.0058594e+01
   8.1493820e+06   6.3720703e+01
   8.1495430e+06   5.5664062e+01
   8.1497000e+06   4.9499512e+01
   8.1500470e+06   5.4443359e+01
   8.1585860e+06   7.7575684e+01
   8.1587490e+06   7.9528809e+01
   8.1596050e+06   7.6782227e+01
   8.1707380e+06   7.2570801e+01
   8.1709800e+06   7.3974609e+01
   8.1711210e+06   6.5612793e+01
   8.1757930e+06   6.2500000e+01
   8.1760370e+06   8.4594727e+01
   8.1879240e+06   8.0139160e+01
   8.1890720e+06   7.0495605e+01
   8.1893040e+06   5.9692383e+01
   8.1959640e+06   7.3730469e+01
   8.1967550e+06   6.2561035e+01
   8.1971800e+06   6.2805176e+01
   8.1973700e+06   6.2011719e+01
   8.1975370e+06   5.9509277e+01
   8.1978490e+06   6.2805176e+01
   8.2039030e+06   7.1166992e+01
   8.2081170e+06   6.7382812e+01
   8.2083160e+06   6.0852051e+01
   8.2144400e+06   6.7321777e+01
   8.2146390e+06   5.7312012e+01
   8.2152900e+06   6.0729980e+01
   8.2154700e+06   5.7006836e+01
   8.2196860e+06   6.7321777e+01
   8.2198710e+06   4.3945312e+01
   8.2277390e+06   6.4514160e+01
   8.2280030e+06   7.4218750e+01
   8.2346850e+06   6.7504883e+01
   8.2349300e+06   7.2448730e+01
   8.2401250e+06   6.9824219e+01
   8.2402740e+06   7.1166992e+01
   8.2403850e+06   7.3852539e+01
   8.2405920e+06   5.1635742e+01
   8.2432940e+06   6.8054199e+01
   8.2434550e+06   5.6152344e+01
   8.2520360e+06   7.2692871e+01
   8.2526020e+06   6.2866211e+01
   8.2529360e+06   4.6997070e+01
   8.2530520e+06   4.2175293e+01
   8.2531960e+06   4.8583984e+01
   8.2534420e+06   5.7617188e+01
   8.2583120e+06   6.7626953e+01
   8.2584910e+06   6.6528320e+01
   8.2666650e+06   7.2326660e+01
   8.2668060e+06   4.2053223e+01
   8.2673090e+06   7.4218750e+01
   8.2675050e+06   6.8664551e+01
   8.2715320e+06   6.5185547e+01
   8.2716970e+06   8.5754395e+01
   8.2718840e+06   5.9936523e+01
   8.2767220e+06   6.2133789e+01
   8.2770460e+06   6.1584473e+01
   8.2826320e+06   7.1044922e+01
   8.2828670e+06   6.2866211e+01
   8.2895810e+06   5.8898926e+01
   8.2999210e+06   7.1777344e+01
   8.3003010e+06   6.8542480e+01
   8.3005390e+06   6.8359375e+01
   8.3007360e+06   6.2622070e+01
   8.3109580e+06   6.7749023e+01
   8.3111510e+06   7.1533203e+01
   8.3112860e+06   5.9326172e+01
   8.3140930e+06   8.2031250e+01
   8.3142880e+06   7.4829102e+01
   8.3144770e+06   4.7363281e+01
   8.3147780e+06   5.5847168e+01
   8.3173790e+06   6.4697266e+01
   8.3175660e+06   7.0922852e+01
   8.3181280e+06   8.4533691e+01
   8.3182690e+06   4.4555664e+01
   8.3241690e+06   7.4462891e+01
   8.3243720e+06   7.5500488e+01
   8.3244970e+06   5.3771973e+01
   8.3311650e+06   7.1533203e+01
   8.3316290e+06   6.6589355e+01
   8.3388340e+06   8.3190918e+01
   8.3389900e+06   8.5144043e+01
   8.3391820e+06   5.4321289e+01
   8.3418070e+06   6.8298340e+01
   8.3422050e+06   6.3781738e+01
   8.3464690e+06   7.1533203e+01
   8.3466460e+06   5.7800293e+01
   8.3467960e+06   6.6528320e+01
   8.3469340e+06   4.8034668e+01
   8.3498160e+06   7.5317383e+01
   8.3499760e+06   8.0505371e+01
   8.3501610e+06   4.8889160e+01
   8.3566010e+06   6.2683105e+01
   8.3568370e+06   6.1340332e+01
   8.3603380e+06   7.4035645e+01
   8.3604820e+06   4.9255371e+01
   8.3674770e+06   5.9204102e+01
   8.3705420e+06   6.1645508e+01
   8.3708150e+06   6.8603516e+01
   8.3710160e+06   6.0974121e+01
   8.3764870e+06   7.8125000e+01
   8.3767050e+06   7.0800781e+01
   8.3770060e+06   7.2875977e+01
   8.3771580e+06   4.4982910e+01
   8.3773100e+06   4.6997070e+01
   8.3774670e+06   5.9997559e+01
   8.3912610e+06   8.4106445e+01
   8.3957710e+06   9.0637207e+01
   8.3967610e+06   6.8237305e+01
   8.4048000e+06   7.5256348e+01
   8.4049760e+06   6.4819336e+01
   8.4051100e+06   6.1645508e+01
   8.4101760e+06   6.9335938e+01
   8.4103390e+06   6.7443848e+01
   8.4156510e+06   6.8237305e+01
   8.4162420e+06   6.9152832e+01
   8.4163880e+06   6.2622070e+01
   8.4190790e+06   6.2927246e+01
   8.4192440e+06   7.3852539e+01
   8.4355270e+06   6.7321777e+01
   8.4356480e+06   6.8115234e+01
   8.4357730e+06   6.9213867e+01
   8.4358040e+06   5.3039551e+01
   8.4391360e+06   6.5124512e+01
   8.4393590e+06   6.7382812e+01
   8.4448130e+06   5.8654785e+01
   8.4450010e+06   7.1105957e+01
   8.4538210e+06   7.4768066e+01
   8.4539790e+06   7.0556641e+01
   8.4541770e+06   6.6040039e+01
   8.4544310e+06   6.2072754e+01
   8.4548450e+06   5.4321289e+01
   8.4553610e+06   7.4951172e+01
   8.4606660e+06   7.7209473e+01
   8.4741500e+06   7.2814941e+01
   8.4743370e+06   6.7016602e+01
   8.4888080e+06   6.0363770e+01
   8.4889630e+06   4.1015625e+01
   8.4889950e+06   6.6772461e+01
   8.4936190e+06   6.8115234e+01
   8.4938110e+06   7.3974609e+01
   8.4961600e+06   7.1350098e+01
   8.4963330e+06   7.3120117e+01
   8.4964640e+06   5.9753418e+01
   8.4966650e+06   4.6875000e+01
   8.5018260e+06   7.1166992e+01
   8.5090350e+06   7.2204590e+01
   8.5128460e+06   6.7932129e+01
   8.5130700e+06   5.7739258e+01
   8.5132340e+06   6.7138672e+01
   8.5133460e+06   4.7851562e+01
   8.5173140e+06   6.8603516e+01
   8.5175280e+06   6.0058594e+01
   8.5177170e+06   5.6579590e+01
   8.5178640e+06   5.8837891e+01
   8.5252800e+06   4.1687012e+01
   8.5273890e+06   7.4890137e+01
   8.5275450e+06   7.4890137e+01
   8.5277220e+06   6.7810059e+01
   8.5288670e+06   7.4096680e+01
   8.5290810e+06   5.9570312e+01
   8.5292280e+06   5.4260254e+01
   8.5293830e+06   5.5541992e+01
   8.5296700e+06   5.1086426e+01
   8.5333050e+06   5.3771973e+01
   8.5480800e+06   6.8176270e+01
   8.5482500e+06   6.5002441e+01
   8.5483930e+06   5.6884766e+01
   8.5485260e+06   4.7058105e+01
   8.5488900e+06   7.0495605e+01
   8.5491910e+06   6.2377930e+01
   8.5495450e+06   6.3171387e+01
   8.5562790e+06   6.9702148e+01
   8.5565000e+06   6.9030762e+01
   8.5566620e+06   6.4270020e+01
   8.5567810e+06   5.5908203e+01
   8.5635640e+06   6.6772461e+01
   8.5682240e+06   8.2519531e+01
   8.5689340e+06   6.4758301e+01
   8.5691090e+06   6.1950684e+01
   8.5692530e+06   4.5654297e+01
   8.5720610e+06   7.6782227e+01
   8.5770290e+06   7.2875977e+01
   8.5836070e+06   7.3181152e+01
   8.5861770e+06   7.0800781e+01
   8.5864520e+06   6.3720703e+01
   8.5897220e+06   7.4951172e+01
   8.5898510e+06   4.2114258e+01
   8.5944000e+06   8.0871582e+01
   8.5947090e+06   6.0791016e+01
   8.5948440e+06   4.9255371e+01
   8.5973340e+06   7.0190430e+01
   8.5998600e+06   7.4096680e+01
   8.6000690e+06   5.3527832e+01
   8.6052640e+06   7.3730469e+01
   8.6054380e+06   6.2988281e+01
   8.6055680e+06   5.4565430e+01
   8.6057020e+06   5.5969238e+01
   8.6166060e+06   7.4523926e+01
   8.6167900e+06   6.6101074e+01
   8.6169470e+06   6.7077637e+01
   8.6315750e+06   7.0068359e+01
   8.6364290e+06   6.9396973e+01
   8.6366000e+06   5.1635742e+01
   8.6415020e+06   7.8247070e+01
   8.6417250e+06   6.8664551e+01
   8.6420040e+06   5.8288574e+01
   8.6458030e+06   5.0170898e+01
   8.6459770e+06   6.9396973e+01
   8.6462740e+06   5.5175781e+01
   8.6464150e+06   5.5786133e+01
   8.6496750e+06   6.6833496e+01
   8.6498400e+06   5.7495117e+01
   8.6499880e+06   5.7128906e+01
   8.6544450e+06   7.7270508e+01
   8.6546130e+06   5.4138184e+01
   8.6597520e+06   7.7514648e+01
   8.6598970e+06   6.8115234e+01
   8.6600030e+06   5.9020996e+01
   8.6602550e+06   6.5063477e+01
   8.6605430e+06   6.3720703e+01
   8.6689860e+06   7.1411133e+01
   8.6692110e+06   6.3903809e+01
   8.6693200e+06   4.9255371e+01
   8.6760130e+06   7.1105957e+01
   8.6763200e+06   6.0607910e+01
   8.6764480e+06   5.2246094e+01
   8.6766050e+06   6.6284180e+01
   8.6804820e+06   5.9143066e+01
   8.6806260e+06   8.7158203e+01
   8.6807790e+06   4.9499512e+01
   8.6840270e+06   7.7392578e+01
   8.6842020e+06   5.8044434e+01
   8.6844760e+06   6.9641113e+01
   8.6846790e+06   6.0852051e+01
   8.7020050e+06   7.8918457e+01
   8.7037970e+06   7.1289062e+01
   8.7040100e+06   7.1655273e+01
   8.7042170e+06   5.4748535e+01
   8.7049760e+06   5.7189941e+01
   8.7052010e+06   6.7138672e+01
   8.7116220e+06   8.1604004e+01
   8.7118180e+06   5.8593750e+01
   8.7150570e+06   7.1472168e+01
   8.7170660e+06   6.8176270e+01
   8.7172430e+06   5.4748535e+01
   8.7285990e+06   7.3120117e+01
   8.7288540e+06   7.2509766e+01
   8.7290820e+06   6.7077637e+01
   8.7316380e+06   7.3242187e+01
   8.7322710e+06   6.6345215e+01
   8.7324210e+06   5.8532715e+01
   8.7325930e+06   5.2734375e+01
   8.7391120e+06   6.7993164e+01
   8.7392800e+06   4.6386719e+01
   8.7394030e+06   6.6467285e+01
   8.7395270e+06   5.5908203e+01
   8.7445160e+06   7.7514648e+01
   8.7511520e+06   7.0556641e+01
   8.7519560e+06   7.2814941e+01
   8.7525070e+06   5.3588867e+01
   8.7526650e+06   6.2133789e+01
   8.7528570e+06   5.5908203e+01
   8.7724360e+06   7.8918457e+01
   8.7725830e+06   7.9467773e+01
   8.7729280e+06   6.2377930e+01
   8.7730750e+06   6.3903809e+01
   8.7784860e+06   6.2255859e+01
   8.7786570e+06   6.9763184e+01
   8.7788310e+06   6.5246582e+01
   8.7832480e+06   6.0791016e+01
   8.7855750e+06   6.1767578e+01
   8.7857560e+06   5.8898926e+01
   8.7859140e+06   7.2814941e+01
   8.7860700e+06   6.9458008e+01
   8.8044110e+06   8.2824707e+01
   8.8045990e+06   7.1166992e+01
   8.8086290e+06   6.7077637e+01
   8.8124280e+06   7.1777344e+01
   8.8126750e+06   6.7871094e+01
   8.8128970e+06   8.6242676e+01
   8.8130740e+06   5.9082031e+01
   8.8185490e+06   6.4208984e+01
   8.8189200e+06   7.9528809e+01
   8.8193980e+06   7.4829102e+01
   8.8197990e+06   5.9570312e+01
   8.8236690e+06   6.5185547e+01
   8.8241990e+06   6.2805176e+01
   8.8243890e+06   6.2072754e+01
   8.8296950e+06   6.9091797e+01
   8.8298460e+06   6.4453125e+01
   8.8299940e+06   5.7128906e+01
   8.8361820e+06   6.7810059e+01
   8.8441270e+06   6.6101074e+01
   8.8443310e+06   6.2377930e+01
   8.8445050e+06   6.9946289e+01
   8.8446860e+06   4.7424316e+01
   8.8553560e+06   6.1340332e+01
   8.8556280e+06   6.4880371e+01
   8.8558960e+06   6.6345215e+01
   8.8562090e+06   6.3293457e+01
   8.8590880e+06   6.3293457e+01
   8.8667680e+06   7.1289062e+01
   8.8701050e+06   4.2846680e+01
   8.8747350e+06   7.9833984e+01
   8.8748940e+06   7.9895020e+01
   8.8752970e+06   6.2194824e+01
   8.8758040e+06   7.5195312e+01
   8.8759660e+06   5.9631348e+01
   8.8777730e+06   5.7312012e+01
   8.8782890e+06   7.1411133e+01
   8.8784850e+06   5.5908203e+01
   8.8786620e+06   4.9316406e+01
   8.8790850e+06   5.5725098e+01
   8.8826610e+06   6.9946289e+01
   8.8853370e+06   7.2082520e+01
   8.8905210e+06   7.5805664e+01
   8.8907020e+06   6.1279297e+01
   8.8954210e+06   7.7331543e+01
   8.8969410e+06   6.3049316e+01
   8.8971580e+06   5.9570312e+01
   8.9064560e+06   6.5673828e+01
   8.9148890e+06   6.9213867e+01
   8.9185390e+06   6.5734863e+01
   8.9211810e+06   8.1420898e+01
   8.9213950e+06   7.4829102e+01
   8.9215980e+06   6.1157227e+01
   8.9222040e+06   5.1086426e+01
   8.9224200e+06   5.9020996e+01
   8.9299680e+06   7.0434570e+01
   8.9341210e+06   5.8349609e+01
   8.9343180e+06   6.3598633e+01
   8.9405390e+06   7.1533203e+01
   8.9463190e+06   8.0810547e+01
   8.9502920e+06   7.1533203e+01
   8.9556430e+06   5.7739258e+01
   8.9566890e+06   8.3435059e+01
   8.9644080e+06   7.6049805e+01
   8.9650550e+06   8.0688477e+01
   8.9703900e+06   7.2692871e+01
   8.9711530e+06   7.2631836e+01
   8.9747680e+06   7.4584961e+01
   8.9752000e+06   6.9641113e+01
   8.9793840e+06   7.2021484e+01
   8.9796140e+06   5.7739258e+01
   8.9797510e+06   7.4829102e+01
   8.9799460e+06   5.7800293e+01
