   8.9990000e+06   0.0000000e+00
   3.5001000e+04   4.7546387e+01
   3.6616000e+04   4.9926758e+01
   5.0922000e+04   5.3283691e+01
   6.7658000e+04   4.7241211e+01
   6.8985000e+04   5.3710938e+01
   1.0824600e+05   5.0781250e+01
   1.2447900e+05   6.0302734e+01
   1.3070600e+05   4.9621582e+01
   1.5349300e+05   4.8706055e+01
   1.6485300e+05   4.6081543e+01
   1.8047800e+05   6.0119629e+01
   1.9090200e+05   6.1523438e+01
   1.9448800e+05   4.6936035e+01
   1.9493200e+05   4.7729492e+01
   2.0278600e+05   4.2663574e+01
   2.0753400e+05   5.2551270e+01
   2.1677600e+05   4.3334961e+01
   2.3310900e+05   5.1452637e+01
   2.6742100e+05   5.7434082e+01
   2.6947800e+05   4.2663574e+01
   2.9885200e+05   4.9499512e+01
   3.0945500e+05   5.3710938e+01
   3.1787300e+05   5.0781250e+01
   3.3120300e+05   5.2734375e+01
   3.4889400e+05   5.5541992e+01
   3.7102700e+05   4.2602539e+01
   3.7835400e+05   5.5603027e+01
   3.9235600e+05   4.5593262e+01
   3.9958900e+05   5.9631348e+01
   4.1268600e+05   4.4372559e+01
   4.3319500e+05   4.5227051e+01
   4.4758000e+05   5.0720215e+01
   4.5339800e+05   4.3945313e+01
   4.6260000e+05   5.1086426e+01
   4.7518300e+05   5.5847168e+01
   4.7829000e+05   4.3518066e+01
   4.9064700e+05   4.3029785e+01
   4.9108100e+05   4.6936035e+01
   5.0526400e+05   5.3588867e+01
   5.0766000e+05   4.2236328e+01
   5.1604900e+05   5.2673340e+01
   5.1797900e+05   4.4677734e+01
   5.1888200e+05   4.2419434e+01
   5.2581500e+05   4.9865723e+01
   5.3504100e+05   4.1015625e+01
   5.4019200e+05   4.7241211e+01
   5.4615500e+05   4.2724609e+01
   5.7067900e+05   4.4433594e+01
   5.7203700e+05   4.8522949e+01
   5.7401600e+05   4.6264648e+01
   5.7921900e+05   4.2358398e+01
   5.8956700e+05   4.4982910e+01
   5.9967800e+05   4.5837402e+01
   6.2926700e+05   4.7973633e+01
   6.4328000e+05   4.8889160e+01
   6.4538800e+05   4.4738770e+01
   6.5279400e+05   4.3884277e+01
   6.6058200e+05   4.1564941e+01
   6.6213700e+05   5.4321289e+01
   6.6342500e+05   4.4128418e+01
   6.6854300e+05   4.5715332e+01
   6.6904100e+05   4.2480469e+01
   6.8996500e+05   4.2663574e+01
   6.9296700e+05   4.8828125e+01
   7.0140200e+05   4.5288086e+01
   7.0953000e+05   4.1687012e+01
   7.2099500e+05   4.1625977e+01
   7.2475600e+05   5.5358887e+01
   7.3764900e+05   5.0476074e+01
   7.3847300e+05   4.3090820e+01
   7.4135200e+05   4.1870117e+01
   7.4281800e+05   4.3151855e+01
   7.6117300e+05   4.8217773e+01
   7.6633200e+05   4.3823242e+01
   7.6658900e+05   4.1198730e+01
   7.8285300e+05   5.0476074e+01
   7.8940700e+05   5.1635742e+01
   7.9239500e+05   5.3649902e+01
   7.9801000e+05   4.1442871e+01
   7.9842600e+05   4.8767090e+01
   8.1522000e+05   4.7668457e+01
   8.1715100e+05   4.1015625e+01
   8.2025300e+05   4.5104980e+01
   8.3421600e+05   4.5593262e+01
   8.4848400e+05   5.4382324e+01
   8.5517100e+05   4.2480469e+01
   8.5779900e+05   4.4311523e+01
   8.6599500e+05   4.1076660e+01
   8.7139600e+05   4.3884277e+01
   8.8371200e+05   4.4921875e+01
   8.9295900e+05   4.3212891e+01
   9.0314400e+05   4.4921875e+01
   9.0873400e+05   4.1687012e+01
   9.4996900e+05   5.9631348e+01
   9.5533800e+05   4.5715332e+01
   9.5771900e+05   4.1687012e+01
   9.7110200e+05   4.3334961e+01
   9.8979300e+05   5.0170898e+01
   9.9059200e+05   4.4555664e+01
   9.9150800e+05   4.7485352e+01
   9.9164800e+05   4.2053223e+01
   1.0030640e+06   4.8706055e+01
   1.0156920e+06   5.1025391e+01
   1.0193320e+06   4.1564941e+01
   1.0217740e+06   4.4250488e+01
   1.0425120e+06   5.0964355e+01
   1.0445620e+06   5.3649902e+01
   1.0625700e+06   4.3945312e+01
   1.0713670e+06   4.5959473e+01
   1.0876860e+06   4.3762207e+01
   1.0986000e+06   4.3212891e+01
   1.1103300e+06   4.3762207e+01
   1.1160700e+06   4.5471191e+01
   1.1311310e+06   5.6213379e+01
   1.1382300e+06   4.6020508e+01
   1.1395330e+06   4.1687012e+01
   1.1431030e+06   5.0537109e+01
   1.1508360e+06   4.6508789e+01
   1.1690990e+06   5.3649902e+01
   1.1704830e+06   4.2236328e+01
   1.1858940e+06   4.1198730e+01
   1.1911010e+06   4.8095703e+01
   1.1992890e+06   4.9987793e+01
   1.2027840e+06   4.1748047e+01
   1.2065860e+06   4.3090820e+01
   1.2325700e+06   5.4626465e+01
   1.2427810e+06   4.7607422e+01
   1.2557070e+06   5.3771973e+01
   1.2587990e+06   4.2236328e+01
   1.2596080e+06   4.1687012e+01
   1.2770760e+06   5.4931641e+01
   1.2854740e+06   5.3894043e+01
   1.3031410e+06   4.5898438e+01
   1.3136040e+06   5.3100586e+01
   1.3182030e+06   4.2968750e+01
   1.3233160e+06   4.3395996e+01
   1.3349250e+06   4.4189453e+01
   1.3441800e+06   4.1442871e+01
   1.3474470e+06   5.3222656e+01
   1.3580180e+06   5.4382324e+01
   1.3674930e+06   5.9143066e+01
   1.3920490e+06   4.5532227e+01
   1.3936260e+06   4.3945312e+01
   1.3954080e+06   4.4372559e+01
   1.4042870e+06   5.3710938e+01
   1.4168900e+06   4.6508789e+01
   1.4283100e+06   4.1809082e+01
   1.4462410e+06   4.7058105e+01
   1.4470300e+06   4.1442871e+01
   1.4516690e+06   4.1137695e+01
   1.4526710e+06   4.5349121e+01
   1.4738990e+06   4.5227051e+01
   1.4879960e+06   4.9072266e+01
   1.4919650e+06   4.2785645e+01
   1.4990640e+06   5.1391602e+01
   1.5059270e+06   4.2419434e+01
   1.5131280e+06   4.6447754e+01
   1.5258410e+06   5.1574707e+01
   1.5482640e+06   4.3762207e+01
   1.5532210e+06   5.4504395e+01
   1.5646530e+06   4.9743652e+01
   1.5932350e+06   4.5104980e+01
   1.5937520e+06   4.1625977e+01
   1.6021670e+06   5.8349609e+01
   1.6036160e+06   4.4189453e+01
   1.6172170e+06   4.9621582e+01
   1.6289800e+06   4.3762207e+01
   1.6354280e+06   5.2856445e+01
   1.6376180e+06   4.2480469e+01
   1.6409160e+06   4.3762207e+01
   1.6574000e+06   5.3894043e+01
   1.6636960e+06   4.1015625e+01
   1.6795910e+06   5.0964355e+01
   1.6842680e+06   5.2551270e+01
   1.6882890e+06   4.1076660e+01
   1.6989900e+06   4.9377441e+01
   1.7020980e+06   4.4128418e+01
   1.7052330e+06   4.4128418e+01
   1.7194920e+06   4.7912598e+01
   1.7202420e+06   4.7485352e+01
   1.7313790e+06   4.5410156e+01
   1.7323070e+06   4.5166016e+01
   1.7369650e+06   4.3884277e+01
   1.7455650e+06   4.8034668e+01
   1.7500800e+06   5.4931641e+01
   1.7649650e+06   4.6325684e+01
   1.7812490e+06   6.0974121e+01
   1.7884230e+06   4.4799805e+01
   1.7901880e+06   4.1870117e+01
   1.7970350e+06   4.3579102e+01
   1.8058230e+06   4.3884277e+01
   1.8080710e+06   4.1015625e+01
   1.8220310e+06   4.2724609e+01
   1.8318750e+06   4.9987793e+01
   1.8357330e+06   4.8522949e+01
   1.8383790e+06   4.1503906e+01
   1.8502450e+06   4.1503906e+01
   1.8632690e+06   4.3457031e+01
   1.8641620e+06   4.7302246e+01
   1.8754940e+06   4.6325684e+01
   1.8788890e+06   5.4870605e+01
   1.8912860e+06   4.6203613e+01
   1.8940420e+06   4.2846680e+01
   1.8973200e+06   4.2114258e+01
   1.9194710e+06   4.3273926e+01
   1.9207410e+06   4.4128418e+01
   1.9333270e+06   4.9072266e+01
   1.9448460e+06   5.4687500e+01
   1.9558290e+06   4.4677734e+01
   1.9954790e+06   4.8400879e+01
   2.0053270e+06   4.8461914e+01
   2.0123960e+06   4.7912598e+01
   2.0185060e+06   5.6640625e+01
   2.0282110e+06   4.4616699e+01
   2.0359580e+06   4.5532227e+01
   2.0482970e+06   4.1381836e+01
   2.0605070e+06   5.1696777e+01
   2.0668470e+06   5.4382324e+01
   2.0866120e+06   4.9682617e+01
   2.0919690e+06   4.1076660e+01
   2.0979560e+06   5.1025391e+01
   2.0994180e+06   4.6386719e+01
   2.1044780e+06   4.3334961e+01
   2.1103750e+06   4.1442871e+01
   2.1107490e+06   5.3222656e+01
   2.1119730e+06   4.5593262e+01
   2.1259470e+06   4.1442871e+01
   2.1317870e+06   4.2663574e+01
   2.1324020e+06   4.2724609e+01
   2.1381660e+06   4.4067383e+01
   2.1532750e+06   4.7119141e+01
   2.1580690e+06   4.3945312e+01
   2.1633610e+06   4.4250488e+01
   2.1634550e+06   4.2785645e+01
   2.1702180e+06   4.8339844e+01
   2.1746290e+06   4.2236328e+01
   2.1748850e+06   4.7424316e+01
   2.1858160e+06   4.5898438e+01
   2.2033940e+06   4.2663574e+01
   2.2066100e+06   4.8767090e+01
   2.2070750e+06   4.1687012e+01
   2.2162300e+06   4.9194336e+01
   2.2217400e+06   4.6997070e+01
   2.2257450e+06   5.0903320e+01
   2.2270110e+06   4.2846680e+01
   2.2336660e+06   4.2236328e+01
   2.2374670e+06   4.1992188e+01
   2.2473920e+06   5.8715820e+01
   2.2542500e+06   4.1564941e+01
   2.2627580e+06   4.1198730e+01
   2.2679520e+06   4.3395996e+01
   2.2706500e+06   4.3640137e+01
   2.2814230e+06   4.1015625e+01
   2.2909160e+06   4.7790527e+01
   2.2936400e+06   4.4677734e+01
   2.2970500e+06   4.1809082e+01
   2.3021090e+06   4.3334961e+01
   2.3038560e+06   4.6569824e+01
   2.3256350e+06   4.3090820e+01
   2.3326890e+06   4.2602539e+01
   2.3559440e+06   4.5532227e+01
   2.3661380e+06   4.2114258e+01
   2.3876070e+06   5.4565430e+01
   2.4004060e+06   4.3334961e+01
   2.4090570e+06   5.5053711e+01
   2.4275520e+06   4.1320801e+01
   2.4290120e+06   4.3334961e+01
   2.4372150e+06   4.5776367e+01
   2.4568350e+06   4.7058105e+01
   2.4624750e+06   4.3457031e+01
   2.4695560e+06   4.6081543e+01
   2.4731980e+06   4.2480469e+01
   2.4775900e+06   4.7058105e+01
   2.4933300e+06   5.4687500e+01
   2.5078220e+06   4.4555664e+01
   2.5114790e+06   4.3457031e+01
   2.5161300e+06   4.6386719e+01
   2.5254860e+06   4.5532227e+01
   2.5327350e+06   5.0842285e+01
   2.5383720e+06   4.4006348e+01
   2.5522290e+06   4.6264648e+01
   2.5816020e+06   5.0903320e+01
   2.5944410e+06   4.2663574e+01
   2.6003110e+06   4.1809082e+01
   2.6079970e+06   4.1625977e+01
   2.6150680e+06   4.8583984e+01
   2.6164940e+06   4.6020508e+01
   2.6217420e+06   4.2053223e+01
   2.6366320e+06   5.3710938e+01
   2.6381430e+06   4.5043945e+01
   2.6533270e+06   4.4311523e+01
   2.6600290e+06   4.2297363e+01
   2.6628100e+06   4.9560547e+01
   2.6721420e+06   4.9621582e+01
   2.6858800e+06   5.7006836e+01
   2.6958840e+06   4.4494629e+01
   2.7047560e+06   5.0842285e+01
   2.7107510e+06   4.4799805e+01
   2.7263930e+06   5.2124023e+01
   2.7305590e+06   4.6508789e+01
   2.7403160e+06   4.8461914e+01
   2.7493750e+06   4.6264648e+01
   2.7584840e+06   4.6264648e+01
   2.7612680e+06   4.2297363e+01
   2.7722070e+06   5.0415039e+01
   2.7758830e+06   4.8278809e+01
   2.7830110e+06   4.1137695e+01
   2.7971200e+06   4.1870117e+01
   2.8005580e+06   4.8156738e+01
   2.8064450e+06   4.4494629e+01
   2.8068870e+06   4.8278809e+01
   2.8180940e+06   4.8522949e+01
   2.8205760e+06   4.3029785e+01
   2.8306130e+06   4.3701172e+01
   2.8486940e+06   4.3823242e+01
   2.8652210e+06   4.7912598e+01
   2.8827220e+06   4.8645020e+01
   2.8959490e+06   4.5715332e+01
   2.9018100e+06   4.5349121e+01
   2.9020540e+06   4.4799805e+01
   2.9024900e+06   4.3884277e+01
   2.9161260e+06   4.1931152e+01
   2.9276200e+06   4.4189453e+01
   2.9332280e+06   4.3701172e+01
   2.9527250e+06   5.3710938e+01
   2.9554080e+06   4.9682617e+01
   2.9680450e+06   5.3344727e+01
   2.9725540e+06   4.5410156e+01
   2.9799560e+06   4.1137695e+01
   2.9838390e+06   4.7424316e+01
   2.9931620e+06   4.3090820e+01
   2.9950010e+06   4.4067383e+01
   3.0017610e+06   4.1748047e+01
   3.0091470e+06   4.2175293e+01
   3.0171130e+06   4.6142578e+01
   3.0274970e+06   4.5654297e+01
   3.0333200e+06   4.4006348e+01
   3.0424490e+06   4.1137695e+01
   3.0449560e+06   4.1442871e+01
   3.0508730e+06   4.1931152e+01
   3.0657170e+06   4.6325684e+01
   3.0689870e+06   4.7485352e+01
   3.0752290e+06   4.1992188e+01
   3.0824100e+06   4.6081543e+01
   3.0942010e+06   4.2724609e+01
   3.1005580e+06   5.1940918e+01
   3.1137990e+06   4.5043945e+01
   3.1267490e+06   4.6813965e+01
   3.1469900e+06   4.2358398e+01
   3.1598620e+06   4.4982910e+01
   3.1602670e+06   4.2358398e+01
   3.1705730e+06   4.1015625e+01
   3.1999890e+06   4.3090820e+01
   3.2117890e+06   4.1748047e+01
   3.2194770e+06   5.2307129e+01
   3.2430830e+06   5.1147461e+01
   3.2437560e+06   4.4799805e+01
   3.2517730e+06   4.7485352e+01
   3.2827620e+06   5.9753418e+01
   3.3003400e+06   5.6091309e+01
   3.3134890e+06   4.9316406e+01
   3.3199070e+06   4.9438477e+01
   3.3447360e+06   4.3518066e+01
   3.3499490e+06   4.1381836e+01
   3.3712910e+06   4.8522949e+01
   3.3797680e+06   5.2124023e+01
   3.3825890e+06   4.2602539e+01
   3.3912290e+06   4.3395996e+01
   3.4091910e+06   6.5002441e+01
   3.4146000e+06   5.0903320e+01
   3.4269860e+06   4.9560547e+01
   3.4302580e+06   4.2297363e+01
   3.4379450e+06   4.4799805e+01
   3.4393970e+06   4.1625977e+01
   3.4418570e+06   4.7790527e+01
   3.4883860e+06   4.5166016e+01
   3.4959180e+06   4.7851562e+01
   3.5009000e+06   4.2846680e+01
   3.5069080e+06   4.4555664e+01
   3.5146430e+06   4.3579102e+01
   3.5229180e+06   4.2358398e+01
   3.5249580e+06   4.4311523e+01
   3.5315560e+06   4.7851562e+01
   3.5423840e+06   4.7180176e+01
   3.5573680e+06   4.7851562e+01
   3.5597230e+06   4.3518066e+01
   3.5871830e+06   4.3395996e+01
   3.5878110e+06   4.3395996e+01
   3.5964770e+06   4.1870117e+01
   3.6033070e+06   4.6691895e+01
   3.6082100e+06   4.6020508e+01
   3.6217500e+06   4.8583984e+01
   3.6444250e+06   4.9194336e+01
   3.6595650e+06   4.1198730e+01
   3.6706340e+06   4.8095703e+01
   3.6727910e+06   4.5166016e+01
   3.6823670e+06   4.3762207e+01
   3.6967000e+06   4.9377441e+01
   3.7181830e+06   4.8278809e+01
   3.7273600e+06   5.0170898e+01
   3.7296260e+06   4.5593262e+01
   3.7399430e+06   4.7180176e+01
   3.7416000e+06   4.1503906e+01
   3.7421010e+06   4.2297363e+01
   3.7732110e+06   4.6142578e+01
   3.7814880e+06   4.5959473e+01
   3.8151640e+06   4.5166016e+01
   3.8581890e+06   4.5593262e+01
   3.8585750e+06   4.2480469e+01
   3.8600470e+06   4.2175293e+01
   3.8750280e+06   4.2663574e+01
   3.8874350e+06   5.1147461e+01
   3.8951730e+06   4.7851562e+01
   3.8965920e+06   4.1992188e+01
   3.9064480e+06   4.6752930e+01
   3.9316980e+06   5.1147461e+01
   3.9426310e+06   4.5593262e+01
   3.9526790e+06   4.4677734e+01
   3.9665250e+06   4.9316406e+01
   3.9815720e+06   4.4494629e+01
   3.9872590e+06   4.1259766e+01
   3.9933320e+06   4.4067383e+01
   4.0034130e+06   4.5227051e+01
   4.0197590e+06   5.0109863e+01
   4.0215150e+06   4.3395996e+01
   4.0383560e+06   4.7363281e+01
   4.0465040e+06   4.9133301e+01
   4.0644420e+06   4.6386719e+01
   4.0783000e+06   4.4494629e+01
   4.0909650e+06   5.0903320e+01
   4.1004730e+06   4.3762207e+01
   4.1088890e+06   4.6936035e+01
   4.1171570e+06   4.2236328e+01
   4.1233450e+06   4.5410156e+01
   4.1387820e+06   4.6386719e+01
   4.1518780e+06   4.7729492e+01
   4.1573080e+06   4.6997070e+01
   4.1626190e+06   4.7668457e+01
   4.1779150e+06   4.4189453e+01
   4.1782580e+06   4.3823242e+01
   4.1895600e+06   4.1992188e+01
   4.1942250e+06   4.5776367e+01
   4.2139800e+06   5.4138184e+01
   4.2156060e+06   5.1269531e+01
   4.2238420e+06   4.9743652e+01
   4.2324630e+06   4.3762207e+01
   4.2392950e+06   4.1503906e+01
   4.2443850e+06   4.9987793e+01
   4.2598440e+06   4.4128418e+01
   4.2638970e+06   4.2053223e+01
   4.2697220e+06   4.6447754e+01
   4.2797070e+06   4.3334961e+01
   4.2804000e+06   4.1137695e+01
   4.2849520e+06   4.5043945e+01
   4.3085480e+06   4.1137695e+01
   4.3233050e+06   5.3833008e+01
   4.3326810e+06   4.1870117e+01
   4.3401670e+06   4.6447754e+01
   4.3494370e+06   5.2673340e+01
   4.3543860e+06   4.2053223e+01
   4.3826870e+06   5.0354004e+01
   4.4068790e+06   5.4382324e+01
   4.4130820e+06   4.5776367e+01
   4.4364620e+06   4.7119141e+01
   4.4429810e+06   4.9072266e+01
   4.4487330e+06   4.7912598e+01
   4.4615760e+06   4.9926758e+01
   4.4708610e+06   5.2429199e+01
   4.4892670e+06   4.2846680e+01
   4.4934180e+06   4.1503906e+01
   4.4975110e+06   4.5227051e+01
   4.4988560e+06   4.2175293e+01
   4.5203640e+06   4.6264648e+01
   4.6079230e+06   5.2062988e+01
   4.6178540e+06   4.2114258e+01
   4.6195350e+06   5.3161621e+01
   4.6340650e+06   5.3771973e+01
   4.6418420e+06   4.9194336e+01
   4.6683930e+06   4.2358398e+01
   4.6696120e+06   4.3029785e+01
   4.7085410e+06   4.7790527e+01
   4.7298750e+06   5.8654785e+01
   4.7523630e+06   5.7312012e+01
   4.7698210e+06   4.9438477e+01
   4.7802020e+06   4.9072266e+01
   4.8072180e+06   4.9926758e+01
   4.8142840e+06   5.1330566e+01
   4.8220800e+06   5.5358887e+01
   4.8291770e+06   4.4311523e+01
   4.8354370e+06   4.5043945e+01
   4.8614320e+06   4.6325684e+01
   4.8624070e+06   4.8217773e+01
   4.8708340e+06   4.5715332e+01
   4.8810720e+06   4.6691895e+01
   4.8902710e+06   4.4799805e+01
   4.9119710e+06   5.3100586e+01
   4.9202070e+06   4.1015625e+01
   4.9287300e+06   4.4738770e+01
   4.9299520e+06   4.7180176e+01
   4.9763140e+06   6.1523437e+01
   5.0018930e+06   4.3823242e+01
   5.0374370e+06   4.9804687e+01
   5.0402100e+06   4.6264648e+01
   5.0563630e+06   5.1391602e+01
   5.0738550e+06   4.2236328e+01
   5.1363100e+06   4.9926758e+01
   5.3981850e+06   6.0180664e+01
   5.4511100e+06   4.6508789e+01
   5.4756170e+06   4.4921875e+01
   5.5548390e+06   5.6030273e+01
   5.7130370e+06   5.3222656e+01
   5.7254880e+06   6.3476562e+01
   5.7550480e+06   5.8776855e+01
   5.7820500e+06   5.2551270e+01
   5.7920940e+06   4.2297363e+01
   5.8597600e+06   4.6447754e+01
   5.9329020e+06   4.8217773e+01
   5.9768390e+06   4.1564941e+01
   5.9813960e+06   6.0119629e+01
   5.9822820e+06   4.8889160e+01
   6.0156710e+06   5.1391602e+01
   6.0215270e+06   5.4504395e+01
   6.0219270e+06   4.8767090e+01
   6.0475870e+06   4.6142578e+01
   6.0513190e+06   4.5837402e+01
   6.0538550e+06   4.8828125e+01
   6.0583400e+06   5.1208496e+01
   6.0679310e+06   5.0292969e+01
   6.0751850e+06   4.5349121e+01
   6.0764410e+06   4.4189453e+01
   6.0914210e+06   5.3283691e+01
   6.1081150e+06   4.5227051e+01
   6.1224460e+06   4.2114258e+01
   6.1316480e+06   4.8339844e+01
   6.1355780e+06   5.2368164e+01
   6.1367330e+06   4.5410156e+01
   6.1506150e+06   4.4555664e+01
   6.1606720e+06   4.6813965e+01
   6.1619200e+06   4.5288086e+01
   6.1703550e+06   4.3334961e+01
   6.1774480e+06   5.0292969e+01
   6.1778140e+06   4.5166016e+01
   6.1786110e+06   4.1015625e+01
   6.1881560e+06   4.7729492e+01
   6.1893940e+06   4.7241211e+01
   6.1955200e+06   4.4982910e+01
   6.2085890e+06   4.4738770e+01
   6.2153390e+06   4.6264648e+01
   6.2578900e+06   6.8603516e+01
   6.2596380e+06   4.3090820e+01
   6.2667500e+06   5.0476074e+01
   6.2822660e+06   4.2602539e+01
   6.2847790e+06   4.3334961e+01
   6.3066910e+06   4.2907715e+01
   6.3167690e+06   4.8583984e+01
   6.3213170e+06   4.3029785e+01
   6.3234650e+06   4.6142578e+01
   6.3377480e+06   5.0903320e+01
   6.3382520e+06   4.6264648e+01
   6.3546200e+06   4.4860840e+01
   6.3703020e+06   4.3151855e+01
   6.3902540e+06   5.7800293e+01
   6.3937000e+06   4.1748047e+01
   6.3955110e+06   4.1198730e+01
   6.3974780e+06   4.4555664e+01
   6.4236310e+06   4.6997070e+01
   6.4252920e+06   4.1198730e+01
   6.4345530e+06   4.1931152e+01
   6.4356010e+06   4.6142578e+01
   6.4568180e+06   4.3701172e+01
   6.4985310e+06   5.2429199e+01
   6.5221330e+06   5.1574707e+01
   6.5259580e+06   4.3640137e+01
   6.5279980e+06   4.1992188e+01
   6.5428940e+06   5.4077148e+01
   6.5598060e+06   4.2785645e+01
   6.5770780e+06   4.2541504e+01
   6.5932530e+06   5.5297852e+01
   6.6020140e+06   4.3457031e+01
   6.6111950e+06   5.8105469e+01
   6.6134880e+06   4.1198730e+01
   6.6277550e+06   4.8583984e+01
   6.6354130e+06   4.4616699e+01
   6.6544960e+06   5.8776855e+01
   6.6652640e+06   4.2053223e+01
   6.6671610e+06   5.2001953e+01
   6.6740330e+06   5.1147461e+01
   6.6835070e+06   4.8095703e+01
   6.6839140e+06   4.4738770e+01
   6.6905500e+06   4.3945312e+01
   6.6997030e+06   4.8034668e+01
   6.7004810e+06   4.1870117e+01
   6.7118260e+06   4.5471191e+01
   6.7407330e+06   6.6467285e+01
   6.7566590e+06   5.8959961e+01
   6.7573530e+06   4.1992188e+01
   6.7933460e+06   4.1076660e+01
   6.8059040e+06   5.0476074e+01
   6.8307690e+06   5.3588867e+01
   6.8457170e+06   5.9814453e+01
   6.8496430e+06   5.6152344e+01
   6.8643110e+06   5.0231934e+01
   6.8731880e+06   5.1086426e+01
   6.8828250e+06   4.9987793e+01
   6.8938680e+06   4.6813965e+01
   6.9106780e+06   4.8217773e+01
   6.9272500e+06   5.7983398e+01
   6.9326520e+06   4.5593262e+01
   6.9404910e+06   4.1076660e+01
   6.9460000e+06   5.0170898e+01
   6.9507160e+06   5.3771973e+01
   6.9536320e+06   4.5166016e+01
   6.9765870e+06   4.4921875e+01
   6.9783800e+06   4.3640137e+01
   6.9884740e+06   4.9926758e+01
   6.9905350e+06   4.2114258e+01
   7.0105860e+06   4.2053223e+01
   7.0150970e+06   4.8217773e+01
   7.0279980e+06   5.4565430e+01
   7.0294350e+06   4.7424316e+01
   7.0413140e+06   4.3273926e+01
   7.0490200e+06   4.4067383e+01
   7.0577560e+06   5.1513672e+01
   7.0663570e+06   4.1687012e+01
   7.0718760e+06   4.4189453e+01
   7.0862440e+06   4.1992188e+01
   7.1246710e+06   4.1748047e+01
   7.1256010e+06   4.6447754e+01
   7.1342880e+06   4.8095703e+01
   7.1463810e+06   4.6081543e+01
   7.1554220e+06   5.0415039e+01
   7.1731070e+06   4.3395996e+01
   7.1768210e+06   4.6691895e+01
   7.1850970e+06   4.4555664e+01
   7.2046130e+06   4.1809082e+01
   7.2354050e+06   5.3100586e+01
   7.2658920e+06   4.5227051e+01
   7.2766420e+06   4.6447754e+01
   7.3094510e+06   5.3833008e+01
   7.3391590e+06   5.0659180e+01
   7.3648000e+06   5.2429199e+01
   7.3878230e+06   5.4138184e+01
   7.3941030e+06   4.3151855e+01
   7.4049390e+06   5.1147461e+01
   7.4073120e+06   4.6997070e+01
   7.4183540e+06   5.0415039e+01
   7.4256320e+06   4.4616699e+01
   7.4267300e+06   4.1503906e+01
   7.4338050e+06   4.9743652e+01
   7.4432520e+06   4.4250488e+01
   7.4535570e+06   5.3283691e+01
   7.4547170e+06   4.1748047e+01
   7.4652590e+06   4.7180176e+01
   7.4698170e+06   4.5715332e+01
   7.4872760e+06   5.3710938e+01
   7.5045020e+06   4.8645020e+01
   7.5126890e+06   4.5104980e+01
   7.5176890e+06   4.2053223e+01
   7.5393740e+06   4.8156738e+01
   7.5418090e+06   4.4311523e+01
   7.5594650e+06   5.0842285e+01
   7.5641820e+06   5.3588867e+01
   7.5735940e+06   4.4799805e+01
   7.5806210e+06   4.5959473e+01
   7.5814110e+06   4.7546387e+01
   7.5857950e+06   5.4931641e+01
   7.5875580e+06   4.4860840e+01
   7.5884050e+06   4.7546387e+01
   7.6119990e+06   4.4738770e+01
   7.6233920e+06   4.1015625e+01
   7.6258780e+06   4.2419434e+01
   7.6263910e+06   5.3405762e+01
   7.6364290e+06   5.2124023e+01
   7.6499470e+06   4.8034668e+01
   7.6650260e+06   6.0852051e+01
   7.6803520e+06   4.6386719e+01
   7.6813190e+06   4.2419434e+01
   7.6941040e+06   4.2785645e+01
   7.7102470e+06   4.2968750e+01
   7.7218460e+06   4.5288086e+01
   7.7792040e+06   5.3100586e+01
   7.7971480e+06   4.3395996e+01
   7.8051450e+06   4.2663574e+01
   7.8138100e+06   4.3762207e+01
   7.8535900e+06   4.4006348e+01
   7.8611580e+06   4.1625977e+01
   7.8702670e+06   4.7973633e+01
   7.8829640e+06   6.0485840e+01
   7.8931450e+06   4.6142578e+01
   7.9147640e+06   5.1635742e+01
   7.9198560e+06   6.0180664e+01
   7.9279950e+06   4.6447754e+01
   7.9341440e+06   4.3640137e+01
   7.9509480e+06   4.6203613e+01
   7.9701680e+06   4.5227051e+01
   7.9969160e+06   4.2968750e+01
   8.0068600e+06   6.2927246e+01
   8.0357420e+06   4.6569824e+01
   8.0453020e+06   4.8583984e+01
   8.0540730e+06   4.1687012e+01
   8.0613970e+06   4.1687012e+01
   8.0686620e+06   5.0415039e+01
   8.0722310e+06   4.2724609e+01
   8.0854940e+06   5.6762695e+01
   8.1473350e+06   4.8034668e+01
   8.1653370e+06   4.2480469e+01
   8.1876080e+06   5.8349609e+01
   8.2030590e+06   5.0292969e+01
   8.2079390e+06   4.2236328e+01
   8.2259700e+06   4.6691895e+01
   8.2365370e+06   5.1940918e+01
   8.2461200e+06   5.1574707e+01
   8.2556900e+06   4.6691895e+01
   8.2929390e+06   4.7546387e+01
   8.3028260e+06   4.3090820e+01
   8.3059530e+06   4.4921875e+01
   8.3350140e+06   4.7363281e+01
   8.3459310e+06   4.5410156e+01
   8.3595660e+06   5.4199219e+01
   8.3672700e+06   4.6813965e+01
   8.3723300e+06   4.7180176e+01
   8.3835750e+06   4.4982910e+01
   8.3928300e+06   4.7302246e+01
   8.4049680e+06   5.5175781e+01
   8.4187400e+06   4.1320801e+01
   8.4400940e+06   4.2846680e+01
   8.4531680e+06   5.0537109e+01
   8.4609090e+06   5.5297852e+01
   8.4781540e+06   5.5847168e+01
   8.4882810e+06   5.9631348e+01
   8.4938090e+06   4.3762207e+01
   8.4997050e+06   4.2236328e+01
   8.5115600e+06   4.1259766e+01
   8.5212640e+06   5.1940918e+01
   8.5281480e+06   4.4494629e+01
   8.5327480e+06   5.0964355e+01
   8.5398020e+06   4.4677734e+01
   8.5462170e+06   4.6630859e+01
   8.5684180e+06   4.1198730e+01
   8.5936700e+06   5.2307129e+01
   8.6040780e+06   4.1076660e+01
   8.6158660e+06   4.7485352e+01
   8.6536440e+06   4.1748047e+01
   8.6608790e+06   4.2114258e+01
   8.6610900e+06   4.5410156e+01
   8.6732670e+06   4.5227051e+01
   8.6774110e+06   4.3945313e+01
   8.6852610e+06   4.8889160e+01
   8.6857290e+06   4.1320801e+01
   8.6940570e+06   4.9133301e+01
   8.6957260e+06   5.4931641e+01
   8.7024550e+06   5.2856445e+01
   8.7060550e+06   4.2236328e+01
   8.7247600e+06   4.9804688e+01
   8.7247890e+06   6.0363770e+01
   8.7255830e+06   4.4067383e+01
   8.7287160e+06   4.5532227e+01
   8.7297680e+06   4.2541504e+01
   8.7440540e+06   5.1086426e+01
   8.7510490e+06   4.3762207e+01
   8.7645070e+06   4.1259766e+01
   8.7656830e+06   4.2358398e+01
   8.7681130e+06   4.4433594e+01
   8.7748010e+06   5.1818848e+01
   8.7946890e+06   4.3640137e+01
   8.8000330e+06   4.8889160e+01
   8.8056790e+06   4.9133301e+01
   8.8193850e+06   5.1147461e+01
   8.8263960e+06   4.3579102e+01
   8.8311060e+06   4.1137695e+01
   8.8320910e+06   4.8278809e+01
   8.8368610e+06   4.5288086e+01
   8.8459430e+06   4.8400879e+01
   8.8535350e+06   4.7973633e+01
   8.8729120e+06   5.2734375e+01
   8.8770860e+06   4.2724609e+01
   8.8920260e+06   4.1748047e+01
   8.9012860e+06   4.4128418e+01
   8.9060140e+06   5.7861328e+01
   8.9065490e+06   4.3029785e+01
   8.9326170e+06   5.1757813e+01
   8.9429110e+06   5.2001953e+01
   8.9531040e+06   4.7973633e+01
   8.9680410e+06   4.1748047e+01
   8.9712720e+06   4.9072266e+01
   8.9740930e+06   4.4128418e+01
   8.9865840e+06   4.4738770e+01
   8.9933120e+06   4.4311523e+01
   8.9964350e+06   4.5349121e+01
   8.9982550e+06   5.0354004e+01
