   8.9990000e+06   0.0000000e+00
   1.2792400e+05   4.9377441e+01
   1.7623420e+06   4.6264648e+01
   3.0779180e+06   4.6997070e+01
   3.2483240e+06   4.6386719e+01
   3.4066430e+06   4.7729492e+01
   3.9612910e+06   4.8461914e+01
   4.1710490e+06   4.8889160e+01
   5.1607390e+06   4.9499512e+01
   5.3363540e+06   4.7790527e+01
   6.3453300e+06   4.9255371e+01
   6.6241110e+06   4.7912598e+01
   6.8942910e+06   4.6630859e+01
   7.0820500e+06   4.7790527e+01
   7.2975550e+06   4.6386719e+01
   7.2977560e+06   4.6752930e+01
   7.4430370e+06   4.6936035e+01
   8.9921490e+06   4.6508789e+01
