   8.9990000e+06   0.0000000e+00
   7.7110000e+03   4.6569824e+01
   5.6701000e+04   5.5541992e+01
   8.3805000e+04   5.3527832e+01
   1.9305800e+05   4.6875000e+01
   1.9333200e+05   4.7729492e+01
   2.2598800e+05   4.7180176e+01
   2.5470600e+05   5.2673340e+01
   2.8617200e+05   4.8583984e+01
   3.0621600e+05   4.7424316e+01
   3.2541200e+05   4.6447754e+01
   3.4686600e+05   4.8522949e+01
   3.5416900e+05   4.7790527e+01
   3.6876900e+05   5.3161621e+01
   3.7443300e+05   5.3588867e+01
   4.2681800e+05   5.3161621e+01
   4.4032600e+05   5.0415039e+01
   4.6263900e+05   4.7851562e+01
   4.6880500e+05   4.9316406e+01
   4.8087600e+05   5.4260254e+01
   4.9745000e+05   4.7790527e+01
   5.4175400e+05   5.4016113e+01
   6.6368900e+05   5.4199219e+01
   6.7153200e+05   5.3405762e+01
   7.3857600e+05   4.6508789e+01
   7.6360300e+05   4.8583984e+01
   7.9627500e+05   4.7180176e+01
   8.3971100e+05   4.7241211e+01
   8.5648600e+05   4.6569824e+01
   8.6055400e+05   4.9682617e+01
   9.0649500e+05   4.8583984e+01
   9.1970400e+05   4.6508789e+01
   9.2738300e+05   4.9987793e+01
   1.0030120e+06   5.4199219e+01
   1.0092830e+06   5.0109863e+01
   1.0371690e+06   5.3283691e+01
   1.0496700e+06   4.9682617e+01
   1.0788890e+06   5.2490234e+01
   1.0844690e+06   4.8828125e+01
   1.0984280e+06   5.2612305e+01
   1.2282980e+06   4.6630859e+01
   1.2670270e+06   4.7485352e+01
   1.2776750e+06   5.0292969e+01
   1.3140640e+06   5.0537109e+01
   1.3188050e+06   5.2124023e+01
   1.3191570e+06   5.3588867e+01
   1.3234100e+06   4.7058105e+01
   1.3436020e+06   5.1513672e+01
   1.3767110e+06   5.1330566e+01
   1.3950890e+06   5.3771973e+01
   1.4167450e+06   4.8828125e+01
   1.4206500e+06   5.5786133e+01
   1.4258240e+06   5.3283691e+01
   1.4273560e+06   4.9926758e+01
   1.4425690e+06   5.2612305e+01
   1.4683920e+06   4.9804688e+01
   1.4801520e+06   4.9682617e+01
   1.4994190e+06   4.7851562e+01
   1.5141740e+06   4.7851562e+01
   1.5420920e+06   6.3171387e+01
   1.5876520e+06   5.0964355e+01
   1.6585660e+06   4.7912598e+01
   1.6592660e+06   4.8034668e+01
   1.7073110e+06   5.0659180e+01
   1.7423520e+06   5.1147461e+01
   1.7699510e+06   5.1757812e+01
   1.7770870e+06   4.6630859e+01
   1.7921980e+06   5.3771973e+01
   1.8059300e+06   6.1096191e+01
   1.8062550e+06   5.1086426e+01
   1.8398530e+06   5.4992676e+01
   1.8402760e+06   4.8034668e+01
   1.8704890e+06   4.9682617e+01
   1.8790680e+06   6.5673828e+01
   1.8795710e+06   5.3771973e+01
   1.8801490e+06   4.9377441e+01
   1.8804830e+06   4.8461914e+01
   1.8880850e+06   5.1330566e+01
   1.9132280e+06   4.6569824e+01
   1.9257420e+06   4.8339844e+01
   1.9347830e+06   5.2001953e+01
   1.9352980e+06   4.8095703e+01
   1.9531320e+06   7.9711914e+01
   2.0067940e+06   5.1818848e+01
   2.0266210e+06   7.4523926e+01
   2.0377140e+06   4.8461914e+01
   2.0508980e+06   4.7729492e+01
   2.0629660e+06   5.5236816e+01
   2.0722340e+06   4.9072266e+01
   2.0805600e+06   7.8430176e+01
   2.0808900e+06   7.6599121e+01
   2.1110590e+06   5.2185059e+01
   2.1306050e+06   4.9865723e+01
   2.1312800e+06   5.7739258e+01
   2.1537730e+06   4.7241211e+01
   2.1542610e+06   4.7241211e+01
   2.1632500e+06   5.4504395e+01
   2.1817710e+06   5.1940918e+01
   2.2055450e+06   5.3344727e+01
   2.2081580e+06   6.2194824e+01
   2.2225360e+06   5.9509277e+01
   2.2408500e+06   5.7800293e+01
   2.2412490e+06   6.2622070e+01
   2.2519700e+06   4.7180176e+01
   2.2693910e+06   5.7922363e+01
   2.3043160e+06   5.4626465e+01
   2.3064900e+06   5.6274414e+01
   2.3068340e+06   5.2062988e+01
   2.3338260e+06   5.5541992e+01
   2.3347860e+06   4.7302246e+01
   2.3897870e+06   4.6936035e+01
   2.4024470e+06   4.6508789e+01
   2.4093890e+06   8.3435059e+01
   2.4193710e+06   5.5480957e+01
   2.4309230e+06   4.8095703e+01
   2.4370370e+06   5.2490234e+01
   2.4510240e+06   4.9438477e+01
   2.4740310e+06   6.7932129e+01
   2.4909610e+06   5.2307129e+01
   2.4984220e+06   4.7973633e+01
   2.5098340e+06   8.5754395e+01
   2.5102660e+06   7.4340820e+01
   2.5145910e+06   5.2673340e+01
   2.5282670e+06   4.9377441e+01
   2.5290230e+06   4.6875000e+01
   2.5330520e+06   6.5307617e+01
   2.5521930e+06   6.4086914e+01
   2.5527650e+06   6.0180664e+01
   2.5530510e+06   4.9987793e+01
   2.5743530e+06   4.6691895e+01
   2.5750830e+06   4.8583984e+01
   2.5987550e+06   5.7006836e+01
   2.5991570e+06   4.7180176e+01
   2.5997290e+06   4.7729492e+01
   2.6094750e+06   5.5541992e+01
   2.6384630e+06   4.7302246e+01
   2.6395400e+06   4.8828125e+01
   2.6403020e+06   4.8706055e+01
   2.6405520e+06   5.2307129e+01
   2.6503220e+06   4.9926758e+01
   2.6545990e+06   4.6813965e+01
   2.6749670e+06   5.1086426e+01
   2.6862370e+06   5.1513672e+01
   2.6867770e+06   5.2062988e+01
   2.7208850e+06   4.9072266e+01
   2.7278690e+06   5.0170898e+01
   2.7309810e+06   5.1574707e+01
   2.7367120e+06   4.8645020e+01
   2.7499400e+06   5.6579590e+01
   2.7504370e+06   4.8217773e+01
   2.7511670e+06   5.1696777e+01
   2.7826580e+06   4.9194336e+01
   2.7831300e+06   4.8034668e+01
   2.7870930e+06   4.8034668e+01
   2.7873100e+06   5.1818848e+01
   2.8226620e+06   4.8400879e+01
   2.8242190e+06   4.8950195e+01
   2.8411110e+06   5.7312012e+01
   2.8514530e+06   5.6152344e+01
   2.8516920e+06   4.9133301e+01
   2.8669020e+06   5.2612305e+01
   2.8730770e+06   4.8706055e+01
   2.8868060e+06   4.6630859e+01
   2.8873090e+06   5.1452637e+01
   2.9070790e+06   5.5358887e+01
   2.9151240e+06   4.7546387e+01
   2.9341840e+06   5.8898926e+01
   2.9345070e+06   5.0659180e+01
   2.9347970e+06   4.9438477e+01
   2.9384050e+06   4.6691895e+01
   2.9537980e+06   5.7189941e+01
   2.9568500e+06   9.2224121e+01
   2.9640100e+06   6.2927246e+01
   2.9704790e+06   4.7363281e+01
   2.9818240e+06   8.6791992e+01
   2.9905270e+06   5.2795410e+01
   2.9916480e+06   4.6569824e+01
   2.9977860e+06   4.8767090e+01
   3.0153900e+06   4.8950195e+01
   3.0163540e+06   8.6242676e+01
   3.0166560e+06   6.0424805e+01
   3.0175220e+06   4.9072266e+01
   3.0399860e+06   5.1330566e+01
   3.0406150e+06   5.4199219e+01
   3.0409490e+06   4.8889160e+01
   3.0721110e+06   5.7861328e+01
   3.0725280e+06   5.0109863e+01
   3.0731830e+06   5.2429199e+01
   3.1113110e+06   5.0109863e+01
   3.1190380e+06   4.9072266e+01
   3.1237520e+06   6.1950684e+01
   3.1527580e+06   5.6884766e+01
   3.1836870e+06   8.1359863e+01
   3.1898140e+06   4.7363281e+01
   3.1925680e+06   4.8645020e+01
   3.1940490e+06   4.7485352e+01
   3.1951510e+06   4.7302246e+01
   3.2010240e+06   5.3955078e+01
   3.2232580e+06   6.0241699e+01
   3.2387200e+06   4.8339844e+01
   3.2483830e+06   6.5185547e+01
   3.2615610e+06   5.4260254e+01
   3.2648730e+06   5.1940918e+01
   3.2707440e+06   6.4758301e+01
   3.2711240e+06   4.8217773e+01
   3.2924690e+06   6.0058594e+01
   3.2927090e+06   4.7668457e+01
   3.3085100e+06   4.9072266e+01
   3.3180160e+06   9.7045898e+01
   3.3263330e+06   4.9133301e+01
   3.3281270e+06   6.1096191e+01
   3.3284810e+06   6.0607910e+01
   3.3516160e+06   4.7485352e+01
   3.3531750e+06   5.3344727e+01
   3.3569090e+06   5.8776855e+01
   3.3573210e+06   5.3649902e+01
   3.3597040e+06   5.2917480e+01
   3.3857760e+06   5.0537109e+01
   3.3860030e+06   5.2001953e+01
   3.3864570e+06   5.0415039e+01
   3.3960550e+06   4.6447754e+01
   3.4183680e+06   4.7485352e+01
   3.4188600e+06   4.7485352e+01
   3.4202490e+06   6.4575195e+01
   3.4206090e+06   4.9072266e+01
   3.4210240e+06   4.7363281e+01
   3.4597910e+06   5.0598145e+01
   3.4874200e+06   5.0476074e+01
   3.4990440e+06   5.3344727e+01
   3.5131880e+06   6.6162109e+01
   3.5135120e+06   4.6447754e+01
   3.5356330e+06   8.1420898e+01
   3.5358930e+06   9.6740723e+01
   3.5378650e+06   4.9133301e+01
   3.5381260e+06   4.6875000e+01
   3.5464570e+06   5.2551270e+01
   3.5650610e+06   4.6997070e+01
   3.5654170e+06   5.0109863e+01
   3.5728340e+06   4.6813965e+01
   3.5857230e+06   4.6875000e+01
   3.5928480e+06   5.1940918e+01
   3.6026020e+06   8.4472656e+01
   3.6180410e+06   5.0659180e+01
   3.6183430e+06   4.7058105e+01
   3.6379970e+06   5.9875488e+01
   3.6384960e+06   5.4138184e+01
   3.6642670e+06   5.3283691e+01
   3.6644300e+06   5.3466797e+01
   3.6650020e+06   5.1452637e+01
   3.6979040e+06   4.9133301e+01
   3.6983360e+06   5.1513672e+01
   3.7009230e+06   8.1848145e+01
   3.7155190e+06   4.6508789e+01
   3.7216070e+06   5.4870605e+01
   3.7278240e+06   5.2062988e+01
   3.7296110e+06   4.7180176e+01
   3.7325300e+06   5.8288574e+01
   3.7383670e+06   4.8217773e+01
   3.7386050e+06   4.8278809e+01
   3.7546850e+06   4.7485352e+01
   3.7565660e+06   4.8034668e+01
   3.7782340e+06   8.3007812e+01
   3.7873270e+06   5.1330566e+01
   3.8064550e+06   5.0170898e+01
   3.8141280e+06   4.8034668e+01
   3.8209830e+06   4.9255371e+01
   3.8268820e+06   4.8034668e+01
   3.8437120e+06   5.0659180e+01
   3.8534100e+06   4.7058105e+01
   3.8539260e+06   4.7058105e+01
   3.8714650e+06   5.8349609e+01
   3.9071020e+06   5.1147461e+01
   3.9071470e+06   4.6813965e+01
   3.9082980e+06   5.1696777e+01
   3.9285960e+06   4.7485352e+01
   3.9428290e+06   6.6406250e+01
   3.9484640e+06   4.7119141e+01
   3.9699680e+06   4.8095703e+01
   3.9700370e+06   5.1086426e+01
   3.9744050e+06   4.9560547e+01
   3.9815210e+06   4.6691895e+01
   3.9920640e+06   5.1269531e+01
   3.9971390e+06   5.6213379e+01
   3.9989820e+06   4.9682617e+01
   3.9998480e+06   8.1665039e+01
   4.0165290e+06   4.7485352e+01
   4.0214020e+06   5.3955078e+01
   4.0218690e+06   5.0537109e+01
   4.0551950e+06   4.6569824e+01
   4.0647980e+06   5.0598145e+01
   4.0655530e+06   5.0903320e+01
   4.0666780e+06   5.3100586e+01
   4.0880560e+06   4.7363281e+01
   4.0976330e+06   5.1025391e+01
   4.0978610e+06   5.0781250e+01
   4.1203640e+06   5.2124023e+01
   4.1218460e+06   5.3100586e+01
   4.1221210e+06   4.9438477e+01
   4.1468270e+06   4.6875000e+01
   4.1506170e+06   4.8889160e+01
   4.1509790e+06   5.7373047e+01
   4.1598990e+06   5.7983398e+01
   4.1700060e+06   4.9255371e+01
   4.1754440e+06   8.3435059e+01
   4.1756180e+06   4.7241211e+01
   4.1758690e+06   7.8491211e+01
   4.1762050e+06   5.8044434e+01
   4.1772700e+06   6.0241699e+01
   4.1777630e+06   5.3161621e+01
   4.2151790e+06   5.8837891e+01
   4.2153660e+06   4.9621582e+01
   4.2154520e+06   4.6569824e+01
   4.2386280e+06   4.7546387e+01
   4.2457540e+06   6.0302734e+01
   4.2462620e+06   5.1208496e+01
   4.2888490e+06   5.7128906e+01
   4.2892330e+06   4.9377441e+01
   4.2904870e+06   4.8706055e+01
   4.2937300e+06   5.2185059e+01
   4.3056950e+06   5.1574707e+01
   4.3289810e+06   6.0485840e+01
   4.3292680e+06   4.9255371e+01
   4.3392880e+06   5.4138184e+01
   4.3396950e+06   4.8034668e+01
   4.3545900e+06   4.9011230e+01
   4.3562430e+06   5.0842285e+01
   4.4039410e+06   1.1407471e+02
   4.4078650e+06   5.5358887e+01
   4.4096390e+06   5.4138184e+01
   4.4228130e+06   4.9865723e+01
   4.4241670e+06   5.3649902e+01
   4.4247420e+06   4.9682617e+01
   4.4537050e+06   5.4931641e+01
   4.4790490e+06   5.1818848e+01
   4.4794040e+06   4.7729492e+01
   4.4969700e+06   4.6813965e+01
   4.4973820e+06   7.6477051e+01
   4.4977310e+06   5.0354004e+01
   4.5168600e+06   5.2734375e+01
   4.5240460e+06   5.4321289e+01
   4.5308280e+06   5.4687500e+01
   4.5473520e+06   5.4809570e+01
   4.5556060e+06   4.6936035e+01
   4.5959080e+06   5.4321289e+01
   4.5962760e+06   4.7973633e+01
   4.6015060e+06   4.9316406e+01
   4.6113940e+06   4.6813965e+01
   4.6224630e+06   4.6875000e+01
   4.6412580e+06   5.2856445e+01
   4.6779960e+06   5.1452637e+01
   4.6940260e+06   4.7363281e+01
   4.6973660e+06   4.8522949e+01
   4.7097280e+06   5.5358887e+01
   4.7141740e+06   4.7729492e+01
   4.7287350e+06   5.1879883e+01
   4.7336240e+06   5.0903320e+01
   4.7408930e+06   5.5480957e+01
   4.7442140e+06   5.4748535e+01
   4.7476560e+06   4.8400879e+01
   4.7900980e+06   4.8706055e+01
   4.8150170e+06   5.3527832e+01
   4.8152580e+06   4.8339844e+01
   4.8332080e+06   4.6813965e+01
   4.8681440e+06   5.3588867e+01
   4.9012010e+06   5.1391602e+01
   4.9405540e+06   4.6752930e+01
   4.9416630e+06   4.7302246e+01
   4.9783710e+06   6.1035156e+01
   4.9829800e+06   4.7363281e+01
   5.0281850e+06   4.6752930e+01
   5.0544630e+06   4.8583984e+01
   5.0730830e+06   4.8522949e+01
   5.0917660e+06   4.6691895e+01
   5.1084970e+06   4.6569824e+01
   5.1464840e+06   5.1391602e+01
   5.1632270e+06   4.8522949e+01
   5.1998980e+06   5.2795410e+01
   5.2280020e+06   5.3222656e+01
   5.2487030e+06   4.8339844e+01
   5.2522200e+06   4.8889160e+01
   5.3044790e+06   4.7607422e+01
   5.3050800e+06   4.7180176e+01
   5.3257480e+06   5.8654785e+01
   5.3257680e+06   5.0476074e+01
   5.3259990e+06   4.6630859e+01
   5.3428430e+06   4.9316406e+01
   5.3470510e+06   4.7485352e+01
   5.3993990e+06   5.7373047e+01
   5.4224570e+06   4.8828125e+01
   5.5003010e+06   5.1208496e+01
   5.5346140e+06   5.3588867e+01
   5.5365940e+06   4.7119141e+01
   5.6046340e+06   4.6813965e+01
   5.6051930e+06   5.1391602e+01
   5.6602410e+06   4.8583984e+01
   5.6957990e+06   5.3588867e+01
   5.7220140e+06   4.8522949e+01
   5.7524520e+06   4.7424316e+01
   5.7544390e+06   4.6447754e+01
   5.8156450e+06   4.8034668e+01
   5.8394090e+06   5.3100586e+01
   5.8986240e+06   4.6752930e+01
   5.9156520e+06   6.0852051e+01
   5.9160450e+06   4.9133301e+01
   5.9868180e+06   4.8828125e+01
   6.0012170e+06   5.2246094e+01
   6.0843350e+06   5.0476074e+01
   6.0922200e+06   4.8950195e+01
   6.1489940e+06   5.3283691e+01
   6.1658600e+06   4.9072266e+01
   6.1883650e+06   4.8645020e+01
   6.2285890e+06   4.7485352e+01
   6.2384280e+06   4.8461914e+01
   6.2419600e+06   4.9865723e+01
   6.2688910e+06   4.7485352e+01
   6.2909480e+06   5.0048828e+01
   6.2997810e+06   4.7729492e+01
   6.3223590e+06   5.2917480e+01
   6.3226180e+06   4.9438477e+01
   6.3228390e+06   6.3781738e+01
   6.3437210e+06   5.1391602e+01
   6.3731260e+06   4.7241211e+01
   6.3902240e+06   5.6030273e+01
   6.4011290e+06   5.4992676e+01
   6.4495480e+06   5.4077148e+01
   6.4729980e+06   5.8959961e+01
   6.4937600e+06   5.1269531e+01
   6.5006680e+06   4.9377441e+01
   6.5085790e+06   4.8522949e+01
   6.5244170e+06   5.1940918e+01
   6.5413130e+06   4.6630859e+01
   6.5445590e+06   5.5419922e+01
   6.5792960e+06   5.2612305e+01
   6.6050760e+06   5.3894043e+01
   6.6053420e+06   4.7851562e+01
   6.6228860e+06   4.8400879e+01
   6.6344060e+06   5.8227539e+01
   6.6347150e+06   5.6213379e+01
   6.6355400e+06   4.7851562e+01
   6.6426030e+06   9.2041016e+01
   6.6444150e+06   4.8095703e+01
   6.6615020e+06   4.7607422e+01
   6.7234360e+06   4.6691895e+01
   6.7263420e+06   4.7912598e+01
   6.7356020e+06   6.2561035e+01
   6.7990630e+06   1.0406494e+02
   6.7996090e+06   8.1054688e+01
   6.8031870e+06   5.6274414e+01
   6.8388710e+06   5.2490234e+01
   6.8668590e+06   5.9204102e+01
   6.8671370e+06   4.6630859e+01
   6.9222660e+06   4.7607422e+01
   6.9388800e+06   4.8156738e+01
   6.9723450e+06   5.1147461e+01
   6.9880030e+06   4.7424316e+01
   7.0155400e+06   4.8522949e+01
   7.0158220e+06   5.0537109e+01
   7.0589960e+06   5.2246094e+01
   7.0590830e+06   4.7546387e+01
   7.0764370e+06   5.7006836e+01
   7.0985140e+06   4.9438477e+01
   7.1197970e+06   7.1960449e+01
   7.1333400e+06   4.7607422e+01
   7.1395750e+06   4.6508789e+01
   7.1438250e+06   4.6569824e+01
   7.1488110e+06   5.2734375e+01
   7.1493200e+06   4.8645020e+01
   7.1609570e+06   6.0668945e+01
   7.1613200e+06   5.4382324e+01
   7.1751420e+06   4.6508789e+01
   7.1797020e+06   5.4809570e+01
   7.1870640e+06   5.5541992e+01
   7.2122620e+06   4.9011230e+01
   7.2244960e+06   4.9682617e+01
   7.2542840e+06   5.3039551e+01
   7.2546240e+06   5.2368164e+01
   7.2991940e+06   5.1025391e+01
   7.3002350e+06   5.4870605e+01
   7.3224320e+06   5.0109863e+01
   7.3855500e+06   5.9082031e+01
   7.3902320e+06   6.0913086e+01
   7.3906130e+06   6.1157227e+01
   7.3909670e+06   4.8156738e+01
   7.3980570e+06   5.1879883e+01
   7.4075060e+06   5.6945801e+01
   7.4078380e+06   4.9316406e+01
   7.4080780e+06   5.1635742e+01
   7.4085440e+06   7.7026367e+01
   7.4300770e+06   4.7180176e+01
   7.4486560e+06   5.7922363e+01
   7.5025980e+06   5.8288574e+01
   7.5420260e+06   6.4453125e+01
   7.5425170e+06   5.7556152e+01
   7.5429130e+06   5.7922363e+01
   7.5438220e+06   4.8645020e+01
   7.5584480e+06   5.1696777e+01
   7.5674140e+06   4.8767090e+01
   7.5904220e+06   5.2429199e+01
   7.6170300e+06   5.7678223e+01
   7.6172870e+06   5.4443359e+01
   7.6613060e+06   5.2795410e+01
   7.6829020e+06   4.7790527e+01
   7.7012180e+06   6.2194824e+01
   7.7688550e+06   4.7363281e+01
   7.7920360e+06   5.0964355e+01
   7.7921620e+06   4.7363281e+01
   7.7956010e+06   5.1391602e+01
   7.7963590e+06   5.0537109e+01
   7.7968170e+06   4.7912598e+01
   7.7974100e+06   5.4199219e+01
   7.8350380e+06   4.6508789e+01
   7.8613190e+06   5.2856445e+01
   7.8652440e+06   4.6630859e+01
   7.8726820e+06   6.0119629e+01
   7.9116490e+06   5.3344727e+01
   7.9291510e+06   5.1940918e+01
   7.9557940e+06   4.7668457e+01
   7.9611540e+06   5.0354004e+01
   7.9665660e+06   6.0607910e+01
   7.9775660e+06   7.9040527e+01
   7.9887540e+06   4.9438477e+01
   7.9914100e+06   5.1940918e+01
   7.9968750e+06   4.8889160e+01
   8.0009850e+06   4.6447754e+01
   8.0014210e+06   4.8217773e+01
   8.0115490e+06   4.8583984e+01
   8.0247920e+06   4.7180176e+01
   8.0456010e+06   4.8278809e+01
   8.0767440e+06   4.8706055e+01
   8.0770760e+06   4.9621582e+01
   8.0944020e+06   4.6997070e+01
   8.1342880e+06   4.7973633e+01
   8.1344910e+06   4.8095703e+01
   8.1345700e+06   5.3039551e+01
   8.1396810e+06   4.9011230e+01
   8.1499980e+06   8.2214355e+01
   8.1503960e+06   6.7016602e+01
   8.1512060e+06   6.1340332e+01
   8.1512790e+06   5.8959961e+01
   8.1654670e+06   4.6691895e+01
   8.1802680e+06   5.3771973e+01
   8.2039750e+06   4.6752930e+01
   8.2153120e+06   5.2062988e+01
   8.2253580e+06   5.3344727e+01
   8.2261930e+06   5.0415039e+01
   8.2650280e+06   4.7851562e+01
   8.2997240e+06   5.2612305e+01
   8.3010320e+06   5.2612305e+01
   8.3016340e+06   6.0852051e+01
   8.3023900e+06   5.2612305e+01
   8.3099940e+06   7.8002930e+01
   8.3103210e+06   7.8369141e+01
   8.3105550e+06   5.4321289e+01
   8.3124630e+06   4.9865723e+01
   8.3537920e+06   4.8400879e+01
   8.3704580e+06   4.9438477e+01
   8.4003390e+06   5.2246094e+01
   8.4135590e+06   4.8461914e+01
   8.4224930e+06   4.7790527e+01
   8.4343190e+06   5.0170898e+01
   8.4349910e+06   5.1757812e+01
   8.4446430e+06   5.2551270e+01
   8.4454770e+06   5.3466797e+01
   8.4798610e+06   4.9682617e+01
   8.4870620e+06   6.8603516e+01
   8.5033050e+06   6.0241699e+01
   8.5252510e+06   4.7851562e+01
   8.5381370e+06   4.8950195e+01
   8.5391770e+06   4.7851562e+01
   8.5453920e+06   5.2490234e+01
   8.5457890e+06   4.9621582e+01
   8.5904360e+06   5.5175781e+01
   8.5968900e+06   5.6274414e+01
   8.6165480e+06   5.0659180e+01
   8.6547550e+06   7.1960449e+01
   8.6550150e+06   5.2551270e+01
   8.6564740e+06   4.7363281e+01
   8.6619520e+06   6.1035156e+01
   8.6894270e+06   5.7556152e+01
   8.7195900e+06   5.1086426e+01
   8.7224490e+06   4.9804688e+01
   8.7327700e+06   5.1879883e+01
   8.7329650e+06   4.9377441e+01
   8.7428740e+06   5.0231934e+01
   8.7742630e+06   5.2429199e+01
   8.8047890e+06   4.7912598e+01
   8.8211710e+06   5.0964355e+01
   8.8596390e+06   5.4870605e+01
   8.8608390e+06   4.7729492e+01
   8.8638160e+06   4.9255371e+01
   8.8955370e+06   4.6752930e+01
   8.9497290e+06   5.0170898e+01
   8.9656240e+06   4.8095703e+01
   8.9659030e+06   4.9804688e+01
   8.9706460e+06   4.7363281e+01
   8.9728770e+06   4.7973633e+01
   8.9749850e+06   5.1330566e+01
