   8.9990000e+06   0.0000000e+00
   2.0913900e+05   6.4270020e+01
   6.1019900e+05   6.4086914e+01
   8.0518300e+05   6.5612793e+01
   1.0302560e+06   6.6101074e+01
   1.1646790e+06   6.5368652e+01
   1.6230310e+06   6.7626953e+01
   1.7678240e+06   6.4575195e+01
   1.8230940e+06   6.3110352e+01
   1.9514010e+06   6.3232422e+01
   2.2767420e+06   6.8725586e+01
   2.3732820e+06   6.3598633e+01
   2.3934290e+06   6.4575195e+01
   2.5587750e+06   6.5002441e+01
   2.6894910e+06   6.3659668e+01
   2.8901330e+06   6.5368652e+01
   3.3672490e+06   6.4697266e+01
   3.5139850e+06   6.6223145e+01
   3.7331190e+06   6.8786621e+01
   3.7430500e+06   6.3659668e+01
   3.8687270e+06   6.3293457e+01
   3.8719250e+06   6.6101074e+01
   3.9316200e+06   6.4392090e+01
   3.9412410e+06   7.1166992e+01
   4.0656010e+06   6.4758301e+01
   4.2042310e+06   6.4880371e+01
   4.4646040e+06   6.3842773e+01
   4.5723680e+06   6.3659668e+01
   4.6709010e+06   6.5490723e+01
   4.7303200e+06   6.3232422e+01
   4.9752280e+06   6.4819336e+01
   5.1648280e+06   6.7138672e+01
   5.1818170e+06   6.3049316e+01
   5.3543120e+06   6.3415527e+01
   5.5152490e+06   6.3110352e+01
   5.6260790e+06   6.2988281e+01
   5.6407680e+06   6.3537598e+01
   5.8145920e+06   6.5795898e+01
   5.9314090e+06   6.5063477e+01
   5.9615050e+06   6.3964844e+01
   6.2347920e+06   6.9702148e+01
   6.7064650e+06   6.8237305e+01
   6.7410430e+06   6.5368652e+01
   6.9131960e+06   6.3537598e+01
   6.9433510e+06   6.4575195e+01
   7.0212840e+06   6.3110352e+01
   7.0647550e+06   6.3293457e+01
   7.2607510e+06   6.2988281e+01
   7.2724730e+06   6.5307617e+01
   7.3627920e+06   6.3049316e+01
   7.4632980e+06   6.3659668e+01
   7.5152920e+06   6.3354492e+01
   7.5488950e+06   6.7382812e+01
   7.5755580e+06   6.3964844e+01
   7.9454600e+06   6.3110352e+01
   8.1359800e+06   6.3415527e+01
   8.4143800e+06   6.4086914e+01
   8.4569520e+06   6.4331055e+01
   8.5033850e+06   7.0800781e+01
   8.5907180e+06   6.3903809e+01
   8.7957050e+06   6.3232422e+01
   8.9001240e+06   6.4697266e+01
