   8.9990000e+06   0.0000000e+00
   1.2617200e+05   4.5288086e+01
   1.2830800e+05   4.1931152e+01
   1.2839600e+05   5.1513672e+01
   1.6761700e+05   4.1320801e+01
   3.0809400e+05   4.0832520e+01
   3.7133900e+05   4.2846680e+01
   4.3910700e+05   4.3457031e+01
   4.3959300e+05   4.3212891e+01
   4.3973600e+05   4.4616699e+01
   4.4004900e+05   4.9560547e+01
   4.4016100e+05   4.1748047e+01
   4.7295700e+05   4.2907715e+01
   6.6796200e+05   4.4311523e+01
   6.7646600e+05   4.1931152e+01
   7.4185000e+05   4.3762207e+01
   7.8269400e+05   4.5166016e+01
   8.6330500e+05   4.4494629e+01
   1.0337870e+06   4.2358398e+01
   1.0636710e+06   4.1137695e+01
   1.1180780e+06   4.2663574e+01
   1.1214500e+06   4.2480469e+01
   1.1226360e+06   4.2846680e+01
   1.1391110e+06   4.2297363e+01
   1.1432160e+06   4.1076660e+01
   1.2098330e+06   4.2907715e+01
   1.2375130e+06   4.1442871e+01
   1.2586520e+06   4.0893555e+01
   1.3314540e+06   4.3701172e+01
   1.3598200e+06   4.3029785e+01
   1.4846090e+06   4.6142578e+01
   1.4892340e+06   5.4321289e+01
   1.5765410e+06   5.0292969e+01
   1.6440580e+06   4.3579102e+01
   1.7927130e+06   4.7180176e+01
   1.7930900e+06   4.8889160e+01
   1.7933540e+06   4.3518066e+01
   1.7933910e+06   4.1076660e+01
   1.7936340e+06   4.6264648e+01
   1.8373090e+06   4.9682617e+01
   1.8938790e+06   4.9011230e+01
   2.0665110e+06   4.2480469e+01
   2.1064430e+06   4.2114258e+01
   2.1068490e+06   4.1503906e+01
   2.1080680e+06   4.6142578e+01
   2.1630210e+06   4.1809082e+01
   2.1649060e+06   5.1818848e+01
   2.1915350e+06   4.5227051e+01
   2.1918950e+06   4.8278809e+01
   2.2325190e+06   4.0771484e+01
   2.3311290e+06   4.4616699e+01
   2.3757700e+06   4.1503906e+01
   2.4952810e+06   4.4799805e+01
   2.5038890e+06   4.1137695e+01
   2.5153040e+06   4.1564941e+01
   2.5410230e+06   4.2053223e+01
   2.5913200e+06   4.1503906e+01
   2.6844330e+06   4.1503906e+01
   2.7501200e+06   4.4616699e+01
   2.7590370e+06   4.3334961e+01
   2.8102120e+06   4.3029785e+01
   2.8136710e+06   4.3212891e+01
   2.8641100e+06   4.0954590e+01
   2.9078600e+06   4.3273926e+01
   2.9465860e+06   4.0893555e+01
   3.0330280e+06   4.2297363e+01
   3.0729550e+06   4.1870117e+01
   3.1314400e+06   4.4616699e+01
   3.1347690e+06   4.6264648e+01
   3.1475870e+06   4.3273926e+01
   3.1492310e+06   4.4372559e+01
   3.3201580e+06   4.2236328e+01
   3.3207340e+06   5.1208496e+01
   3.3766060e+06   4.2785645e+01
   3.4310600e+06   4.3090820e+01
   3.4553820e+06   4.8645020e+01
   3.5113240e+06   5.2001953e+01
   3.5909420e+06   5.4321289e+01
   3.6500020e+06   5.8410645e+01
   3.6503620e+06   4.7546387e+01
   3.7950770e+06   5.2734375e+01
   3.7954370e+06   4.7546387e+01
   3.8421770e+06   4.1687012e+01
   3.8603730e+06   4.2419434e+01
   3.8705080e+06   4.2175293e+01
   3.9050350e+06   4.1381836e+01
   3.9501120e+06   4.5715332e+01
   3.9509580e+06   4.0954590e+01
   3.9788760e+06   4.1259766e+01
   3.9988380e+06   4.0771484e+01
   4.0134700e+06   4.2724609e+01
   4.0231790e+06   4.7058105e+01
   4.0312740e+06   4.3457031e+01
   4.0320310e+06   4.6997070e+01
   4.1706210e+06   4.2114258e+01
   4.2153580e+06   4.5715332e+01
   4.2415320e+06   4.6142578e+01
   4.2749210e+06   4.3212891e+01
   4.3486460e+06   4.4555664e+01
   4.3492540e+06   4.3701172e+01
   4.3515430e+06   4.5837402e+01
   4.4173180e+06   4.0954590e+01
   4.5170710e+06   4.0710449e+01
   4.5437960e+06   4.3579102e+01
   4.5528700e+06   4.2724609e+01
   4.6221990e+06   4.2907715e+01
   4.6700590e+06   4.0771484e+01
   4.6855590e+06   4.5288086e+01
   4.7068150e+06   4.0710449e+01
   4.7612020e+06   4.1503906e+01
   4.7797600e+06   4.5959473e+01
   4.7816450e+06   4.3090820e+01
   4.8258650e+06   4.3579102e+01
   4.8832330e+06   4.4555664e+01
   4.9922830e+06   4.3212891e+01
   5.0845900e+06   4.1687012e+01
   5.1030800e+06   4.1564941e+01
   5.1277500e+06   4.1809082e+01
   5.1541440e+06   4.4372559e+01
   5.1952640e+06   4.8400879e+01
   5.1956240e+06   4.1320801e+01
   5.2123650e+06   4.2419434e+01
   5.2232600e+06   4.0893555e+01
   5.3281900e+06   4.2419434e+01
   5.4389510e+06   4.2297363e+01
   5.4977690e+06   4.2419434e+01
   5.5923000e+06   4.3762207e+01
   5.7140910e+06   4.1076660e+01
   5.7939260e+06   4.1931152e+01
   5.8045040e+06   4.1687012e+01
   5.8226600e+06   4.1198730e+01
   5.9029280e+06   4.2663574e+01
   5.9267140e+06   4.1564941e+01
   5.9271950e+06   4.4616699e+01
   6.1262390e+06   4.3945312e+01
   6.1886830e+06   4.7607422e+01
   6.2053790e+06   4.5104980e+01
   6.2403820e+06   4.6020508e+01
   6.2806150e+06   4.1687012e+01
   6.3756320e+06   4.1809082e+01
   6.3912070e+06   5.8105469e+01
   6.3920360e+06   4.8278809e+01
   6.3923240e+06   4.1198730e+01
   6.4180790e+06   4.2358398e+01
   6.6237180e+06   4.2358398e+01
   6.6242110e+06   4.6447754e+01
   6.7237200e+06   4.0954590e+01
   6.8282560e+06   4.1442871e+01
   6.8402260e+06   4.1625977e+01
   6.9191220e+06   4.1625977e+01
   7.1354910e+06   4.5043945e+01
   7.1826640e+06   4.3334961e+01
   7.2519980e+06   4.5837402e+01
   7.3182990e+06   4.2114258e+01
   7.3821800e+06   4.0710449e+01
   7.4000530e+06   4.8461914e+01
   7.4001120e+06   5.9692383e+01
   7.4004830e+06   5.4443359e+01
   7.5212710e+06   4.6325684e+01
   7.5550230e+06   4.2297363e+01
   7.6012360e+06   4.1992188e+01
   7.7249670e+06   4.1076660e+01
   7.7450450e+06   4.1809082e+01
   7.7929580e+06   4.4921875e+01
   7.8139100e+06   4.4738770e+01
   7.8326250e+06   4.1320801e+01
   7.8347500e+06   4.1259766e+01
   7.8521130e+06   4.5532227e+01
   7.8903690e+06   4.1076660e+01
   7.9552980e+06   4.2785645e+01
   7.9568220e+06   4.3762207e+01
   7.9990330e+06   4.0893555e+01
   8.0099070e+06   4.2541504e+01
   8.0371090e+06   4.5166016e+01
   8.0455730e+06   4.0710449e+01
   8.1646610e+06   4.2602539e+01
   8.2485200e+06   4.4860840e+01
   8.2921110e+06   4.5654297e+01
   8.3409790e+06   4.2114258e+01
   8.3541100e+06   4.2358398e+01
   8.3706580e+06   4.1320801e+01
   8.3731950e+06   5.0842285e+01
   8.5064400e+06   4.1931152e+01
   8.5157790e+06   4.2907715e+01
   8.6383360e+06   4.4616699e+01
   8.6478940e+06   4.1015625e+01
   8.6904390e+06   4.2785645e+01
   8.7226900e+06   4.0771484e+01
   8.7236240e+06   4.0954590e+01
   8.7240080e+06   4.1564941e+01
   8.7242770e+06   5.5847168e+01
   8.7246160e+06   4.6630859e+01
   8.8208740e+06   4.1748047e+01
   8.9472110e+06   4.1015625e+01
   8.9647560e+06   4.5349121e+01
   8.9910460e+06   4.9316406e+01
   8.9922950e+06   4.3457031e+01
   8.9926740e+06   4.8095703e+01
   8.9928410e+06   4.7241211e+01
