   8.9990000e+06   0.0000000e+00
   2.2419000e+04   6.3720703e+01
   2.2653000e+04   5.2612305e+01
   6.7754000e+04   4.9560547e+01
   8.2425000e+04   8.2153320e+01
   8.2638000e+04   5.7678223e+01
   8.2847000e+04   4.3823242e+01
   1.2535200e+05   5.0903320e+01
   1.4289100e+05   6.5551758e+01
   1.4334500e+05   5.4748535e+01
   2.6655900e+05   7.6599121e+01
   3.0058500e+05   6.7626953e+01
   3.0080400e+05   5.1025391e+01
   3.0096300e+05   4.4372559e+01
   3.0136100e+05   4.2297363e+01
   4.2384700e+05   5.3588867e+01
   4.2407000e+05   4.9804688e+01
   4.3727500e+05   5.4748535e+01
   5.8091800e+05   6.4636230e+01
   5.8117800e+05   5.6274414e+01
   5.8226400e+05   4.2541504e+01
   5.9300500e+05   6.6040039e+01
   5.9321800e+05   5.3161621e+01
   5.9340600e+05   5.1818848e+01
   5.9357100e+05   4.7546387e+01
   6.8559400e+05   4.3945312e+01
   6.9670600e+05   4.7058105e+01
   6.9703200e+05   4.6508789e+01
   6.9765700e+05   7.4340820e+01
   6.9807400e+05   6.8176270e+01
   7.0644500e+05   7.0312500e+01
   7.0667100e+05   5.4626465e+01
   7.0711100e+05   4.7485352e+01
   7.4090500e+05   4.7912598e+01
   7.5291500e+05   6.3964844e+01
   7.5320400e+05   5.8288574e+01
   7.5338100e+05   4.1748047e+01
   7.5361200e+05   5.2429199e+01
   7.8061400e+05   4.3579102e+01
   7.8119900e+05   5.2185059e+01
   7.8567000e+05   7.6293945e+01
   7.8601200e+05   6.7749023e+01
   7.8620500e+05   4.8950195e+01
   7.9322400e+05   6.3842773e+01
   9.0420700e+05   6.0668945e+01
   9.0731100e+05   5.9875488e+01
   9.6673000e+05   6.4880371e+01
   9.7235000e+05   6.8786621e+01
   9.7262100e+05   5.9020996e+01
   1.0077920e+06   6.6589355e+01
   1.0172160e+06   4.8583984e+01
   1.0179280e+06   6.9946289e+01
   1.0181480e+06   6.5368652e+01
   1.0183120e+06   4.5471191e+01
   1.0566420e+06   5.9387207e+01
   1.0570950e+06   4.1625977e+01
   1.0882460e+06   5.8959961e+01
   1.1174200e+06   6.2683105e+01
   1.1187860e+06   4.3762207e+01
   1.1293460e+06   4.1748047e+01
   1.1295950e+06   4.3945312e+01
   1.1539090e+06   6.2072754e+01
   1.1542830e+06   5.9692383e+01
   1.1904260e+06   6.0363770e+01
   1.2462120e+06   5.9692383e+01
   1.2537730e+06   4.3457031e+01
   1.2987450e+06   4.9316406e+01
   1.3095500e+06   4.9682617e+01
   1.3214790e+06   6.7443848e+01
   1.3217020e+06   6.1401367e+01
   1.3218310e+06   4.2480469e+01
   1.3395390e+06   5.3466797e+01
   1.3398370e+06   5.0415039e+01
   1.3493500e+06   4.6264648e+01
   1.3521770e+06   6.5979004e+01
   1.3580550e+06   4.6997070e+01
   1.3585510e+06   4.2114258e+01
   1.3850090e+06   6.7443848e+01
   1.3852900e+06   7.1594238e+01
   1.3855160e+06   4.1870117e+01
   1.3865860e+06   5.2185059e+01
   1.3867990e+06   5.0231934e+01
   1.3874150e+06   4.8950195e+01
   1.4442640e+06   4.3395996e+01
   1.4687180e+06   6.3049316e+01
   1.4689820e+06   5.3405762e+01
   1.4707690e+06   5.7983398e+01
   1.4709030e+06   4.1931152e+01
   1.4725120e+06   4.9804688e+01
   1.4731710e+06   4.9926758e+01
   1.4950450e+06   4.5410156e+01
   1.4953520e+06   4.4189453e+01
   1.5105570e+06   4.6875000e+01
   1.5268310e+06   5.1208496e+01
   1.5270980e+06   4.3579102e+01
   1.5320180e+06   4.9316406e+01
   1.5325770e+06   5.1391602e+01
   1.5335010e+06   7.1166992e+01
   1.5339870e+06   5.9204102e+01
   1.5496850e+06   6.0485840e+01
   1.5522140e+06   6.8054199e+01
   1.5524160e+06   6.7871094e+01
   1.5783970e+06   5.2795410e+01
   1.5786200e+06   5.2734375e+01
   1.5930550e+06   5.8410645e+01
   1.5932500e+06   5.0231934e+01
   1.5935680e+06   4.4799805e+01
   1.5941560e+06   4.8522949e+01
   1.5948750e+06   4.6264648e+01
   1.6177550e+06   5.1330566e+01
   1.6513620e+06   5.0842285e+01
   1.6516440e+06   4.2785645e+01
   1.6517830e+06   5.6762695e+01
   1.6520000e+06   5.7006836e+01
   1.6524410e+06   4.4128418e+01
   1.6607310e+06   4.9377441e+01
   1.6808800e+06   5.0048828e+01
   1.6822450e+06   5.3161621e+01
   1.6883990e+06   5.0598145e+01
   1.7001540e+06   5.8654785e+01
   1.7004100e+06   5.4565430e+01
   1.7005750e+06   4.7485352e+01
   1.7081850e+06   4.8156738e+01
   1.7085990e+06   4.4189453e+01
   1.7195340e+06   4.9499512e+01
   1.7198990e+06   5.2246094e+01
   1.7606200e+06   5.5358887e+01
   1.7608460e+06   5.8288574e+01
   1.7803740e+06   6.0241699e+01
   1.7805850e+06   5.3039551e+01
   1.7807460e+06   4.4494629e+01
   1.7844820e+06   4.6997070e+01
   1.7909600e+06   5.2673340e+01
   1.7912430e+06   5.6945801e+01
   1.7920320e+06   4.1503906e+01
   1.8047060e+06   6.2255859e+01
   1.8545470e+06   5.9448242e+01
   1.8548090e+06   5.5786133e+01
   1.9355520e+06   4.7302246e+01
   1.9589790e+06   6.3720703e+01
   1.9591260e+06   4.8522949e+01
   1.9593730e+06   4.3579102e+01
   1.9607820e+06   4.6997070e+01
   1.9735840e+06   4.3029785e+01
   1.9739500e+06   4.2846680e+01
   1.9746560e+06   4.1748047e+01
   1.9756270e+06   5.2307129e+01
   1.9791130e+06   7.1350098e+01
   1.9999080e+06   5.2490234e+01
   2.0001490e+06   4.6264648e+01
   2.0004290e+06   4.8645020e+01
   2.0112130e+06   4.3640137e+01
   2.0112940e+06   6.6711426e+01
   2.0114680e+06   4.9133301e+01
   2.0115970e+06   4.2358398e+01
   2.0122320e+06   4.3579102e+01
   2.0139460e+06   4.4189453e+01
   2.0459420e+06   5.4809570e+01
   2.0544200e+06   4.9621582e+01
   2.0547430e+06   4.8278809e+01
   2.0864970e+06   4.9682617e+01
   2.0940460e+06   5.0292969e+01
   2.0943680e+06   5.5908203e+01
   2.0999150e+06   6.2316895e+01
   2.1157290e+06   4.5654297e+01
   2.1160350e+06   4.2541504e+01
   2.1177760e+06   4.3457031e+01
   2.1390180e+06   4.6508789e+01
   2.1480400e+06   5.2062988e+01
   2.1484210e+06   4.6752930e+01
   2.1502260e+06   6.0668945e+01
   2.1504360e+06   5.7434082e+01
   2.1507560e+06   4.1992188e+01
   2.1517320e+06   4.9499512e+01
   2.1528100e+06   4.3334961e+01
   2.1623660e+06   6.5856934e+01
   2.1624900e+06   4.3457031e+01
   2.1785860e+06   5.1513672e+01
   2.1787840e+06   4.4067383e+01
   2.1851110e+06   5.9875488e+01
   2.1853100e+06   6.2011719e+01
   2.1871700e+06   5.3527832e+01
   2.1959740e+06   4.3701172e+01
   2.2198640e+06   4.3395996e+01
   2.2202650e+06   4.2358398e+01
   2.2477160e+06   4.8583984e+01
   2.2479000e+06   4.4067383e+01
   2.2487900e+06   4.3212891e+01
   2.2502230e+06   6.3537598e+01
   2.2882460e+06   6.3232422e+01
   2.2882630e+06   4.9987793e+01
   2.2885150e+06   5.1574707e+01
   2.2885760e+06   5.5175781e+01
   2.2934080e+06   5.3344727e+01
   2.2936320e+06   5.5786133e+01
   2.2977690e+06   5.9082031e+01
   2.3151270e+06   4.8583984e+01
   2.3154950e+06   4.3090820e+01
   2.3159270e+06   4.2907715e+01
   2.3337390e+06   6.9152832e+01
   2.3400340e+06   4.4433594e+01
   2.3403560e+06   4.1381836e+01
   2.3406540e+06   4.1870117e+01
   2.3871870e+06   6.1157227e+01
   2.3874190e+06   5.0415039e+01
   2.3876030e+06   4.6813965e+01
   2.3877530e+06   4.3518066e+01
   2.3890210e+06   5.5236816e+01
   2.4050800e+06   5.3161621e+01
   2.4185920e+06   6.3537598e+01
   2.4473780e+06   6.6772461e+01
   2.4475710e+06   5.8227539e+01
   2.4480060e+06   4.2114258e+01
   2.4718290e+06   6.7626953e+01
   2.4722330e+06   4.5959473e+01
   2.4964350e+06   4.6997070e+01
   2.5177700e+06   5.1086426e+01
   2.5288780e+06   4.6569824e+01
   2.5294150e+06   4.3945312e+01
   2.5296550e+06   4.4555664e+01
   2.5300070e+06   6.2316895e+01
   2.5302380e+06   5.3161621e+01
   2.5432570e+06   4.5898438e+01
   2.5435790e+06   4.4189453e+01
   2.5446370e+06   6.9396973e+01
   2.5573080e+06   6.2744141e+01
   2.5735480e+06   6.5795898e+01
   2.5798330e+06   7.6721191e+01
   2.5800880e+06   5.9448242e+01
   2.5807930e+06   4.9499512e+01
   2.5981370e+06   4.7424316e+01
   2.5983210e+06   4.9682617e+01
   2.6354840e+06   6.5979004e+01
   2.6356600e+06   4.2907715e+01
   2.6390040e+06   4.6264648e+01
   2.6392450e+06   4.7180176e+01
   2.6394980e+06   4.2175293e+01
   2.6407400e+06   4.3701172e+01
   2.6552730e+06   6.4697266e+01
   2.6573130e+06   4.5104980e+01
   2.6599210e+06   5.9936523e+01
   2.6796900e+06   6.5673828e+01
   2.6799510e+06   4.7973633e+01
   2.6800840e+06   4.4128418e+01
   2.6802380e+06   4.3823242e+01
   2.6809630e+06   6.3171387e+01
   2.6814330e+06   5.0964355e+01
   2.6821070e+06   5.1086426e+01
   2.6837510e+06   6.6162109e+01
   2.6867280e+06   4.3212891e+01
   2.7086360e+06   4.7912598e+01
   2.7090740e+06   4.1809082e+01
   2.7103560e+06   6.9152832e+01
   2.7105610e+06   5.1391602e+01
   2.7114060e+06   4.3090820e+01
   2.7124520e+06   7.5317383e+01
   2.7126750e+06   4.3701172e+01
   2.7460120e+06   4.3273926e+01
   2.7462370e+06   4.5410156e+01
   2.7464510e+06   4.3579102e+01
   2.7479470e+06   4.1687012e+01
   2.7640710e+06   4.9011230e+01
   2.8008800e+06   5.8105469e+01
   2.8010960e+06   6.0119629e+01
   2.8168570e+06   4.8583984e+01
   2.8174230e+06   4.3518066e+01
   2.8181120e+06   5.0659180e+01
   2.8183750e+06   4.3701172e+01
   2.8295460e+06   5.4260254e+01
   2.8299160e+06   4.7058105e+01
   2.8430910e+06   5.5297852e+01
   2.8467010e+06   4.1870117e+01
   2.8469360e+06   4.6875000e+01
   2.8474100e+06   4.9377441e+01
   2.8476890e+06   4.1870117e+01
   2.8626530e+06   5.0842285e+01
   2.8674950e+06   5.1025391e+01
   2.8679660e+06   4.3090820e+01
   2.8708960e+06   5.4260254e+01
   2.8710530e+06   4.9316406e+01
   2.8731580e+06   5.8349609e+01
   2.8734280e+06   4.4616699e+01
   2.8738480e+06   4.4494629e+01
   2.8895750e+06   4.3457031e+01
   2.8901600e+06   4.3762207e+01
   2.8997440e+06   4.3334961e+01
   2.9025700e+06   4.2663574e+01
   2.9283190e+06   4.4189453e+01
   2.9287260e+06   4.9438477e+01
   2.9289620e+06   4.2053223e+01
   2.9300310e+06   6.1096191e+01
   2.9302790e+06   6.7749023e+01
   2.9303930e+06   4.4067383e+01
   2.9308540e+06   4.6142578e+01
   2.9322130e+06   5.3833008e+01
   2.9328260e+06   4.3212891e+01
   2.9528210e+06   5.3710938e+01
   2.9530690e+06   4.2175293e+01
   2.9532960e+06   4.2968750e+01
   2.9535870e+06   4.6752930e+01
   2.9539220e+06   4.2480469e+01
   2.9547510e+06   4.2114258e+01
   2.9794740e+06   5.4748535e+01
   2.9797780e+06   4.7485352e+01
   2.9800160e+06   4.7790527e+01
   2.9803890e+06   4.4128418e+01
   2.9815790e+06   6.8359375e+01
   2.9942660e+06   4.1503906e+01
   3.0029040e+06   5.5603027e+01
   3.0049410e+06   4.8950195e+01
   3.0060230e+06   6.0913086e+01
   3.0065520e+06   4.2846680e+01
   3.0180480e+06   4.5410156e+01
   3.0184230e+06   4.3518066e+01
   3.0186640e+06   4.2785645e+01
   3.0253870e+06   4.8339844e+01
   3.0291900e+06   7.2326660e+01
   3.0295660e+06   4.7119141e+01
   3.0297460e+06   4.3640137e+01
   3.0513820e+06   6.0119629e+01
   3.0517770e+06   5.2368164e+01
   3.0525110e+06   5.1208496e+01
   3.0628160e+06   6.2011719e+01
   3.0629690e+06   4.7424316e+01
   3.0640030e+06   6.1401367e+01
   3.0662190e+06   4.8767090e+01
   3.0666750e+06   4.3640137e+01
   3.0672450e+06   4.3823242e+01
   3.0675150e+06   4.4067383e+01
   3.0681260e+06   4.9377441e+01
   3.0786190e+06   5.2307129e+01
   3.0809670e+06   6.2927246e+01
   3.0914270e+06   4.4860840e+01
   3.0949590e+06   4.3334961e+01
   3.1178340e+06   5.7128906e+01
   3.1189810e+06   4.2785645e+01
   3.1191970e+06   5.1513672e+01
   3.1302480e+06   6.3110352e+01
   3.1402290e+06   5.9204102e+01
   3.1405910e+06   4.7973633e+01
   3.1482200e+06   4.2785645e+01
   3.1492830e+06   4.3151855e+01
   3.1508130e+06   6.1462402e+01
   3.1539920e+06   5.1086426e+01
   3.1690910e+06   5.3833008e+01
   3.1848440e+06   4.9316406e+01
   3.1853240e+06   4.1625977e+01
   3.1950000e+06   6.0668945e+01
   3.2037390e+06   5.2612305e+01
   3.2085840e+06   5.3100586e+01
   3.2088850e+06   5.6518555e+01
   3.2099710e+06   5.6518555e+01
   3.2303030e+06   5.8166504e+01
   3.2307070e+06   5.4870605e+01
   3.2345930e+06   4.6936035e+01
   3.2617060e+06   6.2194824e+01
   3.2618630e+06   5.7800293e+01
   3.2621580e+06   5.9631348e+01
   3.2623270e+06   4.1442871e+01
   3.2626710e+06   6.0119629e+01
   3.2627110e+06   5.2429199e+01
   3.2629460e+06   5.0292969e+01
   3.2638190e+06   4.7302246e+01
   3.2645380e+06   4.5898438e+01
   3.2649210e+06   4.2053223e+01
   3.2652750e+06   4.5349121e+01
   3.2753280e+06   5.5786133e+01
   3.2756240e+06   4.5227051e+01
   3.3007510e+06   5.7556152e+01
   3.3013330e+06   4.1870117e+01
   3.3019130e+06   4.4250488e+01
   3.3020470e+06   5.2978516e+01
   3.3021550e+06   4.3090820e+01
   3.3029040e+06   4.4372559e+01
   3.3053510e+06   5.7250977e+01
   3.3055390e+06   4.4067383e+01
   3.3279760e+06   6.3964844e+01
   3.3281920e+06   6.5795898e+01
   3.3283490e+06   6.2133789e+01
   3.3320070e+06   4.6691895e+01
   3.3321910e+06   4.9743652e+01
   3.3323860e+06   4.5104980e+01
   3.3434300e+06   7.2204590e+01
   3.3436380e+06   4.8767090e+01
   3.3613010e+06   5.1696777e+01
   3.3635270e+06   7.2143555e+01
   3.3755980e+06   5.5419922e+01
   3.3757680e+06   5.4626465e+01
   3.3760450e+06   4.8889160e+01
   3.3770420e+06   5.0354004e+01
   3.3842150e+06   5.5053711e+01
   3.3844790e+06   5.4504395e+01
   3.4077950e+06   4.4006348e+01
   3.4080510e+06   4.7180176e+01
   3.4127890e+06   5.9997559e+01
   3.4129230e+06   8.3190918e+01
   3.4225510e+06   6.0058594e+01
   3.4230540e+06   5.2856445e+01
   3.4283120e+06   5.5358887e+01
   3.4285240e+06   4.6020508e+01
   3.4295700e+06   4.1809082e+01
   3.4297760e+06   4.6936035e+01
   3.4376980e+06   6.2500000e+01
   3.4484800e+06   6.6406250e+01
   3.4499570e+06   6.3415527e+01
   3.4512780e+06   4.6936035e+01
   3.4537350e+06   6.6223145e+01
   3.4663980e+06   4.7546387e+01
   3.4732150e+06   5.2612305e+01
   3.4735900e+06   4.1381836e+01
   3.4753370e+06   7.6354980e+01
   3.4755090e+06   4.3579102e+01
   3.4763440e+06   4.3762207e+01
   3.4771410e+06   5.5297852e+01
   3.4807630e+06   6.5124512e+01
   3.4892620e+06   5.1330566e+01
   3.4986170e+06   6.2622070e+01
   3.5003830e+06   6.5551758e+01
   3.5021750e+06   4.6447754e+01
   3.5024050e+06   4.2846680e+01
   3.5027660e+06   5.6457520e+01
   3.5167600e+06   5.0415039e+01
   3.5238720e+06   5.8166504e+01
   3.5323320e+06   6.9641113e+01
   3.5324750e+06   4.1809082e+01
   3.5339280e+06   4.2663574e+01
   3.5344450e+06   4.5471191e+01
   3.5347760e+06   5.2062988e+01
   3.5390400e+06   6.7993164e+01
   3.5394220e+06   4.7790527e+01
   3.5509470e+06   5.0109863e+01
   3.5620500e+06   6.3110352e+01
   3.5653250e+06   5.2856445e+01
   3.5686980e+06   4.7851562e+01
   3.5738570e+06   4.8461914e+01
   3.5746000e+06   4.2846680e+01
   3.5761510e+06   5.9631348e+01
   3.5762900e+06   5.1696777e+01
   3.5784350e+06   4.1870117e+01
   3.5797530e+06   6.4086914e+01
   3.5805880e+06   6.1828613e+01
   3.5972830e+06   5.6945801e+01
   3.6002170e+06   5.8959961e+01
   3.6077030e+06   5.3283691e+01
   3.6087000e+06   4.1748047e+01
   3.6107900e+06   6.8847656e+01
   3.6150680e+06   4.5104980e+01
   3.6153000e+06   4.1381836e+01
   3.6159560e+06   4.3090820e+01
   3.6165170e+06   6.4270020e+01
   3.6165510e+06   4.1503906e+01
   3.6167230e+06   4.8461914e+01
   3.6189140e+06   4.6997070e+01
   3.6254460e+06   6.1035156e+01
   3.6343050e+06   6.3964844e+01
   3.6385280e+06   6.4514160e+01
   3.6388670e+06   5.0781250e+01
   3.6393500e+06   6.9824219e+01
   3.6411600e+06   4.5166016e+01
   3.6524380e+06   4.2297363e+01
   3.6680360e+06   4.9377441e+01
   3.6782100e+06   6.0913086e+01
   3.6794230e+06   7.9772949e+01
   3.6816340e+06   4.5837402e+01
   3.6818450e+06   4.3945312e+01
   3.6820770e+06   4.9255371e+01
   3.6823360e+06   6.6711426e+01
   3.6825820e+06   4.7851562e+01
   3.6840650e+06   5.0537109e+01
   3.6848270e+06   5.1513672e+01
   3.6851080e+06   4.1503906e+01
   3.6927590e+06   5.7495117e+01
   3.7083970e+06   5.4504395e+01
   3.7086900e+06   4.4433594e+01
   3.7093750e+06   6.7810059e+01
   3.7094610e+06   4.3090820e+01
   3.7105750e+06   4.2663574e+01
   3.7164580e+06   6.8054199e+01
   3.7165950e+06   4.4555664e+01
   3.7180030e+06   4.2480469e+01
   3.7297870e+06   6.1401367e+01
   3.7380350e+06   4.3090820e+01
   3.7382970e+06   4.2297363e+01
   3.7384510e+06   4.2358398e+01
   3.7390010e+06   4.6447754e+01
   3.7401450e+06   7.3547363e+01
   3.7403330e+06   5.1940918e+01
   3.7502460e+06   5.2185059e+01
   3.7504430e+06   4.4616699e+01
   3.7609200e+06   5.9265137e+01
   3.7611070e+06   4.4982910e+01
   3.7616150e+06   4.1442871e+01
   3.7622300e+06   6.2438965e+01
   3.7626230e+06   6.9824219e+01
   3.7630150e+06   5.4809570e+01
   3.7631300e+06   4.2785645e+01
   3.7719970e+06   5.8349609e+01
   3.7727510e+06   5.1574707e+01
   3.7846520e+06   6.6467285e+01
   3.7853500e+06   8.1481934e+01
   3.7954710e+06   7.3181152e+01
   3.7986910e+06   4.2114258e+01
   3.7988890e+06   4.7241211e+01
   3.8023550e+06   5.8288574e+01
   3.8051550e+06   4.4982910e+01
   3.8053330e+06   4.3945312e+01
   3.8054000e+06   5.4138184e+01
   3.8055520e+06   4.2480469e+01
   3.8062600e+06   5.2917480e+01
   3.8078420e+06   5.2124023e+01
   3.8092900e+06   5.7495117e+01
   3.8206570e+06   6.6528320e+01
   3.8213990e+06   5.9204102e+01
   3.8223840e+06   4.1748047e+01
   3.8246980e+06   5.1818848e+01
   3.8370620e+06   4.7729492e+01
   3.8373040e+06   5.1330566e+01
   3.8374720e+06   4.5166016e+01
   3.8376820e+06   4.3823242e+01
   3.8387030e+06   4.3029785e+01
   3.8418110e+06   6.5429688e+01
   3.8422890e+06   6.4270020e+01
   3.8430320e+06   5.9387207e+01
   3.8430450e+06   5.7739258e+01
   3.8436310e+06   4.8339844e+01
   3.8440950e+06   6.2683105e+01
   3.8444200e+06   5.0598145e+01
   3.8577400e+06   7.0495605e+01
   3.8639860e+06   5.7434082e+01
   3.8642290e+06   5.2307129e+01
   3.8643200e+06   5.0231934e+01
   3.8662080e+06   5.0415039e+01
   3.8699270e+06   4.5104980e+01
   3.8701010e+06   4.3823242e+01
   3.8703900e+06   4.5104980e+01
   3.8707570e+06   5.3894043e+01
   3.8714300e+06   4.3395996e+01
   3.8787610e+06   6.9763184e+01
   3.8788730e+06   4.3640137e+01
   3.8856360e+06   4.4616699e+01
   3.8897320e+06   5.8166504e+01
   3.8917930e+06   5.9875488e+01
   3.8919420e+06   5.4565430e+01
   3.8992270e+06   6.4941406e+01
   3.8994440e+06   5.1757812e+01
   3.9060420e+06   5.7556152e+01
   3.9062930e+06   4.2114258e+01
   3.9093840e+06   4.7302246e+01
   3.9094910e+06   8.1604004e+01
   3.9096320e+06   4.2358398e+01
   3.9229670e+06   5.1208496e+01
   3.9233000e+06   5.5297852e+01
   3.9259070e+06   6.9702148e+01
   3.9261020e+06   4.7485352e+01
   3.9263260e+06   5.0476074e+01
   3.9267730e+06   5.3527832e+01
   3.9280710e+06   4.4311523e+01
   3.9348660e+06   4.6813965e+01
   3.9374820e+06   4.2114258e+01
   3.9578350e+06   5.8593750e+01
   3.9587370e+06   5.4077148e+01
   3.9609860e+06   5.6396484e+01
   3.9612080e+06   5.8288574e+01
   3.9613260e+06   4.3823242e+01
   3.9614510e+06   4.4067383e+01
   3.9621310e+06   4.1870117e+01
   3.9633070e+06   4.8706055e+01
   3.9693260e+06   4.3273926e+01
   3.9698660e+06   4.9255371e+01
   3.9700520e+06   4.5532227e+01
   3.9895090e+06   6.3415527e+01
   3.9950840e+06   4.9316406e+01
   3.9958440e+06   4.3518066e+01
   3.9978520e+06   7.3120117e+01
   3.9981000e+06   5.7006836e+01
   4.0000220e+06   4.8706055e+01
   4.0110160e+06   5.7983398e+01
   4.0208900e+06   4.3212891e+01
   4.0210700e+06   5.9020996e+01
   4.0212120e+06   4.4372559e+01
   4.0238350e+06   5.3222656e+01
   4.0422260e+06   6.7810059e+01
   4.0427740e+06   4.2785645e+01
   4.0534210e+06   4.4067383e+01
   4.0536530e+06   4.4677734e+01
   4.0538350e+06   4.9682617e+01
   4.0579570e+06   6.0058594e+01
   4.0756200e+06   6.8054199e+01
   4.0894810e+06   6.9091797e+01
   4.0896060e+06   4.5776367e+01
   4.0907150e+06   5.2917480e+01
   4.0908730e+06   4.4677734e+01
   4.0919120e+06   4.3457031e+01
   4.0921240e+06   4.4067383e+01
   4.0925400e+06   4.1625977e+01
   4.0929710e+06   4.1442871e+01
   4.0950720e+06   6.2255859e+01
   4.0978800e+06   4.7973633e+01
   4.1157390e+06   6.6284180e+01
   4.1159990e+06   6.2561035e+01
   4.1162410e+06   4.9316406e+01
   4.1163370e+06   4.7790527e+01
   4.1165010e+06   7.5622559e+01
   4.1165860e+06   4.7119141e+01
   4.1166750e+06   4.9194336e+01
   4.1169450e+06   4.4311523e+01
   4.1181460e+06   5.2307129e+01
   4.1393540e+06   6.1523438e+01
   4.1448610e+06   5.6274414e+01
   4.1452790e+06   4.6386719e+01
   4.1471340e+06   4.9926758e+01
   4.1473750e+06   4.3884277e+01
   4.1625300e+06   6.3232422e+01
   4.1635740e+06   4.3945312e+01
   4.1638690e+06   4.5532227e+01
   4.1700270e+06   6.3781738e+01
   4.1702940e+06   4.7058105e+01
   4.1941510e+06   4.2724609e+01
   4.1944510e+06   4.8034668e+01
   4.1947500e+06   4.4982910e+01
   4.1949970e+06   4.3823242e+01
   4.1957170e+06   4.2907715e+01
   4.1978380e+06   7.0312500e+01
   4.1980710e+06   4.8706055e+01
   4.1984110e+06   5.3161621e+01
   4.2003430e+06   4.2297363e+01
   4.2027170e+06   4.7485352e+01
   4.2028340e+06   6.3171387e+01
   4.2030550e+06   4.3212891e+01
   4.2192370e+06   5.1757812e+01
   4.2196640e+06   4.3945312e+01
   4.2380640e+06   5.4809570e+01
   4.2389650e+06   5.3771973e+01
   4.2733400e+06   6.1828613e+01
   4.2735200e+06   4.1503906e+01
   4.2752840e+06   4.6203613e+01
   4.2938030e+06   6.0791016e+01
   4.3014350e+06   5.0964355e+01
   4.3018350e+06   6.4636230e+01
   4.3020090e+06   5.4687500e+01
   4.3034580e+06   5.1818848e+01
   4.3058660e+06   4.3640137e+01
   4.3065010e+06   5.5969238e+01
   4.3450990e+06   5.1269531e+01
   4.3471390e+06   4.4250488e+01
   4.3473220e+06   4.4433594e+01
   4.3485830e+06   6.0180664e+01
   4.3487690e+06   5.8898926e+01
   4.3488900e+06   6.0485840e+01
   4.3495580e+06   4.7180176e+01
   4.3511950e+06   4.2785645e+01
   4.3515650e+06   4.2907715e+01
   4.3590780e+06   6.1401367e+01
   4.3592240e+06   4.2297363e+01
   4.3594770e+06   4.4677734e+01
   4.3698480e+06   5.7678223e+01
   4.3700430e+06   4.3029785e+01
   4.3823560e+06   7.5256348e+01
   4.3837040e+06   5.0231934e+01
   4.3843320e+06   4.1564941e+01
   4.3891000e+06   4.5776367e+01
   4.3898890e+06   4.3701172e+01
   4.3901240e+06   4.2724609e+01
   4.3912800e+06   6.3964844e+01
   4.3915530e+06   5.2185059e+01
   4.3928750e+06   4.8828125e+01
   4.4034640e+06   4.2419434e+01
   4.4318640e+06   4.8034668e+01
   4.4321140e+06   4.5654297e+01
   4.4322770e+06   4.1931152e+01
   4.4334400e+06   4.8034668e+01
   4.4338280e+06   4.9987793e+01
   4.4371120e+06   5.2307129e+01
   4.4372610e+06   4.3212891e+01
   4.4459290e+06   5.6030273e+01
   4.4466660e+06   4.8645020e+01
   4.4481350e+06   6.1950684e+01
   4.4483090e+06   4.9926758e+01
   4.4484550e+06   4.2724609e+01
   4.4486020e+06   4.1625977e+01
   4.4491200e+06   5.4199219e+01
   4.4524610e+06   4.2114258e+01
   4.4540930e+06   4.9804688e+01
   4.4543200e+06   5.1025391e+01
   4.4575170e+06   5.2978516e+01
   4.4578010e+06   4.6875000e+01
   4.4709120e+06   6.5734863e+01
   4.4711290e+06   4.3701172e+01
   4.4794380e+06   6.0852051e+01
   4.4795590e+06   4.6142578e+01
   4.4804520e+06   5.6823730e+01
   4.4807200e+06   4.3334961e+01
   4.4813930e+06   6.3598633e+01
   4.4845410e+06   4.1687012e+01
   4.4858920e+06   4.4555664e+01
   4.4862050e+06   4.3395996e+01
   4.4951520e+06   4.4555664e+01
   4.5061630e+06   6.3598633e+01
   4.5170890e+06   6.8115234e+01
   4.5173340e+06   4.4372559e+01
   4.5197510e+06   7.5683594e+01
   4.5198780e+06   4.4006348e+01
   4.5211790e+06   7.1655273e+01
   4.5231230e+06   4.9560547e+01
   4.5245700e+06   4.2175293e+01
   4.5313970e+06   5.3161621e+01
   4.5558560e+06   6.6833496e+01
   4.5560180e+06   5.1879883e+01
   4.5566740e+06   5.6396484e+01
   4.5593450e+06   4.2785645e+01
   4.5659050e+06   6.5490723e+01
   4.5823260e+06   7.6782227e+01
   4.5941540e+06   4.8095703e+01
   4.5947610e+06   5.0231934e+01
   4.5949330e+06   4.3579102e+01
   4.5953370e+06   4.9133301e+01
   4.6120090e+06   5.0048828e+01
   4.6121240e+06   4.6020508e+01
   4.6127450e+06   5.9143066e+01
   4.6143720e+06   4.3823242e+01
   4.6341280e+06   4.5776367e+01
   4.6343830e+06   4.5715332e+01
   4.6346670e+06   4.7973633e+01
   4.6356620e+06   5.1574707e+01
   4.6372390e+06   5.4870605e+01
   4.6416140e+06   5.8715820e+01
   4.6418870e+06   4.5959473e+01
   4.6420110e+06   4.6630859e+01
   4.6426020e+06   4.3884277e+01
   4.6427900e+06   5.1147461e+01
   4.6618000e+06   5.4016113e+01
   4.6623260e+06   4.3334961e+01
   4.6625900e+06   4.9377441e+01
   4.6634860e+06   5.9753418e+01
   4.6842320e+06   5.9509277e+01
   4.6844140e+06   4.8339844e+01
   4.6845290e+06   4.5715332e+01
   4.6860510e+06   4.4311523e+01
   4.6965740e+06   7.7514648e+01
   4.6972510e+06   6.1157227e+01
   4.6986440e+06   4.4555664e+01
   4.6988170e+06   4.8339844e+01
   4.6989270e+06   4.8828125e+01
   4.6994790e+06   4.3884277e+01
   4.7001240e+06   4.1687012e+01
   4.7162660e+06   5.2368164e+01
   4.7289430e+06   6.5979004e+01
   4.7343460e+06   5.0109863e+01
   4.7355760e+06   4.4738770e+01
   4.7358170e+06   4.6752930e+01
   4.7591690e+06   6.2316895e+01
   4.7593240e+06   4.2846680e+01
   4.7628920e+06   6.1035156e+01
   4.7734730e+06   6.4941406e+01
   4.7736150e+06   4.1442871e+01
   4.7738200e+06   4.6936035e+01
   4.7747190e+06   4.8400879e+01
   4.7750890e+06   4.3884277e+01
   4.7812580e+06   5.2062988e+01
   4.7849970e+06   5.4199219e+01
   4.7852400e+06   4.7912598e+01
   4.7972250e+06   4.2297363e+01
   4.8166960e+06   5.7983398e+01
   4.8251060e+06   4.2663574e+01
   4.8253260e+06   4.5410156e+01
   4.8259640e+06   4.5471191e+01
   4.8274080e+06   6.8115234e+01
   4.8275750e+06   4.6386719e+01
   4.8313880e+06   4.8828125e+01
   4.8385740e+06   6.5246582e+01
   4.8387950e+06   4.3090820e+01
   4.8656990e+06   4.8156738e+01
   4.8713450e+06   4.1625977e+01
   4.8715110e+06   4.4128418e+01
   4.8807160e+06   5.1391602e+01
   4.8822990e+06   4.6630859e+01
   4.8939700e+06   6.4025879e+01
   4.8940950e+06   4.5959473e+01
   4.8952820e+06   5.0354004e+01
   4.8963330e+06   4.3945312e+01
   4.8977840e+06   4.9377441e+01
   4.9036540e+06   5.4260254e+01
   4.9153640e+06   4.2236328e+01
   4.9155630e+06   4.5837402e+01
   4.9236020e+06   4.9987793e+01
   4.9240280e+06   5.0292969e+01
   4.9573970e+06   6.9458008e+01
   4.9575720e+06   4.4189453e+01
   4.9592420e+06   4.8828125e+01
   4.9594340e+06   4.3457031e+01
   4.9601680e+06   5.0476074e+01
   4.9609330e+06   4.3212891e+01
   4.9664310e+06   5.3649902e+01
   4.9672730e+06   7.3730469e+01
   4.9873580e+06   4.5410156e+01
   4.9879420e+06   4.1931152e+01
   4.9888600e+06   4.2297363e+01
   4.9892920e+06   4.5166016e+01
   4.9953220e+06   5.9875488e+01
   5.0032240e+06   5.1391602e+01
   5.0033580e+06   5.2978516e+01
   5.0041300e+06   5.9082031e+01
   5.0062740e+06   5.0476074e+01
   5.0076030e+06   4.6508789e+01
   5.0079150e+06   5.6762695e+01
   5.0084380e+06   4.5898438e+01
   5.0122200e+06   5.5786133e+01
   5.0124560e+06   4.2175293e+01
   5.0259510e+06   4.2724609e+01
   5.0261250e+06   4.2968750e+01
   5.0278310e+06   4.7851562e+01
   5.0356140e+06   4.8706055e+01
   5.0439390e+06   5.9692383e+01
   5.0444510e+06   6.0791016e+01
   5.0451020e+06   5.4199219e+01
   5.0452770e+06   4.3823242e+01
   5.0460020e+06   5.1879883e+01
   5.0566870e+06   4.3884277e+01
   5.0621510e+06   4.7546387e+01
   5.0625420e+06   4.2053223e+01
   5.0633140e+06   4.2419434e+01
   5.0738740e+06   4.2053223e+01
   5.0884610e+06   6.0974121e+01
   5.0886890e+06   5.0354004e+01
   5.0893210e+06   5.1635742e+01
   5.0904100e+06   4.2602539e+01
   5.0907390e+06   4.1503906e+01
   5.0953960e+06   5.8227539e+01
   5.1055850e+06   4.3212891e+01
   5.1166540e+06   4.2175293e+01
   5.1171430e+06   6.8969727e+01
   5.1222240e+06   5.9082031e+01
   5.1338430e+06   6.4331055e+01
   5.1661090e+06   4.8645020e+01
   5.1666150e+06   4.1564941e+01
   5.1668890e+06   4.6752930e+01
   5.1860010e+06   7.1044922e+01
   5.1861820e+06   5.6457520e+01
   5.1873660e+06   4.1687012e+01
   5.1965720e+06   4.8156738e+01
   5.2105230e+06   5.0598145e+01
   5.2154420e+06   5.5297852e+01
   5.2158540e+06   4.3090820e+01
   5.2161420e+06   4.1381836e+01
   5.2295790e+06   6.3476562e+01
   5.2298240e+06   5.0415039e+01
   5.2325780e+06   4.7058105e+01
   5.2328970e+06   4.3029785e+01
   5.2357160e+06   6.6589355e+01
   5.2358730e+06   4.8828125e+01
   5.2369320e+06   4.2785645e+01
   5.2386740e+06   6.2866211e+01
   5.2521720e+06   4.1931152e+01
   5.2721530e+06   6.0302734e+01
   5.2727480e+06   4.4677734e+01
   5.2894860e+06   6.1035156e+01
   5.2896220e+06   4.4433594e+01
   5.2910800e+06   4.7180176e+01
   5.2922660e+06   4.7790527e+01
   5.3139640e+06   4.1748047e+01
   5.3141930e+06   4.7119141e+01
   5.3143640e+06   4.4860840e+01
   5.3148110e+06   4.2846680e+01
   5.3473590e+06   4.1503906e+01
   5.3500260e+06   6.4758301e+01
   5.3611030e+06   5.4260254e+01
   5.3612960e+06   4.8217773e+01
   5.3633970e+06   6.0974121e+01
   5.3637880e+06   6.0913086e+01
   5.3655090e+06   5.2490234e+01
   5.3660910e+06   5.0964355e+01
   5.3732680e+06   4.2663574e+01
   5.3986850e+06   4.4006348e+01
   5.3988230e+06   4.1442871e+01
   5.3990940e+06   4.9865723e+01
   5.3994020e+06   4.3334961e+01
   5.3998280e+06   4.5715332e+01
   5.4003890e+06   4.4616699e+01
   5.4133110e+06   5.9631348e+01
   5.4134530e+06   4.4372559e+01
   5.4149200e+06   5.0109863e+01
   5.4396860e+06   4.9011230e+01
   5.4398820e+06   4.7058105e+01
   5.4403240e+06   4.7424316e+01
   5.4583200e+06   4.8156738e+01
   5.4822720e+06   4.9743652e+01
   5.4824620e+06   4.2419434e+01
   5.4826970e+06   4.5043945e+01
   5.4965440e+06   5.0537109e+01
   5.5014150e+06   6.3110352e+01
   5.5015650e+06   4.5593262e+01
   5.5028120e+06   5.0109863e+01
   5.5030350e+06   4.1442871e+01
   5.5451990e+06   4.5593262e+01
   5.5453990e+06   4.9682617e+01
   5.5479510e+06   7.3913574e+01
   5.5482900e+06   4.8767090e+01
   5.5490950e+06   5.2734375e+01
   5.5575200e+06   5.2429199e+01
   5.5593700e+06   7.6171875e+01
   5.5595640e+06   4.4555664e+01
   5.5609210e+06   4.7058105e+01
   5.5662280e+06   4.3029785e+01
   5.5815780e+06   6.9824219e+01
   5.5817680e+06   4.3518066e+01
   5.5917350e+06   4.2358398e+01
   5.6176230e+06   5.9997559e+01
   5.6216830e+06   4.2419434e+01
   5.6218880e+06   4.5776367e+01
   5.6556720e+06   6.9824219e+01
   5.6558600e+06   4.5288086e+01
   5.6572590e+06   4.4311523e+01
   5.6574590e+06   4.3579102e+01
   5.6911420e+06   4.9499512e+01
   5.6914590e+06   4.4738770e+01
   5.6918260e+06   4.4189453e+01
   5.6923460e+06   4.1442871e+01
   5.7278040e+06   5.5603027e+01
   5.7724900e+06   6.7321777e+01
   5.7727320e+06   5.9814453e+01
   5.7739770e+06   4.7485352e+01
   5.7751440e+06   5.1696777e+01
   5.8387220e+06   5.1513672e+01
   5.8390960e+06   4.5776367e+01
   5.8409240e+06   6.9030762e+01
   5.8410700e+06   4.8522949e+01
   5.8418880e+06   4.8095703e+01
   5.8428320e+06   4.6875000e+01
   5.8854830e+06   5.3466797e+01
   5.8878550e+06   4.4250488e+01
   5.8882570e+06   4.6875000e+01
   5.8966950e+06   7.5744629e+01
   5.8968550e+06   5.0292969e+01
   5.8980010e+06   5.3466797e+01
   5.8985370e+06   4.5654297e+01
   5.8993250e+06   4.1748047e+01
   5.9149440e+06   4.3579102e+01
   5.9466810e+06   7.6965332e+01
   5.9468310e+06   5.6762695e+01
   5.9556040e+06   7.0068359e+01
   5.9558370e+06   5.0415039e+01
   5.9619110e+06   4.2175293e+01
   5.9832610e+06   6.7565918e+01
   5.9834780e+06   4.8156738e+01
   5.9882270e+06   5.8471680e+01
   5.9884300e+06   4.9682617e+01
   6.0089390e+06   5.5236816e+01
   6.0094150e+06   4.7851562e+01
   6.0325530e+06   5.1513672e+01
   6.0350300e+06   7.1899414e+01
   6.0353140e+06   5.9875488e+01
   6.0366290e+06   5.0415039e+01
   6.0373390e+06   4.2724609e+01
   6.0873360e+06   6.3171387e+01
   6.1378170e+06   4.4006348e+01
   6.1475950e+06   5.0537109e+01
   6.1480460e+06   5.5847168e+01
   6.1487510e+06   4.5288086e+01
   6.1491480e+06   5.4870605e+01
   6.1549910e+06   4.6203613e+01
   6.1593960e+06   6.9152832e+01
   6.1595950e+06   5.2368164e+01
   6.1597550e+06   4.2602539e+01
   6.1620190e+06   4.6691895e+01
   6.2693250e+06   6.8359375e+01
   6.2695710e+06   6.7993164e+01
   6.2699880e+06   4.2236328e+01
   6.2704320e+06   4.8400879e+01
   6.2716150e+06   4.2419434e+01
   6.2727130e+06   4.2724609e+01
   6.2731010e+06   4.6386719e+01
   6.3025130e+06   7.0007324e+01
   6.3027700e+06   5.1086426e+01
   6.3713740e+06   6.8115234e+01
   6.3717730e+06   5.8410645e+01
   6.3718770e+06   4.1748047e+01
   6.3721540e+06   4.1442871e+01
   6.3724590e+06   5.1818848e+01
   6.3739340e+06   4.2419434e+01
   6.3870060e+06   4.2175293e+01
   6.3941520e+06   5.3894043e+01
   6.3947000e+06   4.9438477e+01
   6.3948840e+06   4.3151855e+01
   6.4049250e+06   4.9255371e+01
   6.4237770e+06   6.4758301e+01
   6.4241460e+06   5.5725098e+01
   6.4964390e+06   6.8908691e+01
   6.4965680e+06   4.3762207e+01
   6.4975020e+06   6.5307617e+01
   6.5171150e+06   6.7199707e+01
   6.6007860e+06   5.2185059e+01
   6.6010900e+06   5.0842285e+01
   6.6021840e+06   4.6264648e+01
   6.6220450e+06   4.6630859e+01
   6.6222570e+06   4.4616699e+01
   6.6421800e+06   5.7495117e+01
   6.6425520e+06   5.7861328e+01
   6.6434480e+06   4.6997070e+01
   6.6736240e+06   6.2194824e+01
   6.7275010e+06   6.6711426e+01
   6.7277060e+06   4.8400879e+01
   6.7351920e+06   4.6997070e+01
   6.7355010e+06   4.4616699e+01
   6.7522500e+06   4.2968750e+01
   6.7626250e+06   5.6457520e+01
   6.7629610e+06   4.4067383e+01
   6.7745450e+06   7.0800781e+01
   6.8162070e+06   4.6813965e+01
   6.8736830e+06   6.4331055e+01
   6.8738070e+06   4.4433594e+01
   6.8748790e+06   6.0424805e+01
   6.9284230e+06   4.1564941e+01
   6.9492760e+06   6.3476562e+01
   6.9560680e+06   4.2297363e+01
   6.9921140e+06   6.0668945e+01
   6.9922570e+06   4.5593262e+01
   6.9923910e+06   4.1503906e+01
   6.9932940e+06   5.9204102e+01
   6.9934560e+06   4.3090820e+01
   6.9999760e+06   4.8828125e+01
   7.0002910e+06   4.1503906e+01
   7.0004790e+06   4.4372559e+01
   7.0789450e+06   7.4035645e+01
   7.0791580e+06   5.3161621e+01
   7.0792680e+06   4.5593262e+01
   7.0803740e+06   7.0007324e+01
   7.0823060e+06   5.4687500e+01
   7.1671340e+06   5.7128906e+01
   7.1845110e+06   4.8950195e+01
   7.1855420e+06   5.0048828e+01
   7.1995320e+06   6.7932129e+01
   7.1998020e+06   5.7128906e+01
   7.1999200e+06   4.4067383e+01
   7.2006580e+06   5.0903320e+01
   7.2521270e+06   6.7138672e+01
   7.2523010e+06   4.6936035e+01
   7.2610720e+06   6.8908691e+01
   7.2612420e+06   4.8828125e+01
   7.2668520e+06   5.7800293e+01
   7.3090210e+06   6.6467285e+01
   7.3091760e+06   4.1809082e+01
   7.3655110e+06   6.5551758e+01
   7.3727360e+06   6.2194824e+01
   7.3728990e+06   4.8461914e+01
   7.3743410e+06   6.3842773e+01
   7.3745200e+06   4.8095703e+01
   7.3963240e+06   6.2622070e+01
   7.3965910e+06   5.2429199e+01
   7.3972670e+06   5.1147461e+01
   7.3980670e+06   4.2541504e+01
   7.3982880e+06   4.4433594e+01
   7.4404740e+06   5.9631348e+01
   7.4408680e+06   4.6752930e+01
   7.4416680e+06   6.7321777e+01
   7.4417860e+06   4.2602539e+01
   7.4418120e+06   4.9926758e+01
   7.4444440e+06   5.1208496e+01
   7.4935180e+06   7.8369141e+01
   7.4940000e+06   6.7382812e+01
   7.4941790e+06   4.4921875e+01
   7.4960070e+06   4.8278809e+01
   7.4974100e+06   7.4218750e+01
   7.5313850e+06   6.1584473e+01
   7.5315770e+06   4.9621582e+01
   7.5325080e+06   4.6691895e+01
   7.5338750e+06   5.0598145e+01
   7.5341470e+06   4.2724609e+01
   7.5849960e+06   4.8950195e+01
   7.5851900e+06   4.4921875e+01
   7.5857750e+06   5.5480957e+01
   7.5868120e+06   4.3212891e+01
   7.5999160e+06   4.9865723e+01
   7.6167970e+06   4.3640137e+01
   7.6289710e+06   4.8339844e+01
   7.6467810e+06   4.2602539e+01
   7.6782220e+06   6.2927246e+01
   7.7166170e+06   8.4594727e+01
   7.7293580e+06   7.0678711e+01
   7.7398300e+06   7.1899414e+01
   7.7399760e+06   5.0170898e+01
   7.7411800e+06   6.5856934e+01
   7.7898980e+06   4.8706055e+01
   7.7907500e+06   4.8217773e+01
   7.7911930e+06   5.7983398e+01
   7.7913010e+06   4.2419434e+01
   7.7914250e+06   4.5593262e+01
   7.7916100e+06   4.2358398e+01
   7.8076420e+06   6.3415527e+01
   7.8079900e+06   7.1105957e+01
   7.8082100e+06   4.8461914e+01
   7.8090050e+06   6.2866211e+01
   7.8111510e+06   5.7006836e+01
   7.8244740e+06   6.5429688e+01
   7.8247410e+06   5.6030273e+01
   7.8349000e+06   5.6396484e+01
   7.8381210e+06   5.7006836e+01
   7.8969000e+06   5.7250977e+01
   7.9156440e+06   6.3964844e+01
   7.9235470e+06   6.1462402e+01
   7.9237810e+06   5.9448242e+01
   7.9252590e+06   4.8034668e+01
   7.9660420e+06   6.1462402e+01
   7.9662020e+06   5.5114746e+01
   7.9665920e+06   4.2114258e+01
   7.9671080e+06   4.3334961e+01
   7.9672670e+06   4.3457031e+01
   7.9673030e+06   4.5410156e+01
   7.9676290e+06   4.3334961e+01
   7.9679500e+06   4.8645020e+01
   7.9862290e+06   6.9335938e+01
   8.0018040e+06   5.9753418e+01
   8.0019760e+06   5.6213379e+01
   8.0077880e+06   4.4250488e+01
   8.0176900e+06   4.8767090e+01
   8.0445790e+06   4.8217773e+01
   8.0875920e+06   5.7861328e+01
   8.0877900e+06   5.5358887e+01
   8.0898930e+06   4.2541504e+01
   8.0976840e+06   4.5593262e+01
   8.1315590e+06   7.2509766e+01
   8.1328120e+06   4.6691895e+01
   8.1330570e+06   4.9682617e+01
   8.1362820e+06   5.6579590e+01
   8.1519870e+06   7.2814941e+01
   8.1628910e+06   5.3710938e+01
   8.1707450e+06   6.4331055e+01
   8.1709460e+06   5.0537109e+01
   8.1723920e+06   5.3283691e+01
   8.1968550e+06   6.5368652e+01
   8.1969840e+06   4.4982910e+01
   8.2008790e+06   5.2429199e+01
   8.2035690e+06   5.6884766e+01
   8.2140020e+06   6.3415527e+01
   8.2141830e+06   4.9621582e+01
   8.2240950e+06   5.4199219e+01
   8.2276330e+06   5.2185059e+01
   8.2277810e+06   5.1269531e+01
   8.2597130e+06   6.6955566e+01
   8.2598820e+06   4.8583984e+01
   8.2618490e+06   4.2602539e+01
   8.2894050e+06   4.9682617e+01
   8.2895850e+06   4.8095703e+01
   8.2906270e+06   5.6823730e+01
   8.3063990e+06   5.8654785e+01
   8.3261960e+06   5.6884766e+01
   8.3318610e+06   7.6110840e+01
   8.3320770e+06   5.5175781e+01
   8.3322610e+06   4.6203613e+01
   8.3331740e+06   5.2124023e+01
   8.3357340e+06   4.9621582e+01
   8.3357550e+06   5.0598145e+01
   8.3360770e+06   4.6508789e+01
   8.3372600e+06   4.9499512e+01
   8.3826890e+06   4.4433594e+01
   8.4254460e+06   6.3781738e+01
   8.4603810e+06   5.7006836e+01
   8.4606170e+06   5.7922363e+01
   8.4609280e+06   4.3273926e+01
   8.4625390e+06   5.0842285e+01
   8.5203970e+06   5.1635742e+01
   8.5267500e+06   5.8044434e+01
   8.5396880e+06   5.7128906e+01
   8.5851760e+06   5.9753418e+01
   8.5853370e+06   5.2734375e+01
   8.5868220e+06   6.3964844e+01
   8.5869570e+06   4.2419434e+01
   8.5871160e+06   4.4128418e+01
   8.6223870e+06   7.9345703e+01
   8.6225190e+06   4.7912598e+01
   8.6381380e+06   5.5480957e+01
   8.6382980e+06   4.6386719e+01
   8.6384380e+06   4.3090820e+01
   8.6386340e+06   4.2785645e+01
   8.6397940e+06   5.6884766e+01
   8.6677960e+06   4.2175293e+01
   8.7204230e+06   5.2368164e+01
   8.7208060e+06   4.8461914e+01
   8.7216180e+06   5.4748535e+01
   8.7327730e+06   5.5419922e+01
   8.7377380e+06   6.1828613e+01
   8.7379130e+06   5.1147461e+01
   8.7388160e+06   6.5368652e+01
   8.7402740e+06   5.1940918e+01
   8.7444660e+06   5.3649902e+01
   8.8032100e+06   5.9448242e+01
   8.8034580e+06   4.8461914e+01
   8.8037670e+06   6.0913086e+01
   8.8039530e+06   4.9255371e+01
   8.8041510e+06   4.2785645e+01
   8.8461680e+06   7.1166992e+01
   8.8463020e+06   5.0231934e+01
   8.8463970e+06   4.1625977e+01
   8.8475440e+06   4.1503906e+01
   8.8656040e+06   6.5002441e+01
   8.8659340e+06   4.7485352e+01
   8.8994880e+06   4.2419434e+01
   8.9428310e+06   5.5419922e+01
   8.9430390e+06   5.1940918e+01
   8.9443620e+06   4.4921875e+01
   8.9447170e+06   4.4433594e+01
   8.9461920e+06   4.4799805e+01
   8.9469770e+06   4.8889160e+01
   8.9591950e+06   6.7077637e+01
   8.9847050e+06   4.9621582e+01
   8.9915890e+06   5.4443359e+01
   8.9917120e+06   4.3273926e+01
