   8.9990000e+06   0.0000000e+00
   3.8470000e+04   4.4067383e+01
   1.1322500e+05   4.1137695e+01
   1.5375900e+05   4.0161133e+01
   1.7679800e+05   4.1381836e+01
   3.4023600e+05   4.3334961e+01
   3.6017800e+05   4.0466309e+01
   4.0421800e+05   4.0710449e+01
   4.3908200e+05   4.7180176e+01
   5.3555000e+05   4.0161133e+01
   5.8091600e+05   4.4006348e+01
   6.4022500e+05   4.1931152e+01
   6.9471000e+05   4.0893555e+01
   7.1434100e+05   4.0832520e+01
   7.1682500e+05   4.0588379e+01
   7.3229800e+05   4.3640137e+01
   7.6151100e+05   4.3762207e+01
   7.6472000e+05   4.1503906e+01
   8.2109600e+05   4.1259766e+01
   8.8050900e+05   3.9672852e+01
   1.0639120e+06   4.0710449e+01
   1.0803890e+06   4.0161133e+01
   1.2309420e+06   4.0588379e+01
   1.2929960e+06   4.1931152e+01
   1.2937180e+06   4.0283203e+01
   1.3278530e+06   4.2724609e+01
   1.3642790e+06   4.0405273e+01
   1.3838480e+06   4.0344238e+01
   1.3869920e+06   4.2236328e+01
   1.7379600e+06   4.0527344e+01
   1.8058670e+06   3.9489746e+01
   1.8931710e+06   4.0405273e+01
   1.9359150e+06   4.3151855e+01
   1.9812400e+06   3.9978027e+01
   2.0736840e+06   3.9794922e+01
   2.1619120e+06   3.9428711e+01
   2.2527030e+06   4.0161133e+01
   2.3165200e+06   4.3090820e+01
   2.5315350e+06   3.9733887e+01
   2.5944160e+06   4.1870117e+01
   2.7820680e+06   4.0588379e+01
   2.7964250e+06   4.0588379e+01
   2.8622430e+06   3.9733887e+01
   3.2975210e+06   4.1809082e+01
   3.3042520e+06   4.4982910e+01
   3.5385720e+06   4.1503906e+01
   3.5530340e+06   4.0100098e+01
   3.8052110e+06   4.0588379e+01
   4.1726390e+06   4.0405273e+01
   4.3410220e+06   3.9672852e+01
   4.3757580e+06   4.5776367e+01
   4.4660160e+06   4.2968750e+01
   4.5597810e+06   4.2175293e+01
   4.5894580e+06   4.3151855e+01
   4.6142240e+06   4.3273926e+01
   4.8042520e+06   3.9672852e+01
   4.9033140e+06   4.2968750e+01
   5.0110900e+06   4.1625977e+01
   5.0538080e+06   3.9611816e+01
   5.1760840e+06   3.9733887e+01
   5.2739310e+06   4.0954590e+01
   5.4151430e+06   3.9672852e+01
   5.4666750e+06   3.9916992e+01
   5.5429910e+06   4.7546387e+01
   5.5810440e+06   3.9855957e+01
   5.6661920e+06   3.9550781e+01
   5.6711580e+06   4.2846680e+01
   5.7701210e+06   4.0832520e+01
   5.7845520e+06   3.9489746e+01
   5.8342640e+06   4.1564941e+01
   5.8573350e+06   4.0771484e+01
   5.8780720e+06   4.0405273e+01
   5.8803950e+06   3.9428711e+01
   5.9654640e+06   4.3945312e+01
   6.0833610e+06   4.0527344e+01
   6.1276300e+06   3.9611816e+01
   6.1999970e+06   4.1687012e+01
   6.2157510e+06   4.7851563e+01
   6.2511060e+06   4.1870117e+01
   6.2889180e+06   3.9611816e+01
   6.3134660e+06   4.2663574e+01
   6.3279210e+06   4.1992188e+01
   6.3779240e+06   4.1992188e+01
   6.3923140e+06   4.4677734e+01
   6.4380520e+06   4.2480469e+01
   6.5430160e+06   4.0100098e+01
   6.5498000e+06   4.4433594e+01
   6.6001880e+06   4.0100098e+01
   6.6246470e+06   3.9550781e+01
   6.6759520e+06   5.2246094e+01
   6.6901990e+06   4.4067383e+01
   6.7494870e+06   4.1870117e+01
   6.7730460e+06   4.0100098e+01
   6.7780120e+06   4.0161133e+01
   6.8533680e+06   4.1809082e+01
   6.8667510e+06   4.1687012e+01
   6.8860090e+06   4.2053223e+01
   6.8934840e+06   4.1870117e+01
   7.0051830e+06   4.0039062e+01
   7.0514450e+06   4.0832520e+01
   7.0601040e+06   4.1564941e+01
   7.1192690e+06   4.0710449e+01
   7.1511430e+06   3.9611816e+01
   7.2025880e+06   3.9428711e+01
   7.2998950e+06   4.4311523e+01
   7.3038440e+06   3.9794922e+01
   7.3047340e+06   4.0954590e+01
   7.3552260e+06   3.9672852e+01
   7.3923190e+06   3.9489746e+01
   7.4715000e+06   3.9733887e+01
   7.5070620e+06   4.0588379e+01
   7.5850280e+06   4.0649414e+01
   7.6019950e+06   4.1625977e+01
   7.6296540e+06   3.9672852e+01
   7.6455590e+06   4.0649414e+01
   7.6859900e+06   3.9794922e+01
   7.7100030e+06   4.0588379e+01
   7.7450680e+06   4.0283203e+01
   7.9215460e+06   4.0161133e+01
   7.9220710e+06   3.9978027e+01
   7.9535320e+06   4.0466309e+01
   7.9875240e+06   4.2724609e+01
   7.9918840e+06   4.4799805e+01
   8.1317260e+06   4.4250488e+01
   8.1365320e+06   4.0161133e+01
   8.1517570e+06   3.9916992e+01
   8.2037610e+06   3.9916992e+01
   8.2706830e+06   4.1076660e+01
   8.2847760e+06   3.9611816e+01
   8.3659870e+06   4.0344238e+01
   8.4063490e+06   4.7058105e+01
   8.4410000e+06   4.0039063e+01
   8.4637050e+06   4.0100098e+01
   8.5054520e+06   4.4311523e+01
   8.5188560e+06   4.0466309e+01
   8.5502390e+06   4.0710449e+01
   8.5532280e+06   4.0344238e+01
   8.5625210e+06   4.1381836e+01
   8.5626410e+06   4.0039062e+01
   8.5772480e+06   4.0832520e+01
   8.6114480e+06   3.9978027e+01
   8.6505220e+06   4.0100098e+01
   8.6551260e+06   4.1931152e+01
   8.6632380e+06   4.4372559e+01
   8.7346370e+06   4.3884277e+01
   8.8111680e+06   4.2663574e+01
   8.8321170e+06   4.0222168e+01
   8.8584920e+06   3.9978027e+01
   8.8823690e+06   3.9489746e+01
   8.8958830e+06   4.6264648e+01
   8.9425950e+06   4.2785645e+01
   8.9540710e+06   4.2236328e+01
   8.9595540e+06   4.1015625e+01
   8.9619530e+06   4.0954590e+01
   8.9899810e+06   4.1564941e+01
