   8.9990000e+06   0.0000000e+00
   4.4103500e+05   4.1809082e+01
   6.1037500e+05   4.5410156e+01
   6.6182900e+05   4.2785645e+01
   7.2558200e+05   4.1931152e+01
   7.9611500e+05   4.1931152e+01
   9.6796200e+05   4.1625977e+01
   1.1675110e+06   4.7607422e+01
   1.4454130e+06   4.4067383e+01
   1.9708600e+06   4.4677734e+01
   2.1630090e+06   4.1931152e+01
   2.2347370e+06   4.4677734e+01
   2.2711950e+06   4.3457031e+01
   2.2805700e+06   4.1687012e+01
   2.3109860e+06   4.2846680e+01
   2.3167280e+06   4.1748047e+01
   2.3667400e+06   4.5471191e+01
   2.6865750e+06   4.8522949e+01
   2.8031900e+06   4.2175293e+01
   2.9744420e+06   4.3518066e+01
   3.0077010e+06   4.3029785e+01
   3.1847920e+06   4.6569824e+01
   3.2423010e+06   4.7790527e+01
   3.2585830e+06   4.5410156e+01
   3.3014880e+06   4.2358398e+01
   3.6130450e+06   4.6447754e+01
   3.6213210e+06   4.2663574e+01
   3.6384920e+06   4.3151855e+01
   3.6472130e+06   4.2541504e+01
   3.9847390e+06   4.3090820e+01
   4.0895420e+06   4.2358398e+01
   4.1780000e+06   4.4067383e+01
   4.2118700e+06   4.1870117e+01
   4.2232220e+06   4.5837402e+01
   4.3470990e+06   4.3884277e+01
   4.3589460e+06   4.2358398e+01
   4.3617990e+06   4.3029785e+01
   4.5029510e+06   4.3884277e+01
   4.9434940e+06   4.2785645e+01
   5.0337560e+06   4.4189453e+01
   5.0592130e+06   4.2663574e+01
   5.1276580e+06   4.2846680e+01
   5.1294470e+06   4.5837402e+01
   5.3038270e+06   4.4616699e+01
   5.3496080e+06   4.4128418e+01
   5.4183610e+06   4.1564941e+01
   5.4186270e+06   4.5227051e+01
   5.4233240e+06   4.1564941e+01
   5.5135830e+06   4.9072266e+01
   5.5904610e+06   4.1992188e+01
   5.6035970e+06   4.2175293e+01
   5.7920560e+06   4.3212891e+01
   5.8642670e+06   4.3029785e+01
   6.1329630e+06   4.1625977e+01
   6.3940800e+06   4.4067383e+01
   6.6237960e+06   4.4616699e+01
   6.9286980e+06   4.2053223e+01
   7.1604420e+06   4.4311523e+01
   7.4184240e+06   4.2358398e+01
   7.7939440e+06   4.6386719e+01
   7.9882800e+06   4.4494629e+01
   7.9954670e+06   4.3823242e+01
   8.0436950e+06   4.2907715e+01
   8.0860900e+06   4.4067383e+01
   8.1538420e+06   4.1870117e+01
   8.3049800e+06   4.2114258e+01
   8.4456960e+06   4.3640137e+01
   8.5220360e+06   4.4860840e+01
   8.6718360e+06   4.2907715e+01
   8.7252790e+06   4.4982910e+01
   8.8133860e+06   4.3029785e+01
   8.9297380e+06   4.2907715e+01
   8.9413310e+06   4.6752930e+01
   8.9736380e+06   4.1992188e+01
   8.9918450e+06   4.6997070e+01
