   8.9990000e+06   0.0000000e+00
   6.4695400e+05   4.1992188e+01
   7.5730300e+05   4.2114258e+01
   1.5501180e+06   4.0832520e+01
   1.7630770e+06   4.0222168e+01
   1.9923690e+06   4.1931152e+01
   2.8955100e+06   4.3823242e+01
   3.3492720e+06   4.2602539e+01
   3.4889490e+06   4.0283203e+01
   5.8669580e+06   4.1748047e+01
   5.9995080e+06   3.9978027e+01
   6.2551980e+06   3.9916992e+01
   7.1613020e+06   4.0405273e+01
   7.2962650e+06   4.0710449e+01
   7.4539030e+06   4.0588379e+01
   7.7471090e+06   4.1809082e+01
   7.7930310e+06   4.0161133e+01
   7.9511820e+06   4.0710449e+01
   8.7157160e+06   4.1137695e+01
