   8.9990000e+06   0.0000000e+00
   1.2447000e+04   5.1635742e+01
   2.2240000e+04   5.1513672e+01
   5.1728000e+04   5.1452637e+01
   6.5212000e+04   5.7250977e+01
   1.0351300e+05   5.3161621e+01
   1.0424300e+05   5.1574707e+01
   1.0430500e+05   5.5053711e+01
   1.1607800e+05   5.6213379e+01
   1.2490300e+05   6.0180664e+01
   1.5623600e+05   5.2185059e+01
   1.7486400e+05   5.2673340e+01
   1.9048400e+05   5.1940918e+01
   1.9349700e+05   5.3588867e+01
   1.9514200e+05   5.7373047e+01
   2.3384300e+05   5.7678223e+01
   3.0533600e+05   5.2856445e+01
   3.2319700e+05   5.7800293e+01
   3.2760900e+05   5.7495117e+01
   3.2925400e+05   5.3833008e+01
   3.5144700e+05   5.3588867e+01
   3.5201700e+05   5.2307129e+01
   3.7229300e+05   5.9387207e+01
   4.2759300e+05   6.1462402e+01
   4.3835100e+05   5.2490234e+01
   4.6480100e+05   5.5603027e+01
   4.6579000e+05   5.2124023e+01
   4.8096500e+05   5.7189941e+01
   5.3887300e+05   5.4870605e+01
   5.5113300e+05   5.4504395e+01
   5.8085500e+05   5.2673340e+01
   5.8097500e+05   5.6091309e+01
   5.8122100e+05   5.1940918e+01
   6.0358300e+05   5.2062988e+01
   6.0425800e+05   5.2124023e+01
   6.2038000e+05   5.3771973e+01
   6.2067400e+05   5.3771973e+01
   6.3518900e+05   5.1757812e+01
   6.3575500e+05   5.2001953e+01
   6.6976700e+05   5.1513672e+01
   6.8411200e+05   5.2490234e+01
   7.2219900e+05   5.2062988e+01
   7.4668800e+05   5.4565430e+01
   7.4680700e+05   5.7250977e+01
   7.7325900e+05   5.2490234e+01
   7.7477500e+05   5.2368164e+01
   8.2863800e+05   5.3161621e+01
   8.3033600e+05   5.1574707e+01
   9.0952600e+05   5.4504395e+01
   9.3497200e+05   5.4992676e+01
   9.3801300e+05   5.7006836e+01
   9.6654400e+05   6.3110352e+01
   9.7012000e+05   5.1879883e+01
   9.9403400e+05   5.1574707e+01
   1.0124560e+06   5.4321289e+01
   1.0138800e+06   5.2978516e+01
   1.0239540e+06   5.4199219e+01
   1.0466910e+06   5.2673340e+01
   1.0711120e+06   5.3894043e+01
   1.0717410e+06   5.6701660e+01
   1.1188590e+06   5.3588867e+01
   1.1493930e+06   5.2185059e+01
   1.1854440e+06   5.7312012e+01
   1.2422090e+06   5.6945801e+01
   1.2498860e+06   5.3527832e+01
   1.2627260e+06   5.3894043e+01
   1.3262740e+06   6.3293457e+01
   1.3270050e+06   5.1879883e+01
   1.3387860e+06   5.7922363e+01
   1.4318560e+06   5.5236816e+01
   1.4950490e+06   5.1879883e+01
   1.5047090e+06   5.4382324e+01
   1.5083630e+06   5.2368164e+01
   1.5285720e+06   5.1757812e+01
   1.5335710e+06   5.2062988e+01
   1.5355230e+06   5.1635742e+01
   1.5711960e+06   5.2917480e+01
   1.6541890e+06   5.2734375e+01
   1.6542860e+06   6.0974121e+01
   1.6628590e+06   5.6457520e+01
   1.6632900e+06   5.2062988e+01
   1.7121350e+06   5.1757812e+01
   1.7222590e+06   5.2062988e+01
   1.7543110e+06   5.3405762e+01
   1.7820380e+06   5.2185059e+01
   1.7843130e+06   5.8471680e+01
   1.8469100e+06   5.9204102e+01
   1.8625530e+06   5.3161621e+01
   1.8822100e+06   5.7617188e+01
   1.8961120e+06   6.2194824e+01
   1.8981500e+06   5.3405762e+01
   1.9470310e+06   5.5297852e+01
   1.9572100e+06   5.5664062e+01
   1.9684740e+06   5.2246094e+01
   1.9768450e+06   5.6579590e+01
   1.9855310e+06   6.2500000e+01
   1.9877970e+06   5.2917480e+01
   1.9883170e+06   5.4687500e+01
   2.0310450e+06   5.2124023e+01
   2.0392110e+06   5.4016113e+01
   2.0437240e+06   5.2612305e+01
   2.0532600e+06   5.4687500e+01
   2.0695180e+06   5.3955078e+01
   2.1004550e+06   5.7006836e+01
   2.1206550e+06   5.3771973e+01
   2.1547220e+06   5.3894043e+01
   2.1979390e+06   5.2490234e+01
   2.2217780e+06   5.5603027e+01
   2.2901750e+06   5.7739258e+01
   2.2918210e+06   5.9936523e+01
   2.2998680e+06   6.0852051e+01
   2.3079650e+06   5.5847168e+01
   2.3222170e+06   5.2673340e+01
   2.3312890e+06   5.9204102e+01
   2.3447330e+06   5.3466797e+01
   2.3754840e+06   5.6030273e+01
   2.3787720e+06   5.4504395e+01
   2.3959760e+06   6.1645508e+01
   2.4040960e+06   5.7067871e+01
   2.4134640e+06   5.9936523e+01
   2.4356140e+06   5.5908203e+01
   2.4529500e+06   5.4016113e+01
   2.4679420e+06   5.5053711e+01
   2.4756770e+06   5.5725098e+01
   2.4763980e+06   6.2561035e+01
   2.4824520e+06   5.5175781e+01
   2.4975770e+06   5.6335449e+01
   2.5163570e+06   5.6152344e+01
   2.5187460e+06   5.2185059e+01
   2.5189250e+06   5.2612305e+01
   2.5414860e+06   5.9265137e+01
   2.5489130e+06   5.3710938e+01
   2.5732930e+06   6.1401367e+01
   2.5761930e+06   5.2612305e+01
   2.5930760e+06   6.0180664e+01
   2.6365250e+06   5.1696777e+01
   2.6588490e+06   5.4260254e+01
   2.6600080e+06   5.4443359e+01
   2.6723930e+06   5.2917480e+01
   2.6823300e+06   5.4016113e+01
   2.7149980e+06   6.0974121e+01
   2.7201520e+06   5.2612305e+01
   2.7343520e+06   5.5419922e+01
   2.7570880e+06   5.6640625e+01
   2.7670380e+06   5.7922363e+01
   2.7864800e+06   5.7434082e+01
   2.8009820e+06   5.2734375e+01
   2.8123520e+06   5.5725098e+01
   2.8128760e+06   5.4016113e+01
   2.8152580e+06   5.4199219e+01
   2.8353650e+06   5.4077148e+01
   2.8359240e+06   5.6335449e+01
   2.8486890e+06   5.3771973e+01
   2.8487840e+06   5.2917480e+01
   2.8515510e+06   5.1635742e+01
   2.8527800e+06   5.5114746e+01
   2.8916270e+06   5.8776855e+01
   2.8997660e+06   5.7983398e+01
   2.9163750e+06   5.4016113e+01
   2.9313680e+06   5.3710938e+01
   2.9472830e+06   5.4077148e+01
   2.9479760e+06   5.1818848e+01
   2.9560020e+06   5.2429199e+01
   2.9672380e+06   5.4626465e+01
   3.0026960e+06   5.9326172e+01
   3.0071030e+06   5.2795410e+01
   3.0514490e+06   5.2856445e+01
   3.0622570e+06   5.6335449e+01
   3.0793030e+06   5.3344727e+01
   3.0800580e+06   5.4260254e+01
   3.0962790e+06   5.6945801e+01
   3.0992080e+06   5.6518555e+01
   3.1126900e+06   5.3833008e+01
   3.1667050e+06   5.2978516e+01
   3.1818700e+06   5.9326172e+01
   3.1825130e+06   5.3405762e+01
   3.2431790e+06   6.0424805e+01
   3.2553030e+06   5.1696777e+01
   3.2619100e+06   5.5847168e+01
   3.3212430e+06   6.1523438e+01
   3.3372980e+06   5.1574707e+01
   3.3509690e+06   5.6762695e+01
   3.3688910e+06   5.2551270e+01
   3.4507720e+06   5.5847168e+01
   3.4513420e+06   5.9753418e+01
   3.4653480e+06   5.6762695e+01
   3.4777920e+06   5.1574707e+01
   3.4934190e+06   5.1940918e+01
   3.5062510e+06   5.4077148e+01
   3.5135090e+06   5.5664062e+01
   3.5203710e+06   7.1166992e+01
   3.5205430e+06   5.3588867e+01
   3.5386810e+06   5.2185059e+01
   3.5539400e+06   5.7800293e+01
   3.5543540e+06   5.1513672e+01
   3.5656190e+06   5.1940918e+01
   3.5828650e+06   5.3466797e+01
   3.6063050e+06   5.3100586e+01
   3.6664800e+06   5.8410645e+01
   3.7085030e+06   6.3354492e+01
   3.7186980e+06   5.4199219e+01
   3.7808950e+06   5.5053711e+01
   3.7925870e+06   5.2001953e+01
   3.7936130e+06   5.4870605e+01
   3.7954700e+06   5.2856445e+01
   3.8081020e+06   5.2307129e+01
   3.8088460e+06   5.2124023e+01
   3.8711070e+06   5.2795410e+01
   3.8876920e+06   5.2062988e+01
   3.8881350e+06   5.4321289e+01
   3.9087940e+06   5.2368164e+01
   3.9094760e+06   5.1879883e+01
   3.9215540e+06   5.1757812e+01
   3.9303970e+06   5.1513672e+01
   3.9341790e+06   5.7434082e+01
   3.9497780e+06   5.6640625e+01
   3.9850430e+06   5.2612305e+01
   3.9890560e+06   5.5908203e+01
   3.9997420e+06   5.1879883e+01
   4.0001600e+06   6.2438965e+01
   4.0083030e+06   5.1513672e+01
   4.0449710e+06   5.6640625e+01
   4.0568640e+06   5.4138184e+01
   4.0753860e+06   5.1757812e+01
   4.1075840e+06   5.1879883e+01
   4.1535420e+06   5.4687500e+01
   4.1657020e+06   5.3161621e+01
   4.1713900e+06   5.2062988e+01
   4.2156300e+06   5.9753418e+01
   4.2644640e+06   5.3833008e+01
   4.2648210e+06   5.3588867e+01
   4.2893580e+06   5.3466797e+01
   4.2982720e+06   5.1757812e+01
   4.3094340e+06   5.3771973e+01
   4.3351530e+06   5.2001953e+01
   4.3493650e+06   5.3588867e+01
   4.3776040e+06   5.4992676e+01
   4.3779410e+06   5.3161621e+01
   4.3885140e+06   5.3527832e+01
   4.4035410e+06   5.7067871e+01
   4.4146790e+06   5.2856445e+01
   4.4222970e+06   5.1574707e+01
   4.4697110e+06   6.1218262e+01
   4.5103550e+06   5.6457520e+01
   4.5231050e+06   5.3710938e+01
   4.5374840e+06   7.4768066e+01
   4.5519100e+06   5.9570312e+01
   4.5524830e+06   5.1940918e+01
   4.5620120e+06   5.8959961e+01
   4.5830330e+06   5.2429199e+01
   4.5942960e+06   5.2856445e+01
   4.5957140e+06   5.5114746e+01
   4.6155460e+06   5.8776855e+01
   4.6169130e+06   5.7312012e+01
   4.6270270e+06   5.2246094e+01
   4.6271770e+06   5.4016113e+01
   4.6366890e+06   5.2917480e+01
   4.6582470e+06   5.3161621e+01
   4.6699140e+06   5.6518555e+01
   4.7079940e+06   5.5236816e+01
   4.7323050e+06   5.1513672e+01
   4.7334490e+06   5.1696777e+01
   4.7526100e+06   5.3222656e+01
   4.7901150e+06   5.5847168e+01
   4.7955840e+06   5.3161621e+01
   4.8113890e+06   5.2062988e+01
   4.8483700e+06   7.5500488e+01
   4.8496080e+06   6.3049316e+01
   4.8630830e+06   5.1940918e+01
   4.8808990e+06   5.7617188e+01
   4.8962290e+06   5.1940918e+01
   4.9221590e+06   5.2307129e+01
   4.9643140e+06   5.8532715e+01
   4.9686800e+06   5.3466797e+01
   5.0048470e+06   5.1452637e+01
   5.0071620e+06   5.2429199e+01
   5.0199950e+06   5.4016113e+01
   5.0212280e+06   5.4748535e+01
   5.0459800e+06   5.6884766e+01
   5.0528120e+06   5.2001953e+01
   5.0698390e+06   5.5908203e+01
   5.0795290e+06   5.3955078e+01
   5.1130710e+06   5.4870605e+01
   5.1205640e+06   6.0302734e+01
   5.1349300e+06   5.2368164e+01
   5.1412220e+06   5.5297852e+01
   5.1791220e+06   5.6213379e+01
   5.1956990e+06   5.4443359e+01
   5.1987800e+06   5.4992676e+01
   5.2444820e+06   5.3283691e+01
   5.2459340e+06   5.1757812e+01
   5.2815520e+06   5.9326172e+01
   5.3013880e+06   5.2551270e+01
   5.3037870e+06   5.5786133e+01
   5.3049700e+06   5.3222656e+01
   5.3180430e+06   5.6152344e+01
   5.4041940e+06   5.2429199e+01
   5.4106760e+06   5.3588867e+01
   5.4259020e+06   5.4748535e+01
   5.4716370e+06   5.4931641e+01
   5.4853770e+06   5.7983398e+01
   5.4989950e+06   5.3283691e+01
   5.5299150e+06   5.4565430e+01
   5.5578790e+06   5.6152344e+01
   5.5780190e+06   6.1767578e+01
   5.5995300e+06   5.1574707e+01
   5.6369570e+06   5.3222656e+01
   5.6804200e+06   5.3344727e+01
   5.7051610e+06   5.4565430e+01
   5.7534720e+06   5.3588867e+01
   5.7767250e+06   5.2062988e+01
   5.8184810e+06   5.1513672e+01
   5.8284880e+06   5.5114746e+01
   5.8634750e+06   5.4504395e+01
   5.8901760e+06   6.1279297e+01
   5.9068870e+06   5.5969238e+01
   5.9573460e+06   5.3527832e+01
   5.9746410e+06   5.2734375e+01
   5.9892430e+06   6.4880371e+01
   6.0250710e+06   5.6945801e+01
   6.0354470e+06   5.5603027e+01
   6.0485940e+06   5.3894043e+01
   6.0722250e+06   5.7067871e+01
   6.1062390e+06   5.7983398e+01
   6.1063780e+06   5.5419922e+01
   6.1484840e+06   5.2673340e+01
   6.1491180e+06   5.3466797e+01
   6.1709980e+06   6.2377930e+01
   6.2159540e+06   5.6030273e+01
   6.2617540e+06   5.8471680e+01
   6.2828950e+06   6.0241699e+01
   6.3299520e+06   5.4199219e+01
   6.3658370e+06   5.8227539e+01
   6.3901720e+06   5.3894043e+01
   6.3917400e+06   5.3039551e+01
   6.4342780e+06   5.1696777e+01
   6.4697550e+06   5.9082031e+01
   6.4871190e+06   5.5541992e+01
   6.5013240e+06   6.7504883e+01
   6.5255390e+06   5.4626465e+01
   6.5655300e+06   5.6762695e+01
   6.6224610e+06   5.9570312e+01
   6.6225280e+06   5.4138184e+01
   6.6365000e+06   5.9448242e+01
   6.6974200e+06   5.5480957e+01
   6.6981740e+06   5.1757812e+01
   6.7244810e+06   5.2307129e+01
   6.7658740e+06   6.2744141e+01
   6.7911310e+06   5.3894043e+01
   6.8060570e+06   5.1513672e+01
   6.8245790e+06   5.2368164e+01
   6.8302340e+06   6.3354492e+01
   6.8486380e+06   6.0913086e+01
   6.8912250e+06   5.6884766e+01
   6.8957580e+06   5.2490234e+01
   6.9541870e+06   5.2062988e+01
   6.9543450e+06   5.4077148e+01
   7.0224570e+06   5.2185059e+01
   7.0498910e+06   5.2429199e+01
   7.1130250e+06   5.4748535e+01
   7.1344640e+06   5.4565430e+01
   7.1663200e+06   5.5175781e+01
   7.2640000e+06   5.2490234e+01
   7.2911380e+06   6.2316895e+01
   7.3293050e+06   5.6762695e+01
   7.3397450e+06   5.6152344e+01
   7.4392470e+06   5.4321289e+01
   7.5232040e+06   5.7922363e+01
   7.5486850e+06   6.1706543e+01
   7.5807940e+06   5.4443359e+01
   7.5870410e+06   5.2246094e+01
   7.6049660e+06   5.2307129e+01
   7.6497650e+06   5.8715820e+01
   7.6795490e+06   5.6457520e+01
   7.7322100e+06   5.8837891e+01
   7.7325460e+06   5.9387207e+01
   7.7457920e+06   5.6518555e+01
   7.8136620e+06   5.5297852e+01
   7.8333930e+06   5.8654785e+01
   7.8435120e+06   5.1818848e+01
   7.8713320e+06   5.1879883e+01
   7.9178760e+06   5.6274414e+01
   7.9896780e+06   5.9204102e+01
   7.9898810e+06   5.5114746e+01
   8.0105410e+06   5.5236816e+01
   8.0396930e+06   5.9387207e+01
   8.0818410e+06   5.2001953e+01
   8.0892100e+06   5.3283691e+01
   8.0968880e+06   5.1635742e+01
   8.1128880e+06   5.2978516e+01
   8.1363580e+06   5.4870605e+01
   8.1636500e+06   5.2368164e+01
   8.1855700e+06   5.4077148e+01
   8.2004070e+06   5.5664062e+01
   8.2016440e+06   5.6884766e+01
   8.2287500e+06   5.1940918e+01
   8.2539590e+06   5.6945801e+01
   8.2726840e+06   5.1513672e+01
   8.2754420e+06   5.5480957e+01
   8.2760510e+06   5.8166504e+01
   8.2913910e+06   5.8715820e+01
   8.3127200e+06   5.4138184e+01
   8.3260770e+06   5.2124023e+01
   8.3567140e+06   5.5603027e+01
   8.3568400e+06   5.2856445e+01
   8.3714690e+06   5.1818848e+01
   8.3725490e+06   5.7922363e+01
   8.4001020e+06   5.8288574e+01
   8.4169400e+06   5.2551270e+01
   8.4178500e+06   5.2307129e+01
   8.4369520e+06   5.1757812e+01
   8.4445890e+06   5.2124023e+01
   8.4853770e+06   5.3100586e+01
   8.5438260e+06   5.4565430e+01
   8.5775210e+06   5.5664062e+01
   8.6220220e+06   5.1879883e+01
   8.6580980e+06   5.2856445e+01
   8.6705310e+06   5.9204102e+01
   8.6809750e+06   5.7067871e+01
   8.7895260e+06   5.4321289e+01
   8.8223760e+06   5.6396484e+01
   8.8838250e+06   5.2490234e+01
   8.9198410e+06   5.3710938e+01
   8.9310760e+06   5.1574707e+01
   8.9349900e+06   5.5236816e+01
   8.9908320e+06   5.2490234e+01
