   8.9990000e+06   0.0000000e+00
   5.4720000e+03   4.4189453e+01
   1.1345000e+04   4.1931152e+01
   5.6533000e+04   4.5471191e+01
   6.9000000e+04   4.3762207e+01
   9.0612000e+04   4.5715332e+01
   1.1801500e+05   4.1320801e+01
   1.4580700e+05   4.4189453e+01
   1.5682000e+05   4.1381836e+01
   1.8794800e+05   4.4799805e+01
   2.4095700e+05   4.1809082e+01
   3.3992400e+05   4.2053223e+01
   3.7152600e+05   4.2724609e+01
   4.2798300e+05   4.6203613e+01
   4.9088500e+05   4.6325684e+01
   5.4069100e+05   4.1381836e+01
   6.0943500e+05   4.4067383e+01
   6.3896300e+05   4.1442871e+01
   6.4145300e+05   4.1809082e+01
   6.6322600e+05   4.3029785e+01
   7.4157500e+05   4.4616699e+01
   7.8066500e+05   4.9560547e+01
   8.0532800e+05   4.1320801e+01
   8.5398600e+05   4.1320801e+01
   8.9813300e+05   4.1320801e+01
   9.2679200e+05   4.6569824e+01
   9.8259000e+05   4.5288086e+01
   1.0449180e+06   4.4982910e+01
   1.0923980e+06   4.2114258e+01
   1.0980440e+06   4.2785645e+01
   1.1433070e+06   4.1992187e+01
   1.1564970e+06   4.1809082e+01
   1.2192470e+06   4.1381836e+01
   1.3018910e+06   4.2602539e+01
   1.3198900e+06   4.2846680e+01
   1.3237760e+06   4.2297363e+01
   1.3725300e+06   4.2602539e+01
   1.3911560e+06   4.2358398e+01
   1.3960940e+06   4.5532227e+01
   1.4568470e+06   4.1381836e+01
   1.4781290e+06   4.2480469e+01
   1.5350070e+06   4.2358398e+01
   1.5633210e+06   4.3334961e+01
   1.5666150e+06   4.4006348e+01
   1.7282280e+06   5.0292969e+01
   1.7349140e+06   4.4494629e+01
   1.7454760e+06   4.4128418e+01
   1.7772070e+06   4.1870117e+01
   1.7911460e+06   4.4128418e+01
   1.8239670e+06   4.1870117e+01
   1.8453490e+06   4.6569824e+01
   1.8611130e+06   4.2053223e+01
   1.9041360e+06   4.1687012e+01
   1.9122830e+06   4.2724609e+01
   1.9377230e+06   4.1687012e+01
   1.9484700e+06   4.6081543e+01
   1.9998180e+06   4.2114258e+01
   2.0432300e+06   4.1931152e+01
   2.0847350e+06   4.5288086e+01
   2.0862920e+06   4.2602539e+01
   2.1090600e+06   4.3640137e+01
   2.1246520e+06   4.1931152e+01
   2.1622550e+06   4.1564941e+01
   2.1647540e+06   4.2175293e+01
   2.2407950e+06   4.4982910e+01
   2.2771630e+06   5.2124023e+01
   2.3016350e+06   4.1503906e+01
   2.3218470e+06   4.5654297e+01
   2.3612720e+06   4.5471191e+01
   2.3618620e+06   4.3029785e+01
   2.3747220e+06   4.1748047e+01
   2.3802760e+06   4.2541504e+01
   2.4038970e+06   4.6936035e+01
   2.4100990e+06   4.6081543e+01
   2.4243570e+06   4.4982910e+01
   2.5271180e+06   4.1809082e+01
   2.5805730e+06   4.3212891e+01
   2.6194660e+06   4.3334961e+01
   2.6318230e+06   4.8339844e+01
   2.6733460e+06   4.4372559e+01
   2.6784840e+06   4.6813965e+01
   2.7730750e+06   4.6142578e+01
   2.8276000e+06   4.1381836e+01
   2.8464490e+06   4.1503906e+01
   2.8466470e+06   4.5959473e+01
   2.8590900e+06   4.4006348e+01
   2.8693940e+06   4.1320801e+01
   2.9192460e+06   4.4921875e+01
   2.9416100e+06   4.1381836e+01
   2.9643020e+06   4.1442871e+01
   2.9663060e+06   4.3884277e+01
   2.9958280e+06   4.6020508e+01
   3.0064590e+06   4.1625977e+01
   3.0335170e+06   4.1564941e+01
   3.0583290e+06   4.2785645e+01
   3.0671930e+06   4.1564941e+01
   3.1054590e+06   4.4555664e+01
   3.1184780e+06   4.2419434e+01
   3.1191920e+06   4.3701172e+01
   3.1203050e+06   4.2785645e+01
   3.1306850e+06   4.2297363e+01
   3.1925240e+06   4.1748047e+01
   3.2356640e+06   4.4006348e+01
   3.2405750e+06   4.6203613e+01
   3.2790650e+06   4.3762207e+01
   3.3047150e+06   4.2785645e+01
   3.3299000e+06   4.1564941e+01
   3.3632860e+06   4.1931152e+01
   3.3690350e+06   4.3579102e+01
   3.3800020e+06   4.2785645e+01
   3.3823950e+06   4.9133301e+01
   3.4345470e+06   4.2480469e+01
   3.4644840e+06   4.3701172e+01
   3.4979030e+06   4.3518066e+01
   3.6040390e+06   4.4128418e+01
   3.6560030e+06   4.1687012e+01
   3.6621290e+06   4.4982910e+01
   3.6761970e+06   4.1564941e+01
   3.6813180e+06   4.5166016e+01
   3.6889930e+06   4.8217773e+01
   3.7928420e+06   4.1870117e+01
   3.8588750e+06   6.0791016e+01
   3.8901830e+06   4.4921875e+01
   3.9157090e+06   4.1381836e+01
   3.9238930e+06   5.5358887e+01
   3.9249090e+06   4.8400879e+01
   3.9354500e+06   4.2175293e+01
   3.9671380e+06   4.1748047e+01
   4.0137960e+06   4.2114258e+01
   4.0401080e+06   4.5776367e+01
   4.0425200e+06   4.1809082e+01
   4.0464550e+06   4.2419434e+01
   4.0482530e+06   4.1442871e+01
   4.0523660e+06   4.2114258e+01
   4.0550810e+06   4.2663574e+01
   4.0777550e+06   5.3771973e+01
   4.0929540e+06   4.5349121e+01
   4.1186530e+06   4.1503906e+01
   4.1562550e+06   4.2114258e+01
   4.1708590e+06   4.6203613e+01
   4.1914520e+06   4.3457031e+01
   4.1940160e+06   4.7607422e+01
   4.2004070e+06   4.1809082e+01
   4.2189300e+06   4.3640137e+01
   4.2305220e+06   4.1992188e+01
   4.2474840e+06   4.3273926e+01
   4.2755810e+06   4.6630859e+01
   4.2801430e+06   4.2419434e+01
   4.3052750e+06   4.9255371e+01
   4.3250910e+06   4.1992188e+01
   4.3346830e+06   4.9560547e+01
   4.3682400e+06   4.2175293e+01
   4.3814680e+06   6.2866211e+01
   4.4010570e+06   4.2724609e+01
   4.4364820e+06   4.6081543e+01
   4.4368500e+06   4.2480469e+01
   4.4677350e+06   4.1442871e+01
   4.4712350e+06   4.3762207e+01
   4.4811170e+06   5.4626465e+01
   4.4958010e+06   4.3273926e+01
   4.5403950e+06   4.1320801e+01
   4.5553400e+06   4.5349121e+01
   4.5596170e+06   4.6081543e+01
   4.5923870e+06   4.2785645e+01
   4.6331040e+06   4.4067383e+01
   4.6340930e+06   4.8156738e+01
   4.6444080e+06   4.5166016e+01
   4.6452700e+06   4.8156738e+01
   4.6454150e+06   4.1381836e+01
   4.6482930e+06   4.2419434e+01
   4.7405590e+06   4.5410156e+01
   4.7444240e+06   4.1870117e+01
   4.7599480e+06   4.2297363e+01
   4.7673100e+06   4.1442871e+01
   4.7768540e+06   4.5410156e+01
   4.8106150e+06   4.1381836e+01
   4.8126460e+06   4.4738770e+01
   4.8365590e+06   4.7790527e+01
   4.8435000e+06   5.1452637e+01
   4.8465350e+06   4.6508789e+01
   4.8574040e+06   4.1564941e+01
   4.8668100e+06   4.9926758e+01
   4.8849040e+06   4.2541504e+01
   4.8885190e+06   4.4677734e+01
   4.8988240e+06   4.1625977e+01
   4.9036010e+06   4.2114258e+01
   4.9066850e+06   4.7851562e+01
   4.9070440e+06   4.8339844e+01
   4.9081810e+06   4.1992188e+01
   4.9225890e+06   4.1503906e+01
   4.9452220e+06   4.3945312e+01
   4.9534070e+06   4.3579102e+01
   4.9541380e+06   4.4738770e+01
   4.9963930e+06   4.2785645e+01
   5.0106630e+06   4.2419434e+01
   5.0234250e+06   4.1931152e+01
   5.0539780e+06   4.5898438e+01
   5.0785990e+06   4.2419434e+01
   5.1039420e+06   4.6936035e+01
   5.1066800e+06   4.8034668e+01
   5.1090350e+06   4.1687012e+01
   5.1262150e+06   4.2236328e+01
   5.1458200e+06   4.8400879e+01
   5.1807520e+06   4.2236328e+01
   5.2146350e+06   4.1992188e+01
   5.2384530e+06   4.3090820e+01
   5.2596230e+06   4.5410156e+01
   5.2883150e+06   4.1992188e+01
   5.2991860e+06   4.1503906e+01
   5.3245860e+06   4.1992188e+01
   5.3288110e+06   4.3334961e+01
   5.3902670e+06   4.3029785e+01
   5.4271760e+06   4.4555664e+01
   5.4817660e+06   4.3762207e+01
   5.5000770e+06   4.3090820e+01
   5.5567620e+06   4.3762207e+01
   5.6237420e+06   4.5166016e+01
   5.6418870e+06   4.4006348e+01
   5.6452610e+06   4.3029785e+01
   5.6737230e+06   4.3151855e+01
   5.6848230e+06   4.1748047e+01
   5.7106140e+06   4.2114258e+01
   5.7484220e+06   4.1442871e+01
   5.7698230e+06   4.2846680e+01
   5.7859190e+06   4.1809082e+01
   5.8077290e+06   4.1870117e+01
   5.8285580e+06   4.1687012e+01
   5.8293290e+06   4.2785645e+01
   5.8871650e+06   4.8950195e+01
   5.9376640e+06   4.1625977e+01
   5.9399370e+06   4.1809082e+01
   5.9714520e+06   4.4860840e+01
   5.9747970e+06   4.6203613e+01
   6.0023450e+06   4.2419434e+01
   6.0315760e+06   4.1687012e+01
   6.0470720e+06   4.1931152e+01
   6.1454690e+06   4.8950195e+01
   6.2023010e+06   4.2541504e+01
   6.2215890e+06   4.2968750e+01
   6.2327790e+06   4.2053223e+01
   6.2362470e+06   4.1809082e+01
   6.2699920e+06   4.3884277e+01
   6.2775970e+06   4.4799805e+01
   6.2872850e+06   4.2297363e+01
   6.3156050e+06   4.2785645e+01
   6.3279650e+06   4.4189453e+01
   6.3541140e+06   4.2541504e+01
   6.3851290e+06   4.3151855e+01
   6.3930520e+06   5.4199219e+01
   6.4027980e+06   4.3273926e+01
   6.4208730e+06   4.4555664e+01
   6.4224560e+06   4.3334961e+01
   6.4615260e+06   4.5593262e+01
   6.4730230e+06   4.1381836e+01
   6.5321110e+06   4.1625977e+01
   6.5744750e+06   4.4860840e+01
   6.5792500e+06   4.4921875e+01
   6.5928400e+06   4.3029785e+01
   6.6908480e+06   4.4128418e+01
   6.7047900e+06   4.3945312e+01
   6.7262420e+06   4.1809082e+01
   6.7282940e+06   4.6203613e+01
   6.7650850e+06   4.2541504e+01
   6.7793980e+06   4.2358398e+01
   6.8658670e+06   4.4982910e+01
   6.8722790e+06   4.2663574e+01
   6.8980460e+06   4.1381836e+01
   6.9186740e+06   4.1442871e+01
   6.9987850e+06   4.2663574e+01
   7.0077670e+06   4.3151855e+01
   7.0938490e+06   4.2297363e+01
   7.1098860e+06   5.2246094e+01
   7.1664480e+06   4.3945312e+01
   7.1750380e+06   4.1625977e+01
   7.2296290e+06   4.2724609e+01
   7.2677950e+06   4.7241211e+01
   7.2826640e+06   4.6569824e+01
   7.2943810e+06   4.2114258e+01
   7.3521540e+06   4.3395996e+01
   7.3996740e+06   4.1809082e+01
   7.4217900e+06   4.3518066e+01
   7.4228060e+06   4.2785645e+01
   7.5051350e+06   4.4738770e+01
   7.5056510e+06   4.4860840e+01
   7.5097130e+06   4.2358398e+01
   7.5138500e+06   4.3945312e+01
   7.5269360e+06   4.2236328e+01
   7.5605790e+06   4.3701172e+01
   7.5688140e+06   4.2358398e+01
   7.5730620e+06   4.1748047e+01
   7.5838660e+06   4.3029785e+01
   7.6006550e+06   4.1503906e+01
   7.6084460e+06   4.1870117e+01
   7.6104310e+06   4.1809082e+01
   7.6572970e+06   4.2907715e+01
   7.6773350e+06   4.3334961e+01
   7.6989690e+06   4.2663574e+01
   7.7171730e+06   4.5166016e+01
   7.7415890e+06   4.2175293e+01
   7.8484870e+06   4.1564941e+01
   7.8552750e+06   4.4128418e+01
   7.8659940e+06   4.2968750e+01
   7.9127150e+06   4.1442871e+01
   7.9239350e+06   4.1809082e+01
   7.9648260e+06   4.3579102e+01
   7.9666120e+06   4.1809082e+01
   7.9819820e+06   4.2663574e+01
   8.0382090e+06   4.9316406e+01
   8.0607880e+06   4.4372559e+01
   8.0733980e+06   4.7241211e+01
   8.1347660e+06   4.2053223e+01
   8.1904990e+06   4.2785645e+01
   8.1905570e+06   4.1320801e+01
   8.2176240e+06   4.3762207e+01
   8.2383590e+06   4.2053223e+01
   8.2582780e+06   4.2358398e+01
   8.2632380e+06   4.5043945e+01
   8.2840390e+06   4.1381836e+01
   8.3116420e+06   4.1381836e+01
   8.3158950e+06   4.2663574e+01
   8.3423430e+06   4.2541504e+01
   8.3541800e+06   4.2663574e+01
   8.3578690e+06   4.3090820e+01
   8.3977100e+06   4.1687012e+01
   8.4268230e+06   4.1748047e+01
   8.4313770e+06   4.2968750e+01
   8.4683610e+06   4.2968750e+01
   8.4859050e+06   4.2297363e+01
   8.6195860e+06   4.1809082e+01
   8.6479680e+06   4.2541504e+01
   8.6933390e+06   4.3334961e+01
   8.7188710e+06   4.7424316e+01
   8.7224940e+06   4.5593262e+01
   8.7247780e+06   4.2541504e+01
   8.7671730e+06   4.2724609e+01
   8.7769460e+06   4.2907715e+01
   8.7881840e+06   4.3823242e+01
   8.8008830e+06   4.4250488e+01
   8.8154670e+06   4.1809082e+01
   8.8176250e+06   4.3518066e+01
   8.8443420e+06   4.4921875e+01
   8.8504570e+06   4.2297363e+01
   8.8775360e+06   4.3090820e+01
   8.8851790e+06   4.1625977e+01
   8.9562990e+06   4.2175293e+01
