   8.9990000e+06   0.0000000e+00
   7.7435000e+04   4.3334961e+01
   7.2265600e+05   4.1015625e+01
   1.0700920e+06   4.1381836e+01
   1.7819010e+06   4.3762207e+01
   1.8731390e+06   4.1992188e+01
   2.1956840e+06   4.1137695e+01
   2.3264490e+06   4.3212891e+01
   2.4745150e+06   4.1992188e+01
   2.8611190e+06   4.0344238e+01
   2.9870790e+06   4.0405273e+01
   3.2313180e+06   4.2724609e+01
   3.6052290e+06   4.0832520e+01
   3.7249820e+06   4.2297363e+01
   3.9768100e+06   4.0222168e+01
   4.5628260e+06   4.1503906e+01
   4.6192710e+06   4.0649414e+01
   4.9260970e+06   4.2358398e+01
   5.1957220e+06   4.4128418e+01
   5.5099280e+06   4.0893555e+01
   6.0259540e+06   4.2541504e+01
   6.1172080e+06   4.0405273e+01
   6.2304060e+06   4.0283203e+01
   6.3235140e+06   4.6264648e+01
   6.3558950e+06   4.1564941e+01
   6.4416860e+06   4.2114258e+01
   7.2198710e+06   4.0954590e+01
   7.8373770e+06   4.6325684e+01
   7.8755510e+06   4.1931152e+01
   7.9880030e+06   4.4921875e+01
   8.1811980e+06   4.1320801e+01
   8.3685960e+06   4.2785645e+01
   8.4268650e+06   4.3762207e+01
   8.5860420e+06   4.0710449e+01
