   8.9990000e+06   0.0000000e+00
   4.4555000e+04   4.4921875e+01
   1.6825900e+05   4.6752930e+01
   2.8884300e+05   4.4372559e+01
   3.5333900e+05   4.5104980e+01
   3.7697000e+05   4.3884277e+01
   6.1263200e+05   4.4799805e+01
   1.0715700e+06   4.4067383e+01
   1.1061130e+06   4.5043945e+01
   1.2060160e+06   4.3945312e+01
   1.3028200e+06   4.4921875e+01
   1.5142380e+06   4.8278809e+01
   1.5922620e+06   4.7851562e+01
   1.7944750e+06   4.5776367e+01
   1.8536160e+06   5.2490234e+01
   1.8731290e+06   4.5288086e+01
   1.9910510e+06   4.5776367e+01
   2.1067740e+06   4.4677734e+01
   2.1170660e+06   4.5898438e+01
   2.1668340e+06   4.4494629e+01
   3.0058080e+06   4.4799805e+01
   3.2296550e+06   4.3762207e+01
   3.2445050e+06   4.4433594e+01
   3.2583010e+06   4.9072266e+01
   3.3168980e+06   4.3701172e+01
   3.3443800e+06   4.6813965e+01
   3.5694740e+06   4.8095703e+01
   4.0957850e+06   4.4921875e+01
   4.3034630e+06   4.4250488e+01
   4.7407320e+06   4.4982910e+01
   4.7655920e+06   4.8706055e+01
   4.7786880e+06   4.7485352e+01
   5.1086890e+06   4.4006348e+01
   5.3971920e+06   4.3762207e+01
   5.4190160e+06   4.4128418e+01
   5.4535760e+06   4.4677734e+01
   5.5218770e+06   4.3762207e+01
   5.9686360e+06   4.4494629e+01
   6.1780470e+06   5.0292969e+01
   6.3935900e+06   4.7912598e+01
   6.6808800e+06   4.4311523e+01
   6.7276250e+06   4.6630859e+01
   6.8742300e+06   4.8217773e+01
   6.9292360e+06   4.4189453e+01
   7.1332170e+06   5.1574707e+01
   7.3366740e+06   4.4433594e+01
   7.3565340e+06   4.5410156e+01
   7.3845480e+06   4.7241211e+01
   7.4397770e+06   4.7912598e+01
   7.5094520e+06   4.6875000e+01
   7.6009660e+06   4.5288086e+01
   7.7249550e+06   4.8339844e+01
   7.7981000e+06   4.5043945e+01
   7.9675970e+06   4.9499512e+01
   7.9746580e+06   5.0842285e+01
   8.1175560e+06   4.4128418e+01
   8.2337950e+06   4.5898438e+01
   8.2991680e+06   5.7006836e+01
   8.5409330e+06   4.6997070e+01
   8.5824920e+06   5.0048828e+01
   8.7037210e+06   4.5288086e+01
   8.7737660e+06   4.4250488e+01
