   8.9990000e+06   0.0000000e+00
   9.5160000e+04   4.5043945e+01
   2.0649000e+05   4.8706055e+01
   2.1369500e+05   4.7424316e+01
   2.6422600e+05   8.0993652e+01
   3.1681100e+05   4.5043945e+01
   3.6033200e+05   4.8034668e+01
   3.7042800e+05   4.9987793e+01
   3.8876800e+05   4.7363281e+01
   4.7058200e+05   4.6020508e+01
   5.2268500e+05   4.4494629e+01
   6.9871100e+05   5.0415039e+01
   7.2010600e+05   4.4921875e+01
   7.8204800e+05   4.4616699e+01
   7.9668600e+05   4.6997070e+01
   8.6882400e+05   5.0231934e+01
   8.7574200e+05   4.5593262e+01
   9.3563100e+05   4.7485352e+01
   1.0022670e+06   4.5654297e+01
   1.0405590e+06   4.5288086e+01
   1.0990450e+06   5.3405762e+01
   1.1329490e+06   4.4799805e+01
   1.1783880e+06   4.6936035e+01
   1.2706120e+06   4.4921875e+01
   1.3518790e+06   4.5776367e+01
   1.4605970e+06   4.6997070e+01
   1.4666760e+06   4.4555664e+01
   1.4772090e+06   4.4433594e+01
   1.5042350e+06   4.9194336e+01
   1.6220880e+06   4.4677734e+01
   1.7484180e+06   4.4860840e+01
   1.7590440e+06   4.8034668e+01
   1.8030860e+06   4.7973633e+01
   1.8446680e+06   4.8095703e+01
   1.8786720e+06   4.4738770e+01
   1.8868980e+06   4.7302246e+01
   2.1556560e+06   4.5349121e+01
   2.1928030e+06   4.5227051e+01
   2.2210750e+06   4.4799805e+01
   2.2517950e+06   4.6569824e+01
   2.3801880e+06   4.8217773e+01
   2.4411540e+06   4.4799805e+01
   2.4538110e+06   4.4799805e+01
   2.5167920e+06   4.6875000e+01
   2.5805040e+06   4.7607422e+01
   2.6056390e+06   4.7607422e+01
   2.6308540e+06   4.4433594e+01
   2.6851180e+06   4.6569824e+01
   2.7189680e+06   7.8735352e+01
   2.7382530e+06   4.6630859e+01
   2.7468700e+06   4.6508789e+01
   2.7546130e+06   4.4921875e+01
   2.7852750e+06   4.8583984e+01
   2.8024300e+06   4.6875000e+01
   2.8583750e+06   4.7119141e+01
   2.8948680e+06   5.0231934e+01
   2.9368220e+06   4.8339844e+01
   2.9428580e+06   4.5654297e+01
   2.9521430e+06   4.5349121e+01
   2.9844390e+06   5.1025391e+01
   3.0620720e+06   4.4799805e+01
   3.0701880e+06   4.9438477e+01
   3.1128420e+06   7.2387695e+01
   3.1129520e+06   4.8645020e+01
   3.1263280e+06   4.6325684e+01
   3.1362840e+06   4.4921875e+01
   3.1693900e+06   5.0170898e+01
   3.2687940e+06   4.5959473e+01
   3.2823920e+06   8.1787109e+01
   3.2833630e+06   5.2978516e+01
   3.3222940e+06   4.8889160e+01
   3.3950080e+06   4.7790527e+01
   3.4266110e+06   7.5561523e+01
   3.4267700e+06   5.1757813e+01
   3.4531790e+06   5.1086426e+01
   3.4664540e+06   4.7302246e+01
   3.4984530e+06   7.0495605e+01
   3.5424580e+06   4.9499512e+01
   3.5651550e+06   4.5104980e+01
   3.6091620e+06   4.7485352e+01
   3.6267130e+06   8.0444336e+01
   3.6268240e+06   4.4555664e+01
   3.6728070e+06   7.7941895e+01
   3.6736460e+06   4.5654297e+01
   3.6743810e+06   5.1452637e+01
   3.6975520e+06   5.1635742e+01
   3.7260350e+06   8.6853027e+01
   3.7268340e+06   7.0983887e+01
   3.7600550e+06   4.4433594e+01
   3.7973430e+06   4.7180176e+01
   3.8826140e+06   4.5837402e+01
   3.8933070e+06   8.3984375e+01
   3.9203100e+06   8.2397461e+01
   3.9450010e+06   4.7729492e+01
   3.9800260e+06   4.7363281e+01
   3.9876720e+06   5.0659180e+01
   4.0249990e+06   7.9772949e+01
   4.0252120e+06   6.0485840e+01
   4.0891080e+06   4.6386719e+01
   4.1199620e+06   4.4677734e+01
   4.1770110e+06   8.5632324e+01
   4.1778610e+06   4.9926758e+01
   4.2205760e+06   4.6264648e+01
   4.2275520e+06   5.1086426e+01
   4.2325550e+06   4.6447754e+01
   4.2550650e+06   5.1513672e+01
   4.2942980e+06   9.3566895e+01
   4.2952450e+06   6.5673828e+01
   4.3100250e+06   4.6997070e+01
   4.3165220e+06   7.0983887e+01
   4.3245440e+06   7.6660156e+01
   4.3257710e+06   7.5317383e+01
   4.3314460e+06   4.8339844e+01
   4.3929430e+06   8.4777832e+01
   4.3932890e+06   5.5541992e+01
   4.4478520e+06   7.5561523e+01
   4.4482140e+06   5.7617188e+01
   4.4484660e+06   4.8400879e+01
   4.4929170e+06   9.2163086e+01
   4.4935590e+06   4.7058105e+01
   4.5265620e+06   5.6274414e+01
   4.5465700e+06   7.7270508e+01
   4.5471310e+06   5.4748535e+01
   4.5754010e+06   8.5205078e+01
   4.5759500e+06   5.5297852e+01
   4.6294310e+06   4.5654297e+01
   4.6346000e+06   9.0637207e+01
   4.6997700e+06   5.0292969e+01
   4.7237970e+06   6.8908691e+01
   4.7241460e+06   4.7668457e+01
   4.7887310e+06   8.6791992e+01
   4.7901190e+06   4.6386719e+01
   4.8050560e+06   7.5500488e+01
   4.8225420e+06   8.2763672e+01
   4.8574310e+06   4.6936035e+01
   4.8659590e+06   5.4931641e+01
   4.8720370e+06   8.8500977e+01
   4.8723560e+06   5.1086426e+01
   4.8858650e+06   4.8522949e+01
   4.9150080e+06   8.0322266e+01
   4.9406400e+06   7.9650879e+01
   4.9444220e+06   4.6325684e+01
   4.9603070e+06   4.9438477e+01
   5.0020470e+06   8.8806152e+01
   5.0025700e+06   5.3405762e+01
   5.0244900e+06   8.3374023e+01
   5.0254440e+06   5.6274414e+01
   5.0392190e+06   4.5471191e+01
   5.0575710e+06   4.4921875e+01
   5.0590280e+06   7.7209473e+01
   5.0609420e+06   4.8583984e+01
   5.0658230e+06   4.6875000e+01
   5.0899090e+06   7.3364258e+01
   5.1170110e+06   8.4960938e+01
   5.1229430e+06   4.5288086e+01
   5.1450890e+06   4.7180176e+01
   5.1529590e+06   7.1777344e+01
   5.1623810e+06   5.0964355e+01
   5.1821780e+06   7.7453613e+01
   5.2397140e+06   8.6853027e+01
   5.2403970e+06   5.9631348e+01
   5.2504520e+06   4.4677734e+01
   5.2538010e+06   5.2673340e+01
   5.2636070e+06   6.2805176e+01
   5.2849970e+06   4.4860840e+01
   5.2942870e+06   7.2814941e+01
   5.3125730e+06   8.0322266e+01
   5.3135020e+06   4.7058105e+01
   5.3141830e+06   4.6142578e+01
   5.3623980e+06   7.2570801e+01
   5.3631360e+06   4.5959473e+01
   5.4133200e+06   7.1777344e+01
   5.4136710e+06   4.8278809e+01
   5.4287410e+06   4.5654297e+01
   5.4520660e+06   8.3374023e+01
   5.4525160e+06   5.5969238e+01
   5.4528220e+06   4.9560547e+01
   5.4766970e+06   4.5776367e+01
   5.4958840e+06   8.0383301e+01
   5.4963790e+06   5.9814453e+01
   5.4973630e+06   5.4748535e+01
   5.5193600e+06   5.8898926e+01
   5.5197480e+06   8.4533691e+01
   5.5517740e+06   4.7790527e+01
   5.5594950e+06   8.7707520e+01
   5.5974770e+06   5.2246094e+01
   5.6363830e+06   7.9895020e+01
   5.6371120e+06   5.9997559e+01
   5.6620850e+06   8.2641602e+01
   5.6879630e+06   8.0871582e+01
   5.6888880e+06   4.7302246e+01
   5.7092230e+06   4.5043945e+01
   5.7191340e+06   7.1166992e+01
   5.7382350e+06   6.9274902e+01
   5.7649930e+06   7.6293945e+01
   5.8177530e+06   4.8217773e+01
   5.8403000e+06   7.8308105e+01
   5.8738890e+06   6.6650391e+01
   5.8977480e+06   7.9895020e+01
   5.8984560e+06   6.1218262e+01
   5.9276920e+06   8.8684082e+01
   5.9538240e+06   7.2509766e+01
   5.9927200e+06   4.9743652e+01
   6.0000510e+06   4.4982910e+01
   6.0589720e+06   8.3496094e+01
   6.1128080e+06   4.6142578e+01
   6.1682680e+06   4.7058105e+01
   6.1685260e+06   8.5632324e+01
   6.2041130e+06   8.7097168e+01
   6.2127560e+06   4.6936035e+01
   6.2398810e+06   7.4768066e+01
   6.3375100e+06   4.5532227e+01
   6.3517200e+06   4.9865723e+01
   6.3795280e+06   8.5327148e+01
   6.4027200e+06   7.8552246e+01
   6.4035330e+06   4.7180176e+01
   6.4312500e+06   4.4921875e+01
   6.4357850e+06   8.1909180e+01
   6.5355550e+06   5.6091309e+01
   6.6319660e+06   8.1115723e+01
   6.6320420e+06   4.5654297e+01
   6.6331800e+06   4.8278809e+01
   6.6431040e+06   5.0476074e+01
   6.7303640e+06   7.9223633e+01
   6.7310970e+06   6.1462402e+01
   6.7364850e+06   4.5593262e+01
   6.7575930e+06   4.9499512e+01
   6.7869520e+06   4.7302246e+01
   6.8045700e+06   5.1208496e+01
   6.8178630e+06   4.4799805e+01
   6.8248400e+06   4.5104980e+01
   6.8689050e+06   4.8217773e+01
   6.9943070e+06   4.4860840e+01
   7.0193110e+06   4.6325684e+01
   7.0316370e+06   7.6599121e+01
   7.0745340e+06   5.0109863e+01
   7.0969900e+06   4.9987793e+01
   7.1122750e+06   4.4677734e+01
   7.3888150e+06   7.6416016e+01
   7.3889410e+06   5.1696777e+01
   7.4445530e+06   4.9987793e+01
   7.4676530e+06   4.9804688e+01
   8.1399350e+06   5.0415039e+01
   8.3140990e+06   5.1513672e+01
   8.3479150e+06   4.6203613e+01
   8.6185160e+06   4.5776367e+01
   8.8306510e+06   4.9255371e+01
   8.9349340e+06   4.8278809e+01
