   8.9990000e+06   0.0000000e+00
   3.1960000e+03   4.2175293e+01
   3.7510000e+03   4.4433594e+01
   3.8670000e+03   6.5246582e+01
   4.5220000e+03   4.8950195e+01
   1.1300000e+04   6.2927246e+01
   1.5048000e+04   5.4748535e+01
   1.5874000e+04   5.8410645e+01
   2.2315000e+04   5.1025391e+01
   2.2683000e+04   4.2785645e+01
   3.4273000e+04   5.6884766e+01
   3.6504000e+04   5.4504395e+01
   4.3901000e+04   6.4025879e+01
   4.9539000e+04   6.4025879e+01
   4.9904000e+04   4.5959473e+01
   6.4240000e+04   6.7260742e+01
   6.4718000e+04   4.9621582e+01
   6.9079000e+04   5.0842285e+01
   7.1095000e+04   5.5908203e+01
   7.9753000e+04   4.5837402e+01
   8.0137000e+04   4.4067383e+01
   8.3217000e+04   5.9997559e+01
   8.9251000e+04   6.6223145e+01
   9.7553000e+04   6.9458008e+01
   9.7927000e+04   4.5532227e+01
   1.0044600e+05   5.8715820e+01
   1.0077500e+05   4.3701172e+01
   1.1262600e+05   6.0852051e+01
   1.1478900e+05   5.2734375e+01
   1.1523000e+05   5.0537109e+01
   1.2058400e+05   5.8776855e+01
   1.2092000e+05   4.4616699e+01
   1.2579600e+05   4.3884277e+01
   1.3063000e+05   4.1748047e+01
   1.3427500e+05   5.9997559e+01
   1.3535600e+05   4.4067383e+01
   1.3737400e+05   4.7241211e+01
   1.3766000e+05   4.4494629e+01
   1.3784400e+05   4.2846680e+01
   1.3960100e+05   4.5654297e+01
   1.3996400e+05   4.2297363e+01
   1.4556200e+05   6.5734863e+01
   1.4871100e+05   6.1157227e+01
   1.5305300e+05   4.5410156e+01
   1.5666500e+05   6.2316895e+01
   1.5738400e+05   4.9499512e+01
   1.6553000e+05   5.4992676e+01
   1.6623800e+05   4.3395996e+01
   1.7045000e+05   6.5551758e+01
   1.7809400e+05   6.2011719e+01
   1.7833300e+05   4.8645020e+01
   1.8388600e+05   4.6936035e+01
   1.8460500e+05   4.6997070e+01
   1.8522400e+05   4.9865723e+01
   1.8542500e+05   4.5349121e+01
   1.8878000e+05   6.0791016e+01
   1.9610900e+05   5.6701660e+01
   1.9673900e+05   5.7739258e+01
   2.0201400e+05   4.5898438e+01
   2.0268100e+05   4.6203613e+01
   2.1028000e+05   5.9265137e+01
   2.1551600e+05   5.7861328e+01
   2.1895400e+05   4.9377441e+01
   2.2031800e+05   4.3701172e+01
   2.3318400e+05   7.0983887e+01
   2.3418900e+05   4.9438477e+01
   2.3499900e+05   4.8767090e+01
   2.3907000e+05   4.8645020e+01
   2.4969500e+05   6.7077637e+01
   2.5375600e+05   5.6884766e+01
   2.5399400e+05   4.2663574e+01
   2.6516000e+05   6.8298340e+01
   2.6540600e+05   4.3029785e+01
   2.7425500e+05   5.9814453e+01
   2.7828500e+05   6.1340332e+01
   2.8190800e+05   5.2062988e+01
   2.8265400e+05   4.1748047e+01
   2.8852900e+05   6.1828613e+01
   2.9465300e+05   5.4321289e+01
   2.9553700e+05   4.2602539e+01
   3.0055900e+05   4.3945312e+01
   3.0859200e+05   6.7199707e+01
   3.1296900e+05   6.9274902e+01
   3.2014800e+05   6.8908691e+01
   3.2321000e+05   4.5898438e+01
   3.3074600e+05   6.4819336e+01
   3.3134700e+05   4.6447754e+01
   3.4179100e+05   6.5185547e+01
   3.4878900e+05   6.3354492e+01
   3.4963000e+05   5.4992676e+01
   3.5027900e+05   4.1870117e+01
   3.5646200e+05   5.2795410e+01
   3.5670600e+05   4.5654297e+01
   3.6305200e+05   6.2622070e+01
   3.6508300e+05   5.0415039e+01
   3.7182400e+05   6.7016602e+01
   3.7609200e+05   5.2246094e+01
   3.7637800e+05   4.8278809e+01
   3.8653300e+05   4.7973633e+01
   3.9171200e+05   4.7607422e+01
   3.9305300e+05   4.1748047e+01
   3.9338200e+05   6.0729980e+01
   3.9709300e+05   5.0781250e+01
   4.1236600e+05   6.9824219e+01
   4.1605600e+05   5.8471680e+01
   4.2292700e+05   6.2744141e+01
   4.3204700e+05   6.5917969e+01
   4.3231300e+05   4.9926758e+01
   4.4652100e+05   6.5917969e+01
   4.4893100e+05   4.8156738e+01
   4.5047400e+05   5.6091309e+01
   4.5096600e+05   5.9936523e+01
   4.5254300e+05   4.6936035e+01
   4.5281700e+05   4.6813965e+01
   4.5840500e+05   6.4392090e+01
   4.5865300e+05   4.2114258e+01
   4.6984700e+05   6.7504883e+01
   4.7013900e+05   4.8278809e+01
   4.7956700e+05   5.7739258e+01
   4.8447900e+05   5.8471680e+01
   4.8485600e+05   4.5104980e+01
   4.8556100e+05   5.2673340e+01
   5.0025900e+05   6.3354492e+01
   5.0379300e+05   5.7312012e+01
   5.0566100e+05   4.6875000e+01
   5.0865600e+05   6.0058594e+01
   5.0904900e+05   4.2907715e+01
   5.1110300e+05   5.0231934e+01
   5.1239600e+05   6.3049316e+01
   5.2029900e+05   5.9692383e+01
   5.2055600e+05   5.4504395e+01
   5.3801500e+05   6.7687988e+01
   5.4398600e+05   6.0546875e+01
   5.4477200e+05   4.3334961e+01
   5.4484000e+05   4.2114258e+01
   5.4520300e+05   4.8339844e+01
   5.4547000e+05   4.2114258e+01
   5.5283200e+05   6.2072754e+01
   5.5308500e+05   4.4433594e+01
   5.5863900e+05   6.0180664e+01
   5.5907600e+05   4.5715332e+01
   5.6753600e+05   6.4758301e+01
   5.7352700e+05   6.0913086e+01
   5.7844800e+05   4.4494629e+01
   5.7872900e+05   4.6752930e+01
   5.7888300e+05   4.3762207e+01
   5.8415200e+05   5.8837891e+01
   5.8651500e+05   5.4321289e+01
   5.8671500e+05   4.5104980e+01
   6.0001000e+05   7.1533203e+01
   6.0314100e+05   5.6091309e+01
   6.0415300e+05   4.3823242e+01
   6.1094100e+05   5.9143066e+01
   6.1612400e+05   4.6447754e+01
   6.1654200e+05   4.2846680e+01
   6.2307800e+05   6.4880371e+01
   6.3353700e+05   6.0363770e+01
   6.3668300e+05   6.2866211e+01
   6.3724200e+05   5.1696777e+01
   6.4889100e+05   6.6284180e+01
   6.5062300e+05   5.2124023e+01
   6.5775400e+05   6.7871094e+01
   6.6301000e+05   6.9824219e+01
   6.6366800e+05   4.8645020e+01
   6.7040500e+05   6.3049316e+01
   6.7469100e+05   6.0485840e+01
   6.7508300e+05   4.3884277e+01
   6.7550700e+05   5.2185059e+01
   6.7957900e+05   5.0048828e+01
   6.8203700e+05   5.5541992e+01
   6.8400900e+05   6.0302734e+01
   6.8422000e+05   4.8583984e+01
   6.8928400e+05   6.6650391e+01
   6.9394000e+05   4.2907715e+01
   6.9433000e+05   4.1809082e+01
   6.9474400e+05   7.0434570e+01
   6.9546700e+05   5.5969238e+01
   7.0272900e+05   5.6335449e+01
   7.0626000e+05   6.0302734e+01
   7.0757700e+05   4.7058105e+01
   7.1188800e+05   6.1706543e+01
   7.1313800e+05   4.6020508e+01
   7.2326700e+05   6.0791016e+01
   7.2808300e+05   6.4697266e+01
   7.2844300e+05   4.9072266e+01
   7.3822900e+05   5.7678223e+01
   7.4779900e+05   5.9997559e+01
   7.5506700e+05   7.0312500e+01
   7.5702700e+05   5.6762695e+01
   7.6218500e+05   5.6030273e+01
   7.6260800e+05   4.9194336e+01
   7.6374700e+05   4.4067383e+01
   7.7725500e+05   6.5063477e+01
   7.8132100e+05   6.1706543e+01
   7.8511500e+05   4.4494629e+01
   7.8862300e+05   6.1279297e+01
   7.9317000e+05   6.4758301e+01
   7.9367800e+05   4.7302246e+01
   7.9713500e+05   4.8400879e+01
   7.9818700e+05   5.6030273e+01
   7.9863600e+05   5.3039551e+01
   7.9884200e+05   4.5410156e+01
   8.0300900e+05   5.4687500e+01
   8.0408200e+05   5.2856445e+01
   8.0973900e+05   5.6701660e+01
   8.1562200e+05   6.4941406e+01
   8.1595200e+05   4.6691895e+01
   8.2342300e+05   4.2602539e+01
   8.2800600e+05   6.2622070e+01
   8.2838500e+05   5.3527832e+01
   8.3414500e+05   6.0058594e+01
   8.3970600e+05   5.5541992e+01
   8.4397100e+05   4.2358398e+01
   8.4444500e+05   4.3334961e+01
   8.4805000e+05   5.1513672e+01
   8.4837200e+05   4.6081543e+01
   8.5986600e+05   7.2875977e+01
   8.6044500e+05   5.0170898e+01
   8.6242700e+05   5.1269531e+01
   8.6322700e+05   5.9020996e+01
   8.7297900e+05   6.5612793e+01
   8.7612800e+05   5.4504395e+01
   8.8031800e+05   5.4382324e+01
   8.8330700e+05   5.2917480e+01
   8.8351700e+05   4.5532227e+01
   8.8507500e+05   4.8095703e+01
   8.8590000e+05   4.4250488e+01
   8.9720900e+05   6.2866211e+01
   8.9889200e+05   5.5969238e+01
   9.0414700e+05   6.3293457e+01
   9.0583200e+05   5.1940918e+01
   9.1044300e+05   5.0109863e+01
   9.1241600e+05   5.5969238e+01
   9.1279000e+05   4.4677734e+01
   9.1981900e+05   6.1035156e+01
   9.2099600e+05   5.1391602e+01
   9.2156500e+05   4.3395996e+01
   9.2451600e+05   5.8349609e+01
   9.2488800e+05   4.4433594e+01
   9.3974100e+05   7.0861816e+01
   9.4085200e+05   5.3405762e+01
   9.4135900e+05   4.2358398e+01
   9.4810600e+05   6.0424805e+01
   9.5035700e+05   5.6396484e+01
   9.5443500e+05   7.1105957e+01
   9.5665100e+05   5.0781250e+01
   9.5781500e+05   5.7312012e+01
   9.5785200e+05   4.6142578e+01
   9.5804400e+05   6.0485840e+01
   9.6443600e+05   4.9072266e+01
   9.7136800e+05   6.4331055e+01
   9.7177800e+05   4.2175293e+01
   9.7930600e+05   4.6081543e+01
   9.8157800e+05   6.2744141e+01
   9.8264300e+05   5.0048828e+01
   9.8313700e+05   4.4494629e+01
   9.9097900e+05   6.4575195e+01
   9.9672200e+05   5.5297852e+01
   1.0004770e+06   5.0781250e+01
   1.0105240e+06   6.8847656e+01
   1.0154150e+06   6.1767578e+01
   1.0196950e+06   5.0842285e+01
   1.0238540e+06   5.6335449e+01
   1.0243890e+06   4.3884277e+01
   1.0367430e+06   7.0312500e+01
   1.0370690e+06   4.5349121e+01
   1.0481090e+06   6.6406250e+01
   1.0492550e+06   5.8227539e+01
   1.0542380e+06   6.4880371e+01
   1.0546080e+06   5.0048828e+01
   1.0630690e+06   7.0617676e+01
   1.0634450e+06   5.9387207e+01
   1.0674260e+06   5.7312012e+01
   1.0677270e+06   4.6508789e+01
   1.0704210e+06   5.6335449e+01
   1.0754640e+06   5.5603027e+01
   1.0775660e+06   5.4382324e+01
   1.0916160e+06   6.5917969e+01
   1.0921410e+06   5.2490234e+01
   1.0935290e+06   4.7607422e+01
   1.1054090e+06   4.5349121e+01
   1.1060560e+06   5.2429199e+01
   1.1061450e+06   6.4025879e+01
   1.1112520e+06   6.1218262e+01
   1.1125830e+06   4.8156738e+01
   1.1156310e+06   4.5227051e+01
   1.1164540e+06   4.2114258e+01
   1.1234770e+06   5.8898926e+01
   1.1256310e+06   5.8654785e+01
   1.1322940e+06   5.0170898e+01
   1.1325730e+06   4.4372559e+01
   1.1327160e+06   4.4250488e+01
   1.1351370e+06   6.4819336e+01
   1.1399060e+06   5.6579590e+01
   1.1438720e+06   5.8166504e+01
   1.1448810e+06   5.2734375e+01
   1.1572440e+06   6.6589355e+01
   1.1599850e+06   5.4809570e+01
   1.1682850e+06   6.7382812e+01
   1.1690380e+06   5.4870605e+01
   1.1707220e+06   4.7790527e+01
   1.1786770e+06   6.3476562e+01
   1.1790370e+06   5.1208496e+01
   1.1830630e+06   4.6936035e+01
   1.1865570e+06   6.8420410e+01
   1.1900750e+06   6.1035156e+01
   1.1935210e+06   5.7434082e+01
   1.1999950e+06   7.0312500e+01
   1.2006480e+06   5.2246094e+01
   1.2043790e+06   5.3649902e+01
   1.2051190e+06   4.4250488e+01
   1.2126580e+06   5.6091309e+01
   1.2154570e+06   5.4260254e+01
   1.2159070e+06   5.0476074e+01
   1.2178210e+06   5.0048828e+01
   1.2180390e+06   4.3334961e+01
   1.2223030e+06   6.1706543e+01
   1.2235950e+06   6.2744141e+01
   1.2238500e+06   4.2907715e+01
   1.2362700e+06   6.9580078e+01
   1.2430990e+06   7.0373535e+01
   1.2435520e+06   4.5349121e+01
   1.2438820e+06   4.4677734e+01
   1.2530470e+06   6.0485840e+01
   1.2535820e+06   5.1086426e+01
   1.2587310e+06   6.6589355e+01
   1.2593060e+06   4.3029785e+01
   1.2594460e+06   5.2246094e+01
   1.2601290e+06   4.4372559e+01
   1.2661060e+06   6.1706543e+01
   1.2673790e+06   4.6936035e+01
   1.2756570e+06   6.0180664e+01
   1.2784900e+06   5.3710938e+01
   1.2790230e+06   4.3823242e+01
   1.2851250e+06   6.9519043e+01
   1.2853760e+06   4.9194336e+01
   1.2914740e+06   6.6650391e+01
   1.2982350e+06   5.8654785e+01
   1.2984480e+06   4.2602539e+01
   1.3021500e+06   6.4636230e+01
   1.3040880e+06   4.9743652e+01
   1.3132970e+06   4.2297363e+01
   1.3136280e+06   4.3090820e+01
   1.3155990e+06   4.4921875e+01
   1.3160840e+06   4.9499512e+01
   1.3176590e+06   7.3059082e+01
   1.3235470e+06   5.8471680e+01
   1.3249150e+06   5.6823730e+01
   1.3410830e+06   6.4392090e+01
   1.3437910e+06   7.0251465e+01
   1.3439910e+06   4.3762207e+01
   1.3504600e+06   4.8217773e+01
   1.3507900e+06   4.4982910e+01
   1.3599530e+06   6.6955566e+01
   1.3603570e+06   5.4931641e+01
   1.3676380e+06   6.7626953e+01
   1.3683180e+06   4.7607422e+01
   1.3738440e+06   5.3161621e+01
   1.3761330e+06   5.7128906e+01
   1.3765870e+06   4.4311523e+01
   1.3820740e+06   5.0292969e+01
   1.3830140e+06   4.1748047e+01
   1.3832070e+06   4.2907715e+01
   1.3846850e+06   7.0617676e+01
   1.3875690e+06   5.9387207e+01
   1.3880150e+06   4.3212891e+01
   1.4037560e+06   7.0861816e+01
   1.4041610e+06   5.1025391e+01
   1.4131170e+06   7.1411133e+01
   1.4133940e+06   5.0048828e+01
   1.4182810e+06   5.4626465e+01
   1.4258540e+06   6.3476562e+01
   1.4263040e+06   4.5776367e+01
   1.4289930e+06   5.7189941e+01
   1.4346890e+06   6.4819336e+01
   1.4351340e+06   5.4260254e+01
   1.4427130e+06   4.7058105e+01
   1.4430030e+06   5.1879883e+01
   1.4440060e+06   5.6152344e+01
   1.4469220e+06   5.7434082e+01
   1.4497820e+06   5.1879883e+01
   1.4591740e+06   6.2255859e+01
   1.4596560e+06   4.4616699e+01
   1.4679620e+06   6.9213867e+01
   1.4722190e+06   5.5725098e+01
   1.4724110e+06   4.3823242e+01
   1.4802840e+06   5.5419922e+01
   1.4839910e+06   5.1208496e+01
   1.4842170e+06   5.2001953e+01
   1.4843890e+06   4.2053223e+01
   1.4880020e+06   6.5246582e+01
   1.4882990e+06   4.5349121e+01
   1.4942950e+06   5.5175781e+01
   1.4947710e+06   4.1931152e+01
   1.5053560e+06   6.8298340e+01
   1.5116370e+06   5.8105469e+01
   1.5120630e+06   4.8583984e+01
   1.5234590e+06   6.1889648e+01
   1.5237720e+06   4.6752930e+01
   1.5255170e+06   4.5471191e+01
   1.5273030e+06   4.5654297e+01
   1.5282280e+06   4.6081543e+01
   1.5284100e+06   5.1025391e+01
   1.5363200e+06   5.5053711e+01
   1.5366730e+06   5.8410645e+01
   1.5419260e+06   5.7434082e+01
   1.5424580e+06   4.5593262e+01
   1.5429050e+06   4.4738770e+01
   1.5461170e+06   4.2663574e+01
   1.5463920e+06   4.2114258e+01
   1.5512930e+06   7.6965332e+01
   1.5523260e+06   5.8959961e+01
   1.5601230e+06   6.8359375e+01
   1.5623930e+06   5.4321289e+01
   1.5627920e+06   4.3884277e+01
   1.5738930e+06   5.8471680e+01
   1.5746720e+06   4.4494629e+01
   1.5776350e+06   4.9865723e+01
   1.5779450e+06   4.4372559e+01
   1.5865420e+06   5.0048828e+01
   1.5914900e+06   4.7180176e+01
   1.5919530e+06   5.1513672e+01
   1.5926900e+06   6.4697266e+01
   1.5931300e+06   5.5541992e+01
   1.6037540e+06   6.7199707e+01
   1.6040290e+06   5.5541992e+01
   1.6074220e+06   5.1086426e+01
   1.6078100e+06   4.4494629e+01
   1.6139240e+06   5.1818848e+01
   1.6235040e+06   7.5683594e+01
   1.6260160e+06   6.1767578e+01
   1.6269250e+06   5.0476074e+01
   1.6271860e+06   4.7546387e+01
   1.6273400e+06   4.4128418e+01
   1.6370150e+06   6.5307617e+01
   1.6378590e+06   6.1645508e+01
   1.6453220e+06   5.8715820e+01
   1.6456060e+06   4.6875000e+01
   1.6519950e+06   6.8908691e+01
   1.6526000e+06   4.8461914e+01
   1.6630070e+06   7.1228027e+01
   1.6634440e+06   5.1940918e+01
   1.6720710e+06   6.1340332e+01
   1.6721640e+06   5.0842285e+01
   1.6725700e+06   4.8889160e+01
   1.6727450e+06   4.6386719e+01
   1.6748190e+06   5.2490234e+01
   1.6754610e+06   4.2297363e+01
   1.6829460e+06   7.1960449e+01
   1.6832100e+06   4.4799805e+01
   1.6961530e+06   7.2448730e+01
   1.6969850e+06   6.5856934e+01
   1.7002220e+06   5.2856445e+01
   1.7004700e+06   4.2785645e+01
   1.7100830e+06   6.8481445e+01
   1.7110170e+06   4.5959473e+01
   1.7175320e+06   5.6823730e+01
   1.7192580e+06   6.6162109e+01
   1.7221870e+06   4.2968750e+01
   1.7226670e+06   4.5654297e+01
   1.7238830e+06   6.1889648e+01
   1.7296890e+06   5.4992676e+01
   1.7300310e+06   4.6508789e+01
   1.7307450e+06   4.4250488e+01
   1.7309750e+06   5.0231934e+01
   1.7422550e+06   5.7312012e+01
   1.7425020e+06   5.8166504e+01
   1.7462060e+06   5.3344727e+01
   1.7555450e+06   7.3486328e+01
   1.7559130e+06   4.9316406e+01
   1.7600540e+06   4.9133301e+01
   1.7603460e+06   4.3029785e+01
   1.7672820e+06   4.2480469e+01
   1.7694850e+06   5.5786133e+01
   1.7699660e+06   4.3945312e+01
   1.7766920e+06   5.7678223e+01
   1.7779520e+06   5.2429199e+01
   1.7881330e+06   4.6203613e+01
   1.7919200e+06   6.6345215e+01
   1.7953380e+06   5.3710938e+01
   1.7956390e+06   4.8706055e+01
   1.8005210e+06   4.9316406e+01
   1.8066130e+06   6.6589355e+01
   1.8128420e+06   6.1035156e+01
   1.8131490e+06   4.4372559e+01
   1.8150360e+06   5.0659180e+01
   1.8215800e+06   6.3415527e+01
   1.8235920e+06   4.9316406e+01
   1.8238830e+06   5.2612305e+01
   1.8240400e+06   4.4555664e+01
   1.8261080e+06   7.0800781e+01
   1.8263750e+06   4.3029785e+01
   1.8369790e+06   6.8725586e+01
   1.8432050e+06   4.4372559e+01
   1.8448720e+06   5.1940918e+01
   1.8458560e+06   5.9997559e+01
   1.8524140e+06   6.1035156e+01
   1.8527970e+06   4.7851563e+01
   1.8609550e+06   5.0109863e+01
   1.8643480e+06   4.6875000e+01
   1.8647260e+06   4.9255371e+01
   1.8649010e+06   4.3945312e+01
   1.8653420e+06   6.0913086e+01
   1.8728130e+06   5.6274414e+01
   1.8745140e+06   5.5236816e+01
   1.8791330e+06   5.8654785e+01
   1.8796750e+06   5.3649902e+01
   1.8804510e+06   4.4494629e+01
   1.8903350e+06   6.5490723e+01
   1.8906410e+06   4.4616699e+01
   1.9004390e+06   6.9396973e+01
   1.9007660e+06   4.5898438e+01
   1.9082640e+06   7.7514648e+01
   1.9083280e+06   4.8461914e+01
   1.9086450e+06   5.4687500e+01
   1.9093300e+06   5.7556152e+01
   1.9140180e+06   5.7006836e+01
   1.9149910e+06   4.7119141e+01
   1.9166390e+06   4.1748047e+01
   1.9244070e+06   4.3212891e+01
   1.9250690e+06   4.2358398e+01
   1.9251960e+06   4.1992188e+01
   1.9273580e+06   7.2631836e+01
   1.9295070e+06   6.7138672e+01
   1.9298720e+06   5.0476074e+01
   1.9396210e+06   6.5979004e+01
   1.9412590e+06   4.2724609e+01
   1.9469770e+06   6.2866211e+01
   1.9503580e+06   5.4504395e+01
   1.9550490e+06   5.6335449e+01
   1.9554770e+06   4.1870117e+01
   1.9574550e+06   4.4433594e+01
   1.9603340e+06   5.8471680e+01
   1.9606620e+06   4.3762207e+01
   1.9650060e+06   5.9997559e+01
   1.9677210e+06   5.8471680e+01
   1.9696900e+06   4.8767090e+01
   1.9701890e+06   5.6396484e+01
   1.9813880e+06   5.9387207e+01
   1.9820380e+06   5.8044434e+01
   1.9828290e+06   5.1513672e+01
   1.9895150e+06   5.5114746e+01
   1.9927910e+06   4.6325684e+01
   1.9931150e+06   4.2297363e+01
   1.9985600e+06   7.4340820e+01
   2.0032160e+06   6.2805176e+01
   2.0040940e+06   4.9072266e+01
   2.0064440e+06   5.4199219e+01
   2.0072350e+06   4.8522949e+01
   2.0100740e+06   4.1809082e+01
   2.0190790e+06   4.6630859e+01
   2.0193750e+06   5.0415039e+01
   2.0210080e+06   4.5288086e+01
   2.0212960e+06   6.1096191e+01
   2.0219080e+06   4.3884277e+01
   2.0333520e+06   6.3293457e+01
   2.0366410e+06   5.0109863e+01
   2.0368900e+06   4.5837402e+01
   2.0471600e+06   6.5795898e+01
   2.0514060e+06   6.2561035e+01
   2.0552800e+06   6.1157227e+01
   2.0555490e+06   5.3588867e+01
   2.0624740e+06   5.3649902e+01
   2.0629160e+06   4.8522949e+01
   2.0630940e+06   4.3518066e+01
   2.0689680e+06   7.4707031e+01
   2.0699390e+06   5.1574707e+01
   2.0790300e+06   7.3608398e+01
   2.0829510e+06   6.9335938e+01
   2.0843620e+06   4.5776367e+01
   2.0947260e+06   7.7270508e+01
   2.0981340e+06   5.9387207e+01
   2.0990570e+06   4.5715332e+01
   2.1025380e+06   4.4799805e+01
   2.1028140e+06   4.7363281e+01
   2.1066870e+06   5.4992676e+01
   2.1070070e+06   4.6081543e+01
   2.1148240e+06   5.9570312e+01
   2.1157050e+06   5.1574707e+01
   2.1207450e+06   5.8227539e+01
   2.1241230e+06   4.6630859e+01
   2.1279020e+06   5.8288574e+01
   2.1281960e+06   4.6997070e+01
   2.1329970e+06   4.6936035e+01
   2.1365970e+06   6.9641113e+01
   2.1370580e+06   4.2419434e+01
   2.1457430e+06   6.2438965e+01
   2.1483680e+06   4.8095703e+01
   2.1488090e+06   4.2297363e+01
   2.1501020e+06   4.5898438e+01
   2.1503590e+06   4.5532227e+01
   2.1614750e+06   6.9274902e+01
   2.1651640e+06   5.6152344e+01
   2.1715750e+06   6.1706543e+01
   2.1720450e+06   4.8645020e+01
   2.1724310e+06   4.4921875e+01
   2.1744530e+06   5.7800293e+01
   2.1748420e+06   4.5959473e+01
   2.1764490e+06   4.1870117e+01
   2.1851270e+06   6.0363770e+01
   2.1905140e+06   5.7250977e+01
   2.1974300e+06   6.0302734e+01
   2.1979430e+06   4.5288086e+01
   2.2075850e+06   6.9274902e+01
   2.2077860e+06   5.2429199e+01
   2.2082710e+06   4.7912598e+01
   2.2090750e+06   5.8166504e+01
   2.2124130e+06   7.1289062e+01
   2.2191850e+06   5.8959961e+01
   2.2211450e+06   5.5053711e+01
   2.2237090e+06   5.3649902e+01
   2.2240290e+06   4.5104980e+01
   2.2315250e+06   6.8054199e+01
   2.2318890e+06   4.9682617e+01
   2.2424010e+06   6.2927246e+01
   2.2454060e+06   6.4331055e+01
   2.2459870e+06   4.3640137e+01
   2.2485670e+06   4.7119141e+01
   2.2527380e+06   5.6152344e+01
   2.2553640e+06   5.6457520e+01
   2.2584190e+06   5.5847168e+01
   2.2587030e+06   4.7485352e+01
   2.2697650e+06   4.1931152e+01
   2.2711200e+06   7.0068359e+01
   2.2715210e+06   4.2358398e+01
   2.2731420e+06   4.8645020e+01
   2.2734850e+06   4.1809082e+01
   2.2776600e+06   5.4748535e+01
   2.2779910e+06   4.4311523e+01
   2.2825430e+06   5.9631348e+01
   2.2866940e+06   5.6091309e+01
   2.2875320e+06   4.3701172e+01
   2.2948300e+06   6.5734863e+01
   2.2987010e+06   6.0363770e+01
   2.2996190e+06   4.4616699e+01
   2.3037080e+06   4.5349121e+01
   2.3040650e+06   4.2846680e+01
   2.3111440e+06   6.4025879e+01
   2.3113520e+06   4.3457031e+01
   2.3172570e+06   5.3649902e+01
   2.3181560e+06   4.7851562e+01
   2.3226760e+06   5.7556152e+01
   2.3231470e+06   5.5847168e+01
   2.3234500e+06   4.3884277e+01
   2.3286260e+06   6.1889648e+01
   2.3289970e+06   4.6020508e+01
   2.3321410e+06   5.8654785e+01
   2.3363250e+06   4.8889160e+01
   2.3368450e+06   4.7302246e+01
   2.3418630e+06   4.7180176e+01
   2.3421000e+06   4.2419434e+01
   2.3486430e+06   7.2631836e+01
   2.3489530e+06   4.3395996e+01
   2.3568570e+06   6.2866211e+01
   2.3613880e+06   5.6884766e+01
   2.3627050e+06   5.2001953e+01
   2.3681680e+06   4.2602539e+01
   2.3742560e+06   6.0180664e+01
   2.3745420e+06   4.4616699e+01
   2.3771170e+06   5.5725098e+01
   2.3813810e+06   5.8410645e+01
   2.3832170e+06   5.0109863e+01
   2.3867910e+06   5.4016113e+01
   2.3873060e+06   4.8095703e+01
   2.3883750e+06   4.6936035e+01
   2.4012400e+06   5.1818848e+01
   2.4015010e+06   4.3823242e+01
   2.4020500e+06   4.1870117e+01
   2.4091090e+06   6.1157227e+01
   2.4095640e+06   4.5715332e+01
   2.4166750e+06   6.2744141e+01
   2.4171140e+06   5.6640625e+01
   2.4231590e+06   4.9804688e+01
   2.4236530e+06   4.9926758e+01
   2.4276020e+06   5.6335449e+01
   2.4341840e+06   6.4575195e+01
   2.4403540e+06   5.7434082e+01
   2.4466900e+06   4.2541504e+01
   2.4489120e+06   6.9274902e+01
   2.4491480e+06   4.2114258e+01
   2.4505420e+06   4.4555664e+01
   2.4515890e+06   4.7546387e+01
   2.4639030e+06   6.3964844e+01
   2.4649090e+06   4.9621582e+01
   2.4652500e+06   4.5104980e+01
   2.4752750e+06   5.7250977e+01
   2.4792120e+06   4.2602539e+01
   2.4794860e+06   4.3212891e+01
   2.4796360e+06   4.1748047e+01
   2.4802310e+06   5.6762695e+01
   2.4813260e+06   4.5776367e+01
   2.4935260e+06   7.0800781e+01
   2.4973140e+06   5.0109863e+01
   2.4980910e+06   4.7546387e+01
   2.5028030e+06   4.3457031e+01
   2.5030750e+06   4.3334961e+01
   2.5122290e+06   6.5124512e+01
   2.5149340e+06   6.8115234e+01
   2.5155720e+06   5.1452637e+01
   2.5202450e+06   4.3090820e+01
   2.5247480e+06   6.0791016e+01
   2.5255100e+06   5.6396484e+01
   2.5301950e+06   5.3649902e+01
   2.5355060e+06   6.0302734e+01
   2.5357730e+06   4.4738770e+01
   2.5425330e+06   7.1044922e+01
   2.5457720e+06   5.4931641e+01
   2.5460830e+06   4.2480469e+01
   2.5487170e+06   5.3955078e+01
   2.5499520e+06   4.1992188e+01
   2.5518400e+06   5.5786133e+01
   2.5522080e+06   4.3823242e+01
   2.5568160e+06   5.8105469e+01
   2.5583980e+06   5.7983398e+01
   2.5727850e+06   6.7260742e+01
   2.5734380e+06   5.8044434e+01
   2.5743080e+06   5.2490234e+01
   2.5831150e+06   5.8471680e+01
   2.5892480e+06   4.9621582e+01
   2.5911190e+06   6.3903809e+01
   2.5957660e+06   6.0058594e+01
   2.5960360e+06   4.7119141e+01
   2.6044790e+06   7.2265625e+01
   2.6070130e+06   5.7189941e+01
   2.6072810e+06   4.4677734e+01
   2.6170450e+06   4.3640137e+01
   2.6180520e+06   6.1462402e+01
   2.6219400e+06   6.2011719e+01
   2.6222100e+06   4.8339844e+01
   2.6347460e+06   4.9377441e+01
   2.6349960e+06   5.0292969e+01
   2.6379520e+06   6.0424805e+01
   2.6394810e+06   6.3598633e+01
   2.6399560e+06   5.6884766e+01
   2.6433960e+06   5.4626465e+01
   2.6496320e+06   5.5969238e+01
   2.6498390e+06   4.3579102e+01
   2.6557870e+06   5.0537109e+01
   2.6604790e+06   6.5734863e+01
   2.6606880e+06   4.2053223e+01
   2.6655210e+06   4.8522949e+01
   2.6657460e+06   4.4311523e+01
   2.6703590e+06   5.5786133e+01
   2.6783370e+06   6.3232422e+01
   2.6841860e+06   6.0180664e+01
   2.6847770e+06   4.5532227e+01
   2.6905780e+06   6.2438965e+01
   2.6935370e+06   5.0537109e+01
   2.6955680e+06   5.7250977e+01
   2.6958630e+06   4.6325684e+01
   2.7013290e+06   5.3161621e+01
   2.7032070e+06   4.2358398e+01
   2.7119310e+06   6.6589355e+01
   2.7122080e+06   4.4738770e+01
   2.7124110e+06   4.6630859e+01
   2.7173280e+06   5.8715820e+01
   2.7250310e+06   4.6813965e+01
   2.7252680e+06   4.5776367e+01
   2.7262420e+06   7.2570801e+01
   2.7279830e+06   5.3161621e+01
   2.7281860e+06   4.4921875e+01
   2.7339840e+06   5.7006836e+01
   2.7342800e+06   4.5959473e+01
   2.7424700e+06   5.7983398e+01
   2.7461020e+06   5.5541992e+01
   2.7519910e+06   5.5664062e+01
   2.7533270e+06   5.0109863e+01
   2.7591130e+06   6.9885254e+01
   2.7594960e+06   5.4748535e+01
   2.7633870e+06   5.5725098e+01
   2.7640880e+06   4.6569824e+01
   2.7665610e+06   4.7485352e+01
   2.7669980e+06   5.0537109e+01
   2.7691160e+06   4.5227051e+01
   2.7694480e+06   5.4199219e+01
   2.7698100e+06   4.3518066e+01
   2.7787040e+06   6.2561035e+01
   2.7838090e+06   5.4016113e+01
   2.7842080e+06   4.8522949e+01
   2.7854700e+06   4.3823242e+01
   2.7857530e+06   4.5898438e+01
   2.7951860e+06   4.5837402e+01
   2.7959170e+06   5.0231934e+01
   2.8012490e+06   7.6965332e+01
   2.8015280e+06   5.7006836e+01
   2.8049050e+06   6.3232422e+01
   2.8088380e+06   4.3395996e+01
   2.8141540e+06   5.8837891e+01
   2.8146390e+06   4.5715332e+01
   2.8193100e+06   4.5227051e+01
   2.8195860e+06   4.4189453e+01
   2.8215300e+06   5.8227539e+01
   2.8270010e+06   5.6091309e+01
   2.8300030e+06   6.4331055e+01
   2.8304280e+06   4.4250488e+01
   2.8352770e+06   6.4880371e+01
   2.8356870e+06   4.7424316e+01
   2.8358860e+06   4.5715332e+01
   2.8469700e+06   5.8715820e+01
   2.8492330e+06   5.6945801e+01
   2.8606440e+06   4.6386719e+01
   2.8608750e+06   4.2541504e+01
   2.8618090e+06   6.5063477e+01
   2.8621860e+06   4.5043945e+01
   2.8685310e+06   6.8420410e+01
   2.8693110e+06   4.3762207e+01
   2.8782530e+06   6.4270020e+01
   2.8834730e+06   5.8227539e+01
   2.8883630e+06   5.8105469e+01
   2.8886610e+06   4.6325684e+01
   2.8915010e+06   4.5837402e+01
   2.8917560e+06   5.2734375e+01
   2.8980860e+06   5.6823730e+01
   2.9007840e+06   5.9631348e+01
   2.9011860e+06   5.3405762e+01
   2.9060570e+06   6.4331055e+01
   2.9085220e+06   4.6203613e+01
   2.9097660e+06   4.3518066e+01
   2.9161970e+06   6.0180664e+01
   2.9166070e+06   4.8278809e+01
   2.9210100e+06   4.7241211e+01
   2.9213350e+06   4.3701172e+01
   2.9241760e+06   6.1035156e+01
   2.9304650e+06   5.0598145e+01
   2.9327380e+06   6.0363770e+01
   2.9374460e+06   5.9509277e+01
   2.9395530e+06   5.6762695e+01
   2.9403480e+06   4.7546387e+01
   2.9493660e+06   4.8217773e+01
   2.9497560e+06   4.3090820e+01
   2.9515880e+06   6.7993164e+01
   2.9537710e+06   6.7443848e+01
   2.9541220e+06   4.5837402e+01
   2.9638270e+06   6.5246582e+01
   2.9641270e+06   4.6203613e+01
   2.9659990e+06   5.4260254e+01
   2.9665950e+06   5.2429199e+01
   2.9677480e+06   5.6518555e+01
   2.9799420e+06   7.1472168e+01
   2.9814460e+06   4.2541504e+01
   2.9817150e+06   4.2114258e+01
   2.9912910e+06   5.6396484e+01
   2.9965950e+06   6.1828613e+01
   2.9983060e+06   5.0354004e+01
   3.0027250e+06   5.3039551e+01
   3.0034080e+06   4.5593262e+01
   3.0119790e+06   4.5959473e+01
   3.0123470e+06   4.3884277e+01
   3.0124100e+06   5.5541992e+01
   3.0127270e+06   4.3151855e+01
   3.0211690e+06   6.1828613e+01
   3.0226260e+06   4.8156738e+01
   3.0233210e+06   4.2724609e+01
   3.0278110e+06   5.0537109e+01
   3.0393330e+06   6.9152832e+01
   3.0400430e+06   5.2917480e+01
   3.0445370e+06   4.9804688e+01
   3.0448130e+06   4.2724609e+01
   3.0451610e+06   4.2968750e+01
   3.0454020e+06   6.3964844e+01
   3.0494670e+06   5.6030273e+01
   3.0522870e+06   4.3334961e+01
   3.0576180e+06   7.4157715e+01
   3.0578670e+06   4.5288086e+01
   3.0682380e+06   6.0424805e+01
   3.0689980e+06   4.9865723e+01
   3.0722520e+06   4.8278809e+01
   3.0784200e+06   5.5114746e+01
   3.0822700e+06   5.0964355e+01
   3.0826050e+06   4.3518066e+01
   3.0827640e+06   4.4189453e+01
   3.0925550e+06   7.0861816e+01
   3.0951510e+06   5.7861328e+01
   3.0975280e+06   4.7973633e+01
   3.1034800e+06   5.0415039e+01
   3.1086330e+06   4.7973633e+01
   3.1090020e+06   4.7241211e+01
   3.1101100e+06   4.6081543e+01
   3.1106350e+06   4.2602539e+01
   3.1108550e+06   4.5410156e+01
   3.1167090e+06   5.6274414e+01
   3.1170400e+06   4.5043945e+01
   3.1237570e+06   6.0668945e+01
   3.1240870e+06   4.7058105e+01
   3.1302510e+06   6.4880371e+01
   3.1308240e+06   4.4982910e+01
   3.1371830e+06   5.7922363e+01
   3.1373500e+06   4.7180176e+01
   3.1373930e+06   4.2419434e+01
   3.1402730e+06   5.2307129e+01
   3.1496200e+06   4.6630859e+01
   3.1500970e+06   4.1992188e+01
   3.1503100e+06   4.8095703e+01
   3.1520070e+06   5.7983398e+01
   3.1523700e+06   4.3090820e+01
   3.1603940e+06   6.9152832e+01
   3.1667730e+06   4.9926758e+01
   3.1671140e+06   4.1931152e+01
   3.1672430e+06   5.6518555e+01
   3.1689540e+06   4.7668457e+01
   3.1708550e+06   4.2968750e+01
   3.1832300e+06   5.5969238e+01
   3.1890330e+06   6.0180664e+01
   3.1907340e+06   5.7312012e+01
   3.1932030e+06   5.3955078e+01
   3.1962380e+06   5.4992676e+01
   3.1967550e+06   4.4860840e+01
   3.2048980e+06   6.0729980e+01
   3.2051480e+06   4.2358398e+01
   3.2114510e+06   4.8278809e+01
   3.2116530e+06   6.2316895e+01
   3.2117100e+06   4.3518066e+01
   3.2192040e+06   6.8664551e+01
   3.2213020e+06   7.2143555e+01
   3.2228160e+06   4.8095703e+01
   3.2328880e+06   6.7321777e+01
   3.2333650e+06   4.9987793e+01
   3.2344860e+06   4.8278809e+01
   3.2403430e+06   5.5786133e+01
   3.2410740e+06   4.5471191e+01
   3.2422050e+06   4.8889160e+01
   3.2484870e+06   4.7729492e+01
   3.2490280e+06   4.4250488e+01
   3.2521690e+06   6.5734863e+01
   3.2575990e+06   6.1584473e+01
   3.2578350e+06   4.3090820e+01
   3.2582200e+06   4.3518066e+01
   3.2602010e+06   4.2602539e+01
   3.2691580e+06   7.0190430e+01
   3.2740420e+06   6.1828613e+01
   3.2782370e+06   5.9753418e+01
   3.2790820e+06   4.6325684e+01
   3.2792270e+06   5.5969238e+01
   3.2794720e+06   4.5288086e+01
   3.2797980e+06   5.0170898e+01
   3.2927560e+06   7.3974609e+01
   3.2931690e+06   4.8278809e+01
   3.2997860e+06   5.9509277e+01
   3.3043410e+06   5.7006836e+01
   3.3083160e+06   5.5114746e+01
   3.3130870e+06   5.6213379e+01
   3.3133020e+06   4.3151855e+01
   3.3135080e+06   4.4616699e+01
   3.3213590e+06   5.9265137e+01
   3.3237680e+06   5.8959961e+01
   3.3278860e+06   5.4870605e+01
   3.3365260e+06   6.1828613e+01
   3.3370650e+06   5.3710938e+01
   3.3379840e+06   4.5288086e+01
   3.3384220e+06   4.6630859e+01
   3.3405460e+06   4.6569824e+01
   3.3483340e+06   6.7443848e+01
   3.3488520e+06   4.7363281e+01
   3.3596800e+06   6.8542480e+01
   3.3601220e+06   5.2551270e+01
   3.3664720e+06   6.5490723e+01
   3.3694450e+06   5.7983398e+01
   3.3841690e+06   7.8308105e+01
   3.3865590e+06   5.2978516e+01
   3.3868610e+06   4.7729492e+01
   3.3870730e+06   4.9926758e+01
   3.3873610e+06   5.0048828e+01
   3.4019690e+06   6.9335938e+01
   3.4039530e+06   4.2480469e+01
   3.4045840e+06   5.0415039e+01
   3.4048880e+06   4.6936035e+01
   3.4107180e+06   5.4626465e+01
   3.4109780e+06   4.1992188e+01
   3.4155210e+06   4.6386719e+01
   3.4157210e+06   4.4067383e+01
   3.4177340e+06   6.9519043e+01
   3.4205570e+06   6.3049316e+01
   3.4211650e+06   4.4433594e+01
   3.4301870e+06   6.1706543e+01
   3.4306580e+06   4.3701172e+01
   3.4324840e+06   5.2673340e+01
   3.4406970e+06   6.4453125e+01
   3.4411120e+06   4.8034668e+01
   3.4475840e+06   4.9987793e+01
   3.4503080e+06   6.5368652e+01
   3.4576460e+06   6.5246582e+01
   3.4594980e+06   5.3955078e+01
   3.4636940e+06   5.6823730e+01
   3.4655050e+06   5.7983398e+01
   3.4709730e+06   6.3293457e+01
   3.4714320e+06   5.2795410e+01
   3.4715020e+06   5.0109863e+01
   3.4718180e+06   4.6752930e+01
   3.4718380e+06   4.3395996e+01
   3.4856400e+06   6.4453125e+01
   3.4873790e+06   5.0537109e+01
   3.4875930e+06   4.6569824e+01
   3.4987490e+06   5.2124023e+01
   3.4991930e+06   4.9926758e+01
   3.4995810e+06   4.6508789e+01
   3.5010370e+06   4.4494629e+01
   3.5013260e+06   5.0964355e+01
   3.5100790e+06   6.1096191e+01
   3.5115200e+06   6.0913086e+01
   3.5212770e+06   5.6335449e+01
   3.5234450e+06   6.3049316e+01
   3.5278890e+06   5.6091309e+01
   3.5283700e+06   4.8706055e+01
   3.5322500e+06   5.3283691e+01
   3.5325760e+06   4.4921875e+01
   3.5441590e+06   6.5368652e+01
   3.5443140e+06   5.9326172e+01
   3.5466560e+06   5.7250977e+01
   3.5511020e+06   5.5480957e+01
   3.5558780e+06   5.5175781e+01
   3.5560580e+06   4.2236328e+01
   3.5630590e+06   6.4636230e+01
   3.5634640e+06   4.8400879e+01
   3.5741690e+06   5.7495117e+01
   3.5745600e+06   5.2246094e+01
   3.5797300e+06   5.0720215e+01
   3.5881830e+06   7.0129395e+01
   3.5888670e+06   4.8645020e+01
   3.5930590e+06   6.4575195e+01
   3.5939010e+06   4.6081543e+01
   3.5971720e+06   5.5664062e+01
   3.5976790e+06   4.2663574e+01
   3.6042950e+06   5.5419922e+01
   3.6098330e+06   6.3476562e+01
   3.6130440e+06   6.0485840e+01
   3.6132320e+06   5.1940918e+01
   3.6137840e+06   4.4006348e+01
   3.6186760e+06   4.5166016e+01
   3.6242850e+06   5.9448242e+01
   3.6288230e+06   6.2744141e+01
   3.6321080e+06   4.5898438e+01
   3.6325840e+06   5.7067871e+01
   3.6333080e+06   4.2175293e+01
   3.6420390e+06   5.8593750e+01
   3.6447500e+06   5.6640625e+01
   3.6568270e+06   6.4453125e+01
   3.6615790e+06   6.6345215e+01
   3.6680510e+06   7.0373535e+01
   3.6686500e+06   4.6813965e+01
   3.6795190e+06   4.6447754e+01
   3.6877050e+06   6.2194824e+01
   3.6919490e+06   5.9082031e+01
   3.6922080e+06   4.6203613e+01
   3.6950710e+06   5.6274414e+01
   3.6986660e+06   5.8471680e+01
   3.7072820e+06   5.3894043e+01
   3.7090520e+06   4.4006348e+01
   3.7127550e+06   6.4453125e+01
   3.7178190e+06   5.1086426e+01
   3.7209500e+06   4.3029785e+01
   3.7283430e+06   6.8237305e+01
   3.7292240e+06   4.1748047e+01
   3.7295750e+06   4.2419434e+01
   3.7355440e+06   5.2917480e+01
   3.7395740e+06   6.1035156e+01
   3.7404930e+06   4.9621582e+01
   3.7541630e+06   6.0729980e+01
   3.7568850e+06   5.8471680e+01
   3.7585350e+06   5.5480957e+01
   3.7629890e+06   6.5246582e+01
   3.7639900e+06   4.7546387e+01
   3.7640060e+06   5.5175781e+01
   3.7644080e+06   4.2419434e+01
   3.7645510e+06   4.4860840e+01
   3.7692580e+06   6.2072754e+01
   3.7700230e+06   4.3029785e+01
   3.7769360e+06   6.4697266e+01
   3.7787360e+06   5.8532715e+01
   3.7792730e+06   4.5959473e+01
   3.7821570e+06   4.5410156e+01
   3.7832890e+06   5.7983398e+01
   3.7835290e+06   4.3457031e+01
   3.7982820e+06   6.7810059e+01
   3.7994130e+06   4.7119141e+01
   3.8059320e+06   5.9631348e+01
   3.8106840e+06   6.1035156e+01
   3.8111440e+06   5.4016113e+01
   3.8187980e+06   6.3476562e+01
   3.8190710e+06   5.2551270e+01
   3.8214580e+06   5.9143066e+01
   3.8301250e+06   4.3090820e+01
   3.8306030e+06   4.5654297e+01
   3.8313900e+06   6.5612793e+01
   3.8316710e+06   5.4321289e+01
   3.8418950e+06   5.9814453e+01
   3.8422630e+06   5.9997559e+01
   3.8426900e+06   4.1931152e+01
   3.8599320e+06   6.7321777e+01
   3.8605500e+06   6.6284180e+01
   3.8685520e+06   5.2429199e+01
   3.8761780e+06   6.0363770e+01
   3.8779110e+06   5.4077148e+01
   3.8792910e+06   4.1870117e+01
   3.8847340e+06   4.1748047e+01
   3.8870760e+06   6.0668945e+01
   3.8914070e+06   5.0964355e+01
   3.8978200e+06   6.3720703e+01
   3.8981860e+06   4.2663574e+01
   3.9062110e+06   5.2062988e+01
   3.9174010e+06   6.4086914e+01
   3.9204650e+06   4.8645020e+01
   3.9218020e+06   4.2602539e+01
   3.9300120e+06   4.7363281e+01
   3.9302580e+06   5.4016113e+01
   3.9304420e+06   4.4433594e+01
   3.9306230e+06   4.5288086e+01
   3.9312940e+06   6.4575195e+01
   3.9356090e+06   5.8898926e+01
   3.9408680e+06   6.4453125e+01
   3.9462170e+06   5.7189941e+01
   3.9491770e+06   5.8288574e+01
   3.9606480e+06   5.1879883e+01
   3.9630170e+06   4.4860840e+01
   3.9691750e+06   6.4208984e+01
   3.9739320e+06   5.7006836e+01
   3.9772560e+06   6.8969727e+01
   3.9777580e+06   4.3212891e+01
   3.9839280e+06   6.8298340e+01
   3.9848010e+06   4.7790527e+01
   3.9992720e+06   7.7758789e+01
   3.9996810e+06   5.6335449e+01
   4.0051630e+06   4.2907715e+01
   4.0124140e+06   6.7443848e+01
   4.0173360e+06   6.6772461e+01
   4.0208520e+06   5.7250977e+01
   4.0210720e+06   4.2846680e+01
   4.0293650e+06   5.9875488e+01
   4.0298230e+06   4.7973633e+01
   4.0341990e+06   4.6569824e+01
   4.0344580e+06   4.4189453e+01
   4.0354180e+06   5.2917480e+01
   4.0357870e+06   4.6936035e+01
   4.0489410e+06   5.9326172e+01
   4.0541660e+06   5.6823730e+01
   4.0560750e+06   5.3222656e+01
   4.0562430e+06   5.0231934e+01
   4.0593190e+06   5.6762695e+01
   4.0597220e+06   4.3151855e+01
   4.0622490e+06   4.6569824e+01
   4.0664310e+06   4.9011230e+01
   4.0668330e+06   4.5776367e+01
   4.0714400e+06   6.0485840e+01
   4.0719210e+06   4.7302246e+01
   4.0804480e+06   5.7739258e+01
   4.0810780e+06   5.3100586e+01
   4.0817910e+06   4.4189453e+01
   4.0860410e+06   4.3151855e+01
   4.0966830e+06   6.7871094e+01
   4.1019220e+06   7.2937012e+01
   4.1029070e+06   4.3273926e+01
   4.1122330e+06   6.1706543e+01
   4.1125810e+06   5.2368164e+01
   4.1162320e+06   5.0537109e+01
   4.1169520e+06   4.7058105e+01
   4.1174280e+06   4.6813965e+01
   4.1345790e+06   5.8593750e+01
   4.1401570e+06   6.3842773e+01
   4.1471090e+06   6.7443848e+01
   4.1530590e+06   5.7189941e+01
   4.1541440e+06   5.0476074e+01
   4.1554080e+06   4.5043945e+01
   4.1557490e+06   4.7241211e+01
   4.1560170e+06   4.2724609e+01
   4.1668130e+06   5.5419922e+01
   4.1733710e+06   7.8186035e+01
   4.1812570e+06   5.4016113e+01
   4.1818500e+06   4.4982910e+01
   4.1864290e+06   6.3903809e+01
   4.1868990e+06   4.2297363e+01
   4.1987110e+06   5.9020996e+01
   4.2084380e+06   6.2622070e+01
   4.2088850e+06   4.7363281e+01
   4.2150260e+06   6.0485840e+01
   4.2222640e+06   6.3049316e+01
   4.2228380e+06   4.3029785e+01
   4.2330650e+06   5.4382324e+01
   4.2351830e+06   4.6752930e+01
   4.2395880e+06   6.8054199e+01
   4.2498870e+06   4.2602539e+01
   4.2539170e+06   7.6965332e+01
   4.2630110e+06   7.2082520e+01
   4.2682540e+06   5.6945801e+01
   4.2687580e+06   4.2114258e+01
   4.2689900e+06   4.2602539e+01
   4.2765860e+06   5.6091309e+01
   4.2769390e+06   4.3457031e+01
   4.2785070e+06   7.5012207e+01
   4.2845270e+06   6.4331055e+01
   4.2906360e+06   6.1584473e+01
   4.2990690e+06   5.9692383e+01
   4.3053380e+06   5.6152344e+01
   4.3131670e+06   6.5124512e+01
   4.3171850e+06   5.1208496e+01
   4.3175520e+06   4.6386719e+01
   4.3237050e+06   8.0566406e+01
   4.3240530e+06   4.2663574e+01
   4.3324110e+06   6.7932129e+01
   4.3369610e+06   6.5246582e+01
   4.3494600e+06   7.2387695e+01
   4.3497730e+06   4.2907715e+01
   4.3597870e+06   6.2622070e+01
   4.3631340e+06   6.2866211e+01
   4.3701040e+06   5.3344727e+01
   4.3771160e+06   6.3720703e+01
   4.3829200e+06   6.6406250e+01
   4.3830230e+06   5.4138184e+01
   4.3836660e+06   4.2236328e+01
   4.3840850e+06   4.1748047e+01
   4.3896510e+06   6.2622070e+01
   4.3929040e+06   6.3476562e+01
   4.3934160e+06   5.2978516e+01
   4.4042930e+06   6.8725586e+01
   4.4045880e+06   5.2307129e+01
   4.4128310e+06   7.8613281e+01
   4.4214030e+06   6.5368652e+01
   4.4230980e+06   5.2856445e+01
   4.4302190e+06   6.2316895e+01
   4.4304650e+06   4.7790527e+01
   4.4311830e+06   4.8828125e+01
   4.4407260e+06   5.9204102e+01
   4.4540630e+06   7.6965332e+01
   4.4544930e+06   5.4870605e+01
   4.4595220e+06   4.4921875e+01
   4.4645680e+06   4.6386719e+01
   4.4652490e+06   4.2114258e+01
   4.4745110e+06   5.6945801e+01
   4.4765570e+06   5.9936523e+01
   4.4839460e+06   5.7189941e+01
   4.4841920e+06   4.6997070e+01
   4.4846710e+06   4.2968750e+01
   4.4957470e+06   6.4819336e+01
   4.5008710e+06   6.1645508e+01
   4.5064450e+06   6.2683105e+01
   4.5069250e+06   5.4260254e+01
   4.5184550e+06   6.9519043e+01
   4.5188190e+06   5.6213379e+01
   4.5251990e+06   7.7453613e+01
   4.5261670e+06   5.7678223e+01
   4.5313650e+06   4.9682617e+01
   4.5387140e+06   6.9824219e+01
   4.5403760e+06   5.0048828e+01
   4.5481470e+06   5.5908203e+01
   4.5530910e+06   5.7373047e+01
   4.5589970e+06   7.5378418e+01
   4.5606330e+06   6.1096191e+01
   4.5656940e+06   5.6823730e+01
   4.5727970e+06   7.6782227e+01
   4.5770090e+06   6.0363770e+01
   4.5860930e+06   7.2387695e+01
   4.5863320e+06   4.9987793e+01
   4.6001540e+06   5.5725098e+01
   4.6008260e+06   4.4372559e+01
   4.6010440e+06   4.9865723e+01
   4.6060040e+06   6.7077637e+01
   4.6113320e+06   5.6884766e+01
   4.6118230e+06   5.0170898e+01
   4.6137080e+06   5.3039551e+01
   4.6289890e+06   6.4086914e+01
   4.6376730e+06   7.2204590e+01
   4.6383780e+06   4.8889160e+01
   4.6441230e+06   5.7312012e+01
   4.6497530e+06   6.8664551e+01
   4.6521910e+06   5.2307129e+01
   4.6556720e+06   5.2368164e+01
   4.6638320e+06   6.7382812e+01
   4.6764950e+06   4.2907715e+01
   4.6782610e+06   6.8359375e+01
   4.6788540e+06   5.5541992e+01
   4.6868030e+06   6.3232422e+01
   4.6883970e+06   5.1391602e+01
   4.6992880e+06   6.1462402e+01
   4.6997640e+06   4.7790527e+01
   4.7000540e+06   4.6081543e+01
   4.7189500e+06   4.5837402e+01
   4.7212480e+06   7.1533203e+01
   4.7270770e+06   4.1809082e+01
   4.7341330e+06   7.5866699e+01
   4.7358570e+06   5.0903320e+01
   4.7428510e+06   5.8959961e+01
   4.7449130e+06   5.0231934e+01
   4.7553240e+06   6.5002441e+01
   4.7639340e+06   6.5917969e+01
   4.7647040e+06   5.0292969e+01
   4.7726210e+06   5.8288574e+01
   4.7750980e+06   5.4992676e+01
   4.7768890e+06   4.5166016e+01
   4.7808040e+06   4.9133301e+01
   4.7844380e+06   5.6823730e+01
   4.7882630e+06   4.3212891e+01
   4.7972000e+06   7.4584961e+01
   4.7976710e+06   5.2429199e+01
   4.7981780e+06   4.6081543e+01
   4.8124180e+06   7.1777344e+01
   4.8128710e+06   6.6101074e+01
   4.8174630e+06   6.8908691e+01
   4.8179640e+06   4.6813965e+01
   4.8278290e+06   7.0434570e+01
   4.8295040e+06   5.0109863e+01
   4.8298210e+06   4.4006348e+01
   4.8427850e+06   6.9213867e+01
   4.8470820e+06   5.9631348e+01
   4.8477080e+06   5.3527832e+01
   4.8567840e+06   6.8481445e+01
   4.8588790e+06   4.9682617e+01
   4.8656790e+06   6.4086914e+01
   4.8663610e+06   4.5715332e+01
   4.8739590e+06   5.5969238e+01
   4.8743880e+06   4.2358398e+01
   4.8775030e+06   6.3049316e+01
   4.8796080e+06   5.7373047e+01
   4.8848440e+06   5.4870605e+01
   4.8851440e+06   4.7424316e+01
   4.8983980e+06   7.2937012e+01
   4.9039400e+06   8.0078125e+01
   4.9068280e+06   6.3842773e+01
   4.9079610e+06   5.7617188e+01
   4.9089030e+06   5.2001953e+01
   4.9196410e+06   7.1716309e+01
   4.9251100e+06   5.5541992e+01
   4.9263510e+06   5.1818848e+01
   4.9310960e+06   5.5786133e+01
   4.9345050e+06   6.5856934e+01
   4.9360330e+06   5.2368164e+01
   4.9473850e+06   5.4260254e+01
   4.9514440e+06   6.4819336e+01
   4.9567090e+06   5.5786133e+01
   4.9640180e+06   5.9875488e+01
   4.9695470e+06   4.3395996e+01
   4.9703650e+06   6.8603516e+01
   4.9752320e+06   6.6894531e+01
   4.9817130e+06   6.0241699e+01
   4.9824910e+06   4.2114258e+01
   4.9835470e+06   4.7973633e+01
   4.9923900e+06   5.3100586e+01
   4.9965750e+06   6.3110352e+01
   5.0042650e+06   6.7749023e+01
   5.0072760e+06   5.9753418e+01
   5.0128720e+06   6.2438965e+01
   5.0155020e+06   5.1086426e+01
   5.0246020e+06   6.1828613e+01
   5.0259450e+06   4.2480469e+01
   5.0312070e+06   6.3232422e+01
   5.0392880e+06   7.1289062e+01
   5.0395250e+06   4.2663574e+01
   5.0553540e+06   5.3833008e+01
   5.0564560e+06   5.3771973e+01
   5.0608760e+06   5.8654785e+01
   5.0672250e+06   5.4748535e+01
   5.0709480e+06   5.9020996e+01
   5.0788390e+06   6.2194824e+01
   5.0793460e+06   4.1931152e+01
   5.0881560e+06   6.7871094e+01
   5.0997530e+06   6.9885254e+01
   5.1049150e+06   7.2631836e+01
   5.1123480e+06   6.1279297e+01
   5.1131010e+06   5.9020996e+01
   5.1220680e+06   5.9326172e+01
   5.1276310e+06   5.7312012e+01
   5.1279080e+06   4.6020508e+01
   5.1374660e+06   6.2255859e+01
   5.1394720e+06   6.4270020e+01
   5.1424490e+06   6.1889648e+01
   5.1427540e+06   4.7302246e+01
   5.1512420e+06   6.3903809e+01
   5.1516480e+06   4.9194336e+01
   5.1628090e+06   6.5185547e+01
   5.1719580e+06   6.3110352e+01
   5.1723990e+06   5.7800293e+01
   5.1815770e+06   6.7382812e+01
   5.1864660e+06   4.9377441e+01
   5.1886730e+06   6.9274902e+01
   5.1952030e+06   6.7382812e+01
   5.1956170e+06   4.8034668e+01
   5.2076150e+06   6.4270020e+01
   5.2112760e+06   4.6142578e+01
   5.2189010e+06   7.0495605e+01
   5.2199910e+06   6.9152832e+01
   5.2287210e+06   6.1828613e+01
   5.2395890e+06   6.5246582e+01
   5.2454010e+06   6.1157227e+01
   5.2460540e+06   4.2602539e+01
   5.2510890e+06   5.4443359e+01
   5.2595620e+06   5.9387207e+01
   5.2722630e+06   6.3354492e+01
   5.2792470e+06   6.3964844e+01
   5.2828410e+06   4.2114258e+01
   5.2844140e+06   6.6162109e+01
   5.2928860e+06   7.0861816e+01
   5.2999350e+06   6.3171387e+01
   5.3004400e+06   6.1523438e+01
   5.3012500e+06   4.2297363e+01
   5.3180750e+06   6.3049316e+01
   5.3226890e+06   5.6335449e+01
   5.3244730e+06   6.0241699e+01
   5.3319200e+06   8.0871582e+01
   5.3380130e+06   5.4077148e+01
   5.3390770e+06   4.2419434e+01
   5.3571410e+06   6.5490723e+01
   5.3635930e+06   5.0415039e+01
   5.3660300e+06   5.9143066e+01
   5.3667580e+06   5.4809570e+01
   5.3744090e+06   6.2316895e+01
   5.3786900e+06   6.3476562e+01
   5.3790220e+06   4.8217773e+01
   5.3939950e+06   6.3598633e+01
   5.3945600e+06   4.6386719e+01
   5.3947900e+06   4.8156738e+01
   5.3979480e+06   4.3762207e+01
   5.4014500e+06   5.2124023e+01
   5.4120800e+06   7.1655273e+01
   5.4162360e+06   6.8908691e+01
   5.4164970e+06   4.7546387e+01
   5.4267910e+06   4.1992188e+01
   5.4278370e+06   6.9213867e+01
   5.4402750e+06   8.5144043e+01
   5.4445610e+06   6.0852051e+01
   5.4474210e+06   5.3405762e+01
   5.4501980e+06   5.1574707e+01
   5.4599160e+06   6.9580078e+01
   5.4602270e+06   4.2175293e+01
   5.4607950e+06   4.3457031e+01
   5.4681050e+06   5.6945801e+01
   5.4698780e+06   6.0058594e+01
   5.4706800e+06   4.2846680e+01
   5.4715170e+06   4.6569824e+01
   5.4774530e+06   4.1809082e+01
   5.4803730e+06   6.1035156e+01
   5.4880220e+06   6.4453125e+01
   5.4889110e+06   4.8706055e+01
   5.4964050e+06   6.2561035e+01
   5.4971390e+06   4.8095703e+01
   5.5048940e+06   7.6110840e+01
   5.5053930e+06   5.2001953e+01
   5.5226810e+06   6.0058594e+01
   5.5309600e+06   6.2622070e+01
   5.5348760e+06   6.2316895e+01
   5.5434450e+06   6.3049316e+01
   5.5504520e+06   7.3242188e+01
   5.5538940e+06   6.6833496e+01
   5.5616760e+06   7.3547363e+01
   5.5683450e+06   6.3598633e+01
   5.5728980e+06   6.8542480e+01
   5.5734730e+06   4.4372559e+01
   5.5814590e+06   6.0058594e+01
   5.5856860e+06   5.7922363e+01
   5.5932020e+06   6.1767578e+01
   5.5974140e+06   6.3903809e+01
   5.5978110e+06   5.0354004e+01
   5.6174020e+06   6.7016602e+01
   5.6229590e+06   6.6528320e+01
   5.6278490e+06   6.2744141e+01
   5.6338050e+06   5.5908203e+01
   5.6381030e+06   5.7312012e+01
   5.6452570e+06   5.3344727e+01
   5.6496130e+06   6.1523438e+01
   5.6500370e+06   4.6325684e+01
   5.6516440e+06   4.7058105e+01
   5.6518750e+06   4.3701172e+01
   5.6530430e+06   4.9621582e+01
   5.6613220e+06   6.7687988e+01
   5.6621010e+06   5.6518555e+01
   5.6764030e+06   8.1665039e+01
   5.6819700e+06   6.1645508e+01
   5.6918520e+06   6.9152832e+01
   5.6972010e+06   5.3161621e+01
   5.7027740e+06   5.5786133e+01
   5.7070540e+06   5.9753418e+01
   5.7107310e+06   5.6213379e+01
   5.7111450e+06   4.6875000e+01
   5.7166370e+06   5.8593750e+01
   5.7209410e+06   5.9509277e+01
   5.7253320e+06   6.8420410e+01
   5.7256270e+06   4.9377441e+01
   5.7369380e+06   6.8481445e+01
   5.7405220e+06   6.9213867e+01
   5.7480350e+06   7.1289062e+01
   5.7553760e+06   8.0139160e+01
   5.7615110e+06   4.2541504e+01
   5.7616440e+06   6.1218262e+01
   5.7655330e+06   6.7993164e+01
   5.7727950e+06   6.2622070e+01
   5.7731020e+06   5.2856445e+01
   5.7740610e+06   4.7790527e+01
   5.7745900e+06   4.2297363e+01
   5.7872010e+06   5.9020996e+01
   5.7878300e+06   4.8278809e+01
   5.7883030e+06   4.6630859e+01
   5.7946690e+06   5.8288574e+01
   5.8013080e+06   7.4401855e+01
   5.8061760e+06   6.6955566e+01
   5.8129640e+06   5.6518555e+01
   5.8189970e+06   5.0537109e+01
   5.8197720e+06   4.1992188e+01
   5.8220650e+06   5.0842285e+01
   5.8225120e+06   4.5532227e+01
   5.8311670e+06   7.0434570e+01
   5.8330110e+06   5.1513672e+01
   5.8378760e+06   5.4138184e+01
   5.8425810e+06   5.9631348e+01
   5.8432160e+06   4.2907715e+01
   5.8547200e+06   5.9570312e+01
   5.8604010e+06   6.2744141e+01
   5.8654200e+06   6.0241699e+01
   5.8705990e+06   5.2734375e+01
   5.8744740e+06   5.6274414e+01
   5.8774280e+06   5.2185059e+01
   5.8831810e+06   4.3457031e+01
   5.8856060e+06   7.2814941e+01
   5.8863280e+06   5.4077148e+01
   5.8919500e+06   6.9152832e+01
   5.9013350e+06   5.8410645e+01
   5.9040790e+06   5.9570312e+01
   5.9085930e+06   5.4870605e+01
   5.9119430e+06   5.9509277e+01
   5.9168960e+06   4.3151855e+01
   5.9171480e+06   5.8715820e+01
   5.9173290e+06   4.7058105e+01
   5.9177930e+06   4.5776367e+01
   5.9236450e+06   7.0434570e+01
   5.9249750e+06   4.8156738e+01
   5.9266050e+06   4.2053223e+01
   5.9306990e+06   4.3212891e+01
   5.9329930e+06   4.7485352e+01
   5.9405330e+06   7.5927734e+01
   5.9464230e+06   7.4462891e+01
   5.9497940e+06   5.6030273e+01
   5.9512420e+06   5.3222656e+01
   5.9624930e+06   5.4016113e+01
   5.9709480e+06   6.3720703e+01
   5.9715190e+06   4.9194336e+01
   5.9838680e+06   6.4880371e+01
   5.9897130e+06   6.6894531e+01
   5.9950360e+06   6.3598633e+01
   6.0004630e+06   7.4096680e+01
   6.0007310e+06   4.2297363e+01
   6.0126800e+06   6.7626953e+01
   6.0143250e+06   4.9072266e+01
   6.0177760e+06   6.9946289e+01
   6.0183830e+06   5.1025391e+01
   6.0211290e+06   4.6630859e+01
   6.0250810e+06   7.5988770e+01
   6.0261680e+06   4.8583984e+01
   6.0264480e+06   4.4982910e+01
   6.0363440e+06   6.5490723e+01
   6.0404590e+06   7.8186035e+01
   6.0439170e+06   6.2377930e+01
   6.0443910e+06   5.1025391e+01
   6.0551260e+06   6.4086914e+01
   6.0569230e+06   4.9377441e+01
   6.0572350e+06   4.3823242e+01
   6.0645550e+06   6.6406250e+01
   6.0726230e+06   5.1391602e+01
   6.0755610e+06   4.7851562e+01
   6.0975930e+06   7.4584961e+01
   6.0980530e+06   4.9499512e+01
   6.0988930e+06   5.0109863e+01
   6.0995950e+06   4.5349121e+01
   6.1037280e+06   4.8095703e+01
   6.1040320e+06   4.6936035e+01
   6.1046350e+06   6.0241699e+01
   6.1051830e+06   4.6264648e+01
   6.1115830e+06   5.1757812e+01
   6.1120210e+06   4.6264648e+01
   6.1172350e+06   6.6772461e+01
   6.1198470e+06   4.4189453e+01
   6.1220710e+06   4.6875000e+01
   6.1373700e+06   6.1401367e+01
   6.1379900e+06   4.7546387e+01
   6.1461990e+06   6.2622070e+01
   6.1464240e+06   5.0842285e+01
   6.1527940e+06   6.8237305e+01
   6.1532580e+06   5.5053711e+01
   6.1535590e+06   5.1940918e+01
   6.1551990e+06   5.5358887e+01
   6.1697970e+06   6.0791016e+01
   6.1742060e+06   6.0913086e+01
   6.1778900e+06   6.4575195e+01
   6.1815080e+06   6.7993164e+01
   6.1818090e+06   4.9255371e+01
   6.1867710e+06   6.5979004e+01
   6.1888350e+06   5.1940918e+01
   6.1891060e+06   4.2419434e+01
   6.2000450e+06   5.9326172e+01
   6.2055270e+06   5.7434082e+01
   6.2067480e+06   6.0546875e+01
   6.2155420e+06   6.7871094e+01
   6.2182700e+06   5.8349609e+01
   6.2206050e+06   4.7058105e+01
   6.2215130e+06   4.1748047e+01
   6.2229980e+06   4.1748047e+01
   6.2237990e+06   6.7749023e+01
   6.2390460e+06   5.4199219e+01
   6.2427860e+06   5.8288574e+01
   6.2475020e+06   5.2673340e+01
   6.2624040e+06   6.4697266e+01
   6.2670780e+06   5.7250977e+01
   6.2713030e+06   4.7729492e+01
   6.2721720e+06   5.4870605e+01
   6.2763560e+06   5.6701660e+01
   6.2795210e+06   4.3151855e+01
   6.2801930e+06   4.7546387e+01
   6.2816480e+06   4.5410156e+01
   6.2819090e+06   4.1870117e+01
   6.2871660e+06   4.2053223e+01
   6.2969060e+06   6.6162109e+01
   6.3015310e+06   6.1584473e+01
   6.3024440e+06   4.5593262e+01
   6.3110040e+06   5.9631348e+01
   6.3149660e+06   6.4331055e+01
   6.3154890e+06   4.9804687e+01
   6.3228150e+06   5.9997559e+01
   6.3251830e+06   5.6030273e+01
   6.3252580e+06   4.1931152e+01
   6.3254250e+06   4.1748047e+01
   6.3257710e+06   4.7424316e+01
   6.3261620e+06   4.7241211e+01
   6.3409740e+06   5.8898926e+01
   6.3456550e+06   5.8837891e+01
   6.3466600e+06   4.1748047e+01
   6.3526610e+06   6.1279297e+01
   6.3531710e+06   4.3579102e+01
   6.3539240e+06   4.3273926e+01
   6.3630160e+06   6.2011719e+01
   6.3636430e+06   4.5043945e+01
   6.3742630e+06   6.4086914e+01
   6.3841760e+06   6.5490723e+01
   6.3874120e+06   6.2316895e+01
   6.3878720e+06   5.4138184e+01
   6.3883970e+06   4.9316406e+01
   6.3887530e+06   5.6945801e+01
   6.3889200e+06   4.5471191e+01
   6.4067560e+06   5.7678223e+01
   6.4101410e+06   6.1157227e+01
   6.4109880e+06   5.5541992e+01
   6.4166700e+06   5.5297852e+01
   6.4175770e+06   4.9255371e+01
   6.4233950e+06   4.9560547e+01
   6.4249490e+06   7.0983887e+01
   6.4253070e+06   4.5227051e+01
   6.4255790e+06   4.1931152e+01
   6.4256620e+06   4.5532227e+01
   6.4403740e+06   5.6701660e+01
   6.4440420e+06   7.2875977e+01
   6.4446450e+06   5.2429199e+01
   6.4464450e+06   5.9326172e+01
   6.4473990e+06   4.6569824e+01
   6.4550360e+06   6.1828613e+01
   6.4558600e+06   4.4860840e+01
   6.4622410e+06   5.2001953e+01
   6.4669160e+06   6.1035156e+01
   6.4676270e+06   4.4555664e+01
   6.4783860e+06   5.1452637e+01
   6.4787160e+06   5.2307129e+01
   6.4790080e+06   4.3151855e+01
   6.4803250e+06   6.3903809e+01
   6.4858650e+06   5.7434082e+01
   6.4947750e+06   6.3964844e+01
   6.4962480e+06   5.7006836e+01
   6.5013410e+06   5.9936523e+01
   6.5018600e+06   5.0292969e+01
   6.5176240e+06   7.1960449e+01
   6.5181880e+06   5.2551270e+01
   6.5193090e+06   4.6569824e+01
   6.5204910e+06   5.1025391e+01
   6.5243990e+06   7.0800781e+01
   6.5252390e+06   4.5288086e+01
   6.5295770e+06   4.4128418e+01
   6.5351240e+06   6.5734863e+01
   6.5354460e+06   4.4311523e+01
   6.5420570e+06   6.4880371e+01
   6.5426250e+06   4.3945312e+01
   6.5496760e+06   6.0302734e+01
   6.5500480e+06   4.9255371e+01
   6.5551430e+06   7.2998047e+01
   6.5553640e+06   4.3701172e+01
   6.5569810e+06   4.5410156e+01
   6.5616280e+06   5.4931641e+01
   6.5624210e+06   4.8889160e+01
   6.5627610e+06   4.4616699e+01
   6.5692500e+06   7.3059082e+01
   6.5718710e+06   5.5847168e+01
   6.5889950e+06   6.5002441e+01
   6.5897450e+06   6.2072754e+01
   6.5929280e+06   5.4138184e+01
   6.5961440e+06   6.1462402e+01
   6.5972680e+06   5.0170898e+01
   6.6018340e+06   4.9865723e+01
   6.6073950e+06   6.3964844e+01
   6.6174370e+06   6.6162109e+01
   6.6180030e+06   4.9682617e+01
   6.6357440e+06   6.6406250e+01
   6.6362340e+06   5.6152344e+01
   6.6476070e+06   6.1218262e+01
   6.6482560e+06   5.2734375e+01
   6.6513090e+06   5.1574707e+01
   6.6571590e+06   6.1767578e+01
   6.6573310e+06   5.1208496e+01
   6.6580700e+06   4.3029785e+01
   6.6704980e+06   7.1655273e+01
   6.6742780e+06   4.9194336e+01
   6.6745610e+06   5.7250977e+01
   6.6750350e+06   4.5715332e+01
   6.6892280e+06   6.4880371e+01
   6.6896480e+06   4.6936035e+01
   6.6923360e+06   5.3894043e+01
   6.6925790e+06   4.1870117e+01
   6.7050330e+06   6.2377930e+01
   6.7072680e+06   6.0119629e+01
   6.7127200e+06   6.4941406e+01
   6.7166210e+06   4.9072266e+01
   6.7169540e+06   5.6030273e+01
   6.7170690e+06   4.1992188e+01
   6.7211880e+06   5.3771973e+01
   6.7258210e+06   5.3649902e+01
   6.7261660e+06   4.1809082e+01
   6.7388950e+06   6.9458008e+01
   6.7432700e+06   5.6518555e+01
   6.7436250e+06   4.7058105e+01
   6.7522930e+06   6.5002441e+01
   6.7569030e+06   5.0964355e+01
   6.7620890e+06   6.6467285e+01
   6.7650500e+06   5.7739258e+01
   6.7750790e+06   5.4016113e+01
   6.7823850e+06   7.2265625e+01
   6.7859090e+06   6.3720703e+01
   6.7882430e+06   5.5847168e+01
   6.7886300e+06   4.3884277e+01
   6.7968880e+06   6.2683105e+01
   6.7974560e+06   5.6762695e+01
   6.7989750e+06   4.3029785e+01
   6.8102080e+06   5.8471680e+01
   6.8121880e+06   5.5969238e+01
   6.8192280e+06   6.9091797e+01
   6.8219600e+06   6.2683105e+01
   6.8223820e+06   4.3823242e+01
   6.8264400e+06   6.0058594e+01
   6.8298130e+06   5.9692383e+01
   6.8305160e+06   4.4311523e+01
   6.8348720e+06   5.6396484e+01
   6.8408810e+06   4.2419434e+01
   6.8421840e+06   5.7250977e+01
   6.8425880e+06   4.7912598e+01
   6.8472370e+06   5.2246094e+01
   6.8476100e+06   4.8217773e+01
   6.8540120e+06   5.1513672e+01
   6.8549050e+06   5.4077148e+01
   6.8610900e+06   6.1035156e+01
   6.8614730e+06   5.4382324e+01
   6.8621730e+06   4.2358398e+01
   6.8688930e+06   6.0424805e+01
   6.8697520e+06   5.4199219e+01
   6.8776110e+06   5.1757812e+01
   6.8779070e+06   4.8522949e+01
   6.8781290e+06   4.2358398e+01
   6.8798320e+06   5.9570312e+01
   6.8833940e+06   5.3894043e+01
   6.8842920e+06   4.3823242e+01
   6.8971100e+06   6.6101074e+01
   6.9037040e+06   6.0180664e+01
   6.9040180e+06   5.2551270e+01
   6.9120650e+06   4.9011230e+01
   6.9127420e+06   4.6325684e+01
   6.9171800e+06   5.5297852e+01
   6.9255850e+06   4.2846680e+01
   6.9265000e+06   5.9143066e+01
   6.9329880e+06   6.2255859e+01
   6.9343190e+06   5.7373047e+01
   6.9395330e+06   5.6579590e+01
   6.9433800e+06   5.8898926e+01
   6.9453440e+06   5.6884766e+01
   6.9491330e+06   5.3039551e+01
   6.9503330e+06   5.6701660e+01
   6.9598340e+06   5.1879883e+01
   6.9606440e+06   5.8593750e+01
   6.9653640e+06   5.2429199e+01
   6.9692400e+06   5.3771973e+01
   6.9696120e+06   4.5349121e+01
   6.9703510e+06   4.6997070e+01
   6.9716070e+06   4.2724609e+01
   6.9718980e+06   5.1330566e+01
   6.9754170e+06   5.9082031e+01
   6.9801730e+06   6.7810059e+01
   6.9820820e+06   5.2307129e+01
   6.9960930e+06   5.6396484e+01
   7.0001300e+06   6.4270020e+01
   7.0003290e+06   5.0659180e+01
   7.0087260e+06   6.7932129e+01
   7.0129870e+06   5.2490234e+01
   7.0207200e+06   6.5246582e+01
   7.0236400e+06   5.2062988e+01
   7.0240490e+06   4.2419434e+01
   7.0247510e+06   4.2480469e+01
   7.0274420e+06   4.4372559e+01
   7.0373800e+06   5.3039551e+01
   7.0393730e+06   7.1350098e+01
   7.0441450e+06   5.8166504e+01
   7.0498210e+06   6.1462402e+01
   7.0550910e+06   5.9204102e+01
   7.0675990e+06   6.6223145e+01
   7.0685520e+06   4.4555664e+01
   7.0746600e+06   6.2133789e+01
   7.0785130e+06   7.1777344e+01
   7.0834300e+06   7.0983887e+01
   7.0869510e+06   5.4626465e+01
   7.0903800e+06   4.9072266e+01
   7.0958370e+06   6.6772461e+01
   7.1003110e+06   5.8532715e+01
   7.1032210e+06   5.2978516e+01
   7.1043590e+06   5.0537109e+01
   7.1152550e+06   6.6284180e+01
   7.1191880e+06   5.2673340e+01
   7.1224550e+06   5.8532715e+01
   7.1357550e+06   6.9580078e+01
   7.1376050e+06   6.1828613e+01
   7.1403930e+06   4.9499512e+01
   7.1472480e+06   6.7260742e+01
   7.1478500e+06   4.8034668e+01
   7.1557120e+06   5.8776855e+01
   7.1562200e+06   4.5959473e+01
   7.1573230e+06   5.0170898e+01
   7.1578750e+06   5.0476074e+01
   7.1627410e+06   6.6833496e+01
   7.1668540e+06   6.1401367e+01
   7.1712220e+06   6.3171387e+01
   7.1758460e+06   6.5185547e+01
   7.1769710e+06   4.2175293e+01
   7.1843310e+06   5.0109863e+01
   7.1931150e+06   5.5358887e+01
   7.1946230e+06   4.6752930e+01
   7.1978610e+06   5.6884766e+01
   7.1980980e+06   4.2480469e+01
   7.2122820e+06   6.5734863e+01
   7.2127550e+06   4.9072266e+01
   7.2152300e+06   4.7241211e+01
   7.2170490e+06   5.7678223e+01
   7.2173560e+06   4.5166016e+01
   7.2246680e+06   5.8959961e+01
   7.2289550e+06   6.1767578e+01
   7.2292370e+06   4.7790527e+01
   7.2428580e+06   6.2683105e+01
   7.2443890e+06   5.3344727e+01
   7.2503090e+06   6.6101074e+01
   7.2509310e+06   4.7790527e+01
   7.2646520e+06   6.6162109e+01
   7.2683150e+06   6.1645508e+01
   7.2694980e+06   5.2062988e+01
   7.2782030e+06   5.8959961e+01
   7.2790300e+06   4.8889160e+01
   7.2858260e+06   5.6457520e+01
   7.2862460e+06   4.6997070e+01
   7.2903590e+06   4.3457031e+01
   7.2944970e+06   5.9936523e+01
   7.2967920e+06   6.1584473e+01
   7.3007910e+06   5.7678223e+01
   7.3055180e+06   4.4067383e+01
   7.3091440e+06   5.7312012e+01
   7.3126450e+06   6.0791016e+01
   7.3167770e+06   5.6762695e+01
   7.3219970e+06   6.3537598e+01
   7.3225150e+06   4.2419434e+01
   7.3257280e+06   5.4870605e+01
   7.3261480e+06   4.3090820e+01
   7.3283770e+06   4.2175293e+01
   7.3324380e+06   6.3659668e+01
   7.3354930e+06   4.9987793e+01
   7.3443920e+06   6.0241699e+01
   7.3450130e+06   5.0170898e+01
   7.3481430e+06   5.5358887e+01
   7.3530370e+06   5.9204102e+01
   7.3545310e+06   5.3161621e+01
   7.3677090e+06   6.7321777e+01
   7.3692380e+06   5.5541992e+01
   7.3694860e+06   4.1809082e+01
   7.3754470e+06   5.0292969e+01
   7.3828930e+06   5.9448242e+01
   7.3842030e+06   5.3283691e+01
   7.3844930e+06   5.2490234e+01
   7.4011160e+06   6.1401367e+01
   7.4089100e+06   4.4555664e+01
   7.4105310e+06   5.6823730e+01
   7.4140490e+06   4.1931152e+01
   7.4143380e+06   4.8156738e+01
   7.4180100e+06   7.6843262e+01
   7.4183890e+06   4.3579102e+01
   7.4283770e+06   6.2377930e+01
   7.4325580e+06   6.6040039e+01
   7.4385340e+06   5.3283691e+01
   7.4402980e+06   5.2001953e+01
   7.4466780e+06   6.4270020e+01
   7.4470160e+06   4.1809082e+01
   7.4556970e+06   4.7424316e+01
   7.4606150e+06   6.3232422e+01
   7.4608970e+06   4.4433594e+01
   7.4743060e+06   6.7199707e+01
   7.4754190e+06   4.6386719e+01
   7.4758390e+06   4.2480469e+01
   7.4871500e+06   6.8237305e+01
   7.4952390e+06   6.2866211e+01
   7.4971420e+06   5.3222656e+01
   7.4982460e+06   5.5541992e+01
   7.5010430e+06   4.3640137e+01
   7.5070090e+06   6.0668945e+01
   7.5080990e+06   4.8156738e+01
   7.5145420e+06   7.2082520e+01
   7.5149310e+06   4.8583984e+01
   7.5259350e+06   6.7260742e+01
   7.5305320e+06   5.0598145e+01
   7.5310360e+06   4.2053223e+01
   7.5365760e+06   5.9204102e+01
   7.5446530e+06   6.2438965e+01
   7.5478700e+06   4.7546387e+01
   7.5528810e+06   6.2377930e+01
   7.5536530e+06   6.2255859e+01
   7.5539330e+06   4.3029785e+01
   7.5646070e+06   5.3405762e+01
   7.5708710e+06   6.7687988e+01
   7.5752090e+06   6.7687988e+01
   7.5756450e+06   4.2480469e+01
   7.5789710e+06   5.4260254e+01
   7.5823870e+06   5.4138184e+01
   7.5863310e+06   5.7067871e+01
   7.5907640e+06   5.9387207e+01
   7.5957930e+06   5.7189941e+01
   7.5960900e+06   5.1452637e+01
   7.5987800e+06   5.0109863e+01
   7.6034310e+06   5.7861328e+01
   7.6096060e+06   5.6152344e+01
   7.6100380e+06   5.4809570e+01
   7.6226090e+06   6.6833496e+01
   7.6269890e+06   7.0739746e+01
   7.6276280e+06   4.7607422e+01
   7.6364450e+06   5.8288574e+01
   7.6409340e+06   5.7739258e+01
   7.6463150e+06   6.1035156e+01
   7.6470350e+06   4.1992188e+01
   7.6506670e+06   6.1218262e+01
   7.6538520e+06   5.4138184e+01
   7.6621100e+06   6.0424805e+01
   7.6648010e+06   5.7739258e+01
   7.6657960e+06   4.7973633e+01
   7.6660770e+06   4.1870117e+01
   7.6705560e+06   5.1818848e+01
   7.6713050e+06   4.8522949e+01
   7.6783370e+06   6.5612793e+01
   7.6787490e+06   4.5471191e+01
   7.6886880e+06   5.5847168e+01
   7.6944570e+06   6.5856934e+01
   7.6952200e+06   4.6142578e+01
   7.7045270e+06   6.8298340e+01
   7.7047930e+06   4.8095703e+01
   7.7182700e+06   4.2053223e+01
   7.7184030e+06   5.9997559e+01
   7.7221700e+06   6.6467285e+01
   7.7268670e+06   5.8227539e+01
   7.7286030e+06   5.3161621e+01
   7.7347630e+06   6.3049316e+01
   7.7360680e+06   5.6579590e+01
   7.7417050e+06   5.7800293e+01
   7.7477320e+06   5.4931641e+01
   7.7484610e+06   4.5654297e+01
   7.7494920e+06   4.7851563e+01
   7.7611010e+06   6.0424805e+01
   7.7618290e+06   5.2490234e+01
   7.7705450e+06   5.8471680e+01
   7.7711740e+06   4.9133301e+01
   7.7723110e+06   7.2998047e+01
   7.7768530e+06   5.9204102e+01
   7.7857200e+06   5.6762695e+01
   7.7900040e+06   5.2124023e+01
   7.7957610e+06   7.1472168e+01
   7.8108660e+06   5.9753418e+01
   7.8154420e+06   7.3303223e+01
   7.8220200e+06   4.6447754e+01
   7.8225080e+06   5.5847168e+01
   7.8225880e+06   4.2663574e+01
   7.8261100e+06   6.2805176e+01
   7.8265460e+06   4.5410156e+01
   7.8343570e+06   5.4626465e+01
   7.8350610e+06   4.8400879e+01
   7.8433150e+06   6.6528320e+01
   7.8438460e+06   5.0537109e+01
   7.8598370e+06   5.7922363e+01
   7.8632140e+06   5.3039551e+01
   7.8638460e+06   5.6274414e+01
   7.8671970e+06   4.2175293e+01
   7.8772340e+06   6.5490723e+01
   7.8782590e+06   5.4016113e+01
   7.8861800e+06   4.9743652e+01
   7.8873330e+06   4.2175293e+01
   7.8875040e+06   4.3029785e+01
   7.8897010e+06   6.9213867e+01
   7.8900770e+06   4.6936035e+01
   7.8906520e+06   4.3579102e+01
   7.8911080e+06   4.3823242e+01
   7.9016800e+06   6.2866211e+01
   7.9080670e+06   6.0241699e+01
   7.9107550e+06   4.6997070e+01
   7.9110880e+06   4.4677734e+01
   7.9156250e+06   4.9987793e+01
   7.9226530e+06   5.4565430e+01
   7.9264990e+06   5.0720215e+01
   7.9269970e+06   5.2917480e+01
   7.9407570e+06   5.8837891e+01
   7.9432790e+06   6.3781738e+01
   7.9435890e+06   4.2846680e+01
   7.9515670e+06   5.8715820e+01
   7.9601660e+06   5.8105469e+01
   7.9615570e+06   4.8034668e+01
   7.9621870e+06   4.2419434e+01
   7.9716940e+06   6.6162109e+01
   7.9766070e+06   6.6711426e+01
   7.9789940e+06   5.6762695e+01
   7.9817620e+06   5.2185059e+01
   7.9820630e+06   4.3273926e+01
   7.9883760e+06   4.2114258e+01
   7.9902920e+06   6.1462402e+01
   7.9909690e+06   4.6142578e+01
   8.0000930e+06   4.8583984e+01
   8.0003340e+06   5.5480957e+01
   8.0041280e+06   7.0129395e+01
   8.0045220e+06   4.1748047e+01
   8.0124000e+06   6.4575195e+01
   8.0150570e+06   5.9997559e+01
   8.0172770e+06   5.5053711e+01
   8.0281820e+06   6.6223145e+01
   8.0312190e+06   4.7973633e+01
   8.0330730e+06   4.9255371e+01
   8.0369000e+06   6.5734863e+01
   8.0389670e+06   5.0781250e+01
   8.0472840e+06   6.9702148e+01
   8.0522850e+06   5.1025391e+01
   8.0612370e+06   6.7260742e+01
   8.0671930e+06   6.0302734e+01
   8.0687250e+06   5.1452637e+01
   8.0744030e+06   6.9396973e+01
   8.0758460e+06   4.5349121e+01
   8.0764600e+06   4.2480469e+01
   8.0901610e+06   6.6833496e+01
   8.0922600e+06   4.8034668e+01
   8.0952190e+06   5.3222656e+01
   8.0958750e+06   4.5532227e+01
   8.1050890e+06   6.1584473e+01
   8.1192680e+06   7.1533203e+01
   8.1248840e+06   5.9631348e+01
   8.1270010e+06   4.6325684e+01
   8.1299780e+06   4.9987793e+01
   8.1302150e+06   4.6691895e+01
   8.1396200e+06   6.1096191e+01
   8.1401350e+06   5.2062988e+01
   8.1476270e+06   5.1208496e+01
   8.1552400e+06   6.7993164e+01
   8.1581810e+06   5.9265137e+01
   8.1616770e+06   5.5541992e+01
   8.1625300e+06   4.2236328e+01
   8.1759280e+06   6.5368652e+01
   8.1802640e+06   5.9509277e+01
   8.1852220e+06   6.3171387e+01
   8.1908560e+06   5.5297852e+01
   8.1916560e+06   4.7180176e+01
   8.1918880e+06   6.2438965e+01
   8.1924670e+06   4.6081543e+01
   8.1932330e+06   4.8828125e+01
   8.1934420e+06   4.4128418e+01
   8.2047830e+06   6.2072754e+01
   8.2055960e+06   5.8898926e+01
   8.2058890e+06   4.4067383e+01
   8.2104630e+06   6.4819336e+01
   8.2111280e+06   4.6386719e+01
   8.2187540e+06   5.1513672e+01
   8.2190750e+06   5.3283691e+01
   8.2259640e+06   6.3598633e+01
   8.2301630e+06   5.7617188e+01
   8.2308200e+06   5.2429199e+01
   8.2313080e+06   4.6020508e+01
   8.2345300e+06   4.4921875e+01
   8.2347000e+06   4.1748047e+01
   8.2403590e+06   6.9274902e+01
   8.2484880e+06   7.2326660e+01
   8.2498520e+06   5.2124023e+01
   8.2580540e+06   7.1289062e+01
   8.2601830e+06   4.2053223e+01
   8.2604870e+06   5.0170898e+01
   8.2606480e+06   4.6264648e+01
   8.2617170e+06   6.7565918e+01
   8.2685670e+06   4.9743652e+01
   8.2690730e+06   4.3090820e+01
   8.2690840e+06   4.5471191e+01
   8.2746050e+06   5.7922363e+01
   8.2809600e+06   6.4270020e+01
   8.2849330e+06   6.8603516e+01
   8.2908300e+06   7.6049805e+01
   8.2913320e+06   4.9987793e+01
   8.2984520e+06   6.2072754e+01
   8.2987630e+06   4.3151855e+01
   8.2990490e+06   4.3090820e+01
   8.3018970e+06   4.5104980e+01
   8.3038720e+06   4.9499512e+01
   8.3045390e+06   4.7058105e+01
   8.3050260e+06   4.2602539e+01
   8.3056580e+06   4.3762207e+01
   8.3080330e+06   4.3395996e+01
   8.3143150e+06   7.0190430e+01
   8.3158290e+06   5.6030273e+01
   8.3223360e+06   6.1828613e+01
   8.3227300e+06   5.4321289e+01
   8.3337010e+06   5.6213379e+01
   8.3343440e+06   5.7617188e+01
   8.3409940e+06   6.3781738e+01
   8.3446200e+06   6.2561035e+01
   8.3491580e+06   4.3823242e+01
   8.3504920e+06   5.0659180e+01
   8.3507960e+06   4.9133301e+01
   8.3574810e+06   6.9946289e+01
   8.3578680e+06   4.1931152e+01
   8.3654960e+06   5.8166504e+01
   8.3658370e+06   4.2419434e+01
   8.3780320e+06   6.5734863e+01
   8.3832580e+06   5.9509277e+01
   8.3875600e+06   5.6762695e+01
   8.3916250e+06   5.6213379e+01
   8.3976990e+06   5.8837891e+01
   8.3984000e+06   4.8461914e+01
   8.4136790e+06   7.1105957e+01
   8.4161150e+06   5.7006836e+01
   8.4165980e+06   4.6569824e+01
   8.4275260e+06   5.3161621e+01
   8.4278950e+06   4.3640137e+01
   8.4280880e+06   4.4738770e+01
   8.4304000e+06   7.9162598e+01
   8.4371180e+06   5.4931641e+01
   8.4408850e+06   6.3903809e+01
   8.4414030e+06   4.7973633e+01
   8.4467810e+06   5.9020996e+01
   8.4505770e+06   5.6945801e+01
   8.4554420e+06   4.5593262e+01
   8.4560550e+06   4.9194336e+01
   8.4569960e+06   5.5236816e+01
   8.4614670e+06   4.2114258e+01
   8.4618050e+06   4.2297363e+01
   8.4674910e+06   6.7199707e+01
   8.4677360e+06   4.3457031e+01
   8.4707550e+06   4.3823242e+01
   8.4709460e+06   4.9011230e+01
   8.4789670e+06   6.7138672e+01
   8.4793910e+06   4.2724609e+01
   8.4860990e+06   5.9326172e+01
   8.4865310e+06   5.2734375e+01
   8.4988290e+06   5.9265137e+01
   8.5017350e+06   5.4016113e+01
   8.5056690e+06   5.2185059e+01
   8.5059160e+06   4.8828125e+01
   8.5156250e+06   6.3781738e+01
   8.5159090e+06   5.2246094e+01
   8.5214550e+06   6.2927246e+01
   8.5243910e+06   6.2988281e+01
   8.5305330e+06   5.0903320e+01
   8.5311590e+06   4.4189453e+01
   8.5316590e+06   4.8217773e+01
   8.5377440e+06   6.4392090e+01
   8.5454800e+06   6.7749023e+01
   8.5459930e+06   4.3945312e+01
   8.5590830e+06   6.0485840e+01
   8.5632380e+06   6.2316895e+01
   8.5696810e+06   5.8837891e+01
   8.5701780e+06   5.0659180e+01
   8.5744060e+06   5.0109863e+01
   8.5748870e+06   4.4799805e+01
   8.5876720e+06   5.9326172e+01
   8.5878960e+06   4.4982910e+01
   8.5921780e+06   5.2490234e+01
   8.5998200e+06   5.7922363e+01
   8.6012220e+06   5.7250977e+01
   8.6014220e+06   4.3457031e+01
   8.6113230e+06   6.8786621e+01
   8.6143790e+06   5.1147461e+01
   8.6195690e+06   6.3171387e+01
   8.6202810e+06   4.5471191e+01
   8.6231570e+06   5.1574707e+01
   8.6237730e+06   4.5898438e+01
   8.6310830e+06   6.4819336e+01
   8.6335770e+06   5.7922363e+01
   8.6393970e+06   4.9682617e+01
   8.6414370e+06   5.7128906e+01
   8.6417240e+06   4.5104980e+01
   8.6473410e+06   5.5114746e+01
   8.6479810e+06   4.2480469e+01
   8.6554110e+06   6.2255859e+01
   8.6558320e+06   5.1574707e+01
   8.6668840e+06   6.7626953e+01
   8.6732070e+06   7.3181152e+01
   8.6740920e+06   6.7687988e+01
   8.6743310e+06   4.3151855e+01
   8.6869440e+06   5.6213379e+01
   8.6890610e+06   5.6091309e+01
   8.6934080e+06   4.9804688e+01
   8.6940480e+06   5.0354004e+01
   8.6965690e+06   4.3823242e+01
   8.7019950e+06   6.3842773e+01
   8.7023530e+06   4.1748047e+01
   8.7054830e+06   5.3222656e+01
   8.7059480e+06   4.4372559e+01
   8.7145980e+06   6.6101074e+01
   8.7160570e+06   6.0119629e+01
   8.7168560e+06   4.7851562e+01
   8.7243310e+06   6.6223145e+01
   8.7249610e+06   5.8349609e+01
   8.7252270e+06   4.4860840e+01
   8.7336540e+06   4.3640137e+01
   8.7347160e+06   6.2377930e+01
   8.7398710e+06   6.0668945e+01
   8.7403340e+06   4.3884277e+01
   8.7426920e+06   5.4443359e+01
   8.7430230e+06   5.1513672e+01
   8.7535830e+06   5.8471680e+01
   8.7539290e+06   4.2907715e+01
   8.7602440e+06   6.1157227e+01
   8.7611820e+06   4.5715332e+01
   8.7731320e+06   5.9997559e+01
   8.7734730e+06   4.9316406e+01
   8.7821950e+06   4.4860840e+01
   8.7840730e+06   6.6833496e+01
   8.7892360e+06   6.3049316e+01
   8.7917600e+06   5.8227539e+01
   8.7926580e+06   4.3457031e+01
   8.8007840e+06   4.6508789e+01
   8.8011610e+06   4.8950195e+01
   8.8013740e+06   4.6447754e+01
   8.8033550e+06   5.3588867e+01
   8.8063450e+06   5.2978516e+01
   8.8109470e+06   6.9946289e+01
   8.8160220e+06   5.9936523e+01
   8.8192400e+06   6.2622070e+01
   8.8194190e+06   4.2175293e+01
   8.8197440e+06   4.5837402e+01
   8.8201610e+06   4.4433594e+01
   8.8262380e+06   6.3171387e+01
   8.8330620e+06   5.2001953e+01
   8.8333350e+06   5.0476074e+01
   8.8376560e+06   4.6264648e+01
   8.8391980e+06   5.6518555e+01
   8.8395570e+06   4.3945312e+01
   8.8474720e+06   5.6579590e+01
   8.8507090e+06   5.6579590e+01
   8.8547910e+06   5.9692383e+01
   8.8595850e+06   5.9082031e+01
   8.8641170e+06   5.7373047e+01
   8.8651470e+06   4.9438477e+01
   8.8713280e+06   5.6396484e+01
   8.8721680e+06   4.5532227e+01
   8.8771580e+06   4.5959473e+01
   8.8774650e+06   5.1696777e+01
   8.8776540e+06   4.2419434e+01
   8.8798090e+06   7.3364258e+01
   8.8876930e+06   6.1157227e+01
   8.8878940e+06   4.2480469e+01
   8.8946880e+06   6.7871094e+01
   8.8950730e+06   4.3395996e+01
   8.9022890e+06   4.1809082e+01
   8.9101390e+06   7.1472168e+01
   8.9105580e+06   4.7302246e+01
   8.9205570e+06   6.5307617e+01
   8.9240560e+06   5.9326172e+01
   8.9345930e+06   6.0974121e+01
   8.9404920e+06   6.8664551e+01
   8.9537620e+06   5.9936523e+01
   8.9556730e+06   4.3090820e+01
   8.9567670e+06   4.6875000e+01
   8.9588490e+06   6.9335938e+01
   8.9610760e+06   5.9753418e+01
   8.9613790e+06   5.2612305e+01
   8.9646950e+06   5.2246094e+01
   8.9684060e+06   7.1594238e+01
   8.9716840e+06   5.8349609e+01
   8.9723340e+06   4.1870117e+01
   8.9803970e+06   6.7504883e+01
   8.9813930e+06   4.5043945e+01
   8.9930970e+06   7.6904297e+01
   8.9933840e+06   4.7302246e+01
   8.9943960e+06   4.3029785e+01
