   8.9990000e+06   0.0000000e+00
   6.4254000e+04   4.0588379e+01
   7.2078000e+04   1.2017822e+02
   7.7162000e+04   1.2432861e+02
   7.7684000e+04   1.1199951e+02
   7.8004000e+04   1.0919189e+02
   7.8187000e+04   8.5632324e+01
   7.8464000e+04   8.4716797e+01
   1.2563800e+05   1.0736084e+02
   1.2586500e+05   1.0375977e+02
   1.2605900e+05   1.0223389e+02
   1.2635700e+05   8.5083008e+01
   1.2654800e+05   7.3852539e+01
   1.2685800e+05   7.3486328e+01
   1.2718500e+05   7.6232910e+01
   1.2738100e+05   4.3151855e+01
   1.2755300e+05   4.0771484e+01
   1.2777900e+05   4.0710449e+01
   1.2797500e+05   4.1259766e+01
   1.2863000e+05   4.0954590e+01
   1.6664600e+05   1.2170410e+02
   1.6702700e+05   8.2641602e+01
   1.6749200e+05   1.1199951e+02
   1.6785800e+05   9.3139648e+01
   1.6812900e+05   8.3068848e+01
   1.6838600e+05   7.0007324e+01
   1.6861800e+05   6.4758301e+01
   1.6883600e+05   5.3283691e+01
   1.6967300e+05   6.7932129e+01
   1.8903700e+05   4.3640137e+01
   2.3872100e+05   1.1877441e+02
   2.5564000e+05   1.1071777e+02
   2.5637800e+05   1.1413574e+02
   2.5660300e+05   9.9548340e+01
   3.0749400e+05   1.2036133e+02
   3.0996000e+05   1.0015869e+02
   3.2050600e+05   4.3029785e+01
   3.4016600e+05   4.0466309e+01
   3.4744000e+05   1.3433838e+02
   3.4807200e+05   1.1804199e+02
   3.4857400e+05   1.0015869e+02
   3.4904200e+05   1.0052490e+02
   3.5041600e+05   1.0064697e+02
   3.7155500e+05   1.2658691e+02
   3.7248400e+05   1.1175537e+02
   3.7325000e+05   1.0504150e+02
   3.7359200e+05   9.8815918e+01
   3.7387200e+05   8.6242676e+01
   3.7413500e+05   7.1533203e+01
   3.7434000e+05   5.7312012e+01
   3.7456000e+05   4.0100098e+01
   3.7475500e+05   4.2541504e+01
   3.7499600e+05   4.3701172e+01
   3.7564400e+05   5.0842285e+01
   3.7659200e+05   5.4260254e+01
   4.2522100e+05   1.2042236e+02
   4.2539600e+05   1.0931396e+02
   4.2578400e+05   1.0638428e+02
   4.2617200e+05   4.2114258e+01
   4.2625200e+05   1.0473633e+02
   4.2654300e+05   9.8754883e+01
   4.3792300e+05   1.0339355e+02
   4.3812100e+05   1.0583496e+02
   4.3828200e+05   8.1359863e+01
   4.3851600e+05   6.9396973e+01
   4.3864100e+05   4.2297363e+01
   4.3881100e+05   6.7687988e+01
   4.4102700e+05   4.1259766e+01
   4.8567200e+05   4.1320801e+01
   4.9459000e+05   4.9926758e+01
   4.9469500e+05   9.0026855e+01
   5.0601800e+05   1.0546875e+02
   5.2196300e+05   1.2042236e+02
   5.3567800e+05   4.3945312e+01
   5.3877500e+05   1.2438965e+02
   5.4225300e+05   1.1511230e+02
   5.4273700e+05   1.0076904e+02
   5.4317400e+05   1.0485840e+02
   5.4342400e+05   8.6181641e+01
   5.4399300e+05   7.8674316e+01
   5.4434400e+05   7.4157715e+01
   5.4471200e+05   6.7687988e+01
   5.4535000e+05   6.7199707e+01
   5.8164900e+05   1.2493896e+02
   5.8192200e+05   1.1291504e+02
   5.8215000e+05   9.8632812e+01
   5.8232200e+05   1.0034180e+02
   5.8249800e+05   7.4157715e+01
   5.8263500e+05   6.3781738e+01
   5.8493200e+05   4.0100098e+01
   6.1362400e+05   4.0527344e+01
   6.2255200e+05   4.0771484e+01
   6.4815500e+05   4.1381836e+01
   6.5276600e+05   4.2480469e+01
   6.5310500e+05   4.3762207e+01
   6.5401000e+05   4.1320801e+01
   6.6325400e+05   1.1328125e+02
   6.7648800e+05   4.2602539e+01
   6.8945700e+05   1.2469482e+02
   6.8997500e+05   1.1273193e+02
   6.9039000e+05   1.1126709e+02
   6.9085800e+05   9.2712402e+01
   6.9116100e+05   8.1115723e+01
   6.9183000e+05   8.5754395e+01
   7.2366000e+05   1.2445068e+02
   7.4375800e+05   4.7302246e+01
   7.4654000e+05   1.1090088e+02
   7.5834500e+05   4.7363281e+01
   7.5925600e+05   1.3323975e+02
   7.5979600e+05   1.2268066e+02
   7.8833800e+05   4.2846680e+01
   7.9830000e+05   4.1870117e+01
   8.0242500e+05   4.0893555e+01
   8.1888300e+05   1.2487793e+02
   8.2688100e+05   1.1657715e+02
   8.2846600e+05   3.9794922e+01
   8.3585500e+05   1.2780762e+02
   8.3614800e+05   1.1566162e+02
   8.3687900e+05   1.1450195e+02
   8.3730500e+05   7.8369141e+01
   8.3767100e+05   7.2021484e+01
   8.3797900e+05   8.1115723e+01
   8.3823600e+05   6.8664551e+01
   8.3847700e+05   6.7626953e+01
   8.3883000e+05   5.8227539e+01
   8.3950000e+05   4.6386719e+01
   8.4137500e+05   3.9855957e+01
   8.6028200e+05   4.0832520e+01
   9.0903400e+05   4.0710449e+01
   9.1601900e+05   4.2541504e+01
   9.3047100e+05   4.5959473e+01
   9.3075500e+05   1.3940430e+02
   9.3139500e+05   1.2298584e+02
   9.3165700e+05   1.0552979e+02
   9.3197000e+05   1.0778809e+02
   9.3222100e+05   8.4472656e+01
   9.3244700e+05   7.3486328e+01
   9.3269000e+05   6.9458008e+01
   9.3290700e+05   6.0607910e+01
   9.3313500e+05   6.1828613e+01
   9.3339900e+05   4.5654297e+01
   9.3374100e+05   5.2917480e+01
   9.3413800e+05   5.6823730e+01
   9.3960600e+05   4.1320801e+01
   9.5224900e+05   1.3861084e+02
   9.5245100e+05   1.0571289e+02
   9.5335200e+05   1.0119629e+02
   9.5365000e+05   8.6608887e+01
   9.5419400e+05   8.3496094e+01
   9.8744700e+05   1.1779785e+02
   9.9565900e+05   1.0455322e+02
   1.0093380e+06   1.2817383e+02
   1.0099170e+06   1.0998535e+02
   1.0104020e+06   9.5458984e+01
   1.0108380e+06   9.8632812e+01
   1.0113460e+06   9.0454102e+01
   1.0116830e+06   9.1064453e+01
   1.0119670e+06   7.3791504e+01
   1.0121920e+06   4.5898438e+01
   1.0124240e+06   4.7851562e+01
   1.0269520e+06   4.0649414e+01
   1.0333510e+06   4.0649414e+01
   1.0566590e+06   1.3183594e+02
   1.0569380e+06   1.0485840e+02
   1.0573460e+06   9.1918945e+01
   1.0577210e+06   8.9782715e+01
   1.0584580e+06   9.3566895e+01
   1.0584870e+06   4.4860840e+01
   1.0588200e+06   8.2885742e+01
   1.0594480e+06   8.9355469e+01
   1.0598570e+06   8.6669922e+01
   1.0602390e+06   7.3791504e+01
   1.0605880e+06   4.7607422e+01
   1.0611140e+06   6.1279297e+01
   1.0614560e+06   6.3415527e+01
   1.0618240e+06   5.8593750e+01
   1.0622790e+06   6.4208984e+01
   1.0628190e+06   4.7546387e+01
   1.0842940e+06   4.5166016e+01
   1.1126860e+06   4.5227051e+01
   1.1177280e+06   1.0833740e+02
   1.1186690e+06   1.0388184e+02
   1.1189200e+06   1.0205078e+02
   1.1192480e+06   1.0437012e+02
   1.1195240e+06   8.7463379e+01
   1.1197860e+06   8.1420898e+01
   1.1201310e+06   8.3129883e+01
   1.1203590e+06   5.3100586e+01
   1.1207640e+06   6.7443848e+01
   1.1210690e+06   6.6955566e+01
   1.1213750e+06   6.9946289e+01
   1.1243310e+06   5.6457520e+01
   1.1537960e+06   1.0784912e+02
   1.1543840e+06   9.3566895e+01
   1.1545520e+06   9.6313477e+01
   1.1549200e+06   8.4960938e+01
   1.1775720e+06   4.1931152e+01
   1.1945060e+06   1.2738037e+02
   1.1966010e+06   4.4555664e+01
   1.2355730e+06   4.0649414e+01
   1.2371050e+06   1.3079834e+02
   1.2373380e+06   4.5837402e+01
   1.2373990e+06   1.0803223e+02
   1.2572110e+06   1.2182617e+02
   1.2579680e+06   1.0699463e+02
   1.2584260e+06   1.0119629e+02
   1.2619600e+06   1.1297607e+02
   1.2674890e+06   1.2438965e+02
   1.3049530e+06   1.2896729e+02
   1.3231280e+06   1.2670898e+02
   1.3235340e+06   1.1132812e+02
   1.3240690e+06   1.0357666e+02
   1.3245310e+06   8.8500977e+01
   1.3403260e+06   1.1206055e+02
   1.3420710e+06   1.1163330e+02
   1.3426670e+06   9.3322754e+01
   1.3429380e+06   9.2956543e+01
   1.3431600e+06   6.6528320e+01
   1.3432760e+06   3.9794922e+01
   1.3433350e+06   5.5725098e+01
   1.3435900e+06   5.9082031e+01
   1.3438270e+06   6.4575195e+01
   1.3440260e+06   4.1931152e+01
   1.3446110e+06   3.9916992e+01
   1.3450820e+06   4.0527344e+01
   1.3701930e+06   4.8156738e+01
   1.3708990e+06   1.1767578e+02
   1.3722490e+06   1.0974121e+02
   1.3729950e+06   8.9355469e+01
   1.3732150e+06   4.9072266e+01
   1.3734230e+06   6.9824219e+01
   1.3736260e+06   6.7321777e+01
   1.3739110e+06   5.2734375e+01
   1.3741430e+06   6.4331055e+01
   1.3744400e+06   6.1889648e+01
   1.4072910e+06   3.9978027e+01
   1.4084310e+06   1.2133789e+02
   1.4087320e+06   1.0272217e+02
   1.4089890e+06   9.6313477e+01
   1.4105500e+06   1.0681152e+02
   1.4164060e+06   1.2042236e+02
   1.4343240e+06   4.0527344e+01
   1.4356550e+06   4.2358398e+01
   1.4467310e+06   1.2915039e+02
   1.4471740e+06   1.0217285e+02
   1.4703570e+06   1.1376953e+02
   1.4710760e+06   1.2469482e+02
   1.4724360e+06   1.1303711e+02
   1.4729520e+06   1.1004639e+02
   1.4731900e+06   8.8256836e+01
   1.4734450e+06   7.9956055e+01
   1.4737020e+06   7.5195312e+01
   1.4739950e+06   5.6579590e+01
   1.4743200e+06   5.5053711e+01
   1.4746010e+06   5.3161621e+01
   1.4753070e+06   6.4758301e+01
   1.4904000e+06   1.0839844e+02
   1.4932590e+06   3.9794922e+01
   1.5166130e+06   1.1914062e+02
   1.5171470e+06   1.0107422e+02
   1.5175440e+06   9.7351074e+01
   1.5177480e+06   7.3730469e+01
   1.5212870e+06   4.0039062e+01
   1.5335630e+06   1.0223389e+02
   1.5339560e+06   1.0668945e+02
   1.5343030e+06   9.2529297e+01
   1.5345050e+06   7.2265625e+01
   1.5347740e+06   9.2041016e+01
   1.5351060e+06   7.2814941e+01
   1.5354880e+06   5.2490234e+01
   1.5356960e+06   7.1411133e+01
   1.5358860e+06   4.9377441e+01
   1.5364210e+06   6.4147949e+01
   1.5364810e+06   4.3457031e+01
   1.5366370e+06   5.2795410e+01
   1.5373360e+06   4.4494629e+01
   1.5379680e+06   5.0598145e+01
   1.5795250e+06   1.2609863e+02
   1.5796720e+06   1.1212158e+02
   1.5799930e+06   1.0064697e+02
   1.5802830e+06   8.2641602e+01
   1.5810930e+06   1.0180664e+02
   1.5814250e+06   1.0162354e+02
   1.5820450e+06   7.6660156e+01
   1.5823600e+06   7.6110840e+01
   1.5827280e+06   7.5927734e+01
   1.5829850e+06   5.2551270e+01
   1.5832370e+06   4.1870117e+01
   1.5835920e+06   4.8706055e+01
   1.5892930e+06   3.9916992e+01
   1.5987960e+06   1.1126709e+02
   1.6044890e+06   4.3701172e+01
   1.6728460e+06   1.1999512e+02
   1.6879620e+06   1.4575195e+02
   1.6881340e+06   1.0986328e+02
   1.6884690e+06   1.0833740e+02
   1.6890470e+06   9.8876953e+01
   1.6893200e+06   8.7402344e+01
   1.6895320e+06   7.6232910e+01
   1.6897680e+06   6.8054199e+01
   1.6899810e+06   4.9438477e+01
   1.6903000e+06   6.3720703e+01
   1.7253340e+06   4.0344238e+01
   1.7357150e+06   1.2756348e+02
   1.7366870e+06   1.0437012e+02
   1.7372730e+06   1.1010742e+02
   1.7375550e+06   9.9304199e+01
   1.7378390e+06   9.2285156e+01
   1.7380880e+06   7.4890137e+01
   1.7384680e+06   6.5002441e+01
   1.7553760e+06   4.2297363e+01
   1.7632260e+06   1.2731934e+02
   1.7675420e+06   1.0235596e+02
   1.7773540e+06   1.2878418e+02
   1.7780400e+06   4.9194336e+01
   1.7921460e+06   1.2493896e+02
   1.7925700e+06   1.1352539e+02
   1.7927150e+06   8.6242676e+01
   1.7929310e+06   5.2429199e+01
   1.7930790e+06   4.5104980e+01
   1.7953340e+06   6.2805176e+01
   1.8443670e+06   1.1944580e+02
   1.8448250e+06   1.1376953e+02
   1.8450290e+06   1.0864258e+02
   1.8454890e+06   9.6496582e+01
   1.8462630e+06   8.7219238e+01
   1.8466120e+06   6.3720703e+01
   1.8468650e+06   6.7993164e+01
   1.8472230e+06   6.3781738e+01
   1.8513320e+06   4.0771484e+01
   1.8625010e+06   1.2561035e+02
   1.8714840e+06   4.8889160e+01
   1.8771380e+06   4.4067383e+01
   1.9046990e+06   4.5288086e+01
   1.9164780e+06   1.3250732e+02
   1.9178420e+06   1.3159180e+02
   1.9252830e+06   4.0954590e+01
   1.9361420e+06   1.2762451e+02
   1.9395680e+06   1.2377930e+02
   1.9401730e+06   1.1981201e+02
   1.9403800e+06   9.3688965e+01
   1.9405450e+06   7.4401855e+01
   1.9408310e+06   8.9599609e+01
   1.9410690e+06   5.9692383e+01
   1.9412890e+06   5.6701660e+01
   1.9415350e+06   6.2133789e+01
   1.9417430e+06   4.1320801e+01
   1.9421120e+06   5.9753418e+01
   1.9424400e+06   6.1401367e+01
   1.9473300e+06   4.3212891e+01
   1.9497040e+06   9.9548340e+01
   1.9632370e+06   5.0354004e+01
   1.9719610e+06   1.2231445e+02
   1.9726850e+06   1.2390137e+02
   1.9729450e+06   1.0113525e+02
   1.9731620e+06   7.6232910e+01
   1.9733160e+06   7.1289062e+01
   1.9735230e+06   7.3852539e+01
   1.9737470e+06   5.4443359e+01
   1.9740930e+06   7.4829102e+01
   1.9748980e+06   7.1655273e+01
   1.9855250e+06   1.0614014e+02
   1.9859000e+06   9.7167969e+01
   1.9867740e+06   1.0040283e+02
   1.9874560e+06   8.8562012e+01
   1.9878420e+06   8.3679199e+01
   1.9881150e+06   7.3608398e+01
   1.9883610e+06   6.3049316e+01
   1.9954860e+06   5.1757812e+01
   2.0282520e+06   1.3421631e+02
   2.0447520e+06   1.2908936e+02
   2.0453400e+06   1.2249756e+02
   2.0456150e+06   1.0137939e+02
   2.0457900e+06   8.5693359e+01
   2.0459380e+06   5.6884766e+01
   2.0462040e+06   7.4951172e+01
   2.0919940e+06   1.3598633e+02
   2.0952520e+06   1.3146973e+02
   2.0962550e+06   1.2280273e+02
   2.0967990e+06   1.0070801e+02
   2.1076980e+06   4.1503906e+01
   2.1223450e+06   4.4006348e+01
   2.1227160e+06   1.2298584e+02
   2.1228230e+06   1.0186768e+02
   2.1229930e+06   1.1035156e+02
   2.1231690e+06   8.1420898e+01
   2.1233810e+06   6.8481445e+01
   2.1235800e+06   5.8410645e+01
   2.1238000e+06   6.2133789e+01
   2.1240240e+06   7.1228027e+01
   2.1242940e+06   5.7495117e+01
   2.1246500e+06   4.6508789e+01
   2.1466980e+06   4.7851562e+01
   2.1533240e+06   3.9794922e+01
   2.1556450e+06   5.0720215e+01
   2.1620800e+06   4.3029785e+01
   2.1629620e+06   1.0699463e+02
   2.1633360e+06   1.0986328e+02
   2.1635060e+06   1.0107422e+02
   2.1636070e+06   4.8889160e+01
   2.1637600e+06   6.4514160e+01
   2.1638670e+06   4.1503906e+01
   2.1639060e+06   4.5410156e+01
   2.1855500e+06   3.9855957e+01
   2.2142670e+06   1.1486816e+02
   2.2144040e+06   1.1193848e+02
   2.2148300e+06   9.2163086e+01
   2.2152980e+06   9.3017578e+01
   2.2211900e+06   4.1625977e+01
   2.2497580e+06   4.2297363e+01
   2.2499880e+06   1.1596680e+02
   2.2510590e+06   5.1147461e+01
   2.2512640e+06   4.8461914e+01
   2.2514200e+06   8.9538574e+01
   2.2515860e+06   6.8786621e+01
   2.2517770e+06   7.7209473e+01
   2.2520370e+06   6.7382812e+01
   2.2523030e+06   7.0129395e+01
   2.2525980e+06   6.2805176e+01
   2.2529210e+06   5.1025391e+01
   2.2534320e+06   6.1218262e+01
   2.2884930e+06   4.1259766e+01
   2.2954150e+06   4.2846680e+01
   2.3264310e+06   4.5166016e+01
   2.3266620e+06   4.0039062e+01
   2.3281360e+06   1.2182617e+02
   2.3286840e+06   1.1926270e+02
   2.3299250e+06   1.3085938e+02
   2.3301390e+06   9.0087891e+01
   2.3326050e+06   8.8684082e+01
   2.3578100e+06   4.4372559e+01
   2.3734590e+06   1.2060547e+02
   2.3739710e+06   1.1083984e+02
   2.3746870e+06   1.0870361e+02
   2.3753790e+06   9.9731445e+01
   2.3755950e+06   8.6975098e+01
   2.3758680e+06   7.1899414e+01
   2.3761070e+06   6.0546875e+01
   2.3763120e+06   5.4321289e+01
   2.3765750e+06   5.6701660e+01
   2.3768160e+06   5.4382324e+01
   2.3771020e+06   4.0954590e+01
   2.3774950e+06   4.5410156e+01
   2.3944330e+06   9.8388672e+01
   2.4201550e+06   4.2419434e+01
   2.4254770e+06   1.3183594e+02
   2.4259690e+06   1.2384033e+02
   2.4261780e+06   9.8144531e+01
   2.4264180e+06   8.5998535e+01
   2.4268880e+06   7.5744629e+01
   2.4272200e+06   7.3120117e+01
   2.4274800e+06   6.7138672e+01
   2.4278560e+06   6.1340332e+01
   2.4281760e+06   6.6528320e+01
   2.4285240e+06   6.3171387e+01
   2.4623470e+06   4.3579102e+01
   2.4666670e+06   3.9978027e+01
   2.4733470e+06   1.1730957e+02
   2.4758500e+06   1.1718750e+02
   2.4759520e+06   3.9794922e+01
   2.4761110e+06   1.0382080e+02
   2.4764360e+06   9.4116211e+01
   2.4767720e+06   8.9660645e+01
   2.4769260e+06   7.4523926e+01
   2.4771100e+06   6.3293457e+01
   2.4772870e+06   4.3884277e+01
   2.4775020e+06   7.1228027e+01
   2.4777860e+06   5.9753418e+01
   2.4781010e+06   5.0476074e+01
   2.4967350e+06   4.3212891e+01
   2.5207770e+06   1.3354492e+02
   2.5402470e+06   1.2432861e+02
   2.5406430e+06   1.2078857e+02
   2.5409550e+06   9.5275879e+01
   2.5412560e+06   9.4543457e+01
   2.5414040e+06   6.4575195e+01
   2.5415480e+06   5.5603027e+01
   2.5417410e+06   5.6457520e+01
   2.5420660e+06   6.2622070e+01
   2.5423210e+06   5.4748535e+01
   2.5645160e+06   3.9978027e+01
   2.5688120e+06   1.1303711e+02
   2.5691090e+06   1.1688232e+02
   2.5696670e+06   1.1791992e+02
   2.5698860e+06   9.3322754e+01
   2.5701480e+06   7.0678711e+01
   2.5703730e+06   6.6955566e+01
   2.5705770e+06   7.2875977e+01
   2.5708190e+06   5.3771973e+01
   2.5770130e+06   4.3518066e+01
   2.5854960e+06   4.2114258e+01
   2.5872960e+06   4.5410156e+01
   2.5915230e+06   1.2042236e+02
   2.5919110e+06   1.2115479e+02
   2.5922500e+06   1.0443115e+02
   2.5925960e+06   8.6486816e+01
   2.5928850e+06   8.5205078e+01
   2.5931110e+06   6.5368652e+01
   2.5934330e+06   8.0566406e+01
   2.5975500e+06   4.3823242e+01
   2.6210950e+06   1.1669922e+02
   2.6226070e+06   1.2170410e+02
   2.6227560e+06   1.0522461e+02
   2.6229370e+06   7.6171875e+01
   2.6230920e+06   6.6650391e+01
   2.6232570e+06   5.2856445e+01
   2.6234140e+06   5.1818848e+01
   2.6236540e+06   6.6711426e+01
   2.6240090e+06   7.9467773e+01
   2.6243330e+06   5.5114746e+01
   2.6246380e+06   6.5124512e+01
   2.6251550e+06   4.5654297e+01
   2.6406080e+06   4.1992188e+01
   2.6538150e+06   1.2933350e+02
   2.6547850e+06   1.0015869e+02
   2.6553130e+06   9.7717285e+01
   2.6558760e+06   8.6791992e+01
   2.6560760e+06   7.7026367e+01
   2.6562880e+06   7.5317383e+01
   2.6565070e+06   6.3598633e+01
   2.6566980e+06   5.5969238e+01
   2.6569390e+06   5.5725098e+01
   2.6571140e+06   4.0588379e+01
   2.6578280e+06   6.2438965e+01
   2.6579890e+06   4.0161133e+01
   2.6602640e+06   4.3029785e+01
   2.6636320e+06   1.1059570e+02
   2.6827960e+06   4.2846680e+01
   2.6831290e+06   1.1444092e+02
   2.6834660e+06   1.2103271e+02
   2.6838030e+06   1.1108398e+02
   2.6839450e+06   6.7993164e+01
   2.6841890e+06   9.3078613e+01
   2.6844400e+06   7.1228027e+01
   2.6853830e+06   5.9753418e+01
   2.6856150e+06   4.0710449e+01
   2.6862550e+06   4.5410156e+01
   2.7127480e+06   1.1425781e+02
   2.7141290e+06   4.5227051e+01
   2.7142840e+06   1.2255859e+02
   2.7487420e+06   1.1010742e+02
   2.7488650e+06   4.8828125e+01
   2.7499400e+06   1.2030029e+02
   2.7503340e+06   9.6618652e+01
   2.7505710e+06   8.8500977e+01
   2.7508430e+06   7.4279785e+01
   2.7510190e+06   5.4687500e+01
   2.7512290e+06   7.8063965e+01
   2.7514400e+06   4.0954590e+01
   2.7516580e+06   4.2846680e+01
   2.7518780e+06   4.8278809e+01
   2.7522160e+06   6.4819336e+01
   2.7722220e+06   4.4433594e+01
   2.7737880e+06   1.3128662e+02
   2.7739510e+06   1.0021973e+02
   2.7745550e+06   9.3811035e+01
   2.7748520e+06   9.2407227e+01
   2.7751760e+06   8.4289551e+01
   2.7872740e+06   1.1364746e+02
   2.7882320e+06   1.1230469e+02
   2.8132020e+06   1.1114502e+02
   2.8159920e+06   1.0290527e+02
   2.8164560e+06   9.6984863e+01
   2.8168220e+06   9.3322754e+01
   2.8170670e+06   9.1613770e+01
   2.8173250e+06   7.7575684e+01
   2.8175420e+06   6.7932129e+01
   2.8177710e+06   5.3100586e+01
   2.8180300e+06   5.2673340e+01
   2.8184610e+06   4.3273926e+01
   2.8320330e+06   4.8339844e+01
   2.8571160e+06   1.2145996e+02
   2.8572300e+06   4.1625977e+01
   2.8739300e+06   1.1230469e+02
   2.8747860e+06   1.1755371e+02
   2.8749070e+06   1.0229492e+02
   2.8750840e+06   8.3862305e+01
   2.8752710e+06   6.3110352e+01
   2.8754290e+06   6.1279297e+01
   2.8758420e+06   7.5134277e+01
   2.8772050e+06   4.0405273e+01
   2.8965710e+06   5.1086426e+01
   2.8975700e+06   1.0632324e+02
   2.8978770e+06   1.0577393e+02
   2.9226170e+06   1.1614990e+02
   2.9274670e+06   1.2939453e+02
   2.9289940e+06   1.1352539e+02
   2.9292560e+06   1.0638428e+02
   2.9294980e+06   8.9050293e+01
   2.9296560e+06   7.7575684e+01
   2.9298500e+06   7.0922852e+01
   2.9300670e+06   6.1828613e+01
   2.9302930e+06   5.0964355e+01
   2.9305260e+06   5.3649902e+01
   2.9478230e+06   1.3000488e+02
   2.9482560e+06   4.2968750e+01
   2.9538600e+06   1.2451172e+02
   2.9542600e+06   1.0229492e+02
   2.9548290e+06   1.0479736e+02
   2.9551590e+06   9.8693848e+01
   2.9554340e+06   7.1533203e+01
   2.9568430e+06   4.6875000e+01
   2.9574930e+06   4.0649414e+01
   2.9786900e+06   1.2542725e+02
   2.9839460e+06   1.1865234e+02
   2.9848150e+06   1.0980225e+02
   2.9850340e+06   9.1064453e+01
   2.9854140e+06   9.6191406e+01
   2.9856520e+06   7.9833984e+01
   2.9859090e+06   5.4626465e+01
   2.9861700e+06   5.9082031e+01
   2.9865360e+06   5.7067871e+01
   3.0057500e+06   3.9916992e+01
   3.0138720e+06   1.3000488e+02
   3.0267610e+06   1.2384033e+02
   3.0269390e+06   1.2042236e+02
   3.0271310e+06   1.1456299e+02
   3.0273480e+06   8.9294434e+01
   3.0275730e+06   8.3496094e+01
   3.0277720e+06   6.0668945e+01
   3.0279720e+06   6.0180664e+01
   3.0282160e+06   6.2988281e+01
   3.0284450e+06   5.0964355e+01
   3.0287280e+06   5.1086426e+01
   3.0575580e+06   1.2927246e+02
   3.0577750e+06   1.0449219e+02
   3.0579560e+06   9.1064453e+01
   3.0587840e+06   9.7106934e+01
   3.0592030e+06   9.0820312e+01
   3.0594170e+06   6.8298340e+01
   3.0596960e+06   7.1594238e+01
   3.0598990e+06   6.0180664e+01
   3.0601620e+06   5.4321289e+01
   3.0604750e+06   6.4758301e+01
   3.0610240e+06   4.1320801e+01
   3.0614130e+06   5.2490234e+01
   3.0618310e+06   4.2968750e+01
   3.0622570e+06   4.8645020e+01
   3.0832050e+06   1.1602783e+02
   3.0897510e+06   1.1914062e+02
   3.0902310e+06   1.0882568e+02
   3.0907090e+06   9.4848633e+01
   3.0910750e+06   8.5754395e+01
   3.0913800e+06   9.1430664e+01
   3.0917750e+06   9.5642090e+01
   3.0922180e+06   6.2866211e+01
   3.0924830e+06   6.7199707e+01
   3.0927010e+06   4.1015625e+01
   3.0931900e+06   4.0710449e+01
   3.0936810e+06   4.4982910e+01
   3.1025580e+06   4.1870117e+01
   3.1082550e+06   1.2255859e+02
   3.1125770e+06   1.1328125e+02
   3.1132950e+06   1.1248779e+02
   3.1136130e+06   9.7839355e+01
   3.1139000e+06   8.5449219e+01
   3.1141380e+06   7.5195312e+01
   3.1143950e+06   7.1838379e+01
   3.1146570e+06   6.2255859e+01
   3.1149790e+06   5.6274414e+01
   3.1152670e+06   4.6203613e+01
   3.1467910e+06   1.1267090e+02
   3.1508520e+06   1.0809326e+02
   3.1540900e+06   4.4189453e+01
   3.1549360e+06   4.7607422e+01
   3.1559150e+06   4.5166016e+01
   3.1563420e+06   1.0705566e+02
   3.1566550e+06   1.0729980e+02
   3.1566690e+06   4.2602539e+01
   3.1570090e+06   9.0332031e+01
   3.1573160e+06   8.5144043e+01
   3.1575060e+06   5.4199219e+01
   3.1576940e+06   4.2602539e+01
   3.1579120e+06   4.1259766e+01
   3.1581540e+06   5.4626465e+01
   3.1583980e+06   4.8767090e+01
   3.1586450e+06   4.9133301e+01
   3.1766500e+06   1.0583496e+02
   3.1771160e+06   1.0919189e+02
   3.1774240e+06   1.0223389e+02
   3.1779130e+06   8.9843750e+01
   3.1781330e+06   6.4453125e+01
   3.1783610e+06   6.9580078e+01
   3.1785560e+06   6.1279297e+01
   3.1787960e+06   5.4382324e+01
   3.1790210e+06   4.4921875e+01
   3.1793100e+06   5.5419922e+01
   3.1796080e+06   4.3640137e+01
   3.1923880e+06   1.2255859e+02
   3.1928020e+06   1.0925293e+02
   3.1948880e+06   1.1279297e+02
   3.1951240e+06   9.7534180e+01
   3.1952830e+06   6.3232422e+01
   3.1954810e+06   6.7077637e+01
   3.1956500e+06   5.1757813e+01
   3.1960190e+06   4.2846680e+01
   3.1975360e+06   3.9978027e+01
   3.2108710e+06   4.0649414e+01
   3.2177890e+06   1.1322021e+02
   3.2186780e+06   1.0217285e+02
   3.2307090e+06   4.9255371e+01
   3.2309240e+06   3.9794922e+01
   3.2368570e+06   1.2164307e+02
   3.2404050e+06   1.1108398e+02
   3.2409730e+06   4.5166016e+01
   3.2415570e+06   1.0894775e+02
   3.2418040e+06   9.6496582e+01
   3.2419920e+06   8.1481934e+01
   3.2421070e+06   4.4982910e+01
   3.2422980e+06   4.9621582e+01
   3.2424350e+06   4.1320801e+01
   3.2433190e+06   4.6936035e+01
   3.2544140e+06   4.2663574e+01
   3.2550470e+06   4.2541504e+01
   3.2552990e+06   4.0344238e+01
   3.2603350e+06   1.1926270e+02
   3.2653490e+06   1.1871338e+02
   3.2664600e+06   1.1065674e+02
   3.2672070e+06   1.0797119e+02
   3.2860920e+06   4.1442871e+01
   3.2907770e+06   1.3391113e+02
   3.2910520e+06   9.7351074e+01
   3.2912300e+06   9.9975586e+01
   3.2916020e+06   9.4299316e+01
   3.2917780e+06   6.7871094e+01
   3.2919030e+06   3.9855957e+01
   3.2920760e+06   4.1320801e+01
   3.2925130e+06   6.0363770e+01
   3.2927730e+06   5.1635742e+01
   3.2932790e+06   4.4311523e+01
   3.2936020e+06   5.1208496e+01
   3.3073190e+06   4.0405273e+01
   3.3385900e+06   3.9855957e+01
   3.3465230e+06   1.2121582e+02
   3.3528010e+06   4.4921875e+01
   3.3534570e+06   1.2451172e+02
   3.3540320e+06   1.0876465e+02
   3.3543040e+06   9.4909668e+01
   3.3545360e+06   7.1899414e+01
   3.3547690e+06   6.7321777e+01
   3.3549500e+06   6.1767578e+01
   3.3551850e+06   5.2124023e+01
   3.3553950e+06   4.1503906e+01
   3.3556620e+06   5.2429199e+01
   3.3560060e+06   4.3273926e+01
   3.3567060e+06   6.4453125e+01
   3.3733560e+06   1.2921143e+02
   3.3735480e+06   8.1542969e+01
   3.3744760e+06   1.1724854e+02
   3.3748970e+06   9.7595215e+01
   3.3751380e+06   9.7595215e+01
   3.3753870e+06   6.6162109e+01
   3.3756450e+06   4.2846680e+01
   3.3760130e+06   7.5317383e+01
   3.3764070e+06   6.1096191e+01
   3.3984330e+06   1.1456299e+02
   3.3985620e+06   9.4238281e+01
   3.3988080e+06   9.3811035e+01
   3.3989270e+06   7.8430176e+01
   3.3991300e+06   7.4035645e+01
   3.3992900e+06   5.4748535e+01
   3.3994320e+06   4.0039062e+01
   3.3995200e+06   4.9987793e+01
   3.3997790e+06   6.1279297e+01
   3.4000500e+06   6.1767578e+01
   3.4004650e+06   6.1706543e+01
   3.4007910e+06   7.1044922e+01
   3.4026130e+06   4.5471191e+01
   3.4220790e+06   4.0344238e+01
   3.4249760e+06   1.1608887e+02
   3.4253410e+06   1.2042236e+02
   3.4256360e+06   9.0209961e+01
   3.4264410e+06   9.7534180e+01
   3.4269350e+06   9.6435547e+01
   3.4271450e+06   7.7758789e+01
   3.4274560e+06   7.0617676e+01
   3.4277750e+06   6.2927246e+01
   3.4280200e+06   5.5603027e+01
   3.4284940e+06   4.6508789e+01
   3.4420420e+06   1.0321045e+02
   3.4423930e+06   1.0015869e+02
   3.4512820e+06   1.1035156e+02
   3.4566010e+06   1.0534668e+02
   3.4641860e+06   1.1700439e+02
   3.4644540e+06   1.1743164e+02
   3.4646430e+06   9.1674805e+01
   3.4648210e+06   5.9570312e+01
   3.4650510e+06   6.0363770e+01
   3.4652720e+06   5.4199219e+01
   3.4654900e+06   5.6213379e+01
   3.4658500e+06   7.3486328e+01
   3.4662920e+06   5.9265137e+01
   3.4670970e+06   4.2053223e+01
   3.4827090e+06   9.8571777e+01
   3.4894430e+06   4.1625977e+01
   3.5023230e+06   1.0455322e+02
   3.5218930e+06   1.1810303e+02
   3.5232230e+06   1.1016846e+02
   3.5234070e+06   1.0302734e+02
   3.5235950e+06   7.8674316e+01
   3.5237620e+06   5.9753418e+01
   3.5239310e+06   5.8898926e+01
   3.5241140e+06   4.6508789e+01
   3.5244890e+06   5.2368164e+01
   3.5248450e+06   5.9082031e+01
   3.5371770e+06   4.0771484e+01
   3.5459060e+06   1.1700439e+02
   3.5464030e+06   7.5500488e+01
   3.5468280e+06   9.5581055e+01
   3.5472890e+06   8.6791992e+01
   3.5474760e+06   6.5734863e+01
   3.5476340e+06   4.2053223e+01
   3.5479940e+06   7.1105957e+01
   3.5483310e+06   6.8847656e+01
   3.5485320e+06   5.4870605e+01
   3.5487550e+06   4.1381836e+01
   3.5490950e+06   5.4809570e+01
   3.5498190e+06   6.6406250e+01
   3.5548680e+06   4.1015625e+01
   3.5613230e+06   1.1846924e+02
   3.5770800e+06   4.0405273e+01
   3.5788310e+06   1.0998535e+02
   3.5791910e+06   9.4543457e+01
   3.5797230e+06   1.0284424e+02
   3.5799910e+06   8.9416504e+01
   3.5801060e+06   4.0039062e+01
   3.5809670e+06   4.6630859e+01
   3.5814480e+06   4.4494629e+01
   3.5893230e+06   1.1486816e+02
   3.5897500e+06   9.8632813e+01
   3.5903050e+06   9.4177246e+01
   3.5905370e+06   6.3171387e+01
   3.5908590e+06   7.6416016e+01
   3.5912700e+06   7.6232910e+01
   3.6052880e+06   1.1700439e+02
   3.6055510e+06   4.0771484e+01
   3.6290450e+06   1.1749268e+02
   3.6292310e+06   1.0803223e+02
   3.6294150e+06   1.0534668e+02
   3.6296830e+06   9.4299316e+01
   3.6298590e+06   6.6162109e+01
   3.6300960e+06   5.8044434e+01
   3.6303110e+06   5.1574707e+01
   3.6305560e+06   6.0241699e+01
   3.6308390e+06   5.1635742e+01
   3.6313730e+06   6.1950684e+01
   3.6484650e+06   1.1230469e+02
   3.6489000e+06   9.9548340e+01
   3.6491670e+06   8.4594727e+01
   3.6495260e+06   1.0174561e+02
   3.6497070e+06   5.1452637e+01
   3.6498770e+06   4.8950195e+01
   3.6501580e+06   5.3405762e+01
   3.6633300e+06   4.2602539e+01
   3.6681690e+06   1.2280273e+02
   3.6684700e+06   9.5458984e+01
   3.6684820e+06   4.0466309e+01
   3.6686830e+06   9.4543457e+01
   3.6687390e+06   4.1687012e+01
   3.6689460e+06   9.0332031e+01
   3.6691360e+06   4.7119141e+01
   3.6695950e+06   8.2641602e+01
   3.6698370e+06   6.4331055e+01
   3.6700870e+06   5.9753418e+01
   3.6820220e+06   1.0968018e+02
   3.6885670e+06   1.0589600e+02
   3.6933460e+06   4.0893555e+01
   3.7151870e+06   1.0919189e+02
   3.7155940e+06   1.0766602e+02
   3.7157530e+06   9.2407227e+01
   3.7160260e+06   8.3557129e+01
   3.7161850e+06   8.7097168e+01
   3.7163610e+06   5.0903320e+01
   3.7165220e+06   4.4677734e+01
   3.7167460e+06   5.8471680e+01
   3.7169410e+06   6.0302734e+01
   3.7173400e+06   4.9194336e+01
   3.7373440e+06   1.1102295e+02
   3.7377030e+06   1.0900879e+02
   3.7379010e+06   9.8083496e+01
   3.7381320e+06   8.5083008e+01
   3.7383520e+06   7.6843262e+01
   3.7385250e+06   5.3405762e+01
   3.7390750e+06   4.1931152e+01
   3.7393770e+06   4.6020508e+01
   3.7396950e+06   4.2297363e+01
   3.7491240e+06   1.1407471e+02
   3.7492920e+06   1.0107422e+02
   3.7729500e+06   1.1962891e+02
   3.7789680e+06   1.0559082e+02
   3.7794230e+06   4.4738770e+01
   3.7797090e+06   1.0327148e+02
   3.7925270e+06   5.6213379e+01
   3.7929100e+06   1.1065674e+02
   3.7931660e+06   1.0137939e+02
   3.7934110e+06   7.5683594e+01
   3.7936050e+06   6.6894531e+01
   3.7937940e+06   5.5786133e+01
   3.7940350e+06   5.8105469e+01
   3.7942460e+06   5.0354004e+01
   3.7944290e+06   4.7790527e+01
   3.7946830e+06   5.1269531e+01
   3.7949430e+06   4.1809082e+01
   3.7953490e+06   6.3720703e+01
   3.7964320e+06   6.8725586e+01
   3.8273660e+06   1.2445068e+02
   3.8274460e+06   4.0222168e+01
   3.8312140e+06   1.1364746e+02
   3.8315040e+06   1.0388184e+02
   3.8317050e+06   9.8815918e+01
   3.8319240e+06   7.8674316e+01
   3.8321030e+06   5.6335449e+01
   3.8323270e+06   7.3608398e+01
   3.8325440e+06   4.9743652e+01
   3.8328030e+06   5.3283691e+01
   3.8331280e+06   6.3171387e+01
   3.8416340e+06   1.2414551e+02
   3.8421190e+06   9.9243164e+01
   3.8425910e+06   9.9243164e+01
   3.8428780e+06   8.3801270e+01
   3.8431120e+06   7.8979492e+01
   3.8433210e+06   5.2429199e+01
   3.8435270e+06   4.7851562e+01
   3.8437270e+06   4.6691895e+01
   3.8439970e+06   5.1086426e+01
   3.8443180e+06   4.8522949e+01
   3.8447760e+06   6.4331055e+01
   3.8592760e+06   4.6875000e+01
   3.8631910e+06   1.2829590e+02
   3.8638940e+06   1.0168457e+02
   3.8645530e+06   1.0174561e+02
   3.8647870e+06   8.9965820e+01
   3.8651010e+06   8.0322266e+01
   3.8653270e+06   7.3852539e+01
   3.8655030e+06   4.9621582e+01
   3.8657280e+06   4.9377441e+01
   3.8659240e+06   4.6875000e+01
   3.8662590e+06   5.6823730e+01
   3.8664660e+06   4.4250488e+01
   3.8681630e+06   4.0283203e+01
   3.8713880e+06   1.0864258e+02
   3.8717470e+06   1.0369873e+02
   3.8721490e+06   8.8073730e+01
   3.8723480e+06   5.9448242e+01
   3.8725080e+06   4.2724609e+01
   3.8727860e+06   4.9987793e+01
   3.8730730e+06   4.8217773e+01
   3.8735260e+06   4.3457031e+01
   3.8744030e+06   4.2114258e+01
   3.8821070e+06   4.0283203e+01
   3.8919230e+06   4.4982910e+01
   3.9007940e+06   1.0882568e+02
   3.9011000e+06   9.8937988e+01
   3.9013620e+06   9.1735840e+01
   3.9016170e+06   8.3557129e+01
   3.9019380e+06   8.6914062e+01
   3.9021700e+06   7.0007324e+01
   3.9024700e+06   6.2377930e+01
   3.9027060e+06   5.9020996e+01
   3.9032470e+06   5.9143066e+01
   3.9106640e+06   1.0943604e+02
   3.9244290e+06   1.0412598e+02
   3.9331750e+06   1.3159180e+02
   3.9334810e+06   1.1474609e+02
   3.9340300e+06   1.0058594e+02
   3.9344210e+06   8.8012695e+01
   3.9347430e+06   7.9711914e+01
   3.9349910e+06   6.7749023e+01
   3.9353690e+06   7.2570801e+01
   3.9356790e+06   5.8044434e+01
   3.9359890e+06   6.2316895e+01
   3.9363790e+06   6.5673828e+01
   3.9368490e+06   6.5368652e+01
   3.9611000e+06   1.0668945e+02
   3.9614070e+06   9.6496582e+01
   3.9616550e+06   9.9365234e+01
   3.9619040e+06   7.4462891e+01
   3.9621620e+06   7.2631836e+01
   3.9624120e+06   7.5683594e+01
   3.9625940e+06   5.4016113e+01
   3.9627910e+06   4.0771484e+01
   3.9630810e+06   4.9987793e+01
   4.0006190e+06   1.1846924e+02
   4.0012040e+06   1.1236572e+02
   4.0024400e+06   1.0412598e+02
   4.0029190e+06   9.7534180e+01
   4.0030910e+06   7.5805664e+01
   4.0033390e+06   7.2937012e+01
   4.0036430e+06   7.7392578e+01
   4.0038250e+06   5.7617188e+01
   4.0040330e+06   4.0771484e+01
   4.0042600e+06   4.1992188e+01
   4.0044890e+06   4.1442871e+01
   4.0420590e+06   1.1383057e+02
   4.0425040e+06   1.1181641e+02
   4.0429210e+06   9.8632812e+01
   4.0431310e+06   8.4228516e+01
   4.0433200e+06   6.2194824e+01
   4.0435210e+06   5.9448242e+01
   4.0437680e+06   4.9377441e+01
   4.0439700e+06   5.2551270e+01
   4.0444230e+06   4.9377441e+01
   4.0447500e+06   6.0363770e+01
   4.0458110e+06   4.9011230e+01
   4.0468250e+06   4.1687012e+01
   4.0551990e+06   6.3781738e+01
   4.0616730e+06   1.1468506e+02
   4.0621860e+06   1.1279297e+02
   4.0740910e+06   1.2341309e+02
   4.0761280e+06   4.3334961e+01
   4.0762730e+06   4.3029785e+01
   4.0783420e+06   1.1328125e+02
   4.0792190e+06   9.3017578e+01
   4.0794840e+06   8.9294434e+01
   4.0796830e+06   8.3923340e+01
   4.0801540e+06   8.9050293e+01
   4.0803850e+06   5.7983398e+01
   4.0805800e+06   4.3640137e+01
   4.0810090e+06   5.2978516e+01
   4.0812840e+06   4.0954590e+01
   4.0920530e+06   9.9243164e+01
   4.1123810e+06   1.2432861e+02
   4.1127290e+06   1.3372803e+02
   4.1132610e+06   8.9233398e+01
   4.1135880e+06   9.3505859e+01
   4.1137950e+06   8.4045410e+01
   4.1140250e+06   6.2988281e+01
   4.1143840e+06   6.9580078e+01
   4.1147080e+06   6.1157227e+01
   4.1149860e+06   5.9570312e+01
   4.1153600e+06   5.8349609e+01
   4.1160230e+06   5.8349609e+01
   4.1303130e+06   4.3151855e+01
   4.1487330e+06   3.9855957e+01
   4.1505000e+06   1.1914062e+02
   4.1513740e+06   1.1920166e+02
   4.1516120e+06   9.5825195e+01
   4.1518130e+06   8.8012695e+01
   4.1519740e+06   6.0668945e+01
   4.1521810e+06   6.4392090e+01
   4.1525930e+06   6.6955566e+01
   4.1533690e+06   7.1533203e+01
   4.1535860e+06   4.3518066e+01
   4.1542300e+06   4.1687012e+01
   4.1543290e+06   5.4321289e+01
   4.1716050e+06   1.2158203e+02
   4.1718850e+06   1.0931396e+02
   4.1722550e+06   8.8195801e+01
   4.1724050e+06   6.3903809e+01
   4.1725910e+06   7.0251465e+01
   4.1727740e+06   4.5593262e+01
   4.1729750e+06   5.6579590e+01
   4.1731780e+06   5.0781250e+01
   4.1735980e+06   4.1870117e+01
   4.1738500e+06   4.3457031e+01
   4.1741910e+06   4.1381836e+01
   4.1749500e+06   4.6203613e+01
   4.1928820e+06   4.1809082e+01
   4.1984550e+06   4.0527344e+01
   4.2067710e+06   1.1901855e+02
   4.2071770e+06   1.1883545e+02
   4.2084440e+06   9.0087891e+01
   4.2088600e+06   8.3679199e+01
   4.2093360e+06   9.3078613e+01
   4.2096750e+06   7.2265625e+01
   4.2098900e+06   6.6772461e+01
   4.2100950e+06   5.7189941e+01
   4.2103270e+06   5.0720215e+01
   4.2111200e+06   4.6691895e+01
   4.2334870e+06   4.8522949e+01
   4.2373670e+06   4.1687012e+01
   4.2416230e+06   1.2646484e+02
   4.2422960e+06   1.1871338e+02
   4.2425560e+06   1.0388184e+02
   4.2427130e+06   8.4777832e+01
   4.2429180e+06   7.2265625e+01
   4.2430840e+06   4.9621582e+01
   4.2434520e+06   4.3945312e+01
   4.2436970e+06   4.0954590e+01
   4.2439400e+06   4.7790527e+01
   4.2443360e+06   4.9194336e+01
   4.2761020e+06   1.0290527e+02
   4.2765330e+06   1.0864258e+02
   4.2774030e+06   4.1259766e+01
   4.2937890e+06   1.1090088e+02
   4.2943290e+06   9.9731445e+01
   4.2945920e+06   9.0759277e+01
   4.2948110e+06   9.0087891e+01
   4.2950130e+06   6.7504883e+01
   4.2952160e+06   7.4951172e+01
   4.2954060e+06   5.7250977e+01
   4.2956930e+06   6.3720703e+01
   4.3104980e+06   1.0418701e+02
   4.3108920e+06   1.0632324e+02
   4.3112130e+06   8.7646484e+01
   4.3114650e+06   9.0637207e+01
   4.3120660e+06   4.4860840e+01
   4.3169840e+06   4.0649414e+01
   4.3211350e+06   1.2133789e+02
   4.3410990e+06   1.1401367e+02
   4.3421020e+06   9.8510742e+01
   4.3422550e+06   9.0148926e+01
   4.3424140e+06   8.0078125e+01
   4.3425300e+06   6.5490723e+01
   4.3427170e+06   7.0007324e+01
   4.3428840e+06   5.5786133e+01
   4.3430640e+06   5.2062988e+01
   4.3432680e+06   5.3649902e+01
   4.3434840e+06   5.1696777e+01
   4.3437740e+06   4.0710449e+01
   4.3622260e+06   4.1381836e+01
   4.3787210e+06   1.2176514e+02
   4.3832320e+06   1.1694336e+02
   4.3941660e+06   1.1328125e+02
   4.3993080e+06   1.1956787e+02
   4.4001540e+06   4.1992187e+01
   4.4002480e+06   1.0888672e+02
   4.4003980e+06   7.2387695e+01
   4.4007160e+06   8.7341309e+01
   4.4009020e+06   6.9763184e+01
   4.4010880e+06   5.0048828e+01
   4.4013490e+06   5.0720215e+01
   4.4015830e+06   6.2683105e+01
   4.4018620e+06   5.4565430e+01
   4.4021650e+06   4.7973633e+01
   4.4024870e+06   5.4260254e+01
   4.4032000e+06   4.2724609e+01
   4.4180680e+06   1.0803223e+02
   4.4181280e+06   3.9855957e+01
   4.4190450e+06   1.2152100e+02
   4.4192640e+06   9.0698242e+01
   4.4195120e+06   7.2448730e+01
   4.4197280e+06   7.5012207e+01
   4.4199120e+06   6.6833496e+01
   4.4201090e+06   5.0170898e+01
   4.4202880e+06   3.9794922e+01
   4.4204630e+06   4.3640137e+01
   4.4209670e+06   5.2917480e+01
   4.4545940e+06   4.0893555e+01
   4.4547920e+06   1.2872314e+02
   4.4556650e+06   1.1810303e+02
   4.4559910e+06   1.0510254e+02
   4.4565560e+06   9.6435547e+01
   4.4568730e+06   9.5825195e+01
   4.4571150e+06   6.3293457e+01
   4.4573280e+06   7.4707031e+01
   4.4575310e+06   6.5185547e+01
   4.4577420e+06   4.4738770e+01
   4.4580670e+06   5.3894043e+01
   4.4651400e+06   4.0100098e+01
   4.4762180e+06   1.2713623e+02
   4.4766550e+06   1.0223389e+02
   4.4768610e+06   8.2031250e+01
   4.4770390e+06   4.0527344e+01
   4.4770510e+06   6.8969727e+01
   4.4774130e+06   7.4890137e+01
   4.4775910e+06   4.8156738e+01
   4.4778760e+06   5.2001953e+01
   4.4780890e+06   4.7302246e+01
   4.4787610e+06   5.2368164e+01
   4.5013040e+06   4.1625977e+01
   4.5013960e+06   1.1663818e+02
   4.5065430e+06   1.1047363e+02
   4.5186020e+06   4.3518066e+01
   4.5222200e+06   1.0821533e+02
   4.5231060e+06   1.0821533e+02
   4.5236730e+06   1.0015869e+02
   4.5238570e+06   7.9895020e+01
   4.5240620e+06   7.5744629e+01
   4.5242250e+06   5.8227539e+01
   4.5244660e+06   6.0058594e+01
   4.5247560e+06   4.5227051e+01
   4.5249940e+06   7.0251465e+01
   4.5252700e+06   5.4077148e+01
   4.5264240e+06   4.6447754e+01
   4.5434830e+06   4.2846680e+01
   4.5466230e+06   1.1535645e+02
   4.5489630e+06   1.1901855e+02
   4.5515470e+06   4.0344238e+01
   4.5685930e+06   1.2109375e+02
   4.5691080e+06   1.1029053e+02
   4.5695490e+06   1.0009766e+02
   4.5697140e+06   9.6191406e+01
   4.5699410e+06   8.6425781e+01
   4.5701540e+06   6.1279297e+01
   4.5703460e+06   6.0791016e+01
   4.5705820e+06   4.7851562e+01
   4.5708370e+06   5.1452637e+01
   4.5883300e+06   1.1285400e+02
   4.5914110e+06   1.0626221e+02
   4.5921230e+06   1.1639404e+02
   4.5925430e+06   1.0290527e+02
   4.5927490e+06   8.7036133e+01
   4.5931140e+06   6.9885254e+01
   4.6085510e+06   1.1395264e+02
   4.6098630e+06   1.0589600e+02
   4.6276190e+06   1.0913086e+02
   4.6279300e+06   1.0058594e+02
   4.6283420e+06   9.8022461e+01
   4.6286640e+06   8.9965820e+01
   4.6288100e+06   6.9763184e+01
   4.6290000e+06   6.1279297e+01
   4.6291380e+06   4.0039062e+01
   4.6293710e+06   4.6569824e+01
   4.6295760e+06   4.2602539e+01
   4.6298380e+06   5.3222656e+01
   4.6433080e+06   4.6081543e+01
   4.6605760e+06   1.0809326e+02
   4.6612010e+06   1.1279297e+02
   4.6614770e+06   1.0186768e+02
   4.6617150e+06   9.3078613e+01
   4.6618860e+06   7.2875977e+01
   4.6620700e+06   5.5908203e+01
   4.6623130e+06   6.1157227e+01
   4.6628010e+06   6.5429688e+01
   4.6661570e+06   4.5104980e+01
   4.6843320e+06   1.0314941e+02
   4.6849050e+06   1.0870361e+02
   4.6862500e+06   4.1931152e+01
   4.6970210e+06   1.0845947e+02
   4.6973900e+06   1.0620117e+02
   4.6978660e+06   1.1059570e+02
   4.6981080e+06   8.7158203e+01
   4.6983710e+06   8.9660645e+01
   4.6985710e+06   6.9580078e+01
   4.6987790e+06   5.2795410e+01
   4.6990250e+06   5.7434082e+01
   4.6993360e+06   5.6091309e+01
   4.6996390e+06   5.3405762e+01
   4.7177620e+06   4.4921875e+01
   4.7268780e+06   1.2939453e+02
   4.7319850e+06   1.0632324e+02
   4.7454040e+06   1.0766602e+02
   4.7563180e+06   4.1687012e+01
   4.7573620e+06   1.1859131e+02
   4.7575700e+06   4.0039062e+01
   4.7617510e+06   1.0949707e+02
   4.7649120e+06   1.1151123e+02
   4.7652380e+06   1.0449219e+02
   4.7654350e+06   8.6181641e+01
   4.7655910e+06   6.5063477e+01
   4.7657320e+06   4.1137695e+01
   4.7659070e+06   5.6274414e+01
   4.7663100e+06   4.6569824e+01
   4.7665810e+06   4.4860840e+01
   4.7783520e+06   4.3334961e+01
   4.7898190e+06   1.1016846e+02
   4.7905740e+06   1.0943604e+02
   4.7909970e+06   1.0650635e+02
   4.7912660e+06   9.4238281e+01
   4.7915310e+06   8.0627441e+01
   4.7917370e+06   7.0617676e+01
   4.7919210e+06   6.3110352e+01
   4.7922090e+06   6.3659668e+01
   4.7924820e+06   4.6569824e+01
   4.7927520e+06   4.0588379e+01
   4.8058960e+06   4.1748047e+01
   4.8062720e+06   4.3029785e+01
   4.8122990e+06   1.1877441e+02
   4.8127080e+06   1.0455322e+02
   4.8128670e+06   8.0932617e+01
   4.8133380e+06   9.1552734e+01
   4.8136040e+06   6.6833496e+01
   4.8137970e+06   5.6213379e+01
   4.8139890e+06   4.1992188e+01
   4.8141920e+06   4.7363281e+01
   4.8595530e+06   1.1236572e+02
   4.8598730e+06   1.1206055e+02
   4.8601350e+06   1.0748291e+02
   4.8603450e+06   7.9833984e+01
   4.8605620e+06   7.5561523e+01
   4.8607460e+06   5.1940918e+01
   4.8609140e+06   4.9316406e+01
   4.8611310e+06   6.1828613e+01
   4.8613560e+06   4.3334961e+01
   4.8617940e+06   5.5236816e+01
   4.8824760e+06   1.1254883e+02
   4.8835200e+06   1.1602783e+02
   4.8838720e+06   1.0729980e+02
   4.8840220e+06   8.2824707e+01
   4.8841890e+06   5.4809570e+01
   4.8843530e+06   6.0485840e+01
   4.8845100e+06   4.4128418e+01
   4.8849990e+06   4.8156738e+01
   4.8859680e+06   4.1748047e+01
   4.9052030e+06   4.1259766e+01
   4.9281280e+06   1.3238525e+02
   4.9283500e+06   1.1895752e+02
   4.9285670e+06   1.1242676e+02
   4.9287910e+06   9.0637207e+01
   4.9345170e+06   4.3395996e+01
   4.9519680e+06   1.2615967e+02
   4.9596180e+06   4.5776367e+01
   4.9798200e+06   4.1564941e+01
   4.9804670e+06   1.2713623e+02
   4.9806380e+06   4.0100098e+01
   4.9807150e+06   1.2445068e+02
   4.9811060e+06   9.8876953e+01
   4.9813320e+06   7.3486328e+01
   4.9815280e+06   7.9650879e+01
   4.9816810e+06   4.9316406e+01
   4.9818750e+06   5.3649902e+01
   4.9820400e+06   4.1259766e+01
   4.9822730e+06   4.6142578e+01
   4.9825010e+06   4.9011230e+01
   4.9923780e+06   1.1340332e+02
   4.9927500e+06   1.0833740e+02
   4.9930640e+06   9.7778320e+01
   4.9934530e+06   7.5134277e+01
   4.9937500e+06   7.8735352e+01
   4.9944680e+06   9.1674805e+01
   5.0004300e+06   3.9916992e+01
   5.0115050e+06   1.1340332e+02
   5.0179060e+06   1.2036133e+02
   5.0376420e+06   1.1865234e+02
   5.0381560e+06   1.1254883e+02
   5.0385440e+06   1.0449219e+02
   5.0389590e+06   9.8815918e+01
   5.0391770e+06   7.9162598e+01
   5.0394280e+06   7.3791504e+01
   5.0396480e+06   5.3222656e+01
   5.0398180e+06   5.4748535e+01
   5.0400390e+06   4.4067383e+01
   5.0402940e+06   4.5349121e+01
   5.0728570e+06   1.2377930e+02
   5.0737340e+06   1.1346436e+02
   5.0740800e+06   1.0089111e+02
   5.0743880e+06   9.4055176e+01
   5.0745890e+06   7.7636719e+01
   5.0748070e+06   7.8613281e+01
   5.0750970e+06   6.1584473e+01
   5.0753260e+06   6.1096191e+01
   5.0755750e+06   4.7912598e+01
   5.0758170e+06   4.7241211e+01
   5.0761910e+06   4.4555664e+01
   5.0943210e+06   1.3122559e+02
   5.0947780e+06   1.0705566e+02
   5.0952300e+06   1.0839844e+02
   5.1306540e+06   1.2493896e+02
   5.1312420e+06   1.1083984e+02
   5.1313410e+06   6.3476563e+01
   5.1316420e+06   8.6547852e+01
   5.1318500e+06   6.3720703e+01
   5.1321220e+06   6.1889648e+01
   5.1325500e+06   8.0688477e+01
   5.1328150e+06   6.4819336e+01
   5.1330460e+06   5.7861328e+01
   5.1547140e+06   4.0832520e+01
   5.1783890e+06   1.0504150e+02
   5.1786400e+06   1.0693359e+02
   5.1791690e+06   1.0290527e+02
   5.1797810e+06   9.6313477e+01
   5.1801130e+06   8.2946777e+01
   5.1804450e+06   7.1044922e+01
   5.1807340e+06   6.4575195e+01
   5.1809430e+06   5.6518555e+01
   5.1811930e+06   4.5288086e+01
   5.1815070e+06   5.7739258e+01
   5.1818400e+06   5.3771973e+01
   5.1975540e+06   1.0241699e+02
   5.1985720e+06   1.0955811e+02
   5.1990970e+06   1.0223389e+02
   5.1994900e+06   9.5092773e+01
   5.1996790e+06   6.0729980e+01
   5.1999050e+06   6.4147949e+01
   5.2001820e+06   5.9692383e+01
   5.2003660e+06   4.0649414e+01
   5.2013250e+06   5.0903320e+01
   5.2231620e+06   4.0893555e+01
   5.2453140e+06   4.0893555e+01
   5.2457870e+06   9.8266602e+01
   5.2509430e+06   1.2561035e+02
   5.2540700e+06   3.9978027e+01
   5.2714620e+06   1.1724854e+02
   5.2717130e+06   1.1254883e+02
   5.2722820e+06   9.8937988e+01
   5.2728720e+06   9.9304199e+01
   5.2737160e+06   9.9304199e+01
   5.2739480e+06   9.1979980e+01
   5.2743490e+06   7.6843262e+01
   5.2744920e+06   5.1696777e+01
   5.2746710e+06   4.6081543e+01
   5.2750020e+06   5.3039551e+01
   5.2752150e+06   6.5795898e+01
   5.2773160e+06   4.9499512e+01
   5.3023830e+06   4.0344238e+01
   5.3056500e+06   1.2158203e+02
   5.3059710e+06   1.1303711e+02
   5.3062410e+06   1.1022949e+02
   5.3063920e+06   7.4951172e+01
   5.3066780e+06   9.0820312e+01
   5.3083740e+06   9.7045898e+01
   5.3086050e+06   7.4584961e+01
   5.3088550e+06   8.0139160e+01
   5.3090620e+06   6.0241699e+01
   5.3093260e+06   6.0791016e+01
   5.3096170e+06   5.3710938e+01
   5.3100550e+06   4.6081543e+01
   5.3252490e+06   4.1809082e+01
   5.3392880e+06   3.9794922e+01
   5.3457920e+06   1.1846924e+02
   5.3460230e+06   1.0839844e+02
   5.3467110e+06   1.0021973e+02
   5.3469670e+06   9.2285156e+01
   5.3472840e+06   8.4106445e+01
   5.3473180e+06   4.2968750e+01
   5.3474810e+06   7.6477051e+01
   5.3476370e+06   4.5471191e+01
   5.3479240e+06   5.5114746e+01
   5.3481860e+06   5.7312012e+01
   5.3484950e+06   6.2377930e+01
   5.3492090e+06   6.7199707e+01
   5.3512730e+06   9.3566895e+01
   5.3514570e+06   5.3710938e+01
   5.3516630e+06   6.8725586e+01
   5.3518460e+06   5.9387207e+01
   5.3520660e+06   4.7729492e+01
   5.3705670e+06   4.0039062e+01
   5.3725730e+06   4.2602539e+01
   5.3948420e+06   1.1755371e+02
   5.3949030e+06   4.2907715e+01
   5.3995530e+06   4.1198730e+01
   5.4277240e+06   1.2463379e+02
   5.4583990e+06   4.4372559e+01
   5.4587150e+06   1.3092041e+02
   5.4588400e+06   1.1395264e+02
   5.4594680e+06   1.0211182e+02
   5.4598370e+06   9.5397949e+01
   5.4601530e+06   9.2956543e+01
   5.4604610e+06   7.6538086e+01
   5.4796900e+06   1.1785889e+02
   5.4802740e+06   1.2072754e+02
   5.4810570e+06   1.0693359e+02
   5.4903580e+06   4.6142578e+01
   5.5034610e+06   1.1621094e+02
   5.5041460e+06   1.0504150e+02
   5.5047620e+06   1.0034180e+02
   5.5050100e+06   8.4594727e+01
   5.5053100e+06   7.8125000e+01
   5.5058500e+06   6.4025879e+01
   5.5061540e+06   6.5063477e+01
   5.5066780e+06   6.9458008e+01
   5.5069600e+06   4.3273926e+01
   5.5073160e+06   6.7749023e+01
   5.5076350e+06   6.5246582e+01
   5.5084610e+06   6.8969727e+01
   5.5363280e+06   4.0405273e+01
   5.5367460e+06   4.0832520e+01
   5.5386810e+06   1.3800049e+02
   5.5398670e+06   1.2982178e+02
   5.5403070e+06   1.0693359e+02
   5.5405770e+06   9.3566895e+01
   5.5407670e+06   6.3781738e+01
   5.5410110e+06   7.4096680e+01
   5.5413530e+06   7.9895020e+01
   5.5417690e+06   7.9833984e+01
   5.5782190e+06   1.1999512e+02
   5.5788910e+06   1.0937500e+02
   5.5833020e+06   4.6630859e+01
   5.5987000e+06   1.3690186e+02
   5.5998690e+06   1.1315918e+02
   5.6005690e+06   4.3151855e+01
   5.6224480e+06   4.0649414e+01
   5.6226080e+06   1.2152100e+02
   5.6228980e+06   1.2353516e+02
   5.6232010e+06   9.4543457e+01
   5.6235020e+06   9.2102051e+01
   5.6236750e+06   6.8176270e+01
   5.6238690e+06   6.0668945e+01
   5.6241120e+06   6.6101074e+01
   5.6243400e+06   4.8095703e+01
   5.6253950e+06   5.5541992e+01
   5.6519710e+06   4.2114258e+01
   5.6798560e+06   1.2884521e+02
   5.6801130e+06   1.1938477e+02
   5.6804020e+06   1.0485840e+02
   5.6805350e+06   8.1298828e+01
   5.6806960e+06   6.3415527e+01
   5.6808690e+06   5.9997559e+01
   5.6810330e+06   5.5358887e+01
   5.6818290e+06   4.3518066e+01
   5.6912500e+06   4.5166016e+01
   5.7106070e+06   4.9072266e+01
   5.7121320e+06   4.3334961e+01
   5.7133730e+06   4.0832520e+01
   5.7483670e+06   1.2115479e+02
   5.7706960e+06   4.5776367e+01
   5.7763150e+06   4.0039062e+01
   5.7764460e+06   1.4208984e+02
   5.7771260e+06   1.1706543e+02
   5.7776110e+06   1.1437988e+02
   5.7779710e+06   9.6801758e+01
   5.7783000e+06   8.5021973e+01
   5.7785350e+06   7.5805664e+01
   5.7788450e+06   7.1838379e+01
   5.7797710e+06   7.5012207e+01
   5.7898950e+06   4.1809082e+01
   5.7985090e+06   4.4555664e+01
   5.8035340e+06   1.2438965e+02
   5.8039490e+06   1.0656738e+02
   5.8040830e+06   8.7402344e+01
   5.8042420e+06   7.5317383e+01
   5.8043720e+06   5.9204102e+01
   5.8046130e+06   7.2753906e+01
   5.8048320e+06   7.5378418e+01
   5.8051140e+06   5.7495117e+01
   5.8056660e+06   5.1879883e+01
   5.8458210e+06   1.2396240e+02
   5.8463700e+06   1.1596680e+02
   5.8465900e+06   9.8693848e+01
   5.8468190e+06   1.0137939e+02
   5.8469790e+06   6.5002441e+01
   5.8470930e+06   4.0466309e+01
   5.8472740e+06   4.3823242e+01
   5.8476770e+06   6.0791016e+01
   5.8479820e+06   5.5908203e+01
   5.8483270e+06   6.4147949e+01
   5.8719650e+06   1.1602783e+02
   5.8856630e+06   7.7026367e+01
   5.8862630e+06   1.1883545e+02
   5.8876430e+06   1.1102295e+02
   5.8881160e+06   1.0961914e+02
   5.8883040e+06   7.6416016e+01
   5.8885540e+06   7.5500488e+01
   5.8887670e+06   6.2927246e+01
   5.8889890e+06   5.8959961e+01
   5.8892130e+06   6.0241699e+01
   5.9133390e+06   1.2170410e+02
   5.9161180e+06   1.1322021e+02
   5.9297870e+06   4.6569824e+01
   5.9304810e+06   1.1688232e+02
   5.9622670e+06   4.3518066e+01
   5.9651830e+06   1.1431885e+02
   5.9697770e+06   4.2297363e+01
   6.0106150e+06   1.2158203e+02
   6.0151140e+06   1.3269043e+02
   6.0152200e+06   1.1260986e+02
   6.0154460e+06   9.8144531e+01
   6.0157870e+06   9.4360352e+01
   6.0162920e+06   9.0209961e+01
   6.0166410e+06   8.4777832e+01
   6.0218250e+06   3.9978027e+01
   6.0540870e+06   1.1303711e+02
   6.0645240e+06   1.4031982e+02
   6.0647940e+06   1.1749268e+02
   6.0650710e+06   1.0241699e+02
   6.0653970e+06   9.8449707e+01
   6.0656300e+06   8.3618164e+01
   6.0658540e+06   6.5612793e+01
   6.0661520e+06   6.6284180e+01
   6.0671240e+06   4.4860840e+01
   6.0846780e+06   1.2115479e+02
   6.0861190e+06   4.3579102e+01
   6.1113370e+06   4.4189453e+01
   6.1124120e+06   4.0588379e+01
   6.1441100e+06   1.2115479e+02
   6.1510540e+06   1.2487793e+02
   6.1511560e+06   1.2438965e+02
   6.1513390e+06   1.0351563e+02
   6.1515120e+06   5.6640625e+01
   6.1516900e+06   6.2622070e+01
   6.1518510e+06   4.8400879e+01
   6.1520250e+06   4.6203613e+01
   6.1522220e+06   4.5715332e+01
   6.1524260e+06   4.4616699e+01
   6.1528690e+06   6.2744141e+01
   6.1558180e+06   4.0466309e+01
   6.1840280e+06   4.0222168e+01
   6.1987720e+06   1.1877441e+02
   6.2130200e+06   4.1137695e+01
   6.2161720e+06   4.5104980e+01
   6.2173130e+06   1.2005615e+02
   6.2178570e+06   1.1779785e+02
   6.2180540e+06   9.6191406e+01
   6.2182450e+06   8.8073730e+01
   6.2183970e+06   6.3659668e+01
   6.2185830e+06   7.0922852e+01
   6.2187560e+06   5.2917480e+01
   6.2189470e+06   4.5532227e+01
   6.2192050e+06   4.8095703e+01
   6.2195650e+06   4.8706055e+01
   6.2233140e+06   4.0405273e+01
   6.2449790e+06   1.2280273e+02
   6.2599590e+06   5.3833008e+01
   6.2616530e+06   1.4172363e+02
   6.2621990e+06   1.1157227e+02
   6.2628040e+06   1.2805176e+02
   6.2647270e+06   9.9853516e+01
   6.2735010e+06   4.4128418e+01
   6.2744070e+06   4.8461914e+01
   6.2835050e+06   1.1419678e+02
   6.2835350e+06   3.9978027e+01
   6.2888220e+06   1.2658691e+02
   6.3711460e+06   4.1748047e+01
   6.3773800e+06   9.6740723e+01
   6.3780950e+06   1.2255859e+02
   6.3890620e+06   1.2738037e+02
   6.3895620e+06   1.0931396e+02
   6.3897270e+06   1.0430908e+02
   6.3899620e+06   8.6059570e+01
   6.3900950e+06   5.0964355e+01
   6.3903040e+06   6.7199707e+01
   6.3905050e+06   6.1401367e+01
   6.3907550e+06   5.6274414e+01
   6.3909680e+06   4.6875000e+01
   6.3911570e+06   5.4870605e+01
   6.3913600e+06   5.8593750e+01
   6.3916380e+06   6.4819336e+01
   6.3918540e+06   5.4809570e+01
   6.3923110e+06   5.4016113e+01
   6.3932990e+06   4.0283203e+01
   6.4166890e+06   4.2541504e+01
   6.4337100e+06   1.1187744e+02
   6.4375520e+06   1.0455322e+02
   6.4679050e+06   1.1730957e+02
   6.4827840e+06   4.1625977e+01
   6.5264560e+06   4.2297363e+01
   6.5276650e+06   3.9978027e+01
   6.5412610e+06   1.2823486e+02
   6.5422930e+06   1.0681152e+02
   6.5428010e+06   3.9916992e+01
   6.5766250e+06   4.0039062e+01
   6.5833520e+06   4.7424316e+01
   6.5845860e+06   4.0161133e+01
   6.6014650e+06   4.2541504e+01
   6.6221920e+06   1.2677002e+02
   6.6228030e+06   1.2689209e+02
   6.6229570e+06   9.5275879e+01
   6.6232190e+06   9.6374512e+01
   6.6234200e+06   8.5815430e+01
   6.6234810e+06   4.2358398e+01
   6.6235160e+06   4.5959473e+01
   6.6239580e+06   5.2673340e+01
   6.6254330e+06   4.0954590e+01
   6.6259670e+06   5.0964355e+01
   6.7278740e+06   4.1564941e+01
   6.7431700e+06   4.4982910e+01
   6.7683660e+06   4.2663574e+01
   6.7927030e+06   4.4433594e+01
   6.7931730e+06   4.0039062e+01
   6.8464910e+06   4.0100098e+01
   6.8655300e+06   4.5593262e+01
   6.8666450e+06   4.0100098e+01
   6.8929610e+06   1.1187744e+02
   6.8931000e+06   1.2384033e+02
   6.8937440e+06   1.1785889e+02
   6.8940610e+06   9.7229004e+01
   6.8942290e+06   9.5520020e+01
   6.8946230e+06   8.5510254e+01
   6.8969330e+06   1.0028076e+02
   6.8971720e+06   1.0809326e+02
   6.9041060e+06   4.5410156e+01
   6.9042500e+06   4.1625977e+01
   6.9507840e+06   4.0832520e+01
   6.9567540e+06   4.0771484e+01
   6.9953920e+06   4.0710449e+01
   7.0144240e+06   1.3232422e+02
   7.0159620e+06   4.6691895e+01
   7.0458800e+06   1.1608887e+02
   7.0462370e+06   1.2597656e+02
   7.0467160e+06   1.0723877e+02
   7.0471220e+06   1.1560059e+02
   7.0475160e+06   9.6008301e+01
   7.1078110e+06   4.3457031e+01
   7.1121940e+06   1.2054443e+02
   7.1388520e+06   4.0405273e+01
   7.1413300e+06   5.0048828e+01
   7.1483070e+06   1.3116455e+02
   7.1660540e+06   4.4677734e+01
   7.1667200e+06   1.2915039e+02
   7.1728310e+06   4.4616699e+01
   7.1773740e+06   4.4494629e+01
   7.2059260e+06   1.2579346e+02
   7.2072550e+06   1.2280273e+02
   7.2084550e+06   4.3518066e+01
   7.2266250e+06   4.4555664e+01
   7.2420510e+06   1.1663818e+02
   7.2668510e+06   1.2683105e+02
   7.2677620e+06   1.1468506e+02
   7.2683000e+06   4.1442871e+01
   7.2719390e+06   4.0344238e+01
   7.2911830e+06   4.1320801e+01
   7.2980610e+06   1.1541748e+02
   7.2986660e+06   1.2249756e+02
   7.2987890e+06   9.0332031e+01
   7.3013880e+06   4.5227051e+01
   7.3160140e+06   4.0588379e+01
   7.3217790e+06   1.3244629e+02
   7.3265230e+06   1.2463379e+02
   7.3480510e+06   4.3457031e+01
   7.3504170e+06   1.2695313e+02
   7.3565410e+06   4.1503906e+01
   7.3609940e+06   1.3635254e+02
   7.3610870e+06   5.7006836e+01
   7.3613130e+06   1.1108398e+02
   7.3686030e+06   4.1137695e+01
   7.3716550e+06   4.0100098e+01
   7.3900550e+06   4.2907715e+01
   7.3901760e+06   1.2298584e+02
   7.3926070e+06   1.1712646e+02
   7.3980690e+06   1.2512207e+02
   7.3984750e+06   1.0430908e+02
   7.3987430e+06   1.0522461e+02
   7.3989610e+06   9.1674805e+01
   7.3990780e+06   5.8410645e+01
   7.3994250e+06   4.9621582e+01
   7.3995450e+06   4.3945312e+01
   7.3995980e+06   4.1809082e+01
   7.4019870e+06   4.3579102e+01
   7.4403390e+06   1.1773682e+02
   7.4403680e+06   4.2907715e+01
   7.4407730e+06   1.1523438e+02
   7.4411360e+06   1.1822510e+02
   7.4414610e+06   9.4177246e+01
   7.4417390e+06   8.2458496e+01
   7.4419620e+06   7.5744629e+01
   7.4421660e+06   6.9030762e+01
   7.4423990e+06   8.0566406e+01
   7.4425600e+06   4.3640137e+01
   7.4426830e+06   5.9875488e+01
   7.4442030e+06   4.2907715e+01
   7.4913670e+06   1.3598633e+02
   7.4931060e+06   1.1004639e+02
   7.5064540e+06   4.7973633e+01
   7.5244630e+06   4.4860840e+01
   7.5270270e+06   1.1840820e+02
   7.5421120e+06   1.1358643e+02
   7.5871270e+06   4.2968750e+01
   7.6085910e+06   4.1564941e+01
   7.6155470e+06   1.2268066e+02
   7.6156710e+06   1.0333252e+02
   7.6163210e+06   4.1076660e+01
   7.6169290e+06   1.1529541e+02
   7.6496350e+06   1.4904785e+02
   7.6640290e+06   4.6752930e+01
   7.6688960e+06   1.1364746e+02
   7.6690940e+06   1.0473633e+02
   7.6697910e+06   1.0418701e+02
   7.6703610e+06   1.0412598e+02
   7.6706530e+06   8.5266113e+01
   7.6708980e+06   8.7463379e+01
   7.6711870e+06   7.0373535e+01
   7.6714200e+06   6.7260742e+01
   7.6716730e+06   5.8776855e+01
   7.6719570e+06   5.8715820e+01
   7.6722340e+06   4.9560547e+01
   7.6747680e+06   4.2968750e+01
   7.6756400e+06   4.2175293e+01
   7.7100050e+06   3.9978027e+01
   7.7112640e+06   4.3212891e+01
   7.7513390e+06   4.1503906e+01
   7.7526100e+06   1.1236572e+02
   7.7532570e+06   1.1749268e+02
   7.7537090e+06   1.2335205e+02
   7.7539360e+06   9.6496582e+01
   7.7541660e+06   8.4655762e+01
   7.7544150e+06   8.0993652e+01
   7.7545930e+06   5.1513672e+01
   7.7547900e+06   5.2490234e+01
   7.7550100e+06   6.1401367e+01
   7.7552970e+06   5.3283691e+01
   7.7583690e+06   4.1015625e+01
   7.7633220e+06   4.3334961e+01
   7.7679240e+06   1.2036133e+02
   7.7683350e+06   1.0699463e+02
   7.7728360e+06   1.1035156e+02
   7.7763800e+06   4.1381836e+01
   7.7908250e+06   1.1450195e+02
   7.7908700e+06   4.2968750e+01
   7.7910550e+06   9.8754883e+01
   7.7913740e+06   1.0351562e+02
   7.7916070e+06   9.0209961e+01
   7.7917970e+06   7.5317383e+01
   7.7920010e+06   6.9030762e+01
   7.7923870e+06   6.8603516e+01
   7.7925730e+06   5.3222656e+01
   7.7928240e+06   5.6396484e+01
   7.7930130e+06   5.3344727e+01
   7.7932330e+06   6.1401367e+01
   7.7935420e+06   4.6691895e+01
   7.7938800e+06   6.3415527e+01
   7.7943360e+06   4.9499512e+01
   7.7947510e+06   4.2602539e+01
   7.8358510e+06   4.3212891e+01
   7.8415220e+06   1.2847900e+02
   7.8416020e+06   9.2529297e+01
   7.8418040e+06   1.0760498e+02
   7.8420220e+06   8.6425781e+01
   7.8463380e+06   4.1503906e+01
   7.8944870e+06   4.0039062e+01
   7.9063270e+06   4.2480469e+01
   7.9214050e+06   1.3696289e+02
   7.9216080e+06   1.1968994e+02
   7.9219610e+06   1.0748291e+02
   7.9225520e+06   1.0473633e+02
   7.9275980e+06   4.5227051e+01
   7.9277630e+06   4.4311523e+01
   7.9373820e+06   1.1999512e+02
   7.9378640e+06   1.0864258e+02
   7.9384730e+06   1.0833740e+02
   7.9534970e+06   1.2298584e+02
   7.9550220e+06   1.2750244e+02
   7.9556280e+06   1.1499023e+02
   7.9558630e+06   1.0705566e+02
   7.9561570e+06   9.2468262e+01
   7.9564100e+06   8.6120605e+01
   7.9566880e+06   6.4758301e+01
   7.9569120e+06   5.8044434e+01
   7.9572280e+06   6.3781738e+01
   7.9575990e+06   4.3945312e+01
   7.9782730e+06   1.3305664e+02
   7.9784510e+06   1.0693359e+02
   7.9789370e+06   1.0290527e+02
   7.9796920e+06   1.0589600e+02
   7.9801240e+06   8.9477539e+01
   7.9805190e+06   8.7463379e+01
   7.9807380e+06   6.9396973e+01
   7.9810020e+06   6.4086914e+01
   7.9812610e+06   4.6203613e+01
   7.9816570e+06   5.3527832e+01
   7.9889410e+06   4.0771484e+01
   7.9910180e+06   4.0832520e+01
   7.9915950e+06   1.2475586e+02
   8.0310300e+06   4.4860840e+01
   8.0316060e+06   1.3812256e+02
   8.0324350e+06   1.1224365e+02
   8.0328810e+06   1.0137939e+02
   8.0340680e+06   1.0479736e+02
   8.0344910e+06   1.0913086e+02
   8.0349360e+06   9.4116211e+01
   8.0505650e+06   4.1625977e+01
   8.0874290e+06   1.2060547e+02
   8.0878440e+06   1.2145996e+02
   8.0881200e+06   1.0229492e+02
   8.0884100e+06   9.7961426e+01
   8.0885950e+06   6.1218262e+01
   8.0888300e+06   8.6914063e+01
   8.0890860e+06   6.3476562e+01
   8.1113920e+06   4.3151855e+01
   8.1247650e+06   4.2663574e+01
   8.1328540e+06   1.1114502e+02
   8.1334360e+06   1.1798096e+02
   8.1336660e+06   1.2115479e+02
   8.1338820e+06   9.4116211e+01
   8.1340580e+06   7.9528809e+01
   8.1342710e+06   6.2744141e+01
   8.1345040e+06   7.1350098e+01
   8.1347900e+06   5.2185059e+01
   8.1350250e+06   5.4809570e+01
   8.1353430e+06   5.7312012e+01
   8.1356730e+06   4.6813965e+01
   8.1480950e+06   4.1015625e+01
   8.1538240e+06   4.1564941e+01
   8.1648640e+06   1.4068604e+02
   8.1651540e+06   1.1499023e+02
   8.1653430e+06   9.5458984e+01
   8.1654390e+06   6.5612793e+01
   8.1656280e+06   9.1857910e+01
   8.1658560e+06   8.9172363e+01
   8.2179810e+06   1.2225342e+02
   8.2185700e+06   1.2396240e+02
   8.2190370e+06   1.0247803e+02
   8.2194480e+06   9.7045898e+01
   8.2198300e+06   9.1979980e+01
   8.2201040e+06   9.4116211e+01
   8.2204560e+06   5.2917480e+01
   8.2210140e+06   7.5073242e+01
   8.2305410e+06   4.2053223e+01
   8.2337170e+06   1.2292480e+02
   8.2338490e+06   1.0791016e+02
   8.2342380e+06   8.8562012e+01
   8.2344840e+06   9.6435547e+01
   8.2353410e+06   8.8806152e+01
   8.2488190e+06   1.2408447e+02
   8.2518080e+06   1.0864258e+02
   8.2727230e+06   1.2591553e+02
   8.2733890e+06   1.1743164e+02
   8.2737480e+06   1.0748291e+02
   8.2740330e+06   1.0760498e+02
   8.2740880e+06   5.0842285e+01
   8.2741590e+06   5.2368164e+01
   8.2743190e+06   5.0109863e+01
   8.2746490e+06   4.4860840e+01
   8.2748580e+06   6.6772461e+01
   8.2752250e+06   5.7861328e+01
   8.2756960e+06   4.0283203e+01
   8.2759890e+06   4.4616699e+01
   8.2762740e+06   5.0537109e+01
   8.2765390e+06   8.0932617e+01
   8.2767760e+06   4.0222168e+01
   8.2796140e+06   4.4677734e+01
   8.2927690e+06   1.1077881e+02
   8.2933630e+06   1.0546875e+02
   8.2936380e+06   9.2590332e+01
   8.2938890e+06   8.8989258e+01
   8.2941280e+06   8.3435059e+01
   8.2943080e+06   6.1157227e+01
   8.2945160e+06   5.5236816e+01
   8.2946850e+06   4.3151855e+01
   8.2963060e+06   5.8776855e+01
   8.3288320e+06   4.1320801e+01
   8.3367150e+06   4.3395996e+01
   8.3407820e+06   1.3397217e+02
   8.3412440e+06   1.1029053e+02
   8.3417150e+06   1.2371826e+02
   8.3425090e+06   6.8481445e+01
   8.3450630e+06   1.1322021e+02
   8.3453480e+06   1.0345459e+02
   8.3456300e+06   8.9538574e+01
   8.3458800e+06   6.9274902e+01
   8.3460200e+06   4.5532227e+01
   8.3462130e+06   4.1259766e+01
   8.3463750e+06   4.0710449e+01
   8.3669980e+06   4.0222168e+01
   8.3823230e+06   1.2658691e+02
   8.3915840e+06   4.1931152e+01
   8.4073320e+06   1.3397217e+02
   8.4159790e+06   1.2237549e+02
   8.4253140e+06   4.4494629e+01
   8.4443260e+06   1.2646484e+02
   8.4447460e+06   1.1651611e+02
   8.4449010e+06   9.9426270e+01
   8.4452080e+06   1.0247803e+02
   8.4458810e+06   1.0009766e+02
   8.4461210e+06   9.4665527e+01
   8.4464490e+06   9.4299316e+01
   8.4466240e+06   8.6914062e+01
   8.4467480e+06   3.9978027e+01
   8.4475750e+06   4.3090820e+01
   8.4480030e+06   5.3039551e+01
   8.4483420e+06   6.2866211e+01
   8.4539710e+06   4.1015625e+01
   8.4759350e+06   4.6508789e+01
   8.4766300e+06   4.4738770e+01
   8.4851710e+06   1.1663818e+02
   8.4853710e+06   1.1376953e+02
   8.4855050e+06   8.9294434e+01
   8.4857130e+06   7.6843262e+01
   8.4863610e+06   9.8937988e+01
   8.5187250e+06   4.0161133e+01
   8.5200260e+06   3.9794922e+01
   8.5274810e+06   1.3562012e+02
   8.5284220e+06   1.2188721e+02
   8.5290170e+06   1.0943604e+02
   8.5293880e+06   1.1267090e+02
   8.5299070e+06   8.1359863e+01
   8.5302140e+06   8.8989258e+01
   8.5304180e+06   5.6396484e+01
   8.5305990e+06   5.2551270e+01
   8.5308030e+06   5.1086426e+01
   8.5310550e+06   5.3710938e+01
   8.5313560e+06   5.3955078e+01
   8.5452360e+06   1.1444092e+02
   8.5459040e+06   1.2030029e+02
   8.5534580e+06   3.9794922e+01
   8.5913380e+06   4.6508789e+01
   8.5926990e+06   4.1625977e+01
   8.6025710e+06   1.3616943e+02
   8.6029500e+06   1.1669922e+02
   8.6031270e+06   1.2133789e+02
   8.6032770e+06   9.5886230e+01
   8.6034710e+06   9.9365234e+01
   8.6041020e+06   9.1979980e+01
   8.6046540e+06   8.6181641e+01
   8.6048370e+06   6.1828613e+01
   8.6052320e+06   7.7880859e+01
   8.6054640e+06   5.3466797e+01
   8.6057350e+06   5.2856445e+01
   8.6062320e+06   4.1320801e+01
   8.6192560e+06   4.0222168e+01
   8.6221740e+06   1.2170410e+02
   8.6226270e+06   1.1352539e+02
   8.6227150e+06   4.2297363e+01
   8.6230930e+06   1.0833740e+02
   8.6234000e+06   8.2336426e+01
   8.6236970e+06   7.9223633e+01
   8.6239430e+06   8.0261230e+01
   8.6242010e+06   5.7128906e+01
   8.6244920e+06   6.1035156e+01
   8.6530890e+06   3.9794922e+01
   8.6536980e+06   1.3690186e+02
   8.6579820e+06   1.3568115e+02
   8.6742320e+06   4.0344238e+01
   8.6825770e+06   1.1212158e+02
   8.6826750e+06   1.0357666e+02
   8.6828000e+06   9.1552734e+01
   8.6830880e+06   5.8532715e+01
   8.6832920e+06   8.9721680e+01
   8.6834500e+06   6.3232422e+01
   8.6836520e+06   6.0485840e+01
   8.6838370e+06   4.1320801e+01
   8.6841060e+06   5.2429199e+01
   8.6843810e+06   5.3344727e+01
   8.6994960e+06   4.0588379e+01
   8.7038130e+06   4.5349121e+01
   8.7196970e+06   1.2744141e+02
   8.7204670e+06   1.2280273e+02
   8.7208440e+06   1.1968994e+02
   8.7210880e+06   1.1096191e+02
   8.7213360e+06   9.3261719e+01
   8.7215240e+06   6.6589355e+01
   8.7216850e+06   7.8918457e+01
   8.7220200e+06   9.0454102e+01
   8.7222250e+06   5.9814453e+01
   8.7225760e+06   4.1320801e+01
   8.7257710e+06   4.2358398e+01
   8.7419320e+06   4.0954590e+01
   8.7662750e+06   1.1492920e+02
   8.7684010e+06   1.2493896e+02
   8.7762530e+06   5.3405762e+01
   8.8109500e+06   1.0577393e+02
   8.8161000e+06   1.2945557e+02
   8.8166090e+06   1.0577393e+02
   8.8174530e+06   1.0766602e+02
   8.8182160e+06   1.0766602e+02
   8.8184290e+06   1.0345459e+02
   8.8187710e+06   8.9477539e+01
   8.8195330e+06   8.5571289e+01
   8.8251620e+06   4.4372559e+01
   8.8649050e+06   1.4117432e+02
   8.8651120e+06   1.1840820e+02
   8.8653290e+06   1.1077881e+02
   8.8656370e+06   9.7351074e+01
   8.8660200e+06   1.0009766e+02
   8.8662830e+06   7.6477051e+01
   8.8856720e+06   1.1157227e+02
   8.8889630e+06   1.2152100e+02
   8.9140920e+06   1.2261963e+02
   8.9143100e+06   1.2457275e+02
   8.9145480e+06   1.0766602e+02
   8.9148630e+06   1.0693359e+02
   8.9149410e+06   4.0649414e+01
   8.9151210e+06   8.1542969e+01
   8.9153030e+06   7.0251465e+01
   8.9155220e+06   7.0434570e+01
   8.9477170e+06   1.2127686e+02
   8.9479630e+06   1.0119629e+02
   8.9480740e+06   8.5937500e+01
   8.9482660e+06   1.0083008e+02
   8.9484980e+06   8.0688477e+01
   8.9487000e+06   7.2448730e+01
   8.9488970e+06   5.5175781e+01
   8.9492670e+06   6.9213867e+01
   8.9495610e+06   4.6936035e+01
   8.9499960e+06   6.2683105e+01
   8.9504290e+06   5.6884766e+01
   8.9770690e+06   1.3159180e+02
   8.9775510e+06   1.3494873e+02
   8.9778420e+06   1.1584473e+02
   8.9780130e+06   8.3190918e+01
   8.9781970e+06   8.0444336e+01
   8.9783860e+06   7.2448730e+01
   8.9786170e+06   5.9814453e+01
   8.9788850e+06   6.5795898e+01
   8.9792530e+06   8.0017090e+01
   8.9798520e+06   6.4697266e+01
   8.9901200e+06   1.2298584e+02
   8.9907320e+06   1.1126709e+02
   8.9911190e+06   9.4055176e+01
   8.9915200e+06   1.0693359e+02
   8.9916790e+06   8.0566406e+01
   8.9917860e+06   5.6823730e+01
   8.9919790e+06   5.4382324e+01
   8.9921150e+06   4.4982910e+01
   8.9921780e+06   4.5104980e+01
   8.9924090e+06   5.6274414e+01
   8.9925470e+06   4.3212891e+01
   8.9938040e+06   4.4799805e+01
   8.9940810e+06   4.5349121e+01
