   8.9990000e+06   0.0000000e+00
   2.2842020e+06   4.3029785e+01
   2.8983990e+06   4.5837402e+01
   3.1113810e+06   4.5227051e+01
   3.3264470e+06   4.2846680e+01
   4.3045000e+06   4.2907715e+01
   5.3107510e+06   4.4128418e+01
   5.9768150e+06   4.3640137e+01
   6.1622700e+06   4.3640137e+01
   7.1017970e+06   4.3884277e+01
   7.1151300e+06   4.4311523e+01
   7.1500340e+06   4.3518066e+01
   8.4222440e+06   4.3579102e+01
   8.7362970e+06   4.3334961e+01
   8.7914830e+06   4.3823242e+01
   8.9702530e+06   4.2907715e+01
