   8.9990000e+06   0.0000000e+00
   4.3459000e+04   4.1748047e+01
   4.3831000e+04   4.2663574e+01
   8.9912000e+04   4.0405273e+01
   2.2357300e+05   4.5654297e+01
   3.1818000e+05   4.3701172e+01
   4.1485700e+05   4.2663574e+01
   4.6218200e+05   4.1320801e+01
   4.7542700e+05   4.1442871e+01
   5.3057900e+05   4.5959473e+01
   6.1152400e+05   4.3701172e+01
   6.8339800e+05   4.3945312e+01
   7.0217900e+05   4.1992188e+01
   8.0707600e+05   4.0588379e+01
   9.2951400e+05   4.1381836e+01
   9.8145500e+05   4.1259766e+01
   1.0775520e+06   4.2114258e+01
   1.1795590e+06   4.1198730e+01
   1.3098790e+06   4.2297363e+01
   1.3311580e+06   4.0893555e+01
   1.5758440e+06   4.2907715e+01
   1.6134140e+06   4.2358398e+01
   1.6252600e+06   4.1992188e+01
   1.7975930e+06   4.1320801e+01
   2.0560760e+06   4.1870117e+01
   2.0643930e+06   4.0771484e+01
   2.1363350e+06   4.1992188e+01
   2.1770670e+06   4.2602539e+01
   2.2646730e+06   4.9987793e+01
   2.2870490e+06   4.1076660e+01
   2.3470490e+06   4.2175293e+01
   2.3982380e+06   4.1137695e+01
   2.5121780e+06   4.7363281e+01
   2.5630270e+06   4.3579102e+01
   2.6001850e+06   4.3518066e+01
   2.6635320e+06   4.3762207e+01
   2.7476070e+06   4.1320801e+01
   2.8274660e+06   4.3518066e+01
   2.8394760e+06   4.1809082e+01
   2.8663540e+06   4.7241211e+01
   2.8947260e+06   4.1442871e+01
   2.9191590e+06   4.6203613e+01
   2.9345860e+06   4.3090820e+01
   3.0196860e+06   4.1931152e+01
   3.0942050e+06   4.0771484e+01
   3.1105980e+06   4.0710449e+01
   3.1339470e+06   4.0832520e+01
   3.2554350e+06   4.1931152e+01
   3.2658380e+06   4.0344238e+01
   3.2669180e+06   4.0527344e+01
   3.2855420e+06   4.0893555e+01
   3.4661450e+06   4.0710449e+01
   3.4788920e+06   4.1748047e+01
   3.5136540e+06   4.0832520e+01
   3.5562910e+06   4.9133301e+01
   3.5572590e+06   4.1381836e+01
   3.5925180e+06   4.3945312e+01
   3.6107620e+06   4.3151855e+01
   3.6726530e+06   4.1259766e+01
   3.7500350e+06   4.1381836e+01
   3.8461400e+06   4.1625977e+01
   3.8740810e+06   4.3762207e+01
   3.9321450e+06   4.3762207e+01
   3.9819950e+06   4.3762207e+01
   4.0132830e+06   4.2846680e+01
   4.0294410e+06   4.2480469e+01
   4.0650100e+06   4.0893555e+01
   4.0978610e+06   4.4555664e+01
   4.1813020e+06   4.0954590e+01
   4.2065420e+06   4.2968750e+01
   4.2592290e+06   4.6997070e+01
   4.3012020e+06   4.3823242e+01
   4.3714830e+06   4.3762207e+01
   4.4729650e+06   4.2663574e+01
   4.4896670e+06   4.1442871e+01
   4.5314220e+06   4.0588379e+01
   4.6047280e+06   4.7058105e+01
   4.6102000e+06   4.4494629e+01
   4.6883470e+06   4.0954590e+01
   4.7196370e+06   4.1442871e+01
   4.7527850e+06   4.2480469e+01
   4.7743660e+06   4.2114258e+01
   4.7967340e+06   4.2419434e+01
   4.8561530e+06   4.3090820e+01
   4.8871860e+06   4.4372559e+01
   4.8884580e+06   4.2785645e+01
   4.9375060e+06   4.4860840e+01
   4.9434980e+06   4.2297363e+01
   4.9587070e+06   4.4433594e+01
   5.0077220e+06   4.1992188e+01
   5.0353930e+06   4.4799805e+01
   5.0622410e+06   4.3395996e+01
   5.0801390e+06   4.4311523e+01
   5.0934610e+06   4.2907715e+01
   5.1183240e+06   4.1564941e+01
   5.1289740e+06   4.2053223e+01
   5.3023870e+06   4.4189453e+01
   5.3281000e+06   4.6752930e+01
   5.3819250e+06   4.1259766e+01
   5.3840930e+06   4.3457031e+01
   5.4060000e+06   4.4616699e+01
   5.5438360e+06   4.0466309e+01
   5.5718430e+06   4.0466309e+01
   5.6381150e+06   4.0588379e+01
   5.6906900e+06   4.6020508e+01
   5.7063380e+06   4.1137695e+01
   5.7257740e+06   4.5288086e+01
   5.7748510e+06   4.3762207e+01
   5.8829500e+06   4.4128418e+01
   5.9062760e+06   4.2053223e+01
   5.9228610e+06   4.4982910e+01
   5.9943720e+06   4.6875000e+01
   6.0114970e+06   4.3762207e+01
   6.0226830e+06   4.1137695e+01
   6.0942860e+06   4.0588379e+01
   6.1215580e+06   4.3518066e+01
   6.1330040e+06   4.2663574e+01
   6.1699970e+06   4.0954590e+01
   6.3101390e+06   4.3762207e+01
   6.3812410e+06   4.1503906e+01
   6.3934320e+06   4.2114258e+01
   6.4715840e+06   4.6203613e+01
   6.5490290e+06   4.4311523e+01
   6.6259660e+06   4.0405273e+01
   6.6903110e+06   4.9072266e+01
   6.7577670e+06   4.2114258e+01
   6.7787710e+06   4.4494629e+01
   6.8376580e+06   4.2602539e+01
   6.8574610e+06   4.1076660e+01
   6.8578610e+06   4.2175293e+01
   6.8785120e+06   4.3273926e+01
   7.0308960e+06   4.7180176e+01
   7.0612940e+06   4.2297363e+01
   7.0731000e+06   4.5593262e+01
   7.0916500e+06   4.0832520e+01
   7.1300920e+06   4.4250488e+01
   7.1626720e+06   4.2785645e+01
   7.1635110e+06   4.0466309e+01
   7.2038790e+06   4.0527344e+01
   7.2395520e+06   4.1748047e+01
   7.2936810e+06   4.0527344e+01
   7.3523520e+06   4.2785645e+01
   7.4019610e+06   4.5471191e+01
   7.4905250e+06   4.1320801e+01
   7.5041100e+06   4.1625977e+01
   7.5811090e+06   4.0588379e+01
   7.6162790e+06   4.4982910e+01
   7.6290940e+06   4.5166016e+01
   7.6941200e+06   4.4921875e+01
   7.7538750e+06   4.3823242e+01
   7.8574070e+06   4.0832520e+01
   7.8795750e+06   4.4372559e+01
   7.8956880e+06   4.1320801e+01
   7.9280220e+06   4.4555664e+01
   7.9386720e+06   4.0466309e+01
   7.9813500e+06   4.1503906e+01
   8.0116580e+06   4.1870117e+01
   8.0708060e+06   4.1076660e+01
   8.1046000e+06   4.3395996e+01
   8.1519570e+06   4.1198730e+01
   8.1531150e+06   4.0527344e+01
   8.1863720e+06   4.0588379e+01
   8.2297570e+06   4.1381836e+01
   8.2472760e+06   4.0649414e+01
   8.3525340e+06   4.0710449e+01
   8.4090830e+06   4.1137695e+01
   8.4259300e+06   4.2724609e+01
   8.4933560e+06   4.5837402e+01
   8.5110600e+06   5.3283691e+01
   8.7036630e+06   4.6691895e+01
   8.7964810e+06   4.0710449e+01
   8.8265170e+06   4.4006348e+01
   8.8318840e+06   4.4982910e+01
   8.8494630e+06   4.8095703e+01
   8.8511150e+06   4.2053223e+01
   8.9008830e+06   4.1137695e+01
   8.9167360e+06   4.0649414e+01
   8.9933230e+06   4.0344238e+01
