   8.9990000e+06   0.0000000e+00
   3.9880000e+03   3.8940430e+01
   1.9453000e+04   3.8879395e+01
   3.1978000e+04   4.0893555e+01
   5.6387000e+04   4.0344238e+01
   7.9485000e+04   4.5227051e+01
   9.3292000e+04   3.9855957e+01
   1.0318700e+05   4.2907715e+01
   1.2172500e+05   3.9062500e+01
   1.6394900e+05   3.8757324e+01
   1.9461900e+05   3.9001465e+01
   1.9743300e+05   4.2663574e+01
   2.0240600e+05   4.7302246e+01
   2.5723400e+05   3.7780762e+01
   2.7584200e+05   4.1564941e+01
   2.8082200e+05   4.1137695e+01
   3.0749900e+05   3.9245605e+01
   3.1077400e+05   3.9916992e+01
   3.4907300e+05   4.0039062e+01
   3.5711300e+05   3.8330078e+01
   3.9753500e+05   3.8696289e+01
   4.1981100e+05   3.9855957e+01
   4.5476500e+05   3.7719727e+01
   4.8148500e+05   3.7963867e+01
   5.4606700e+05   3.8574219e+01
   6.1015300e+05   4.4433594e+01
   6.5475700e+05   3.9916992e+01
   7.2873500e+05   3.8085938e+01
   7.4378900e+05   3.9794922e+01
   8.3014100e+05   4.1259766e+01
   8.4060100e+05   4.0649414e+01
   8.4750500e+05   3.7902832e+01
   8.6142200e+05   4.0039062e+01
   8.7050200e+05   4.8950195e+01
   9.0828300e+05   3.7780762e+01
   9.2891400e+05   3.8574219e+01
   9.5328200e+05   3.7719727e+01
   9.6879000e+05   3.9978027e+01
   9.7464200e+05   3.7841797e+01
   9.9931000e+05   3.7719727e+01
   1.0237950e+06   4.0344238e+01
   1.0263370e+06   4.0771484e+01
   1.0565580e+06   4.1748047e+01
   1.0726370e+06   3.8391113e+01
   1.1122550e+06   4.3029785e+01
   1.1176880e+06   3.8818359e+01
   1.1393830e+06   3.8513184e+01
   1.1650870e+06   3.8696289e+01
   1.1721170e+06   4.1748047e+01
   1.1823700e+06   3.8757324e+01
   1.1861690e+06   4.0222168e+01
   1.1952860e+06   4.4921875e+01
   1.2116500e+06   3.9978027e+01
   1.2449310e+06   3.8635254e+01
   1.2824250e+06   4.1992188e+01
   1.3050420e+06   3.8574219e+01
   1.3144860e+06   4.1992188e+01
   1.3301750e+06   3.9306641e+01
   1.3319870e+06   3.8269043e+01
   1.3391890e+06   3.8818359e+01
   1.3528710e+06   4.0466309e+01
   1.3911750e+06   3.9794922e+01
   1.4018130e+06   4.1015625e+01
   1.4110030e+06   3.7902832e+01
   1.4418130e+06   3.7963867e+01
   1.4800590e+06   3.9550781e+01
   1.4987620e+06   3.8940430e+01
   1.5026510e+06   3.9733887e+01
   1.5078510e+06   3.7963867e+01
   1.5533830e+06   3.9245605e+01
   1.5581970e+06   3.7902832e+01
   1.5786060e+06   3.7658691e+01
   1.5876640e+06   3.9916992e+01
   1.5907760e+06   3.8879395e+01
   1.6063640e+06   4.0832520e+01
   1.6152270e+06   3.8085938e+01
   1.6170290e+06   3.8818359e+01
   1.6349770e+06   3.9245605e+01
   1.6375230e+06   4.1381836e+01
   1.6461030e+06   4.0283203e+01
   1.6667480e+06   4.1320801e+01
   1.6785070e+06   3.8146973e+01
   1.7071710e+06   3.7902832e+01
   1.7114550e+06   4.0771484e+01
   1.7267780e+06   4.5471191e+01
   1.7473960e+06   3.8818359e+01
   1.7501330e+06   3.8940430e+01
   1.7843150e+06   4.4433594e+01
   1.8159530e+06   4.6203613e+01
   1.8357540e+06   4.4128418e+01
   1.8456130e+06   3.8818359e+01
   1.8475260e+06   4.0710449e+01
   1.8503020e+06   3.7963867e+01
   1.8573820e+06   4.0344238e+01
   1.8616160e+06   3.8208008e+01
   1.9518240e+06   3.8330078e+01
   1.9584360e+06   3.8330078e+01
   1.9601570e+06   3.8024902e+01
   1.9624450e+06   3.8391113e+01
   1.9724950e+06   3.9978027e+01
   1.9806300e+06   3.8635254e+01
   1.9826720e+06   3.8024902e+01
   2.0062460e+06   3.9489746e+01
   2.0122220e+06   3.9489746e+01
   2.0278820e+06   3.8208008e+01
   2.0322440e+06   4.0954590e+01
   2.1115770e+06   4.0710449e+01
   2.1525690e+06   4.0893555e+01
   2.1554290e+06   4.3762207e+01
   2.1947910e+06   4.2358398e+01
   2.2094780e+06   4.0588379e+01
   2.2161120e+06   4.0161133e+01
   2.2176680e+06   3.8452148e+01
   2.2320140e+06   4.0161133e+01
   2.2361750e+06   3.7719727e+01
   2.2490080e+06   3.8085938e+01
   2.2624240e+06   3.8818359e+01
   2.2750750e+06   3.9428711e+01
   2.2924880e+06   3.9245605e+01
   2.2944510e+06   3.7780762e+01
   2.3011720e+06   4.2419434e+01
   2.3223090e+06   4.1870117e+01
   2.3428680e+06   3.8940430e+01
   2.3456470e+06   5.2978516e+01
   2.3480020e+06   4.0954590e+01
   2.3497140e+06   3.8452148e+01
   2.3542460e+06   3.8940430e+01
   2.3621110e+06   3.9367676e+01
   2.3744000e+06   3.9428711e+01
   2.4185020e+06   3.9611816e+01
   2.4335530e+06   4.0161133e+01
   2.4423960e+06   3.9062500e+01
   2.4571250e+06   4.0527344e+01
   2.4683380e+06   3.7658691e+01
   2.5341510e+06   3.8513184e+01
   2.5521490e+06   4.0954590e+01
   2.5546410e+06   3.7658691e+01
   2.6116210e+06   4.4616699e+01
   2.6270380e+06   3.8330078e+01
   2.6599710e+06   3.9550781e+01
   2.6781150e+06   5.1086426e+01
   2.7150060e+06   4.4311523e+01
   2.7223790e+06   4.0527344e+01
   2.7624600e+06   3.8146973e+01
   2.7680510e+06   4.1320801e+01
   2.7704500e+06   3.9062500e+01
   2.7838140e+06   5.3588867e+01
   2.8296970e+06   4.1137695e+01
   2.8300130e+06   3.9062500e+01
   2.8648750e+06   3.8574219e+01
   2.8929250e+06   3.8146973e+01
   2.8996940e+06   4.2846680e+01
   2.9002590e+06   4.4860840e+01
   2.9126700e+06   3.8696289e+01
   2.9215920e+06   3.9916992e+01
   2.9220250e+06   4.0588379e+01
   2.9390070e+06   3.8696289e+01
   2.9417470e+06   3.8452148e+01
   2.9538180e+06   3.8085938e+01
   2.9610990e+06   3.9123535e+01
   2.9746930e+06   3.8085938e+01
   2.9818850e+06   3.9367676e+01
   2.9928080e+06   4.1320801e+01
   2.9957040e+06   3.8940430e+01
   2.9993820e+06   3.9184570e+01
   2.9999100e+06   3.9855957e+01
   3.0378170e+06   4.3212891e+01
   3.0379890e+06   4.1564941e+01
   3.0397080e+06   3.8635254e+01
   3.0549350e+06   4.0588379e+01
   3.0667990e+06   4.0222168e+01
   3.0822600e+06   4.1809082e+01
   3.1039440e+06   4.0832520e+01
   3.1727400e+06   3.8330078e+01
   3.1883580e+06   3.8208008e+01
   3.2063140e+06   4.0283203e+01
   3.2542140e+06   3.8085938e+01
   3.2797250e+06   3.9489746e+01
   3.2827350e+06   3.8940430e+01
   3.3165330e+06   4.0893555e+01
   3.3475200e+06   4.3212891e+01
   3.3607130e+06   4.2480469e+01
   3.3628310e+06   3.9062500e+01
   3.3803560e+06   4.4677734e+01
   3.3828760e+06   4.0344238e+01
   3.3951040e+06   4.1503906e+01
   3.3991910e+06   3.9794922e+01
   3.4106870e+06   4.0832520e+01
   3.4655410e+06   3.9916992e+01
   3.4711100e+06   4.1442871e+01
   3.5044280e+06   3.8330078e+01
   3.5150670e+06   4.2053223e+01
   3.5173330e+06   3.8391113e+01
   3.5247190e+06   3.7719727e+01
   3.5267720e+06   4.1931152e+01
   3.5361500e+06   3.8208008e+01
   3.5378080e+06   3.8269043e+01
   3.5489600e+06   4.2236328e+01
   3.5527380e+06   3.7658691e+01
   3.5727400e+06   3.8635254e+01
   3.5798800e+06   4.1198730e+01
   3.5870680e+06   4.0710449e+01
   3.5945840e+06   4.3090820e+01
   3.6411440e+06   4.4555664e+01
   3.6714950e+06   4.1015625e+01
   3.6781820e+06   3.8940430e+01
   3.7238710e+06   3.8208008e+01
   3.7317310e+06   4.1320801e+01
   3.7552790e+06   3.8635254e+01
   3.7863320e+06   3.9062500e+01
   3.7876560e+06   4.2602539e+01
   3.8008570e+06   3.8452148e+01
   3.8128780e+06   3.9428711e+01
   3.8230870e+06   4.4372559e+01
   3.8274730e+06   3.9855957e+01
   3.8363160e+06   3.8024902e+01
   3.8455360e+06   3.8146973e+01
   3.8483250e+06   3.8452148e+01
   3.8537600e+06   3.7841797e+01
   3.8558940e+06   4.2785645e+01
   3.8675340e+06   3.9001465e+01
   3.8861220e+06   4.5898438e+01
   3.8968020e+06   3.9062500e+01
   3.9207420e+06   3.9672852e+01
   3.9320620e+06   3.9916992e+01
   3.9368630e+06   3.8757324e+01
   3.9710630e+06   4.0771484e+01
   3.9739260e+06   4.0466309e+01
   3.9891240e+06   4.1625977e+01
   3.9898140e+06   3.8513184e+01
   4.0160820e+06   4.0344238e+01
   4.0268870e+06   4.0161133e+01
   4.0331820e+06   4.0100098e+01
   4.0437940e+06   3.7841797e+01
   4.0465220e+06   4.5166016e+01
   4.0529360e+06   4.2236328e+01
   4.0561100e+06   4.0100098e+01
   4.0994730e+06   3.9245605e+01
   4.1017460e+06   3.9489746e+01
   4.1106210e+06   3.7963867e+01
   4.1520290e+06   3.8574219e+01
   4.1704490e+06   4.2480469e+01
   4.1773890e+06   4.0954590e+01
   4.1798010e+06   3.8391113e+01
   4.2452500e+06   3.9855957e+01
   4.2584520e+06   3.7841797e+01
   4.2589940e+06   3.9367676e+01
   4.2718260e+06   3.8696289e+01
   4.2876410e+06   3.9855957e+01
   4.3058170e+06   4.1625977e+01
   4.3247570e+06   4.8461914e+01
   4.3427840e+06   3.8269043e+01
   4.3446230e+06   3.8024902e+01
   4.3517150e+06   3.7780762e+01
   4.3671170e+06   4.0649414e+01
   4.3831400e+06   3.8330078e+01
   4.3850590e+06   3.8024902e+01
   4.3890590e+06   4.1259766e+01
   4.4090140e+06   3.9916992e+01
   4.4225790e+06   3.8696289e+01
   4.4281870e+06   4.1442871e+01
   4.4371490e+06   3.9367676e+01
   4.4376470e+06   4.1625977e+01
   4.4546830e+06   3.8574219e+01
   4.4712510e+06   3.8757324e+01
   4.4843760e+06   4.1198730e+01
   4.4943130e+06   3.9733887e+01
   4.5064200e+06   3.8024902e+01
   4.5209310e+06   4.0954590e+01
   4.5226060e+06   3.8024902e+01
   4.5275580e+06   4.0100098e+01
   4.5413880e+06   4.0283203e+01
   4.5534130e+06   3.8208008e+01
   4.5551430e+06   3.8574219e+01
   4.5568390e+06   3.9978027e+01
   4.5620080e+06   3.7658691e+01
   4.5757650e+06   4.3640137e+01
   4.5791410e+06   3.7902832e+01
   4.5841820e+06   4.2114258e+01
   4.6013520e+06   3.7719727e+01
   4.6033200e+06   3.9062500e+01
   4.6228840e+06   3.7963867e+01
   4.6331470e+06   3.8757324e+01
   4.6385740e+06   3.8574219e+01
   4.6391920e+06   3.8085938e+01
   4.6454990e+06   4.2053223e+01
   4.6473270e+06   3.9123535e+01
   4.6609570e+06   3.8513184e+01
   4.6633890e+06   3.7719727e+01
   4.6667860e+06   3.7902832e+01
   4.6701670e+06   3.8024902e+01
   4.6741410e+06   4.1198730e+01
   4.6786330e+06   3.8330078e+01
   4.6808240e+06   3.8635254e+01
   4.6880320e+06   4.0893555e+01
   4.6897620e+06   3.9428711e+01
   4.6936360e+06   4.1870117e+01
   4.6989200e+06   3.8391113e+01
   4.7127350e+06   3.7963867e+01
   4.7184090e+06   4.4860840e+01
   4.7204140e+06   4.1076660e+01
   4.7576460e+06   3.8635254e+01
   4.7657160e+06   3.8452148e+01
   4.7767550e+06   3.8269043e+01
   4.7786580e+06   4.1015625e+01
   4.7847350e+06   3.8635254e+01
   4.8025970e+06   3.7780762e+01
   4.8275230e+06   4.7607422e+01
   4.8319050e+06   3.9733887e+01
   4.8366710e+06   4.5776367e+01
   4.8398870e+06   3.8513184e+01
   4.8538290e+06   3.8757324e+01
   4.8668310e+06   4.0954590e+01
   4.8806370e+06   3.8818359e+01
   4.9022780e+06   3.8635254e+01
   4.9106830e+06   3.8574219e+01
   4.9261060e+06   4.0771484e+01
   4.9444060e+06   3.7780762e+01
   4.9696210e+06   3.8940430e+01
   4.9718130e+06   4.0771484e+01
   4.9786770e+06   4.3884277e+01
   4.9824420e+06   4.1503906e+01
   4.9899540e+06   3.8940430e+01
   4.9949870e+06   4.0405273e+01
   4.9996250e+06   3.9001465e+01
   5.0020430e+06   4.1076660e+01
   5.0054690e+06   3.8330078e+01
   5.0072170e+06   3.9855957e+01
   5.0123920e+06   3.8024902e+01
   5.0333640e+06   4.0893555e+01
   5.0367460e+06   3.9062500e+01
   5.0539340e+06   3.9672852e+01
   5.0598490e+06   3.9306641e+01
   5.0719970e+06   4.5410156e+01
   5.0777000e+06   3.8940430e+01
   5.0942940e+06   4.6875000e+01
   5.1026840e+06   3.7841797e+01
   5.1052690e+06   4.0405273e+01
   5.1083230e+06   3.7841797e+01
   5.1097400e+06   4.2297363e+01
   5.1125580e+06   4.6447754e+01
   5.1195300e+06   4.5166016e+01
   5.1217060e+06   3.8818359e+01
   5.1455980e+06   4.0161133e+01
   5.1474850e+06   4.3640137e+01
   5.1493460e+06   3.9001465e+01
   5.1517460e+06   3.8452148e+01
   5.1540750e+06   4.3945312e+01
   5.1583540e+06   4.1381836e+01
   5.1619490e+06   4.2175293e+01
   5.1634950e+06   4.5104980e+01
   5.1747500e+06   4.1442871e+01
   5.1887600e+06   4.3701172e+01
   5.1889660e+06   3.8574219e+01
   5.2010910e+06   4.0832520e+01
   5.2102610e+06   3.7780762e+01
   5.2151350e+06   4.2297363e+01
   5.2185740e+06   4.1870117e+01
   5.2244600e+06   3.8757324e+01
   5.2282770e+06   3.8024902e+01
   5.2429940e+06   3.7658691e+01
   5.2487970e+06   3.8940430e+01
   5.2624410e+06   4.5471191e+01
   5.2641790e+06   4.1503906e+01
   5.2753380e+06   4.1381836e+01
   5.2755160e+06   3.7658691e+01
   5.2801300e+06   4.8706055e+01
   5.2865300e+06   3.9611816e+01
   5.2962880e+06   4.3212891e+01
   5.2994140e+06   4.0466309e+01
   5.3027130e+06   4.2114258e+01
   5.3080120e+06   4.1748047e+01
   5.3148510e+06   4.0466309e+01
   5.3198830e+06   3.9184570e+01
   5.3292690e+06   4.4921875e+01
   5.3319970e+06   3.8085938e+01
   5.3425090e+06   3.7841797e+01
   5.3688670e+06   4.0283203e+01
   5.3819980e+06   3.7719727e+01
   5.3881200e+06   3.8696289e+01
   5.3981740e+06   3.8513184e+01
   5.4032190e+06   4.1259766e+01
   5.4148110e+06   3.7963867e+01
   5.4852530e+06   3.8757324e+01
   5.4988040e+06   3.8024902e+01
   5.5282310e+06   3.7963867e+01
   5.5379080e+06   4.0039062e+01
   5.5473140e+06   4.3090820e+01
   5.5566920e+06   3.7963867e+01
   5.5744440e+06   3.7902832e+01
   5.5906700e+06   4.1198730e+01
   5.5930510e+06   4.2541504e+01
   5.5995860e+06   3.9367676e+01
   5.6038980e+06   4.3029785e+01
   5.6060510e+06   4.4250488e+01
   5.6137770e+06   3.8513184e+01
   5.6236020e+06   3.9672852e+01
   5.6273730e+06   4.1748047e+01
   5.6335210e+06   4.0344238e+01
   5.6355680e+06   4.0100098e+01
   5.6371260e+06   3.8574219e+01
   5.6522570e+06   3.8269043e+01
   5.6569550e+06   3.8452148e+01
   5.6590660e+06   3.8391113e+01
   5.6785050e+06   4.1992188e+01
   5.6926860e+06   3.9367676e+01
   5.7037740e+06   3.9184570e+01
   5.7157840e+06   3.8024902e+01
   5.7195190e+06   3.7902832e+01
   5.7200380e+06   3.8208008e+01
   5.7263720e+06   4.0222168e+01
   5.7303200e+06   4.2419434e+01
   5.7330170e+06   4.1381836e+01
   5.7445580e+06   3.7780762e+01
   5.7622000e+06   4.2358398e+01
   5.7648610e+06   3.9001465e+01
   5.7821710e+06   4.0222168e+01
   5.8053350e+06   3.8024902e+01
   5.8249770e+06   3.8024902e+01
   5.8444450e+06   4.2114258e+01
   5.8481420e+06   4.1198730e+01
   5.8498690e+06   4.0649414e+01
   5.8555950e+06   3.7719727e+01
   5.8614960e+06   4.0100098e+01
   5.8643670e+06   4.3701172e+01
   5.8679110e+06   4.1931152e+01
   5.8735610e+06   3.9245605e+01
   5.8788980e+06   3.8269043e+01
   5.8917420e+06   3.8879395e+01
   5.8992610e+06   3.8635254e+01
   5.9158500e+06   4.0527344e+01
   5.9202100e+06   3.8635254e+01
   5.9316690e+06   3.8757324e+01
   5.9364520e+06   4.3579102e+01
   5.9422150e+06   3.9672852e+01
   5.9523490e+06   3.8879395e+01
   5.9604570e+06   4.2114258e+01
   5.9765790e+06   3.8452148e+01
   5.9885710e+06   3.9611816e+01
   5.9906720e+06   4.7363281e+01
   5.9933140e+06   4.1687012e+01
   5.9959080e+06   4.2846680e+01
   6.0236610e+06   4.2602539e+01
   6.0277790e+06   3.9916992e+01
   6.0328390e+06   5.3894043e+01
   6.0566620e+06   3.7658691e+01
   6.0609940e+06   3.9428711e+01
   6.0667480e+06   4.0344238e+01
   6.0826120e+06   3.8024902e+01
   6.0866770e+06   4.3151855e+01
   6.0887270e+06   4.3457031e+01
   6.0928380e+06   3.8146973e+01
   6.0956860e+06   3.8208008e+01
   6.1044630e+06   3.9855957e+01
   6.1088710e+06   3.7902832e+01
   6.1144320e+06   3.8635254e+01
   6.1330470e+06   3.8024902e+01
   6.1366110e+06   3.7902832e+01
   6.1478160e+06   4.3579102e+01
   6.1594860e+06   3.9428711e+01
   6.1672180e+06   3.9916992e+01
   6.1767850e+06   3.8574219e+01
   6.1799540e+06   3.9367676e+01
   6.1807750e+06   3.7658691e+01
   6.1918950e+06   4.0954590e+01
   6.1968620e+06   4.0527344e+01
   6.1996880e+06   4.3884277e+01
   6.2219080e+06   3.7658691e+01
   6.2244090e+06   4.1198730e+01
   6.2344000e+06   3.9367676e+01
   6.2355090e+06   3.8757324e+01
   6.2387790e+06   4.1564941e+01
   6.2405320e+06   3.9428711e+01
   6.2434180e+06   4.0832520e+01
   6.2494590e+06   3.8085938e+01
   6.2540110e+06   3.8085938e+01
   6.2726670e+06   3.9428711e+01
   6.2768290e+06   3.7719727e+01
   6.2803350e+06   4.0405273e+01
   6.2920450e+06   4.6142578e+01
   6.2958780e+06   3.9306641e+01
   6.3068940e+06   4.2358398e+01
   6.3335300e+06   3.7841797e+01
   6.3490370e+06   3.8940430e+01
   6.3580880e+06   3.7963867e+01
   6.3601550e+06   3.9306641e+01
   6.3603680e+06   3.8513184e+01
   6.3700590e+06   4.0710449e+01
   6.3731540e+06   3.8879395e+01
   6.3774480e+06   4.0710449e+01
   6.3875580e+06   4.0710449e+01
   6.3877150e+06   3.8452148e+01
   6.3962980e+06   3.8635254e+01
   6.3993200e+06   3.8330078e+01
   6.4029270e+06   3.9428711e+01
   6.4076120e+06   4.0039062e+01
   6.4106550e+06   3.9123535e+01
   6.4537640e+06   4.5593262e+01
   6.4663930e+06   3.9733887e+01
   6.4716780e+06   4.1992188e+01
   6.4775740e+06   3.8574219e+01
   6.4845580e+06   3.9123535e+01
   6.4914900e+06   4.2297363e+01
   6.5193420e+06   3.8635254e+01
   6.5211550e+06   3.9184570e+01
   6.5242770e+06   4.0039062e+01
   6.5374480e+06   3.8757324e+01
   6.5657600e+06   3.9367676e+01
   6.5705460e+06   4.2480469e+01
   6.5908060e+06   4.0771484e+01
   6.5949820e+06   3.8085938e+01
   6.6028130e+06   3.8879395e+01
   6.6068120e+06   4.3212891e+01
   6.6136260e+06   4.3395996e+01
   6.6342910e+06   4.3884277e+01
   6.6376040e+06   4.6508789e+01
   6.6548940e+06   3.8513184e+01
   6.6633610e+06   4.0771484e+01
   6.6755870e+06   4.1809082e+01
   6.6781160e+06   3.9794922e+01
   6.6801810e+06   3.8818359e+01
   6.7003790e+06   3.7658691e+01
   6.7342300e+06   3.9306641e+01
   6.7402870e+06   4.4250488e+01
   6.7454400e+06   3.9794922e+01
   6.7595870e+06   4.0527344e+01
   6.7643060e+06   3.9978027e+01
   6.7713670e+06   3.8085938e+01
   6.7819360e+06   4.0588379e+01
   6.7974610e+06   4.2175293e+01
   6.8063200e+06   4.0161133e+01
   6.8108370e+06   3.8696289e+01
   6.8145400e+06   4.6386719e+01
   6.8233660e+06   3.9550781e+01
   6.8362610e+06   3.7963867e+01
   6.8521340e+06   4.7729492e+01
   6.8572460e+06   4.1625977e+01
   6.8631030e+06   3.8574219e+01
   6.8754980e+06   4.2785645e+01
   6.8765450e+06   3.8696289e+01
   6.8778110e+06   4.2358398e+01
   6.8809440e+06   3.9550781e+01
   6.8844010e+06   3.8391113e+01
   6.8882110e+06   4.2236328e+01
   6.8910360e+06   3.9794922e+01
   6.9007830e+06   4.1320801e+01
   6.9086970e+06   4.1809082e+01
   6.9161170e+06   4.1503906e+01
   6.9216490e+06   4.4372559e+01
   6.9330440e+06   4.4006348e+01
   6.9495930e+06   4.3212891e+01
   6.9575110e+06   4.4006348e+01
   6.9677210e+06   3.8330078e+01
   6.9707150e+06   3.9978027e+01
   6.9718250e+06   3.9489746e+01
   6.9784270e+06   4.1564941e+01
   6.9871170e+06   3.8757324e+01
   7.0058010e+06   3.7902832e+01
   7.0083310e+06   4.1259766e+01
   7.0106500e+06   4.6508789e+01
   7.0199380e+06   3.8085938e+01
   7.0308720e+06   3.7658691e+01
   7.0404540e+06   4.3640137e+01
   7.0559600e+06   3.8757324e+01
   7.0561800e+06   4.0222168e+01
   7.0583310e+06   4.1076660e+01
   7.0725490e+06   3.7963867e+01
   7.0909300e+06   3.7719727e+01
   7.0931560e+06   3.8635254e+01
   7.0988960e+06   3.7841797e+01
   7.1030600e+06   3.8574219e+01
   7.1088610e+06   3.9794922e+01
   7.1122180e+06   4.1625977e+01
   7.1170660e+06   4.3273926e+01
   7.1297440e+06   4.2541504e+01
   7.1461260e+06   4.1381836e+01
   7.1543600e+06   3.8452148e+01
   7.1577560e+06   3.9672852e+01
   7.1949080e+06   3.9306641e+01
   7.1949250e+06   3.8330078e+01
   7.1989490e+06   3.7963867e+01
   7.2036610e+06   4.4738770e+01
   7.2117380e+06   3.7963867e+01
   7.2119960e+06   4.1442871e+01
   7.2384880e+06   4.4067383e+01
   7.2524260e+06   3.8696289e+01
   7.2548160e+06   3.9611816e+01
   7.2590100e+06   3.8940430e+01
   7.2634480e+06   4.2236328e+01
   7.2724870e+06   3.7963867e+01
   7.2748670e+06   3.8879395e+01
   7.2799420e+06   3.9245605e+01
   7.2809370e+06   3.8391113e+01
   7.2897360e+06   4.1748047e+01
   7.2936850e+06   3.7780762e+01
   7.3087220e+06   4.3029785e+01
   7.3260450e+06   3.7658691e+01
   7.3397140e+06   3.7719727e+01
   7.3485160e+06   3.9428711e+01
   7.3730160e+06   3.9672852e+01
   7.3864010e+06   3.9428711e+01
   7.4057440e+06   4.1076660e+01
   7.4132080e+06   3.9611816e+01
   7.4325680e+06   3.9184570e+01
   7.4463460e+06   3.9062500e+01
   7.4535360e+06   3.9184570e+01
   7.4615820e+06   4.1625977e+01
   7.4646600e+06   3.9611816e+01
   7.4886710e+06   4.1320801e+01
   7.4908800e+06   3.9611816e+01
   7.4958220e+06   3.8024902e+01
   7.5099480e+06   4.1809082e+01
   7.5200710e+06   3.9489746e+01
   7.5317370e+06   3.8269043e+01
   7.5431800e+06   4.4006348e+01
   7.5562360e+06   4.5288086e+01
   7.5610040e+06   4.4738770e+01
   7.5668890e+06   3.8024902e+01
   7.5697460e+06   3.9062500e+01
   7.5827490e+06   3.9062500e+01
   7.5849880e+06   4.1015625e+01
   7.6015400e+06   3.7719727e+01
   7.6103360e+06   4.1992188e+01
   7.6204940e+06   3.8330078e+01
   7.6364880e+06   4.1870117e+01
   7.6414500e+06   4.9865723e+01
   7.6457780e+06   4.0527344e+01
   7.6499110e+06   3.8208008e+01
   7.6577160e+06   3.8696289e+01
   7.6610050e+06   4.2724609e+01
   7.6656540e+06   4.5776367e+01
   7.6722780e+06   3.9916992e+01
   7.6737860e+06   3.9855957e+01
   7.6740000e+06   4.2968750e+01
   7.6782520e+06   3.8269043e+01
   7.6820010e+06   3.9978027e+01
   7.6981770e+06   4.4433594e+01
   7.7133850e+06   4.0222168e+01
   7.7180490e+06   4.2236328e+01
   7.7432950e+06   4.0344238e+01
   7.7690240e+06   3.8146973e+01
   7.7859920e+06   4.3762207e+01
   7.7877080e+06   3.7719727e+01
   7.8020840e+06   3.9123535e+01
   7.8066300e+06   3.9855957e+01
   7.8167590e+06   3.8085938e+01
   7.8186140e+06   3.9428711e+01
   7.8205010e+06   3.9611816e+01
   7.8372460e+06   3.8879395e+01
   7.8421560e+06   3.8024902e+01
   7.8586960e+06   4.1931152e+01
   7.8743260e+06   3.8452148e+01
   7.8793610e+06   3.8269043e+01
   7.8951780e+06   4.0344238e+01
   7.8971680e+06   4.0588379e+01
   7.9056830e+06   3.8452148e+01
   7.9414650e+06   4.3151855e+01
   7.9592820e+06   3.8146973e+01
   7.9743580e+06   3.9001465e+01
   7.9853550e+06   3.7841797e+01
   7.9938050e+06   3.9001465e+01
   7.9988690e+06   3.9855957e+01
   8.0018320e+06   3.8085938e+01
   8.0037720e+06   3.9489746e+01
   8.0123110e+06   3.8269043e+01
   8.0250300e+06   4.0039062e+01
   8.0331890e+06   4.3029785e+01
   8.0388490e+06   4.1076660e+01
   8.0461590e+06   3.9489746e+01
   8.0543580e+06   3.8269043e+01
   8.0731030e+06   4.4067383e+01
   8.0765660e+06   3.8635254e+01
   8.0882480e+06   4.0161133e+01
   8.1005130e+06   4.0832520e+01
   8.1027200e+06   3.9123535e+01
   8.1093520e+06   3.8513184e+01
   8.1213350e+06   4.2053223e+01
   8.1374960e+06   4.0771484e+01
   8.1421200e+06   3.8513184e+01
   8.1438740e+06   4.3884277e+01
   8.1520550e+06   3.9855957e+01
   8.1608730e+06   4.7912598e+01
   8.1672420e+06   4.1931152e+01
   8.1772290e+06   3.8452148e+01
   8.1794070e+06   4.0100098e+01
   8.1813800e+06   4.1381836e+01
   8.1843440e+06   3.8269043e+01
   8.1865920e+06   4.9987793e+01
   8.1925800e+06   3.9672852e+01
   8.2036610e+06   3.7902832e+01
   8.2067760e+06   3.8269043e+01
   8.2076330e+06   4.1381836e+01
   8.2218250e+06   3.9916992e+01
   8.2270790e+06   3.7780762e+01
   8.2310320e+06   3.9001465e+01
   8.2360750e+06   3.9916992e+01
   8.2362240e+06   4.5654297e+01
   8.2400170e+06   4.2968750e+01
   8.2449290e+06   4.1564941e+01
   8.2509740e+06   3.9733887e+01
   8.2538660e+06   4.3029785e+01
   8.2787710e+06   3.8024902e+01
   8.2849940e+06   4.3212891e+01
   8.2941260e+06   3.8574219e+01
   8.3106180e+06   3.8818359e+01
   8.3224290e+06   3.8208008e+01
   8.3383740e+06   4.5288086e+01
   8.3527450e+06   4.2907715e+01
   8.3760460e+06   3.8146973e+01
   8.3900770e+06   3.9550781e+01
   8.4129740e+06   4.9987793e+01
   8.4165920e+06   3.9978027e+01
   8.4257320e+06   4.6325684e+01
   8.4290270e+06   3.8391113e+01
   8.4434640e+06   3.8085938e+01
   8.4707920e+06   3.8452148e+01
   8.4783580e+06   3.7902832e+01
   8.4825140e+06   3.8635254e+01
   8.4885070e+06   4.1198730e+01
   8.4961190e+06   4.4311523e+01
   8.4986050e+06   4.0466309e+01
   8.5017580e+06   3.8940430e+01
   8.5067480e+06   4.2358398e+01
   8.5177740e+06   4.1687012e+01
   8.5327350e+06   3.7658691e+01
   8.5502680e+06   3.8940430e+01
   8.5694520e+06   3.9001465e+01
   8.5880630e+06   3.8513184e+01
   8.5928930e+06   3.8879395e+01
   8.6042090e+06   3.8757324e+01
   8.6141850e+06   3.8574219e+01
   8.6245760e+06   4.0710449e+01
   8.6270700e+06   3.8024902e+01
   8.6324940e+06   4.9438477e+01
   8.6335910e+06   3.9245605e+01
   8.6618280e+06   4.1137695e+01
   8.6784810e+06   3.9306641e+01
   8.6803450e+06   4.0344238e+01
   8.6880400e+06   3.8024902e+01
   8.6910900e+06   3.8024902e+01
   8.6996910e+06   3.8757324e+01
   8.7444660e+06   3.7658691e+01
   8.7446470e+06   4.0832520e+01
   8.7634910e+06   3.9611816e+01
   8.7652790e+06   4.2480469e+01
   8.7810850e+06   4.0039062e+01
   8.7913080e+06   3.8085938e+01
   8.7969720e+06   3.9978027e+01
   8.8149510e+06   3.9062500e+01
   8.8238730e+06   3.8024902e+01
   8.8256570e+06   3.9123535e+01
   8.8301410e+06   3.9733887e+01
   8.8385290e+06   3.7658691e+01
   8.8627310e+06   3.8269043e+01
   8.8681070e+06   3.9123535e+01
   8.9001230e+06   4.0771484e+01
   8.9035780e+06   3.9978027e+01
   8.9079950e+06   3.9550781e+01
   8.9193240e+06   4.0161133e+01
   8.9309880e+06   3.8452148e+01
   8.9447440e+06   3.8146973e+01
   8.9501290e+06   5.1208496e+01
   8.9503510e+06   3.8696289e+01
   8.9588370e+06   4.0222168e+01
   8.9769700e+06   3.9001465e+01
   8.9789630e+06   3.9001465e+01
   8.9842890e+06   3.9794922e+01
