   8.9990000e+06   0.0000000e+00
   4.2272800e+05   4.1992188e+01
   4.6095200e+05   3.9550781e+01
   9.5836400e+05   4.1259766e+01
   1.0051300e+06   3.9550781e+01
   1.1550190e+06   4.0527344e+01
   1.4166390e+06   3.9367676e+01
   1.5964780e+06   3.9428711e+01
   1.9271630e+06   3.9794922e+01
   2.0342440e+06   4.1687012e+01
   3.0578690e+06   4.0405273e+01
   3.1208050e+06   4.0893555e+01
   3.2846230e+06   4.1748047e+01
   3.6268150e+06   4.0222168e+01
   3.9211130e+06   4.0344238e+01
   4.0699460e+06   4.0527344e+01
   4.1004150e+06   3.9733887e+01
   4.3186740e+06   3.9367676e+01
   4.4768480e+06   4.0405273e+01
   4.5272690e+06   4.1442871e+01
   4.5530140e+06   3.9672852e+01
   4.8164820e+06   4.1809082e+01
   4.8677840e+06   3.9367676e+01
   5.0823200e+06   4.0161133e+01
   5.4575420e+06   3.9672852e+01
   5.7443360e+06   4.0649414e+01
   5.8468630e+06   4.0100098e+01
   6.2481270e+06   3.9489746e+01
   6.3940920e+06   4.4372559e+01
   6.4133530e+06   4.0405273e+01
   6.6267610e+06   4.0161133e+01
   6.6339740e+06   4.1564941e+01
   6.6814340e+06   3.9611816e+01
   6.9494420e+06   4.0466309e+01
   7.0517330e+06   4.0161133e+01
   7.3053540e+06   4.2785645e+01
   7.3989120e+06   4.0649414e+01
   7.5271450e+06   4.5776367e+01
   7.8960770e+06   4.4250488e+01
   8.2737400e+06   4.1076660e+01
   8.7250140e+06   4.2785645e+01
   8.7815760e+06   4.2114258e+01
