   8.9990000e+06   0.0000000e+00
   1.1194370e+06   4.1687012e+01
   1.5275040e+06   4.1259766e+01
   3.8202010e+06   5.2185059e+01
   4.1525900e+06   4.9682617e+01
   4.2271330e+06   4.9072266e+01
   4.3990520e+06   5.7922363e+01
   4.4072840e+06   4.2114258e+01
   4.4225740e+06   5.5053711e+01
   4.4439120e+06   5.4260254e+01
   4.5171010e+06   5.8959961e+01
   4.6104080e+06   4.8217773e+01
   4.6646840e+06   4.2114258e+01
   4.7121360e+06   5.1330566e+01
   4.7444960e+06   5.0537109e+01
   4.7626540e+06   4.5593262e+01
   4.7632020e+06   4.9316406e+01
   4.7634510e+06   4.1931152e+01
   4.8133260e+06   5.7250977e+01
   4.8364160e+06   4.2907715e+01
   4.8797500e+06   5.2856445e+01
   4.9001580e+06   4.6325684e+01
   4.9006730e+06   4.3884277e+01
   4.9770420e+06   5.5847168e+01
   5.1131860e+06   5.5114746e+01
   5.1138340e+06   4.5776367e+01
   5.1590980e+06   5.5725098e+01
   7.2173490e+06   4.1076660e+01
   7.8418280e+06   5.8227539e+01
   8.2483850e+06   5.5114746e+01
   8.2716160e+06   4.9560547e+01
   8.4139460e+06   4.1687012e+01
   8.9731290e+06   4.5410156e+01
