   8.9990000e+06   0.0000000e+00
   1.4498000e+04   5.8532715e+01
   1.9918000e+04   5.1147461e+01
   2.3682000e+04   5.7617188e+01
   2.4097000e+04   4.0039062e+01
   3.3899000e+04   5.5847168e+01
   3.4038000e+04   5.4992676e+01
   3.4282000e+04   4.2480469e+01
   4.4275000e+04   4.9133301e+01
   6.9503000e+04   4.6386719e+01
   7.1222000e+04   4.6630859e+01
   7.1564000e+04   4.0771484e+01
   8.9383000e+04   4.8828125e+01
   9.2180000e+04   5.1940918e+01
   1.0783000e+05   5.5603027e+01
   1.0868600e+05   4.0039062e+01
   1.2687600e+05   6.1340332e+01
   1.2752600e+05   5.4687500e+01
   1.2772300e+05   5.4016113e+01
   1.2785500e+05   4.2114258e+01
   1.3412000e+05   4.6081543e+01
   1.6109100e+05   4.0222168e+01
   1.6303100e+05   6.1462402e+01
   1.6541200e+05   4.3334961e+01
   1.6785500e+05   5.3955078e+01
   1.6806700e+05   4.5776367e+01
   1.7752100e+05   4.6997070e+01
   1.7817800e+05   5.4504395e+01
   1.9479800e+05   5.7861328e+01
   1.9581400e+05   4.9560547e+01
   2.0383500e+05   4.0222168e+01
   2.1980500e+05   4.0527344e+01
   2.3443100e+05   5.3527832e+01
   2.4208900e+05   4.1137695e+01
   2.4695600e+05   5.2185059e+01
   2.6457800e+05   4.3884277e+01
   2.8733700e+05   4.6081543e+01
   2.8781900e+05   4.1931152e+01
   2.8812900e+05   4.5593262e+01
   2.8842000e+05   5.9387207e+01
   2.9922400e+05   4.6508789e+01
   3.1916500e+05   4.4616699e+01
   3.2518700e+05   5.7861328e+01
   3.2577500e+05   5.7739258e+01
   3.3370500e+05   1.3970947e+02
   3.3979200e+05   4.2907715e+01
   3.4019900e+05   5.0842285e+01
   3.4599300e+05   5.9509277e+01
   3.4649500e+05   5.2001953e+01
   3.6997600e+05   4.9133301e+01
   3.7804000e+05   4.8645020e+01
   3.8336000e+05   5.6823730e+01
   3.9858300e+05   4.4616699e+01
   3.9935400e+05   4.9438477e+01
   4.2055800e+05   5.3649902e+01
   4.2611000e+05   5.2429199e+01
   4.3265500e+05   4.6264648e+01
   4.3751600e+05   4.9194336e+01
   4.3800100e+05   5.2673340e+01
   4.3843800e+05   4.9011230e+01
   4.3872700e+05   4.0283203e+01
   4.4652800e+05   5.5358887e+01
   4.5514900e+05   4.4738770e+01
   4.5587600e+05   4.5471191e+01
   4.8342700e+05   4.0405273e+01
   5.1323700e+05   5.6579590e+01
   5.2211400e+05   5.5541992e+01
   5.2235200e+05   4.3884277e+01
   5.2912800e+05   1.5802002e+02
   5.3803100e+05   4.6081543e+01
   5.6314400e+05   5.9204102e+01
   5.6338400e+05   6.0913086e+01
   5.6676500e+05   5.7922363e+01
   5.6710500e+05   4.3762207e+01
   5.8095400e+05   5.0659180e+01
   5.8213000e+05   6.5917969e+01
   5.8251700e+05   5.2490234e+01
   5.8364800e+05   4.6936035e+01
   5.8644700e+05   5.2062988e+01
   5.9089000e+05   4.6203613e+01
   6.0087200e+05   4.3884277e+01
   6.1512600e+05   5.0354004e+01
   6.2291000e+05   6.4147949e+01
   6.4652700e+05   5.2917480e+01
   6.5501100e+05   5.1879883e+01
   6.5523200e+05   6.2744141e+01
   6.6927500e+05   5.5725098e+01
   6.6966900e+05   4.2480469e+01
   6.8368700e+05   5.4565430e+01
   6.8410400e+05   5.0170898e+01
   6.8910500e+05   5.3039551e+01
   6.8924600e+05   5.6091309e+01
   6.9433500e+05   4.7424316e+01
   6.9481100e+05   4.2419434e+01
   7.1478900e+05   4.7546387e+01
   7.2436200e+05   6.9152832e+01
   7.2871200e+05   5.5908203e+01
   7.2891900e+05   5.7556152e+01
   7.4028700e+05   5.7556152e+01
   7.5474800e+05   4.9865723e+01
   7.5702000e+05   1.4410400e+02
   7.6701600e+05   4.5349121e+01
   7.9233600e+05   4.0161133e+01
   7.9291800e+05   4.8950195e+01
   8.0829300e+05   5.5053711e+01
   8.1324400e+05   4.4250488e+01
   8.3397700e+05   5.0354004e+01
   8.3411800e+05   5.6396484e+01
   8.3429400e+05   6.1523437e+01
   8.4007400e+05   4.2907715e+01
   8.6448000e+05   4.4738770e+01
   8.6478100e+05   4.2236328e+01
   8.6490200e+05   4.2114258e+01
   8.7378100e+05   5.7800293e+01
   8.8610800e+05   4.5471191e+01
   8.8912300e+05   5.5847168e+01
   9.0676700e+05   4.0039062e+01
   9.3284800e+05   4.7424316e+01
   9.3363200e+05   6.3964844e+01
   9.4764300e+05   4.6081543e+01
   9.5780700e+05   4.9560547e+01
   9.6106800e+05   1.6021729e+02
   9.6428400e+05   5.8654785e+01
   9.7587500e+05   5.1269531e+01
   9.8218000e+05   5.3405762e+01
   9.8923700e+05   5.4016113e+01
   9.8941300e+05   4.4982910e+01
   1.0047950e+06   4.9926758e+01
   1.0148770e+06   4.8767090e+01
   1.0277160e+06   5.1635742e+01
   1.0281680e+06   4.9133301e+01
   1.0366250e+06   6.0668945e+01
   1.0369320e+06   4.3640137e+01
   1.0508960e+06   5.9082031e+01
   1.0551110e+06   4.0649414e+01
   1.0625980e+06   5.2795410e+01
   1.0627940e+06   5.2795410e+01
   1.0631450e+06   4.9987793e+01
   1.0773880e+06   4.8278809e+01
   1.0777610e+06   4.1992188e+01
   1.0891340e+06   5.9265137e+01
   1.0983060e+06   4.5288086e+01
   1.0988010e+06   4.1320801e+01
   1.1052300e+06   5.7556152e+01
   1.1055510e+06   5.4504395e+01
   1.1132970e+06   5.9814453e+01
   1.1202350e+06   5.4748535e+01
   1.1205070e+06   4.7912598e+01
   1.1208150e+06   5.6335449e+01
   1.1209040e+06   4.6997070e+01
   1.1213850e+06   8.5388184e+01
   1.1215460e+06   4.3579102e+01
   1.1216140e+06   5.3466797e+01
   1.1218330e+06   4.5410156e+01
   1.1345260e+06   4.5227051e+01
   1.1359040e+06   4.0710449e+01
   1.1599680e+06   5.3039551e+01
   1.1646890e+06   4.4738770e+01
   1.1755290e+06   4.7851562e+01
   1.1759690e+06   4.9072266e+01
   1.1762300e+06   1.5167236e+02
   1.1767080e+06   4.0222168e+01
   1.1807480e+06   5.1696777e+01
   1.1812570e+06   1.5130615e+02
   1.1813510e+06   7.8979492e+01
   1.1879360e+06   4.9804688e+01
   1.1962040e+06   4.8583984e+01
   1.1963640e+06   5.1025391e+01
   1.1965290e+06   4.0954590e+01
   1.2124770e+06   5.4809570e+01
   1.2298640e+06   8.6669922e+01
   1.2309340e+06   5.8959961e+01
   1.2333270e+06   4.0771484e+01
   1.2463470e+06   4.5593262e+01
   1.2589580e+06   4.1137695e+01
   1.2856340e+06   4.7241211e+01
   1.2912110e+06   5.3039551e+01
   1.2913350e+06   4.6020508e+01
   1.2973650e+06   5.9753418e+01
   1.3015460e+06   5.4687500e+01
   1.3124470e+06   6.0607910e+01
   1.3135900e+06   5.0476074e+01
   1.3139070e+06   4.9133301e+01
   1.3232850e+06   6.3781738e+01
   1.3234800e+06   5.5786133e+01
   1.3236130e+06   4.2480469e+01
   1.3304150e+06   4.2175293e+01
   1.3494640e+06   6.2927246e+01
   1.3546500e+06   5.0720215e+01
   1.3549780e+06   4.4128418e+01
   1.3786170e+06   4.7912598e+01
   1.3947130e+06   6.0607910e+01
   1.3949460e+06   4.3884277e+01
   1.4011270e+06   4.8828125e+01
   1.4116150e+06   4.0649414e+01
   1.4230090e+06   5.3710937e+01
   1.4264690e+06   5.0537109e+01
   1.4267900e+06   4.2419434e+01
   1.4411070e+06   5.4565430e+01
   1.4416190e+06   1.5869141e+02
   1.4490170e+06   4.4921875e+01
   1.4491660e+06   4.3273926e+01
   1.4511950e+06   4.1503906e+01
   1.4758840e+06   1.5496826e+02
   1.4760520e+06   4.4433594e+01
   1.4791830e+06   5.9936523e+01
   1.4796580e+06   4.9194336e+01
   1.4988170e+06   6.2377930e+01
   1.4989160e+06   5.3527832e+01
   1.4995240e+06   4.7241211e+01
   1.4997260e+06   4.3945312e+01
   1.5025970e+06   4.6447754e+01
   1.5085360e+06   5.3894043e+01
   1.5219140e+06   5.6640625e+01
   1.5291550e+06   4.4189453e+01
   1.5296150e+06   4.7668457e+01
   1.5337520e+06   5.2368164e+01
   1.5345100e+06   4.3823242e+01
   1.5349540e+06   5.1940918e+01
   1.5351230e+06   4.8400879e+01
   1.5356700e+06   4.1931152e+01
   1.5363920e+06   1.4379883e+02
   1.5365160e+06   9.0515137e+01
   1.5515210e+06   4.9011230e+01
   1.5521820e+06   5.0170898e+01
   1.5596830e+06   4.9499512e+01
   1.5640180e+06   4.9438477e+01
   1.5797790e+06   4.7546387e+01
   1.5825540e+06   4.0222168e+01
   1.5832300e+06   4.6508789e+01
   1.5834600e+06   1.4624023e+02
   1.5837620e+06   1.2292480e+02
   1.5891940e+06   6.5002441e+01
   1.5895490e+06   4.3334961e+01
   1.5974170e+06   5.8288574e+01
   1.5978160e+06   4.1198730e+01
   1.6165010e+06   4.5349121e+01
   1.6168400e+06   4.0283203e+01
   1.6236060e+06   4.2724609e+01
   1.6305930e+06   4.3212891e+01
   1.6395560e+06   4.3579102e+01
   1.6400440e+06   4.2114258e+01
   1.6495470e+06   5.8410645e+01
   1.6638540e+06   5.0598145e+01
   1.6789540e+06   4.4555664e+01
   1.6855000e+06   4.1809082e+01
   1.6858410e+06   4.1931152e+01
   1.6951630e+06   4.5166016e+01
   1.6953230e+06   1.5112305e+02
   1.7035110e+06   1.5435791e+02
   1.7068130e+06   5.6274414e+01
   1.7074230e+06   5.4870605e+01
   1.7098520e+06   4.2724609e+01
   1.7103230e+06   4.1381836e+01
   1.7279900e+06   5.4077148e+01
   1.7349100e+06   5.2795410e+01
   1.7372220e+06   5.6579590e+01
   1.7378270e+06   1.4385986e+02
   1.7462810e+06   5.3955078e+01
   1.7464220e+06   5.1696777e+01
   1.7477820e+06   4.5043945e+01
   1.7572730e+06   5.4321289e+01
   1.7574810e+06   1.4575195e+02
   1.7576050e+06   8.2580566e+01
   1.7702470e+06   4.1809082e+01
   1.7716810e+06   4.7973633e+01
   1.7719930e+06   4.3273926e+01
   1.7720900e+06   4.3579102e+01
   1.7803560e+06   5.4260254e+01
   1.7819020e+06   4.2602539e+01
   1.7922780e+06   4.9499512e+01
   1.7922960e+06   4.8767090e+01
   1.7925480e+06   4.1259766e+01
   1.7926870e+06   4.0771484e+01
   1.7935690e+06   4.1381836e+01
   1.7940800e+06   6.5856934e+01
   1.7943350e+06   1.3616943e+02
   1.8060280e+06   4.7363281e+01
   1.8251610e+06   4.7058105e+01
   1.8266000e+06   4.9743652e+01
   1.8270670e+06   1.4379883e+02
   1.8432660e+06   4.8583984e+01
   1.8464180e+06   4.7119141e+01
   1.8501580e+06   7.0190430e+01
   1.8690350e+06   4.3518066e+01
   1.8888310e+06   4.8706055e+01
   1.8893650e+06   4.3701172e+01
   1.8997360e+06   6.0180664e+01
   1.8998940e+06   1.4996338e+02
   1.9097340e+06   4.4616699e+01
   1.9124310e+06   4.6875000e+01
   1.9291910e+06   4.0466309e+01
   1.9406050e+06   5.7678223e+01
   1.9407890e+06   5.0537109e+01
   1.9410610e+06   4.1809082e+01
   1.9416830e+06   1.4776611e+02
   1.9478980e+06   4.8400879e+01
   1.9482590e+06   4.2541504e+01
   1.9647060e+06   5.5236816e+01
   1.9702070e+06   4.1564941e+01
   1.9757520e+06   1.4300537e+02
   1.9821260e+06   4.0100098e+01
   1.9885530e+06   6.3720703e+01
   1.9887070e+06   4.4311523e+01
   1.9931510e+06   4.3823242e+01
   2.0018940e+06   4.0527344e+01
   2.0058320e+06   5.2001953e+01
   2.0061630e+06   4.4372559e+01
   2.0136980e+06   5.1818848e+01
   2.0207300e+06   4.5104980e+01
   2.0290480e+06   1.3800049e+02
   2.0373070e+06   4.8034668e+01
   2.0376000e+06   1.3488770e+02
   2.0377390e+06   1.0034180e+02
   2.0435980e+06   5.0659180e+01
   2.0555860e+06   5.0720215e+01
   2.0560160e+06   4.7729492e+01
   2.0630180e+06   4.7241211e+01
   2.0633660e+06   4.1503906e+01
   2.0645690e+06   5.5114746e+01
   2.0711430e+06   1.4282227e+02
   2.0717950e+06   5.2246094e+01
   2.0875440e+06   4.4616699e+01
   2.1030320e+06   1.3537598e+02
   2.1071610e+06   4.9987793e+01
   2.1072720e+06   6.2377930e+01
   2.1102230e+06   4.9682617e+01
   2.1176840e+06   1.3165283e+02
   2.1303860e+06   4.7424316e+01
   2.1424740e+06   1.4123535e+02
   2.1436730e+06   5.7312012e+01
   2.1444910e+06   5.9326172e+01
   2.1500460e+06   5.0964355e+01
   2.1562880e+06   6.0424805e+01
   2.1629680e+06   5.4382324e+01
   2.1631390e+06   4.2541504e+01
   2.1633160e+06   4.4555664e+01
   2.1635630e+06   4.0161133e+01
   2.1637270e+06   7.9589844e+01
   2.1637700e+06   5.0659180e+01
   2.1643450e+06   4.4982910e+01
   2.1651070e+06   4.3273926e+01
   2.1658850e+06   1.4666748e+02
   2.1660050e+06   7.9589844e+01
   2.1686230e+06   4.6936035e+01
   2.1877150e+06   4.5166016e+01
   2.1881840e+06   4.6447754e+01
   2.1922630e+06   6.7138672e+01
   2.1937810e+06   4.7973633e+01
   2.2058570e+06   4.0405273e+01
   2.2181210e+06   1.4813232e+02
   2.2205980e+06   4.3762207e+01
   2.2211550e+06   5.4809570e+01
   2.2294530e+06   4.0527344e+01
   2.2311360e+06   6.6406250e+01
   2.2464590e+06   5.2246094e+01
   2.2597180e+06   5.5419922e+01
   2.2600060e+06   4.5593262e+01
   2.2605800e+06   5.1208496e+01
   2.2648020e+06   4.3273926e+01
   2.2651100e+06   4.3945312e+01
   2.2678300e+06   5.5114746e+01
   2.2821770e+06   4.9743652e+01
   2.2822800e+06   1.4282227e+02
   2.2835490e+06   1.3336182e+02
   2.2836460e+06   5.7617188e+01
   2.2846770e+06   4.3457031e+01
   2.2872460e+06   7.0373535e+01
   2.2890920e+06   4.2297363e+01
   2.2944100e+06   5.2062988e+01
   2.2946510e+06   4.0710449e+01
   2.3044820e+06   4.1381836e+01
   2.3076450e+06   1.5295410e+02
   2.3078520e+06   1.0418701e+02
   2.3160020e+06   4.7180176e+01
   2.3161940e+06   4.9804687e+01
   2.3165050e+06   4.8583984e+01
   2.3243350e+06   4.9133301e+01
   2.3289280e+06   5.8288574e+01
   2.3396280e+06   5.3894043e+01
   2.3424240e+06   7.1411133e+01
   2.3547520e+06   4.4250488e+01
   2.3595770e+06   4.3640137e+01
   2.3610460e+06   5.1330566e+01
   2.3768410e+06   5.9631348e+01
   2.3769530e+06   5.0170898e+01
   2.3808180e+06   4.9377441e+01
   2.3810800e+06   4.3212891e+01
   2.3991650e+06   4.7119141e+01
   2.4066930e+06   4.1564941e+01
   2.4090890e+06   5.8776855e+01
   2.4210880e+06   5.4077148e+01
   2.4262840e+06   4.6936035e+01
   2.4427050e+06   5.9082031e+01
   2.4430680e+06   4.9560547e+01
   2.4511260e+06   4.9377441e+01
   2.4626170e+06   4.2968750e+01
   2.4747900e+06   5.0109863e+01
   2.4810400e+06   4.5776367e+01
   2.4838600e+06   5.1025391e+01
   2.4880800e+06   1.5686035e+02
   2.4931370e+06   5.0292969e+01
   2.4979780e+06   5.4870605e+01
   2.4983500e+06   4.6142578e+01
   2.5014030e+06   5.1574707e+01
   2.5058340e+06   1.4282227e+02
   2.5205110e+06   4.9133301e+01
   2.5304440e+06   1.4648438e+02
   2.5352270e+06   5.3710937e+01
   2.5354280e+06   4.0405273e+01
   2.5355720e+06   4.2724609e+01
   2.5363170e+06   1.3818359e+02
   2.5417350e+06   4.4128418e+01
   2.5540810e+06   1.3360596e+02
   2.5541760e+06   7.6049805e+01
   2.5647760e+06   4.2114258e+01
   2.5793300e+06   5.6579590e+01
   2.5841230e+06   4.0893555e+01
   2.6064670e+06   4.1992188e+01
   2.6094470e+06   5.7067871e+01
   2.6100360e+06   4.9011230e+01
   2.6101870e+06   1.5264893e+02
   2.6102630e+06   4.5776367e+01
   2.6104690e+06   4.5776367e+01
   2.6253300e+06   4.6386719e+01
   2.6404130e+06   5.7373047e+01
   2.6437380e+06   5.0720215e+01
   2.6454200e+06   5.5297852e+01
   2.6607130e+06   4.4616699e+01
   2.6653610e+06   1.5087891e+02
   2.6691460e+06   4.7973633e+01
   2.6694490e+06   4.6875000e+01
   2.6695500e+06   4.1503906e+01
   2.6818780e+06   4.8156738e+01
   2.6831940e+06   5.3833008e+01
   2.6834650e+06   4.4860840e+01
   2.6840990e+06   4.3945312e+01
   2.6850570e+06   4.6630859e+01
   2.7010640e+06   4.7119141e+01
   2.7025090e+06   5.5969238e+01
   2.7030020e+06   5.4077148e+01
   2.7136010e+06   1.4044189e+02
   2.7136960e+06   8.2153320e+01
   2.7164010e+06   4.8034668e+01
   2.7171900e+06   5.1696777e+01
   2.7236930e+06   4.2846680e+01
   2.7440810e+06   4.2541504e+01
   2.7495050e+06   6.2866211e+01
   2.7516420e+06   5.2551270e+01
   2.7518790e+06   5.1757812e+01
   2.7520150e+06   4.0588379e+01
   2.7595800e+06   4.3029785e+01
   2.7601230e+06   4.8828125e+01
   2.7709160e+06   5.0598145e+01
   2.7816860e+06   1.4227295e+02
   2.7846530e+06   4.1564941e+01
   2.7856750e+06   5.3405762e+01
   2.7923920e+06   6.4270020e+01
   2.7934630e+06   1.3122559e+02
   2.7935510e+06   4.1320801e+01
   2.8068210e+06   5.3466797e+01
   2.8074650e+06   4.8645020e+01
   2.8083660e+06   4.9682617e+01
   2.8118920e+06   4.9621582e+01
   2.8330960e+06   5.4138184e+01
   2.8332100e+06   4.3334961e+01
   2.8335260e+06   4.1198730e+01
   2.8335520e+06   4.7485352e+01
   2.8359390e+06   1.3916016e+02
   2.8431000e+06   1.7150879e+02
   2.8431900e+06   7.1594238e+01
   2.8439650e+06   8.8256836e+01
   2.8526350e+06   5.5664062e+01
   2.8688660e+06   5.7434082e+01
   2.8730460e+06   4.7058105e+01
   2.8733300e+06   4.4372559e+01
   2.8880230e+06   1.2988281e+02
   2.8910400e+06   4.9072266e+01
   2.8961950e+06   5.1513672e+01
   2.9116790e+06   4.1381836e+01
   2.9129710e+06   1.4123535e+02
   2.9159480e+06   4.5471191e+01
   2.9207400e+06   1.3531494e+02
   2.9208380e+06   5.5480957e+01
   2.9235900e+06   4.7851562e+01
   2.9242650e+06   4.9621582e+01
   2.9313580e+06   4.2602539e+01
   2.9520240e+06   4.0161133e+01
   2.9526250e+06   4.7424316e+01
   2.9536390e+06   5.3649902e+01
   2.9661600e+06   5.3466797e+01
   2.9663470e+06   5.9326172e+01
   2.9667200e+06   1.4849854e+02
   2.9668510e+06   9.8144531e+01
   2.9706070e+06   5.3161621e+01
   2.9869180e+06   5.0720215e+01
   2.9885070e+06   5.1574707e+01
   2.9887900e+06   1.1560059e+02
   2.9890930e+06   8.2336426e+01
   2.9894190e+06   4.3945312e+01
   2.9897650e+06   4.7241211e+01
   2.9899320e+06   8.2641602e+01
   2.9935800e+06   4.5288086e+01
   3.0050110e+06   4.7119141e+01
   3.0053050e+06   4.4677734e+01
   3.0055240e+06   4.5593262e+01
   3.0067170e+06   5.2001953e+01
   3.0087250e+06   5.4077148e+01
   3.0277200e+06   4.0710449e+01
   3.0376480e+06   4.5349121e+01
   3.0388860e+06   5.7434082e+01
   3.0392250e+06   4.6813965e+01
   3.0402550e+06   1.4288330e+02
   3.0403680e+06   7.5988770e+01
   3.0409520e+06   9.6923828e+01
   3.0427250e+06   4.4189453e+01
   3.0498130e+06   7.0251465e+01
   3.0620550e+06   4.0527344e+01
   3.0642660e+06   4.0161133e+01
   3.0691800e+06   4.3884277e+01
   3.0713460e+06   6.2622070e+01
   3.0715400e+06   5.2612305e+01
   3.0815230e+06   1.3928223e+02
   3.0860130e+06   4.6630859e+01
   3.0863340e+06   5.6457520e+01
   3.0968100e+06   6.0729980e+01
   3.1069130e+06   4.5410156e+01
   3.1176900e+06   5.2795410e+01
   3.1272170e+06   1.3183594e+02
   3.1282600e+06   4.1320801e+01
   3.1286280e+06   4.0161133e+01
   3.1295720e+06   4.9560547e+01
   3.1297350e+06   4.9987793e+01
   3.1298600e+06   4.1320801e+01
   3.1305500e+06   4.7668457e+01
   3.1399170e+06   4.8400879e+01
   3.1439550e+06   4.0039062e+01
   3.1540660e+06   1.4190674e+02
   3.1625980e+06   4.2114258e+01
   3.1772800e+06   4.8889160e+01
   3.1780500e+06   5.2734375e+01
   3.1829460e+06   1.4709473e+02
   3.1872920e+06   4.2419434e+01
   3.1947990e+06   5.4687500e+01
   3.2063180e+06   5.1330566e+01
   3.2065050e+06   4.9377441e+01
   3.2069190e+06   1.4080811e+02
   3.2103470e+06   4.0222168e+01
   3.2260230e+06   4.2358398e+01
   3.2327660e+06   5.5358887e+01
   3.2332660e+06   5.0720215e+01
   3.2440820e+06   4.9926758e+01
   3.2475090e+06   6.2866211e+01
   3.2477430e+06   4.9194336e+01
   3.2562000e+06   5.3039551e+01
   3.2573200e+06   5.1757813e+01
   3.2576290e+06   4.2846680e+01
   3.2577840e+06   4.1381836e+01
   3.2591830e+06   1.4459229e+02
   3.2626020e+06   1.3879395e+02
   3.2656890e+06   4.6569824e+01
   3.2659370e+06   5.7983398e+01
   3.2667590e+06   4.3640137e+01
   3.2731390e+06   4.7241211e+01
   3.2737560e+06   4.2053223e+01
   3.2754340e+06   5.0476074e+01
   3.2787240e+06   1.5148926e+02
   3.2888040e+06   1.3952637e+02
   3.2925850e+06   1.3482666e+02
   3.2958630e+06   4.4433594e+01
   3.2961650e+06   4.2785645e+01
   3.3079010e+06   4.4677734e+01
   3.3080770e+06   4.4372559e+01
   3.3081880e+06   4.4067383e+01
   3.3085210e+06   1.4691162e+02
   3.3086220e+06   7.8552246e+01
   3.3189950e+06   4.0893555e+01
   3.3193570e+06   4.2419434e+01
   3.3280930e+06   5.2246094e+01
   3.3282490e+06   5.1940918e+01
   3.3367860e+06   6.0058594e+01
   3.3420790e+06   5.0720215e+01
   3.3621170e+06   4.9621582e+01
   3.3625280e+06   4.2663574e+01
   3.3643060e+06   1.4953613e+02
   3.3693910e+06   1.5008545e+02
   3.3708970e+06   6.2255859e+01
   3.3712400e+06   4.9072266e+01
   3.4006100e+06   4.0588379e+01
   3.4091980e+06   4.0039062e+01
   3.4224520e+06   4.5227051e+01
   3.4407010e+06   5.2795410e+01
   3.4421070e+06   4.7424316e+01
   3.4669770e+06   4.4372559e+01
   3.4815010e+06   4.0710449e+01
   3.4829550e+06   5.3527832e+01
   3.4843000e+06   4.6020508e+01
   3.4893100e+06   1.4758301e+02
   3.4895570e+06   1.0491943e+02
   3.4897640e+06   4.0588379e+01
   3.4939150e+06   4.6447754e+01
   3.5043380e+06   4.0649414e+01
   3.5076130e+06   4.9621582e+01
   3.5078680e+06   5.6213379e+01
   3.5201910e+06   4.8889160e+01
   3.5227210e+06   5.1513672e+01
   3.5230690e+06   5.7189941e+01
   3.5232740e+06   4.8095703e+01
   3.5309200e+06   4.8706055e+01
   3.5529590e+06   4.8217773e+01
   3.5637990e+06   4.1076660e+01
   3.5748150e+06   4.9133301e+01
   3.5915490e+06   5.4931641e+01
   3.5948750e+06   5.1757812e+01
   3.6169450e+06   4.3518066e+01
   3.6172160e+06   4.2724609e+01
   3.6262820e+06   5.8471680e+01
   3.6357310e+06   8.0078125e+01
   3.6378070e+06   4.5654297e+01
   3.6490770e+06   5.7128906e+01
   3.6492280e+06   5.5419922e+01
   3.6497410e+06   1.5234375e+02
   3.6562630e+06   5.6579590e+01
   3.6637810e+06   5.5541992e+01
   3.6761790e+06   5.1086426e+01
   3.6780900e+06   1.4996338e+02
   3.6880540e+06   5.5969238e+01
   3.6958020e+06   5.0354004e+01
   3.7112110e+06   4.2358398e+01
   3.7214660e+06   5.9692383e+01
   3.7338800e+06   5.7373047e+01
   3.7542020e+06   5.0292969e+01
   3.7543970e+06   5.2795410e+01
   3.7574020e+06   1.4624023e+02
   3.7574930e+06   7.3791504e+01
   3.7585870e+06   5.1940918e+01
   3.7779470e+06   4.6508789e+01
   3.8008850e+06   5.2917480e+01
   3.8103580e+06   4.9438477e+01
   3.8307370e+06   4.6936035e+01
   3.8328400e+06   1.4160156e+02
   3.8362780e+06   1.4947510e+02
   3.8562370e+06   4.5593262e+01
   3.8604660e+06   1.4324951e+02
   3.8714090e+06   5.3344727e+01
   3.8842520e+06   4.8950195e+01
   3.8843830e+06   4.3579102e+01
   3.8844200e+06   4.3579102e+01
   3.8900380e+06   4.0893555e+01
   3.9139520e+06   1.3958740e+02
   3.9164730e+06   5.3283691e+01
   3.9217830e+06   5.2856445e+01
   3.9221400e+06   4.5532227e+01
   3.9443540e+06   1.4123535e+02
   3.9456660e+06   4.9743652e+01
   3.9465430e+06   4.9011230e+01
   3.9589870e+06   4.9682617e+01
   3.9841440e+06   5.6091309e+01
   3.9886450e+06   5.4382324e+01
   3.9890920e+06   4.4433594e+01
   3.9940560e+06   1.5399170e+02
   4.0077150e+06   4.6325684e+01
   4.0362630e+06   4.9194336e+01
   4.0365650e+06   5.5419922e+01
   4.0423270e+06   5.0537109e+01
   4.0426170e+06   4.5104980e+01
   4.0659290e+06   4.7607422e+01
   4.0662180e+06   6.0058594e+01
   4.0705730e+06   4.6203613e+01
   4.0803640e+06   4.8034668e+01
   4.0806770e+06   4.2724609e+01
   4.0921960e+06   4.0710449e+01
   4.0929100e+06   4.0771484e+01
   4.1181710e+06   5.4687500e+01
   4.1200520e+06   4.7119141e+01
   4.1302860e+06   1.4276123e+02
   4.1406950e+06   4.6691895e+01
   4.1411720e+06   4.3884277e+01
   4.1484820e+06   5.7800293e+01
   4.1659110e+06   6.2744141e+01
   4.1660570e+06   4.8583984e+01
   4.1685400e+06   4.6142578e+01
   4.1784680e+06   4.8950195e+01
   4.1858940e+06   5.4077148e+01
   4.1864390e+06   4.7546387e+01
   4.1945120e+06   4.9499512e+01
   4.1947990e+06   4.1259766e+01
   4.1966130e+06   1.5295410e+02
   4.2094280e+06   6.1340332e+01
   4.2230310e+06   5.4992676e+01
   4.2262970e+06   1.4721680e+02
   4.2538780e+06   4.6875000e+01
   4.2777960e+06   4.1381836e+01
   4.2781720e+06   5.2429199e+01
   4.2782360e+06   4.9377441e+01
   4.2785270e+06   5.6579590e+01
   4.2945810e+06   4.3518066e+01
   4.3233310e+06   4.5837402e+01
   4.3324880e+06   4.6508789e+01
   4.3537010e+06   4.6752930e+01
   4.3540380e+06   4.0344238e+01
   4.3757090e+06   1.4227295e+02
   4.3779830e+06   4.7180176e+01
   4.4097410e+06   4.2480469e+01
   4.4219370e+06   6.1035156e+01
   4.4226140e+06   6.2316895e+01
   4.4347330e+06   5.1147461e+01
   4.4350310e+06   4.2114258e+01
   4.4714970e+06   5.2795410e+01
   4.4812830e+06   5.0659180e+01
   4.4820020e+06   4.3884277e+01
   4.4974440e+06   6.7016602e+01
   4.4983160e+06   1.5734863e+02
   4.5150700e+06   4.8706055e+01
   4.5227980e+06   5.6762695e+01
   4.5228910e+06   6.2805176e+01
   4.5234090e+06   1.4062500e+02
   4.5478640e+06   5.0659180e+01
   4.5730450e+06   4.7302246e+01
   4.6016970e+06   4.6020508e+01
   4.6019680e+06   4.1076660e+01
   4.6127950e+06   5.4809570e+01
   4.6411760e+06   4.7485352e+01
   4.6414750e+06   4.1503906e+01
   4.6633750e+06   6.3110352e+01
   4.6638370e+06   4.7546387e+01
   4.6682970e+06   5.2795410e+01
   4.6689320e+06   4.2785645e+01
   4.6985780e+06   4.1198730e+01
   4.6987780e+06   4.8889160e+01
   4.7215690e+06   5.6030273e+01
   4.7414230e+06   6.3842773e+01
   4.7575500e+06   5.7861328e+01
   4.7687700e+06   5.2246094e+01
   4.7947990e+06   4.6020508e+01
   4.7957850e+06   4.3823242e+01
   4.8092900e+06   4.7790527e+01
   4.8295760e+06   5.8776855e+01
   4.8503470e+06   1.5167236e+02
   4.8681650e+06   6.1645508e+01
   4.8727840e+06   5.0476074e+01
   4.8733760e+06   4.7973633e+01
   4.8839580e+06   6.7504883e+01
   4.8860900e+06   4.3884277e+01
   4.8905160e+06   5.5786133e+01
   4.9196050e+06   5.6457520e+01
   4.9205560e+06   5.1147461e+01
   4.9223720e+06   4.0161133e+01
   4.9227710e+06   4.2663574e+01
   4.9308620e+06   5.2062988e+01
   4.9669620e+06   4.7973633e+01
   4.9673020e+06   4.2602539e+01
   4.9885190e+06   6.8115234e+01
   5.0064270e+06   4.8522949e+01
   5.0067740e+06   4.1015625e+01
   5.0485870e+06   5.2978516e+01
   5.0490240e+06   4.1198730e+01
   5.0915520e+06   4.5349121e+01
   5.0919850e+06   4.9804688e+01
   5.0943590e+06   5.8044434e+01
   5.1377750e+06   4.6081543e+01
   5.1512040e+06   4.9255371e+01
   5.1515110e+06   5.8898926e+01
   5.1681200e+06   4.7302246e+01
   5.2006680e+06   5.2734375e+01
   5.2160900e+06   5.1330566e+01
   5.2532560e+06   5.4016113e+01
   5.2536980e+06   4.9377441e+01
   5.3008090e+06   5.4748535e+01
   5.3012540e+06   4.0405273e+01
   5.3079230e+06   6.5734863e+01
   5.3082240e+06   4.5166016e+01
   5.3240090e+06   4.1809082e+01
   5.3413300e+06   4.9011230e+01
   5.3497360e+06   6.0119629e+01
   5.3500270e+06   5.1147461e+01
   5.3600490e+06   4.8828125e+01
   5.3786880e+06   5.2673340e+01
   5.3860750e+06   4.9987793e+01
   5.3866040e+06   4.0954590e+01
   5.4161810e+06   4.6691895e+01
   5.4234300e+06   4.7790527e+01
   5.4492600e+06   4.3762207e+01
   5.4579190e+06   5.6518555e+01
   5.4589340e+06   4.0588379e+01
   5.4596230e+06   5.5847168e+01
   5.4885290e+06   4.5227051e+01
   5.4888740e+06   5.2124023e+01
   5.5339810e+06   4.8522949e+01
   5.5345230e+06   4.8767090e+01
   5.5706780e+06   5.3771973e+01
   5.5818380e+06   6.1950684e+01
   5.5821670e+06   4.2297363e+01
   5.6277470e+06   4.1015625e+01
   5.6808500e+06   4.9316406e+01
   5.7030530e+06   5.4870605e+01
   5.7399710e+06   4.3701172e+01
   5.7639840e+06   5.7373047e+01
   5.7711220e+06   4.7485352e+01
   5.8009420e+06   5.7067871e+01
   5.8100720e+06   5.3344727e+01
   5.8400530e+06   4.4921875e+01
   5.8403530e+06   4.2175293e+01
   5.8738910e+06   6.0668945e+01
   5.8739830e+06   5.6640625e+01
   5.8743140e+06   5.7250977e+01
   5.8780450e+06   5.0720215e+01
   5.8783630e+06   5.5603027e+01
   5.9071070e+06   5.5786133e+01
   5.9073460e+06   4.1687012e+01
   5.9279670e+06   6.1096191e+01
   5.9387150e+06   5.8715820e+01
   5.9443890e+06   5.3100586e+01
   5.9446840e+06   4.1381836e+01
   5.9519990e+06   5.3955078e+01
   5.9871600e+06   4.8034668e+01
   6.0140700e+06   5.1818848e+01
   6.0214010e+06   5.5297852e+01
   6.0228630e+06   4.4311523e+01
   6.0482370e+06   4.7790527e+01
   6.0491470e+06   5.1452637e+01
   6.0552510e+06   4.6325684e+01
   6.0701670e+06   5.1818848e+01
   6.0905000e+06   4.7668457e+01
   6.0912480e+06   6.0852051e+01
   6.1051030e+06   4.7363281e+01
   6.1191820e+06   4.4555664e+01
   6.1215970e+06   5.0476074e+01
   6.1478840e+06   4.8156738e+01
   6.1491110e+06   5.3588867e+01
   6.1499640e+06   5.4016113e+01
   6.1529970e+06   5.2490234e+01
   6.1532680e+06   4.1076660e+01
   6.1553540e+06   5.2612305e+01
   6.1556160e+06   4.6569824e+01
   6.1739070e+06   4.4555664e+01
   6.1745790e+06   4.8034668e+01
   6.1833760e+06   4.7302246e+01
   6.1843300e+06   4.1381836e+01
   6.2073640e+06   4.4799805e+01
   6.2077090e+06   4.4982910e+01
   6.2149020e+06   5.4138184e+01
   6.2151190e+06   5.7434082e+01
   6.2271900e+06   4.6569824e+01
   6.2290520e+06   4.1015625e+01
   6.2323050e+06   5.2490234e+01
   6.2414950e+06   4.4860840e+01
   6.2509540e+06   4.7851562e+01
   6.2515220e+06   4.1748047e+01
   6.2572000e+06   5.0903320e+01
   6.2738610e+06   1.5374756e+02
   6.2748230e+06   5.3527832e+01
   6.2847840e+06   5.0231934e+01
   6.2871500e+06   8.5388184e+01
   6.2898110e+06   5.3771973e+01
   6.2904230e+06   1.4007568e+02
   6.3043350e+06   5.9509277e+01
   6.3056180e+06   4.3579102e+01
   6.3104440e+06   4.1748047e+01
   6.3295230e+06   5.5175781e+01
   6.3299410e+06   4.5654297e+01
   6.3412640e+06   4.4433594e+01
   6.3730020e+06   4.9377441e+01
   6.3767300e+06   5.6701660e+01
   6.3771300e+06   4.4372559e+01
   6.3875010e+06   5.3527832e+01
   6.3904190e+06   4.6264648e+01
   6.3924490e+06   4.5654297e+01
   6.3926240e+06   5.0354004e+01
   6.3927460e+06   4.2541504e+01
   6.3930310e+06   4.2175293e+01
   6.3936960e+06   8.4960938e+01
   6.3937700e+06   4.8278809e+01
   6.3938210e+06   1.6943359e+02
   6.3938600e+06   4.9804688e+01
   6.4013980e+06   4.1992188e+01
   6.4086310e+06   4.8217773e+01
   6.4147310e+06   5.4931641e+01
   6.4251670e+06   4.8217773e+01
   6.4263930e+06   4.2175293e+01
   6.4332430e+06   5.3344727e+01
   6.4357880e+06   5.5419922e+01
   6.4456060e+06   4.5227051e+01
   6.4594500e+06   5.7373047e+01
   6.4648840e+06   4.0405273e+01
   6.4653730e+06   4.3640137e+01
   6.4858810e+06   1.5545654e+02
   6.4888370e+06   4.4616699e+01
   6.4902060e+06   1.4648438e+02
   6.4903330e+06   8.7768555e+01
   6.4939100e+06   5.0720215e+01
   6.5004080e+06   5.5847168e+01
   6.5005600e+06   5.8532715e+01
   6.5251180e+06   4.0344238e+01
   6.5504340e+06   5.8410645e+01
   6.5546050e+06   4.7058105e+01
   6.5689650e+06   5.5725098e+01
   6.5691480e+06   5.8288574e+01
   6.5787010e+06   5.0415039e+01
   6.5875590e+06   5.2856445e+01
   6.5878590e+06   4.4677734e+01
   6.5879890e+06   1.5386963e+02
   6.5919480e+06   4.8583984e+01
   6.5926560e+06   4.5593262e+01
   6.5960150e+06   5.4992676e+01
   6.5969550e+06   5.3955078e+01
   6.6072770e+06   5.4016113e+01
   6.6197160e+06   4.5471191e+01
   6.6200740e+06   4.1931152e+01
   6.6232850e+06   5.7128906e+01
   6.6234800e+06   4.8950195e+01
   6.6237930e+06   4.1259766e+01
   6.6252600e+06   1.5264893e+02
   6.6253540e+06   7.9772949e+01
   6.6432080e+06   4.5288086e+01
   6.6434490e+06   4.1320801e+01
   6.6568870e+06   5.7312012e+01
   6.6572380e+06   4.9743652e+01
   6.6579620e+06   5.4016113e+01
   6.6692710e+06   5.0231934e+01
   6.6780820e+06   6.4636230e+01
   6.6787290e+06   4.8828125e+01
   6.6955990e+06   5.1208496e+01
   6.6956820e+06   4.9682617e+01
   6.6963330e+06   1.5698242e+02
   6.7150080e+06   4.4128418e+01
   6.7159650e+06   4.0161133e+01
   6.7258820e+06   6.0058594e+01
   6.7261070e+06   4.0100098e+01
   6.7351430e+06   5.1879883e+01
   6.7423080e+06   4.7668457e+01
   6.7608000e+06   4.7607422e+01
   6.7646690e+06   5.5664062e+01
   6.7727040e+06   1.5203857e+02
   6.7729000e+06   1.0870361e+02
   6.7819870e+06   5.3283691e+01
   6.7930110e+06   4.8034668e+01
   6.8040290e+06   5.4626465e+01
   6.8042580e+06   5.9204102e+01
   6.8146140e+06   4.6997070e+01
   6.8151450e+06   4.0771484e+01
   6.8204540e+06   4.8217773e+01
   6.8260390e+06   5.4016113e+01
   6.8263120e+06   5.1086426e+01
   6.8267890e+06   1.4306641e+02
   6.8318060e+06   5.3405762e+01
   6.8324530e+06   4.3518066e+01
   6.8334740e+06   1.3763428e+02
   6.8419520e+06   6.5185547e+01
   6.8568580e+06   5.7250977e+01
   6.8621660e+06   4.2053223e+01
   6.8785200e+06   6.0791016e+01
   6.8900830e+06   5.0903320e+01
   6.8924110e+06   6.0974121e+01
   6.9176000e+06   5.5419922e+01
   6.9177730e+06   5.0842285e+01
   6.9248290e+06   5.0170898e+01
   6.9254690e+06   4.9865723e+01
   6.9384160e+06   5.8959961e+01
   6.9534750e+06   4.1503906e+01
   6.9538550e+06   4.2785645e+01
   6.9721770e+06   6.2744141e+01
   6.9723130e+06   5.5969238e+01
   6.9730610e+06   4.3334961e+01
   6.9807210e+06   5.1757812e+01
   6.9878700e+06   6.1706543e+01
   6.9931440e+06   8.2397461e+01
   6.9938860e+06   4.4067383e+01
   6.9976110e+06   4.7119141e+01
   7.0058700e+06   4.5288086e+01
   7.0061440e+06   4.6325684e+01
   7.0097070e+06   5.1940918e+01
   7.0098550e+06   5.7556152e+01
   7.0101160e+06   4.5104980e+01
   7.0289150e+06   4.7607422e+01
   7.0366520e+06   5.7128906e+01
   7.0381060e+06   1.4697266e+02
   7.0476620e+06   1.5191650e+02
   7.0514010e+06   4.9194336e+01
   7.0517480e+06   5.1513672e+01
   7.0546080e+06   4.8278809e+01
   7.0739870e+06   5.0659180e+01
   7.0763270e+06   4.4799805e+01
   7.0764980e+06   5.7739258e+01
   7.0895680e+06   5.7434082e+01
   7.1115730e+06   5.1818848e+01
   7.1145170e+06   4.9865723e+01
   7.1335060e+06   5.2978516e+01
   7.1543060e+06   5.3344727e+01
   7.1566600e+06   1.4361572e+02
   7.1567710e+06   9.1796875e+01
   7.1647790e+06   5.3344727e+01
   7.1857360e+06   6.1889648e+01
   7.1880700e+06   4.2419434e+01
   7.1884440e+06   4.3579102e+01
   7.1892970e+06   5.0476074e+01
   7.2123270e+06   6.4025879e+01
   7.2125730e+06   5.3894043e+01
   7.2146540e+06   1.4685059e+02
   7.2169150e+06   4.3457031e+01
   7.2193510e+06   5.4077148e+01
   7.2314840e+06   5.0109863e+01
   7.2319480e+06   4.7790527e+01
   7.2480560e+06   5.1391602e+01
   7.2501570e+06   5.4809570e+01
   7.2559740e+06   6.0363770e+01
   7.2641270e+06   5.3527832e+01
   7.2642680e+06   4.6081543e+01
   7.2644980e+06   4.5166016e+01
   7.2648010e+06   1.2677002e+02
   7.2755200e+06   4.3395996e+01
   7.2758560e+06   4.8278809e+01
   7.2921800e+06   5.3222656e+01
   7.3040070e+06   1.5795898e+02
   7.3097190e+06   4.4555664e+01
   7.3118510e+06   5.6640625e+01
   7.3179240e+06   4.9926758e+01
   7.3274670e+06   4.0893555e+01
   7.3323790e+06   4.8767090e+01
   7.3391340e+06   5.5786133e+01
   7.3447170e+06   5.9204102e+01
   7.3683640e+06   6.1950684e+01
   7.3733730e+06   4.2968750e+01
   7.3944980e+06   5.5053711e+01
   7.3966970e+06   4.7241211e+01
   7.3971430e+06   4.7729492e+01
   7.3984410e+06   5.5053711e+01
   7.3985100e+06   5.5725098e+01
   7.3987110e+06   6.3598633e+01
   7.3990840e+06   4.1687012e+01
   7.4001100e+06   6.9458008e+01
   7.4003380e+06   4.3823242e+01
   7.4011000e+06   1.3879395e+02
   7.4012010e+06   8.6303711e+01
   7.4114920e+06   5.6945801e+01
   7.4218340e+06   4.2602539e+01
   7.4313060e+06   4.5471191e+01
   7.4426780e+06   5.0231934e+01
   7.4468990e+06   5.5480957e+01
   7.4474090e+06   4.2480469e+01
   7.4642840e+06   5.0537109e+01
   7.4674740e+06   4.9194336e+01
   7.4693630e+06   5.4992676e+01
   7.4697490e+06   5.6518555e+01
   7.4743290e+06   1.4575195e+02
   7.4928670e+06   4.6691895e+01
   7.4932950e+06   4.2663574e+01
   7.5056400e+06   5.6823730e+01
   7.5154780e+06   5.0720215e+01
   7.5282010e+06   5.8532715e+01
   7.5465220e+06   4.6020508e+01
   7.5763560e+06   5.5603027e+01
   7.6089630e+06   4.6875000e+01
   7.6369760e+06   4.7302246e+01
   7.6457890e+06   5.5541992e+01
   7.6462650e+06   5.2734375e+01
   7.6464060e+06   1.0791016e+02
   7.6646180e+06   5.0842285e+01
   7.6649650e+06   5.2612305e+01
   7.6921820e+06   4.7973633e+01
   7.7179580e+06   6.1401367e+01
   7.7203860e+06   5.3710938e+01
   7.7450840e+06   5.1757813e+01
   7.7501330e+06   5.0598145e+01
   7.7790480e+06   4.9316406e+01
   7.7793890e+06   5.0476074e+01
   7.7921800e+06   4.1076660e+01
   7.8109520e+06   4.7485352e+01
   7.8151040e+06   5.2734375e+01
   7.8152900e+06   4.5227051e+01
   7.8155760e+06   4.2907715e+01
   7.8158020e+06   1.4532471e+02
   7.8463960e+06   4.0893555e+01
   7.8469730e+06   4.0954590e+01
   7.8497980e+06   5.9875488e+01
   7.8738870e+06   5.1147461e+01
   7.8741550e+06   4.6997070e+01
   7.8996690e+06   6.0852051e+01
   7.8997820e+06   4.9011230e+01
   7.9001600e+06   7.4462891e+01
   7.9011560e+06   4.7302246e+01
   7.9015600e+06   4.1442871e+01
   7.9295290e+06   4.0039062e+01
   7.9301150e+06   4.1442871e+01
   7.9315040e+06   5.4809570e+01
   7.9317620e+06   5.6457520e+01
   7.9474500e+06   5.1086426e+01
   7.9549710e+06   5.8776855e+01
   7.9633600e+06   4.5349121e+01
   7.9637210e+06   4.9804688e+01
   7.9925100e+06   4.9255371e+01
   7.9940630e+06   4.5654297e+01
   7.9965270e+06   4.6752930e+01
   8.0157900e+06   5.1452637e+01
   8.0391280e+06   5.5053711e+01
   8.0580940e+06   4.1320801e+01
   8.0664540e+06   4.8767090e+01
   8.0670780e+06   1.5258789e+02
   8.0688010e+06   4.1076660e+01
   8.0711000e+06   5.1757812e+01
   8.0714720e+06   4.2541504e+01
   8.0857900e+06   5.6945801e+01
   8.0862410e+06   1.4953613e+02
   8.0984020e+06   5.2978516e+01
   8.0989770e+06   4.1687012e+01
   8.1050610e+06   5.0659180e+01
   8.1255070e+06   5.0964355e+01
   8.1258010e+06   4.0466309e+01
   8.1339970e+06   5.2307129e+01
   8.1392790e+06   5.2368164e+01
   8.1393830e+06   5.0903320e+01
   8.1443350e+06   5.0842285e+01
   8.1447820e+06   1.4404297e+02
   8.1686460e+06   1.5240479e+02
   8.1716230e+06   5.0476074e+01
   8.1848320e+06   5.5908203e+01
   8.2073190e+06   4.1137695e+01
   8.2077940e+06   4.3762207e+01
   8.2091540e+06   5.6030273e+01
   8.2273080e+06   4.1320801e+01
   8.2294870e+06   6.0241699e+01
   8.2306680e+06   4.6936035e+01
   8.2381430e+06   1.5899658e+02
   8.2678540e+06   4.8828125e+01
   8.2681450e+06   4.4494629e+01
   8.2770700e+06   4.5898438e+01
   8.2917390e+06   5.1208496e+01
   8.2928530e+06   5.5114746e+01
   8.2938200e+06   5.5603027e+01
   8.2941010e+06   4.3395996e+01
   8.2951530e+06   4.0710449e+01
   8.2955090e+06   5.0415039e+01
   8.3276350e+06   6.1584473e+01
   8.3494210e+06   4.7546387e+01
   8.3536230e+06   4.0588379e+01
   8.3555670e+06   1.3958740e+02
   8.3788300e+06   5.0842285e+01
   8.4021830e+06   5.0659180e+01
   8.4119040e+06   4.7119141e+01
   8.4122770e+06   4.6203613e+01
   8.4136950e+06   5.0292969e+01
   8.4445900e+06   6.2622070e+01
   8.4448340e+06   4.9011230e+01
   8.4458550e+06   4.4006348e+01
   8.4465110e+06   4.6752930e+01
   8.4478360e+06   4.9194336e+01
   8.4644860e+06   1.4715576e+02
   8.4766910e+06   4.9804688e+01
   8.4886000e+06   4.1931152e+01
   8.5217040e+06   1.5118408e+02
   8.5236230e+06   4.3701172e+01
   8.5409420e+06   4.7180176e+01
   8.5458380e+06   4.9682617e+01
   8.5495050e+06   4.5532227e+01
   8.5601460e+06   4.0588379e+01
   8.5714130e+06   5.0476074e+01
   8.5840490e+06   4.3518066e+01
   8.6143690e+06   5.5297852e+01
   8.6147520e+06   4.3945312e+01
   8.6196900e+06   6.1157227e+01
   8.6198560e+06   4.9499512e+01
   8.6201560e+06   5.4199219e+01
   8.6202410e+06   1.4581299e+02
   8.6333640e+06   5.2978516e+01
   8.6529430e+06   6.5002441e+01
   8.6542800e+06   5.2978516e+01
   8.6732700e+06   4.5227051e+01
   8.6744060e+06   5.5541992e+01
   8.6857350e+06   5.1940918e+01
   8.6968030e+06   4.6447754e+01
   8.7092200e+06   4.0893555e+01
   8.7100340e+06   4.0466309e+01
   8.7221490e+06   4.2236328e+01
   8.7229530e+06   5.0720215e+01
   8.7231630e+06   4.1198730e+01
   8.7234910e+06   4.8828125e+01
   8.7236160e+06   4.1137695e+01
   8.7243510e+06   4.0954590e+01
   8.7245230e+06   6.6589355e+01
   8.7247350e+06   5.7922363e+01
   8.7252740e+06   4.0466309e+01
   8.7311490e+06   5.2734375e+01
   8.7422530e+06   5.2795410e+01
   8.7450150e+06   4.0100098e+01
   8.7659700e+06   4.4372559e+01
   8.7681260e+06   1.5905762e+02
   8.7736360e+06   4.8217773e+01
   8.7739550e+06   5.0476074e+01
   8.7739830e+06   4.4982910e+01
   8.7909040e+06   4.3273926e+01
   8.8186040e+06   5.1513672e+01
   8.8191540e+06   4.3823242e+01
   8.8465130e+06   4.7790527e+01
   8.8468000e+06   4.1381836e+01
   8.8689230e+06   5.1879883e+01
   8.8694810e+06   5.2185059e+01
   8.8695860e+06   1.5570068e+02
   8.8696990e+06   8.3923340e+01
   8.8722330e+06   4.9377441e+01
   8.8726420e+06   4.4067383e+01
   8.8858210e+06   4.7180176e+01
   8.8888500e+06   1.5191650e+02
   8.9031190e+06   5.2246094e+01
   8.9177700e+06   5.0598145e+01
   8.9286110e+06   4.2297363e+01
   8.9289000e+06   4.1259766e+01
   8.9343490e+06   5.2185059e+01
   8.9403020e+06   5.1513672e+01
   8.9405430e+06   6.6833496e+01
   8.9511100e+06   5.0048828e+01
   8.9592030e+06   4.0649414e+01
   8.9594570e+06   4.2968750e+01
   8.9607680e+06   6.0546875e+01
   8.9830480e+06   4.2419434e+01
   8.9905670e+06   1.4208984e+02
   8.9915910e+06   4.9011230e+01
   8.9917870e+06   5.0903320e+01
   8.9922360e+06   4.4250488e+01
   8.9924520e+06   6.8786621e+01
   8.9927070e+06   4.4677734e+01
   8.9935980e+06   1.4239502e+02
   8.9937260e+06   7.3547363e+01
   8.9945880e+06   1.0321045e+02
