   8.9990000e+06   0.0000000e+00
   1.6983600e+05   4.4921875e+01
   4.3589800e+05   4.2907715e+01
   5.7452100e+05   4.6508789e+01
   6.8393600e+05   4.3762207e+01
   7.6860100e+05   4.3090820e+01
   1.0314450e+06   4.2358398e+01
   1.0637260e+06   4.4860840e+01
   1.1035380e+06   4.3457031e+01
   1.2048430e+06   4.2724609e+01
   1.4207100e+06   4.5593262e+01
   1.4938480e+06   4.3212891e+01
   1.6550030e+06   4.2541504e+01
   1.8836140e+06   4.3395996e+01
   1.9041430e+06   4.6264648e+01
   1.9171480e+06   4.2785645e+01
   1.9512530e+06   4.6203613e+01
   1.9841670e+06   4.6936035e+01
   2.0286180e+06   4.5471191e+01
   2.0361820e+06   4.3334961e+01
   2.0808130e+06   4.7912598e+01
   2.3919180e+06   4.7424316e+01
   2.4014580e+06   4.2480469e+01
   2.4197630e+06   4.8889160e+01
   2.4516540e+06   4.2480469e+01
   2.4693440e+06   5.3588867e+01
   2.5377660e+06   4.3151855e+01
   2.6429920e+06   4.5043945e+01
   2.6544130e+06   5.0170898e+01
   2.8128450e+06   4.3518066e+01
   2.8731570e+06   4.3945312e+01
   2.9617740e+06   4.3884277e+01
   3.2183890e+06   4.6447754e+01
   3.2779800e+06   4.3701172e+01
   3.2818010e+06   4.2358398e+01
   3.2884420e+06   4.2358398e+01
   3.3000900e+06   4.3151855e+01
   3.6453060e+06   4.2358398e+01
   3.7571050e+06   4.2785645e+01
   3.7919020e+06   4.6875000e+01
   3.9517240e+06   4.5593262e+01
   4.0079910e+06   4.6752930e+01
   4.0897700e+06   4.3395996e+01
   4.0999470e+06   4.3640137e+01
   4.1920950e+06   4.3334961e+01
   4.2129040e+06   4.9804688e+01
   4.2182240e+06   4.5227051e+01
   4.2858160e+06   4.2541504e+01
   4.3318220e+06   4.9011230e+01
   4.4896610e+06   4.2785645e+01
   4.6846000e+06   4.3334961e+01
   4.7615380e+06   4.4311523e+01
   4.7928370e+06   4.3212891e+01
   5.0781760e+06   4.4616699e+01
   5.0895660e+06   4.5166016e+01
   5.1718390e+06   4.4189453e+01
   5.1971970e+06   4.4372559e+01
   5.4085430e+06   4.2846680e+01
   5.4188270e+06   4.5654297e+01
   5.4453310e+06   4.4616699e+01
   5.4815790e+06   4.2968750e+01
   5.6588810e+06   4.2968750e+01
   5.7017340e+06   4.4433594e+01
   5.7955960e+06   4.4006348e+01
   5.8845450e+06   4.2968750e+01
   5.9084560e+06   4.5104980e+01
   6.2607160e+06   4.6203613e+01
   6.3074720e+06   4.5471191e+01
   6.3728660e+06   4.6447754e+01
   6.4276900e+06   4.2480469e+01
   6.4329190e+06   4.3762207e+01
   6.4773480e+06   4.5227051e+01
   6.5094860e+06   4.4677734e+01
   6.7304200e+06   4.3762207e+01
   6.7870850e+06   4.3029785e+01
   6.8153310e+06   4.7302246e+01
   6.8533960e+06   4.3090820e+01
   6.9474180e+06   4.3334961e+01
   6.9983140e+06   4.2907715e+01
   7.0291260e+06   4.6752930e+01
   7.0649200e+06   4.2785645e+01
   7.0684700e+06   4.4738770e+01
   7.0714780e+06   4.2846680e+01
   7.1217770e+06   4.7058105e+01
   7.1308770e+06   4.3823242e+01
   7.2027550e+06   4.3762207e+01
   7.3379180e+06   4.2724609e+01
   7.3695940e+06   4.3334961e+01
   7.3894510e+06   4.3273926e+01
   7.4336690e+06   4.2541504e+01
   7.4488030e+06   4.3090820e+01
   7.4938670e+06   4.2480469e+01
   7.5200690e+06   4.3945312e+01
   7.5762440e+06   4.5288086e+01
   7.5797950e+06   4.5043945e+01
   7.5859650e+06   4.4189453e+01
   7.6580870e+06   4.8034668e+01
   7.6700930e+06   4.5715332e+01
   7.7489800e+06   4.8095703e+01
   7.7495790e+06   4.4982910e+01
   7.7583510e+06   4.9621582e+01
   7.7644540e+06   4.9682617e+01
   7.7833680e+06   4.5043945e+01
   7.7891600e+06   4.4799805e+01
   7.7917110e+06   4.3273926e+01
   7.8038070e+06   4.4677734e+01
   7.8207190e+06   4.3395996e+01
   7.8214880e+06   4.5166016e+01
   7.8564050e+06   4.7607422e+01
   7.8935080e+06   4.5166016e+01
   7.8958670e+06   4.5532227e+01
   7.9258170e+06   4.7851562e+01
   7.9508820e+06   4.5837402e+01
   7.9620990e+06   4.2907715e+01
   7.9721830e+06   5.1757812e+01
   7.9937420e+06   4.7363281e+01
   7.9965790e+06   4.7607422e+01
   8.0332590e+06   4.2968750e+01
   8.0601130e+06   4.3823242e+01
   8.0667780e+06   4.5898438e+01
   8.0810320e+06   4.2724609e+01
   8.0837980e+06   4.7851562e+01
   8.0873700e+06   4.3334961e+01
   8.0927360e+06   4.4311523e+01
   8.1093100e+06   4.6508789e+01
   8.1514760e+06   4.6813965e+01
   8.1703340e+06   4.3395996e+01
   8.1755000e+06   4.8217773e+01
   8.2006950e+06   4.3579102e+01
   8.2488830e+06   4.3884277e+01
   8.2548500e+06   4.2480469e+01
   8.2588480e+06   4.6936035e+01
   8.2796320e+06   4.4677734e+01
   8.2928420e+06   4.3945312e+01
   8.3208240e+06   4.4006348e+01
   8.3240540e+06   4.5104980e+01
   8.3323230e+06   4.4189453e+01
   8.3426780e+06   4.2480469e+01
   8.3538230e+06   4.4311523e+01
   8.3879580e+06   4.6203613e+01
   8.3989590e+06   4.3762207e+01
   8.4088160e+06   4.8645020e+01
   8.4430670e+06   4.2785645e+01
   8.4658750e+06   4.3029785e+01
   8.5019990e+06   4.2724609e+01
   8.5061640e+06   5.0109863e+01
   8.5125850e+06   4.4494629e+01
   8.5231130e+06   4.3395996e+01
   8.5288870e+06   4.2663574e+01
   8.5643440e+06   4.3212891e+01
   8.6048980e+06   4.3212891e+01
   8.6132390e+06   4.9377441e+01
   8.6355060e+06   4.4128418e+01
   8.6686380e+06   4.3273926e+01
   8.7168200e+06   4.6142578e+01
   8.7647030e+06   4.3640137e+01
   8.7667050e+06   4.3395996e+01
   8.7845700e+06   4.2541504e+01
   8.7920570e+06   4.2968750e+01
   8.8165010e+06   4.9743652e+01
   8.8301110e+06   4.2846680e+01
   8.8403800e+06   4.4799805e+01
   8.9177850e+06   4.4494629e+01
   8.9259440e+06   4.3884277e+01
   8.9376380e+06   4.3823242e+01
   8.9422190e+06   4.8034668e+01
   8.9700790e+06   4.5166016e+01
   8.9725520e+06   4.4982910e+01
   8.9854180e+06   4.2846680e+01
