   8.9990000e+06   0.0000000e+00
   7.8916000e+04   4.7485352e+01
   1.2630200e+05   5.1635742e+01
   4.3850800e+05   5.1635742e+01
   4.3935700e+05   3.9611816e+01
   5.3662900e+05   4.4860840e+01
   5.8226100e+05   4.6508789e+01
   5.8474500e+05   4.2236328e+01
   6.5372400e+05   5.0537109e+01
   7.1541100e+05   4.5959473e+01
   7.2282400e+05   4.8522949e+01
   7.9700300e+05   4.6813965e+01
   9.0762100e+05   4.1503906e+01
   9.6320200e+05   5.4870605e+01
   1.0157430e+06   4.5898438e+01
   1.0276520e+06   4.6752930e+01
   1.0817040e+06   4.0710449e+01
   1.1213520e+06   5.2062988e+01
   1.1227030e+06   4.1137695e+01
   1.2434660e+06   3.9794922e+01
   1.2672010e+06   4.8950195e+01
   1.4126030e+06   4.7851563e+01
   1.4899130e+06   4.2236328e+01
   1.5352950e+06   4.1320801e+01
   1.5552010e+06   4.9743652e+01
   1.5574650e+06   4.6813965e+01
   1.7100410e+06   4.5410156e+01
   1.7102860e+06   4.2114258e+01
   1.7348890e+06   4.0039062e+01
   1.7770590e+06   4.1076660e+01
   1.7926960e+06   4.0954590e+01
   1.8317110e+06   4.6020508e+01
   1.8349440e+06   5.1452637e+01
   1.9021960e+06   4.8767090e+01
   1.9400260e+06   3.9916992e+01
   1.9480580e+06   5.1879883e+01
   1.9733560e+06   4.6630859e+01
   2.0030380e+06   4.2114258e+01
   2.0118260e+06   5.0598145e+01
   2.0450520e+06   4.4494629e+01
   2.0667160e+06   5.2429199e+01
   2.0796270e+06   5.1086426e+01
   2.0949030e+06   5.2185059e+01
   2.1165700e+06   4.5104980e+01
   2.1458620e+06   4.5654297e+01
   2.1626770e+06   4.2297363e+01
   2.1633780e+06   4.0283203e+01
   2.1973090e+06   4.2175293e+01
   2.1994180e+06   4.3762207e+01
   2.2336890e+06   4.4860840e+01
   2.2656140e+06   4.7546387e+01
   2.2771970e+06   4.0466309e+01
   2.3067690e+06   4.1015625e+01
   2.3284210e+06   4.5654297e+01
   2.3498940e+06   4.9316406e+01
   2.3529410e+06   4.1259766e+01
   2.3848000e+06   5.6213379e+01
   2.3897310e+06   3.9489746e+01
   2.4322550e+06   4.4616699e+01
   2.4730670e+06   4.7912598e+01
   2.5176780e+06   4.3457031e+01
   2.5460290e+06   4.7729492e+01
   2.5557970e+06   4.9865723e+01
   2.5695190e+06   4.9377441e+01
   2.5899230e+06   4.1625977e+01
   2.6166820e+06   4.1931152e+01
   2.6199030e+06   4.0344238e+01
   2.6228490e+06   4.7973633e+01
   2.6499530e+06   4.5349121e+01
   2.6716970e+06   4.9560547e+01
   2.7085470e+06   4.2663574e+01
   2.7222410e+06   4.2968750e+01
   2.7661040e+06   4.5043945e+01
   2.8064650e+06   3.9978027e+01
   2.8126770e+06   4.7912598e+01
   2.8555460e+06   5.4443359e+01
   2.8609050e+06   4.9377441e+01
   2.9466870e+06   5.1635742e+01
   2.9487420e+06   3.9367676e+01
   2.9845280e+06   3.9916992e+01
   3.0041710e+06   4.3884277e+01
   3.0320580e+06   3.9245605e+01
   3.0519330e+06   4.9377441e+01
   3.0992030e+06   4.4738770e+01
   3.0999210e+06   3.9245605e+01
   3.1418750e+06   4.4555664e+01
   3.1837110e+06   4.6264648e+01
   3.1960970e+06   4.0161133e+01
   3.1981610e+06   4.5959473e+01
   3.2314100e+06   5.1635742e+01
   3.2501460e+06   4.2968750e+01
   3.2666930e+06   4.1625977e+01
   3.2680440e+06   4.1687012e+01
   3.2810160e+06   4.0527344e+01
   3.2868510e+06   4.4860840e+01
   3.2896480e+06   4.8889160e+01
   3.3069790e+06   5.0415039e+01
   3.3242970e+06   4.1076660e+01
   3.3426390e+06   5.1696777e+01
   3.3592730e+06   4.4067383e+01
   3.3827490e+06   6.2622070e+01
   3.4308150e+06   3.9794922e+01
   3.4462770e+06   4.6203613e+01
   3.4892070e+06   3.9306641e+01
   3.4906140e+06   4.7363281e+01
   3.5345160e+06   5.1940918e+01
   3.5756660e+06   4.0222168e+01
   3.6154120e+06   4.7058105e+01
   3.6819020e+06   4.2236328e+01
   3.7155330e+06   4.3640137e+01
   3.7755840e+06   3.9794922e+01
   3.7927740e+06   4.1137695e+01
   3.8465210e+06   4.3212891e+01
   3.8705470e+06   4.0405273e+01
   3.9383750e+06   4.3945312e+01
   3.9390230e+06   4.0832520e+01
   3.9901850e+06   4.5349121e+01
   4.0360540e+06   3.9978027e+01
   4.0550140e+06   3.9184570e+01
   4.0981730e+06   4.0527344e+01
   4.1263440e+06   5.1818848e+01
   4.1978130e+06   4.2724609e+01
   4.2902560e+06   4.0405273e+01
   4.4142660e+06   4.2297363e+01
   4.5011170e+06   4.2358398e+01
   4.6964200e+06   4.2602539e+01
   4.7574860e+06   4.0283203e+01
   4.8839220e+06   4.2846680e+01
   5.1705670e+06   4.0832520e+01
   5.2297410e+06   3.9794922e+01
   5.3009210e+06   4.1015625e+01
   5.3500140e+06   4.0527344e+01
   5.5379420e+06   4.0344238e+01
   5.5971920e+06   4.0405273e+01
   5.6594790e+06   3.9611816e+01
   5.8991700e+06   4.4250488e+01
   5.9078200e+06   5.4504395e+01
   5.9573290e+06   4.0588379e+01
   6.0191430e+06   4.6997070e+01
   6.1549350e+06   3.9428711e+01
   6.1827720e+06   5.9265137e+01
   6.2118610e+06   4.0832520e+01
   6.2308370e+06   5.3039551e+01
   6.2754920e+06   5.2001953e+01
   6.3225840e+06   4.5166016e+01
   6.3886050e+06   4.3029785e+01
   6.4136830e+06   5.3649902e+01
   6.4288610e+06   4.1381836e+01
   6.4762090e+06   4.5959473e+01
   6.4997140e+06   5.5419922e+01
   6.5177600e+06   4.0832520e+01
   6.5183460e+06   4.1870117e+01
   6.6220800e+06   5.1269531e+01
   6.6231490e+06   5.4809570e+01
   6.6676010e+06   4.4372559e+01
   6.6866680e+06   4.1748047e+01
   6.7171360e+06   4.5288086e+01
   6.8401680e+06   4.7241211e+01
   6.8938540e+06   4.8034668e+01
   6.9209080e+06   4.5837402e+01
   7.0524760e+06   5.5053711e+01
   7.0835350e+06   3.9489746e+01
   7.0957620e+06   5.3710938e+01
   7.1476630e+06   4.6569824e+01
   7.1822980e+06   4.0771484e+01
   7.2066740e+06   3.9611816e+01
   7.2627110e+06   4.1259766e+01
   7.3320650e+06   4.7668457e+01
   7.3492800e+06   4.4494629e+01
   7.3895240e+06   4.3579102e+01
   7.3927840e+06   4.0649414e+01
   7.3996050e+06   3.9428711e+01
   7.4259110e+06   4.9926758e+01
   7.4388000e+06   4.3457031e+01
   7.5300230e+06   5.3710938e+01
   7.5820350e+06   4.0283203e+01
   7.5822640e+06   5.5053711e+01
   7.6836850e+06   5.4809570e+01
   7.7083450e+06   4.0771484e+01
   7.7674060e+06   4.6875000e+01
   7.7960850e+06   4.1809082e+01
   7.8290520e+06   3.9306641e+01
   7.8583940e+06   3.9367676e+01
   7.9265120e+06   5.6152344e+01
   7.9907030e+06   4.9072266e+01
   8.0913670e+06   3.9672852e+01
   8.1595610e+06   4.5776367e+01
   8.2479800e+06   4.3090820e+01
   8.2647870e+06   4.7058105e+01
   8.2669490e+06   3.9550781e+01
   8.2701310e+06   4.3762207e+01
   8.3643260e+06   5.0781250e+01
   8.4040200e+06   4.0649414e+01
   8.4455110e+06   4.8034668e+01
   8.4927050e+06   5.3283691e+01
   8.4997470e+06   3.9855957e+01
   8.5946400e+06   4.7668457e+01
   8.6535030e+06   5.5236816e+01
   8.6611380e+06   4.4677734e+01
   8.6656750e+06   4.0405273e+01
   8.7037210e+06   4.4921875e+01
   8.7898930e+06   4.9987793e+01
   8.8398970e+06   5.3161621e+01
   8.9136310e+06   4.8400879e+01
   8.9478490e+06   4.0710449e+01
   8.9638290e+06   4.0832520e+01
   8.9918030e+06   5.3894043e+01
