   8.9990000e+06   0.0000000e+00
   2.6290000e+03   4.2968750e+01
   7.5360000e+03   4.1503906e+01
   1.1355000e+04   4.0283203e+01
   1.9120000e+04   6.7749023e+01
   2.0550000e+04   4.4067383e+01
   2.8265000e+04   4.9865723e+01
   3.5830000e+04   4.4616699e+01
   4.1180000e+04   4.5593262e+01
   4.8023000e+04   4.1564941e+01
   5.3691000e+04   5.9509277e+01
   5.8809000e+04   4.2785645e+01
   6.6539000e+04   4.5532227e+01
   8.0042000e+04   5.0415039e+01
   8.3971000e+04   4.2236328e+01
   8.8030000e+04   5.7495117e+01
   9.7040000e+04   6.0913086e+01
   1.0054700e+05   4.3884277e+01
   1.0277500e+05   4.7241211e+01
   1.1279200e+05   5.5114746e+01
   1.1956900e+05   4.5410156e+01
   1.3403100e+05   5.1818848e+01
   1.4161500e+05   4.0344238e+01
   1.4178100e+05   4.4860840e+01
   1.4918900e+05   5.3833008e+01
   1.6439500e+05   5.0903320e+01
   1.7240800e+05   4.5349121e+01
   1.7526000e+05   4.8339844e+01
   1.8378200e+05   4.2846680e+01
   1.8864300e+05   4.1503906e+01
   1.9556600e+05   5.5786133e+01
   2.0477300e+05   4.0344238e+01
   2.1017700e+05   4.5654297e+01
   2.1463400e+05   4.2602539e+01
   2.1870200e+05   4.6386719e+01
   2.2592900e+05   4.7119141e+01
   2.3680800e+05   5.3649902e+01
   2.4184400e+05   4.0832520e+01
   2.4412200e+05   4.6997070e+01
   2.5812800e+05   5.4565430e+01
   2.6156300e+05   5.8166504e+01
   2.7148500e+05   5.7189941e+01
   2.8226300e+05   4.8156738e+01
   2.9022500e+05   4.8217773e+01
   2.9972800e+05   4.1259766e+01
   3.0436400e+05   5.2673340e+01
   3.0883400e+05   4.2968750e+01
   3.1713700e+05   4.2419434e+01
   3.2902300e+05   4.6081543e+01
   3.3878500e+05   4.2053223e+01
   3.4441800e+05   5.1879883e+01
   3.5155100e+05   5.2307129e+01
   3.5861700e+05   4.5654297e+01
   3.6417500e+05   4.9560547e+01
   3.7486800e+05   5.2612305e+01
   3.7820700e+05   4.8156738e+01
   3.8594800e+05   4.5532227e+01
   3.8604600e+05   4.5043945e+01
   3.9268800e+05   4.2297363e+01
   3.9885600e+05   4.7729492e+01
   3.9905500e+05   4.3823242e+01
   4.0509000e+05   4.2968750e+01
   4.0870700e+05   4.5898438e+01
   4.1290900e+05   4.5166016e+01
   4.2814900e+05   4.1320801e+01
   4.3527700e+05   5.2124023e+01
   4.5180500e+05   4.0222168e+01
   4.5217200e+05   3.9611816e+01
   4.6444600e+05   5.3344727e+01
   4.6834600e+05   4.3762207e+01
   4.8227800e+05   5.7678223e+01
   4.8905800e+05   5.3100586e+01
   4.9201900e+05   4.3579102e+01
   4.9633700e+05   4.4433594e+01
   5.0486500e+05   4.7058105e+01
   5.1056200e+05   5.4687500e+01
   5.1507400e+05   4.9133301e+01
   5.2007200e+05   4.5593262e+01
   5.2033600e+05   4.1748047e+01
   5.2472500e+05   4.7729492e+01
   5.3586300e+05   4.9987793e+01
   5.4113600e+05   5.2734375e+01
   5.4698700e+05   5.3466797e+01
   5.5451600e+05   5.4870605e+01
   5.6030400e+05   4.2236328e+01
   5.6780000e+05   4.6691895e+01
   5.7360000e+05   4.3395996e+01
   5.7807400e+05   4.6997070e+01
   5.8698100e+05   4.1748047e+01
   5.9248600e+05   5.4626465e+01
   5.9973000e+05   4.4982910e+01
   6.0509600e+05   4.4372559e+01
   6.0849000e+05   4.0893555e+01
   6.2266400e+05   4.4494629e+01
   6.3337000e+05   3.9916992e+01
   6.4210000e+05   5.5541992e+01
   6.4509000e+05   4.8278809e+01
   6.4977800e+05   4.4006348e+01
   6.5527300e+05   4.1198730e+01
   6.5944200e+05   5.3344727e+01
   6.6608700e+05   4.8400879e+01
   6.7005800e+05   4.4555664e+01
   6.7570800e+05   4.6508789e+01
   6.8651100e+05   5.0781250e+01
   6.9361900e+05   5.7861328e+01
   6.9954300e+05   4.0405273e+01
   7.0748200e+05   4.4250488e+01
   7.2208300e+05   4.7058105e+01
   7.2578900e+05   4.3518066e+01
   7.2961300e+05   4.9255371e+01
   7.3469800e+05   5.1879883e+01
   7.3996300e+05   4.1320801e+01
   7.4757400e+05   5.8044434e+01
   7.5129900e+05   4.0466309e+01
   7.5691500e+05   4.3823242e+01
   7.6066900e+05   4.1381836e+01
   7.6130800e+05   4.4067383e+01
   7.7112000e+05   5.4138184e+01
   7.7635000e+05   4.2968750e+01
   7.7857000e+05   4.7485352e+01
   7.9141200e+05   3.9672852e+01
   7.9155000e+05   4.0161133e+01
   7.9417100e+05   5.6335449e+01
   7.9880100e+05   4.1625977e+01
   8.0561600e+05   4.8767090e+01
   8.0955500e+05   5.3710938e+01
   8.1936400e+05   6.8176270e+01
   8.2806300e+05   5.4138184e+01
   8.3564600e+05   4.4860840e+01
   8.4172700e+05   4.4555664e+01
   8.4997800e+05   5.8959961e+01
   8.5565800e+05   4.7729492e+01
   8.5583800e+05   4.2114258e+01
   8.6095000e+05   3.9916992e+01
   8.7044000e+05   4.3579102e+01
   8.7575900e+05   4.8950195e+01
   8.8036400e+05   5.6701660e+01
   8.8480600e+05   5.2124023e+01
   8.9197000e+05   4.4738770e+01
   8.9806500e+05   4.5654297e+01
   9.0229400e+05   4.9804688e+01
   9.1684600e+05   4.8339844e+01
   9.2177300e+05   4.4860840e+01
   9.2466600e+05   4.6691895e+01
   9.2896000e+05   4.8950195e+01
   9.4242800e+05   4.4982910e+01
   9.4500000e+05   4.5227051e+01
   9.5578700e+05   5.1330566e+01
   9.6116500e+05   4.7485352e+01
   9.6296800e+05   4.4921875e+01
   9.6788500e+05   4.4250488e+01
   9.7188700e+05   4.5166016e+01
   9.7694700e+05   4.5654297e+01
   9.7833900e+05   4.6020508e+01
   9.9499400e+05   5.7128906e+01
   1.0019800e+06   6.1096191e+01
   1.0071110e+06   4.1809082e+01
   1.0085660e+06   4.2480469e+01
   1.0167630e+06   5.2001953e+01
   1.0192740e+06   4.9560547e+01
   1.0297550e+06   5.0048828e+01
   1.0358160e+06   5.7312012e+01
   1.0441730e+06   7.0495605e+01
   1.0444430e+06   4.5349121e+01
   1.0490260e+06   4.3762207e+01
   1.0531230e+06   5.0170898e+01
   1.0585720e+06   5.6335449e+01
   1.0612820e+06   5.2734375e+01
   1.0677200e+06   5.0048828e+01
   1.0774500e+06   4.0222168e+01
   1.0820810e+06   4.4433594e+01
   1.0872510e+06   4.2053223e+01
   1.0949900e+06   5.2246094e+01
   1.1027300e+06   6.1340332e+01
   1.1090550e+06   4.6447754e+01
   1.1126060e+06   4.6813965e+01
   1.1162270e+06   4.9316406e+01
   1.1255560e+06   4.9499512e+01
   1.1288200e+06   4.1870117e+01
   1.1356670e+06   4.4006348e+01
   1.1397730e+06   5.4626465e+01
   1.1441320e+06   4.5471191e+01
   1.1491120e+06   4.8461914e+01
   1.1589810e+06   4.9743652e+01
   1.1718810e+06   4.7790527e+01
   1.1783720e+06   4.3640137e+01
   1.1962310e+06   4.7729492e+01
   1.2000620e+06   4.8583984e+01
   1.2019660e+06   4.5043945e+01
   1.2153430e+06   5.1574707e+01
   1.2226470e+06   4.5898438e+01
   1.2322290e+06   4.7241211e+01
   1.2379760e+06   5.3283691e+01
   1.2454660e+06   4.2785645e+01
   1.2545630e+06   4.3884277e+01
   1.2611030e+06   4.9865723e+01
   1.2656750e+06   4.8095703e+01
   1.2657890e+06   4.3579102e+01
   1.2715740e+06   4.5593262e+01
   1.2716810e+06   4.0832520e+01
   1.2732940e+06   4.3640137e+01
   1.2848360e+06   4.2907715e+01
   1.2850330e+06   3.9733887e+01
   1.2908570e+06   5.7189941e+01
   1.2966950e+06   4.0771484e+01
   1.3008820e+06   5.0842285e+01
   1.3104920e+06   4.7058105e+01
   1.3151050e+06   5.0048828e+01
   1.3222910e+06   3.9733887e+01
   1.3328870e+06   4.9743652e+01
   1.3369370e+06   4.2602539e+01
   1.3447650e+06   4.9865723e+01
   1.3520780e+06   4.1198730e+01
   1.3562610e+06   4.2053223e+01
   1.3636540e+06   4.5288086e+01
   1.3760100e+06   4.5043945e+01
   1.3811530e+06   4.2968750e+01
   1.3918870e+06   5.2062988e+01
   1.3960960e+06   4.7363281e+01
   1.4011360e+06   4.9621582e+01
   1.4074310e+06   6.2377930e+01
   1.4124690e+06   6.0791016e+01
   1.4166180e+06   4.2114258e+01
   1.4231680e+06   5.1757812e+01
   1.4293700e+06   4.2907715e+01
   1.4345370e+06   4.1931152e+01
   1.4396370e+06   5.0537109e+01
   1.4423860e+06   4.3334961e+01
   1.4475530e+06   4.0588379e+01
   1.4522020e+06   5.1513672e+01
   1.4669970e+06   4.5593262e+01
   1.4738510e+06   4.0893555e+01
   1.4786750e+06   4.2114258e+01
   1.4789200e+06   4.2114258e+01
   1.4835620e+06   4.1992188e+01
   1.4902190e+06   5.0354004e+01
   1.4938700e+06   4.9804688e+01
   1.4981950e+06   4.9926758e+01
   1.5026320e+06   4.0222168e+01
   1.5100160e+06   5.2062988e+01
   1.5146330e+06   6.1645508e+01
   1.5236880e+06   5.2001953e+01
   1.5309390e+06   4.7485352e+01
   1.5389380e+06   4.1931152e+01
   1.5424010e+06   4.7912598e+01
   1.5440570e+06   4.3640137e+01
   1.5474020e+06   4.9682617e+01
   1.5509350e+06   5.4382324e+01
   1.5562670e+06   4.6875000e+01
   1.5626070e+06   4.9438477e+01
   1.5677550e+06   4.4799805e+01
   1.5751830e+06   4.4067383e+01
   1.5789860e+06   4.2968750e+01
   1.5832320e+06   4.8706055e+01
   1.5898970e+06   4.4982910e+01
   1.5911230e+06   4.0039062e+01
   1.5934870e+06   4.2114258e+01
   1.6057740e+06   5.3039551e+01
   1.6091270e+06   4.1503906e+01
   1.6177090e+06   4.2053223e+01
   1.6248290e+06   5.2001953e+01
   1.6302560e+06   4.4189453e+01
   1.6354470e+06   5.2490234e+01
   1.6413480e+06   4.3395996e+01
   1.6489770e+06   6.2011719e+01
   1.6529550e+06   4.6325684e+01
   1.6598220e+06   4.6203613e+01
   1.6724510e+06   5.6030273e+01
   1.6800590e+06   5.6823730e+01
   1.6854580e+06   3.9794922e+01
   1.6931360e+06   4.3518066e+01
   1.6932710e+06   4.1931152e+01
   1.7079580e+06   4.4677734e+01
   1.7134160e+06   4.7241211e+01
   1.7135250e+06   4.1625977e+01
   1.7182920e+06   4.2968750e+01
   1.7244540e+06   5.1452637e+01
   1.7307380e+06   4.1442871e+01
   1.7343450e+06   4.4128418e+01
   1.7413250e+06   4.3395996e+01
   1.7480320e+06   4.6813965e+01
   1.7500950e+06   4.8278809e+01
   1.7566570e+06   4.2175293e+01
   1.7624980e+06   4.3457031e+01
   1.7666040e+06   4.3884277e+01
   1.7686100e+06   4.1687012e+01
   1.7725760e+06   3.9733887e+01
   1.7789260e+06   4.1687012e+01
   1.7897030e+06   4.1809082e+01
   1.8004480e+06   4.6752930e+01
   1.8048740e+06   4.1564941e+01
   1.8073660e+06   4.8706055e+01
   1.8118770e+06   5.3344727e+01
   1.8169390e+06   5.1086426e+01
   1.8217140e+06   4.9560547e+01
   1.8267940e+06   4.6936035e+01
   1.8406420e+06   4.7912598e+01
   1.8440300e+06   5.4260254e+01
   1.8495770e+06   4.5043945e+01
   1.8618780e+06   4.2724609e+01
   1.8671310e+06   4.2846680e+01
   1.8834480e+06   5.0048828e+01
   1.8893000e+06   4.4799805e+01
   1.8941210e+06   3.9611816e+01
   1.9012760e+06   4.4982910e+01
   1.9025490e+06   4.0588379e+01
   1.9119640e+06   5.0415039e+01
   1.9188460e+06   4.4860840e+01
   1.9237860e+06   4.2724609e+01
   1.9297340e+06   4.5593262e+01
   1.9354320e+06   4.6386719e+01
   1.9437230e+06   5.8227539e+01
   1.9484420e+06   4.7729492e+01
   1.9569680e+06   4.7485352e+01
   1.9616020e+06   4.9316406e+01
   1.9668940e+06   5.4443359e+01
   1.9728010e+06   5.4748535e+01
   1.9751340e+06   4.5959473e+01
   1.9829410e+06   4.1870117e+01
   1.9867820e+06   5.1574707e+01
   1.9938290e+06   5.0720215e+01
   2.0041480e+06   5.1147461e+01
   2.0127120e+06   4.8217773e+01
   2.0156900e+06   4.8461914e+01
   2.0270710e+06   5.3894043e+01
   2.0311940e+06   4.2358398e+01
   2.0340950e+06   4.6020508e+01
   2.0374090e+06   4.5715332e+01
   2.0497310e+06   5.0048828e+01
   2.0551960e+06   4.9316406e+01
   2.0621280e+06   4.2053223e+01
   2.0688430e+06   4.7851562e+01
   2.0768830e+06   4.0466309e+01
   2.0829230e+06   4.6997070e+01
   2.0843200e+06   4.8400879e+01
   2.0931930e+06   4.9743652e+01
   2.0995820e+06   4.9255371e+01
   2.1025910e+06   4.6264648e+01
   2.1072960e+06   3.9794922e+01
   2.1122210e+06   5.6518555e+01
   2.1177690e+06   4.1564941e+01
   2.1248280e+06   4.8767090e+01
   2.1321140e+06   4.4067383e+01
   2.1370570e+06   5.0964355e+01
   2.1413220e+06   4.8706055e+01
   2.1505250e+06   4.0222168e+01
   2.1534340e+06   4.1259766e+01
   2.1596990e+06   4.9560547e+01
   2.1677520e+06   5.2917480e+01
   2.1766820e+06   4.2480469e+01
   2.1860590e+06   5.0231934e+01
   2.1862560e+06   4.0893555e+01
   2.1897940e+06   4.0161133e+01
   2.1974670e+06   4.8522949e+01
   2.2045220e+06   4.2846680e+01
   2.2095990e+06   5.5786133e+01
   2.2127010e+06   4.3334961e+01
   2.2196370e+06   4.3762207e+01
   2.2264670e+06   4.5410156e+01
   2.2265920e+06   4.0893555e+01
   2.2278510e+06   4.5898438e+01
   2.2319650e+06   4.8278809e+01
   2.2370840e+06   5.2062988e+01
   2.2404720e+06   4.6630859e+01
   2.2492350e+06   5.0292969e+01
   2.2532890e+06   4.3395996e+01
   2.2534000e+06   4.4677734e+01
   2.2647810e+06   6.0852051e+01
   2.2668300e+06   4.2846680e+01
   2.2747950e+06   3.9733887e+01
   2.2775300e+06   5.3833008e+01
   2.2913020e+06   4.6325684e+01
   2.2973850e+06   4.8217773e+01
   2.3065520e+06   4.0893555e+01
   2.3148670e+06   4.7668457e+01
   2.3189560e+06   5.5786133e+01
   2.3268070e+06   4.6630859e+01
   2.3326250e+06   4.5959473e+01
   2.3365010e+06   4.5654297e+01
   2.3399450e+06   5.0415039e+01
   2.3482650e+06   4.2968750e+01
   2.3524760e+06   4.4860840e+01
   2.3590160e+06   4.6936035e+01
   2.3623160e+06   4.7485352e+01
   2.3671250e+06   4.1076660e+01
   2.3771760e+06   5.0048828e+01
   2.3848900e+06   5.8471680e+01
   2.3886700e+06   4.7241211e+01
   2.3941470e+06   4.5837402e+01
   2.3972400e+06   4.3395996e+01
   2.4045440e+06   5.2368164e+01
   2.4095560e+06   4.6630859e+01
   2.4208550e+06   4.4921875e+01
   2.4357080e+06   6.4575195e+01
   2.4496360e+06   4.4982910e+01
   2.4561660e+06   5.4992676e+01
   2.4630140e+06   5.4260254e+01
   2.4688460e+06   4.9926758e+01
   2.4738120e+06   4.7424316e+01
   2.4833110e+06   4.3273926e+01
   2.4897330e+06   4.0283203e+01
   2.4921390e+06   4.0100098e+01
   2.4993440e+06   5.0842285e+01
   2.5009970e+06   4.5532227e+01
   2.5082170e+06   4.3395996e+01
   2.5215620e+06   4.8461914e+01
   2.5290840e+06   4.0161133e+01
   2.5347510e+06   5.8227539e+01
   2.5392720e+06   4.0283203e+01
   2.5450910e+06   5.0781250e+01
   2.5474580e+06   4.5166016e+01
   2.5513340e+06   5.2978516e+01
   2.5626940e+06   4.8583984e+01
   2.5669240e+06   3.9916992e+01
   2.5766420e+06   5.1940918e+01
   2.5875300e+06   5.2856445e+01
   2.5924470e+06   4.6691895e+01
   2.5988420e+06   4.0771484e+01
   2.6088210e+06   4.5043945e+01
   2.6100860e+06   4.4006348e+01
   2.6158890e+06   5.1574707e+01
   2.6193590e+06   5.0720215e+01
   2.6284510e+06   5.7800293e+01
   2.6299950e+06   4.0344238e+01
   2.6324750e+06   5.0720215e+01
   2.6374640e+06   4.3090820e+01
   2.6489890e+06   4.5593262e+01
   2.6565660e+06   4.6081543e+01
   2.6599770e+06   5.5358887e+01
   2.6646250e+06   4.5043945e+01
   2.6711410e+06   5.5969238e+01
   2.6742070e+06   4.8278809e+01
   2.6812570e+06   4.2846680e+01
   2.6882070e+06   4.3457031e+01
   2.6974490e+06   6.7932129e+01
   2.7101610e+06   4.7668457e+01
   2.7189920e+06   5.0903320e+01
   2.7289790e+06   5.0231934e+01
   2.7336090e+06   4.7180176e+01
   2.7434120e+06   5.3161621e+01
   2.7460740e+06   4.0649414e+01
   2.7564750e+06   6.0913086e+01
   2.7614670e+06   5.7067871e+01
   2.7658580e+06   4.3945312e+01
   2.7703370e+06   5.4321289e+01
   2.7769040e+06   5.2062988e+01
   2.7870700e+06   4.2053223e+01
   2.7955450e+06   5.6030273e+01
   2.8049970e+06   5.7983398e+01
   2.8075490e+06   4.7302246e+01
   2.8144970e+06   5.4809570e+01
   2.8308600e+06   4.5532227e+01
   2.8366650e+06   5.6091309e+01
   2.8420320e+06   4.1442871e+01
   2.8467700e+06   4.5837402e+01
   2.8590100e+06   4.8889160e+01
   2.8631670e+06   5.1940918e+01
   2.8715870e+06   4.3395996e+01
   2.8769440e+06   5.8776855e+01
   2.8788520e+06   5.7128906e+01
   2.8894810e+06   3.9611816e+01
   2.8973590e+06   4.8706055e+01
   2.9021910e+06   4.4921875e+01
   2.9060740e+06   5.5114746e+01
   2.9145560e+06   5.1208496e+01
   2.9168780e+06   4.3701172e+01
   2.9192230e+06   4.5104980e+01
   2.9227590e+06   3.9855957e+01
   2.9317840e+06   4.3334961e+01
   2.9471400e+06   5.0231934e+01
   2.9589300e+06   5.1025391e+01
   2.9655920e+06   5.4443359e+01
   2.9705080e+06   4.7302246e+01
   2.9763250e+06   4.5471191e+01
   2.9868380e+06   4.6997070e+01
   2.9899690e+06   4.5471191e+01
   2.9949970e+06   5.2490234e+01
   3.0059230e+06   4.8339844e+01
   3.0118000e+06   4.4860840e+01
   3.0145010e+06   6.0607910e+01
   3.0237350e+06   4.7363281e+01
   3.0278760e+06   4.4372559e+01
   3.0382690e+06   3.9916992e+01
   3.0436570e+06   5.5603027e+01
   3.0453410e+06   4.4494629e+01
   3.0541580e+06   4.1687012e+01
   3.0582540e+06   4.4067383e+01
   3.0629620e+06   4.9072266e+01
   3.0648700e+06   5.0170898e+01
   3.0674680e+06   5.0659180e+01
   3.0774220e+06   4.5593262e+01
   3.0857940e+06   4.5715332e+01
   3.0909500e+06   4.6936035e+01
   3.0981450e+06   4.8706055e+01
   3.1021500e+06   4.9011230e+01
   3.1144240e+06   6.5979004e+01
   3.1144980e+06   4.2541504e+01
   3.1214730e+06   4.1015625e+01
   3.1306760e+06   6.1706543e+01
   3.1349640e+06   4.1198730e+01
   3.1421990e+06   4.7485352e+01
   3.1464540e+06   4.3701172e+01
   3.1590010e+06   4.3090820e+01
   3.1650280e+06   4.6386719e+01
   3.1708250e+06   4.5837402e+01
   3.1778840e+06   4.3884277e+01
   3.1925430e+06   4.2785645e+01
   3.1927600e+06   4.6997070e+01
   3.1996390e+06   5.6518555e+01
   3.2041160e+06   4.4372559e+01
   3.2063700e+06   4.0161133e+01
   3.2145960e+06   4.9499512e+01
   3.2224610e+06   4.8278809e+01
   3.2287210e+06   5.1452637e+01
   3.2347850e+06   4.3640137e+01
   3.2411630e+06   4.9438477e+01
   3.2456740e+06   4.5959473e+01
   3.2600380e+06   5.4260254e+01
   3.2685850e+06   5.0292969e+01
   3.2700770e+06   4.7363281e+01
   3.2788890e+06   4.8278809e+01
   3.2832670e+06   5.8288574e+01
   3.2905610e+06   4.2236328e+01
   3.2928310e+06   4.3884277e+01
   3.3019110e+06   3.9733887e+01
   3.3056250e+06   5.5175781e+01
   3.3175630e+06   6.0424805e+01
   3.3233260e+06   4.6264648e+01
   3.3286320e+06   5.4992676e+01
   3.3321680e+06   5.0964355e+01
   3.3372300e+06   4.2175293e+01
   3.3410360e+06   4.0771484e+01
   3.3479520e+06   4.4128418e+01
   3.3558880e+06   3.9855957e+01
   3.3630680e+06   5.0476074e+01
   3.3683480e+06   6.4941406e+01
   3.3704480e+06   4.1992188e+01
   3.3815170e+06   4.7851562e+01
   3.3847570e+06   4.4982910e+01
   3.3873490e+06   4.4433594e+01
   3.3959590e+06   4.3640137e+01
   3.4014260e+06   5.4260254e+01
   3.4056230e+06   5.8410645e+01
   3.4098540e+06   4.3701172e+01
   3.4172840e+06   4.7912598e+01
   3.4269500e+06   5.6579590e+01
   3.4303850e+06   5.4016113e+01
   3.4399780e+06   5.1574707e+01
   3.4472370e+06   4.5898438e+01
   3.4515220e+06   4.7485352e+01
   3.4622540e+06   4.4189453e+01
   3.4623400e+06   4.1015625e+01
   3.4659270e+06   5.0720215e+01
   3.4694750e+06   5.3222656e+01
   3.4770840e+06   5.9509277e+01
   3.4791080e+06   4.2114258e+01
   3.4852360e+06   5.1452637e+01
   3.4902110e+06   4.3762207e+01
   3.5001270e+06   4.6875000e+01
   3.5054120e+06   5.2795410e+01
   3.5086560e+06   4.8217773e+01
   3.5124650e+06   4.7180176e+01
   3.5164950e+06   5.0292969e+01
   3.5208040e+06   3.9550781e+01
   3.5248020e+06   5.2429199e+01
   3.5316860e+06   5.2124023e+01
   3.5374900e+06   4.0283203e+01
   3.5517790e+06   4.2846680e+01
   3.5632620e+06   5.5725098e+01
   3.5736680e+06   4.8645020e+01
   3.5808310e+06   4.7607422e+01
   3.5869740e+06   5.1757812e+01
   3.5934310e+06   4.9377441e+01
   3.5993240e+06   5.2856445e+01
   3.6007890e+06   4.9133301e+01
   3.6088320e+06   4.7790527e+01
   3.6136040e+06   5.4443359e+01
   3.6199800e+06   4.9377441e+01
   3.6265980e+06   4.3090820e+01
   3.6337240e+06   6.1279297e+01
   3.6386020e+06   4.4799805e+01
   3.6506140e+06   4.8156738e+01
   3.6576800e+06   4.1442871e+01
   3.6596640e+06   4.4921875e+01
   3.6650270e+06   4.6569824e+01
   3.6676250e+06   4.2785645e+01
   3.6749590e+06   4.3029785e+01
   3.6842730e+06   4.6813965e+01
   3.6882900e+06   4.3395996e+01
   3.6952170e+06   4.6142578e+01
   3.6972720e+06   4.2785645e+01
   3.7002020e+06   4.5471191e+01
   3.7047870e+06   4.6081543e+01
   3.7110030e+06   5.0964355e+01
   3.7163110e+06   5.0537109e+01
   3.7282370e+06   5.6091309e+01
   3.7342450e+06   4.9499512e+01
   3.7397500e+06   4.3273926e+01
   3.7460350e+06   5.0354004e+01
   3.7511000e+06   4.7363281e+01
   3.7637240e+06   4.7790527e+01
   3.7725800e+06   4.1503906e+01
   3.7762140e+06   4.6264648e+01
   3.7834760e+06   5.0170898e+01
   3.7890170e+06   6.0607910e+01
   3.7927210e+06   4.4677734e+01
   3.8021030e+06   4.7546387e+01
   3.8063070e+06   4.1931152e+01
   3.8064160e+06   4.0222168e+01
   3.8180960e+06   4.9194336e+01
   3.8250620e+06   6.3598633e+01
   3.8285880e+06   5.0476074e+01
   3.8387130e+06   4.8889160e+01
   3.8458490e+06   4.4372559e+01
   3.8580890e+06   4.5593262e+01
   3.8642350e+06   4.9499512e+01
   3.8706290e+06   4.3212891e+01
   3.8778660e+06   4.1320801e+01
   3.8834600e+06   4.4799805e+01
   3.8876680e+06   5.7189941e+01
   3.8908510e+06   5.5908203e+01
   3.8982020e+06   4.5410156e+01
   3.9043880e+06   5.0231934e+01
   3.9074240e+06   4.1259766e+01
   3.9123490e+06   5.1208496e+01
   3.9185800e+06   4.4189453e+01
   3.9333760e+06   4.1564941e+01
   3.9401940e+06   4.7058105e+01
   3.9465090e+06   6.0546875e+01
   3.9578140e+06   4.7607422e+01
   3.9663960e+06   4.7180176e+01
   3.9688510e+06   3.9978027e+01
   3.9748960e+06   5.3894043e+01
   3.9865650e+06   4.4433594e+01
   3.9936570e+06   5.8593750e+01
   3.9960190e+06   4.2480469e+01
   4.0000570e+06   4.1992188e+01
   4.0040010e+06   4.6020508e+01
   4.0143810e+06   4.8095703e+01
   4.0272100e+06   4.8156738e+01
   4.0335810e+06   4.5471191e+01
   4.0402690e+06   5.6030273e+01
   4.0474580e+06   4.8461914e+01
   4.0565520e+06   4.6569824e+01
   4.0628980e+06   4.6936035e+01
   4.0666360e+06   4.1137695e+01
   4.0853190e+06   5.6701660e+01
   4.0876270e+06   4.5471191e+01
   4.0971860e+06   4.7729492e+01
   4.1053440e+06   4.1320801e+01
   4.1083350e+06   5.3527832e+01
   4.1142880e+06   6.1218262e+01
   4.1191360e+06   5.3222656e+01
   4.1284530e+06   4.3701172e+01
   4.1361090e+06   4.8339844e+01
   4.1450730e+06   5.3955078e+01
   4.1528380e+06   4.1625977e+01
   4.1581490e+06   4.2541504e+01
   4.1631870e+06   5.2246094e+01
   4.1666270e+06   4.7241211e+01
   4.1709020e+06   4.3823242e+01
   4.1774290e+06   5.2917480e+01
   4.1812100e+06   4.9377441e+01
   4.1849100e+06   4.2907715e+01
   4.1923680e+06   5.6945801e+01
   4.1969180e+06   4.0222168e+01
   4.2042050e+06   4.5227051e+01
   4.2122380e+06   4.4555664e+01
   4.2205970e+06   4.5410156e+01
   4.2253210e+06   6.1096191e+01
   4.2296900e+06   4.6569824e+01
   4.2354000e+06   4.7424316e+01
   4.2443660e+06   5.3527832e+01
   4.2493320e+06   4.6020508e+01
   4.2528340e+06   4.0832520e+01
   4.2581290e+06   3.9794922e+01
   4.2640810e+06   4.1687012e+01
   4.2740230e+06   4.8767090e+01
   4.2789620e+06   4.3518066e+01
   4.2848290e+06   5.0781250e+01
   4.2911150e+06   5.2062988e+01
   4.2998900e+06   4.4982910e+01
   4.3001140e+06   4.3273926e+01
   4.3057650e+06   4.8278809e+01
   4.3124600e+06   5.3955078e+01
   4.3188320e+06   4.0649414e+01
   4.3232280e+06   4.3579102e+01
   4.3323020e+06   4.5471191e+01
   4.3396610e+06   4.6630859e+01
   4.3423900e+06   5.5908203e+01
   4.3487680e+06   4.2541504e+01
   4.3573480e+06   6.8176270e+01
   4.3672240e+06   4.9255371e+01
   4.3709100e+06   4.2419434e+01
   4.3851650e+06   4.8461914e+01
   4.3933680e+06   5.1696777e+01
   4.4029950e+06   4.4250488e+01
   4.4094370e+06   4.6020508e+01
   4.4154020e+06   4.6386719e+01
   4.4155270e+06   4.1076660e+01
   4.4242130e+06   4.6813965e+01
   4.4325200e+06   4.3151855e+01
   4.4368240e+06   4.3579102e+01
   4.4411230e+06   3.9550781e+01
   4.4521540e+06   6.8359375e+01
   4.4549800e+06   4.4738770e+01
   4.4582560e+06   5.2856445e+01
   4.4632040e+06   4.8828125e+01
   4.4719390e+06   3.9916992e+01
   4.4807000e+06   5.3283691e+01
   4.4866600e+06   4.1809082e+01
   4.4881520e+06   4.8217773e+01
   4.4958400e+06   4.2358398e+01
   4.5015200e+06   4.7790527e+01
   4.5103270e+06   4.5043945e+01
   4.5197100e+06   4.4433594e+01
   4.5256300e+06   4.7241211e+01
   4.5298420e+06   4.0771484e+01
   4.5354380e+06   4.4433594e+01
   4.5423900e+06   4.6386719e+01
   4.5466760e+06   5.2612305e+01
   4.5583350e+06   4.1259766e+01
   4.5651760e+06   4.3273926e+01
   4.5683220e+06   4.4067383e+01
   4.5740450e+06   4.0100098e+01
   4.5848130e+06   5.7128906e+01
   4.5927470e+06   4.0771484e+01
   4.6015590e+06   4.7607422e+01
   4.6038880e+06   5.5664063e+01
   4.6231540e+06   4.6081543e+01
   4.6314700e+06   4.3579102e+01
   4.6427180e+06   4.5104980e+01
   4.6494110e+06   5.3833008e+01
   4.6559920e+06   4.1564941e+01
   4.6600800e+06   5.2734375e+01
   4.6629870e+06   5.4443359e+01
   4.6704500e+06   5.1879883e+01
   4.6750260e+06   4.8706055e+01
   4.6789600e+06   5.6152344e+01
   4.6885180e+06   5.2124023e+01
   4.6942250e+06   4.0283203e+01
   4.6957160e+06   4.5288086e+01
   4.7020320e+06   5.4138184e+01
   4.7037660e+06   4.5959473e+01
   4.7084850e+06   4.2541504e+01
   4.7152990e+06   4.8156738e+01
   4.7257350e+06   5.9814453e+01
   4.7451730e+06   5.3344727e+01
   4.7552800e+06   3.9672852e+01
   4.7574910e+06   4.0893555e+01
   4.7677280e+06   5.6945801e+01
   4.7743350e+06   4.7180176e+01
   4.7832380e+06   4.6325684e+01
   4.7869200e+06   4.2053223e+01
   4.7962080e+06   4.6142578e+01
   4.8094490e+06   4.3457031e+01
   4.8141700e+06   4.6752930e+01
   4.8195000e+06   4.3151855e+01
   4.8278800e+06   4.9987793e+01
   4.8356990e+06   4.1809082e+01
   4.8431990e+06   4.2602539e+01
   4.8483460e+06   3.9978027e+01
   4.8506650e+06   5.1147461e+01
   4.8567090e+06   4.2724609e+01
   4.8602970e+06   4.5410156e+01
   4.8632150e+06   4.1931152e+01
   4.8733690e+06   4.6203613e+01
   4.8787270e+06   4.7912598e+01
   4.8788250e+06   3.9733887e+01
   4.8948560e+06   5.3283691e+01
   4.9033700e+06   5.2673340e+01
   4.9102490e+06   5.5236816e+01
   4.9106830e+06   4.2602539e+01
   4.9181060e+06   4.3273926e+01
   4.9271110e+06   4.0222168e+01
   4.9335110e+06   4.5471191e+01
   4.9366570e+06   5.9265137e+01
   4.9460620e+06   4.7973633e+01
   4.9462420e+06   4.2419434e+01
   4.9533740e+06   5.1208496e+01
   4.9637230e+06   4.8522949e+01
   4.9770420e+06   5.6762695e+01
   4.9794310e+06   4.9194336e+01
   4.9825830e+06   4.8889160e+01
   4.9870690e+06   4.6325684e+01
   4.9959080e+06   4.1259766e+01
   5.0021130e+06   4.2907715e+01
   5.0061650e+06   5.3466797e+01
   5.0081020e+06   4.5654297e+01
   5.0161520e+06   4.4616699e+01
   5.0232020e+06   4.6508789e+01
   5.0316010e+06   4.1870117e+01
   5.0421910e+06   4.9499512e+01
   5.0483080e+06   4.4311523e+01
   5.0604280e+06   6.3171387e+01
   5.0632130e+06   5.0720215e+01
   5.0706940e+06   4.2175293e+01
   5.0781530e+06   4.3884277e+01
   5.0948260e+06   3.9916992e+01
   5.0973830e+06   4.8461914e+01
   5.1094450e+06   4.5410156e+01
   5.1151480e+06   4.8156738e+01
   5.1238560e+06   4.8400879e+01
   5.1239900e+06   4.6386719e+01
   5.1283450e+06   4.8217773e+01
   5.1397500e+06   4.9560547e+01
   5.1479740e+06   4.4799805e+01
   5.1598300e+06   5.0048828e+01
   5.1643770e+06   5.1025391e+01
   5.1727690e+06   4.0588379e+01
   5.1783390e+06   4.4677734e+01
   5.1878080e+06   4.8828125e+01
   5.1949910e+06   4.4128418e+01
   5.2169540e+06   4.6203613e+01
   5.2293890e+06   4.9133301e+01
   5.2295120e+06   3.9855957e+01
   5.2438280e+06   6.2072754e+01
   5.2497080e+06   4.2541504e+01
   5.2601320e+06   4.3579102e+01
   5.2641320e+06   4.8095703e+01
   5.2723010e+06   5.4016113e+01
   5.2800540e+06   4.8400879e+01
   5.2850870e+06   4.9804688e+01
   5.2964800e+06   4.8156738e+01
   5.2996380e+06   4.1503906e+01
   5.3082810e+06   4.3762207e+01
   5.3172560e+06   5.7373047e+01
   5.3239870e+06   4.6203613e+01
   5.3280260e+06   4.5166016e+01
   5.3353590e+06   5.2062988e+01
   5.3456810e+06   4.8645020e+01
   5.3557820e+06   5.4748535e+01
   5.3635380e+06   4.8278809e+01
   5.3682290e+06   4.0039062e+01
   5.3788470e+06   4.8645020e+01
   5.3871640e+06   3.9672852e+01
   5.3883520e+06   6.3415527e+01
   5.3884600e+06   3.9916992e+01
   5.3943910e+06   4.8706055e+01
   5.3961630e+06   5.2978516e+01
   5.4002430e+06   4.5227051e+01
   5.4068090e+06   4.3090820e+01
   5.4216380e+06   4.6447754e+01
   5.4292390e+06   4.7851562e+01
   5.4293370e+06   4.1564941e+01
   5.4334090e+06   4.1076660e+01
   5.4375930e+06   4.3823242e+01
   5.4527810e+06   4.7851562e+01
   5.4576180e+06   4.5837402e+01
   5.4675160e+06   4.7241211e+01
   5.4792170e+06   5.5725098e+01
   5.4837490e+06   4.6447754e+01
   5.4861520e+06   4.0832520e+01
   5.4912690e+06   4.4738770e+01
   5.5038120e+06   5.6762695e+01
   5.5040530e+06   4.2846680e+01
   5.5084860e+06   4.0283203e+01
   5.5132840e+06   5.1513672e+01
   5.5194190e+06   4.6508789e+01
   5.5340330e+06   4.6569824e+01
   5.5341190e+06   4.4860840e+01
   5.5435460e+06   4.5349121e+01
   5.5498290e+06   4.7363281e+01
   5.5582520e+06   4.0039062e+01
   5.5647840e+06   6.1279297e+01
   5.5847960e+06   5.7861328e+01
   5.5908920e+06   5.1696777e+01
   5.5935330e+06   4.1625977e+01
   5.6036540e+06   4.8217773e+01
   5.6037690e+06   4.0771484e+01
   5.6053740e+06   4.6997070e+01
   5.6122040e+06   4.1076660e+01
   5.6213660e+06   4.8339844e+01
   5.6239280e+06   4.3273926e+01
   5.6287920e+06   4.8889160e+01
   5.6358520e+06   5.0231934e+01
   5.6408620e+06   4.9255371e+01
   5.6500940e+06   5.0903320e+01
   5.6640360e+06   4.2663574e+01
   5.6682460e+06   4.5898438e+01
   5.6683420e+06   4.6447754e+01
   5.6732220e+06   4.3518066e+01
   5.6795310e+06   4.7973633e+01
   5.6867120e+06   5.2062988e+01
   5.6944090e+06   5.2917480e+01
   5.7000010e+06   4.7180176e+01
   5.7001820e+06   4.0588379e+01
   5.7101140e+06   4.6020508e+01
   5.7199120e+06   5.2551270e+01
   5.7275860e+06   4.1687012e+01
   5.7335280e+06   4.4494629e+01
   5.7441950e+06   5.2551270e+01
   5.7577610e+06   4.3823242e+01
   5.7750410e+06   5.3771973e+01
   5.7784860e+06   4.5227051e+01
   5.7843450e+06   4.4860840e+01
   5.7918560e+06   4.0405273e+01
   5.7942690e+06   4.3029785e+01
   5.8002190e+06   5.0231934e+01
   5.8081740e+06   5.7800293e+01
   5.8135960e+06   4.2480469e+01
   5.8214880e+06   4.6691895e+01
   5.8311750e+06   5.7434082e+01
   5.8375560e+06   6.1340332e+01
   5.8528560e+06   4.5776367e+01
   5.8563250e+06   5.4992676e+01
   5.8655660e+06   5.6335449e+01
   5.8788170e+06   4.2968750e+01
   5.8846220e+06   5.5480957e+01
   5.8965920e+06   4.4372559e+01
   5.9062150e+06   4.3334961e+01
   5.9135520e+06   5.1452637e+01
   5.9157750e+06   5.0231934e+01
   5.9282840e+06   4.4006348e+01
   5.9360040e+06   4.4982910e+01
   5.9418090e+06   4.8339844e+01
   5.9556940e+06   6.4270020e+01
   5.9600260e+06   4.6203613e+01
   5.9668200e+06   4.9987793e+01
   5.9707920e+06   4.2053223e+01
   5.9836050e+06   3.9672852e+01
   5.9936180e+06   4.3395996e+01
   5.9966220e+06   4.7119141e+01
   6.0080120e+06   4.4067383e+01
   6.0097700e+06   5.8105469e+01
   6.0123710e+06   4.1809082e+01
   6.0252390e+06   5.2124023e+01
   6.0340650e+06   4.7119141e+01
   6.0405490e+06   4.5104980e+01
   6.0510440e+06   4.3884277e+01
   6.0581280e+06   4.4738770e+01
   6.0582740e+06   4.3151855e+01
   6.0734470e+06   6.1584473e+01
   6.0756860e+06   4.2907715e+01
   6.0757290e+06   4.2663574e+01
   6.0857780e+06   4.9804688e+01
   6.0897250e+06   4.1137695e+01
   6.0961620e+06   4.2663574e+01
   6.1005580e+06   4.0649414e+01
   6.1083300e+06   4.8767090e+01
   6.1181910e+06   6.2072754e+01
   6.1224600e+06   4.4006348e+01
   6.1378460e+06   5.0720215e+01
   6.1431120e+06   4.8339844e+01
   6.1432950e+06   5.0659180e+01
   6.1483240e+06   4.8950195e+01
   6.1591050e+06   4.5715332e+01
   6.1661830e+06   4.8706055e+01
   6.1726260e+06   4.2236328e+01
   6.1808470e+06   4.7302246e+01
   6.1844830e+06   3.9855957e+01
   6.1919910e+06   4.8217773e+01
   6.1931240e+06   4.9072266e+01
   6.1977280e+06   5.2185059e+01
   6.2027140e+06   4.9011230e+01
   6.2061220e+06   5.4687500e+01
   6.2123530e+06   5.1940918e+01
   6.2299780e+06   4.5532227e+01
   6.2436850e+06   4.5166016e+01
   6.2456670e+06   4.3395996e+01
   6.2524200e+06   4.2480469e+01
   6.2599250e+06   4.2236328e+01
   6.2673190e+06   4.3395996e+01
   6.2702420e+06   4.1320801e+01
   6.2822460e+06   4.0100098e+01
   6.2926020e+06   4.1381836e+01
   6.2927260e+06   4.2114258e+01
   6.3166160e+06   5.2062988e+01
   6.3235190e+06   6.5124512e+01
   6.3392760e+06   5.5419922e+01
   6.3514770e+06   4.0649414e+01
   6.3590470e+06   5.7495117e+01
   6.3716070e+06   5.6762695e+01
   6.3749810e+06   4.3945312e+01
   6.3849730e+06   4.3579102e+01
   6.3977450e+06   5.2062988e+01
   6.4113170e+06   4.1931152e+01
   6.4140880e+06   4.0161133e+01
   6.4186080e+06   4.0527344e+01
   6.4222390e+06   5.1513672e+01
   6.4304130e+06   4.9804688e+01
   6.4332370e+06   4.4128418e+01
   6.4444000e+06   5.0476074e+01
   6.4552880e+06   5.0964355e+01
   6.4614840e+06   4.0527344e+01
   6.4668500e+06   5.7800293e+01
   6.4753060e+06   4.9194336e+01
   6.4854560e+06   5.2368164e+01
   6.4912370e+06   5.8532715e+01
   6.4947210e+06   4.4311523e+01
   6.5155130e+06   5.1208496e+01
   6.5203060e+06   4.6752930e+01
   6.5293240e+06   3.9550781e+01
   6.5321770e+06   6.5673828e+01
   6.5502600e+06   4.9499512e+01
   6.5542620e+06   4.6691895e+01
   6.5637580e+06   5.3344727e+01
   6.5684750e+06   4.2480469e+01
   6.5756680e+06   5.5908203e+01
   6.5826030e+06   5.1452637e+01
   6.5970710e+06   5.0048828e+01
   6.6022260e+06   5.0170898e+01
   6.6052150e+06   5.3466797e+01
   6.6069540e+06   4.4982910e+01
   6.6177520e+06   5.9875488e+01
   6.6213250e+06   4.6325684e+01
   6.6317660e+06   5.4931641e+01
   6.6462660e+06   5.9631348e+01
   6.6639080e+06   5.0109863e+01
   6.6688490e+06   4.2053223e+01
   6.6769100e+06   4.5227051e+01
   6.6815790e+06   4.5227051e+01
   6.6915800e+06   5.7006836e+01
   6.6981360e+06   5.3894043e+01
   6.7026790e+06   4.3151855e+01
   6.7064450e+06   4.8950195e+01
   6.7157520e+06   4.6081543e+01
   6.7237800e+06   4.8950195e+01
   6.7293970e+06   4.6020508e+01
   6.7415410e+06   4.4433594e+01
   6.7481790e+06   3.9855957e+01
   6.7649090e+06   5.0964355e+01
   6.7682150e+06   4.4982910e+01
   6.7716960e+06   4.3762207e+01
   6.7747050e+06   4.6081543e+01
   6.7789590e+06   5.8715820e+01
   6.7860630e+06   4.9987793e+01
   6.7956410e+06   6.4636230e+01
   6.8037040e+06   5.1452637e+01
   6.8109480e+06   4.8095703e+01
   6.8183630e+06   5.0964355e+01
   6.8278620e+06   4.7607422e+01
   6.8398560e+06   4.7546387e+01
   6.8417920e+06   4.2663574e+01
   6.8592590e+06   5.0781250e+01
   6.8700670e+06   4.8095703e+01
   6.8788590e+06   5.6213379e+01
   6.8862900e+06   5.1818848e+01
   6.9021010e+06   4.1748047e+01
   6.9085150e+06   4.3029785e+01
   6.9154060e+06   4.0527344e+01
   6.9266080e+06   4.1748047e+01
   6.9313930e+06   4.8461914e+01
   6.9373350e+06   5.6213379e+01
   6.9406660e+06   4.4799805e+01
   6.9548500e+06   4.2236328e+01
   6.9593620e+06   4.5471191e+01
   6.9627140e+06   5.0415039e+01
   6.9756220e+06   6.2927246e+01
   6.9773360e+06   5.1269531e+01
   6.9808810e+06   5.4687500e+01
   6.9911240e+06   4.7119141e+01
   6.9969030e+06   5.3710938e+01
   7.0034680e+06   4.8645020e+01
   7.0084440e+06   5.0964355e+01
   7.0085150e+06   4.0039062e+01
   7.0207910e+06   4.2541504e+01
   7.0278610e+06   4.7424316e+01
   7.0365550e+06   4.7363281e+01
   7.0437390e+06   4.7607422e+01
   7.0468710e+06   4.9255371e+01
   7.0542320e+06   4.1687012e+01
   7.0622990e+06   5.8288574e+01
   7.0682090e+06   4.6569824e+01
   7.0769510e+06   4.1992188e+01
   7.0872810e+06   4.0588379e+01
   7.0914220e+06   5.8898926e+01
   7.1005720e+06   4.6081543e+01
   7.1088540e+06   4.4982910e+01
   7.1119330e+06   4.9316406e+01
   7.1209740e+06   4.8461914e+01
   7.1339180e+06   4.6386719e+01
   7.1387630e+06   5.7861328e+01
   7.1540510e+06   5.2490234e+01
   7.1601900e+06   5.0476074e+01
   7.1674470e+06   4.6264648e+01
   7.1700970e+06   4.1748047e+01
   7.1797650e+06   4.8339844e+01
   7.1833000e+06   5.1391602e+01
   7.1862370e+06   4.8278809e+01
   7.1960390e+06   3.9916992e+01
   7.1961710e+06   4.2053223e+01
   7.2015390e+06   4.6936035e+01
   7.2059310e+06   5.1208496e+01
   7.2167160e+06   3.9855957e+01
   7.2230810e+06   4.8034668e+01
   7.2335120e+06   4.8400879e+01
   7.2371680e+06   4.9255371e+01
   7.2520210e+06   6.2133789e+01
   7.2647560e+06   5.7373047e+01
   7.2773980e+06   6.4453125e+01
   7.2848470e+06   4.3151855e+01
   7.2883490e+06   4.7729492e+01
   7.2953720e+06   4.8645020e+01
   7.3042660e+06   5.6457520e+01
   7.3067750e+06   4.3579102e+01
   7.3138300e+06   5.3527832e+01
   7.3289930e+06   6.5490723e+01
   7.3341160e+06   5.0170898e+01
   7.3408630e+06   5.8410645e+01
   7.3477350e+06   4.4616699e+01
   7.3595750e+06   4.1625977e+01
   7.3711540e+06   5.4321289e+01
   7.3818760e+06   4.4494629e+01
   7.3907610e+06   5.0292969e+01
   7.4034060e+06   4.7180176e+01
   7.4142750e+06   4.2419434e+01
   7.4248420e+06   5.0537109e+01
   7.4265130e+06   4.2053223e+01
   7.4293140e+06   4.1687012e+01
   7.4328710e+06   5.0415039e+01
   7.4516320e+06   4.8828125e+01
   7.4547430e+06   5.0170898e+01
   7.4636020e+06   4.7302246e+01
   7.4764610e+06   4.7058105e+01
   7.4856650e+06   5.0659180e+01
   7.4927330e+06   4.1992188e+01
   7.4964130e+06   4.0954590e+01
   7.5004840e+06   4.2602539e+01
   7.5051020e+06   5.0292969e+01
   7.5073140e+06   4.1870117e+01
   7.5126330e+06   4.4311523e+01
   7.5265850e+06   5.0170898e+01
   7.5266750e+06   4.2846680e+01
   7.5316090e+06   3.9855957e+01
   7.5379210e+06   4.7546387e+01
   7.5423190e+06   4.5166016e+01
   7.5501260e+06   4.1870117e+01
   7.5570930e+06   4.7729492e+01
   7.5613960e+06   4.7119141e+01
   7.5643080e+06   4.3762207e+01
   7.5725680e+06   4.9926758e+01
   7.5781850e+06   4.3273926e+01
   7.5890000e+06   5.0415039e+01
   7.6140310e+06   4.4250488e+01
   7.6231570e+06   4.0405273e+01
   7.6325910e+06   4.3579102e+01
   7.6369920e+06   4.3090820e+01
   7.6422780e+06   4.6691895e+01
   7.6424040e+06   4.0466309e+01
   7.6542590e+06   5.9692383e+01
   7.6597500e+06   4.8156738e+01
   7.6599300e+06   4.3151855e+01
   7.6670890e+06   5.6335449e+01
   7.6816590e+06   4.4494629e+01
   7.6905460e+06   4.2053223e+01
   7.6988880e+06   5.8105469e+01
   7.7039310e+06   4.6081543e+01
   7.7154330e+06   4.7241211e+01
   7.7322230e+06   4.3090820e+01
   7.7324050e+06   4.0283203e+01
   7.7409950e+06   4.2724609e+01
   7.7411720e+06   4.3151855e+01
   7.7494150e+06   5.7067871e+01
   7.7597200e+06   5.3710938e+01
   7.7683500e+06   4.9011230e+01
   7.7824650e+06   5.0354004e+01
   7.7832410e+06   4.7241211e+01
   7.7876910e+06   5.5664062e+01
   7.8007620e+06   5.1086426e+01
   7.8045260e+06   4.0100098e+01
   7.8115010e+06   4.6691895e+01
   7.8212930e+06   4.0710449e+01
   7.8285170e+06   5.3955078e+01
   7.8330850e+06   5.2062988e+01
   7.8414410e+06   4.8706055e+01
   7.8443870e+06   4.4799805e+01
   7.8508170e+06   4.8339844e+01
   7.8598980e+06   5.1452637e+01
   7.8627390e+06   4.3090820e+01
   7.8725600e+06   4.0649414e+01
   7.8726790e+06   4.0405273e+01
   7.8801900e+06   4.3151855e+01
   7.8873730e+06   3.9855957e+01
   7.8958520e+06   4.1442871e+01
   7.8984930e+06   4.6386719e+01
   7.9007860e+06   4.3395996e+01
   7.9064140e+06   4.0710449e+01
   7.9158630e+06   4.1687012e+01
   7.9227870e+06   4.9804688e+01
   7.9263940e+06   4.8706055e+01
   7.9312740e+06   4.1992188e+01
   7.9443950e+06   4.1442871e+01
   7.9445270e+06   4.3762207e+01
   7.9485140e+06   4.8583984e+01
   7.9514230e+06   4.4128418e+01
   7.9543590e+06   4.8156738e+01
   7.9664450e+06   4.2907715e+01
   7.9685780e+06   4.4372559e+01
   7.9750790e+06   4.2907715e+01
   7.9772480e+06   3.9855957e+01
   7.9870750e+06   6.2744141e+01
   7.9895440e+06   4.5532227e+01
   7.9980140e+06   4.2968750e+01
   8.0022310e+06   4.0039062e+01
   8.0059920e+06   4.9865723e+01
   8.0082250e+06   4.8034668e+01
   8.0135880e+06   4.6325684e+01
   8.0170710e+06   5.4443359e+01
   8.0194730e+06   4.2785645e+01
   8.0299720e+06   4.3762207e+01
   8.0335150e+06   5.4260254e+01
   8.0423090e+06   5.5541992e+01
   8.0487060e+06   4.5776367e+01
   8.0585400e+06   4.1198730e+01
   8.0705780e+06   5.7067871e+01
   8.0804520e+06   5.9204102e+01
   8.0860850e+06   5.4565430e+01
   8.0979680e+06   5.0720215e+01
   8.1036350e+06   4.1503906e+01
   8.1044970e+06   3.9916992e+01
   8.1136420e+06   4.1381836e+01
   8.1151790e+06   4.2602539e+01
   8.1222060e+06   4.7851563e+01
   8.1299090e+06   4.3090820e+01
   8.1462320e+06   6.0791016e+01
   8.1479230e+06   4.7607422e+01
   8.1480360e+06   4.2968750e+01
   8.1568450e+06   3.9855957e+01
   8.1581250e+06   4.0405273e+01
   8.1614160e+06   4.1076660e+01
   8.1678350e+06   5.7617188e+01
   8.1840040e+06   5.3100586e+01
   8.1873490e+06   5.0415039e+01
   8.1937530e+06   5.2124023e+01
   8.2048310e+06   5.1574707e+01
   8.2118680e+06   5.0354004e+01
   8.2190450e+06   4.8828125e+01
   8.2263070e+06   5.1940918e+01
   8.2385880e+06   4.3762207e+01
   8.2459990e+06   4.8400879e+01
   8.2513760e+06   3.9550781e+01
   8.2564360e+06   4.8828125e+01
   8.2565760e+06   3.9611816e+01
   8.2640450e+06   4.9926758e+01
   8.2742810e+06   4.5532227e+01
   8.2779610e+06   5.6152344e+01
   8.2871150e+06   4.4799805e+01
   8.2995630e+06   6.2744141e+01
   8.3039180e+06   5.0170898e+01
   8.3041160e+06   4.4311523e+01
   8.3079990e+06   4.2846680e+01
   8.3164210e+06   5.4443359e+01
   8.3214310e+06   5.2429199e+01
   8.3274820e+06   4.1259766e+01
   8.3324310e+06   4.8950195e+01
   8.3427930e+06   4.6630859e+01
   8.3488680e+06   4.2480469e+01
   8.3523940e+06   4.4433594e+01
   8.3688900e+06   5.4504395e+01
   8.3733080e+06   4.7973633e+01
   8.3799840e+06   4.1564941e+01
   8.3838030e+06   4.1381836e+01
   8.3917790e+06   5.4443359e+01
   8.4024850e+06   4.8950195e+01
   8.4128130e+06   4.6569824e+01
   8.4129200e+06   4.0283203e+01
   8.4176360e+06   4.1015625e+01
   8.4209730e+06   3.9672852e+01
   8.4230930e+06   5.3100586e+01
   8.4323840e+06   4.8400879e+01
   8.4395770e+06   4.1748047e+01
   8.4422530e+06   4.1259766e+01
   8.4525560e+06   4.5349121e+01
   8.4579210e+06   4.2236328e+01
   8.4655740e+06   4.7668457e+01
   8.4767630e+06   4.2175293e+01
   8.4786590e+06   4.2175293e+01
   8.4819430e+06   5.3771973e+01
   8.4930510e+06   4.4921875e+01
   8.5003290e+06   5.2490234e+01
   8.5080770e+06   4.7424316e+01
   8.5150150e+06   5.1452637e+01
   8.5222980e+06   5.3527832e+01
   8.5287590e+06   5.7556152e+01
   8.5332560e+06   4.0832520e+01
   8.5431250e+06   4.2663574e+01
   8.5432230e+06   3.9672852e+01
   8.5546430e+06   5.4565430e+01
   8.5616740e+06   6.4575195e+01
   8.5654100e+06   4.0405273e+01
   8.5713660e+06   5.1269531e+01
   8.5786420e+06   4.9072266e+01
   8.5879680e+06   5.1696777e+01
   8.6021010e+06   4.4006348e+01
   8.6105300e+06   4.0771484e+01
   8.6193710e+06   5.8471680e+01
   8.6272030e+06   4.7546387e+01
   8.6337920e+06   4.5471191e+01
   8.6383860e+06   5.3527832e+01
   8.6397050e+06   4.4555664e+01
   8.6491480e+06   4.0466309e+01
   8.6574460e+06   4.8767090e+01
   8.6647450e+06   4.4738770e+01
   8.6682870e+06   4.1015625e+01
   8.6715710e+06   4.1748047e+01
   8.6797080e+06   4.3151855e+01
   8.6889960e+06   4.6203613e+01
   8.6922420e+06   4.0161133e+01
   8.6938650e+06   4.4494629e+01
   8.7037100e+06   5.3466797e+01
   8.7071170e+06   4.5837402e+01
   8.7146750e+06   4.4738770e+01
   8.7190730e+06   4.6325684e+01
   8.7234380e+06   4.1259766e+01
   8.7308270e+06   4.1625977e+01
   8.7376020e+06   4.1381836e+01
   8.7477470e+06   5.8288574e+01
   8.7500140e+06   4.4616699e+01
   8.7573390e+06   4.7241211e+01
   8.7655300e+06   5.2368164e+01
   8.7747710e+06   4.4433594e+01
   8.7904310e+06   6.6162109e+01
   8.7952890e+06   5.3466797e+01
   8.7953750e+06   4.1076660e+01
   8.8028340e+06   5.8105469e+01
   8.8144440e+06   4.8034668e+01
   8.8186210e+06   4.2663574e+01
   8.8255680e+06   4.2053223e+01
   8.8316440e+06   4.1809082e+01
   8.8384450e+06   4.3823242e+01
   8.8386690e+06   4.6264648e+01
   8.8494570e+06   4.4189453e+01
   8.8577820e+06   5.5541992e+01
   8.8646180e+06   4.8889160e+01
   8.8680820e+06   4.0283203e+01
   8.8719810e+06   4.0588379e+01
   8.8851120e+06   4.6630859e+01
   8.8934630e+06   4.6508789e+01
   8.8956640e+06   5.0048828e+01
   8.9025130e+06   4.4555664e+01
   8.9105460e+06   5.6884766e+01
   8.9156780e+06   4.6508789e+01
   8.9250050e+06   4.8767090e+01
   8.9314040e+06   5.2795410e+01
   8.9386750e+06   4.6875000e+01
   8.9447980e+06   4.5288086e+01
   8.9595080e+06   5.0781250e+01
   8.9663250e+06   5.2185059e+01
   8.9683630e+06   3.9550781e+01
   8.9766230e+06   4.3334961e+01
   8.9823120e+06   4.3640137e+01
   8.9979550e+06   5.0415039e+01
   8.9980570e+06   4.3395996e+01
