   8.9990000e+06   0.0000000e+00
   2.3979500e+05   4.5166016e+01
   3.8427400e+05   4.5043945e+01
   6.4366800e+05   4.8156738e+01
   9.5896100e+05   4.1870117e+01
   9.9882700e+05   4.1625977e+01
   1.2204660e+06   4.2968750e+01
   1.3344070e+06   4.2419434e+01
   1.7017010e+06   4.2724609e+01
   1.8955870e+06   4.4860840e+01
   1.9552100e+06   4.4433594e+01
   2.0920710e+06   4.2541504e+01
   2.2576290e+06   4.4799805e+01
   2.3734510e+06   4.2907715e+01
   2.4193630e+06   4.2358398e+01
   2.4854970e+06   4.2053223e+01
   2.7200270e+06   4.1320801e+01
   3.0099820e+06   4.3029785e+01
   3.1102070e+06   4.9133301e+01
   3.1525600e+06   4.4311523e+01
   3.1898840e+06   4.1748047e+01
   3.3248130e+06   4.1320801e+01
   3.4750790e+06   4.2297363e+01
   3.5768840e+06   4.3945312e+01
   3.6074070e+06   4.2175293e+01
   3.8484800e+06   4.1809082e+01
   3.9278270e+06   4.2358398e+01
   4.0415710e+06   4.3884277e+01
   4.3191190e+06   4.2968750e+01
   4.6374530e+06   4.7302246e+01
   4.9492540e+06   4.1809082e+01
   4.9913240e+06   4.3090820e+01
   5.1926160e+06   4.5227051e+01
   5.5537220e+06   4.1748047e+01
   5.8809560e+06   4.3762207e+01
   5.9493170e+06   4.4860840e+01
   6.1047950e+06   4.2541504e+01
   6.2318360e+06   4.2968750e+01
   6.4044440e+06   4.3640137e+01
   6.4701560e+06   4.4860840e+01
   6.5076360e+06   4.3090820e+01
   6.5146040e+06   4.4494629e+01
   6.5806350e+06   4.1931152e+01
   6.6894170e+06   4.3823242e+01
   6.7367700e+06   4.5043945e+01
   6.8984000e+06   4.4311523e+01
   7.2421020e+06   4.3762207e+01
   7.2974680e+06   4.3029785e+01
   7.3230570e+06   4.1809082e+01
   7.3384540e+06   4.3212891e+01
   7.3386850e+06   4.2602539e+01
   7.5430130e+06   4.6875000e+01
   7.5954330e+06   4.4982910e+01
   7.6372470e+06   4.1992188e+01
   7.7574350e+06   4.2358398e+01
   7.7714130e+06   4.4067383e+01
   7.9162630e+06   4.1870117e+01
   8.0831160e+06   4.2846680e+01
   8.1165600e+06   4.1992188e+01
   8.3711490e+06   4.1992188e+01
   8.3772080e+06   4.1870117e+01
   8.4052280e+06   4.1809082e+01
   8.5484670e+06   4.3701172e+01
   8.6058630e+06   4.4006348e+01
   8.7042990e+06   4.5043945e+01
   8.7051430e+06   4.6630859e+01
   8.8129670e+06   4.3029785e+01
