   8.9990000e+06   0.0000000e+00
   2.7328800e+05   4.9011230e+01
   2.7631500e+05   4.1687012e+01
   3.2151400e+05   4.7058105e+01
   3.3061000e+05   4.1931152e+01
   3.9899900e+05   4.5532227e+01
   4.6697300e+05   4.2663574e+01
   5.2103500e+05   4.2297363e+01
   5.9947100e+05   4.2114258e+01
   7.6969300e+05   4.4311523e+01
   9.2515100e+05   4.3151855e+01
   1.1868610e+06   4.1809082e+01
   1.2044630e+06   4.3395996e+01
   1.3129870e+06   4.6142578e+01
   1.3918110e+06   4.2419434e+01
   1.4200460e+06   4.4250488e+01
   1.4712980e+06   4.4616699e+01
   1.5525980e+06   4.3457031e+01
   1.6218070e+06   4.1809082e+01
   1.7257040e+06   4.3884277e+01
   1.7374640e+06   4.7302246e+01
   1.7738150e+06   4.5471191e+01
   1.9845150e+06   4.5227051e+01
   2.0126660e+06   4.2236328e+01
   2.1920450e+06   4.3457031e+01
   2.2776240e+06   4.4250488e+01
   2.3071880e+06   4.2297363e+01
   2.3824300e+06   4.2053223e+01
   2.3936760e+06   4.4128418e+01
   2.3978010e+06   4.1992188e+01
   2.5296550e+06   4.7973633e+01
   2.6218130e+06   4.4616699e+01
   2.6463770e+06   5.4992676e+01
   2.6926410e+06   4.6081543e+01
   2.7500540e+06   4.3579102e+01
   2.8101200e+06   4.3945312e+01
   2.9017060e+06   4.3334961e+01
   2.9924350e+06   4.3273926e+01
   3.0158580e+06   4.3884277e+01
   3.0459610e+06   4.1748047e+01
   3.1958130e+06   4.2236328e+01
   3.4593700e+06   4.7363281e+01
   3.4691940e+06   4.3823242e+01
   3.4878880e+06   4.3395996e+01
   3.4887860e+06   4.5104980e+01
   3.5352470e+06   4.4616699e+01
   3.5910860e+06   4.4921875e+01
   3.6481020e+06   4.2358398e+01
   3.6739420e+06   4.2541504e+01
   3.7877150e+06   4.3029785e+01
   3.8433310e+06   4.2602539e+01
   3.9972900e+06   4.5227051e+01
   4.1227250e+06   4.4067383e+01
   4.1754170e+06   4.1687012e+01
   4.1793590e+06   4.2114258e+01
   4.2108680e+06   4.1992188e+01
   4.3237170e+06   4.3640137e+01
   4.3736490e+06   4.2663574e+01
   4.4172910e+06   4.3151855e+01
   4.6611320e+06   4.2419434e+01
   4.7670170e+06   4.2419434e+01
   4.7955300e+06   4.2236328e+01
   4.9062110e+06   4.1992188e+01
   4.9175800e+06   4.5043945e+01
   4.9763040e+06   4.1870117e+01
   5.0270570e+06   4.4616699e+01
   5.0431740e+06   4.6264648e+01
   5.0705160e+06   4.2175293e+01
   5.1831730e+06   4.2846680e+01
   5.1986990e+06   5.1574707e+01
   5.2343430e+06   4.8950195e+01
   5.2381050e+06   4.4311523e+01
   5.2540660e+06   4.2541504e+01
   5.3175940e+06   4.5166016e+01
   5.3855330e+06   4.1809082e+01
   5.4258830e+06   4.2846680e+01
   5.4294740e+06   4.3334961e+01
   5.4748440e+06   4.4738770e+01
   5.5635010e+06   4.2236328e+01
   5.5859390e+06   4.7912598e+01
   5.6279760e+06   4.2114258e+01
   5.7842960e+06   4.5715332e+01
   5.8455340e+06   4.7668457e+01
   6.0472710e+06   4.2541504e+01
   6.2294650e+06   4.5715332e+01
   6.2482030e+06   4.2907715e+01
   6.2922550e+06   4.2297363e+01
   6.4586330e+06   4.3090820e+01
   6.5226710e+06   4.4982910e+01
   6.5803640e+06   4.2541504e+01
   6.6186300e+06   4.3151855e+01
   6.6274290e+06   4.4128418e+01
   6.6634970e+06   4.3640137e+01
   6.6645550e+06   4.6447754e+01
   6.7082530e+06   4.3212891e+01
   6.7689250e+06   4.2602539e+01
   6.8665420e+06   4.4189453e+01
   6.8729680e+06   4.3273926e+01
   6.9127730e+06   4.1870117e+01
   6.9314940e+06   4.3334961e+01
   7.0094580e+06   4.6020508e+01
   7.0556920e+06   4.1809082e+01
   7.0898490e+06   4.2114258e+01
   7.3244550e+06   4.2602539e+01
   7.3558180e+06   4.2541504e+01
   7.3585620e+06   4.2541504e+01
   7.6020680e+06   4.4372559e+01
   7.6631760e+06   4.1748047e+01
   7.8848240e+06   4.6936035e+01
   7.9139600e+06   4.2175293e+01
   8.0084650e+06   4.2541504e+01
   8.0858610e+06   5.0109863e+01
   8.1573830e+06   4.5471191e+01
   8.2342290e+06   4.4433594e+01
   8.2470640e+06   4.4006348e+01
   8.3145710e+06   4.2297363e+01
   8.3157730e+06   4.1809082e+01
   8.3160460e+06   4.2175293e+01
   8.3251140e+06   4.4189453e+01
   8.3361600e+06   4.3212891e+01
   8.3675950e+06   4.2663574e+01
   8.4261500e+06   4.4860840e+01
   8.4717670e+06   4.3212891e+01
   8.5047090e+06   4.5715332e+01
   8.5055610e+06   4.3579102e+01
   8.7452520e+06   5.9020996e+01
   8.7961570e+06   4.1870117e+01
   8.7964500e+06   4.2236328e+01
   8.8369960e+06   4.5471191e+01
   8.8385860e+06   4.5959473e+01
   8.8607930e+06   4.2541504e+01
   8.9009930e+06   4.5715332e+01
   8.9691040e+06   4.2114258e+01
