   8.9990000e+06   0.0000000e+00
   6.4948400e+05   5.6945801e+01
   7.6704600e+05   5.7495117e+01
   9.2783500e+05   5.6030273e+01
   1.0504270e+06   5.7006836e+01
   1.1753910e+06   5.7556152e+01
   1.5862420e+06   6.1401367e+01
   2.1088940e+06   5.5480957e+01
   2.2763140e+06   5.9265137e+01
   2.7177300e+06   5.5725098e+01
   2.7480180e+06   5.8349609e+01
   3.7302300e+06   5.9509277e+01
   4.9421150e+06   5.8654785e+01
   5.0420740e+06   5.6274414e+01
   7.1572800e+06   5.7128906e+01
   7.3569310e+06   5.8654785e+01
   7.6555740e+06   5.6396484e+01
   8.1286250e+06   5.6152344e+01
   8.2658800e+06   5.8227539e+01
   8.2784050e+06   6.0119629e+01
   8.6311500e+06   6.2316895e+01
   8.9569210e+06   5.8593750e+01
