   8.9990000e+06   0.0000000e+00
   9.8470000e+03   4.3090820e+01
   2.4581000e+04   4.0954590e+01
   3.2825000e+04   4.4494629e+01
   3.3116000e+04   4.0893555e+01
   3.9375000e+04   4.4677734e+01
   4.6866000e+04   3.8452148e+01
   4.9592000e+04   4.5715332e+01
   5.3432000e+04   5.0109863e+01
   5.4200000e+04   4.3457031e+01
   6.0932000e+04   4.9987793e+01
   6.1112000e+04   4.1320801e+01
   6.7775000e+04   4.9804688e+01
   7.5110000e+04   4.8767090e+01
   7.5550000e+04   4.3579102e+01
   7.5817000e+04   4.0405273e+01
   7.6412000e+04   5.8227539e+01
   8.3466000e+04   5.2062988e+01
   8.4744000e+04   3.8146973e+01
   9.0752000e+04   4.7119141e+01
   9.2167000e+04   4.3518066e+01
   1.0106600e+05   4.3090820e+01
   1.0810600e+05   4.8828125e+01
   1.1079000e+05   4.7485352e+01
   1.1096900e+05   4.8828125e+01
   1.1125900e+05   4.3579102e+01
   1.1212900e+05   3.8452148e+01
   1.1219300e+05   4.0710449e+01
   1.2312800e+05   3.9367676e+01
   1.3572900e+05   4.6447754e+01
   1.4311000e+05   4.0100098e+01
   1.4469900e+05   4.4372559e+01
   1.4892900e+05   4.5593262e+01
   1.4952700e+05   4.1503906e+01
   1.5647200e+05   4.8278809e+01
   1.6233500e+05   4.2541504e+01
   1.6376800e+05   3.8269043e+01
   1.6417400e+05   4.0527344e+01
   1.6431900e+05   5.4382324e+01
   1.6502100e+05   4.4799805e+01
   1.6884100e+05   4.0832520e+01
   1.7640400e+05   4.3579102e+01
   1.7765900e+05   4.2968750e+01
   1.8251300e+05   4.1870117e+01
   1.8819400e+05   4.9011230e+01
   1.9555300e+05   4.5166016e+01
   1.9889900e+05   4.1198730e+01
   2.0184200e+05   4.3273926e+01
   2.0773600e+05   3.9489746e+01
   2.1096500e+05   4.6020508e+01
   2.2218400e+05   3.7902832e+01
   2.2250500e+05   4.2114258e+01
   2.3056000e+05   4.7302246e+01
   2.3694300e+05   4.5410156e+01
   2.4277700e+05   3.9916992e+01
   2.4302300e+05   4.2175293e+01
   2.4403100e+05   4.1076660e+01
   2.4761200e+05   4.1809082e+01
   2.5013700e+05   4.3395996e+01
   2.5522500e+05   4.9560547e+01
   2.6120900e+05   5.1025391e+01
   2.6156700e+05   4.1625977e+01
   2.6926900e+05   4.0039062e+01
   2.7549900e+05   5.0720215e+01
   2.7938900e+05   3.9245605e+01
   2.8275900e+05   4.2907715e+01
   2.8777400e+05   4.0161133e+01
   2.8802800e+05   4.5227051e+01
   2.9464700e+05   4.0527344e+01
   3.1093500e+05   5.3405762e+01
   3.1786500e+05   4.3273926e+01
   3.1938200e+05   4.0893555e+01
   3.2471900e+05   4.2480469e+01
   3.2930800e+05   5.2612305e+01
   3.2990400e+05   4.4250488e+01
   3.3278000e+05   3.9245605e+01
   3.3837800e+05   4.1809082e+01
   3.4274700e+05   4.5104980e+01
   3.4484600e+05   4.2358398e+01
   3.4937700e+05   4.1259766e+01
   3.5499400e+05   4.4677734e+01
   3.6958700e+05   4.1198730e+01
   3.6991500e+05   4.6630859e+01
   3.7603000e+05   4.5837402e+01
   3.9302200e+05   4.3884277e+01
   3.9743100e+05   3.9855957e+01
   4.0273000e+05   4.3090820e+01
   4.0835800e+05   4.4860840e+01
   4.0892600e+05   4.2968750e+01
   4.1168300e+05   3.9733887e+01
   4.1688700e+05   4.7241211e+01
   4.1833000e+05   4.4067383e+01
   4.2598300e+05   4.7973633e+01
   4.3292700e+05   4.2785645e+01
   4.3546400e+05   4.1687012e+01
   4.4306800e+05   4.9682617e+01
   4.4430100e+05   4.6813965e+01
   4.5366000e+05   4.1076660e+01
   4.5754700e+05   3.9733887e+01
   4.6619200e+05   3.8452148e+01
   4.7205800e+05   4.9377441e+01
   4.7309200e+05   4.2968750e+01
   4.7350700e+05   3.8391113e+01
   4.8824900e+05   3.8696289e+01
   4.8851200e+05   4.7180176e+01
   4.8883600e+05   4.0344238e+01
   4.9728200e+05   3.9672852e+01
   5.0482900e+05   4.0954590e+01
   5.0626900e+05   3.9184570e+01
   5.1381000e+05   4.4616699e+01
   5.1983400e+05   4.5227051e+01
   5.2018200e+05   3.8635254e+01
   5.2022800e+05   4.9804688e+01
   5.2724600e+05   3.8757324e+01
   5.2785800e+05   3.9611816e+01
   5.3335400e+05   4.0344238e+01
   5.3955800e+05   3.8269043e+01
   5.4704100e+05   4.1870117e+01
   5.4744400e+05   3.9550781e+01
   5.5472000e+05   4.3518066e+01
   5.5519600e+05   4.0832520e+01
   5.5559600e+05   3.8635254e+01
   5.5584200e+05   4.6203613e+01
   5.5672900e+05   3.7963867e+01
   5.7989000e+05   4.5471191e+01
   5.8263200e+05   4.4128418e+01
   5.8820900e+05   3.9794922e+01
   5.9632900e+05   3.7902832e+01
   6.0384600e+05   5.1818848e+01
   6.0416600e+05   4.1442871e+01
   6.0680200e+05   4.8583984e+01
   6.1169300e+05   3.9184570e+01
   6.1309100e+05   4.5532227e+01
   6.1681200e+05   5.2917480e+01
   6.2541800e+05   4.0893555e+01
   6.2575800e+05   4.6569824e+01
   6.3824700e+05   4.0649414e+01
   6.3863900e+05   3.9611816e+01
   6.5094500e+05   5.6335449e+01
   6.5229300e+05   4.5715332e+01
   6.5408900e+05   5.1940918e+01
   6.5478700e+05   5.6701660e+01
   6.5525200e+05   4.3518066e+01
   6.5966800e+05   3.8818359e+01
   6.6829100e+05   4.4067383e+01
   6.6921400e+05   3.8635254e+01
   6.7198800e+05   4.4006348e+01
   6.7800400e+05   4.8583984e+01
   6.8417200e+05   4.4372559e+01
   6.8740700e+05   4.9011230e+01
   6.9314500e+05   3.8635254e+01
   6.9674600e+05   3.8757324e+01
   6.9707400e+05   5.0415039e+01
   6.9946800e+05   3.8452148e+01
   7.0033900e+05   4.0283203e+01
   7.0466400e+05   5.0170898e+01
   7.0825500e+05   3.9733887e+01
   7.1176100e+05   4.9438477e+01
   7.1231300e+05   4.7790527e+01
   7.1365800e+05   4.5227051e+01
   7.2045000e+05   4.0771484e+01
   7.2168000e+05   4.3884277e+01
   7.2331800e+05   3.8085938e+01
   7.2786700e+05   4.5349121e+01
   7.2948100e+05   3.9550781e+01
   7.3755100e+05   4.6203613e+01
   7.4387400e+05   3.9672852e+01
   7.5151900e+05   4.4494629e+01
   7.6112300e+05   4.4006348e+01
   7.6666900e+05   4.1809082e+01
   7.7367500e+05   4.6691895e+01
   7.7405100e+05   4.8461914e+01
   7.7528000e+05   3.8757324e+01
   7.8091300e+05   4.6203613e+01
   7.9078300e+05   4.3762207e+01
   7.9416100e+05   3.7902832e+01
   7.9773500e+05   5.1574707e+01
   8.0423800e+05   4.5104980e+01
   8.1184400e+05   4.3029785e+01
   8.1214000e+05   3.7963867e+01
   8.2828000e+05   5.1574707e+01
   8.3487000e+05   4.5288086e+01
   8.3672400e+05   4.7058105e+01
   8.3725000e+05   3.8269043e+01
   8.3813000e+05   3.9916992e+01
   8.3874100e+05   3.8452148e+01
   8.4349800e+05   4.6813965e+01
   8.5906100e+05   4.1687012e+01
   8.6213100e+05   4.1137695e+01
   8.6281200e+05   4.3029785e+01
   8.6727000e+05   3.8208008e+01
   8.7069800e+05   4.0771484e+01
   8.7131400e+05   4.5227051e+01
   8.7788100e+05   5.1330566e+01
   8.7955000e+05   3.9489746e+01
   8.8344400e+05   4.1442871e+01
   8.8610300e+05   4.1809082e+01
   9.0080500e+05   4.7668457e+01
   9.0339100e+05   4.7180176e+01
   9.0450100e+05   3.9184570e+01
   9.0585300e+05   4.2297363e+01
   9.1910100e+05   4.4921875e+01
   9.2556600e+05   5.3466797e+01
   9.2669400e+05   4.1442871e+01
   9.2808600e+05   4.6447754e+01
   9.3411800e+05   4.4189453e+01
   9.3681400e+05   4.8828125e+01
   9.4001200e+05   4.5898438e+01
   9.4719500e+05   4.3762207e+01
   9.4817400e+05   3.8818359e+01
   9.5650300e+05   4.7180176e+01
   9.6565300e+05   4.4372559e+01
   9.6626300e+05   4.5471191e+01
   9.7303100e+05   4.4982910e+01
   9.7339100e+05   4.1076660e+01
   9.8205700e+05   4.5349121e+01
   9.8241200e+05   3.9611816e+01
   9.8265100e+05   4.2236328e+01
   9.8309900e+05   3.8146973e+01
   9.9030300e+05   4.1809082e+01
   9.9063000e+05   3.8330078e+01
   9.9767100e+05   5.0170898e+01
   9.9873800e+05   4.1687012e+01
   9.9906100e+05   4.0466309e+01
   1.0114630e+06   4.0832520e+01
   1.0156400e+06   4.0893555e+01
   1.0175040e+06   3.9123535e+01
   1.0313120e+06   4.0100098e+01
   1.0319940e+06   4.4921875e+01
   1.0372320e+06   3.9672852e+01
   1.0467990e+06   3.8635254e+01
   1.0539620e+06   4.6386719e+01
   1.0594380e+06   4.7119141e+01
   1.0653470e+06   4.2175293e+01
   1.0716810e+06   4.8095703e+01
   1.0719630e+06   3.9672852e+01
   1.0721510e+06   3.9062500e+01
   1.0765690e+06   4.1137695e+01
   1.0799460e+06   4.0771484e+01
   1.0896610e+06   4.4799805e+01
   1.0964370e+06   4.3273926e+01
   1.1006300e+06   4.0954590e+01
   1.1040550e+06   3.9306641e+01
   1.1123750e+06   5.3283691e+01
   1.1137230e+06   4.9926758e+01
   1.1219460e+06   4.2175293e+01
   1.1253030e+06   5.4382324e+01
   1.1277030e+06   4.1381836e+01
   1.1292110e+06   3.9306641e+01
   1.1394570e+06   5.0537109e+01
   1.1453410e+06   3.8635254e+01
   1.1476790e+06   3.9611816e+01
   1.1526310e+06   5.0231934e+01
   1.1557630e+06   3.8818359e+01
   1.1572300e+06   4.1870117e+01
   1.1662260e+06   4.4555664e+01
   1.1720170e+06   4.5043945e+01
   1.1722590e+06   4.3395996e+01
   1.1724710e+06   3.9184570e+01
   1.1802380e+06   4.4555664e+01
   1.1806260e+06   4.4799805e+01
   1.1932340e+06   5.7189941e+01
   1.1948720e+06   3.8208008e+01
   1.1964030e+06   4.7668457e+01
   1.2168900e+06   4.4799805e+01
   1.2207870e+06   4.4738770e+01
   1.2229280e+06   4.1320801e+01
   1.2290810e+06   3.9916992e+01
   1.2295520e+06   3.9306641e+01
   1.2306180e+06   4.8522949e+01
   1.2389810e+06   4.5227051e+01
   1.2460140e+06   5.7861328e+01
   1.2568320e+06   4.0039062e+01
   1.2587970e+06   4.4494629e+01
   1.2642740e+06   5.3222656e+01
   1.2664970e+06   4.1564941e+01
   1.2763050e+06   4.6997070e+01
   1.2767620e+06   4.1625977e+01
   1.2823790e+06   4.0222168e+01
   1.2907100e+06   4.6630859e+01
   1.2934190e+06   4.6813965e+01
   1.2958260e+06   5.4809570e+01
   1.3024820e+06   4.7912598e+01
   1.3028480e+06   4.0161133e+01
   1.3098730e+06   5.1574707e+01
   1.3166620e+06   4.2419434e+01
   1.3186670e+06   4.1259766e+01
   1.3231040e+06   3.9916992e+01
   1.3397230e+06   4.9621582e+01
   1.3402140e+06   4.3151855e+01
   1.3472420e+06   4.7851562e+01
   1.3532980e+06   4.6386719e+01
   1.3556030e+06   4.9255371e+01
   1.3629950e+06   4.8278809e+01
   1.3633440e+06   4.8217773e+01
   1.3642340e+06   3.9794922e+01
   1.3663900e+06   4.5959473e+01
   1.3695450e+06   4.2968750e+01
   1.3696750e+06   4.5410156e+01
   1.3697810e+06   3.8513184e+01
   1.3781470e+06   4.5776367e+01
   1.3787800e+06   3.7902832e+01
   1.3990420e+06   3.8146973e+01
   1.4041670e+06   5.6396484e+01
   1.4088680e+06   4.6264648e+01
   1.4146680e+06   4.9560547e+01
   1.4153070e+06   3.8146973e+01
   1.4157650e+06   4.2663574e+01
   1.4160340e+06   3.9367676e+01
   1.4193220e+06   4.2907715e+01
   1.4227880e+06   4.7302246e+01
   1.4308920e+06   4.0527344e+01
   1.4311430e+06   3.8024902e+01
   1.4315460e+06   4.1809082e+01
   1.4403490e+06   4.9072266e+01
   1.4428120e+06   4.4128418e+01
   1.4579750e+06   5.1086426e+01
   1.4647320e+06   3.9611816e+01
   1.4649980e+06   4.4494629e+01
   1.4734250e+06   4.4128418e+01
   1.4740110e+06   4.0710449e+01
   1.4775050e+06   4.1137695e+01
   1.4795160e+06   4.6630859e+01
   1.4848290e+06   4.3395996e+01
   1.4885220e+06   3.8818359e+01
   1.4910980e+06   4.2053223e+01
   1.4923790e+06   3.8574219e+01
   1.5001840e+06   3.8635254e+01
   1.5158710e+06   5.4992676e+01
   1.5180920e+06   5.6762695e+01
   1.5254770e+06   5.4260254e+01
   1.5418090e+06   6.1096191e+01
   1.5422710e+06   4.1381836e+01
   1.5472130e+06   4.5410156e+01
   1.5481720e+06   4.3273926e+01
   1.5499730e+06   4.7607422e+01
   1.5503850e+06   4.0405273e+01
   1.5507710e+06   4.0588379e+01
   1.5540350e+06   4.2907715e+01
   1.5673020e+06   4.8950195e+01
   1.5677510e+06   4.8645020e+01
   1.5684600e+06   4.2419434e+01
   1.5811260e+06   5.1574707e+01
   1.5822580e+06   4.4860840e+01
   1.5850000e+06   4.1137695e+01
   1.5871860e+06   3.9733887e+01
   1.5874120e+06   3.8391113e+01
   1.5936890e+06   3.8330078e+01
   1.5938660e+06   4.8828125e+01
   1.5994110e+06   4.1259766e+01
   1.6005990e+06   4.5654297e+01
   1.6104200e+06   4.2236328e+01
   1.6112380e+06   4.4006348e+01
   1.6175280e+06   4.7790527e+01
   1.6187660e+06   4.5349121e+01
   1.6233010e+06   4.0649414e+01
   1.6311140e+06   4.9865723e+01
   1.6314170e+06   5.0659180e+01
   1.6322600e+06   4.2358398e+01
   1.6361900e+06   4.1992188e+01
   1.6414460e+06   4.4250488e+01
   1.6484000e+06   5.4443359e+01
   1.6607800e+06   5.2124023e+01
   1.6615200e+06   4.0100098e+01
   1.6618720e+06   3.9123535e+01
   1.6651030e+06   4.6447754e+01
   1.6790550e+06   3.7963867e+01
   1.6793930e+06   4.0954590e+01
   1.6828630e+06   4.3273926e+01
   1.6859520e+06   4.8889160e+01
   1.6865190e+06   4.2175293e+01
   1.7053500e+06   5.5847168e+01
   1.7151500e+06   4.3457031e+01
   1.7265580e+06   4.1992188e+01
   1.7402610e+06   5.4565430e+01
   1.7420180e+06   4.1137695e+01
   1.7457000e+06   4.5166016e+01
   1.7584100e+06   4.2602539e+01
   1.7587050e+06   4.1625977e+01
   1.7632840e+06   5.3894043e+01
   1.7701760e+06   5.1330566e+01
   1.7714480e+06   3.8696289e+01
   1.7770330e+06   4.2419434e+01
   1.7779820e+06   4.4555664e+01
   1.7900560e+06   4.4311523e+01
   1.7923130e+06   4.6264648e+01
   1.7927270e+06   3.9062500e+01
   1.7988000e+06   4.3029785e+01
   1.7991500e+06   4.0527344e+01
   1.7998760e+06   4.0344238e+01
   1.8242380e+06   4.1503906e+01
   1.8252360e+06   4.5104980e+01
   1.8299460e+06   4.5715332e+01
   1.8448290e+06   4.3029785e+01
   1.8541340e+06   5.4687500e+01
   1.8631080e+06   4.9560547e+01
   1.8635330e+06   4.1748047e+01
   1.8636230e+06   5.8166504e+01
   1.8641290e+06   4.2785645e+01
   1.8644390e+06   4.0710449e+01
   1.8659250e+06   4.8034668e+01
   1.8662480e+06   3.8696289e+01
   1.8664490e+06   3.8757324e+01
   1.8728340e+06   5.0781250e+01
   1.8775220e+06   4.4799805e+01
   1.8792420e+06   4.7363281e+01
   1.8934070e+06   5.3344727e+01
   1.8999290e+06   4.2541504e+01
   1.9003150e+06   4.3579102e+01
   1.9042180e+06   5.2429199e+01
   1.9051560e+06   3.9978027e+01
   1.9092090e+06   4.0283203e+01
   1.9194220e+06   3.8879395e+01
   1.9205930e+06   3.8879395e+01
   1.9244560e+06   4.3212891e+01
   1.9325220e+06   4.4555664e+01
   1.9343380e+06   3.9001465e+01
   1.9349480e+06   4.2419434e+01
   1.9359250e+06   4.2358398e+01
   1.9365780e+06   3.8452148e+01
   1.9457880e+06   4.6936035e+01
   1.9630070e+06   5.4626465e+01
   1.9635640e+06   5.4382324e+01
   1.9810260e+06   4.8339844e+01
   1.9831800e+06   4.8278809e+01
   1.9863570e+06   4.0710449e+01
   1.9940460e+06   4.9743652e+01
   1.9947550e+06   4.3945312e+01
   1.9954510e+06   3.9611816e+01
   2.0015290e+06   3.8024902e+01
   2.0054680e+06   4.0161133e+01
   2.0083120e+06   4.9560547e+01
   2.0159900e+06   5.2917480e+01
   2.0162890e+06   4.0527344e+01
   2.0227910e+06   4.0100098e+01
   2.0314470e+06   4.6142578e+01
   2.0422240e+06   5.1757812e+01
   2.0434710e+06   3.9489746e+01
   2.0469660e+06   4.5959473e+01
   2.0486950e+06   3.9062500e+01
   2.0510780e+06   4.1748047e+01
   2.0514300e+06   3.9978027e+01
   2.0601330e+06   5.1635742e+01
   2.0603900e+06   4.4006348e+01
   2.0672410e+06   3.8940430e+01
   2.0679170e+06   4.0893555e+01
   2.0789210e+06   4.8034668e+01
   2.0791210e+06   3.8818359e+01
   2.0881380e+06   4.4982910e+01
   2.0883730e+06   3.9489746e+01
   2.0956840e+06   4.5593262e+01
   2.0970530e+06   4.1381836e+01
   2.1007760e+06   4.2175293e+01
   2.1039910e+06   4.0222168e+01
   2.1043710e+06   4.5043945e+01
   2.1103280e+06   5.0842285e+01
   2.1108330e+06   4.1320801e+01
   2.1187730e+06   4.8095703e+01
   2.1311000e+06   5.0415039e+01
   2.1342850e+06   4.8461914e+01
   2.1475280e+06   5.2429199e+01
   2.1536020e+06   4.1015625e+01
   2.1570840e+06   4.4189453e+01
   2.1585260e+06   4.9926758e+01
   2.1591510e+06   5.2978516e+01
   2.1595930e+06   4.3701172e+01
   2.1596160e+06   4.6691895e+01
   2.1599230e+06   4.4189453e+01
   2.1677640e+06   4.9926758e+01
   2.1697960e+06   4.2602539e+01
   2.1702290e+06   4.1992188e+01
   2.1794950e+06   5.9570312e+01
   2.1891750e+06   4.6142578e+01
   2.1963280e+06   5.6823730e+01
   2.1970760e+06   5.0109863e+01
   2.2051620e+06   4.7851562e+01
   2.2091250e+06   3.8269043e+01
   2.2130510e+06   3.8452148e+01
   2.2134310e+06   4.1992188e+01
   2.2175370e+06   5.3894043e+01
   2.2209030e+06   3.9733887e+01
   2.2271830e+06   4.3090820e+01
   2.2286320e+06   4.3823242e+01
   2.2372560e+06   5.2246094e+01
   2.2425610e+06   4.9926758e+01
   2.2484730e+06   4.7119141e+01
   2.2554480e+06   5.1940918e+01
   2.2559910e+06   4.8767090e+01
   2.2563780e+06   3.8146973e+01
   2.2587400e+06   5.0109863e+01
   2.2597670e+06   4.0588379e+01
   2.2634600e+06   4.8889160e+01
   2.2646830e+06   4.1442871e+01
   2.2729260e+06   4.5166016e+01
   2.2863000e+06   4.4799805e+01
   2.2909650e+06   4.5349121e+01
   2.2970220e+06   6.1035156e+01
   2.2974110e+06   4.3273926e+01
   2.3056300e+06   4.1687012e+01
   2.3061280e+06   4.1198730e+01
   2.3066940e+06   4.1259766e+01
   2.3115220e+06   3.8269043e+01
   2.3163700e+06   4.6752930e+01
   2.3167100e+06   5.5969238e+01
   2.3241610e+06   4.8278809e+01
   2.3246020e+06   3.8696289e+01
   2.3296160e+06   4.2663574e+01
   2.3301190e+06   3.8391113e+01
   2.3370710e+06   4.6081543e+01
   2.3510640e+06   4.6325684e+01
   2.3532410e+06   4.3457031e+01
   2.3555430e+06   4.6875000e+01
   2.3568730e+06   4.5288086e+01
   2.3655860e+06   4.6264648e+01
   2.3672510e+06   3.8574219e+01
   2.3712020e+06   4.2480469e+01
   2.3764410e+06   4.7302246e+01
   2.3780440e+06   3.8635254e+01
   2.3851450e+06   3.8818359e+01
   2.3866030e+06   4.3457031e+01
   2.3866910e+06   4.0466309e+01
   2.3869860e+06   4.2846680e+01
   2.3874910e+06   4.4982910e+01
   2.3970690e+06   4.0161133e+01
   2.3977830e+06   4.1015625e+01
   2.3995060e+06   5.5847168e+01
   2.4048830e+06   4.3151855e+01
   2.4061330e+06   4.3212891e+01
   2.4130890e+06   4.6875000e+01
   2.4213300e+06   5.2246094e+01
   2.4278600e+06   5.4382324e+01
   2.4364800e+06   3.9611816e+01
   2.4405160e+06   4.3579102e+01
   2.4413810e+06   4.8034668e+01
   2.4437970e+06   5.1269531e+01
   2.4445860e+06   3.8024902e+01
   2.4448000e+06   4.4311523e+01
   2.4454460e+06   4.0588379e+01
   2.4456050e+06   3.9245605e+01
   2.4563400e+06   4.6020508e+01
   2.4571510e+06   4.0527344e+01
   2.4614050e+06   5.2978516e+01
   2.4659440e+06   3.9916992e+01
   2.4668340e+06   4.1564941e+01
   2.4795160e+06   4.6020508e+01
   2.4859290e+06   5.3527832e+01
   2.4971530e+06   4.2968750e+01
   2.5057740e+06   4.8278809e+01
   2.5090880e+06   4.8461914e+01
   2.5104860e+06   3.9306641e+01
   2.5117100e+06   4.5227051e+01
   2.5172720e+06   4.8095703e+01
   2.5185340e+06   4.3762207e+01
   2.5258680e+06   4.1931152e+01
   2.5277930e+06   5.3894043e+01
   2.5406170e+06   4.5837402e+01
   2.5427020e+06   4.2541504e+01
   2.5478760e+06   4.8889160e+01
   2.5485220e+06   4.1931152e+01
   2.5554650e+06   4.9865723e+01
   2.5617390e+06   4.0161133e+01
   2.5650130e+06   5.2368164e+01
   2.5715040e+06   5.0659180e+01
   2.5728740e+06   4.1748047e+01
   2.5732570e+06   3.9611816e+01
   2.5809200e+06   4.0893555e+01
   2.5816750e+06   4.7180176e+01
   2.5860110e+06   3.9367676e+01
   2.5862540e+06   4.1809082e+01
   2.5969030e+06   5.0842285e+01
   2.6115600e+06   4.6936035e+01
   2.6118900e+06   4.6691895e+01
   2.6139460e+06   4.4921875e+01
   2.6254020e+06   5.1208496e+01
   2.6372020e+06   5.1696777e+01
   2.6377870e+06   4.4372559e+01
   2.6394130e+06   5.9387207e+01
   2.6402280e+06   4.4860840e+01
   2.6449750e+06   4.0344238e+01
   2.6593700e+06   4.1076660e+01
   2.6595760e+06   4.6447754e+01
   2.6714280e+06   4.3884277e+01
   2.6724940e+06   5.0903320e+01
   2.6730710e+06   4.2480469e+01
   2.6734860e+06   4.4372559e+01
   2.6760120e+06   4.6081543e+01
   2.6766540e+06   4.1992188e+01
   2.6807160e+06   3.9489746e+01
   2.6861420e+06   4.4128418e+01
   2.6890210e+06   4.3518066e+01
   2.6953380e+06   4.6752930e+01
   2.6960840e+06   4.0588379e+01
   2.6974460e+06   4.1503906e+01
   2.7069350e+06   4.2663574e+01
   2.7170570e+06   4.7851562e+01
   2.7224320e+06   4.1564941e+01
   2.7248880e+06   4.2846680e+01
   2.7252930e+06   4.0405273e+01
   2.7317890e+06   4.4921875e+01
   2.7328830e+06   4.6386719e+01
   2.7463700e+06   4.8645020e+01
   2.7471580e+06   4.0893555e+01
   2.7551770e+06   5.2917480e+01
   2.7621990e+06   4.6447754e+01
   2.7820520e+06   4.8339844e+01
   2.7833200e+06   3.9489746e+01
   2.7851460e+06   4.2663574e+01
   2.7889680e+06   4.5593262e+01
   2.7924080e+06   4.6936035e+01
   2.7941360e+06   3.9855957e+01
   2.8023460e+06   4.2419434e+01
   2.8078440e+06   5.5419922e+01
   2.8091430e+06   5.1330566e+01
   2.8105370e+06   4.7241211e+01
   2.8110810e+06   4.5288086e+01
   2.8168800e+06   4.4799805e+01
   2.8313210e+06   4.8645020e+01
   2.8316710e+06   5.2551270e+01
   2.8317250e+06   4.1381836e+01
   2.8460410e+06   3.8024902e+01
   2.8520800e+06   4.8767090e+01
   2.8571170e+06   4.8583984e+01
   2.8581130e+06   4.1381836e+01
   2.8598970e+06   4.7607422e+01
   2.8678480e+06   4.7485352e+01
   2.8690950e+06   4.3518066e+01
   2.8700500e+06   3.7963867e+01
   2.8761290e+06   4.4433594e+01
   2.8888120e+06   4.7607422e+01
   2.8896540e+06   4.4616699e+01
   2.8910720e+06   4.3701172e+01
   2.8957210e+06   4.4982910e+01
   2.8985120e+06   3.8146973e+01
   2.8992820e+06   4.0771484e+01
   2.9267490e+06   3.8513184e+01
   2.9339520e+06   4.8889160e+01
   2.9363830e+06   4.0954590e+01
   2.9368700e+06   3.8146973e+01
   2.9412860e+06   4.5410156e+01
   2.9416700e+06   3.9184570e+01
   2.9430240e+06   4.0222168e+01
   2.9616170e+06   4.9560547e+01
   2.9625970e+06   3.7963867e+01
   2.9628640e+06   4.9804688e+01
   2.9683420e+06   5.0354004e+01
   2.9686400e+06   3.7963867e+01
   2.9692950e+06   4.7058105e+01
   2.9742770e+06   4.3823242e+01
   2.9756470e+06   4.7424316e+01
   2.9762160e+06   4.2419434e+01
   2.9764450e+06   4.2419434e+01
   2.9912130e+06   5.2368164e+01
   2.9912620e+06   5.3222656e+01
   2.9985810e+06   4.6508789e+01
   3.0029750e+06   5.1147461e+01
   3.0054110e+06   4.9011230e+01
   3.0056730e+06   4.0588379e+01
   3.0073740e+06   4.2419434e+01
   3.0225020e+06   3.8513184e+01
   3.0233030e+06   5.1391602e+01
   3.0266420e+06   4.3334961e+01
   3.0414840e+06   4.8400879e+01
   3.0483550e+06   5.2185059e+01
   3.0620600e+06   4.3457031e+01
   3.0659200e+06   4.6203613e+01
   3.0742980e+06   5.8349609e+01
   3.0779490e+06   4.1748047e+01
   3.0785180e+06   4.6203613e+01
   3.0787900e+06   3.9428711e+01
   3.0817100e+06   4.1198730e+01
   3.0825940e+06   4.0283203e+01
   3.0947250e+06   4.5898438e+01
   3.0995060e+06   4.4433594e+01
   3.1023000e+06   3.8696289e+01
   3.1124390e+06   5.7861328e+01
   3.1287310e+06   4.3518066e+01
   3.1404650e+06   4.1381836e+01
   3.1423180e+06   3.9245605e+01
   3.1436440e+06   3.7963867e+01
   3.1463080e+06   4.5532227e+01
   3.1480640e+06   4.0710449e+01
   3.1517240e+06   4.8156738e+01
   3.1644130e+06   3.8635254e+01
   3.1716370e+06   4.1809082e+01
   3.1847460e+06   4.4250488e+01
   3.1893090e+06   4.8034668e+01
   3.1894880e+06   6.0668945e+01
   3.1898910e+06   4.2785645e+01
   3.2060970e+06   5.1025391e+01
   3.2063410e+06   4.6508789e+01
   3.2114240e+06   4.5349121e+01
   3.2124180e+06   6.1218262e+01
   3.2131010e+06   4.6325684e+01
   3.2167420e+06   5.0048828e+01
   3.2171620e+06   3.8940430e+01
   3.2182240e+06   4.1564941e+01
   3.2261520e+06   4.6325684e+01
   3.2315320e+06   4.6142578e+01
   3.2466160e+06   4.8767090e+01
   3.2468300e+06   5.4443359e+01
   3.2485980e+06   4.8034668e+01
   3.2599640e+06   3.7902832e+01
   3.2711910e+06   3.8208008e+01
   3.2733370e+06   5.2734375e+01
   3.2735840e+06   4.8767090e+01
   3.2744230e+06   4.4799805e+01
   3.2882350e+06   4.3945312e+01
   3.2896090e+06   4.4555664e+01
   3.2905680e+06   3.7963867e+01
   3.2943490e+06   4.3884277e+01
   3.2946430e+06   3.9916992e+01
   3.3024470e+06   6.3110352e+01
   3.3307490e+06   5.0354004e+01
   3.3461790e+06   4.1381836e+01
   3.3514420e+06   6.0424805e+01
   3.3748280e+06   5.2612305e+01
   3.3847170e+06   4.4677734e+01
   3.3907270e+06   4.8339844e+01
   3.3917550e+06   4.6264648e+01
   3.3937750e+06   4.9560547e+01
   3.4051900e+06   4.4982910e+01
   3.4133840e+06   4.2541504e+01
   3.4193800e+06   5.9143066e+01
   3.4331590e+06   5.0659180e+01
   3.4405990e+06   4.6875000e+01
   3.4433640e+06   4.3090820e+01
   3.4480550e+06   5.1635742e+01
   3.4483800e+06   4.1442871e+01
   3.4497670e+06   3.8635254e+01
   3.4556270e+06   4.9072266e+01
   3.4604170e+06   4.0893555e+01
   3.4689640e+06   4.9316406e+01
   3.4703540e+06   4.6936035e+01
   3.4750140e+06   4.9865723e+01
   3.4783790e+06   4.7546387e+01
   3.4788990e+06   3.9367676e+01
   3.4890880e+06   4.8461914e+01
   3.5152120e+06   5.2185059e+01
   3.5196200e+06   4.6325684e+01
   3.5217210e+06   4.6875000e+01
   3.5505400e+06   5.6152344e+01
   3.5536980e+06   5.3283691e+01
   3.5616250e+06   5.1574707e+01
   3.5637280e+06   4.6081543e+01
   3.5711200e+06   3.9367676e+01
   3.5740160e+06   3.8024902e+01
   3.5749250e+06   4.7058105e+01
   3.5750310e+06   4.0893555e+01
   3.6003210e+06   4.6447754e+01
   3.6007610e+06   5.0659180e+01
   3.6175970e+06   5.1269531e+01
   3.6182350e+06   4.1748047e+01
   3.6281710e+06   6.1035156e+01
   3.6358810e+06   5.7861328e+01
   3.6442820e+06   5.4016113e+01
   3.6446620e+06   6.1096191e+01
   3.6521810e+06   4.8461914e+01
   3.6529770e+06   5.4748535e+01
   3.6578200e+06   3.9916992e+01
   3.6580970e+06   4.9560547e+01
   3.6678360e+06   4.8400879e+01
   3.6680810e+06   4.6325684e+01
   3.6737220e+06   5.0964355e+01
   3.7222620e+06   5.5725098e+01
   3.7366170e+06   4.5837402e+01
   3.7396430e+06   5.4382324e+01
   3.7563800e+06   3.9978027e+01
   3.7742140e+06   5.3771973e+01
   3.7791550e+06   4.5532227e+01
   3.7907700e+06   4.9438477e+01
   3.7984460e+06   6.0180664e+01
   3.7987480e+06   4.3334961e+01
   3.7993100e+06   4.6386719e+01
   3.8000210e+06   3.9123535e+01
   3.8066220e+06   4.2541504e+01
   3.8144880e+06   5.5969238e+01
   3.8355160e+06   3.8757324e+01
   3.8473410e+06   5.3039551e+01
   3.8541160e+06   4.7302246e+01
   3.8634620e+06   4.7424316e+01
   3.8795670e+06   5.1391602e+01
   3.8906860e+06   3.8879395e+01
   3.8963900e+06   4.6569824e+01
   3.9063040e+06   4.8889160e+01
   3.9189900e+06   5.0170898e+01
   3.9216340e+06   4.1442871e+01
   3.9370450e+06   4.2297363e+01
   3.9519190e+06   4.7668457e+01
   3.9592910e+06   4.3518066e+01
   3.9652720e+06   5.5480957e+01
   3.9758410e+06   4.9133301e+01
   3.9802810e+06   4.8583984e+01
   3.9878990e+06   3.8208008e+01
   4.0073760e+06   4.7546387e+01
   4.0115310e+06   5.3649902e+01
   4.0131610e+06   3.8513184e+01
   4.0164740e+06   4.6447754e+01
   4.0191500e+06   3.9855957e+01
   4.0373050e+06   5.4321289e+01
   4.0386170e+06   4.9987793e+01
   4.0487390e+06   4.3212891e+01
   4.0511800e+06   4.1687012e+01
   4.0655600e+06   5.5541992e+01
   4.0822240e+06   4.5593262e+01
   4.1149460e+06   5.2368164e+01
   4.1151690e+06   5.1574707e+01
   4.1230780e+06   5.6701660e+01
   4.1409650e+06   5.4870605e+01
   4.1413580e+06   5.0415039e+01
   4.1588820e+06   4.6081543e+01
   4.1636560e+06   5.3161621e+01
   4.1834390e+06   4.6752930e+01
   4.1958900e+06   5.8166504e+01
   4.1976330e+06   5.0598145e+01
   4.2042910e+06   4.5959473e+01
   4.2056040e+06   4.5654297e+01
   4.2083560e+06   3.9794922e+01
   4.2106200e+06   4.4128418e+01
   4.2327560e+06   5.4016113e+01
   4.2435880e+06   5.3833008e+01
   4.2546260e+06   5.3039551e+01
   4.2551140e+06   3.7902832e+01
   4.2566360e+06   4.0527344e+01
   4.2607280e+06   5.2368164e+01
   4.2753990e+06   4.0954590e+01
   4.2805480e+06   5.3771973e+01
   4.2815660e+06   5.0476074e+01
   4.2828100e+06   4.9926758e+01
   4.2982740e+06   4.4128418e+01
   4.3071590e+06   4.3029785e+01
   4.3071890e+06   4.8767090e+01
   4.3074940e+06   4.0039062e+01
   4.3078860e+06   3.8879395e+01
   4.3141900e+06   4.2907715e+01
   4.3220880e+06   4.3945312e+01
   4.3261630e+06   5.0231934e+01
   4.3265060e+06   4.2785645e+01
   4.3273440e+06   5.0720215e+01
   4.3386850e+06   4.4189453e+01
   4.3391970e+06   4.9255371e+01
   4.3400470e+06   3.9428711e+01
   4.3402580e+06   4.1625977e+01
   4.3491820e+06   4.1015625e+01
   4.3498110e+06   4.3579102e+01
   4.3524200e+06   4.6142578e+01
   4.3531960e+06   4.2053223e+01
   4.3639570e+06   4.3518066e+01
   4.3642620e+06   3.9550781e+01
   4.3645490e+06   4.6142578e+01
   4.3655600e+06   4.0954590e+01
   4.3678050e+06   5.2062988e+01
   4.3682070e+06   3.9550781e+01
   4.3710810e+06   4.8889160e+01
   4.3714940e+06   4.3334961e+01
   4.3785360e+06   5.2429199e+01
   4.3890080e+06   4.3334961e+01
   4.3945850e+06   4.2602539e+01
   4.4072800e+06   4.7668457e+01
   4.4261810e+06   5.0537109e+01
   4.4273440e+06   3.9550781e+01
   4.4285070e+06   3.8696289e+01
   4.4417160e+06   5.4077148e+01
   4.4421940e+06   4.2907715e+01
   4.4433030e+06   4.1931152e+01
   4.4491260e+06   4.7363281e+01
   4.4510320e+06   4.5898438e+01
   4.4631830e+06   4.7302246e+01
   4.4688350e+06   4.7729492e+01
   4.4696050e+06   4.7241211e+01
   4.4737770e+06   4.5898438e+01
   4.4758880e+06   4.9804688e+01
   4.4759060e+06   3.9306641e+01
   4.4780040e+06   4.0039062e+01
   4.4813960e+06   4.5837402e+01
   4.4846240e+06   4.4067383e+01
   4.4848480e+06   4.3151855e+01
   4.4974860e+06   5.1635742e+01
   4.4997190e+06   3.9672852e+01
   4.5051350e+06   5.6640625e+01
   4.5059390e+06   3.8330078e+01
   4.5066310e+06   4.6264648e+01
   4.5130520e+06   4.5959473e+01
   4.5136640e+06   4.1015625e+01
   4.5138720e+06   4.1625977e+01
   4.5359710e+06   4.3212891e+01
   4.5430660e+06   4.9865723e+01
   4.5435530e+06   4.9987793e+01
   4.5442730e+06   4.6691895e+01
   4.5451400e+06   4.0649414e+01
   4.5595590e+06   4.1564941e+01
   4.5643830e+06   4.5471191e+01
   4.5649340e+06   4.7973633e+01
   4.5657080e+06   4.5349121e+01
   4.5663070e+06   4.3823242e+01
   4.5731430e+06   5.5175781e+01
   4.5735220e+06   4.1320801e+01
   4.5736930e+06   4.1259766e+01
   4.5738240e+06   3.8391113e+01
   4.5890800e+06   3.9672852e+01
   4.5942670e+06   4.2785645e+01
   4.5945990e+06   5.1025391e+01
   4.5947560e+06   3.9733887e+01
   4.6015260e+06   4.8828125e+01
   4.6079200e+06   4.0954590e+01
   4.6134870e+06   4.0222168e+01
   4.6187850e+06   3.9611816e+01
   4.6222040e+06   5.7556152e+01
   4.6247810e+06   4.2846680e+01
   4.6250240e+06   4.7790527e+01
   4.6288640e+06   4.1931152e+01
   4.6327750e+06   4.6936035e+01
   4.6478290e+06   4.4006348e+01
   4.6506220e+06   4.9499512e+01
   4.6518940e+06   3.8269043e+01
   4.6530940e+06   5.3100586e+01
   4.6564060e+06   3.8391113e+01
   4.6570760e+06   4.0100098e+01
   4.6663360e+06   4.5532227e+01
   4.6759180e+06   4.9499512e+01
   4.6764420e+06   4.6386719e+01
   4.6769420e+06   3.9306641e+01
   4.6790730e+06   4.4250488e+01
   4.6799060e+06   4.8278809e+01
   4.6807850e+06   4.4860840e+01
   4.6855410e+06   4.2541504e+01
   4.6937550e+06   4.8583984e+01
   4.7008750e+06   5.5358887e+01
   4.7106210e+06   4.8339844e+01
   4.7150600e+06   5.1452637e+01
   4.7226380e+06   5.1208496e+01
   4.7255670e+06   4.2236328e+01
   4.7300200e+06   4.1137695e+01
   4.7311210e+06   4.6264648e+01
   4.7315290e+06   4.6691895e+01
   4.7335590e+06   4.2175293e+01
   4.7365150e+06   4.0649414e+01
   4.7374110e+06   4.6447754e+01
   4.7468240e+06   4.8583984e+01
   4.7478630e+06   4.3395996e+01
   4.7481090e+06   3.7902832e+01
   4.7588970e+06   4.8767090e+01
   4.7736460e+06   5.1757813e+01
   4.7740370e+06   4.1015625e+01
   4.7812230e+06   4.1503906e+01
   4.7816230e+06   3.8635254e+01
   4.7857870e+06   5.3771973e+01
   4.7940120e+06   4.3212891e+01
   4.7942910e+06   5.4687500e+01
   4.7954470e+06   4.1381836e+01
   4.8010570e+06   4.2663574e+01
   4.8065120e+06   4.4311523e+01
   4.8068330e+06   4.0710449e+01
   4.8074140e+06   4.0344238e+01
   4.8080200e+06   4.7912598e+01
   4.8229430e+06   4.9377441e+01
   4.8236880e+06   4.7607422e+01
   4.8239030e+06   4.2846680e+01
   4.8262490e+06   4.2480469e+01
   4.8278670e+06   4.6752930e+01
   4.8409380e+06   5.0109863e+01
   4.8417010e+06   4.3151855e+01
   4.8419910e+06   4.3212891e+01
   4.8426430e+06   3.8208008e+01
   4.8436970e+06   3.8146973e+01
   4.8474520e+06   4.5959473e+01
   4.8488760e+06   4.6386719e+01
   4.8493600e+06   3.9489746e+01
   4.8496320e+06   4.0405273e+01
   4.8575100e+06   5.0415039e+01
   4.8582070e+06   3.8146973e+01
   4.8583530e+06   4.0893555e+01
   4.8640570e+06   5.1757812e+01
   4.8807030e+06   5.4321289e+01
   4.8880740e+06   4.0649414e+01
   4.8881170e+06   4.9438477e+01
   4.8920080e+06   4.4799805e+01
   4.8925900e+06   3.8879395e+01
   4.9040160e+06   4.5471191e+01
   4.9064110e+06   4.8400879e+01
   4.9067130e+06   4.1015625e+01
   4.9108190e+06   5.4077148e+01
   4.9157430e+06   4.1015625e+01
   4.9165060e+06   4.5715332e+01
   4.9235960e+06   5.0781250e+01
   4.9239220e+06   3.8818359e+01
   4.9310180e+06   3.8391113e+01
   4.9359820e+06   4.5776367e+01
   4.9412620e+06   4.3884277e+01
   4.9531130e+06   3.8391113e+01
   4.9546690e+06   4.0954590e+01
   4.9550790e+06   4.3090820e+01
   4.9553750e+06   3.9184570e+01
   4.9555670e+06   3.8513184e+01
   4.9650430e+06   4.9499512e+01
   4.9787020e+06   4.6142578e+01
   4.9792770e+06   4.1259766e+01
   4.9796050e+06   4.7485352e+01
   4.9799010e+06   4.0283203e+01
   4.9845400e+06   4.0832520e+01
   4.9926970e+06   4.1381836e+01
   4.9935930e+06   4.6020508e+01
   4.9975360e+06   5.4138184e+01
   5.0039750e+06   4.5715332e+01
   5.0085890e+06   4.7363281e+01
   5.0139680e+06   4.3579102e+01
   5.0142640e+06   4.4860840e+01
   5.0145930e+06   4.1625977e+01
   5.0196910e+06   4.6264648e+01
   5.0200790e+06   4.8767090e+01
   5.0201410e+06   3.9611816e+01
   5.0242740e+06   3.9428711e+01
   5.0246610e+06   4.1259766e+01
   5.0292060e+06   4.0222168e+01
   5.0345360e+06   4.4799805e+01
   5.0401550e+06   3.9733887e+01
   5.0404000e+06   3.8879395e+01
   5.0406310e+06   3.8452148e+01
   5.0550570e+06   4.0405273e+01
   5.0554080e+06   4.5227051e+01
   5.0571230e+06   3.8330078e+01
   5.0604410e+06   4.2053223e+01
   5.0664660e+06   4.7363281e+01
   5.0675280e+06   4.0771484e+01
   5.0679800e+06   3.8757324e+01
   5.0739120e+06   5.3222656e+01
   5.0743160e+06   3.7963867e+01
   5.0794910e+06   4.1137695e+01
   5.0797560e+06   4.2358398e+01
   5.0895400e+06   4.9133301e+01
   5.0915730e+06   4.1198730e+01
   5.0920130e+06   4.3823242e+01
   5.1022760e+06   3.9978027e+01
   5.1026960e+06   3.8085938e+01
   5.1071710e+06   4.9377441e+01
   5.1075010e+06   4.3640137e+01
   5.1081000e+06   4.0283203e+01
   5.1088020e+06   3.9245605e+01
   5.1122360e+06   5.0292969e+01
   5.1146560e+06   4.0405273e+01
   5.1166550e+06   4.4433594e+01
   5.1195800e+06   4.8400879e+01
   5.1210580e+06   5.0354004e+01
   5.1214590e+06   4.3579102e+01
   5.1286880e+06   3.8330078e+01
   5.1325810e+06   3.8696289e+01
   5.1329570e+06   4.7973633e+01
   5.1444300e+06   4.5654297e+01
   5.1489400e+06   3.9062500e+01
   5.1520970e+06   5.7861328e+01
   5.1585920e+06   4.0588379e+01
   5.1592050e+06   3.9855957e+01
   5.1599330e+06   4.6447754e+01
   5.1633240e+06   4.1992188e+01
   5.1636080e+06   4.3090820e+01
   5.1704990e+06   4.1625977e+01
   5.1710990e+06   4.1076660e+01
   5.1711100e+06   4.8217773e+01
   5.1769960e+06   4.0954590e+01
   5.1831790e+06   4.3518066e+01
   5.1917010e+06   4.0344238e+01
   5.1922040e+06   4.6630859e+01
   5.1925650e+06   4.2358398e+01
   5.1960240e+06   3.9550781e+01
   5.1971310e+06   4.9865723e+01
   5.1974200e+06   3.9978027e+01
   5.2129900e+06   3.8818359e+01
   5.2131990e+06   4.1137695e+01
   5.2154790e+06   5.3283691e+01
   5.2159580e+06   4.0893555e+01
   5.2161130e+06   4.1381836e+01
   5.2165610e+06   3.9245605e+01
   5.2198980e+06   5.1757812e+01
   5.2246630e+06   4.5776367e+01
   5.2270210e+06   3.8696289e+01
   5.2279070e+06   4.1870117e+01
   5.2370780e+06   4.2358398e+01
   5.2376610e+06   4.7241211e+01
   5.2441200e+06   4.6264648e+01
   5.2508580e+06   4.8339844e+01
   5.2511600e+06   3.9245605e+01
   5.2519170e+06   3.8513184e+01
   5.2583910e+06   4.2907715e+01
   5.2618200e+06   4.1625977e+01
   5.2623620e+06   3.9062500e+01
   5.2723800e+06   4.5349121e+01
   5.2729500e+06   4.0344238e+01
   5.2740030e+06   3.8330078e+01
   5.2782190e+06   4.8706055e+01
   5.2784530e+06   4.2602539e+01
   5.2856490e+06   5.5664063e+01
   5.2921740e+06   4.7180176e+01
   5.3054630e+06   5.7189941e+01
   5.3067650e+06   4.3395996e+01
   5.3081190e+06   4.0100098e+01
   5.3104340e+06   5.0231934e+01
   5.3112030e+06   4.4311523e+01
   5.3113690e+06   3.9550781e+01
   5.3225630e+06   4.7973633e+01
   5.3263440e+06   4.3884277e+01
   5.3435310e+06   3.8208008e+01
   5.3506420e+06   4.0771484e+01
   5.3515460e+06   4.4189453e+01
   5.3553360e+06   5.0720215e+01
   5.3559900e+06   4.3945312e+01
   5.3621710e+06   4.4982910e+01
   5.3694880e+06   4.2480469e+01
   5.3703790e+06   4.6081543e+01
   5.3706740e+06   4.0588379e+01
   5.3712170e+06   4.4189453e+01
   5.3716300e+06   4.2663574e+01
   5.3757460e+06   4.9316406e+01
   5.3761950e+06   3.9489746e+01
   5.3773640e+06   4.2724609e+01
   5.3832220e+06   4.5043945e+01
   5.3842740e+06   4.6508789e+01
   5.3928910e+06   4.9316406e+01
   5.3984280e+06   4.5593262e+01
   5.3987190e+06   4.7241211e+01
   5.4025470e+06   5.0842285e+01
   5.4046310e+06   4.6936035e+01
   5.4058650e+06   5.9753418e+01
   5.4061750e+06   4.5593262e+01
   5.4063560e+06   4.1748047e+01
   5.4103000e+06   4.4433594e+01
   5.4107730e+06   4.1625977e+01
   5.4184740e+06   4.2236328e+01
   5.4186790e+06   3.9978027e+01
   5.4320410e+06   4.2602539e+01
   5.4360350e+06   5.0170898e+01
   5.4363610e+06   4.1259766e+01
   5.4365850e+06   3.8696289e+01
   5.4398210e+06   4.1564941e+01
   5.4400960e+06   4.2419434e+01
   5.4403940e+06   3.8146973e+01
   5.4440520e+06   5.8410645e+01
   5.4445300e+06   4.0588379e+01
   5.4463480e+06   5.0292969e+01
   5.4502350e+06   4.2724609e+01
   5.4553460e+06   4.3762207e+01
   5.4646830e+06   4.5227051e+01
   5.4650250e+06   4.4250488e+01
   5.4672000e+06   4.2724609e+01
   5.4698380e+06   3.7902832e+01
   5.4713790e+06   3.8818359e+01
   5.4786290e+06   5.3894043e+01
   5.4789250e+06   4.2053223e+01
   5.4792370e+06   3.8818359e+01
   5.4896280e+06   4.7058105e+01
   5.4899510e+06   4.5166016e+01
   5.4918230e+06   4.6508789e+01
   5.4924480e+06   4.4677734e+01
   5.5046720e+06   3.8146973e+01
   5.5051990e+06   4.0649414e+01
   5.5121750e+06   4.7607422e+01
   5.5127370e+06   4.6813965e+01
   5.5129960e+06   4.2541504e+01
   5.5133470e+06   4.3273926e+01
   5.5262900e+06   4.3151855e+01
   5.5267420e+06   4.0527344e+01
   5.5291560e+06   4.9926758e+01
   5.5433920e+06   5.3100586e+01
   5.5439510e+06   3.8696289e+01
   5.5443690e+06   4.0100098e+01
   5.5524790e+06   4.5471191e+01
   5.5546330e+06   4.3884277e+01
   5.5547740e+06   4.7180176e+01
   5.5554400e+06   4.0649414e+01
   5.5556260e+06   3.8452148e+01
   5.5703730e+06   4.5410156e+01
   5.5713270e+06   3.8635254e+01
   5.5757420e+06   5.0109863e+01
   5.5762230e+06   4.1625977e+01
   5.5901690e+06   5.1391602e+01
   5.5954980e+06   4.3518066e+01
   5.5966130e+06   5.2612305e+01
   5.5968860e+06   3.9428711e+01
   5.6017820e+06   4.3212891e+01
   5.6027850e+06   4.5654297e+01
   5.6091890e+06   3.8574219e+01
   5.6098290e+06   3.9245605e+01
   5.6103380e+06   4.4067383e+01
   5.6181690e+06   3.9855957e+01
   5.6201670e+06   3.9489746e+01
   5.6204020e+06   4.0100098e+01
   5.6206540e+06   4.5043945e+01
   5.6208020e+06   4.9194336e+01
   5.6348040e+06   4.0466309e+01
   5.6358140e+06   3.9733887e+01
   5.6434710e+06   3.8330078e+01
   5.6440910e+06   5.2917480e+01
   5.6455100e+06   3.8208008e+01
   5.6455780e+06   4.3273926e+01
   5.6460400e+06   4.0283203e+01
   5.6463300e+06   3.9001465e+01
   5.6519920e+06   4.5593262e+01
   5.6573030e+06   4.0893555e+01
   5.6586500e+06   4.3823242e+01
   5.6616100e+06   3.9611816e+01
   5.6734330e+06   3.8024902e+01
   5.6741420e+06   4.8034668e+01
   5.6777730e+06   3.9184570e+01
   5.6782260e+06   4.0283203e+01
   5.6831230e+06   4.8461914e+01
   5.6833970e+06   3.8757324e+01
   5.6893120e+06   4.6020508e+01
   5.6898040e+06   3.8452148e+01
   5.6963290e+06   4.2236328e+01
   5.6971770e+06   4.4860840e+01
   5.6973420e+06   3.9611816e+01
   5.7015300e+06   4.9743652e+01
   5.7082360e+06   4.0161133e+01
   5.7086070e+06   4.4860840e+01
   5.7138260e+06   4.5043945e+01
   5.7195390e+06   4.5410156e+01
   5.7360190e+06   4.6691895e+01
   5.7364570e+06   4.4311523e+01
   5.7372040e+06   3.7963867e+01
   5.7422250e+06   4.7424316e+01
   5.7492410e+06   4.2480469e+01
   5.7498540e+06   4.3334961e+01
   5.7537130e+06   3.8513184e+01
   5.7569660e+06   4.7973633e+01
   5.7625580e+06   4.9377441e+01
   5.7643930e+06   4.0039062e+01
   5.7679660e+06   3.8696289e+01
   5.7690710e+06   3.8452148e+01
   5.7691940e+06   5.0292969e+01
   5.7697290e+06   3.9978027e+01
   5.7756680e+06   4.8278809e+01
   5.7772460e+06   4.5715332e+01
   5.7876660e+06   5.7434082e+01
   5.7887680e+06   4.2907715e+01
   5.7891940e+06   4.4616699e+01
   5.7925110e+06   5.1635742e+01
   5.7930480e+06   3.9672852e+01
   5.8017660e+06   3.8452148e+01
   5.8075720e+06   4.5104980e+01
   5.8093150e+06   4.8522949e+01
   5.8186210e+06   4.0771484e+01
   5.8187350e+06   4.1198730e+01
   5.8279160e+06   4.0771484e+01
   5.8397170e+06   4.7363281e+01
   5.8423440e+06   3.7963867e+01
   5.8449650e+06   5.1818848e+01
   5.8456890e+06   4.9499512e+01
   5.8475230e+06   4.2541504e+01
   5.8514950e+06   4.7607422e+01
   5.8577580e+06   4.0283203e+01
   5.8680670e+06   4.2785645e+01
   5.8732040e+06   4.1503906e+01
   5.8737490e+06   4.9621582e+01
   5.8749770e+06   4.2602539e+01
   5.8844190e+06   4.9865723e+01
   5.8991140e+06   4.8889160e+01
   5.9009060e+06   5.2307129e+01
   5.9086370e+06   4.4738770e+01
   5.9091590e+06   4.2907715e+01
   5.9180680e+06   4.8645020e+01
   5.9229020e+06   4.8828125e+01
   5.9259090e+06   4.4738770e+01
   5.9291400e+06   4.4616699e+01
   5.9378300e+06   5.8959961e+01
   5.9392990e+06   3.8940430e+01
   5.9431140e+06   4.7851562e+01
   5.9470850e+06   5.2307129e+01
   5.9542270e+06   3.8269043e+01
   5.9546810e+06   3.9916992e+01
   5.9653950e+06   4.3457031e+01
   5.9658430e+06   4.3029785e+01
   5.9690350e+06   4.1442871e+01
   5.9804040e+06   4.6813965e+01
   5.9837990e+06   4.9316406e+01
   5.9867180e+06   4.1198730e+01
   5.9882980e+06   4.6569824e+01
   5.9927200e+06   4.8339844e+01
   6.0072600e+06   4.6386719e+01
   6.0119620e+06   4.1076660e+01
   6.0123020e+06   3.8574219e+01
   6.0127900e+06   4.2175293e+01
   6.0167120e+06   4.7180176e+01
   6.0198080e+06   4.9621582e+01
   6.0268520e+06   4.4982910e+01
   6.0455310e+06   5.1940918e+01
   6.0464930e+06   4.0527344e+01
   6.0468220e+06   3.8574219e+01
   6.0477860e+06   3.9367676e+01
   6.0556630e+06   4.5410156e+01
   6.0626490e+06   4.2785645e+01
   6.0647100e+06   5.2246094e+01
   6.0795390e+06   4.7302246e+01
   6.0811950e+06   3.8818359e+01
   6.0829690e+06   5.1269531e+01
   6.0932540e+06   4.6386719e+01
   6.0940490e+06   3.8085938e+01
   6.1008260e+06   5.1208496e+01
   6.1012480e+06   4.2236328e+01
   6.1014740e+06   4.9377441e+01
   6.1021290e+06   3.8940430e+01
   6.1079660e+06   4.2175293e+01
   6.1121220e+06   4.2602539e+01
   6.1128230e+06   4.3762207e+01
   6.1184910e+06   5.1147461e+01
   6.1193040e+06   4.2663574e+01
   6.1259030e+06   4.2297363e+01
   6.1404330e+06   4.7607422e+01
   6.1441140e+06   5.0781250e+01
   6.1452950e+06   3.9733887e+01
   6.1590560e+06   5.3527832e+01
   6.1604220e+06   5.1208496e+01
   6.1646680e+06   5.4077148e+01
   6.1665660e+06   5.1513672e+01
   6.1675660e+06   4.0161133e+01
   6.1747590e+06   5.0903320e+01
   6.1755450e+06   5.9387207e+01
   6.1799580e+06   5.6030273e+01
   6.1802740e+06   3.8085938e+01
   6.1811650e+06   4.0893555e+01
   6.1816310e+06   4.2907715e+01
   6.1863110e+06   4.5959473e+01
   6.1888330e+06   4.0527344e+01
   6.1974290e+06   4.4494629e+01
   6.2063600e+06   4.4921875e+01
   6.2067600e+06   3.8574219e+01
   6.2074700e+06   4.0222168e+01
   6.2107470e+06   4.0710449e+01
   6.2215090e+06   5.1940918e+01
   6.2272360e+06   4.1076660e+01
   6.2309460e+06   4.6630859e+01
   6.2370900e+06   4.6386719e+01
   6.2385130e+06   5.0781250e+01
   6.2416770e+06   4.2968750e+01
   6.2426660e+06   3.8452148e+01
   6.2468300e+06   4.0466309e+01
   6.2572590e+06   4.2907715e+01
   6.2646920e+06   4.9011230e+01
   6.2649690e+06   5.0720215e+01
   6.2653440e+06   3.9550781e+01
   6.2658990e+06   4.1259766e+01
   6.2709350e+06   5.0048828e+01
   6.2726820e+06   4.9926758e+01
   6.2749900e+06   4.3090820e+01
   6.3054330e+06   4.7973633e+01
   6.3155860e+06   4.5654297e+01
   6.3210470e+06   4.0222168e+01
   6.3250370e+06   4.5043945e+01
   6.3262480e+06   4.7668457e+01
   6.3268450e+06   4.1198730e+01
   6.3326540e+06   4.9682617e+01
   6.3447920e+06   4.5104980e+01
   6.3507320e+06   4.8889160e+01
   6.3563060e+06   5.7434082e+01
   6.3615090e+06   5.1818848e+01
   6.3786210e+06   4.8400879e+01
   6.3791930e+06   4.4311523e+01
   6.3793870e+06   4.4006348e+01
   6.3819570e+06   4.5288086e+01
   6.3953000e+06   4.7729492e+01
   6.3976870e+06   4.0283203e+01
   6.4002770e+06   4.1381836e+01
   6.4010350e+06   4.2358398e+01
   6.4019270e+06   3.8696289e+01
   6.4048940e+06   4.8706055e+01
   6.4197770e+06   4.5410156e+01
   6.4269880e+06   4.5288086e+01
   6.4390330e+06   4.4494629e+01
   6.4393860e+06   4.9194336e+01
   6.4423660e+06   4.2358398e+01
   6.4442580e+06   4.7058105e+01
   6.4450730e+06   4.1992188e+01
   6.4621000e+06   4.2541504e+01
   6.4635440e+06   5.1025391e+01
   6.4715290e+06   5.5664062e+01
   6.4779940e+06   5.3039551e+01
   6.4786540e+06   5.0048828e+01
   6.4792880e+06   4.5654297e+01
   6.4820220e+06   3.8085938e+01
   6.4870520e+06   5.3222656e+01
   6.4896560e+06   5.2856445e+01
   6.4930870e+06   6.1157227e+01
   6.4937990e+06   4.4189453e+01
   6.4941600e+06   4.1503906e+01
   6.5062320e+06   4.7424316e+01
   6.5085090e+06   4.7546387e+01
   6.5112220e+06   4.1442871e+01
   6.5163310e+06   5.5358887e+01
   6.5183370e+06   4.4982910e+01
   6.5200400e+06   4.4006348e+01
   6.5271370e+06   4.3640137e+01
   6.5393990e+06   4.8461914e+01
   6.5471550e+06   3.9245605e+01
   6.5517320e+06   4.5593262e+01
   6.5525170e+06   4.9072266e+01
   6.5575100e+06   3.9306641e+01
   6.5628820e+06   4.0710449e+01
   6.5714200e+06   3.9611816e+01
   6.5772890e+06   5.3100586e+01
   6.5803110e+06   4.4433594e+01
   6.5817260e+06   5.6823730e+01
   6.5820040e+06   4.9682617e+01
   6.5825930e+06   3.9062500e+01
   6.5827400e+06   4.3395996e+01
   6.5829080e+06   3.8391113e+01
   6.5938260e+06   5.0231934e+01
   6.5996240e+06   5.0415039e+01
   6.6110110e+06   4.5654297e+01
   6.6163210e+06   4.3579102e+01
   6.6247570e+06   4.8889160e+01
   6.6320970e+06   5.1086426e+01
   6.6447100e+06   4.3334961e+01
   6.6600800e+06   6.2072754e+01
   6.6647230e+06   4.3945312e+01
   6.6654760e+06   5.2001953e+01
   6.6694390e+06   4.4677734e+01
   6.6723210e+06   4.4738770e+01
   6.6786160e+06   3.7902832e+01
   6.6838660e+06   4.2602539e+01
   6.7192830e+06   6.3415527e+01
   6.7214430e+06   3.8085938e+01
   6.7243920e+06   4.7058105e+01
   6.7247850e+06   3.9611816e+01
   6.7263900e+06   4.2846680e+01
   6.7323180e+06   4.6752930e+01
   6.7415440e+06   4.1259766e+01
   6.7431220e+06   4.6997070e+01
   6.7498660e+06   4.3029785e+01
   6.7648320e+06   5.0354004e+01
   6.7657990e+06   3.9733887e+01
   6.7674840e+06   4.7363281e+01
   6.7697380e+06   3.8757324e+01
   6.7749400e+06   3.8879395e+01
   6.7758970e+06   5.1574707e+01
   6.7871380e+06   5.0903320e+01
   6.7895580e+06   4.2968750e+01
   6.7896820e+06   3.8879395e+01
   6.7945610e+06   5.4382324e+01
   6.7955100e+06   3.8757324e+01
   6.7958130e+06   4.1320801e+01
   6.7985290e+06   4.3395996e+01
   6.8235710e+06   4.6386719e+01
   6.8375460e+06   5.2368164e+01
   6.8381840e+06   4.2602539e+01
   6.8406080e+06   3.8085938e+01
   6.8409250e+06   4.3090820e+01
   6.8521060e+06   4.9194336e+01
   6.8761060e+06   4.8889160e+01
   6.8828020e+06   5.8837891e+01
   6.8831610e+06   4.9133301e+01
   6.8880290e+06   4.0771484e+01
   6.8897160e+06   4.1748047e+01
   6.8908790e+06   5.1025391e+01
   6.8915650e+06   4.2785645e+01
   6.8918610e+06   4.0954590e+01
   6.9123820e+06   4.9499512e+01
   6.9132730e+06   4.9621582e+01
   6.9136400e+06   4.1198730e+01
   6.9136650e+06   3.8818359e+01
   6.9198750e+06   4.8095703e+01
   6.9263510e+06   4.3273926e+01
   6.9325790e+06   5.0537109e+01
   6.9332840e+06   4.1564941e+01
   6.9378400e+06   4.9865723e+01
   6.9382540e+06   3.9428711e+01
   6.9646180e+06   4.2358398e+01
   6.9658570e+06   4.0588379e+01
   6.9662620e+06   3.9794922e+01
   6.9709240e+06   3.9123535e+01
   6.9864180e+06   4.4311523e+01
   6.9892870e+06   4.7058105e+01
   6.9946850e+06   4.0710449e+01
   7.0225850e+06   4.1381836e+01
   7.0248860e+06   4.2236328e+01
   7.0253070e+06   4.7546387e+01
   7.0333220e+06   4.9072266e+01
   7.0406730e+06   5.4565430e+01
   7.0456710e+06   4.5898438e+01
   7.0579980e+06   4.6936035e+01
   7.0671420e+06   4.3518066e+01
   7.0733350e+06   5.1269531e+01
   7.0836080e+06   4.7668457e+01
   7.0906570e+06   4.5410156e+01
   7.0909220e+06   4.0954590e+01
   7.0911760e+06   4.7973633e+01
   7.1106410e+06   5.3833008e+01
   7.1110750e+06   4.1442871e+01
   7.1249660e+06   4.7790527e+01
   7.1268600e+06   5.7922363e+01
   7.1294520e+06   4.4616699e+01
   7.1297050e+06   4.9682617e+01
   7.1367160e+06   4.1137695e+01
   7.1412850e+06   4.6264648e+01
   7.1791080e+06   5.2001953e+01
   7.1814920e+06   4.6691895e+01
   7.1818080e+06   4.3701172e+01
   7.1826020e+06   4.6936035e+01
   7.2114480e+06   4.7851562e+01
   7.2133250e+06   5.5236816e+01
   7.2189540e+06   5.4809570e+01
   7.2200630e+06   4.1992188e+01
   7.2274320e+06   5.2856445e+01
   7.2352820e+06   5.1940918e+01
   7.2356270e+06   4.0954590e+01
   7.2410630e+06   5.6152344e+01
   7.2563560e+06   4.5593262e+01
   7.2645120e+06   4.2846680e+01
   7.2700750e+06   4.2297363e+01
   7.2766040e+06   5.6579590e+01
   7.2769850e+06   4.4128418e+01
   7.2776160e+06   4.0649414e+01
   7.2840930e+06   4.4616699e+01
   7.3019590e+06   4.2236328e+01
   7.3193960e+06   6.1462402e+01
   7.3200810e+06   4.3640137e+01
   7.3215900e+06   5.7373047e+01
   7.3234890e+06   4.8767090e+01
   7.3292740e+06   4.6142578e+01
   7.3356140e+06   4.8583984e+01
   7.3369430e+06   3.8330078e+01
   7.3432230e+06   5.0720215e+01
   7.3499370e+06   4.7241211e+01
   7.3543910e+06   4.9804688e+01
   7.3568040e+06   5.1574707e+01
   7.3569990e+06   4.3212891e+01
   7.3625590e+06   4.9804688e+01
   7.3709270e+06   4.4433594e+01
   7.3736430e+06   5.3466797e+01
   7.3739160e+06   4.1564941e+01
   7.3742430e+06   4.2480469e+01
   7.3799520e+06   4.6386719e+01
   7.3886070e+06   5.5114746e+01
   7.3899090e+06   3.8269043e+01
   7.3946110e+06   4.2114258e+01
   7.4007530e+06   5.1940918e+01
   7.4058930e+06   4.4555664e+01
   7.4175880e+06   5.5847168e+01
   7.4500570e+06   3.8146973e+01
   7.4671560e+06   5.1025391e+01
   7.4820720e+06   5.0292969e+01
   7.4824430e+06   4.9377441e+01
   7.4830330e+06   4.0039062e+01
   7.4864270e+06   4.1442871e+01
   7.4926490e+06   5.6335449e+01
   7.4968880e+06   4.3762207e+01
   7.4971970e+06   3.9978027e+01
   7.4978120e+06   4.1687012e+01
   7.5051520e+06   4.8706055e+01
   7.5106350e+06   4.3457031e+01
   7.5114520e+06   3.9062500e+01
   7.5117940e+06   4.3212891e+01
   7.5119830e+06   3.9978027e+01
   7.5245990e+06   5.3222656e+01
   7.5292470e+06   5.4626465e+01
   7.5298750e+06   4.5715332e+01
   7.5467790e+06   4.1381836e+01
   7.5534750e+06   4.3945312e+01
   7.5538080e+06   4.0466309e+01
   7.5552090e+06   5.5908203e+01
   7.5611150e+06   4.6875000e+01
   7.5621430e+06   4.0893555e+01
   7.5712040e+06   5.0720215e+01
   7.5837990e+06   4.4372559e+01
   7.5915850e+06   5.5725098e+01
   7.5922140e+06   4.8950195e+01
   7.5926170e+06   4.5593262e+01
   7.5936840e+06   4.7058105e+01
   7.5950330e+06   4.3334961e+01
   7.5989030e+06   5.7006836e+01
   7.5992230e+06   4.2846680e+01
   7.6055540e+06   4.2114258e+01
   7.6064160e+06   4.4982910e+01
   7.6084850e+06   3.7963867e+01
   7.6119850e+06   4.6325684e+01
   7.6137870e+06   4.1687012e+01
   7.6190820e+06   4.1015625e+01
   7.6236240e+06   4.5227051e+01
   7.6252250e+06   4.5471191e+01
   7.6257350e+06   4.7668457e+01
   7.6449770e+06   5.4687500e+01
   7.6753870e+06   4.9011230e+01
   7.6755660e+06   4.4250488e+01
   7.6823840e+06   4.7668457e+01
   7.6826660e+06   4.0344238e+01
   7.6835850e+06   4.1442871e+01
   7.6986000e+06   5.5053711e+01
   7.6989690e+06   4.5776367e+01
   7.7058430e+06   4.6691895e+01
   7.7136680e+06   5.3039551e+01
   7.7140060e+06   3.8208008e+01
   7.7158920e+06   4.0344238e+01
   7.7213490e+06   4.4494629e+01
   7.7216920e+06   5.2246094e+01
   7.7217940e+06   4.1992188e+01
   7.7221060e+06   4.0893555e+01
   7.7221700e+06   4.6508789e+01
   7.7288300e+06   4.6936035e+01
   7.7346170e+06   4.7180176e+01
   7.7354200e+06   3.8513184e+01
   7.7442250e+06   4.9743652e+01
   7.7507880e+06   4.8034668e+01
   7.7719300e+06   3.8146973e+01
   7.7816900e+06   5.1025391e+01
   7.7821700e+06   4.0161133e+01
   7.7892800e+06   5.2185059e+01
   7.7950450e+06   5.3039551e+01
   7.7961900e+06   4.5654297e+01
   7.8006100e+06   4.1076660e+01
   7.8015330e+06   4.0222168e+01
   7.8018920e+06   4.7058105e+01
   7.8080050e+06   4.7973633e+01
   7.8120440e+06   4.4006348e+01
   7.8320100e+06   4.2602539e+01
   7.8330740e+06   4.2846680e+01
   7.8342230e+06   4.7180176e+01
   7.8466630e+06   4.7973633e+01
   7.8478050e+06   4.3457031e+01
   7.8617480e+06   5.0354004e+01
   7.8629120e+06   4.5166016e+01
   7.8646790e+06   4.4921875e+01
   7.8892780e+06   4.7058105e+01
   7.8918010e+06   5.2246094e+01
   7.8976450e+06   5.4321289e+01
   7.8980840e+06   4.9316406e+01
   7.9093000e+06   4.0222168e+01
   7.9109100e+06   4.5471191e+01
   7.9117990e+06   4.5776367e+01
   7.9120600e+06   3.8696289e+01
   7.9122170e+06   4.4860840e+01
   7.9128530e+06   4.8889160e+01
   7.9200220e+06   5.0170898e+01
   7.9266660e+06   4.5104980e+01
   7.9318000e+06   4.6020508e+01
   7.9342140e+06   4.8645020e+01
   7.9348110e+06   5.0354004e+01
   7.9373200e+06   4.1748047e+01
   7.9386660e+06   4.2175293e+01
   7.9522620e+06   5.1818848e+01
   7.9561060e+06   4.9621582e+01
   7.9566970e+06   4.0100098e+01
   7.9644160e+06   4.5104980e+01
   7.9709840e+06   5.1452637e+01
   7.9726180e+06   3.8146973e+01
   7.9764930e+06   4.4128418e+01
   7.9773630e+06   5.6396484e+01
   7.9844840e+06   5.8288574e+01
   7.9902410e+06   3.9794922e+01
   7.9923540e+06   5.0292969e+01
   7.9945800e+06   4.6813965e+01
   7.9952900e+06   3.9794922e+01
   7.9962720e+06   4.0039062e+01
   8.0024080e+06   4.1809082e+01
   8.0038750e+06   4.4189453e+01
   8.0044660e+06   4.6813965e+01
   8.0099160e+06   4.8278809e+01
   8.0167690e+06   5.1269531e+01
   8.0172850e+06   5.0231934e+01
   8.0223070e+06   6.4270020e+01
   8.0226320e+06   3.8879395e+01
   8.0276800e+06   3.9123535e+01
   8.0322210e+06   4.6813965e+01
   8.0327730e+06   5.2246094e+01
   8.0554320e+06   5.0842285e+01
   8.0561730e+06   4.7119141e+01
   8.0569460e+06   4.3334961e+01
   8.0576150e+06   3.9916992e+01
   8.0606560e+06   4.5898438e+01
   8.0608690e+06   3.8635254e+01
   8.0611800e+06   4.2541504e+01
   8.0796930e+06   4.0161133e+01
   8.0806780e+06   3.8940430e+01
   8.1104740e+06   4.2236328e+01
   8.1110400e+06   4.1503906e+01
   8.1115250e+06   4.1870117e+01
   8.1140970e+06   5.2978516e+01
   8.1159000e+06   4.5715332e+01
   8.1163990e+06   4.1259766e+01
   8.1262380e+06   5.9753418e+01
   8.1269010e+06   3.9062500e+01
   8.1336730e+06   5.5908203e+01
   8.1341560e+06   4.3945313e+01
   8.1354630e+06   5.1147461e+01
   8.1531310e+06   4.5227051e+01
   8.1532210e+06   4.6264648e+01
   8.1538340e+06   4.8400879e+01
   8.1538740e+06   4.0588379e+01
   8.1546180e+06   5.1696777e+01
   8.1599510e+06   3.9916992e+01
   8.1605560e+06   4.9438477e+01
   8.1618470e+06   3.8146973e+01
   8.1746240e+06   4.9743652e+01
   8.1873850e+06   4.7729492e+01
   8.1942660e+06   4.4494629e+01
   8.1949720e+06   4.3334961e+01
   8.2011050e+06   5.2917480e+01
   8.2062470e+06   5.2429199e+01
   8.2075500e+06   4.1381836e+01
   8.2135600e+06   5.0170898e+01
   8.2241020e+06   3.9123535e+01
   8.2247480e+06   4.8706055e+01
   8.2429560e+06   5.4809570e+01
   8.2448020e+06   4.7668457e+01
   8.2469420e+06   4.4860840e+01
   8.2471370e+06   4.3334961e+01
   8.2473340e+06   4.0039062e+01
   8.2578270e+06   6.0180664e+01
   8.2614980e+06   5.2917480e+01
   8.2626990e+06   3.8146973e+01
   8.2631500e+06   4.2480469e+01
   8.2633760e+06   3.8269043e+01
   8.2666030e+06   4.8339844e+01
   8.2747350e+06   4.6020508e+01
   8.2758940e+06   6.3537598e+01
   8.2807930e+06   4.1076660e+01
   8.2942700e+06   5.2734375e+01
   8.2963950e+06   5.0903320e+01
   8.2972590e+06   4.4494629e+01
   8.3023200e+06   4.6020508e+01
   8.3061710e+06   4.6875000e+01
   8.3109370e+06   4.5654297e+01
   8.3173770e+06   5.1391602e+01
   8.3178790e+06   4.6020508e+01
   8.3241390e+06   4.3334961e+01
   8.3371040e+06   5.2307129e+01
   8.3374920e+06   4.2419434e+01
   8.3436860e+06   5.5297852e+01
   8.3497380e+06   5.0170898e+01
   8.3499960e+06   5.5297852e+01
   8.3502740e+06   5.0170898e+01
   8.3532860e+06   5.0415039e+01
   8.3537030e+06   3.8452148e+01
   8.3570080e+06   4.0039063e+01
   8.3667170e+06   5.8349609e+01
   8.3784230e+06   4.4189453e+01
   8.3813080e+06   5.9448242e+01
   8.3867430e+06   5.0659180e+01
   8.4087500e+06   4.8889160e+01
   8.4101980e+06   4.4738770e+01
   8.4156520e+06   5.1269531e+01
   8.4229540e+06   5.3039551e+01
   8.4297120e+06   4.9621582e+01
   8.4304040e+06   4.8645020e+01
   8.4404950e+06   4.9011230e+01
   8.4423430e+06   5.3100586e+01
   8.4464350e+06   5.2795410e+01
   8.4471460e+06   4.8645020e+01
   8.4533300e+06   6.0729980e+01
   8.4592860e+06   5.0659180e+01
   8.4661440e+06   4.5532227e+01
   8.4679250e+06   4.0771484e+01
   8.4728910e+06   5.3771973e+01
   8.4733580e+06   3.8391113e+01
   8.5087320e+06   4.6447754e+01
   8.5099550e+06   4.6508789e+01
   8.5103180e+06   4.5227051e+01
   8.5107940e+06   4.5349121e+01
   8.5141950e+06   5.4321289e+01
   8.5219590e+06   4.9072266e+01
   8.5342440e+06   4.0832520e+01
   8.5346540e+06   4.1870117e+01
   8.5643540e+06   4.2663574e+01
   8.5689120e+06   4.5593262e+01
   8.5706220e+06   4.2968750e+01
   8.5825960e+06   4.9560547e+01
   8.5828760e+06   3.9306641e+01
   8.5839060e+06   4.3518066e+01
   8.5880230e+06   4.8522949e+01
   8.5882190e+06   4.6813965e+01
   8.5944020e+06   5.9631348e+01
   8.6051060e+06   4.1992188e+01
   8.6114990e+06   4.6691895e+01
   8.6119610e+06   4.8828125e+01
   8.6239760e+06   4.9499512e+01
   8.6264830e+06   4.4982910e+01
   8.6267080e+06   5.1391602e+01
   8.6291160e+06   5.0537109e+01
   8.6299640e+06   4.8583984e+01
   8.6496410e+06   5.5664062e+01
   8.6508560e+06   4.6752930e+01
   8.6569290e+06   5.2429199e+01
   8.6575600e+06   4.2907715e+01
   8.6739020e+06   5.2734375e+01
   8.6764700e+06   4.7607422e+01
   8.6770410e+06   3.9916992e+01
   8.6799560e+06   3.9489746e+01
   8.6809500e+06   5.3405762e+01
   8.6925700e+06   5.0598145e+01
   8.7103480e+06   5.1818848e+01
   8.7179360e+06   4.6264648e+01
   8.7222190e+06   4.9255371e+01
   8.7403940e+06   5.4260254e+01
   8.7411560e+06   3.8757324e+01
   8.7592410e+06   4.9255371e+01
   8.7787170e+06   5.2246094e+01
   8.7841280e+06   5.0109863e+01
   8.7847060e+06   4.4555664e+01
   8.7865010e+06   4.8583984e+01
   8.7888450e+06   5.6396484e+01
   8.7891960e+06   4.1870117e+01
   8.7909680e+06   4.4067383e+01
   8.7989520e+06   5.0292969e+01
   8.8004130e+06   4.4372559e+01
   8.8078630e+06   4.3273926e+01
   8.8385770e+06   3.8024902e+01
   8.8426570e+06   5.2612305e+01
   8.8647490e+06   5.3344727e+01
   8.8726070e+06   5.2185059e+01
   8.8739910e+06   3.8391113e+01
   8.8821860e+06   5.8105469e+01
   8.8826400e+06   4.4982910e+01
   8.9079150e+06   5.7006836e+01
   8.9210800e+06   4.0283203e+01
   8.9279790e+06   4.9743652e+01
   8.9400690e+06   3.9550781e+01
   8.9547900e+06   5.2612305e+01
   8.9554200e+06   4.3762207e+01
   8.9558000e+06   4.3579102e+01
   8.9614460e+06   5.3771973e+01
   8.9904970e+06   6.0546875e+01
   8.9911060e+06   4.3151855e+01
   8.9946340e+06   5.4382324e+01
