   8.9990000e+06   0.0000000e+00
   2.7530000e+03   4.5898438e+01
   4.3190000e+03   4.2785645e+01
   7.2060000e+03   4.4555664e+01
   1.3122000e+04   4.7363281e+01
   1.3195000e+04   4.7546387e+01
   2.5207000e+04   8.1665039e+01
   2.5327000e+04   4.6936035e+01
   2.5620000e+04   5.3894043e+01
   2.6053000e+04   5.4016113e+01
   3.8115000e+04   4.4982910e+01
   4.0480000e+04   4.3640137e+01
   4.9681000e+04   4.4616699e+01
   5.1062000e+04   4.2419434e+01
   9.1530000e+04   5.1208496e+01
   9.4208000e+04   6.9335938e+01
   9.4349000e+04   5.7250977e+01
   9.5589000e+04   4.7546387e+01
   1.1985300e+05   4.5227051e+01
   1.2755200e+05   9.4482422e+01
   1.2774100e+05   6.1340332e+01
   1.2794900e+05   4.5349121e+01
   1.2938500e+05   4.5959473e+01
   1.4044300e+05   4.6386719e+01
   1.4244700e+05   4.6813965e+01
   1.4646400e+05   4.5043945e+01
   1.4913700e+05   4.5593262e+01
   1.6061300e+05   4.8583984e+01
   1.7035500e+05   4.4982910e+01
   1.7257200e+05   4.2663574e+01
   1.8028200e+05   8.8623047e+01
   1.8056700e+05   7.6477051e+01
   1.8796600e+05   4.4860840e+01
   1.8956200e+05   4.6569824e+01
   1.9272800e+05   4.4555664e+01
   1.9512300e+05   4.4860840e+01
   1.9875600e+05   4.8522949e+01
   2.0188400e+05   5.4565430e+01
   2.0387400e+05   4.4616699e+01
   2.0682800e+05   4.3945312e+01
   2.0927200e+05   4.3884277e+01
   2.0963500e+05   4.3579102e+01
   2.1265900e+05   5.2062988e+01
   2.1526000e+05   4.4555664e+01
   2.1833500e+05   4.3457031e+01
   2.2214600e+05   4.5227051e+01
   2.2711900e+05   5.2551270e+01
   2.2923400e+05   4.9011230e+01
   2.3083200e+05   4.7729492e+01
   2.3457800e+05   4.6081543e+01
   2.3539000e+05   4.3395996e+01
   2.4252400e+05   4.4494629e+01
   2.4400600e+05   4.6142578e+01
   2.4548200e+05   8.4777832e+01
   2.5496100e+05   4.6508789e+01
   2.6057300e+05   7.9711914e+01
   2.6070100e+05   4.8034668e+01
   2.6109800e+05   6.2438965e+01
   2.6142600e+05   5.7739258e+01
   2.7623800e+05   4.5715332e+01
   2.7808300e+05   4.2358398e+01
   2.8146400e+05   9.6130371e+01
   2.8163000e+05   5.3527832e+01
   2.8169400e+05   6.5612793e+01
   2.8222600e+05   6.7687988e+01
   2.9407100e+05   4.2907715e+01
   2.9649300e+05   4.6691895e+01
   2.9905600e+05   4.2175293e+01
   3.0301700e+05   4.4067383e+01
   3.1025700e+05   9.8266602e+01
   3.1054000e+05   7.8308105e+01
   3.1069800e+05   4.7424316e+01
   3.1608700e+05   4.7485352e+01
   3.1938100e+05   5.5297852e+01
   3.2703200e+05   4.3090820e+01
   3.2905600e+05   4.9499512e+01
   3.3243200e+05   4.4372559e+01
   3.3562800e+05   4.8156738e+01
   3.3890700e+05   5.2795410e+01
   3.4173200e+05   4.4982910e+01
   3.4647000e+05   4.2297363e+01
   3.5048300e+05   4.5898438e+01
   3.5225500e+05   6.9396973e+01
   3.5439900e+05   4.7485352e+01
   3.5950600e+05   5.4016113e+01
   3.6156400e+05   4.3334961e+01
   3.6548300e+05   4.6813965e+01
   3.6645300e+05   4.4311523e+01
   3.6841100e+05   4.4555664e+01
   3.7985400e+05   7.7331543e+01
   3.7994400e+05   4.7790527e+01
   3.8024400e+05   4.4067383e+01
   3.9037800e+05   4.4555664e+01
   3.9278100e+05   4.4738770e+01
   3.9449600e+05   4.7119141e+01
   4.0291400e+05   4.6508789e+01
   4.0759400e+05   4.4311523e+01
   4.1101400e+05   4.3090820e+01
   4.1268400e+05   4.4372559e+01
   4.1763400e+05   5.2734375e+01
   4.2086100e+05   4.2541504e+01
   4.2699100e+05   4.6081543e+01
   4.3109500e+05   4.6142578e+01
   4.3826700e+05   4.2480469e+01
   4.4037400e+05   4.5532227e+01
   4.4858600e+05   4.9072266e+01
   4.5117300e+05   4.8645020e+01
   4.5635500e+05   8.9050293e+01
   4.5647900e+05   6.4819336e+01
   4.5885700e+05   4.2602539e+01
   4.6486700e+05   4.8645020e+01
   4.6720000e+05   4.3212891e+01
   4.6868900e+05   4.2175293e+01
   4.7069900e+05   4.3579102e+01
   4.7478600e+05   4.6264648e+01
   4.8067700e+05   4.3823242e+01
   4.8244800e+05   1.0736084e+02
   4.8309400e+05   4.6813965e+01
   4.8998900e+05   4.4067383e+01
   4.9325600e+05   5.1513672e+01
   5.0021700e+05   4.7668457e+01
   5.0346300e+05   4.9621582e+01
   5.0409400e+05   4.5104980e+01
   5.0908300e+05   7.7575684e+01
   5.0962100e+05   4.5715332e+01
   5.1163900e+05   4.5776367e+01
   5.1387300e+05   4.2297363e+01
   5.2496800e+05   4.3151855e+01
   5.3772100e+05   5.3344727e+01
   5.4368000e+05   9.0515137e+01
   5.4398900e+05   4.4921875e+01
   5.5025200e+05   4.7363281e+01
   5.5328000e+05   4.6386719e+01
   5.5816900e+05   4.8950195e+01
   5.5875700e+05   1.0046387e+02
   5.5922200e+05   6.8542480e+01
   5.6058800e+05   4.3823242e+01
   5.6550000e+05   4.3762207e+01
   5.7103000e+05   4.9438477e+01
   5.7497200e+05   4.7668457e+01
   5.8008700e+05   4.2663574e+01
   5.8378100e+05   4.2175293e+01
   5.8424100e+05   7.8857422e+01
   5.8466500e+05   6.8664551e+01
   5.8811100e+05   4.4128418e+01
   5.9136100e+05   4.5532227e+01
   5.9612800e+05   4.6691895e+01
   6.0431100e+05   4.7058105e+01
   6.0672200e+05   4.4982910e+01
   6.0975100e+05   4.3701172e+01
   6.1041000e+05   4.2297363e+01
   6.1512700e+05   4.3273926e+01
   6.1961500e+05   4.4006348e+01
   6.2152100e+05   4.4860840e+01
   6.3081100e+05   4.3334961e+01
   6.3163700e+05   4.3579102e+01
   6.3514800e+05   4.4677734e+01
   6.3631300e+05   4.2602539e+01
   6.3921100e+05   5.6457520e+01
   6.4646300e+05   4.6936035e+01
   6.4927600e+05   4.4433594e+01
   6.5438100e+05   5.0720215e+01
   6.5742900e+05   4.2724609e+01
   6.6206000e+05   4.9865723e+01
   6.6224800e+05   9.2346191e+01
   6.6253200e+05   7.8491211e+01
   6.6496200e+05   4.9804688e+01
   6.7254600e+05   4.4067383e+01
   6.7466500e+05   4.3823242e+01
   6.7987300e+05   4.6264648e+01
   6.8304900e+05   4.2297363e+01
   6.8599000e+05   4.3945312e+01
   6.8878900e+05   4.4006348e+01
   6.9341500e+05   5.1391602e+01
   6.9779000e+05   4.9804688e+01
   6.9870500e+05   4.4128418e+01
   7.0245400e+05   4.9560547e+01
   7.1044800e+05   5.4260254e+01
   7.1505100e+05   4.4677734e+01
   7.1609500e+05   8.2580566e+01
   7.1620000e+05   4.3395996e+01
   7.1663900e+05   4.3884277e+01
   7.1682500e+05   4.2358398e+01
   7.1742300e+05   6.9091797e+01
   7.3526400e+05   4.6447754e+01
   7.3680400e+05   4.2907715e+01
   7.4023300e+05   4.7241211e+01
   7.4378100e+05   4.4555664e+01
   7.4487800e+05   4.2358398e+01
   7.4707400e+05   4.2175293e+01
   7.4870400e+05   5.3222656e+01
   7.6219500e+05   4.3945312e+01
   7.8065700e+05   5.3222656e+01
   7.8567800e+05   4.3945312e+01
   7.8729400e+05   5.3283691e+01
   7.8914200e+05   4.6447754e+01
   7.9153900e+05   4.6997070e+01
   7.9794800e+05   4.7241211e+01
   7.9915400e+05   4.5776367e+01
   8.0166900e+05   4.2846680e+01
   8.1171300e+05   5.0170898e+01
   8.1461400e+05   4.6875000e+01
   8.1820000e+05   4.3273926e+01
   8.2151300e+05   4.2846680e+01
   8.2684900e+05   4.4494629e+01
   8.3042600e+05   4.6264648e+01
   8.3140800e+05   4.3823242e+01
   8.3951500e+05   6.8542480e+01
   8.4208500e+05   4.3151855e+01
   8.4776200e+05   4.4982910e+01
   8.5067500e+05   4.8889160e+01
   8.5388300e+05   4.4494629e+01
   8.6059000e+05   4.4677734e+01
   8.6697300e+05   4.9133301e+01
   8.7529300e+05   4.6325684e+01
   8.7657000e+05   4.2602539e+01
   8.7987600e+05   4.9743652e+01
   8.8094700e+05   4.5837402e+01
   8.8326700e+05   4.8522949e+01
   8.8460200e+05   4.2358398e+01
   8.8846100e+05   4.4616699e+01
   8.9195300e+05   4.6813965e+01
   8.9934700e+05   4.3884277e+01
   9.0429600e+05   4.4311523e+01
   9.1013800e+05   4.3029785e+01
   9.1813500e+05   4.3395996e+01
   9.2013300e+05   4.7607422e+01
   9.2407400e+05   4.2297363e+01
   9.2556600e+05   4.5593262e+01
   9.2674300e+05   4.4555664e+01
   9.2694100e+05   1.0711670e+02
   9.2867200e+05   4.4128418e+01
   9.3666300e+05   5.0659180e+01
   9.4006400e+05   4.4311523e+01
   9.4834300e+05   4.9072266e+01
   9.4936500e+05   5.2673340e+01
   9.5588800e+05   4.2175293e+01
   9.5654800e+05   1.0430908e+02
   9.5668300e+05   5.8288574e+01
   9.5696900e+05   6.6711426e+01
   9.5721600e+05   4.5593262e+01
   9.6503900e+05   4.4738770e+01
   9.6767500e+05   4.2663574e+01
   9.7120200e+05   4.4311523e+01
   9.8747600e+05   4.6508789e+01
   9.8815400e+05   4.3579102e+01
   9.9938800e+05   4.9072266e+01
   1.0021830e+06   9.3139648e+01
   1.0023120e+06   4.9987793e+01
   1.0138890e+06   4.8400879e+01
   1.0146570e+06   4.7302246e+01
   1.0166180e+06   4.2358398e+01
   1.0236280e+06   4.6142578e+01
   1.0255690e+06   4.9560547e+01
   1.0301480e+06   4.4616699e+01
   1.0318120e+06   4.3212891e+01
   1.0349030e+06   6.8725586e+01
   1.0350430e+06   6.7993164e+01
   1.0370760e+06   4.7668457e+01
   1.0402200e+06   5.4138184e+01
   1.0423330e+06   4.3762207e+01
   1.0443450e+06   4.3640137e+01
   1.0472830e+06   4.3029785e+01
   1.0536330e+06   4.4738770e+01
   1.0598390e+06   4.5898438e+01
   1.0650600e+06   4.9926758e+01
   1.0717990e+06   4.2175293e+01
   1.0729910e+06   4.3029785e+01
   1.0764690e+06   4.2724609e+01
   1.0848500e+06   4.8339844e+01
   1.0881350e+06   4.2602539e+01
   1.0998720e+06   4.5227051e+01
   1.1039190e+06   4.8217773e+01
   1.1063610e+06   4.5959473e+01
   1.1073380e+06   7.5500488e+01
   1.1074530e+06   4.8461914e+01
   1.1076720e+06   5.6396484e+01
   1.1078320e+06   4.4555664e+01
   1.1083260e+06   4.2297363e+01
   1.1089440e+06   4.2846680e+01
   1.1143230e+06   5.0170898e+01
   1.1186050e+06   6.0852051e+01
   1.1220500e+06   4.6997070e+01
   1.1268680e+06   4.2358398e+01
   1.1291050e+06   4.8034668e+01
   1.1299090e+06   4.2297363e+01
   1.1333410e+06   4.2724609e+01
   1.1343350e+06   5.0598145e+01
   1.1356200e+06   8.6608887e+01
   1.1357840e+06   6.8054199e+01
   1.1359740e+06   4.5837402e+01
   1.1362870e+06   6.3049316e+01
   1.1495800e+06   4.9133301e+01
   1.1521680e+06   5.1879883e+01
   1.1536260e+06   4.5166016e+01
   1.1575820e+06   4.5654297e+01
   1.1688120e+06   5.3771973e+01
   1.1724330e+06   4.6630859e+01
   1.1741900e+06   4.4189453e+01
   1.1755680e+06   4.3884277e+01
   1.1789220e+06   4.7668457e+01
   1.1805090e+06   4.4433594e+01
   1.1834050e+06   4.3579102e+01
   1.1843210e+06   4.4311523e+01
   1.1925270e+06   4.5043945e+01
   1.1949450e+06   4.2968750e+01
   1.1983080e+06   4.4494629e+01
   1.1991190e+06   4.6691895e+01
   1.2016020e+06   4.2236328e+01
   1.2080690e+06   4.3823242e+01
   1.2099250e+06   4.6936035e+01
   1.2129810e+06   4.5410156e+01
   1.2182390e+06   4.3457031e+01
   1.2210180e+06   4.6447754e+01
   1.2230510e+06   6.9885254e+01
   1.2232860e+06   7.0373535e+01
   1.2347460e+06   4.2663574e+01
   1.2351620e+06   4.2785645e+01
   1.2369800e+06   8.8439941e+01
   1.2369900e+06   4.3151855e+01
   1.2378810e+06   5.3588867e+01
   1.2467080e+06   5.3222656e+01
   1.2499330e+06   4.4494629e+01
   1.2589490e+06   4.7546387e+01
   1.2638100e+06   4.6936035e+01
   1.2674980e+06   4.2541504e+01
   1.2721530e+06   8.6547852e+01
   1.2723120e+06   6.3049316e+01
   1.2739340e+06   4.2297363e+01
   1.2761140e+06   4.2968750e+01
   1.2850130e+06   4.3457031e+01
   1.2878340e+06   4.8706055e+01
   1.2886510e+06   4.3090820e+01
   1.2920560e+06   4.7485352e+01
   1.2933510e+06   4.3151855e+01
   1.3003930e+06   5.1574707e+01
   1.3019120e+06   4.6997070e+01
   1.3083610e+06   4.7180176e+01
   1.3114940e+06   9.9670410e+01
   1.3115050e+06   4.5532227e+01
   1.3136650e+06   4.4921875e+01
   1.3189160e+06   4.2297363e+01
   1.3266730e+06   5.0109863e+01
   1.3295180e+06   4.9621582e+01
   1.3303310e+06   4.5227051e+01
   1.3321280e+06   4.3273926e+01
   1.3334340e+06   4.3945312e+01
   1.3357640e+06   4.2175293e+01
   1.3411740e+06   4.3579102e+01
   1.3449350e+06   4.2175293e+01
   1.3469560e+06   9.7351074e+01
   1.3471230e+06   6.1523438e+01
   1.3474700e+06   4.8217773e+01
   1.3645140e+06   4.7180176e+01
   1.3703470e+06   4.3579102e+01
   1.3763950e+06   4.3457031e+01
   1.3803480e+06   4.4738770e+01
   1.3821170e+06   4.5349121e+01
   1.3884250e+06   4.7668457e+01
   1.3894380e+06   4.7607422e+01
   1.3915330e+06   5.3649902e+01
   1.3939400e+06   8.5144043e+01
   1.3940830e+06   7.2937012e+01
   1.3942360e+06   5.1818848e+01
   1.3944250e+06   4.6020508e+01
   1.3948650e+06   6.4941406e+01
   1.3953930e+06   4.6875000e+01
   1.3962160e+06   4.3640137e+01
   1.4050060e+06   4.2297363e+01
   1.4180500e+06   4.2419434e+01
   1.4186820e+06   4.4067383e+01
   1.4199720e+06   4.4372559e+01
   1.4266300e+06   4.6325684e+01
   1.4287400e+06   4.4372559e+01
   1.4311070e+06   4.5288086e+01
   1.4356180e+06   4.6508789e+01
   1.4361700e+06   7.2875977e+01
   1.4399100e+06   4.2175293e+01
   1.4440100e+06   4.4555664e+01
   1.4474410e+06   4.2663574e+01
   1.4475930e+06   4.3029785e+01
   1.4526230e+06   5.0842285e+01
   1.4539040e+06   4.4067383e+01
   1.4609930e+06   4.3090820e+01
   1.4629780e+06   4.2785645e+01
   1.4648630e+06   8.3068848e+01
   1.4695400e+06   4.5776367e+01
   1.4733970e+06   4.4799805e+01
   1.4764420e+06   4.3884277e+01
   1.4801900e+06   4.4311523e+01
   1.4815890e+06   4.5471191e+01
   1.4845180e+06   4.4128418e+01
   1.4874240e+06   4.3090820e+01
   1.4881240e+06   5.2795410e+01
   1.4906110e+06   4.3090820e+01
   1.4928180e+06   4.3090820e+01
   1.4938840e+06   4.6203613e+01
   1.4966120e+06   4.4189453e+01
   1.5041650e+06   4.6569824e+01
   1.5135150e+06   4.6508789e+01
   1.5213730e+06   4.2846680e+01
   1.5264580e+06   4.5227051e+01
   1.5296720e+06   4.4067383e+01
   1.5310710e+06   4.2785645e+01
   1.5391820e+06   4.8767090e+01
   1.5558780e+06   4.4067383e+01
   1.5578490e+06   5.0292969e+01
   1.5586380e+06   4.5898438e+01
   1.5606940e+06   4.2602539e+01
   1.5625270e+06   4.8583984e+01
   1.5676620e+06   5.5175781e+01
   1.5699740e+06   1.0217285e+02
   1.5702690e+06   6.1218262e+01
   1.5703690e+06   4.9377441e+01
   1.5708710e+06   5.7189941e+01
   1.5736000e+06   4.8400879e+01
   1.5785910e+06   4.8339844e+01
   1.5805600e+06   4.6020508e+01
   1.5837410e+06   4.3395996e+01
   1.5861620e+06   4.6142578e+01
   1.5932770e+06   4.7607422e+01
   1.5939680e+06   4.4006348e+01
   1.5963260e+06   4.7485352e+01
   1.5991760e+06   4.8156738e+01
   1.6027460e+06   5.1635742e+01
   1.6062140e+06   4.8156738e+01
   1.6092440e+06   4.8889160e+01
   1.6112770e+06   4.3518066e+01
   1.6141300e+06   4.2846680e+01
   1.6181520e+06   8.5144043e+01
   1.6184070e+06   6.1950684e+01
   1.6205800e+06   4.6020508e+01
   1.6418220e+06   4.5227051e+01
   1.6441920e+06   4.5715332e+01
   1.6451590e+06   4.5898438e+01
   1.6541250e+06   9.9548340e+01
   1.6543650e+06   8.1665039e+01
   1.6553620e+06   4.6081543e+01
   1.6607550e+06   4.5349121e+01
   1.6638530e+06   4.6325684e+01
   1.6674010e+06   4.9011230e+01
   1.6709990e+06   4.8095703e+01
   1.6726870e+06   4.8583984e+01
   1.6809940e+06   4.3029785e+01
   1.6837580e+06   4.4738770e+01
   1.6861280e+06   5.1940918e+01
   1.6932370e+06   4.2480469e+01
   1.6957290e+06   4.2175293e+01
   1.6986280e+06   4.7363281e+01
   1.7042280e+06   8.4655762e+01
   1.7044420e+06   5.2246094e+01
   1.7067360e+06   4.4921875e+01
   1.7120030e+06   5.2124023e+01
   1.7165130e+06   5.0354004e+01
   1.7187550e+06   4.3701172e+01
   1.7240890e+06   4.3701172e+01
   1.7273710e+06   4.4128418e+01
   1.7348670e+06   4.3823242e+01
   1.7387940e+06   4.3701172e+01
   1.7430450e+06   4.3334961e+01
   1.7464370e+06   4.9804688e+01
   1.7514060e+06   5.0231934e+01
   1.7536030e+06   4.4128418e+01
   1.7561300e+06   4.6264648e+01
   1.7574100e+06   4.3212891e+01
   1.7604940e+06   4.2358398e+01
   1.7617960e+06   5.1330566e+01
   1.7619150e+06   4.2480469e+01
   1.7620420e+06   4.4982910e+01
   1.7623770e+06   6.3720703e+01
   1.7630150e+06   5.3222656e+01
   1.7636090e+06   4.7790527e+01
   1.7751620e+06   4.9682617e+01
   1.7799770e+06   4.5227051e+01
   1.7846500e+06   4.4372559e+01
   1.7935640e+06   4.5654297e+01
   1.7949530e+06   9.1064453e+01
   1.7950960e+06   4.7851562e+01
   1.7969400e+06   4.3701172e+01
   1.8029110e+06   4.3151855e+01
   1.8048600e+06   4.4433594e+01
   1.8063180e+06   5.3344727e+01
   1.8139040e+06   4.2236328e+01
   1.8185920e+06   8.9111328e+01
   1.8186020e+06   5.6884766e+01
   1.8188260e+06   8.3618164e+01
   1.8189350e+06   5.1147461e+01
   1.8193740e+06   4.4799805e+01
   1.8220940e+06   4.4677734e+01
   1.8259020e+06   4.5776367e+01
   1.8271670e+06   4.6997070e+01
   1.8307930e+06   4.5043945e+01
   1.8378920e+06   4.8156738e+01
   1.8462940e+06   4.5776367e+01
   1.8580470e+06   4.4311523e+01
   1.8781470e+06   4.5043945e+01
   1.8833310e+06   5.4138184e+01
   1.8862280e+06   6.3598633e+01
   1.8863230e+06   5.2062988e+01
   1.8865480e+06   6.2927246e+01
   1.8870120e+06   4.2846680e+01
   1.8975230e+06   4.2236328e+01
   1.9162170e+06   4.4433594e+01
   1.9182520e+06   4.9377441e+01
   1.9203290e+06   6.9091797e+01
   1.9204770e+06   4.6264648e+01
   1.9205680e+06   4.6875000e+01
   1.9279570e+06   4.3273926e+01
   1.9397490e+06   4.7058105e+01
   1.9410500e+06   5.0537109e+01
   1.9431640e+06   4.3884277e+01
   1.9452950e+06   5.1757812e+01
   1.9478510e+06   4.7302246e+01
   1.9482200e+06   4.4311523e+01
   1.9576100e+06   4.6081543e+01
   1.9667750e+06   4.3640137e+01
   1.9717900e+06   4.2358398e+01
   1.9748510e+06   4.5166016e+01
   1.9801460e+06   5.0537109e+01
   1.9817160e+06   8.1604004e+01
   1.9819270e+06   6.5368652e+01
   1.9837670e+06   4.5837402e+01
   2.0059310e+06   4.7607422e+01
   2.0064420e+06   4.3457031e+01
   2.0077830e+06   4.4555664e+01
   2.0083290e+06   4.8950195e+01
   2.0101840e+06   1.0516357e+02
   2.0103320e+06   4.4189453e+01
   2.0128780e+06   4.6386719e+01
   2.0162340e+06   4.4006348e+01
   2.0242220e+06   4.2785645e+01
   2.0302620e+06   4.6142578e+01
   2.0363380e+06   4.3579102e+01
   2.0403030e+06   4.6875000e+01
   2.0437510e+06   4.2419434e+01
   2.0482800e+06   8.2031250e+01
   2.0484380e+06   6.8969727e+01
   2.0486900e+06   6.5490723e+01
   2.0491470e+06   5.6030273e+01
   2.0493410e+06   4.3151855e+01
   2.0562720e+06   4.4372559e+01
   2.0614190e+06   4.7546387e+01
   2.0630610e+06   4.2541504e+01
   2.0663310e+06   4.3090820e+01
   2.0713280e+06   4.5776367e+01
   2.0761640e+06   4.3334961e+01
   2.0856260e+06   4.9438477e+01
   2.0869980e+06   4.5532227e+01
   2.0905260e+06   4.2175293e+01
   2.0954270e+06   4.6020508e+01
   2.0963730e+06   4.9926758e+01
   2.0996690e+06   4.5959473e+01
   2.1098930e+06   4.3762207e+01
   2.1111140e+06   4.5410156e+01
   2.1149640e+06   4.3334961e+01
   2.1164590e+06   4.5959473e+01
   2.1169060e+06   4.2724609e+01
   2.1192870e+06   4.3395996e+01
   2.1200920e+06   4.6142578e+01
   2.1250480e+06   4.2297363e+01
   2.1381210e+06   4.4677734e+01
   2.1399610e+06   4.2785645e+01
   2.1430700e+06   5.2124023e+01
   2.1457090e+06   4.7729492e+01
   2.1482410e+06   4.3457031e+01
   2.1493690e+06   4.4860840e+01
   2.1505900e+06   4.2175293e+01
   2.1522310e+06   4.2236328e+01
   2.1545500e+06   4.6569824e+01
   2.1567150e+06   4.2236328e+01
   2.1589150e+06   4.7119141e+01
   2.1613790e+06   4.3823242e+01
   2.1688250e+06   4.6447754e+01
   2.1697100e+06   4.5959473e+01
   2.1760450e+06   4.2175293e+01
   2.1769380e+06   4.6508789e+01
   2.1783430e+06   7.0678711e+01
   2.1826280e+06   4.4250488e+01
   2.1857640e+06   4.2785645e+01
   2.1881150e+06   4.2541504e+01
   2.1906610e+06   4.2785645e+01
   2.1960480e+06   4.6630859e+01
   2.1973120e+06   4.2602539e+01
   2.1994420e+06   7.1838379e+01
   2.1995800e+06   6.0668945e+01
   2.1997880e+06   4.2297363e+01
   2.2004060e+06   5.5969238e+01
   2.2045190e+06   5.0598145e+01
   2.2099450e+06   4.4311523e+01
   2.2212410e+06   4.2663574e+01
   2.2213660e+06   4.8522949e+01
   2.2232790e+06   4.6691895e+01
   2.2312930e+06   4.7546387e+01
   2.2385750e+06   4.2785645e+01
   2.2392510e+06   4.2602539e+01
   2.2472640e+06   4.4006348e+01
   2.2488140e+06   9.3750000e+01
   2.2490730e+06   5.7128906e+01
   2.2499210e+06   4.4006348e+01
   2.2545560e+06   4.6630859e+01
   2.2621090e+06   4.9377441e+01
   2.2670730e+06   4.2724609e+01
   2.2692870e+06   4.9865723e+01
   2.2778400e+06   4.6752930e+01
   2.2811650e+06   4.8522949e+01
   2.2827160e+06   5.1086426e+01
   2.2856050e+06   4.5288086e+01
   2.2892860e+06   4.3762207e+01
   2.3007850e+06   4.2968750e+01
   2.3028050e+06   4.6630859e+01
   2.3047240e+06   4.2785645e+01
   2.3073440e+06   4.4311523e+01
   2.3131230e+06   4.3457031e+01
   2.3163600e+06   4.2297363e+01
   2.3285650e+06   4.2297363e+01
   2.3349110e+06   4.8095703e+01
   2.3416390e+06   4.6813965e+01
   2.3434210e+06   4.4494629e+01
   2.3457540e+06   4.8767090e+01
   2.3526490e+06   8.4594727e+01
   2.3534130e+06   4.3090820e+01
   2.3609070e+06   4.5654297e+01
   2.3644780e+06   7.2387695e+01
   2.3646660e+06   7.2265625e+01
   2.3647890e+06   4.3457031e+01
   2.3661480e+06   4.9743652e+01
   2.3710680e+06   4.5043945e+01
   2.3766670e+06   4.8461914e+01
   2.3774710e+06   4.6691895e+01
   2.3847810e+06   5.4260254e+01
   2.3866770e+06   4.6142578e+01
   2.3872900e+06   9.6923828e+01
   2.3873600e+06   4.5715332e+01
   2.3875210e+06   4.6386719e+01
   2.3892230e+06   4.2419434e+01
   2.3901330e+06   4.7790527e+01
   2.3958980e+06   4.6752930e+01
   2.3981090e+06   4.4433594e+01
   2.4017710e+06   4.2663574e+01
   2.4061820e+06   9.9670410e+01
   2.4062720e+06   5.7006836e+01
   2.4063670e+06   4.6752930e+01
   2.4068140e+06   7.2692871e+01
   2.4099690e+06   4.8583984e+01
   2.4114560e+06   4.8889160e+01
   2.4127480e+06   4.6508789e+01
   2.4169930e+06   4.5898438e+01
   2.4190410e+06   4.3823242e+01
   2.4224850e+06   4.4311523e+01
   2.4256490e+06   4.4189453e+01
   2.4267470e+06   4.9377441e+01
   2.4290760e+06   4.3457031e+01
   2.4334840e+06   4.3945312e+01
   2.4353090e+06   4.8950195e+01
   2.4365710e+06   4.8400879e+01
   2.4405070e+06   4.4982910e+01
   2.4442390e+06   4.4555664e+01
   2.4484620e+06   4.8706055e+01
   2.4521310e+06   4.4189453e+01
   2.4543040e+06   7.4157715e+01
   2.4545510e+06   6.7443848e+01
   2.4627690e+06   4.9926758e+01
   2.4638490e+06   4.3945312e+01
   2.4692270e+06   4.3212891e+01
   2.4704530e+06   4.2480469e+01
   2.4728290e+06   4.5715332e+01
   2.4743390e+06   4.6325684e+01
   2.4767490e+06   4.3457031e+01
   2.4897030e+06   4.5043945e+01
   2.4906420e+06   4.6508789e+01
   2.4937570e+06   4.6264648e+01
   2.4949160e+06   4.3151855e+01
   2.4959610e+06   4.3518066e+01
   2.5045260e+06   9.9060059e+01
   2.5045360e+06   4.4616699e+01
   2.5046110e+06   4.9804688e+01
   2.5062980e+06   4.4494629e+01
   2.5145010e+06   5.2795410e+01
   2.5201830e+06   4.7424316e+01
   2.5232610e+06   4.6691895e+01
   2.5267640e+06   4.6203613e+01
   2.5296850e+06   4.4982910e+01
   2.5334710e+06   5.2307129e+01
   2.5369780e+06   9.7106934e+01
   2.5370860e+06   7.1533203e+01
   2.5372100e+06   5.3405762e+01
   2.5373880e+06   4.8095703e+01
   2.5391860e+06   4.2480469e+01
   2.5465390e+06   5.2673340e+01
   2.5509330e+06   4.3518066e+01
   2.5540630e+06   4.2358398e+01
   2.5566600e+06   4.7851562e+01
   2.5574420e+06   9.4970703e+01
   2.5576850e+06   4.6142578e+01
   2.5578670e+06   5.4748535e+01
   2.5594640e+06   4.3579102e+01
   2.5635250e+06   4.3090820e+01
   2.5662350e+06   4.6936035e+01
   2.5683810e+06   4.6508789e+01
   2.5705280e+06   4.5898438e+01
   2.5737760e+06   5.3283691e+01
   2.5787210e+06   7.8918457e+01
   2.5790840e+06   7.0495605e+01
   2.5792410e+06   4.5166016e+01
   2.5812470e+06   5.1635742e+01
   2.5918030e+06   4.8095703e+01
   2.6022790e+06   4.6447754e+01
   2.6086300e+06   4.3090820e+01
   2.6102250e+06   9.2529297e+01
   2.6103380e+06   6.4392090e+01
   2.6104700e+06   4.2297363e+01
   2.6159430e+06   4.2297363e+01
   2.6171730e+06   4.6081543e+01
   2.6271300e+06   4.7607422e+01
   2.6365790e+06   4.7729492e+01
   2.6380530e+06   4.3090820e+01
   2.6428840e+06   4.5471191e+01
   2.6453230e+06   4.3579102e+01
   2.6562530e+06   4.5898438e+01
   2.6564660e+06   1.0736084e+02
   2.6564770e+06   4.2175293e+01
   2.6566480e+06   6.3659668e+01
   2.6570250e+06   4.7485352e+01
   2.6573330e+06   5.1879883e+01
   2.6575650e+06   4.9804688e+01
   2.6590150e+06   4.6691895e+01
   2.6675600e+06   4.3151855e+01
   2.6694160e+06   4.2724609e+01
   2.6751770e+06   4.4311523e+01
   2.6766460e+06   5.0964355e+01
   2.6812600e+06   4.3579102e+01
   2.6837410e+06   4.5227051e+01
   2.6889380e+06   4.4738770e+01
   2.7048060e+06   4.4799805e+01
   2.7065920e+06   5.0048828e+01
   2.7076640e+06   4.2480469e+01
   2.7127150e+06   5.2734375e+01
   2.7168540e+06   4.3273926e+01
   2.7192970e+06   4.5898438e+01
   2.7239150e+06   9.7961426e+01
   2.7240290e+06   5.1879883e+01
   2.7363100e+06   4.4311523e+01
   2.7390810e+06   4.5776367e+01
   2.7406320e+06   4.3640137e+01
   2.7436760e+06   4.3151855e+01
   2.7496590e+06   4.4189453e+01
   2.7530270e+06   5.0109863e+01
   2.7550030e+06   4.8828125e+01
   2.7663310e+06   4.2968750e+01
   2.7692320e+06   4.2175293e+01
   2.7728860e+06   8.2214355e+01
   2.7730070e+06   5.0720215e+01
   2.7731570e+06   6.3171387e+01
   2.7733420e+06   5.4382324e+01
   2.7735140e+06   4.2236328e+01
   2.7780800e+06   4.4067383e+01
   2.7853220e+06   4.7668457e+01
   2.7961930e+06   5.3222656e+01
   2.7969540e+06   4.2175293e+01
   2.8000490e+06   4.6203613e+01
   2.8020020e+06   5.3039551e+01
   2.8073070e+06   4.4799805e+01
   2.8092740e+06   4.6081543e+01
   2.8123280e+06   4.3334961e+01
   2.8171830e+06   4.5410156e+01
   2.8193800e+06   4.7058105e+01
   2.8201050e+06   8.6120605e+01
   2.8202030e+06   5.9936523e+01
   2.8213620e+06   4.3518066e+01
   2.8240710e+06   5.0354004e+01
   2.8327330e+06   4.4311523e+01
   2.8399470e+06   4.5898438e+01
   2.8424380e+06   4.9133301e+01
   2.8504230e+06   9.5275879e+01
   2.8505790e+06   7.7575684e+01
   2.8552750e+06   4.9255371e+01
   2.8582150e+06   4.5654297e+01
   2.8601820e+06   4.2358398e+01
   2.8674030e+06   4.7668457e+01
   2.8690410e+06   4.8278809e+01
   2.8736460e+06   4.4616699e+01
   2.8760370e+06   4.5959473e+01
   2.8820700e+06   8.2885742e+01
   2.8823200e+06   7.1655273e+01
   2.8868740e+06   4.2846680e+01
   2.8893440e+06   4.2358398e+01
   2.8912870e+06   4.8095703e+01
   2.8979510e+06   7.4645996e+01
   2.8981060e+06   6.0424805e+01
   2.9083740e+06   4.5043945e+01
   2.9138630e+06   5.1147461e+01
   2.9157330e+06   4.9804688e+01
   2.9179770e+06   9.7900391e+01
   2.9181530e+06   4.7424316e+01
   2.9183560e+06   7.5927734e+01
   2.9209260e+06   4.7302246e+01
   2.9291290e+06   5.4748535e+01
   2.9329500e+06   4.5043945e+01
   2.9339730e+06   4.2175293e+01
   2.9419400e+06   4.3640137e+01
   2.9430980e+06   4.4860840e+01
   2.9462500e+06   4.5898438e+01
   2.9484170e+06   5.0109863e+01
   2.9491970e+06   4.4921875e+01
   2.9536900e+06   9.2529297e+01
   2.9539170e+06   7.8430176e+01
   2.9540060e+06   4.9072266e+01
   2.9598150e+06   4.4860840e+01
   2.9671500e+06   4.5227051e+01
   2.9717130e+06   4.5104980e+01
   2.9738200e+06   5.5847168e+01
   2.9756950e+06   4.5104980e+01
   2.9799480e+06   4.6936035e+01
   2.9865090e+06   4.5776367e+01
   2.9930120e+06   4.9072266e+01
   2.9958840e+06   4.4555664e+01
   3.0030000e+06   4.9316406e+01
   3.0061730e+06   4.4677734e+01
   3.0094510e+06   4.6203613e+01
   3.0104770e+06   4.2602539e+01
   3.0124370e+06   4.5715332e+01
   3.0262670e+06   7.9345703e+01
   3.0266540e+06   6.6406250e+01
   3.0272370e+06   4.4433594e+01
   3.0290710e+06   4.3334961e+01
   3.0502340e+06   4.5043945e+01
   3.0504220e+06   4.8278809e+01
   3.0601020e+06   4.2907715e+01
   3.0642340e+06   4.5776367e+01
   3.0662610e+06   4.7058105e+01
   3.0713060e+06   4.3151855e+01
   3.0749260e+06   4.2480469e+01
   3.0766420e+06   4.3518066e+01
   3.0768230e+06   8.0871582e+01
   3.0768340e+06   4.4494629e+01
   3.0769340e+06   5.3894043e+01
   3.0863690e+06   4.3457031e+01
   3.0963190e+06   4.3457031e+01
   3.0988810e+06   4.6447754e+01
   3.1023950e+06   4.2358398e+01
   3.1044310e+06   4.2724609e+01
   3.1101140e+06   4.7546387e+01
   3.1140270e+06   4.2907715e+01
   3.1155350e+06   9.6374512e+01
   3.1186720e+06   4.3884277e+01
   3.1243950e+06   4.3334961e+01
   3.1306230e+06   4.5837402e+01
   3.1363530e+06   4.5410156e+01
   3.1384290e+06   1.0260010e+02
   3.1384390e+06   4.6569824e+01
   3.1386350e+06   8.0261230e+01
   3.1407710e+06   4.5471191e+01
   3.1421580e+06   4.7058105e+01
   3.1445160e+06   4.4006348e+01
   3.1479280e+06   5.3222656e+01
   3.1510840e+06   5.2490234e+01
   3.1549370e+06   5.7128906e+01
   3.1584130e+06   9.4482422e+01
   3.1584240e+06   4.3090820e+01
   3.1585930e+06   6.3476562e+01
   3.1588950e+06   6.1523438e+01
   3.1700340e+06   5.0598145e+01
   3.1744290e+06   4.2419434e+01
   3.1788320e+06   4.5959473e+01
   3.1800750e+06   4.3090820e+01
   3.1864000e+06   5.5541992e+01
   3.1910470e+06   9.2651367e+01
   3.1911710e+06   5.3100586e+01
   3.1915000e+06   5.4321289e+01
   3.1932760e+06   4.5410156e+01
   3.1986290e+06   4.4311523e+01
   3.2060010e+06   4.4189453e+01
   3.2081450e+06   4.4555664e+01
   3.2096880e+06   4.4311523e+01
   3.2118930e+06   4.5654297e+01
   3.2130780e+06   9.1491699e+01
   3.2152500e+06   4.3029785e+01
   3.2176160e+06   4.4921875e+01
   3.2250390e+06   4.4677734e+01
   3.2308590e+06   7.6660156e+01
   3.2309370e+06   4.8767090e+01
   3.2313150e+06   6.2988281e+01
   3.2399670e+06   4.2358398e+01
   3.2416790e+06   5.1025391e+01
   3.2467250e+06   4.2297363e+01
   3.2474030e+06   5.0170898e+01
   3.2483610e+06   4.2541504e+01
   3.2508350e+06   4.5776367e+01
   3.2547050e+06   4.8217773e+01
   3.2575550e+06   4.4982910e+01
   3.2597200e+06   4.4616699e+01
   3.2603960e+06   4.5959473e+01
   3.2625490e+06   7.9833984e+01
   3.2627140e+06   5.8837891e+01
   3.2628100e+06   4.4799805e+01
   3.2630220e+06   5.7067871e+01
   3.2634310e+06   6.4392090e+01
   3.2726620e+06   4.7790527e+01
   3.2747770e+06   5.0781250e+01
   3.2790780e+06   6.5368652e+01
   3.2791870e+06   6.1096191e+01
   3.2793410e+06   4.5593262e+01
   3.2796360e+06   6.8298340e+01
   3.2800600e+06   5.5419922e+01
   3.2874190e+06   4.4982910e+01
   3.2892210e+06   5.5053711e+01
   3.3008520e+06   4.3334961e+01
   3.3013060e+06   4.3029785e+01
   3.3028300e+06   9.2895508e+01
   3.3039350e+06   4.3395996e+01
   3.3071390e+06   4.6936035e+01
   3.3101900e+06   4.4311523e+01
   3.3190930e+06   5.7739258e+01
   3.3202340e+06   4.3212891e+01
   3.3220510e+06   4.3029785e+01
   3.3240840e+06   4.5715332e+01
   3.3267930e+06   4.7119141e+01
   3.3299590e+06   4.6691895e+01
   3.3313480e+06   4.5715332e+01
   3.3317020e+06   4.7241211e+01
   3.3322340e+06   4.8522949e+01
   3.3351410e+06   4.4067383e+01
   3.3369230e+06   7.9467773e+01
   3.3369350e+06   4.3884277e+01
   3.3371090e+06   8.0932617e+01
   3.3375640e+06   5.3222656e+01
   3.3456660e+06   4.7485352e+01
   3.3485190e+06   4.4372559e+01
   3.3523750e+06   4.6447754e+01
   3.3565570e+06   4.5043945e+01
   3.3636360e+06   4.2663574e+01
   3.3660730e+06   4.3029785e+01
   3.3712850e+06   4.9194336e+01
   3.3746990e+06   4.5227051e+01
   3.3772420e+06   4.2236328e+01
   3.3792150e+06   4.5043945e+01
   3.3821050e+06   4.4311523e+01
   3.3859070e+06   1.0528564e+02
   3.3861010e+06   6.9458008e+01
   3.3870780e+06   5.1635742e+01
   3.3885800e+06   4.9743652e+01
   3.3938620e+06   4.5227051e+01
   3.4026590e+06   4.5043945e+01
   3.4103640e+06   4.2175293e+01
   3.4132490e+06   4.2846680e+01
   3.4159090e+06   4.5959473e+01
   3.4244120e+06   4.6142578e+01
   3.4273440e+06   4.3457031e+01
   3.4306180e+06   4.5349121e+01
   3.4313670e+06   4.2480469e+01
   3.4339170e+06   4.6386719e+01
   3.4339910e+06   4.4128418e+01
   3.4347500e+06   4.3212891e+01
   3.4393820e+06   4.5471191e+01
   3.4402250e+06   4.2602539e+01
   3.4434360e+06   5.1513672e+01
   3.4494170e+06   4.4860840e+01
   3.4524240e+06   4.4311523e+01
   3.4542150e+06   4.2419434e+01
   3.4559490e+06   4.3395996e+01
   3.4579490e+06   4.3090820e+01
   3.4589420e+06   4.5898438e+01
   3.4600960e+06   4.5471191e+01
   3.4635520e+06   4.3823242e+01
   3.4720000e+06   4.4921875e+01
   3.4735960e+06   4.7790527e+01
   3.4760020e+06   4.3151855e+01
   3.4765360e+06   4.6630859e+01
   3.4803440e+06   4.6142578e+01
   3.4864560e+06   4.3823242e+01
   3.4915330e+06   5.1391602e+01
   3.4939920e+06   4.7302246e+01
   3.4989510e+06   4.3334961e+01
   3.5017550e+06   4.3395996e+01
   3.5048200e+06   4.7668457e+01
   3.5056020e+06   4.8950195e+01
   3.5076340e+06   4.5104980e+01
   3.5167480e+06   4.9499512e+01
   3.5176120e+06   4.2663574e+01
   3.5178700e+06   1.1529541e+02
   3.5180770e+06   9.3505859e+01
   3.5181710e+06   4.4311523e+01
   3.5183850e+06   5.3100586e+01
   3.5267910e+06   4.3395996e+01
   3.5329480e+06   4.2419434e+01
   3.5343420e+06   4.4250488e+01
   3.5408380e+06   4.3029785e+01
   3.5455510e+06   4.2358398e+01
   3.5495290e+06   7.0068359e+01
   3.5495400e+06   4.3884277e+01
   3.5526660e+06   4.3640137e+01
   3.5577310e+06   5.3833008e+01
   3.5600380e+06   4.9316406e+01
   3.5661840e+06   4.5776367e+01
   3.5680540e+06   4.3518066e+01
   3.5709400e+06   4.4982910e+01
   3.5711500e+06   9.3261719e+01
   3.5712690e+06   5.7922363e+01
   3.5712800e+06   4.6997070e+01
   3.5715080e+06   4.9926758e+01
   3.5719240e+06   6.2133789e+01
   3.5876290e+06   4.3945312e+01
   3.5917320e+06   5.3466797e+01
   3.5925030e+06   4.8278809e+01
   3.5955770e+06   4.3701172e+01
   3.5969140e+06   6.6772461e+01
   3.5970270e+06   4.5715332e+01
   3.5971960e+06   5.3039551e+01
   3.6115870e+06   5.0231934e+01
   3.6131430e+06   4.2297363e+01
   3.6178070e+06   4.2297363e+01
   3.6207170e+06   4.2907715e+01
   3.6260580e+06   4.2785645e+01
   3.6317640e+06   4.8950195e+01
   3.6410060e+06   9.8266602e+01
   3.6411470e+06   6.2622070e+01
   3.6415480e+06   5.7373047e+01
   3.6511750e+06   4.6142578e+01
   3.6515340e+06   4.2419434e+01
   3.6570450e+06   4.8217773e+01
   3.6578840e+06   4.3640137e+01
   3.6600250e+06   8.0566406e+01
   3.6602480e+06   8.0566406e+01
   3.6604460e+06   6.1340332e+01
   3.6609980e+06   5.3955078e+01
   3.6690270e+06   4.2419434e+01
   3.6730540e+06   4.2968750e+01
   3.6828240e+06   4.4738770e+01
   3.6833930e+06   4.2907715e+01
   3.6834540e+06   4.5043945e+01
   3.6886010e+06   4.9011230e+01
   3.6921400e+06   4.3701172e+01
   3.6947770e+06   4.5471191e+01
   3.6966400e+06   4.5349121e+01
   3.6971000e+06   7.6232910e+01
   3.6973070e+06   6.5856934e+01
   3.6974510e+06   5.3283691e+01
   3.6974840e+06   4.9743652e+01
   3.7017090e+06   4.2968750e+01
   3.7078540e+06   4.7119141e+01
   3.7108760e+06   4.7729492e+01
   3.7133310e+06   6.7993164e+01
   3.7199640e+06   4.4494629e+01
   3.7247670e+06   4.9682617e+01
   3.7250800e+06   5.5480957e+01
   3.7319280e+06   4.2236328e+01
   3.7347660e+06   4.9560547e+01
   3.7354520e+06   4.4311523e+01
   3.7361230e+06   9.5520020e+01
   3.7362210e+06   5.9814453e+01
   3.7364020e+06   7.3303223e+01
   3.7405680e+06   4.2297363e+01
   3.7435340e+06   4.4250488e+01
   3.7520380e+06   4.6752930e+01
   3.7555030e+06   4.7668457e+01
   3.7583040e+06   4.3273926e+01
   3.7645720e+06   4.4067383e+01
   3.7648070e+06   9.3750000e+01
   3.7648770e+06   4.2236328e+01
   3.7652420e+06   5.6518555e+01
   3.7660050e+06   4.5410156e+01
   3.7686300e+06   4.7607422e+01
   3.7746440e+06   4.2541504e+01
   3.7794150e+06   4.4860840e+01
   3.7818240e+06   4.5166016e+01
   3.7829470e+06   5.2185059e+01
   3.7877010e+06   4.5227051e+01
   3.7895480e+06   4.2602539e+01
   3.7920720e+06   4.4921875e+01
   3.7936590e+06   4.4677734e+01
   3.7952870e+06   4.6875000e+01
   3.7984080e+06   4.2785645e+01
   3.8003340e+06   4.3884277e+01
   3.8021000e+06   4.7973633e+01
   3.8037110e+06   4.3579102e+01
   3.8054570e+06   4.5104980e+01
   3.8080670e+06   4.2236328e+01
   3.8098800e+06   4.7363281e+01
   3.8153010e+06   5.6762695e+01
   3.8178210e+06   4.2968750e+01
   3.8228590e+06   4.3701172e+01
   3.8245540e+06   4.5227051e+01
   3.8251930e+06   4.8522949e+01
   3.8261430e+06   4.5288086e+01
   3.8469550e+06   4.4494629e+01
   3.8487930e+06   4.2358398e+01
   3.8492120e+06   4.3029785e+01
   3.8569230e+06   8.5876465e+01
   3.8569330e+06   4.9011230e+01
   3.8577300e+06   4.3579102e+01
   3.8623220e+06   4.2480469e+01
   3.8651210e+06   4.2297363e+01
   3.8696050e+06   4.4067383e+01
   3.8713910e+06   9.9914551e+01
   3.8715020e+06   5.3894043e+01
   3.8716050e+06   4.2236328e+01
   3.8829240e+06   4.7790527e+01
   3.8861110e+06   4.3945312e+01
   3.8878580e+06   4.6020508e+01
   3.8897360e+06   6.9335938e+01
   3.8898240e+06   5.6579590e+01
   3.8908460e+06   4.4616699e+01
   3.8928280e+06   4.3151855e+01
   3.8952170e+06   4.4738770e+01
   3.8971250e+06   4.4738770e+01
   3.9025110e+06   4.3579102e+01
   3.9046550e+06   4.6569824e+01
   3.9103410e+06   4.4433594e+01
   3.9130550e+06   4.3701172e+01
   3.9138750e+06   4.2358398e+01
   3.9139080e+06   1.0369873e+02
   3.9141090e+06   7.4218750e+01
   3.9142290e+06   4.9926758e+01
   3.9196650e+06   4.2419434e+01
   3.9242880e+06   4.4006348e+01
   3.9289210e+06   4.6569824e+01
   3.9321860e+06   4.8767090e+01
   3.9342170e+06   4.7668457e+01
   3.9342450e+06   9.1308594e+01
   3.9346810e+06   7.4218750e+01
   3.9347570e+06   4.3212891e+01
   3.9375290e+06   5.9570312e+01
   3.9387980e+06   5.0231934e+01
   3.9438610e+06   4.5837402e+01
   3.9512950e+06   4.7241211e+01
   3.9528820e+06   4.4250488e+01
   3.9558500e+06   4.5532227e+01
   3.9583860e+06   4.6630859e+01
   3.9605710e+06   4.9926758e+01
   3.9638240e+06   6.3659668e+01
   3.9639740e+06   5.4809570e+01
   3.9643570e+06   7.8186035e+01
   3.9670760e+06   4.5593262e+01
   3.9773820e+06   5.0476074e+01
   3.9816990e+06   4.4677734e+01
   3.9853300e+06   4.3395996e+01
   3.9865300e+06   4.6142578e+01
   3.9872170e+06   4.2846680e+01
   3.9936330e+06   4.3457031e+01
   3.9969960e+06   8.4045410e+01
   3.9971030e+06   4.9499512e+01
   3.9972710e+06   6.1157227e+01
   3.9974110e+06   5.7861328e+01
   3.9976670e+06   5.5725098e+01
   3.9985310e+06   4.7058105e+01
   4.0022900e+06   4.4128418e+01
   4.0068610e+06   4.3579102e+01
   4.0126230e+06   4.4067383e+01
   4.0208080e+06   4.2358398e+01
   4.0218410e+06   4.8828125e+01
   4.0256730e+06   4.7119141e+01
   4.0283010e+06   5.0354004e+01
   4.0308120e+06   5.4016113e+01
   4.0317710e+06   5.7617188e+01
   4.0319530e+06   4.2358398e+01
   4.0339640e+06   4.9011230e+01
   4.0385520e+06   4.4921875e+01
   4.0421270e+06   4.7363281e+01
   4.0429760e+06   4.3579102e+01
   4.0472920e+06   4.2541504e+01
   4.0484580e+06   4.6203613e+01
   4.0593360e+06   4.7363281e+01
   4.0608670e+06   4.3640137e+01
   4.0623380e+06   4.4921875e+01
   4.0635520e+06   9.2407227e+01
   4.0636570e+06   5.1940918e+01
   4.0642020e+06   5.6396484e+01
   4.0648190e+06   4.3090820e+01
   4.0715780e+06   4.3945312e+01
   4.0740230e+06   4.3273926e+01
   4.0770660e+06   4.6752930e+01
   4.0815610e+06   4.2846680e+01
   4.0849500e+06   9.5275879e+01
   4.0850740e+06   5.5786133e+01
   4.0858690e+06   4.8645020e+01
   4.0868130e+06   4.5104980e+01
   4.0899530e+06   4.7241211e+01
   4.0928620e+06   4.3395996e+01
   4.0969620e+06   7.8918457e+01
   4.1011730e+06   4.6081543e+01
   4.1018340e+06   4.4189453e+01
   4.1045810e+06   4.2785645e+01
   4.1102810e+06   4.2724609e+01
   4.1120580e+06   4.6997070e+01
   4.1133470e+06   4.7912598e+01
   4.1170500e+06   9.9304199e+01
   4.1175660e+06   7.0312500e+01
   4.1179240e+06   5.0659180e+01
   4.1183920e+06   5.1635742e+01
   4.1192120e+06   4.6447754e+01
   4.1253450e+06   8.0688477e+01
   4.1254580e+06   5.6274414e+01
   4.1300410e+06   4.6630859e+01
   4.1326830e+06   4.4250488e+01
   4.1400320e+06   5.1452637e+01
   4.1419660e+06   4.4372559e+01
   4.1439770e+06   7.8491211e+01
   4.1442080e+06   7.9406738e+01
   4.1476980e+06   4.7973633e+01
   4.1525160e+06   4.3701172e+01
   4.1539330e+06   8.2580566e+01
   4.1540820e+06   7.3791504e+01
   4.1541670e+06   4.6813965e+01
   4.1544840e+06   8.4228516e+01
   4.1554800e+06   4.9987793e+01
   4.1645250e+06   4.4555664e+01
   4.1737650e+06   4.5288086e+01
   4.1738750e+06   5.4077148e+01
   4.1747020e+06   9.1979980e+01
   4.1750060e+06   5.6030273e+01
   4.1753490e+06   6.7504883e+01
   4.1795340e+06   4.2724609e+01
   4.1821860e+06   4.7607422e+01
   4.1884020e+06   4.4128418e+01
   4.1904120e+06   4.7119141e+01
   4.1947880e+06   4.6691895e+01
   4.1971490e+06   5.1147461e+01
   4.2006060e+06   6.7871094e+01
   4.2022110e+06   4.4738770e+01
   4.2081230e+06   4.4982910e+01
   4.2100290e+06   4.2358398e+01
   4.2108190e+06   4.3457031e+01
   4.2142300e+06   9.6313477e+01
   4.2143840e+06   6.2561035e+01
   4.2146960e+06   5.8288574e+01
   4.2147060e+06   4.3579102e+01
   4.2149480e+06   6.3537598e+01
   4.2324970e+06   4.5898438e+01
   4.2332370e+06   4.7302246e+01
   4.2363180e+06   4.2602539e+01
   4.2383870e+06   4.5227051e+01
   4.2396940e+06   4.4067383e+01
   4.2412180e+06   9.3933105e+01
   4.2412300e+06   4.7058105e+01
   4.2414450e+06   8.1115723e+01
   4.2414590e+06   4.5898438e+01
   4.2505230e+06   4.2968750e+01
   4.2535800e+06   5.4016113e+01
   4.2565050e+06   5.4138184e+01
   4.2602230e+06   7.3852539e+01
   4.2634100e+06   4.8645020e+01
   4.2659030e+06   4.9438477e+01
   4.2671890e+06   4.4616699e+01
   4.2710530e+06   4.6142578e+01
   4.2723970e+06   4.4372559e+01
   4.2760010e+06   4.6203613e+01
   4.2771720e+06   4.2846680e+01
   4.2789150e+06   7.7148438e+01
   4.2789260e+06   4.6813965e+01
   4.2793600e+06   6.6040039e+01
   4.2795950e+06   5.4992676e+01
   4.2804860e+06   4.9011230e+01
   4.2870630e+06   4.2236328e+01
   4.2882580e+06   4.2358398e+01
   4.2908080e+06   4.5349121e+01
   4.2934610e+06   4.3457031e+01
   4.2940500e+06   4.5166016e+01
   4.2978540e+06   4.4006348e+01
   4.3048900e+06   9.3872070e+01
   4.3050210e+06   5.7739258e+01
   4.3056410e+06   7.6782227e+01
   4.3057850e+06   4.8095703e+01
   4.3066230e+06   4.4006348e+01
   4.3141630e+06   4.4555664e+01
   4.3165000e+06   4.6020508e+01
   4.3283380e+06   4.8828125e+01
   4.3298720e+06   4.7241211e+01
   4.3314130e+06   8.4167480e+01
   4.3318440e+06   5.2246094e+01
   4.3324200e+06   5.7556152e+01
   4.3337020e+06   4.6997070e+01
   4.3398720e+06   4.4128418e+01
   4.3454400e+06   5.0903320e+01
   4.3509670e+06   4.8583984e+01
   4.3510280e+06   4.4311523e+01
   4.3547050e+06   4.2968750e+01
   4.3571010e+06   4.9987793e+01
   4.3576940e+06   8.6242676e+01
   4.3578570e+06   7.3730469e+01
   4.3579770e+06   4.6691895e+01
   4.3599380e+06   4.7424316e+01
   4.3631340e+06   4.3762207e+01
   4.3647380e+06   4.2724609e+01
   4.3678890e+06   4.5593262e+01
   4.3702330e+06   4.6630859e+01
   4.3746110e+06   4.4982910e+01
   4.3768270e+06   7.8918457e+01
   4.3772850e+06   4.3334961e+01
   4.3773590e+06   5.9204102e+01
   4.3815810e+06   4.7851562e+01
   4.3862280e+06   4.7424316e+01
   4.3927430e+06   4.2541504e+01
   4.3954070e+06   4.9743652e+01
   4.3991050e+06   4.2358398e+01
   4.4014870e+06   6.5612793e+01
   4.4014970e+06   5.2124023e+01
   4.4017560e+06   7.9467773e+01
   4.4029850e+06   5.0048828e+01
   4.4069620e+06   5.1025391e+01
   4.4095930e+06   4.4860840e+01
   4.4110450e+06   4.6203613e+01
   4.4167910e+06   4.3090820e+01
   4.4191490e+06   4.6020508e+01
   4.4349120e+06   4.6813965e+01
   4.4380710e+06   8.5937500e+01
   4.4380820e+06   4.4067383e+01
   4.4381410e+06   4.6081543e+01
   4.4386940e+06   7.8735352e+01
   4.4399630e+06   4.3518066e+01
   4.4467770e+06   4.6264648e+01
   4.4481120e+06   4.7729492e+01
   4.4554760e+06   4.5288086e+01
   4.4567770e+06   4.6630859e+01
   4.4643720e+06   4.2358398e+01
   4.4657250e+06   9.5153809e+01
   4.4657360e+06   4.3029785e+01
   4.4659040e+06   6.3598633e+01
   4.4661550e+06   6.2988281e+01
   4.4702430e+06   4.8522949e+01
   4.4779450e+06   4.7180176e+01
   4.4796130e+06   9.7656250e+01
   4.4797100e+06   4.9377441e+01
   4.4808820e+06   4.2541504e+01
   4.4821510e+06   4.4860840e+01
   4.4883410e+06   4.9194336e+01
   4.5015210e+06   5.5358887e+01
   4.5033660e+06   4.7363281e+01
   4.5053300e+06   6.5612793e+01
   4.5054380e+06   6.2255859e+01
   4.5055620e+06   5.3161621e+01
   4.5056870e+06   7.3181152e+01
   4.5088340e+06   4.3884277e+01
   4.5135640e+06   4.3273926e+01
   4.5223850e+06   7.2082520e+01
   4.5250150e+06   4.2297363e+01
   4.5262310e+06   4.5715332e+01
   4.5313110e+06   4.7973633e+01
   4.5409960e+06   1.0125732e+02
   4.5413530e+06   6.5063477e+01
   4.5414700e+06   4.6203613e+01
   4.5420120e+06   4.3273926e+01
   4.5448520e+06   4.6020508e+01
   4.5522270e+06   4.3640137e+01
   4.5570810e+06   4.4128418e+01
   4.5584600e+06   4.8095703e+01
   4.5586870e+06   4.5776367e+01
   4.5625160e+06   4.5776367e+01
   4.5652200e+06   4.6325684e+01
   4.5672210e+06   4.7912598e+01
   4.5688720e+06   7.4768066e+01
   4.5690400e+06   5.8227539e+01
   4.5710650e+06   4.2419434e+01
   4.5746880e+06   4.2297363e+01
   4.5822950e+06   4.5898438e+01
   4.5840770e+06   4.7424316e+01
   4.5857820e+06   4.3701172e+01
   4.5902670e+06   4.2846680e+01
   4.5924030e+06   4.2419434e+01
   4.5954750e+06   4.3701172e+01
   4.5981090e+06   4.8156738e+01
   4.6029640e+06   4.3762207e+01
   4.6050570e+06   4.8461914e+01
   4.6064020e+06   5.8410645e+01
   4.6065420e+06   6.5063477e+01
   4.6066970e+06   5.4138184e+01
   4.6079310e+06   4.5654297e+01
   4.6129520e+06   4.6691895e+01
   4.6142350e+06   4.3762207e+01
   4.6160330e+06   5.0292969e+01
   4.6185410e+06   4.3334961e+01
   4.6207890e+06   8.7707520e+01
   4.6209640e+06   5.7617187e+01
   4.6221320e+06   4.2419434e+01
   4.6272160e+06   4.6081543e+01
   4.6292030e+06   4.6936035e+01
   4.6376620e+06   5.6152344e+01
   4.6382250e+06   4.7241211e+01
   4.6407990e+06   7.3181152e+01
   4.6419660e+06   4.7790527e+01
   4.6462230e+06   4.8522949e+01
   4.6563570e+06   4.2358398e+01
   4.6577660e+06   1.1151123e+02
   4.6633260e+06   9.7595215e+01
   4.6634200e+06   4.9438477e+01
   4.6634630e+06   4.7302246e+01
   4.6658620e+06   4.5837402e+01
   4.6712510e+06   5.5297852e+01
   4.6762440e+06   4.9621582e+01
   4.6809220e+06   4.3212891e+01
   4.6820890e+06   4.6875000e+01
   4.6832330e+06   5.5236816e+01
   4.6889060e+06   7.9406738e+01
   4.6915290e+06   4.3212891e+01
   4.6929630e+06   4.6325684e+01
   4.6962340e+06   7.2326660e+01
   4.6963690e+06   5.9326172e+01
   4.6967890e+06   6.5917969e+01
   4.7006610e+06   4.5837402e+01
   4.7045510e+06   4.4433594e+01
   4.7068510e+06   4.5410156e+01
   4.7113770e+06   4.2175293e+01
   4.7167410e+06   4.3518066e+01
   4.7278930e+06   4.2358398e+01
   4.7286800e+06   4.5532227e+01
   4.7298510e+06   4.2541504e+01
   4.7334510e+06   8.7463379e+01
   4.7342720e+06   8.9172363e+01
   4.7344290e+06   5.5358887e+01
   4.7348310e+06   4.7180176e+01
   4.7355110e+06   4.4372559e+01
   4.7430100e+06   4.5349121e+01
   4.7447440e+06   4.2358398e+01
   4.7479460e+06   4.7973633e+01
   4.7519120e+06   4.5043945e+01
   4.7603710e+06   4.5043945e+01
   4.7619810e+06   6.9702148e+01
   4.7620710e+06   4.9743652e+01
   4.7635550e+06   4.9316406e+01
   4.7666120e+06   4.3945312e+01
   4.7697490e+06   4.8767090e+01
   4.7709640e+06   1.0015869e+02
   4.7710950e+06   5.6457520e+01
   4.7711620e+06   4.7485352e+01
   4.7713960e+06   5.3588867e+01
   4.7715460e+06   4.8583984e+01
   4.7788990e+06   4.6081543e+01
   4.7790370e+06   4.3945313e+01
   4.7853640e+06   4.7485352e+01
   4.7867330e+06   4.3212891e+01
   4.7884810e+06   4.6508789e+01
   4.7896840e+06   4.2419434e+01
   4.7939870e+06   4.6203613e+01
   4.7962450e+06   4.2602539e+01
   4.7972850e+06   9.1979980e+01
   4.7973760e+06   4.5410156e+01
   4.7974650e+06   4.4860840e+01
   4.7976820e+06   6.4147949e+01
   4.7981260e+06   7.1594238e+01
   4.7992440e+06   4.3212891e+01
   4.8060120e+06   4.3395996e+01
   4.8117660e+06   4.6997070e+01
   4.8129850e+06   4.4250488e+01
   4.8155830e+06   4.3518066e+01
   4.8230550e+06   9.9060059e+01
   4.8232770e+06   8.2519531e+01
   4.8253230e+06   4.4616699e+01
   4.8270460e+06   4.2785645e+01
   4.8294100e+06   4.3334961e+01
   4.8311330e+06   4.5410156e+01
   4.8340300e+06   4.6936035e+01
   4.8364780e+06   4.2663574e+01
   4.8383440e+06   5.1696777e+01
   4.8420390e+06   4.4555664e+01
   4.8482250e+06   9.4177246e+01
   4.8497920e+06   4.2846680e+01
   4.8511500e+06   4.6997070e+01
   4.8564710e+06   4.3457031e+01
   4.8569620e+06   4.3945312e+01
   4.8601390e+06   4.5410156e+01
   4.8609520e+06   9.3200684e+01
   4.8612800e+06   8.4777832e+01
   4.8613880e+06   5.0598145e+01
   4.8614320e+06   4.2724609e+01
   4.8618030e+06   7.5439453e+01
   4.8719360e+06   4.2419434e+01
   4.8767830e+06   4.5288086e+01
   4.8780860e+06   4.2419434e+01
   4.8792510e+06   4.3273926e+01
   4.8816910e+06   4.3823242e+01
   4.8826510e+06   4.2297363e+01
   4.8828470e+06   7.8308105e+01
   4.8830310e+06   6.1889648e+01
   4.8844810e+06   4.7485352e+01
   4.8891520e+06   5.1696777e+01
   4.8904570e+06   4.4006348e+01
   4.8972550e+06   8.0322266e+01
   4.8972660e+06   5.2124023e+01
   4.8976470e+06   6.2500000e+01
   4.8976570e+06   4.9987793e+01
   4.8988620e+06   4.7973633e+01
   4.9008440e+06   4.4372559e+01
   4.9024630e+06   4.2968750e+01
   4.9090770e+06   4.2968750e+01
   4.9138490e+06   4.2602539e+01
   4.9141560e+06   9.2163086e+01
   4.9142650e+06   5.2062988e+01
   4.9145190e+06   6.7810059e+01
   4.9167420e+06   4.6020508e+01
   4.9255130e+06   7.3608398e+01
   4.9257040e+06   7.7575684e+01
   4.9263000e+06   7.3669434e+01
   4.9284110e+06   4.6752930e+01
   4.9343260e+06   4.2297363e+01
   4.9379540e+06   4.7119141e+01
   4.9390910e+06   8.4777832e+01
   4.9391020e+06   4.7302246e+01
   4.9392510e+06   5.9265137e+01
   4.9436240e+06   4.8522949e+01
   4.9459910e+06   4.6020508e+01
   4.9490830e+06   4.9560547e+01
   4.9513260e+06   4.7058105e+01
   4.9528550e+06   4.3090820e+01
   4.9536570e+06   8.4899902e+01
   4.9537360e+06   4.4433594e+01
   4.9540000e+06   6.4758301e+01
   4.9540200e+06   4.7119141e+01
   4.9543090e+06   6.8176270e+01
   4.9562560e+06   4.4006348e+01
   4.9640430e+06   4.8339844e+01
   4.9695590e+06   4.6447754e+01
   4.9720230e+06   4.8645020e+01
   4.9732130e+06   4.6997070e+01
   4.9747040e+06   4.2663574e+01
   4.9784610e+06   7.8918457e+01
   4.9786090e+06   6.1401367e+01
   4.9789200e+06   6.1340332e+01
   4.9790550e+06   4.3701172e+01
   4.9794270e+06   4.5837402e+01
   4.9799310e+06   4.3273926e+01
   4.9853750e+06   4.7485352e+01
   4.9876240e+06   4.7546387e+01
   4.9948440e+06   1.0308838e+02
   4.9949920e+06   5.6823730e+01
   4.9952710e+06   6.2805176e+01
   4.9956120e+06   6.1096191e+01
   4.9972850e+06   4.4738770e+01
   5.0005520e+06   4.3457031e+01
   5.0032460e+06   4.2358398e+01
   5.0066380e+06   4.3395996e+01
   5.0093620e+06   4.6325684e+01
   5.0108310e+06   4.8828125e+01
   5.0130700e+06   4.7546387e+01
   5.0219540e+06   4.2785645e+01
   5.0239480e+06   7.8796387e+01
   5.0240670e+06   5.2001953e+01
   5.0264030e+06   4.2236328e+01
   5.0307180e+06   4.2236328e+01
   5.0325320e+06   4.7302246e+01
   5.0355740e+06   4.9865723e+01
   5.0358230e+06   4.3518066e+01
   5.0387390e+06   7.5439453e+01
   5.0387490e+06   4.4860840e+01
   5.0388600e+06   5.8654785e+01
   5.0391480e+06   5.5236816e+01
   5.0395190e+06   5.3222656e+01
   5.0398680e+06   5.7312012e+01
   5.0417820e+06   4.6691895e+01
   5.0453370e+06   4.2297363e+01
   5.0501850e+06   4.7058105e+01
   5.0534650e+06   4.9682617e+01
   5.0553450e+06   4.4799805e+01
   5.0586550e+06   4.4189453e+01
   5.0620360e+06   5.0964355e+01
   5.0632060e+06   4.5471191e+01
   5.0683670e+06   4.6020508e+01
   5.0719660e+06   9.6252441e+01
   5.0720570e+06   5.1147461e+01
   5.0723870e+06   7.1411133e+01
   5.0723970e+06   4.6325684e+01
   5.0725590e+06   4.3762207e+01
   5.0744780e+06   4.8889160e+01
   5.0823310e+06   4.5227051e+01
   5.0872380e+06   4.2175293e+01
   5.0883200e+06   5.0659180e+01
   5.0894150e+06   1.0174561e+02
   5.0894260e+06   4.2297363e+01
   5.0895450e+06   5.5969238e+01
   5.0897080e+06   6.1096191e+01
   5.0899290e+06   4.9377441e+01
   5.0903290e+06   6.7321777e+01
   5.0929740e+06   4.7058105e+01
   5.1023920e+06   4.4860840e+01
   5.1047250e+06   4.3884277e+01
   5.1070070e+06   9.6191406e+01
   5.1070850e+06   4.3701172e+01
   5.1075290e+06   7.4951172e+01
   5.1076550e+06   4.2907715e+01
   5.1084950e+06   4.6691895e+01
   5.1114200e+06   4.4738770e+01
   5.1158790e+06   4.4189453e+01
   5.1204760e+06   4.5104980e+01
   5.1237050e+06   4.8461914e+01
   5.1247540e+06   4.2968750e+01
   5.1290880e+06   4.6264648e+01
   5.1309230e+06   8.2824707e+01
   5.1314720e+06   7.7331543e+01
   5.1314820e+06   4.2236328e+01
   5.1316420e+06   7.3608398e+01
   5.1354510e+06   4.5837402e+01
   5.1385740e+06   4.4372559e+01
   5.1418530e+06   8.5327148e+01
   5.1419440e+06   5.8288574e+01
   5.1421340e+06   5.8349609e+01
   5.1490510e+06   4.3212891e+01
   5.1529940e+06   4.4921875e+01
   5.1564060e+06   5.4931641e+01
   5.1579160e+06   4.5593262e+01
   5.1588290e+06   1.1926270e+02
   5.1588390e+06   5.3955078e+01
   5.1589330e+06   5.4016113e+01
   5.1590800e+06   5.1025391e+01
   5.1593650e+06   6.0241699e+01
   5.1611420e+06   4.6691895e+01
   5.1647000e+06   4.4494629e+01
   5.1689310e+06   4.4921875e+01
   5.1706970e+06   5.2062988e+01
   5.1715280e+06   4.6081543e+01
   5.1731000e+06   4.3823242e+01
   5.1786880e+06   4.7180176e+01
   5.1796240e+06   5.7128906e+01
   5.1815600e+06   6.8298340e+01
   5.1817160e+06   5.7128906e+01
   5.1820940e+06   6.3659668e+01
   5.1822480e+06   5.0292969e+01
   5.1827380e+06   6.2377930e+01
   5.1832310e+06   5.7739258e+01
   5.1849080e+06   4.3395996e+01
   5.1920650e+06   5.0415039e+01
   5.1955660e+06   4.4128418e+01
   5.1992550e+06   4.5715332e+01
   5.2029340e+06   4.2480469e+01
   5.2046890e+06   8.0993652e+01
   5.2048030e+06   5.0842285e+01
   5.2106530e+06   4.5898438e+01
   5.2159430e+06   5.0109863e+01
   5.2206230e+06   4.2846680e+01
   5.2216110e+06   9.7106934e+01
   5.2218050e+06   6.6467285e+01
   5.2219000e+06   4.6875000e+01
   5.2220440e+06   4.4738770e+01
   5.2225320e+06   6.7687988e+01
   5.2231930e+06   5.0598145e+01
   5.2249520e+06   4.8339844e+01
   5.2312150e+06   4.6264648e+01
   5.2386450e+06   4.4555664e+01
   5.2459510e+06   4.2419434e+01
   5.2537250e+06   5.2673340e+01
   5.2549880e+06   4.6142578e+01
   5.2590230e+06   8.7951660e+01
   5.2590330e+06   4.7912598e+01
   5.2592860e+06   5.8410645e+01
   5.2592960e+06   4.2358398e+01
   5.2648970e+06   4.6020508e+01
   5.2674460e+06   4.4799805e+01
   5.2697580e+06   4.6386719e+01
   5.2709140e+06   4.6997070e+01
   5.2732010e+06   4.2419434e+01
   5.2738490e+06   5.1147461e+01
   5.2766970e+06   4.3945312e+01
   5.2786140e+06   4.4738770e+01
   5.2812550e+06   4.5104980e+01
   5.2870200e+06   5.6518555e+01
   5.2900460e+06   4.3945312e+01
   5.2941050e+06   4.4128418e+01
   5.3002200e+06   4.5288086e+01
   5.3016020e+06   4.2297363e+01
   5.3070170e+06   4.7912598e+01
   5.3070790e+06   1.0607910e+02
   5.3070890e+06   5.0415039e+01
   5.3071650e+06   5.6274414e+01
   5.3075600e+06   7.2937012e+01
   5.3078990e+06   6.5063477e+01
   5.3089830e+06   5.2734375e+01
   5.3174340e+06   5.0231934e+01
   5.3216030e+06   5.2734375e+01
   5.3302910e+06   4.2785645e+01
   5.3324960e+06   7.3608398e+01
   5.3326270e+06   5.8837891e+01
   5.3369410e+06   4.5837402e+01
   5.3390750e+06   4.5166016e+01
   5.3451740e+06   5.1879883e+01
   5.3484980e+06   5.0659180e+01
   5.3509640e+06   4.5593262e+01
   5.3539500e+06   4.5776367e+01
   5.3560390e+06   4.3518066e+01
   5.3588340e+06   4.4799805e+01
   5.3603540e+06   4.2907715e+01
   5.3659370e+06   1.0101318e+02
   5.3661070e+06   8.3435059e+01
   5.3755790e+06   4.5227051e+01
   5.3852140e+06   4.4982910e+01
   5.3874560e+06   9.8571777e+01
   5.3910970e+06   4.4006348e+01
   5.3957710e+06   4.8950195e+01
   5.3978400e+06   4.9194336e+01
   5.4039550e+06   9.1552734e+01
   5.4040250e+06   4.5959473e+01
   5.4042740e+06   6.1645508e+01
   5.4044520e+06   5.2612305e+01
   5.4046490e+06   4.4067383e+01
   5.4090620e+06   4.6630859e+01
   5.4158500e+06   4.6203613e+01
   5.4199820e+06   8.3129883e+01
   5.4200560e+06   4.3823242e+01
   5.4203640e+06   8.1237793e+01
   5.4207150e+06   4.6081543e+01
   5.4215300e+06   4.5593262e+01
   5.4285520e+06   4.6875000e+01
   5.4296850e+06   4.7119141e+01
   5.4315780e+06   4.9987793e+01
   5.4413000e+06   4.2602539e+01
   5.4428680e+06   6.3476562e+01
   5.4448280e+06   4.4189453e+01
   5.4484320e+06   4.6813965e+01
   5.4545260e+06   4.2785645e+01
   5.4553100e+06   8.1604004e+01
   5.4585090e+06   4.3823242e+01
   5.4606380e+06   4.3212891e+01
   5.4635040e+06   4.3762207e+01
   5.4636900e+06   4.2663574e+01
   5.4700910e+06   4.6020508e+01
   5.4729980e+06   5.1635742e+01
   5.4736190e+06   8.1420898e+01
   5.4738770e+06   4.3762207e+01
   5.4824810e+06   4.9865723e+01
   5.4848460e+06   4.6081543e+01
   5.4874240e+06   5.1818848e+01
   5.4911610e+06   4.3640137e+01
   5.4958220e+06   4.7302246e+01
   5.4998950e+06   8.5815430e+01
   5.5001510e+06   8.0871582e+01
   5.5004070e+06   4.2541504e+01
   5.5005560e+06   4.3395996e+01
   5.5008140e+06   7.8430176e+01
   5.5066260e+06   4.4311523e+01
   5.5085230e+06   4.6569824e+01
   5.5102500e+06   5.2307129e+01
   5.5123560e+06   4.3090820e+01
   5.5166490e+06   4.6569824e+01
   5.5177400e+06   4.3090820e+01
   5.5190740e+06   7.6110840e+01
   5.5192600e+06   8.4289551e+01
   5.5194860e+06   6.0668945e+01
   5.5310540e+06   4.5349121e+01
   5.5346620e+06   4.2663574e+01
   5.5373190e+06   4.2419434e+01
   5.5396740e+06   4.7241211e+01
   5.5415880e+06   4.4006348e+01
   5.5463290e+06   4.3029785e+01
   5.5467660e+06   4.2602539e+01
   5.5488700e+06   4.6447754e+01
   5.5520820e+06   4.2358398e+01
   5.5554140e+06   4.6386719e+01
   5.5582480e+06   4.3212891e+01
   5.5602050e+06   4.5715332e+01
   5.5610620e+06   9.1430664e+01
   5.5626710e+06   4.4494629e+01
   5.5668790e+06   5.2978516e+01
   5.5674050e+06   5.1269531e+01
   5.5715840e+06   8.4045410e+01
   5.5717650e+06   6.2194824e+01
   5.5724660e+06   6.4331055e+01
   5.5755350e+06   4.4067383e+01
   5.5797520e+06   4.2968750e+01
   5.5811290e+06   1.0052490e+02
   5.5812230e+06   5.7189941e+01
   5.5814310e+06   4.9682617e+01
   5.5817100e+06   6.2561035e+01
   5.5831500e+06   4.2175293e+01
   5.5893820e+06   4.6325684e+01
   5.5962290e+06   4.3029785e+01
   5.6022100e+06   4.3640137e+01
   5.6045060e+06   4.3151855e+01
   5.6124530e+06   5.3894043e+01
   5.6175510e+06   4.8400879e+01
   5.6216040e+06   1.1676025e+02
   5.6218870e+06   8.7829590e+01
   5.6220190e+06   5.1208496e+01
   5.6247530e+06   4.2968750e+01
   5.6314930e+06   4.3701172e+01
   5.6336930e+06   4.5654297e+01
   5.6347360e+06   4.3579102e+01
   5.6411130e+06   4.6325684e+01
   5.6426410e+06   4.3151855e+01
   5.6442380e+06   4.4738770e+01
   5.6454020e+06   1.0565186e+02
   5.6454120e+06   4.4677734e+01
   5.6455090e+06   5.0415039e+01
   5.6456670e+06   6.0241699e+01
   5.6465150e+06   4.9133301e+01
   5.6501060e+06   4.5227051e+01
   5.6523050e+06   5.2551270e+01
   5.6584560e+06   4.3640137e+01
   5.6591370e+06   9.7045898e+01
   5.6591470e+06   4.4189453e+01
   5.6591930e+06   4.3701172e+01
   5.6595470e+06   7.1411133e+01
   5.6647010e+06   5.1269531e+01
   5.6677790e+06   5.0903320e+01
   5.6702550e+06   4.4250488e+01
   5.6799960e+06   4.5349121e+01
   5.6839060e+06   4.8278809e+01
   5.6889940e+06   4.5898438e+01
   5.6922980e+06   4.8034668e+01
   5.6994530e+06   4.9621582e+01
   5.7028830e+06   4.7729492e+01
   5.7047920e+06   4.3884277e+01
   5.7087880e+06   4.2724609e+01
   5.7141730e+06   4.9011230e+01
   5.7169920e+06   4.5898438e+01
   5.7191690e+06   4.2724609e+01
   5.7298690e+06   4.3395996e+01
   5.7317430e+06   4.5776367e+01
   5.7347600e+06   8.1542969e+01
   5.7350010e+06   6.7687988e+01
   5.7350120e+06   4.2297363e+01
   5.7360860e+06   4.4067383e+01
   5.7401920e+06   4.2480469e+01
   5.7468060e+06   4.3151855e+01
   5.7539070e+06   4.6508789e+01
   5.7583490e+06   4.4860840e+01
   5.7591780e+06   4.4860840e+01
   5.7606960e+06   4.6203613e+01
   5.7610330e+06   6.9946289e+01
   5.7611880e+06   6.8908691e+01
   5.7613220e+06   6.5368652e+01
   5.7693230e+06   4.3395996e+01
   5.7695350e+06   4.4555664e+01
   5.7715860e+06   5.0842285e+01
   5.7744240e+06   4.6997070e+01
   5.7876380e+06   1.0974121e+02
   5.7877740e+06   6.3964844e+01
   5.7906280e+06   4.6630859e+01
   5.8006920e+06   4.9865723e+01
   5.8068060e+06   5.1879883e+01
   5.8095130e+06   4.3884277e+01
   5.8103100e+06   5.0659180e+01
   5.8118530e+06   4.5837402e+01
   5.8134120e+06   4.7058105e+01
   5.8174670e+06   4.4738770e+01
   5.8204650e+06   4.3518066e+01
   5.8237470e+06   4.3762207e+01
   5.8284140e+06   4.2907715e+01
   5.8331750e+06   5.5236816e+01
   5.8339830e+06   8.6608887e+01
   5.8339930e+06   4.7973633e+01
   5.8340920e+06   5.5664062e+01
   5.8466530e+06   4.4677734e+01
   5.8520180e+06   4.3884277e+01
   5.8549950e+06   4.7607422e+01
   5.8607530e+06   4.6386719e+01
   5.8641190e+06   4.2602539e+01
   5.8717820e+06   4.5532227e+01
   5.8733050e+06   9.3750000e+01
   5.8734050e+06   4.7607422e+01
   5.8737020e+06   6.8298340e+01
   5.8744230e+06   8.5327148e+01
   5.8750540e+06   4.3579102e+01
   5.8798930e+06   4.3579102e+01
   5.8891240e+06   6.2500000e+01
   5.8959460e+06   4.4311523e+01
   5.9036310e+06   8.4167480e+01
   5.9036410e+06   4.4006348e+01
   5.9038360e+06   7.8125000e+01
   5.9055380e+06   4.2541504e+01
   5.9212840e+06   4.7241211e+01
   5.9266590e+06   5.0231934e+01
   5.9306110e+06   4.2846680e+01
   5.9326640e+06   4.4677734e+01
   5.9419640e+06   4.3395996e+01
   5.9467660e+06   4.2419434e+01
   5.9538370e+06   4.4555664e+01
   5.9547810e+06   4.4677734e+01
   5.9593080e+06   5.5236816e+01
   5.9604580e+06   4.2541504e+01
   5.9611210e+06   1.0626221e+02
   5.9611310e+06   4.2480469e+01
   5.9612750e+06   6.1645508e+01
   5.9614410e+06   6.7871094e+01
   5.9662770e+06   5.1635742e+01
   5.9701250e+06   5.4016113e+01
   5.9744570e+06   4.7729492e+01
   5.9799820e+06   4.2480469e+01
   5.9820060e+06   4.7119141e+01
   5.9869110e+06   4.6020508e+01
   5.9876080e+06   4.3762207e+01
   5.9904240e+06   4.2724609e+01
   5.9917140e+06   4.7668457e+01
   5.9919550e+06   4.3273926e+01
   5.9942930e+06   4.3640137e+01
   5.9974790e+06   4.9133301e+01
   5.9996830e+06   4.3518066e+01
   6.0040510e+06   4.4799805e+01
   6.0075750e+06   4.9560547e+01
   6.0092230e+06   4.3945312e+01
   6.0186770e+06   4.2480469e+01
   6.0197540e+06   8.7402344e+01
   6.0198210e+06   4.9499512e+01
   6.0200370e+06   7.9406738e+01
   6.0200500e+06   5.1879883e+01
   6.0202030e+06   7.2143555e+01
   6.0276100e+06   4.9926758e+01
   6.0309350e+06   4.2724609e+01
   6.0327350e+06   4.5227051e+01
   6.0386080e+06   4.9255371e+01
   6.0419410e+06   4.9987793e+01
   6.0479160e+06   4.9011230e+01
   6.0506840e+06   4.8156738e+01
   6.0577510e+06   4.2907715e+01
   6.0664270e+06   4.4250488e+01
   6.0681570e+06   4.4128418e+01
   6.0700400e+06   4.3945312e+01
   6.0746210e+06   4.2785645e+01
   6.0764400e+06   4.4799805e+01
   6.0782800e+06   4.4738770e+01
   6.0806580e+06   4.3823242e+01
   6.0902670e+06   4.9926758e+01
   6.0926560e+06   4.6936035e+01
   6.0926950e+06   9.3139648e+01
   6.0927690e+06   4.9560547e+01
   6.0930670e+06   7.7026367e+01
   6.0988380e+06   4.4311523e+01
   6.1047910e+06   4.5959473e+01
   6.1067850e+06   4.2541504e+01
   6.1100100e+06   4.8278809e+01
   6.1150440e+06   4.8156738e+01
   6.1187980e+06   4.4250488e+01
   6.1299750e+06   4.2419434e+01
   6.1369850e+06   4.3334961e+01
   6.1407110e+06   4.3029785e+01
   6.1469540e+06   4.2785645e+01
   6.1541590e+06   4.4372559e+01
   6.1550100e+06   5.1147461e+01
   6.1561120e+06   4.8522949e+01
   6.1634940e+06   4.2602539e+01
   6.1649200e+06   4.3151855e+01
   6.1700230e+06   4.2236328e+01
   6.1729100e+06   4.8522949e+01
   6.1764880e+06   4.5227051e+01
   6.1800400e+06   4.2297363e+01
   6.1838260e+06   7.2570801e+01
   6.1839670e+06   8.2824707e+01
   6.1849290e+06   4.4921875e+01
   6.1942640e+06   4.6081543e+01
   6.1945920e+06   4.2297363e+01
   6.1992810e+06   4.6081543e+01
   6.2046310e+06   4.3395996e+01
   6.2102860e+06   4.5593262e+01
   6.2136420e+06   4.2907715e+01
   6.2145850e+06   4.4128418e+01
   6.2188720e+06   4.2480469e+01
   6.2200500e+06   4.5532227e+01
   6.2219450e+06   4.6264648e+01
   6.2240640e+06   4.8156738e+01
   6.2260870e+06   4.3334961e+01
   6.2300630e+06   5.3344727e+01
   6.2318920e+06   4.6752930e+01
   6.2374730e+06   4.3029785e+01
   6.2442150e+06   4.2907715e+01
   6.2490650e+06   4.2480469e+01
   6.2494370e+06   5.8898926e+01
   6.2571190e+06   4.5654297e+01
   6.2590660e+06   4.7241211e+01
   6.2613670e+06   4.3518066e+01
   6.2643480e+06   6.1218262e+01
   6.2704620e+06   4.4433594e+01
   6.2708280e+06   4.2968750e+01
   6.2743180e+06   4.3273926e+01
   6.2748080e+06   4.6691895e+01
   6.2775440e+06   4.8339844e+01
   6.2806010e+06   4.7851562e+01
   6.2814970e+06   5.1208496e+01
   6.2851490e+06   4.2602539e+01
   6.2893170e+06   4.2419434e+01
   6.2990040e+06   4.5410156e+01
   6.3047060e+06   4.3090820e+01
   6.3070150e+06   5.1208496e+01
   6.3101190e+06   4.5898438e+01
   6.3121880e+06   4.3579102e+01
   6.3153680e+06   4.2541504e+01
   6.3189480e+06   4.7607422e+01
   6.3222160e+06   4.7668457e+01
   6.3296770e+06   4.2663574e+01
   6.3336900e+06   4.8095703e+01
   6.3358360e+06   4.5654297e+01
   6.3384390e+06   4.7424316e+01
   6.3465750e+06   4.7851562e+01
   6.3541360e+06   4.7607422e+01
   6.3575470e+06   4.3701172e+01
   6.3592270e+06   5.2673340e+01
   6.3669240e+06   4.3151855e+01
   6.3691270e+06   4.3945312e+01
   6.3740920e+06   4.2480469e+01
   6.3762310e+06   4.3518066e+01
   6.3820220e+06   4.5898438e+01
   6.3826230e+06   4.5043945e+01
   6.3845290e+06   4.3334961e+01
   6.3847340e+06   1.1853027e+02
   6.3880850e+06   4.7424316e+01
   6.3913000e+06   5.1513672e+01
   6.3976870e+06   4.9926758e+01
   6.3997690e+06   4.2602539e+01
   6.4028400e+06   4.4189453e+01
   6.4128560e+06   4.6081543e+01
   6.4146500e+06   4.5104980e+01
   6.4199920e+06   5.3649902e+01
   6.4323510e+06   4.8461914e+01
   6.4341060e+06   4.8217773e+01
   6.4379600e+06   4.3090820e+01
   6.4552630e+06   4.2541504e+01
   6.4675500e+06   4.6508789e+01
   6.4708750e+06   4.5471191e+01
   6.4780210e+06   4.6142578e+01
   6.4803850e+06   4.3884277e+01
   6.4829530e+06   4.7180176e+01
   6.4829640e+06   7.6293945e+01
   6.4833150e+06   6.9458008e+01
   6.4836650e+06   6.1401367e+01
   6.4888900e+06   4.7790527e+01
   6.4928320e+06   5.0903320e+01
   6.5008470e+06   4.6630859e+01
   6.5057570e+06   4.7607422e+01
   6.5064620e+06   4.4433594e+01
   6.5085480e+06   5.6945801e+01
   6.5095690e+06   4.4433594e+01
   6.5135820e+06   4.7180176e+01
   6.5212470e+06   4.2419434e+01
   6.5232010e+06   4.5288086e+01
   6.5300110e+06   4.4006348e+01
   6.5336080e+06   4.7058105e+01
   6.5360510e+06   9.0515137e+01
   6.5361950e+06   7.4523926e+01
   6.5363320e+06   7.0678711e+01
   6.5364990e+06   5.4077148e+01
   6.5452220e+06   4.6752930e+01
   6.5456640e+06   9.8144531e+01
   6.5458550e+06   7.3059082e+01
   6.5461770e+06   6.3354492e+01
   6.5464060e+06   7.5805664e+01
   6.5473340e+06   4.3334961e+01
   6.5541260e+06   4.9560547e+01
   6.5583270e+06   4.6142578e+01
   6.5676320e+06   4.4982910e+01
   6.5688280e+06   4.3945312e+01
   6.5746300e+06   4.6813965e+01
   6.5755490e+06   4.9133301e+01
   6.5760190e+06   1.0833740e+02
   6.5761280e+06   5.7861328e+01
   6.5762590e+06   5.6701660e+01
   6.5764870e+06   6.4270020e+01
   6.5768730e+06   7.6293945e+01
   6.5781240e+06   4.6813965e+01
   6.5814090e+06   4.2480469e+01
   6.5886820e+06   4.8461914e+01
   6.5941020e+06   4.2175293e+01
   6.5998520e+06   4.7180176e+01
   6.6022160e+06   4.2236328e+01
   6.6052850e+06   4.3884277e+01
   6.6076530e+06   4.6997070e+01
   6.6117150e+06   5.3222656e+01
   6.6180320e+06   4.7668457e+01
   6.6203810e+06   4.2236328e+01
   6.6241230e+06   4.9011230e+01
   6.6265270e+06   4.6813965e+01
   6.6295320e+06   4.7729492e+01
   6.6347670e+06   5.2673340e+01
   6.6369370e+06   4.2297363e+01
   6.6473080e+06   4.7851563e+01
   6.6522840e+06   4.3029785e+01
   6.6548760e+06   5.0598145e+01
   6.6594970e+06   4.4372559e+01
   6.6613790e+06   5.3100586e+01
   6.6664090e+06   4.4494629e+01
   6.6698270e+06   4.6936035e+01
   6.6727580e+06   4.7790527e+01
   6.6762120e+06   4.3212891e+01
   6.6847000e+06   4.6997070e+01
   6.6883400e+06   4.3151855e+01
   6.6913880e+06   4.8767090e+01
   6.6935260e+06   5.2307129e+01
   6.6944000e+06   4.2480469e+01
   6.6981790e+06   4.5654297e+01
   6.7007150e+06   4.3701172e+01
   6.7026290e+06   4.4128418e+01
   6.7061150e+06   4.8156738e+01
   6.7140410e+06   4.5593262e+01
   6.7164470e+06   4.4799805e+01
   6.7235960e+06   5.0231934e+01
   6.7323460e+06   5.7800293e+01
   6.7343010e+06   4.4982910e+01
   6.7393830e+06   4.5166016e+01
   6.7449050e+06   4.8156738e+01
   6.7490630e+06   5.8593750e+01
   6.7562710e+06   4.7180176e+01
   6.7628120e+06   4.4067383e+01
   6.7680460e+06   5.0720215e+01
   6.7711230e+06   4.4982910e+01
   6.7781510e+06   4.7302246e+01
   6.7788330e+06   4.2236328e+01
   6.7806500e+06   1.1425781e+02
   6.7806610e+06   4.3823242e+01
   6.7807980e+06   7.0678711e+01
   6.7810640e+06   6.1401367e+01
   6.7811940e+06   6.1828613e+01
   6.7823260e+06   5.2490234e+01
   6.7858960e+06   5.4931641e+01
   6.7893420e+06   4.2480469e+01
   6.7926770e+06   4.9316406e+01
   6.7985530e+06   4.5959473e+01
   6.8048130e+06   4.2846680e+01
   6.8079980e+06   4.4738770e+01
   6.8123330e+06   4.3395996e+01
   6.8140100e+06   4.4189453e+01
   6.8168050e+06   4.8889160e+01
   6.8191490e+06   4.5532227e+01
   6.8211440e+06   4.4128418e+01
   6.8249850e+06   4.4006348e+01
   6.8252470e+06   9.8144531e+01
   6.8253470e+06   5.2185059e+01
   6.8254960e+06   6.0241699e+01
   6.8274780e+06   5.2917480e+01
   6.8327530e+06   4.4006348e+01
   6.8387210e+06   4.5715332e+01
   6.8407490e+06   5.1330566e+01
   6.8436010e+06   4.5654297e+01
   6.8507660e+06   5.4138184e+01
   6.8523030e+06   4.2724609e+01
   6.8533020e+06   4.4799805e+01
   6.8579980e+06   4.4494629e+01
   6.8707780e+06   5.1879883e+01
   6.8721820e+06   6.1767578e+01
   6.8804620e+06   4.4128418e+01
   6.8836880e+06   4.2358398e+01
   6.8842140e+06   4.7241211e+01
   6.8941010e+06   4.3029785e+01
   6.8948710e+06   4.4494629e+01
   6.8957440e+06   5.0048828e+01
   6.9023950e+06   4.5715332e+01
   6.9059700e+06   4.2297363e+01
   6.9089290e+06   4.3762207e+01
   6.9153790e+06   1.0754395e+02
   6.9158520e+06   5.1391602e+01
   6.9158700e+06   5.7128906e+01
   6.9159450e+06   4.2297363e+01
   6.9163660e+06   6.6772461e+01
   6.9183740e+06   4.4433594e+01
   6.9232000e+06   4.9560547e+01
   6.9251340e+06   4.8095703e+01
   6.9283400e+06   4.4006348e+01
   6.9338490e+06   4.2541504e+01
   6.9375880e+06   5.5114746e+01
   6.9400760e+06   5.0354004e+01
   6.9452460e+06   4.3151855e+01
   6.9470980e+06   4.4189453e+01
   6.9483740e+06   4.5715332e+01
   6.9491810e+06   4.4372559e+01
   6.9541640e+06   4.2846680e+01
   6.9568880e+06   4.6630859e+01
   6.9589730e+06   4.2968750e+01
   6.9612970e+06   4.2663574e+01
   6.9630380e+06   4.6386719e+01
   6.9655290e+06   4.6875000e+01
   6.9727580e+06   4.9011230e+01
   6.9737530e+06   5.2124023e+01
   6.9759110e+06   4.4921875e+01
   6.9804090e+06   4.2541504e+01
   6.9804600e+06   6.4697266e+01
   6.9805410e+06   4.3945312e+01
   6.9843600e+06   4.6752930e+01
   6.9898450e+06   5.1391602e+01
   6.9936780e+06   4.7485352e+01
   6.9997040e+06   4.4921875e+01
   7.0081460e+06   4.2846680e+01
   7.0114470e+06   4.2968750e+01
   7.0152530e+06   4.9621582e+01
   7.0182550e+06   4.9072266e+01
   7.0204840e+06   5.1086426e+01
   7.0259850e+06   4.3762207e+01
   7.0324990e+06   4.7424316e+01
   7.0396900e+06   4.4677734e+01
   7.0411720e+06   4.5104980e+01
   7.0424780e+06   4.4372559e+01
   7.0445910e+06   4.6386719e+01
   7.0488010e+06   4.6752930e+01
   7.0554420e+06   4.4860840e+01
   7.0571100e+06   5.2856445e+01
   7.0637710e+06   4.3701172e+01
   7.0654850e+06   5.1147461e+01
   7.0715050e+06   5.0781250e+01
   7.0790740e+06   4.4067383e+01
   7.1000900e+06   4.4494629e+01
   7.1034870e+06   4.7485352e+01
   7.1074240e+06   4.4738770e+01
   7.1091710e+06   4.3273926e+01
   7.1114070e+06   4.8034668e+01
   7.1118690e+06   4.3457031e+01
   7.1181030e+06   4.7424316e+01
   7.1205770e+06   4.6020508e+01
   7.1306810e+06   5.2734375e+01
   7.1380450e+06   4.5104980e+01
   7.1513400e+06   4.2297363e+01
   7.1517390e+06   4.2480469e+01
   7.1536240e+06   4.5532227e+01
   7.1593080e+06   4.4006348e+01
   7.1631900e+06   4.5593262e+01
   7.1680400e+06   4.2358398e+01
   7.1700680e+06   4.5227051e+01
   7.1742320e+06   4.6813965e+01
   7.1799720e+06   1.1193848e+02
   7.1803530e+06   7.1105957e+01
   7.1803630e+06   4.2907715e+01
   7.1804250e+06   5.0659180e+01
   7.1806230e+06   6.3232422e+01
   7.1811890e+06   4.7363281e+01
   7.1842520e+06   4.5959473e+01
   7.1891310e+06   4.6752930e+01
   7.1965470e+06   4.6142578e+01
   7.2006160e+06   5.0048828e+01
   7.2037810e+06   7.3120117e+01
   7.2039870e+06   6.8237305e+01
   7.2043760e+06   6.4575195e+01
   7.2062050e+06   5.2612305e+01
   7.2068700e+06   4.3701172e+01
   7.2175910e+06   5.4199219e+01
   7.2230620e+06   4.2175293e+01
   7.2264290e+06   4.2541504e+01
   7.2297110e+06   4.3823242e+01
   7.2325060e+06   4.2297363e+01
   7.2347090e+06   5.0903320e+01
   7.2373330e+06   4.5654297e+01
   7.2388770e+06   4.9011230e+01
   7.2465590e+06   1.1193848e+02
   7.2465710e+06   4.4372559e+01
   7.2532460e+06   4.6875000e+01
   7.2565340e+06   4.3518066e+01
   7.2590240e+06   5.5969238e+01
   7.2637690e+06   4.7119141e+01
   7.2653590e+06   4.7912598e+01
   7.2672370e+06   4.7851562e+01
   7.2701580e+06   5.1208496e+01
   7.2717880e+06   4.5166016e+01
   7.2840270e+06   4.5410156e+01
   7.2860760e+06   5.3771973e+01
   7.2920440e+06   4.4799805e+01
   7.2961200e+06   4.4494629e+01
   7.2975090e+06   4.7424316e+01
   7.3038340e+06   8.9538574e+01
   7.3057710e+06   4.4067383e+01
   7.3073590e+06   4.2785645e+01
   7.3203620e+06   4.4433594e+01
   7.3258560e+06   5.3039551e+01
   7.3306460e+06   4.3151855e+01
   7.3327180e+06   4.3395996e+01
   7.3350980e+06   4.8767090e+01
   7.3364770e+06   4.5837402e+01
   7.3441350e+06   4.5532227e+01
   7.3550140e+06   4.2236328e+01
   7.3586310e+06   4.4982910e+01
   7.3627030e+06   4.3945312e+01
   7.3657200e+06   4.3212891e+01
   7.3726770e+06   5.3405762e+01
   7.3756730e+06   4.2297363e+01
   7.3785700e+06   4.3579102e+01
   7.3828650e+06   4.2175293e+01
   7.3870190e+06   4.2480469e+01
   7.3930550e+06   4.3090820e+01
   7.3958610e+06   5.5480957e+01
   7.3998880e+06   4.3579102e+01
   7.4009770e+06   1.0382080e+02
   7.4011010e+06   7.1716309e+01
   7.4011740e+06   4.7668457e+01
   7.4013000e+06   5.0903320e+01
   7.4016350e+06   6.3476563e+01
   7.4047680e+06   4.6630859e+01
   7.4121750e+06   4.3945312e+01
   7.4142550e+06   4.6386719e+01
   7.4197340e+06   4.9316406e+01
   7.4221090e+06   4.8645020e+01
   7.4253020e+06   5.0842285e+01
   7.4283240e+06   4.6936035e+01
   7.4317950e+06   4.5837402e+01
   7.4377830e+06   4.3090820e+01
   7.4388630e+06   4.7424316e+01
   7.4416760e+06   5.0842285e+01
   7.4442970e+06   4.2175293e+01
   7.4506050e+06   5.0476074e+01
   7.4545190e+06   4.3395996e+01
   7.4579770e+06   4.4067383e+01
   7.4619210e+06   4.2541504e+01
   7.4650160e+06   4.2419434e+01
   7.4656360e+06   6.4453125e+01
   7.4660860e+06   9.9426270e+01
   7.4662340e+06   7.4279785e+01
   7.4734210e+06   4.5593262e+01
   7.4853120e+06   4.3701172e+01
   7.4868710e+06   4.5288086e+01
   7.4894710e+06   4.4494629e+01
   7.4925120e+06   4.8522949e+01
   7.4980290e+06   4.6691895e+01
   7.4997170e+06   4.5654297e+01
   7.5013310e+06   4.5959473e+01
   7.5049540e+06   4.3457031e+01
   7.5097170e+06   4.8339844e+01
   7.5151410e+06   4.5837402e+01
   7.5188830e+06   4.2785645e+01
   7.5213520e+06   4.4921875e+01
   7.5264370e+06   4.2785645e+01
   7.5273770e+06   4.2236328e+01
   7.5301110e+06   4.2785645e+01
   7.5332430e+06   7.7453613e+01
   7.5334100e+06   8.4655762e+01
   7.5335060e+06   4.8950195e+01
   7.5351880e+06   4.2602539e+01
   7.5398820e+06   4.2419434e+01
   7.5438480e+06   4.5166016e+01
   7.5488800e+06   4.7302246e+01
   7.5543510e+06   4.2907715e+01
   7.5576270e+06   4.4128418e+01
   7.5598760e+06   4.6752930e+01
   7.5634320e+06   4.2602539e+01
   7.5696220e+06   5.2856445e+01
   7.5748020e+06   5.2795410e+01
   7.5817600e+06   4.8706055e+01
   7.5832760e+06   5.2307129e+01
   7.5864780e+06   4.2358398e+01
   7.5895950e+06   1.0491943e+02
   7.5896060e+06   4.3579102e+01
   7.5897580e+06   6.1706543e+01
   7.5899780e+06   7.8613281e+01
   7.5912350e+06   4.6020508e+01
   7.5948250e+06   4.7607422e+01
   7.5983130e+06   4.3640137e+01
   7.6018590e+06   4.6508789e+01
   7.6092570e+06   4.4311523e+01
   7.6117660e+06   4.6386719e+01
   7.6132800e+06   4.5104980e+01
   7.6179990e+06   4.3395996e+01
   7.6206910e+06   4.3273926e+01
   7.6249520e+06   4.7607422e+01
   7.6293100e+06   1.1901855e+02
   7.6308800e+06   5.4138184e+01
   7.6333620e+06   5.3344727e+01
   7.6400960e+06   4.3090820e+01
   7.6405520e+06   4.4189453e+01
   7.6436030e+06   1.1474609e+02
   7.6459990e+06   4.2968750e+01
   7.6495350e+06   4.5349121e+01
   7.6564530e+06   4.4738770e+01
   7.6585890e+06   4.6752930e+01
   7.6623650e+06   4.7119141e+01
   7.6632230e+06   4.9194336e+01
   7.6674910e+06   4.6752930e+01
   7.6695030e+06   4.3151855e+01
   7.6713740e+06   4.7241211e+01
   7.6774590e+06   1.0583496e+02
   7.6784420e+06   4.4006348e+01
   7.6794970e+06   4.2297363e+01
   7.6832630e+06   1.1077881e+02
   7.6832750e+06   4.4677734e+01
   7.6934680e+06   5.8410645e+01
   7.6980160e+06   4.5043945e+01
   7.7000250e+06   5.0842285e+01
   7.7152500e+06   4.9926758e+01
   7.7157250e+06   4.4677734e+01
   7.7236720e+06   1.0723877e+02
   7.7237890e+06   7.0800781e+01
   7.7238710e+06   4.7180176e+01
   7.7239650e+06   4.4189453e+01
   7.7242770e+06   6.7321777e+01
   7.7243890e+06   4.2419434e+01
   7.7254530e+06   5.0354004e+01
   7.7303400e+06   4.4067383e+01
   7.7344870e+06   4.4372559e+01
   7.7368330e+06   4.7180176e+01
   7.7506760e+06   4.5593262e+01
   7.7568250e+06   4.5288086e+01
   7.7589950e+06   4.8706055e+01
   7.7625670e+06   4.4799805e+01
   7.7708180e+06   4.2907715e+01
   7.7735450e+06   4.4738770e+01
   7.7812840e+06   4.9804688e+01
   7.7846080e+06   4.6508789e+01
   7.7926620e+06   4.2297363e+01
   7.7993040e+06   4.8645020e+01
   7.8001010e+06   4.3762207e+01
   7.8060850e+06   4.6264648e+01
   7.8098390e+06   4.5471191e+01
   7.8150080e+06   4.3029785e+01
   7.8185140e+06   4.6813965e+01
   7.8250770e+06   4.5043945e+01
   7.8281090e+06   4.9987793e+01
   7.8303600e+06   4.4738770e+01
   7.8332300e+06   9.7961426e+01
   7.8368050e+06   4.5104980e+01
   7.8386830e+06   4.3090820e+01
   7.8427870e+06   4.2175293e+01
   7.8551250e+06   4.9194336e+01
   7.8679040e+06   5.7556152e+01
   7.8697560e+06   4.2175293e+01
   7.8741430e+06   5.5541992e+01
   7.8787070e+06   4.5043945e+01
   7.8805890e+06   5.6579590e+01
   7.8816350e+06   5.1391602e+01
   7.8903930e+06   4.2480469e+01
   7.8924460e+06   4.3701172e+01
   7.8979230e+06   4.3579102e+01
   7.8995670e+06   4.4311523e+01
   7.9032370e+06   4.3518066e+01
   7.9050400e+06   4.5532227e+01
   7.9080570e+06   4.6630859e+01
   7.9103080e+06   4.3945312e+01
   7.9179230e+06   4.9316406e+01
   7.9204040e+06   5.3161621e+01
   7.9234800e+06   4.2907715e+01
   7.9288220e+06   1.1914062e+02
   7.9288320e+06   4.2663574e+01
   7.9288780e+06   5.2551270e+01
   7.9290240e+06   6.9213867e+01
   7.9292570e+06   8.0017090e+01
   7.9308960e+06   4.9926758e+01
   7.9325110e+06   4.8156738e+01
   7.9363650e+06   4.4128418e+01
   7.9397440e+06   4.3334961e+01
   7.9466810e+06   4.3945312e+01
   7.9511910e+06   4.2358398e+01
   7.9566140e+06   4.7302246e+01
   7.9619170e+06   4.5104980e+01
   7.9619630e+06   9.3872070e+01
   7.9619760e+06   4.6936035e+01
   7.9646210e+06   4.4433594e+01
   7.9673510e+06   4.4494629e+01
   7.9704500e+06   4.2724609e+01
   7.9741420e+06   4.7973633e+01
   7.9780260e+06   4.4677734e+01
   7.9816340e+06   9.5886230e+01
   7.9818000e+06   8.4899902e+01
   7.9819550e+06   7.5012207e+01
   7.9820610e+06   4.5043945e+01
   7.9821380e+06   7.3608398e+01
   7.9825720e+06   8.1542969e+01
   7.9857770e+06   4.6752930e+01
   7.9923670e+06   5.1757812e+01
   7.9957680e+06   4.8706055e+01
   7.9987980e+06   5.0109863e+01
   8.0017050e+06   4.8522949e+01
   8.0046920e+06   4.6813965e+01
   8.0096320e+06   4.2541504e+01
   8.0106170e+06   4.5593262e+01
   8.0121450e+06   5.6396484e+01
   8.0159060e+06   4.3151855e+01
   8.0183580e+06   4.2907715e+01
   8.0311130e+06   4.4677734e+01
   8.0326250e+06   4.2846680e+01
   8.0435170e+06   4.5837402e+01
   8.0478850e+06   9.6008301e+01
   8.0483820e+06   4.2480469e+01
   8.0494160e+06   4.3579102e+01
   8.0525340e+06   4.3273926e+01
   8.0546360e+06   4.2602539e+01
   8.0555430e+06   4.3579102e+01
   8.0636540e+06   4.4799805e+01
   8.0720160e+06   4.5288086e+01
   8.0773270e+06   5.5358887e+01
   8.0799990e+06   4.5410156e+01
   8.0886660e+06   4.3945312e+01
   8.1018930e+06   4.6447754e+01
   8.1030330e+06   4.3823242e+01
   8.1082630e+06   4.2480469e+01
   8.1131750e+06   4.3334961e+01
   8.1193090e+06   4.3823242e+01
   8.1197070e+06   1.2194824e+02
   8.1197180e+06   4.5532227e+01
   8.1206380e+06   5.3771973e+01
   8.1235840e+06   4.7180176e+01
   8.1280720e+06   4.7851562e+01
   8.1309560e+06   4.4006348e+01
   8.1344370e+06   4.3395996e+01
   8.1346300e+06   1.0961914e+02
   8.1346400e+06   4.6203613e+01
   8.1368440e+06   4.7180176e+01
   8.1427770e+06   4.4738770e+01
   8.1458270e+06   4.3273926e+01
   8.1460540e+06   9.5947266e+01
   8.1461370e+06   6.6894531e+01
   8.1481250e+06   4.9682617e+01
   8.1522220e+06   4.2541504e+01
   8.1553400e+06   4.4738770e+01
   8.1653680e+06   4.8217773e+01
   8.1708570e+06   4.3151855e+01
   8.1774220e+06   4.4555664e+01
   8.1784520e+06   4.3457031e+01
   8.1859100e+06   5.0659180e+01
   8.1896040e+06   4.5043945e+01
   8.1915480e+06   4.8217773e+01
   8.2060280e+06   7.3974609e+01
   8.2061760e+06   7.2021484e+01
   8.2063010e+06   6.9763184e+01
   8.2065960e+06   7.8125000e+01
   8.2080060e+06   4.5898438e+01
   8.2212640e+06   4.3762207e+01
   8.2247460e+06   4.2541504e+01
   8.2279510e+06   4.5043945e+01
   8.2305470e+06   4.9499512e+01
   8.2390680e+06   4.2358398e+01
   8.2417470e+06   4.6630859e+01
   8.2441510e+06   4.3640137e+01
   8.2476500e+06   4.4067383e+01
   8.2536130e+06   4.4250488e+01
   8.2615290e+06   4.6325684e+01
   8.2669040e+06   4.5776367e+01
   8.2718890e+06   5.5908203e+01
   8.2734730e+06   4.2480469e+01
   8.2768200e+06   4.5715332e+01
   8.2780860e+06   4.9011230e+01
   8.2852980e+06   4.3029785e+01
   8.2867030e+06   4.3640137e+01
   8.2982500e+06   5.0842285e+01
   8.3031080e+06   5.0231934e+01
   8.3059550e+06   4.4067383e+01
   8.3111310e+06   5.0598145e+01
   8.3165950e+06   4.3029785e+01
   8.3231930e+06   4.6020508e+01
   8.3257450e+06   4.3884277e+01
   8.3282170e+06   4.5471191e+01
   8.3309350e+06   4.2663574e+01
   8.3341490e+06   4.4250488e+01
   8.3368060e+06   4.3579102e+01
   8.3383200e+06   4.5349121e+01
   8.3401770e+06   5.5541992e+01
   8.3476070e+06   4.3518066e+01
   8.3531220e+06   4.5898438e+01
   8.3621770e+06   4.2175293e+01
   8.3709180e+06   4.3945312e+01
   8.3784660e+06   4.5654297e+01
   8.3840540e+06   4.3884277e+01
   8.3865560e+06   4.3029785e+01
   8.3872070e+06   1.0565186e+02
   8.3872180e+06   4.5776367e+01
   8.3872940e+06   6.1340332e+01
   8.3873680e+06   4.5532227e+01
   8.3926410e+06   4.5898438e+01
   8.3969950e+06   4.8278809e+01
   8.3992450e+06   4.3579102e+01
   8.4057490e+06   4.2846680e+01
   8.4080570e+06   4.5959473e+01
   8.4140830e+06   4.3212891e+01
   8.4148510e+06   4.3029785e+01
   8.4285170e+06   4.2297363e+01
   8.4329490e+06   4.7241211e+01
   8.4361960e+06   4.7973633e+01
   8.4367620e+06   4.3884277e+01
   8.4397940e+06   4.4189453e+01
   8.4410750e+06   1.1315918e+02
   8.4412790e+06   8.3251953e+01
   8.4413430e+06   4.3518066e+01
   8.4415640e+06   7.7453613e+01
   8.4417210e+06   4.9743652e+01
   8.4417510e+06   6.1157227e+01
   8.4468050e+06   4.2297363e+01
   8.4544490e+06   4.9621582e+01
   8.4593930e+06   4.6020508e+01
   8.4654240e+06   4.3640137e+01
   8.4666710e+06   9.5031738e+01
   8.4666810e+06   4.4433594e+01
   8.4667610e+06   5.1025391e+01
   8.4672380e+06   8.9477539e+01
   8.4692020e+06   5.3710938e+01
   8.4734240e+06   5.0903320e+01
   8.4787910e+06   4.3273926e+01
   8.4902060e+06   4.2907715e+01
   8.4933970e+06   4.7241211e+01
   8.4964180e+06   4.7424316e+01
   8.4968540e+06   4.3823242e+01
   8.4969030e+06   4.5166016e+01
   8.4994920e+06   4.2297363e+01
   8.5036900e+06   4.3640137e+01
   8.5067690e+06   4.9682617e+01
   8.5109900e+06   4.4006348e+01
   8.5128190e+06   4.9011230e+01
   8.5217370e+06   4.5715332e+01
   8.5297320e+06   4.4738770e+01
   8.5349750e+06   5.0598145e+01
   8.5440730e+06   4.2602539e+01
   8.5448690e+06   4.6386719e+01
   8.5470620e+06   4.2297363e+01
   8.5501750e+06   4.3334961e+01
   8.5541590e+06   4.3579102e+01
   8.5576390e+06   4.9560547e+01
   8.5598520e+06   4.5776367e+01
   8.5621180e+06   4.3579102e+01
   8.5665920e+06   4.6630859e+01
   8.5692680e+06   9.7900391e+01
   8.5692780e+06   4.3334961e+01
   8.5694230e+06   7.3791504e+01
   8.5731260e+06   4.4128418e+01
   8.5806170e+06   4.9194336e+01
   8.5832230e+06   1.0284424e+02
   8.5834230e+06   7.6782227e+01
   8.5835670e+06   6.3781738e+01
   8.5837460e+06   5.9875488e+01
   8.5961470e+06   5.5541992e+01
   8.5987830e+06   4.8828125e+01
   8.6049700e+06   4.3395996e+01
   8.6066940e+06   4.2236328e+01
   8.6113040e+06   4.5410156e+01
   8.6143840e+06   4.8889160e+01
   8.6180100e+06   4.4738770e+01
   8.6198460e+06   5.6701660e+01
   8.6289690e+06   4.5227051e+01
   8.6318780e+06   4.2541504e+01
   8.6374690e+06   4.3090820e+01
   8.6463700e+06   4.2663574e+01
   8.6499590e+06   4.5043945e+01
   8.6515140e+06   4.2175293e+01
   8.6541480e+06   4.4494629e+01
   8.6578770e+06   4.2541504e+01
   8.6633450e+06   4.3945312e+01
   8.6685960e+06   5.7495117e+01
   8.6718190e+06   4.3945312e+01
   8.6750260e+06   4.6508789e+01
   8.6798240e+06   4.6691895e+01
   8.6849850e+06   4.3151855e+01
   8.6867000e+06   4.6997070e+01
   8.6917910e+06   5.1147461e+01
   8.6950030e+06   8.0688477e+01
   8.6950760e+06   5.6518555e+01
   8.6953260e+06   7.5622559e+01
   8.6955260e+06   5.4504395e+01
   8.7018250e+06   4.6142578e+01
   8.7113630e+06   4.3945312e+01
   8.7156560e+06   4.4616699e+01
   8.7167370e+06   4.3518066e+01
   8.7176230e+06   4.4494629e+01
   8.7284160e+06   4.8034668e+01
   8.7307220e+06   4.7729492e+01
   8.7328520e+06   4.7485352e+01
   8.7358300e+06   4.3334961e+01
   8.7390920e+06   4.3395996e+01
   8.7394640e+06   4.3640137e+01
   8.7514870e+06   4.2541504e+01
   8.7536030e+06   4.7973633e+01
   8.7538920e+06   1.1273193e+02
   8.7540890e+06   9.1430664e+01
   8.7541950e+06   4.6142578e+01
   8.7607000e+06   4.5532227e+01
   8.7611720e+06   4.6386719e+01
   8.7664800e+06   4.7363281e+01
   8.7700430e+06   4.3579102e+01
   8.7765300e+06   4.5410156e+01
   8.7813170e+06   4.8767090e+01
   8.7821930e+06   4.6997070e+01
   8.7853760e+06   4.4128418e+01
   8.7876790e+06   1.2139893e+02
   8.7878370e+06   9.2956543e+01
   8.7881140e+06   5.9204102e+01
   8.7882580e+06   5.9997559e+01
   8.8051300e+06   4.2236328e+01
   8.8092620e+06   4.2968750e+01
   8.8205210e+06   4.7424316e+01
   8.8233610e+06   9.6435547e+01
   8.8233760e+06   5.8166504e+01
   8.8254010e+06   4.6264648e+01
   8.8281420e+06   4.7119141e+01
   8.8308890e+06   1.0852051e+02
   8.8350440e+06   4.3762207e+01
   8.8412060e+06   5.2612305e+01
   8.8433530e+06   4.3579102e+01
   8.8544460e+06   9.5336914e+01
   8.8545500e+06   6.8481445e+01
   8.8546540e+06   5.4077148e+01
   8.8548770e+06   7.0190430e+01
   8.8550810e+06   6.4025879e+01
   8.8567600e+06   4.3273926e+01
   8.8647660e+06   4.8583984e+01
   8.8707790e+06   4.6081543e+01
   8.8743790e+06   4.9865723e+01
   8.8773430e+06   5.0170898e+01
   8.8822640e+06   4.6386719e+01
   8.8856390e+06   4.6630859e+01
   8.8945900e+06   4.3395996e+01
   8.9023460e+06   4.2175293e+01
   8.9083770e+06   4.3823242e+01
   8.9116910e+06   4.6386719e+01
   8.9156580e+06   4.9682617e+01
   8.9214600e+06   5.3710938e+01
   8.9247030e+06   4.8583984e+01
   8.9418570e+06   4.8278809e+01
   8.9440540e+06   4.6997070e+01
   8.9461220e+06   4.4189453e+01
   8.9563990e+06   4.2358398e+01
   8.9594930e+06   4.6203613e+01
   8.9608230e+06   4.6386719e+01
   8.9662630e+06   5.0842285e+01
   8.9673690e+06   4.7119141e+01
   8.9723210e+06   4.2785645e+01
   8.9749160e+06   4.3701172e+01
   8.9774890e+06   4.9804688e+01
   8.9861590e+06   4.5227051e+01
   8.9986690e+06   4.7363281e+01
