   8.9990000e+06   0.0000000e+00
   3.3330000e+03   4.3151855e+01
   1.4070000e+04   5.1330566e+01
   2.2341000e+04   4.3090820e+01
   4.6967000e+04   4.2724609e+01
   4.8953000e+04   5.2246094e+01
   6.4635000e+04   4.9194336e+01
   8.2448000e+04   4.2541504e+01
   1.0499100e+05   5.0292969e+01
   1.1208200e+05   6.6162109e+01
   1.1781400e+05   4.6447754e+01
   1.2459200e+05   5.7861328e+01
   1.2680000e+05   4.3334961e+01
   1.3334100e+05   4.2663574e+01
   1.3782900e+05   4.2297363e+01
   1.6064800e+05   5.0598145e+01
   1.6332300e+05   4.7912598e+01
   1.7534000e+05   4.4189453e+01
   1.7609100e+05   5.2856445e+01
   1.8310500e+05   4.3457031e+01
   1.8756100e+05   4.8339844e+01
   2.0166700e+05   4.6325684e+01
   2.0624400e+05   4.4860840e+01
   2.3815200e+05   4.3090820e+01
   2.6216400e+05   4.4799805e+01
   2.8039600e+05   5.5541992e+01
   2.9404600e+05   4.3884277e+01
   2.9745000e+05   4.4677734e+01
   2.9806600e+05   4.4250488e+01
   3.2790400e+05   4.9987793e+01
   3.4047900e+05   4.2175293e+01
   3.4552100e+05   4.3334961e+01
   3.5248200e+05   4.6020508e+01
   3.7154800e+05   5.0781250e+01
   3.7452700e+05   5.0170898e+01
   3.7501000e+05   4.4250488e+01
   3.8287100e+05   4.4067383e+01
   3.9605200e+05   4.2297363e+01
   3.9819900e+05   4.1931152e+01
   4.0024800e+05   4.8706055e+01
   4.3542900e+05   4.5349121e+01
   4.5805900e+05   4.2297363e+01
   4.6867300e+05   4.2846680e+01
   4.7368600e+05   4.2114258e+01
   4.7833700e+05   4.2175293e+01
   4.8522500e+05   4.7485352e+01
   4.9944800e+05   4.4311523e+01
   5.0601400e+05   4.3090820e+01
   5.1620800e+05   4.6325684e+01
   5.2224400e+05   4.5654297e+01
   5.2829700e+05   4.3701172e+01
   5.2944600e+05   4.7241211e+01
   5.3467900e+05   4.2663574e+01
   5.4529800e+05   4.4189453e+01
   5.6573900e+05   4.7851562e+01
   5.6587400e+05   4.6691895e+01
   5.8354000e+05   4.4189453e+01
   6.0659200e+05   4.6203613e+01
   6.2009200e+05   4.2480469e+01
   6.2433100e+05   4.3823242e+01
   6.3871400e+05   4.3762207e+01
   6.4133400e+05   4.2602539e+01
   6.4907300e+05   4.5593262e+01
   6.5099300e+05   5.5725098e+01
   6.5500400e+05   4.2297363e+01
   6.6387400e+05   5.8166504e+01
   6.6424100e+05   4.4494629e+01
   6.6471000e+05   4.6325684e+01
   6.7458600e+05   4.3945312e+01
   6.8308300e+05   4.4799805e+01
   6.9615900e+05   4.2724609e+01
   7.0296000e+05   4.4860840e+01
   7.1477600e+05   5.4809570e+01
   7.2606700e+05   4.5532227e+01
   7.3408400e+05   4.2541504e+01
   7.3550400e+05   4.3029785e+01
   7.5511800e+05   5.1818848e+01
   7.6447100e+05   4.5227051e+01
   7.7501000e+05   4.3029785e+01
   8.0377400e+05   4.2907715e+01
   8.0655300e+05   5.2795410e+01
   8.1209900e+05   4.4311523e+01
   8.2298800e+05   4.3029785e+01
   8.2687500e+05   4.3395996e+01
   8.3133500e+05   4.3029785e+01
   8.3413800e+05   4.7668457e+01
   8.6597400e+05   4.3945312e+01
   8.7240700e+05   4.6142578e+01
   8.8849700e+05   4.3884277e+01
   8.8900600e+05   4.4494629e+01
   9.1037500e+05   4.6997070e+01
   9.2364500e+05   4.3212891e+01
   9.3960000e+05   4.4311523e+01
   9.4457100e+05   5.7678223e+01
   9.4478400e+05   4.3579102e+01
   9.5201500e+05   4.3823242e+01
   9.5245000e+05   4.3762207e+01
   9.5302200e+05   4.3640137e+01
   9.5753500e+05   4.4372559e+01
   9.6971100e+05   4.4067383e+01
   9.9999300e+05   4.6325684e+01
   1.0058690e+06   4.2602539e+01
   1.0129210e+06   4.3579102e+01
   1.0238560e+06   4.2785645e+01
   1.0348500e+06   4.9804688e+01
   1.0350930e+06   4.4128418e+01
   1.0387900e+06   4.5166016e+01
   1.0401070e+06   4.5532227e+01
   1.0475820e+06   4.4067383e+01
   1.0511410e+06   4.4799805e+01
   1.0586400e+06   5.2124023e+01
   1.0594200e+06   4.2236328e+01
   1.0615090e+06   4.7546387e+01
   1.0669050e+06   4.4982910e+01
   1.1079600e+06   4.2053223e+01
   1.1402240e+06   4.3212891e+01
   1.1738680e+06   4.9926758e+01
   1.1768830e+06   4.9316406e+01
   1.1774200e+06   4.5166016e+01
   1.1825150e+06   4.9072266e+01
   1.1944330e+06   4.2358398e+01
   1.2451150e+06   4.6508789e+01
   1.2560670e+06   4.3151855e+01
   1.2844520e+06   4.2175293e+01
   1.2930010e+06   6.0302734e+01
   1.2992740e+06   4.2663574e+01
   1.3020020e+06   4.4921875e+01
   1.3038590e+06   4.3701172e+01
   1.3226620e+06   4.6936035e+01
   1.3433980e+06   4.2114258e+01
   1.3614610e+06   4.4433594e+01
   1.3703780e+06   4.3823242e+01
   1.3734540e+06   4.3640137e+01
   1.3767490e+06   4.6203613e+01
   1.3886010e+06   4.2602539e+01
   1.3928240e+06   5.0048828e+01
   1.4064280e+06   4.4921875e+01
   1.4318630e+06   4.2419434e+01
   1.4622270e+06   5.7312012e+01
   1.4697830e+06   4.1992188e+01
   1.4707640e+06   4.7241211e+01
   1.4994200e+06   4.3090820e+01
   1.5119030e+06   4.2480469e+01
   1.5242580e+06   4.3273926e+01
   1.5387900e+06   4.4555664e+01
   1.5445440e+06   4.6875000e+01
   1.5516710e+06   4.9682617e+01
   1.5523360e+06   4.6630859e+01
   1.5525570e+06   4.4860840e+01
   1.5530250e+06   4.1992188e+01
   1.5551280e+06   4.9499512e+01
   1.5610470e+06   4.7790527e+01
   1.5800300e+06   4.7546387e+01
   1.5838740e+06   4.2236328e+01
   1.5883410e+06   4.5288086e+01
   1.5918450e+06   4.2907715e+01
   1.5983710e+06   4.2480469e+01
   1.6049840e+06   4.2175293e+01
   1.6199910e+06   4.3090820e+01
   1.6221520e+06   4.1931152e+01
   1.6278410e+06   4.6569824e+01
   1.6335390e+06   4.5104980e+01
   1.6374660e+06   5.0109863e+01
   1.6459640e+06   5.7861328e+01
   1.6469720e+06   4.6997070e+01
   1.6495770e+06   4.5471191e+01
   1.6560010e+06   4.7485352e+01
   1.6684170e+06   4.2053223e+01
   1.6717620e+06   4.3457031e+01
   1.6796180e+06   6.2255859e+01
   1.6801110e+06   4.5898438e+01
   1.6842540e+06   4.2175293e+01
   1.6858450e+06   4.7241211e+01
   1.7144930e+06   4.7729492e+01
   1.7164730e+06   4.2846680e+01
   1.7253470e+06   4.2602539e+01
   1.7285650e+06   4.1931152e+01
   1.7358340e+06   4.3762207e+01
   1.7377220e+06   4.4921875e+01
   1.7412900e+06   4.5776367e+01
   1.7484960e+06   5.8410645e+01
   1.7501370e+06   4.2480469e+01
   1.7505020e+06   4.2541504e+01
   1.7645010e+06   4.3151855e+01
   1.7679530e+06   4.3579102e+01
   1.7786400e+06   4.4189453e+01
   1.7796840e+06   4.9438477e+01
   1.7899590e+06   4.6203613e+01
   1.8118400e+06   4.2785645e+01
   1.8120780e+06   4.6264648e+01
   1.8125380e+06   4.2053223e+01
   1.8410870e+06   4.6752930e+01
   1.8547220e+06   4.3029785e+01
   1.8701870e+06   4.4128418e+01
   1.8734620e+06   4.4677734e+01
   1.8862630e+06   4.9011230e+01
   1.8865930e+06   4.4494629e+01
   1.8898100e+06   4.6325684e+01
   1.9126120e+06   5.2062988e+01
   1.9145300e+06   4.4067383e+01
   1.9283040e+06   4.6630859e+01
   1.9295970e+06   4.2846680e+01
   1.9544200e+06   4.3395996e+01
   1.9611320e+06   4.2541504e+01
   1.9854360e+06   4.5104980e+01
   1.9871430e+06   5.2062988e+01
   1.9972200e+06   5.3527832e+01
   2.0088740e+06   4.4860840e+01
   2.0107220e+06   4.1992188e+01
   2.0167520e+06   4.3029785e+01
   2.0278800e+06   4.4494629e+01
   2.0520750e+06   4.3395996e+01
   2.0591080e+06   4.2846680e+01
   2.0666870e+06   4.5654297e+01
   2.0689010e+06   4.4555664e+01
   2.0938210e+06   4.2907715e+01
   2.1154300e+06   5.6335449e+01
   2.1157160e+06   4.4677734e+01
   2.1168980e+06   5.6274414e+01
   2.1171720e+06   4.2175293e+01
   2.1207910e+06   4.7424316e+01
   2.1389910e+06   4.2175293e+01
   2.1402280e+06   5.1330566e+01
   2.1793710e+06   4.3640137e+01
   2.1871060e+06   6.7016602e+01
   2.1877470e+06   4.6813965e+01
   2.2355600e+06   4.6447754e+01
   2.2830430e+06   4.3090820e+01
   2.2895750e+06   4.3212891e+01
   2.3179790e+06   4.2419434e+01
   2.3188090e+06   4.5410156e+01
   2.3277180e+06   4.6386719e+01
   2.3295830e+06   4.5532227e+01
   2.3347730e+06   4.2358398e+01
   2.3422220e+06   4.4555664e+01
   2.3450300e+06   4.3151855e+01
   2.3487780e+06   4.7729492e+01
   2.3494910e+06   4.2724609e+01
   2.3588690e+06   4.3151855e+01
   2.3736530e+06   5.7006836e+01
   2.3738790e+06   5.3100586e+01
   2.3816870e+06   5.0598145e+01
   2.4035540e+06   4.7729492e+01
   2.4303110e+06   4.3090820e+01
   2.4331330e+06   4.2358398e+01
   2.4401310e+06   4.2785645e+01
   2.4478020e+06   4.2663574e+01
   2.4499700e+06   4.2175293e+01
   2.4556500e+06   4.8156738e+01
   2.4561160e+06   5.1879883e+01
   2.4614480e+06   4.4250488e+01
   2.4625670e+06   4.4006348e+01
   2.4695210e+06   4.2053223e+01
   2.4914470e+06   4.2846680e+01
   2.5005170e+06   4.3762207e+01
   2.5221480e+06   5.1086426e+01
   2.5268220e+06   4.4677734e+01
   2.5301010e+06   6.2927246e+01
   2.5395680e+06   5.1574707e+01
   2.5579070e+06   4.5166016e+01
   2.5610790e+06   4.5349121e+01
   2.5613090e+06   4.9560547e+01
   2.5616930e+06   4.6325684e+01
   2.5667750e+06   4.3579102e+01
   2.5788490e+06   4.3273926e+01
   2.5801650e+06   4.2053223e+01
   2.5967440e+06   4.5043945e+01
   2.6083760e+06   4.9987793e+01
   2.6179900e+06   4.5043945e+01
   2.6206220e+06   4.5532227e+01
   2.6320710e+06   4.5227051e+01
   2.6359030e+06   4.9072266e+01
   2.6433350e+06   4.9926758e+01
   2.6508920e+06   4.3334961e+01
   2.6549350e+06   4.6813965e+01
   2.6579010e+06   4.4372559e+01
   2.6660910e+06   4.1931152e+01
   2.6674460e+06   4.2297363e+01
   2.6832620e+06   5.3161621e+01
   2.6849660e+06   4.8034668e+01
   2.6908880e+06   4.7668457e+01
   2.7075700e+06   4.5898438e+01
   2.7099450e+06   4.6203613e+01
   2.7105490e+06   4.3273926e+01
   2.7428350e+06   4.4250488e+01
   2.7503360e+06   4.5349121e+01
   2.7529230e+06   4.3395996e+01
   2.7561390e+06   4.8522949e+01
   2.7835220e+06   4.5288086e+01
   2.8066860e+06   4.3701172e+01
   2.8119910e+06   5.2246094e+01
   2.8182900e+06   4.1931152e+01
   2.8300650e+06   5.0964355e+01
   2.8326470e+06   4.3212891e+01
   2.8387700e+06   4.3518066e+01
   2.8416410e+06   4.8645020e+01
   2.8478310e+06   4.9743652e+01
   2.8654830e+06   4.1931152e+01
   2.8735490e+06   4.3212891e+01
   2.8738260e+06   4.4372559e+01
   2.8835610e+06   4.1931152e+01
   2.8874450e+06   4.3334961e+01
   2.9026610e+06   5.3771973e+01
   2.9027840e+06   4.5227051e+01
   2.9156020e+06   4.5776367e+01
   2.9221590e+06   4.8278809e+01
   2.9538500e+06   4.2724609e+01
   2.9552060e+06   4.1931152e+01
   2.9844730e+06   4.6752930e+01
   2.9926480e+06   4.2663574e+01
   2.9971430e+06   5.9753418e+01
   2.9988630e+06   4.3884277e+01
   3.0085150e+06   5.2062988e+01
   3.0185520e+06   4.3518066e+01
   3.0209190e+06   4.3090820e+01
   3.0385760e+06   4.2053223e+01
   3.0647380e+06   4.4189453e+01
   3.0771790e+06   4.2602539e+01
   3.1013180e+06   4.2724609e+01
   3.1151430e+06   4.3945312e+01
   3.1236530e+06   5.0231934e+01
   3.1345540e+06   4.4311523e+01
   3.1585230e+06   4.2175293e+01
   3.1806380e+06   4.1992188e+01
   3.2016190e+06   4.5288086e+01
   3.2067000e+06   5.4626465e+01
   3.2089640e+06   4.7851562e+01
   3.2348340e+06   4.2541504e+01
   3.2546910e+06   4.3212891e+01
   3.2563540e+06   4.4677734e+01
   3.2571550e+06   4.4921875e+01
   3.2578750e+06   4.1931152e+01
   3.2583740e+06   4.5288086e+01
   3.2725060e+06   4.4494629e+01
   3.2892290e+06   4.7363281e+01
   3.2896000e+06   4.4067383e+01
   3.2925780e+06   5.1086426e+01
   3.2939350e+06   4.5959473e+01
   3.3235470e+06   5.4321289e+01
   3.3466480e+06   4.3029785e+01
   3.3502640e+06   4.4860840e+01
   3.3594240e+06   5.4748535e+01
   3.3729830e+06   4.5410156e+01
   3.3798500e+06   4.5166016e+01
   3.3934990e+06   5.2490234e+01
   3.4030060e+06   5.1208496e+01
   3.4055020e+06   4.7058105e+01
   3.4082710e+06   5.4687500e+01
   3.4123250e+06   4.5898438e+01
   3.4224710e+06   4.4128418e+01
   3.4291590e+06   5.1330566e+01
   3.4481830e+06   5.1025391e+01
   3.4540520e+06   4.5776367e+01
   3.4643650e+06   5.1269531e+01
   3.4741570e+06   4.3884277e+01
   3.4962260e+06   4.5654297e+01
   3.5049870e+06   4.3457031e+01
   3.5055190e+06   5.0659180e+01
   3.5270550e+06   5.1330566e+01
   3.5334890e+06   4.4006348e+01
   3.5432870e+06   6.2683105e+01
   3.5439390e+06   5.4931641e+01
   3.5534350e+06   4.5043945e+01
   3.5575520e+06   5.5969238e+01
   3.5598370e+06   5.1879883e+01
   3.5608000e+06   4.2053223e+01
   3.5783960e+06   5.5664062e+01
   3.5808270e+06   4.8339844e+01
   3.5913110e+06   4.5349121e+01
   3.5938270e+06   4.8767090e+01
   3.6187910e+06   4.2053223e+01
   3.6219620e+06   4.4738770e+01
   3.6275830e+06   4.2358398e+01
   3.6296100e+06   4.2663574e+01
   3.6496200e+06   5.5725098e+01
   3.6500090e+06   4.1992188e+01
   3.6501890e+06   4.3334961e+01
   3.6728100e+06   4.5532227e+01
   3.6735370e+06   4.3701172e+01
   3.6738590e+06   4.9865723e+01
   3.6740230e+06   4.2053223e+01
   3.6804350e+06   5.1025391e+01
   3.6838900e+06   4.7729492e+01
   3.6934390e+06   4.6081543e+01
   3.6956560e+06   4.7180176e+01
   3.7129800e+06   5.6213379e+01
   3.7144930e+06   4.4311523e+01
   3.7231950e+06   4.5166016e+01
   3.7631700e+06   4.9987793e+01
   3.7683840e+06   4.2419434e+01
   3.7774490e+06   4.4616699e+01
   3.7806150e+06   5.6030273e+01
   3.7867420e+06   4.3823242e+01
   3.7891550e+06   4.7912598e+01
   3.7977730e+06   4.2663574e+01
   3.7981840e+06   4.7546387e+01
   3.8053310e+06   4.5410156e+01
   3.8121690e+06   4.3701172e+01
   3.8156780e+06   4.2175293e+01
   3.8301840e+06   5.0720215e+01
   3.8331760e+06   4.3090820e+01
   3.8541950e+06   4.3762207e+01
   3.8557750e+06   4.4189453e+01
   3.8693230e+06   4.2968750e+01
   3.8748470e+06   4.3090820e+01
   3.8774010e+06   4.3395996e+01
   3.8789380e+06   4.2602539e+01
   3.9129240e+06   5.3955078e+01
   3.9147100e+06   4.2114258e+01
   3.9490020e+06   5.1574707e+01
   3.9528630e+06   4.2663574e+01
   3.9700300e+06   4.4860840e+01
   3.9782000e+06   4.6447754e+01
   3.9788580e+06   4.3457031e+01
   3.9790030e+06   4.4433594e+01
   3.9953560e+06   4.4494629e+01
   3.9984480e+06   4.6691895e+01
   4.0057460e+06   4.5227051e+01
   4.0128720e+06   4.3823242e+01
   4.0171720e+06   4.5898438e+01
   4.0216160e+06   4.4738770e+01
   4.0344870e+06   4.1931152e+01
   4.0388120e+06   4.6997070e+01
   4.0935140e+06   4.8095703e+01
   4.1062940e+06   4.6508789e+01
   4.1179990e+06   4.7790527e+01
   4.1267510e+06   4.6691895e+01
   4.1278740e+06   4.6264648e+01
   4.1560110e+06   4.7851562e+01
   4.1636540e+06   4.5349121e+01
   4.1750780e+06   4.2785645e+01
   4.1908920e+06   4.7058105e+01
   4.1913260e+06   5.6762695e+01
   4.1919610e+06   4.6447754e+01
   4.2099430e+06   4.8217773e+01
   4.2110290e+06   4.9499512e+01
   4.2112700e+06   4.3884277e+01
   4.2353690e+06   4.2358398e+01
   4.2372510e+06   4.7485352e+01
   4.2482930e+06   4.4616699e+01
   4.2538850e+06   4.6630859e+01
   4.2709390e+06   4.6875000e+01
   4.2745170e+06   4.2236328e+01
   4.2935950e+06   4.4799805e+01
   4.3106130e+06   4.4067383e+01
   4.3386960e+06   5.0231934e+01
   4.3464050e+06   4.3762207e+01
   4.3552210e+06   4.3701172e+01
   4.3598480e+06   4.2724609e+01
   4.3653160e+06   4.2785645e+01
   4.3666590e+06   4.9133301e+01
   4.3695030e+06   4.3884277e+01
   4.3762520e+06   4.2602539e+01
   4.4086100e+06   4.4494629e+01
   4.4089840e+06   4.4921875e+01
   4.4414050e+06   4.2358398e+01
   4.4577850e+06   5.9936523e+01
   4.4734680e+06   4.2114258e+01
   4.4794870e+06   4.4433594e+01
   4.4824390e+06   4.4982910e+01
   4.4915580e+06   5.0354004e+01
   4.4997790e+06   4.8583984e+01
   4.5042460e+06   4.2480469e+01
   4.5144580e+06   4.1992188e+01
   4.5171810e+06   4.3640137e+01
   4.5254040e+06   4.4067383e+01
   4.5255730e+06   5.7006836e+01
   4.5257540e+06   4.2175293e+01
   4.5401340e+06   6.1096191e+01
   4.5422500e+06   4.6630859e+01
   4.5666960e+06   4.2846680e+01
   4.5728460e+06   4.6508789e+01
   4.5834830e+06   4.9133301e+01
   4.5891280e+06   4.2663574e+01
   4.5934240e+06   4.5043945e+01
   4.5949210e+06   4.6813965e+01
   4.6160630e+06   4.2114258e+01
   4.6220660e+06   4.3212891e+01
   4.6654290e+06   4.2297363e+01
   4.6754690e+06   4.1992188e+01
   4.6772450e+06   4.3457031e+01
   4.6841940e+06   4.3640137e+01
   4.6916880e+06   4.4006348e+01
   4.6956630e+06   4.3579102e+01
   4.7023000e+06   4.3029785e+01
   4.7125420e+06   4.3884277e+01
   4.7234570e+06   4.2968750e+01
   4.7255200e+06   4.3579102e+01
   4.7402010e+06   4.9560547e+01
   4.7627330e+06   4.8217773e+01
   4.7663900e+06   4.2846680e+01
   4.7730060e+06   4.3090820e+01
   4.7901870e+06   4.3334961e+01
   4.7979500e+06   4.4372559e+01
   4.8220960e+06   4.3884277e+01
   4.8352950e+06   4.3701172e+01
   4.8483590e+06   4.4128418e+01
   4.8487060e+06   4.3884277e+01
   4.8628970e+06   4.3884277e+01
   4.8650820e+06   4.4982910e+01
   4.8674820e+06   4.3640137e+01
   4.8848500e+06   4.4860840e+01
   4.8958220e+06   4.3334961e+01
   4.9092870e+06   4.6020508e+01
   4.9212810e+06   4.4311523e+01
   4.9254940e+06   4.2663574e+01
   4.9487510e+06   4.7485352e+01
   4.9528220e+06   4.6630859e+01
   4.9912970e+06   4.5288086e+01
   5.0212180e+06   4.7241211e+01
   5.0329190e+06   4.3579102e+01
   5.0353250e+06   4.9377441e+01
   5.0430650e+06   4.2602539e+01
   5.0611330e+06   4.4494629e+01
   5.0701560e+06   4.5227051e+01
   5.0810200e+06   4.5227051e+01
   5.0863780e+06   4.1992188e+01
   5.0886060e+06   4.2297363e+01
   5.1160810e+06   4.2236328e+01
   5.1368920e+06   4.5104980e+01
   5.1396190e+06   4.6813965e+01
   5.1409100e+06   4.3029785e+01
   5.1514400e+06   4.7241211e+01
   5.1574520e+06   5.2062988e+01
   5.1653740e+06   4.1992188e+01
   5.1698940e+06   6.4331055e+01
   5.1706870e+06   4.4738770e+01
   5.1729850e+06   4.4250488e+01
   5.1827450e+06   4.4860840e+01
   5.1951600e+06   4.7546387e+01
   5.1952740e+06   5.2673340e+01
   5.1955830e+06   4.6203613e+01
   5.1975350e+06   4.2602539e+01
   5.2126290e+06   4.5471191e+01
   5.2138600e+06   4.5715332e+01
   5.2171010e+06   4.8706055e+01
   5.2497580e+06   4.5959473e+01
   5.2577400e+06   4.6936035e+01
   5.2718510e+06   4.2602539e+01
   5.2769330e+06   4.7241211e+01
   5.2808800e+06   4.2724609e+01
   5.2850730e+06   4.1931152e+01
   5.2889110e+06   4.5959473e+01
   5.2955750e+06   4.3212891e+01
   5.3082790e+06   4.3945312e+01
   5.3095360e+06   4.3273926e+01
   5.3155280e+06   5.3100586e+01
   5.3237190e+06   4.3029785e+01
   5.3462070e+06   4.3273926e+01
   5.3725840e+06   4.6142578e+01
   5.3922500e+06   4.7729492e+01
   5.3938320e+06   5.3710938e+01
   5.4046350e+06   4.2419434e+01
   5.4330950e+06   4.2358398e+01
   5.4444880e+06   4.3212891e+01
   5.4513660e+06   5.2307129e+01
   5.4565920e+06   4.3701172e+01
   5.4999830e+06   6.1645508e+01
   5.5022230e+06   4.3029785e+01
   5.5167280e+06   5.1940918e+01
   5.5299780e+06   4.8889160e+01
   5.5508780e+06   4.1931152e+01
   5.5692620e+06   4.3334961e+01
   5.5741320e+06   4.3151855e+01
   5.5744940e+06   4.1931152e+01
   5.5750700e+06   6.0302734e+01
   5.5804280e+06   4.7363281e+01
   5.5845450e+06   5.1208496e+01
   5.5889990e+06   4.3884277e+01
   5.5908140e+06   4.9255371e+01
   5.6160950e+06   4.3273926e+01
   5.6188830e+06   4.5227051e+01
   5.6198490e+06   4.5532227e+01
   5.6251060e+06   4.6752930e+01
   5.6502120e+06   4.8767090e+01
   5.6552060e+06   4.9743652e+01
   5.7091400e+06   4.9255371e+01
   5.7172340e+06   4.4860840e+01
   5.7200280e+06   4.7607422e+01
   5.7289610e+06   4.5715332e+01
   5.7362900e+06   4.8156738e+01
   5.7366680e+06   4.3701172e+01
   5.7544430e+06   4.2175293e+01
   5.7550800e+06   4.3029785e+01
   5.7600800e+06   5.1269531e+01
   5.7614070e+06   4.6813965e+01
   5.7614840e+06   4.5715332e+01
   5.7615300e+06   4.9194336e+01
   5.7754150e+06   5.1940918e+01
   5.7879900e+06   4.5410156e+01
   5.7955580e+06   4.3212891e+01
   5.8059620e+06   4.2724609e+01
   5.8218450e+06   5.4687500e+01
   5.8236470e+06   4.9316406e+01
   5.8357930e+06   4.4006348e+01
   5.8380220e+06   4.4250488e+01
   5.8394560e+06   4.6691895e+01
   5.8397830e+06   4.2480469e+01
   5.8578280e+06   4.6630859e+01
   5.8619060e+06   4.9316406e+01
   5.8754880e+06   4.5593262e+01
   5.8851260e+06   4.4433594e+01
   5.8955030e+06   6.0119629e+01
   5.8974790e+06   4.3457031e+01
   5.9033490e+06   4.6630859e+01
   5.9114810e+06   4.3029785e+01
   5.9130510e+06   4.2602539e+01
   5.9133480e+06   4.5959473e+01
   5.9137950e+06   4.3579102e+01
   5.9272300e+06   4.7668457e+01
   5.9758200e+06   4.2419434e+01
   5.9805500e+06   4.6752930e+01
   6.0084690e+06   4.2114258e+01
   6.0106150e+06   4.8400879e+01
   6.0110720e+06   4.2968750e+01
   6.0222510e+06   4.6875000e+01
   6.0380070e+06   4.3640137e+01
   6.0475730e+06   4.7912598e+01
   6.0513490e+06   4.3029785e+01
   6.0645140e+06   4.5288086e+01
   6.0657100e+06   4.3029785e+01
   6.0886380e+06   4.7241211e+01
   6.0986030e+06   4.9133301e+01
   6.0987390e+06   4.9560547e+01
   6.0991190e+06   5.1879883e+01
   6.0995770e+06   4.5104980e+01
   6.0998740e+06   4.2724609e+01
   6.1140130e+06   4.7058105e+01
   6.1193310e+06   4.2602539e+01
   6.1196930e+06   4.3151855e+01
   6.1418340e+06   4.2907715e+01
   6.1432760e+06   4.3823242e+01
   6.1529920e+06   5.1208496e+01
   6.1609240e+06   6.5002441e+01
   6.1654450e+06   4.4372559e+01
   6.1655830e+06   4.2297363e+01
   6.1683390e+06   4.4189453e+01
   6.1688960e+06   5.1879883e+01
   6.1697680e+06   4.4128418e+01
   6.1756190e+06   5.3161621e+01
   6.1757350e+06   4.2053223e+01
   6.1927230e+06   4.8095703e+01
   6.1992150e+06   4.5959473e+01
   6.2096650e+06   4.6020508e+01
   6.2148600e+06   4.7851562e+01
   6.2153890e+06   4.3762207e+01
   6.2157710e+06   4.3701172e+01
   6.2281460e+06   4.5471191e+01
   6.2368970e+06   4.4372559e+01
   6.2382790e+06   4.5593262e+01
   6.2433600e+06   4.4982910e+01
   6.2463680e+06   4.2785645e+01
   6.2478060e+06   4.9072266e+01
   6.2690250e+06   4.5959473e+01
   6.2736290e+06   4.9560547e+01
   6.2879440e+06   4.8095703e+01
   6.2915850e+06   4.2785645e+01
   6.2960390e+06   4.3579102e+01
   6.3165970e+06   5.0903320e+01
   6.3167380e+06   5.7678223e+01
   6.3316990e+06   5.2917480e+01
   6.3340780e+06   4.2724609e+01
   6.3533770e+06   4.6997070e+01
   6.3544190e+06   4.5410156e+01
   6.3687030e+06   4.2053223e+01
   6.3714710e+06   5.8288574e+01
   6.3838910e+06   4.2236328e+01
   6.3864500e+06   4.3762207e+01
   6.3912700e+06   4.4250488e+01
   6.3915460e+06   4.3701172e+01
   6.3927670e+06   4.5532227e+01
   6.3944440e+06   4.2968750e+01
   6.3991220e+06   4.6386719e+01
   6.4051690e+06   4.2358398e+01
   6.4382510e+06   5.2001953e+01
   6.4404550e+06   6.2194824e+01
   6.4411190e+06   4.2480469e+01
   6.4464950e+06   4.3518066e+01
   6.4585010e+06   4.3334961e+01
   6.4777530e+06   4.2053223e+01
   6.4883860e+06   4.7302246e+01
   6.4890500e+06   4.2175293e+01
   6.4892680e+06   4.3762207e+01
   6.4899070e+06   4.2297363e+01
   6.5274080e+06   4.3823242e+01
   6.5337830e+06   4.3395996e+01
   6.5438860e+06   4.4189453e+01
   6.5488310e+06   4.9133301e+01
   6.5689540e+06   4.2175293e+01
   6.5726010e+06   4.6142578e+01
   6.5812510e+06   4.9072266e+01
   6.6006260e+06   4.3395996e+01
   6.6183680e+06   4.5043945e+01
   6.6198400e+06   4.8217773e+01
   6.6204760e+06   6.8542480e+01
   6.6264310e+06   4.7180176e+01
   6.6343170e+06   4.5715332e+01
   6.6354660e+06   5.0964355e+01
   6.6356250e+06   4.7302246e+01
   6.6374420e+06   4.2663574e+01
   6.7014890e+06   5.0109863e+01
   6.7047510e+06   4.3273926e+01
   6.7131990e+06   5.5053711e+01
   6.7280600e+06   4.2480469e+01
   6.7344670e+06   4.3029785e+01
   6.7345510e+06   4.2297363e+01
   6.7432010e+06   4.7607422e+01
   6.7484290e+06   4.4128418e+01
   6.7586480e+06   4.4250488e+01
   6.7848140e+06   4.6325684e+01
   6.7866120e+06   5.1757812e+01
   6.7965420e+06   4.7302246e+01
   6.8087840e+06   4.8217773e+01
   6.8221730e+06   7.0251465e+01
   6.8282770e+06   4.2602539e+01
   6.8406740e+06   5.4321289e+01
   6.8445110e+06   4.3090820e+01
   6.8455990e+06   4.5532227e+01
   6.8509580e+06   4.7241211e+01
   6.8611550e+06   5.1391602e+01
   6.8913290e+06   4.4372559e+01
   6.9121250e+06   5.7922363e+01
   6.9542420e+06   4.4189453e+01
   6.9567900e+06   4.3090820e+01
   6.9923140e+06   5.7495117e+01
   7.0003780e+06   4.3640137e+01
   7.0081630e+06   5.1452637e+01
   7.0326070e+06   4.8706055e+01
   7.0429350e+06   4.2968750e+01
   7.0447110e+06   5.0598145e+01
   7.0550390e+06   4.5166016e+01
   7.0740300e+06   4.3945312e+01
   7.0774080e+06   4.4067383e+01
   7.0930310e+06   4.2968750e+01
   7.0979290e+06   4.2968750e+01
   7.1079060e+06   4.2785645e+01
   7.1147180e+06   4.5898437e+01
   7.1423550e+06   4.1931152e+01
   7.1455070e+06   4.2663574e+01
   7.1623280e+06   4.9072266e+01
   7.1637130e+06   4.6142578e+01
   7.1853200e+06   4.2358398e+01
   7.1885490e+06   4.7363281e+01
   7.2047000e+06   4.3151855e+01
   7.2082740e+06   4.3640137e+01
   7.2206910e+06   4.6813965e+01
   7.2301320e+06   4.7851562e+01
   7.2334080e+06   4.6386719e+01
   7.2532580e+06   5.5114746e+01
   7.2572210e+06   4.2968750e+01
   7.2598560e+06   4.2785645e+01
   7.2619300e+06   4.2419434e+01
   7.2703510e+06   4.6142578e+01
   7.2898750e+06   4.7485352e+01
   7.2923630e+06   4.6569824e+01
   7.3049650e+06   4.6630859e+01
   7.3266380e+06   4.3090820e+01
   7.3380330e+06   4.7180176e+01
   7.3563350e+06   4.3518066e+01
   7.3598200e+06   4.5349121e+01
   7.3675180e+06   4.3884277e+01
   7.3890610e+06   5.8593750e+01
   7.3949990e+06   4.3640137e+01
   7.3974050e+06   4.6508789e+01
   7.4036930e+06   4.2480469e+01
   7.4049960e+06   4.1992188e+01
   7.4201850e+06   5.3161621e+01
   7.4282780e+06   4.2053223e+01
   7.4309220e+06   4.3823242e+01
   7.4310340e+06   4.3823242e+01
   7.4312450e+06   4.2663574e+01
   7.4549980e+06   4.8339844e+01
   7.4552420e+06   4.2602539e+01
   7.4627080e+06   4.4128418e+01
   7.4798690e+06   4.7546387e+01
   7.4864490e+06   4.5532227e+01
   7.4976930e+06   4.3457031e+01
   7.5395280e+06   4.6997070e+01
   7.5413550e+06   4.2358398e+01
   7.5591230e+06   5.8959961e+01
   7.6330660e+06   4.6020508e+01
   7.6592520e+06   4.4311523e+01
   7.6646620e+06   4.2297363e+01
   7.6966530e+06   4.2358398e+01
   7.7102610e+06   4.4189453e+01
   7.7161410e+06   4.2053223e+01
   7.7246250e+06   4.7973633e+01
   7.7528440e+06   5.6274414e+01
   7.7790860e+06   4.2663574e+01
   7.7838350e+06   4.4677734e+01
   7.7868680e+06   4.5837402e+01
   7.8034390e+06   4.4067383e+01
   7.8380070e+06   4.6142578e+01
   7.8632880e+06   4.6020508e+01
   7.8691360e+06   4.2297363e+01
   7.8961300e+06   4.9987793e+01
   7.9008590e+06   4.6569824e+01
   7.9053240e+06   5.6518555e+01
   7.9145960e+06   4.6875000e+01
   7.9181310e+06   5.2978516e+01
   7.9578730e+06   4.2114258e+01
   7.9602040e+06   4.3151855e+01
   7.9776880e+06   4.2724609e+01
   7.9795360e+06   4.6875000e+01
   7.9873790e+06   4.4372559e+01
   8.0019810e+06   5.2978516e+01
   8.0029900e+06   4.5837402e+01
   8.0039510e+06   4.8095703e+01
   8.0104060e+06   4.3579102e+01
   8.0366060e+06   4.4311523e+01
   8.0607990e+06   4.4982910e+01
   8.0839140e+06   4.2175293e+01
   8.0901160e+06   4.4860840e+01
   8.1107410e+06   4.2968750e+01
   8.1319210e+06   4.2846680e+01
   8.1578520e+06   4.6203613e+01
   8.1674120e+06   5.1330566e+01
   8.1867850e+06   4.5837402e+01
   8.1943050e+06   4.5837402e+01
   8.1965040e+06   4.5532227e+01
   8.2233230e+06   4.7058105e+01
   8.2605810e+06   4.7424316e+01
   8.2806210e+06   4.2785645e+01
   8.2878520e+06   4.6691895e+01
   8.3080010e+06   6.2744141e+01
   8.3324200e+06   6.4270020e+01
   8.3439500e+06   4.2968750e+01
   8.3503490e+06   4.3029785e+01
   8.3540220e+06   4.6203613e+01
   8.3606410e+06   4.2724609e+01
   8.3613940e+06   5.0720215e+01
   8.3663820e+06   4.6997070e+01
   8.3701570e+06   4.3518066e+01
   8.3749000e+06   5.0537109e+01
   8.3871100e+06   4.1931152e+01
   8.3989220e+06   4.3579102e+01
   8.4077350e+06   4.2419434e+01
   8.4243730e+06   5.0537109e+01
   8.4281210e+06   6.3781738e+01
   8.4290370e+06   4.6997070e+01
   8.4398450e+06   4.2175293e+01
   8.4450260e+06   4.3334961e+01
   8.4508300e+06   4.4738770e+01
   8.4662730e+06   4.1931152e+01
   8.4897970e+06   4.3212891e+01
   8.4946460e+06   4.3762207e+01
   8.5085130e+06   4.5959473e+01
   8.5257580e+06   4.2724609e+01
   8.5375710e+06   4.5288086e+01
   8.5414430e+06   4.2602539e+01
   8.5519730e+06   5.4382324e+01
   8.5783970e+06   4.2114258e+01
   8.5872300e+06   4.3029785e+01
   8.6451440e+06   4.3090820e+01
   8.6476290e+06   5.8776855e+01
   8.6963210e+06   4.3945312e+01
   8.7041310e+06   4.1931152e+01
   8.7115730e+06   4.3701172e+01
   8.7417770e+06   6.0546875e+01
   8.7570350e+06   4.4250488e+01
   8.7708870e+06   4.3334961e+01
   8.7812260e+06   4.2297363e+01
   8.7813800e+06   4.4006348e+01
   8.7858880e+06   4.2480469e+01
   8.8069970e+06   4.2541504e+01
   8.8105300e+06   4.2663574e+01
   8.8334020e+06   4.3090820e+01
   8.8374210e+06   4.3212891e+01
   8.8549570e+06   4.4799805e+01
   8.8851040e+06   4.3090820e+01
   8.8943930e+06   4.5166016e+01
   8.8997240e+06   4.6508789e+01
   8.9169910e+06   4.2175293e+01
   8.9195550e+06   4.2968750e+01
   8.9224600e+06   4.2724609e+01
   8.9456390e+06   4.5043945e+01
   8.9855500e+06   4.2480469e+01
   8.9857500e+06   4.6813965e+01
