   8.9990000e+06   0.0000000e+00
   1.5591000e+04   4.6386719e+01
   1.7196000e+04   4.4250488e+01
   3.8674000e+04   4.4494629e+01
   4.8346000e+04   4.2602539e+01
   5.7310000e+04   4.3395996e+01
   7.1674000e+04   4.2541504e+01
   9.6190000e+04   4.6630859e+01
   1.0803700e+05   4.8645020e+01
   1.1312500e+05   4.3823242e+01
   1.2172400e+05   6.2194824e+01
   1.2185200e+05   4.4860840e+01
   1.6505200e+05   5.5725098e+01
   1.6546800e+05   4.7912598e+01
   1.6982300e+05   4.6936035e+01
   1.7576900e+05   4.4555664e+01
   1.9552700e+05   5.4138184e+01
   1.9702000e+05   4.4982910e+01
   2.0990000e+05   4.3884277e+01
   2.3599100e+05   7.8063965e+01
   2.4909600e+05   4.3334961e+01
   2.6373000e+05   4.6997070e+01
   2.7191500e+05   4.4677734e+01
   2.7499800e+05   4.7851563e+01
   2.8628600e+05   4.3334961e+01
   2.8827200e+05   5.1391602e+01
   3.0917000e+05   4.7668457e+01
   3.2649800e+05   4.3518066e+01
   3.4602000e+05   6.2744141e+01
   3.5249300e+05   5.0842285e+01
   3.7996000e+05   6.5429688e+01
   3.8238500e+05   4.4311523e+01
   4.0291600e+05   4.6142578e+01
   4.0781100e+05   4.2663574e+01
   4.2572100e+05   8.0322266e+01
   4.2602800e+05   4.2419434e+01
   4.9079300e+05   5.0720215e+01
   5.4903400e+05   5.0842285e+01
   5.6291500e+05   4.3457031e+01
   5.7283500e+05   5.9753418e+01
   5.8959700e+05   4.4311523e+01
   6.1097200e+05   4.3151855e+01
   6.1766200e+05   4.4128418e+01
   6.3253300e+05   4.5959473e+01
   7.0973700e+05   4.3457031e+01
   7.4142200e+05   4.3762207e+01
   7.6287700e+05   4.2785645e+01
   7.6336700e+05   4.3579102e+01
   7.7469400e+05   4.7729492e+01
   7.9046300e+05   4.3640137e+01
   8.0403000e+05   4.4555664e+01
   8.2931400e+05   4.3640137e+01
   8.3593500e+05   4.3579102e+01
   8.4728400e+05   4.3212891e+01
   8.5208500e+05   5.3955078e+01
   8.6750800e+05   4.7729492e+01
   8.7115400e+05   4.4860840e+01
   8.7138700e+05   4.4433594e+01
   8.8195300e+05   4.4738770e+01
   8.8323600e+05   4.4494629e+01
   8.9697900e+05   5.2368164e+01
   9.3181900e+05   4.2541504e+01
   9.5805700e+05   7.1655273e+01
   9.8460200e+05   4.4616699e+01
   9.9294100e+05   5.0476074e+01
   1.0024760e+06   7.5073242e+01
   1.0078390e+06   4.3823242e+01
   1.0160440e+06   4.4250488e+01
   1.0365100e+06   4.8583984e+01
   1.0465770e+06   4.6264648e+01
   1.0600430e+06   4.4799805e+01
   1.0650040e+06   5.7678223e+01
   1.0746300e+06   4.7302246e+01
   1.0818870e+06   4.3457031e+01
   1.0958230e+06   4.5166016e+01
   1.1124360e+06   4.3762207e+01
   1.1143590e+06   4.2907715e+01
   1.1350890e+06   4.7424316e+01
   1.1490810e+06   4.6447754e+01
   1.1529170e+06   4.3212891e+01
   1.1702300e+06   4.2785645e+01
   1.1961740e+06   4.4006348e+01
   1.2233180e+06   4.4128418e+01
   1.2413280e+06   4.3457031e+01
   1.2432860e+06   5.8227539e+01
   1.2873120e+06   4.3640137e+01
   1.2899280e+06   5.1269531e+01
   1.2939300e+06   6.6711426e+01
   1.3010610e+06   4.8156738e+01
   1.3020810e+06   4.3029785e+01
   1.3306080e+06   4.5227051e+01
   1.3387410e+06   4.3334961e+01
   1.3411370e+06   4.3701172e+01
   1.3449260e+06   6.8908691e+01
   1.3449630e+06   4.4738770e+01
   1.3831510e+06   4.9438477e+01
   1.3977760e+06   4.5349121e+01
   1.4017890e+06   4.4494629e+01
   1.4159560e+06   4.7119141e+01
   1.4335490e+06   4.2663574e+01
   1.4545570e+06   4.4311523e+01
   1.4573970e+06   4.5227051e+01
   1.4715510e+06   4.4982910e+01
   1.4737580e+06   4.6569824e+01
   1.4786680e+06   4.2602539e+01
   1.4845920e+06   4.2602539e+01
   1.5014640e+06   4.4738770e+01
   1.5032920e+06   4.2663574e+01
   1.5038970e+06   4.4677734e+01
   1.5204430e+06   4.4250488e+01
   1.5216640e+06   4.5349121e+01
   1.5412370e+06   7.3547363e+01
   1.5419340e+06   5.7312012e+01
   1.5461750e+06   4.6508789e+01
   1.5518410e+06   4.6997070e+01
   1.5755260e+06   5.2429199e+01
   1.6495540e+06   4.5593262e+01
   1.6509950e+06   4.2785645e+01
   1.6579800e+06   6.8298340e+01
   1.6795500e+06   7.3974609e+01
   1.7196470e+06   7.7941895e+01
   1.7199690e+06   4.2419434e+01
   1.7324100e+06   4.4616699e+01
   1.7350010e+06   4.4189453e+01
   1.7570890e+06   4.3457031e+01
   1.7827260e+06   4.3334961e+01
   1.7855720e+06   4.4250488e+01
   1.8003370e+06   4.7058105e+01
   1.8178440e+06   4.4250488e+01
   1.8190320e+06   4.3334961e+01
   1.8345240e+06   4.5166016e+01
   1.8570450e+06   6.7016602e+01
   1.9023500e+06   4.4189453e+01
   1.9038700e+06   5.3100586e+01
   1.9226840e+06   4.5959473e+01
   1.9227150e+06   4.2480469e+01
   1.9650030e+06   4.3273926e+01
   1.9949600e+06   4.2541504e+01
   1.9968470e+06   4.4372559e+01
   2.0228060e+06   4.2785645e+01
   2.0416030e+06   7.7880859e+01
   2.0500110e+06   4.2907715e+01
   2.0686420e+06   4.4189453e+01
   2.0700840e+06   6.7932129e+01
   2.0704870e+06   4.2724609e+01
   2.0814250e+06   4.4189453e+01
   2.0944440e+06   4.5837402e+01
   2.0990560e+06   4.7485352e+01
   2.1034570e+06   4.2907715e+01
   2.1091840e+06   6.0852051e+01
   2.1152680e+06   4.6142578e+01
   2.1247530e+06   5.2673340e+01
   2.1337760e+06   6.0424805e+01
   2.1467090e+06   4.4677734e+01
   2.1594400e+06   5.9326172e+01
   2.1797170e+06   4.2846680e+01
   2.1888420e+06   4.6997070e+01
   2.2002430e+06   7.1228027e+01
   2.2045270e+06   4.5104980e+01
   2.2081790e+06   4.3457031e+01
   2.2089950e+06   4.2846680e+01
   2.2250490e+06   4.9560547e+01
   2.2374770e+06   4.8767090e+01
   2.2663880e+06   4.4738770e+01
   2.2768140e+06   6.4697266e+01
   2.2802790e+06   4.5654297e+01
   2.2985600e+06   4.3701172e+01
   2.3077380e+06   4.5715332e+01
   2.3242220e+06   4.3029785e+01
   2.3252990e+06   4.2419434e+01
   2.3395170e+06   4.5410156e+01
   2.3865900e+06   5.2551270e+01
   2.3903740e+06   7.1472168e+01
   2.4031990e+06   4.9499512e+01
   2.4195370e+06   4.6203613e+01
   2.4230540e+06   5.2368164e+01
   2.4326760e+06   4.3762207e+01
   2.4426070e+06   4.3273926e+01
   2.4474670e+06   4.5043945e+01
   2.4518070e+06   4.5104980e+01
   2.4755210e+06   4.3701172e+01
   2.5015340e+06   5.0537109e+01
   2.5164790e+06   4.2663574e+01
   2.5180660e+06   6.1950684e+01
   2.5300620e+06   4.6752930e+01
   2.5311640e+06   4.9621582e+01
   2.5445060e+06   4.6691895e+01
   2.5604640e+06   4.6020508e+01
   2.5711220e+06   4.7973633e+01
   2.5879020e+06   6.5063477e+01
   2.6153880e+06   5.0476074e+01
   2.6227250e+06   5.6762695e+01
   2.6236890e+06   4.9621582e+01
   2.6310350e+06   4.4067383e+01
   2.6463080e+06   4.4799805e+01
   2.6522260e+06   5.0415039e+01
   2.6581310e+06   4.7424316e+01
   2.6787460e+06   6.9274902e+01
   2.6907480e+06   4.6142578e+01
   2.7027690e+06   4.3212891e+01
   2.7062370e+06   6.0424805e+01
   2.7150020e+06   4.7546387e+01
   2.7241940e+06   4.3273926e+01
   2.7261540e+06   4.2663574e+01
   2.7410820e+06   4.4921875e+01
   2.7429380e+06   4.5715332e+01
   2.7729270e+06   4.7912598e+01
   2.7903200e+06   4.3884277e+01
   2.7944220e+06   4.4921875e+01
   2.8018910e+06   4.6447754e+01
   2.8064940e+06   4.3457031e+01
   2.8249480e+06   4.3701172e+01
   2.8572750e+06   4.4738770e+01
   2.8661980e+06   5.6762695e+01
   2.8668780e+06   4.2419434e+01
   2.8716660e+06   4.7119141e+01
   2.8921740e+06   4.4982910e+01
   2.9286180e+06   4.6203613e+01
   2.9359730e+06   4.2663574e+01
   2.9369980e+06   4.3945313e+01
   2.9419600e+06   4.3212891e+01
   2.9651440e+06   7.4829102e+01
   2.9748590e+06   4.5471191e+01
   2.9778330e+06   4.8828125e+01
   2.9807650e+06   4.6264648e+01
   2.9861030e+06   5.0476074e+01
   2.9934000e+06   4.2663574e+01
   3.0061140e+06   6.1645508e+01
   3.0097170e+06   4.5898438e+01
   3.0183970e+06   4.3457031e+01
   3.0458870e+06   4.4555664e+01
   3.0465870e+06   4.4067383e+01
   3.0608140e+06   4.3273926e+01
   3.0722860e+06   4.6936035e+01
   3.0845440e+06   6.4636230e+01
   3.0927810e+06   4.4128418e+01
   3.1306470e+06   7.1289062e+01
   3.1324540e+06   4.5166016e+01
   3.1596300e+06   4.7607422e+01
   3.1616660e+06   4.4189453e+01
   3.1631470e+06   4.6325684e+01
   3.1643680e+06   4.5043945e+01
   3.1768970e+06   5.4260254e+01
   3.1935990e+06   4.2968750e+01
   3.2009150e+06   4.6508789e+01
   3.2144010e+06   4.7302246e+01
   3.2153700e+06   4.4128418e+01
   3.2287850e+06   4.3334961e+01
   3.2322180e+06   6.5490723e+01
   3.2422300e+06   4.3090820e+01
   3.2560940e+06   4.5593262e+01
   3.2590680e+06   4.6325684e+01
   3.2598530e+06   5.9753418e+01
   3.2606990e+06   5.8776855e+01
   3.2692640e+06   4.3457031e+01
   3.2743050e+06   4.6813965e+01
   3.2857180e+06   4.4799805e+01
   3.2968390e+06   4.9560547e+01
   3.3060780e+06   4.6813965e+01
   3.3092350e+06   5.2307129e+01
   3.3271950e+06   5.3039551e+01
   3.3379750e+06   4.4006348e+01
   3.3506880e+06   4.8645020e+01
   3.3522180e+06   4.3701172e+01
   3.3599700e+06   6.0791016e+01
   3.3916450e+06   4.7241211e+01
   3.3993500e+06   5.2490234e+01
   3.4003250e+06   5.6823730e+01
   3.4054470e+06   4.3823242e+01
   3.4206220e+06   4.3701172e+01
   3.4343780e+06   5.3588867e+01
   3.4448930e+06   5.2978516e+01
   3.4672070e+06   6.6345215e+01
   3.4731860e+06   5.0781250e+01
   3.4996720e+06   6.8298340e+01
   3.5046980e+06   4.8522949e+01
   3.5075730e+06   4.7729492e+01
   3.5155730e+06   5.8349609e+01
   3.5332160e+06   4.4372559e+01
   3.5467860e+06   4.7668457e+01
   3.5612920e+06   4.2968750e+01
   3.5628730e+06   6.3842773e+01
   3.5636620e+06   4.7058105e+01
   3.5848160e+06   4.2541504e+01
   3.5937790e+06   4.3457031e+01
   3.5957400e+06   4.4738770e+01
   3.5976120e+06   5.6701660e+01
   3.6016200e+06   4.4433594e+01
   3.6175640e+06   4.6020508e+01
   3.6213130e+06   4.4250488e+01
   3.6328740e+06   6.0424805e+01
   3.6332040e+06   4.3457031e+01
   3.6335280e+06   4.5898438e+01
   3.6602240e+06   5.1818848e+01
   3.6624960e+06   4.3762207e+01
   3.6765330e+06   4.4006348e+01
   3.6847630e+06   4.7668457e+01
   3.6855650e+06   5.6945801e+01
   3.7078880e+06   6.9580078e+01
   3.7087090e+06   4.4860840e+01
   3.7096050e+06   4.2541504e+01
   3.7202150e+06   4.6386719e+01
   3.7371830e+06   5.0231934e+01
   3.7448400e+06   4.4677734e+01
   3.7624250e+06   4.5043945e+01
   3.7886770e+06   4.2785645e+01
   3.7914730e+06   4.3945312e+01
   3.8031400e+06   4.8645020e+01
   3.8102630e+06   4.5166016e+01
   3.8110910e+06   4.4921875e+01
   3.8250450e+06   4.6691895e+01
   3.8472690e+06   4.3090820e+01
   3.8535020e+06   6.7382812e+01
   3.8538410e+06   4.2907715e+01
   3.8660420e+06   5.0598145e+01
   3.8691960e+06   4.4372559e+01
   3.8781050e+06   6.4086914e+01
   3.8851020e+06   4.4555664e+01
   3.9060450e+06   6.0119629e+01
   3.9064840e+06   4.7668457e+01
   3.9071100e+06   4.8583984e+01
   3.9176390e+06   5.6823730e+01
   3.9266980e+06   4.9987793e+01
   3.9492870e+06   4.4311523e+01
   3.9542550e+06   4.4311523e+01
   3.9558550e+06   4.4799805e+01
   3.9580610e+06   6.9885254e+01
   3.9985370e+06   4.3518066e+01
   3.9991580e+06   4.2419434e+01
   4.0479560e+06   4.9865723e+01
   4.0650090e+06   5.3100586e+01
   4.0688210e+06   4.2419434e+01
   4.0717360e+06   4.7058105e+01
   4.0928620e+06   4.3090820e+01
   4.1072880e+06   4.3579102e+01
   4.1129470e+06   4.3029785e+01
   4.1253160e+06   4.5349121e+01
   4.1313650e+06   4.4860840e+01
   4.1424850e+06   4.7912598e+01
   4.1458790e+06   4.3518066e+01
   4.1626780e+06   4.3884277e+01
   4.1794590e+06   4.2968750e+01
   4.1803080e+06   4.5104980e+01
   4.1889180e+06   4.7119141e+01
   4.2075650e+06   5.4992676e+01
   4.2098290e+06   4.6691895e+01
   4.2258640e+06   4.4677734e+01
   4.2268090e+06   4.4311523e+01
   4.2410300e+06   4.3945312e+01
   4.2500020e+06   5.3527832e+01
   4.2530550e+06   4.3395996e+01
   4.2557080e+06   4.6081543e+01
   4.2639610e+06   4.3518066e+01
   4.2655420e+06   4.3273926e+01
   4.2836380e+06   4.2907715e+01
   4.2939220e+06   4.3884277e+01
   4.3124600e+06   4.3029785e+01
   4.3134470e+06   4.4006348e+01
   4.3234680e+06   5.1879883e+01
   4.3241240e+06   4.6447754e+01
   4.3382530e+06   4.3273926e+01
   4.3388510e+06   4.9987793e+01
   4.3423970e+06   4.3334961e+01
   4.3487710e+06   5.3161621e+01
   4.3554590e+06   4.2724609e+01
   4.3610070e+06   4.2785645e+01
   4.3791010e+06   4.6020508e+01
   4.3889830e+06   5.4077148e+01
   4.4082230e+06   4.8461914e+01
   4.4093080e+06   4.4189453e+01
   4.4213410e+06   4.2907715e+01
   4.4303160e+06   4.4311523e+01
   4.4318900e+06   4.6569824e+01
   4.4338320e+06   4.6569824e+01
   4.4508660e+06   5.6640625e+01
   4.4641910e+06   4.8034668e+01
   4.4816400e+06   5.0354004e+01
   4.4828300e+06   4.2663574e+01
   4.5029120e+06   4.6203613e+01
   4.5093330e+06   4.9804688e+01
   4.5190710e+06   4.6386719e+01
   4.5277370e+06   4.8400879e+01
   4.5288060e+06   4.5532227e+01
   4.5454160e+06   4.7607422e+01
   4.5515780e+06   4.3518066e+01
   4.5612440e+06   4.4555664e+01
   4.5804610e+06   4.7302246e+01
   4.5998570e+06   4.3334961e+01
   4.6032610e+06   7.9040527e+01
   4.6069880e+06   4.2846680e+01
   4.6327710e+06   5.1513672e+01
   4.6340140e+06   4.2907715e+01
   4.6619930e+06   4.4982910e+01
   4.6918490e+06   4.9865723e+01
   4.6933120e+06   4.4982910e+01
   4.6968420e+06   4.4372559e+01
   4.7073620e+06   4.8645020e+01
   4.7151840e+06   4.4067383e+01
   4.7182830e+06   5.5603027e+01
   4.7256370e+06   5.0842285e+01
   4.7415860e+06   4.5837402e+01
   4.7428770e+06   4.6691895e+01
   4.7549280e+06   4.7729492e+01
   4.7754260e+06   4.4067383e+01
   4.7772320e+06   4.2785645e+01
   4.7908340e+06   4.5227051e+01
   4.7938730e+06   4.4982910e+01
   4.8075030e+06   4.6081543e+01
   4.8502880e+06   4.4067383e+01
   4.8566320e+06   4.2602539e+01
   4.8576130e+06   4.4372559e+01
   4.8592750e+06   4.6264648e+01
   4.8725190e+06   4.6020508e+01
   4.8844830e+06   4.9621582e+01
   4.8956170e+06   4.2968750e+01
   4.9128460e+06   4.8400879e+01
   4.9269250e+06   4.4311523e+01
   4.9619900e+06   4.4738770e+01
   4.9638990e+06   4.3395996e+01
   4.9644440e+06   5.1635742e+01
   4.9757650e+06   6.7810059e+01
   4.9764270e+06   5.8654785e+01
   4.9792630e+06   5.2246094e+01
   4.9932840e+06   4.9499512e+01
   4.9957470e+06   4.7119141e+01
   4.9968330e+06   4.3090820e+01
   5.0119630e+06   8.0139160e+01
   5.0124120e+06   4.6997070e+01
   5.0129290e+06   4.2541504e+01
   5.0260470e+06   5.2551270e+01
   5.0318730e+06   6.9885254e+01
   5.0336270e+06   4.7241211e+01
   5.0431000e+06   4.6081543e+01
   5.0447930e+06   4.5043945e+01
   5.0451220e+06   6.9274902e+01
   5.0584270e+06   4.4921875e+01
   5.0742840e+06   4.7241211e+01
   5.0757580e+06   5.6518555e+01
   5.0831670e+06   6.2927246e+01
   5.0844940e+06   5.8776855e+01
   5.0863250e+06   4.3518066e+01
   5.1016040e+06   4.6813965e+01
   5.1055730e+06   4.5471191e+01
   5.1066920e+06   4.5471191e+01
   5.1104590e+06   5.5786133e+01
   5.1112690e+06   4.3945312e+01
   5.1178200e+06   4.9499512e+01
   5.1310790e+06   4.7546387e+01
   5.1359000e+06   5.1879883e+01
   5.1488160e+06   5.3649902e+01
   5.1498570e+06   4.5654297e+01
   5.1603190e+06   5.9814453e+01
   5.1609640e+06   4.5654297e+01
   5.1623660e+06   4.3945312e+01
   5.1782220e+06   4.3151855e+01
   5.1816840e+06   4.6142578e+01
   5.1840890e+06   4.5043945e+01
   5.1845890e+06   5.6640625e+01
   5.1889780e+06   4.6752930e+01
   5.2068460e+06   6.5795898e+01
   5.2106860e+06   4.9194336e+01
   5.2126740e+06   4.3762207e+01
   5.2182220e+06   7.1228027e+01
   5.2239670e+06   4.5410156e+01
   5.2243820e+06   5.5786133e+01
   5.2354570e+06   4.9072266e+01
   5.2366810e+06   5.3710938e+01
   5.2428490e+06   5.7373047e+01
   5.2437470e+06   4.5715332e+01
   5.2498860e+06   5.7922363e+01
   5.2613750e+06   6.4392090e+01
   5.2656640e+06   4.2724609e+01
   5.2693270e+06   5.6518555e+01
   5.2702680e+06   4.8522949e+01
   5.2729410e+06   4.6630859e+01
   5.2861620e+06   4.7668457e+01
   5.2899240e+06   6.9274902e+01
   5.2963570e+06   4.6569824e+01
   5.3008030e+06   4.9743652e+01
   5.3020880e+06   4.6386719e+01
   5.3046470e+06   4.8339844e+01
   5.3085370e+06   4.2419434e+01
   5.3186020e+06   5.9204102e+01
   5.3193120e+06   4.7973633e+01
   5.3384950e+06   5.3039551e+01
   5.3388820e+06   4.4128418e+01
   5.3389490e+06   4.9072266e+01
   5.3434490e+06   4.3701172e+01
   5.3538260e+06   5.0292969e+01
   5.3706570e+06   4.3701172e+01
   5.3738170e+06   4.2724609e+01
   5.3825400e+06   4.2419434e+01
   5.3939740e+06   6.5124512e+01
   5.3946350e+06   4.2846680e+01
   5.3997380e+06   4.6569824e+01
   5.4124130e+06   4.4006348e+01
   5.4132320e+06   5.0964355e+01
   5.4284490e+06   5.5847168e+01
   5.4371200e+06   5.4809570e+01
   5.4424100e+06   4.7058105e+01
   5.4534770e+06   4.9560547e+01
   5.4572590e+06   4.5715332e+01
   5.4719700e+06   4.5410156e+01
   5.4728920e+06   4.5166016e+01
   5.4920900e+06   4.6020508e+01
   5.4950050e+06   4.7912598e+01
   5.4955650e+06   4.7546387e+01
   5.5039240e+06   5.9814453e+01
   5.5154720e+06   5.0537109e+01
   5.5163280e+06   5.4260254e+01
   5.5182910e+06   4.2480469e+01
   5.5320800e+06   4.6813965e+01
   5.5448090e+06   4.9682617e+01
   5.5535610e+06   5.1879883e+01
   5.5552570e+06   4.2602539e+01
   5.5575130e+06   4.6386719e+01
   5.5684700e+06   4.6569824e+01
   5.5700860e+06   4.7119141e+01
   5.5709840e+06   4.4555664e+01
   5.5837750e+06   4.4128418e+01
   5.5875770e+06   5.8715820e+01
   5.5884550e+06   4.2419434e+01
   5.5971480e+06   4.3029785e+01
   5.6070940e+06   5.7678223e+01
   5.6130450e+06   4.9499512e+01
   5.6247970e+06   4.5349121e+01
   5.6257580e+06   4.5043945e+01
   5.6282580e+06   4.2846680e+01
   5.6426430e+06   4.6630859e+01
   5.6441280e+06   4.4616699e+01
   5.6456880e+06   5.1330566e+01
   5.6574110e+06   4.2602539e+01
   5.6588960e+06   4.5288086e+01
   5.6628690e+06   4.7790527e+01
   5.6690700e+06   4.2724609e+01
   5.6805800e+06   4.2907715e+01
   5.6972080e+06   5.9082031e+01
   5.7013240e+06   5.2185059e+01
   5.7159500e+06   4.7729492e+01
   5.7169170e+06   4.4067383e+01
   5.7358540e+06   4.9499512e+01
   5.7364970e+06   4.2480469e+01
   5.7373840e+06   5.1269531e+01
   5.7468290e+06   4.9621582e+01
   5.7479490e+06   4.4128418e+01
   5.7511490e+06   4.3579102e+01
   5.7738860e+06   4.2968750e+01
   5.7746440e+06   4.8889160e+01
   5.7753790e+06   4.4128418e+01
   5.7863880e+06   4.6875000e+01
   5.7953620e+06   4.9011230e+01
   5.7961590e+06   4.3395996e+01
   5.8005720e+06   4.8950195e+01
   5.8026470e+06   4.2602539e+01
   5.8141150e+06   4.4738770e+01
   5.8158520e+06   4.5715332e+01
   5.8168520e+06   4.4494629e+01
   5.8309430e+06   4.7851562e+01
   5.8321890e+06   5.1269531e+01
   5.8505630e+06   4.3457031e+01
   5.8542010e+06   4.3029785e+01
   5.8653030e+06   4.3273926e+01
   5.8676720e+06   4.9072266e+01
   5.8775720e+06   4.8645020e+01
   5.8799630e+06   4.3029785e+01
   5.8877180e+06   4.5288086e+01
   5.8944070e+06   5.4992676e+01
   5.9001530e+06   4.5959473e+01
   5.9022870e+06   4.5654297e+01
   5.9054410e+06   4.2785645e+01
   5.9097390e+06   4.2480469e+01
   5.9295290e+06   4.7668457e+01
   5.9450340e+06   5.4687500e+01
   5.9493330e+06   4.9072266e+01
   5.9628580e+06   4.8950195e+01
   5.9645380e+06   4.7058105e+01
   5.9803990e+06   4.3090820e+01
   5.9845210e+06   4.4799805e+01
   5.9882450e+06   4.7790527e+01
   5.9883230e+06   4.6264648e+01
   6.0056570e+06   5.3466797e+01
   6.0068130e+06   4.4372559e+01
   6.0094850e+06   4.3151855e+01
   6.0127850e+06   4.3762207e+01
   6.0229240e+06   4.6203613e+01
   6.0245830e+06   4.4921875e+01
   6.0428180e+06   5.1513672e+01
   6.0510120e+06   4.3457031e+01
   6.0609670e+06   5.4870605e+01
   6.0788870e+06   4.5471191e+01
   6.0795610e+06   5.6701660e+01
   6.0798270e+06   4.9682617e+01
   6.0800470e+06   4.3151855e+01
   6.0933990e+06   4.4311523e+01
   6.0962190e+06   5.6274414e+01
   6.0977840e+06   4.5043945e+01
   6.1066790e+06   4.5776367e+01
   6.1083510e+06   5.2612305e+01
   6.1143330e+06   4.6813965e+01
   6.1233410e+06   4.3579102e+01
   6.1353290e+06   6.2133789e+01
   6.1353510e+06   4.5959473e+01
   6.1476130e+06   4.3212891e+01
   6.1527280e+06   5.1879883e+01
   6.1536420e+06   4.4006348e+01
   6.1682850e+06   5.2612305e+01
   6.1833930e+06   4.7180176e+01
   6.1858950e+06   4.4067383e+01
   6.1928330e+06   4.4311523e+01
   6.2052460e+06   6.1645508e+01
   6.2062460e+06   4.7851562e+01
   6.2083890e+06   4.7119141e+01
   6.2224090e+06   4.8645020e+01
   6.2236640e+06   4.7546387e+01
   6.2379910e+06   4.7058105e+01
   6.2381990e+06   5.6884766e+01
   6.2513470e+06   4.3029785e+01
   6.2539320e+06   4.8889160e+01
   6.2563420e+06   5.0964355e+01
   6.2654090e+06   4.4311523e+01
   6.2680680e+06   4.6630859e+01
   6.2752200e+06   4.8522949e+01
   6.2878430e+06   4.3151855e+01
   6.2909870e+06   4.9865723e+01
   6.3003770e+06   4.2846680e+01
   6.3017610e+06   4.6386719e+01
   6.3061430e+06   4.3762207e+01
   6.3214180e+06   5.0415039e+01
   6.3240310e+06   4.7241211e+01
   6.3286510e+06   4.6020508e+01
   6.3405750e+06   4.3212891e+01
   6.3435660e+06   4.2480469e+01
   6.3567980e+06   5.2612305e+01
   6.3680610e+06   4.3273926e+01
   6.3709310e+06   4.3090820e+01
   6.3903770e+06   4.8950195e+01
   6.3967320e+06   4.8034668e+01
   6.3988810e+06   4.5776367e+01
   6.4106030e+06   4.5715332e+01
   6.4115270e+06   4.3884277e+01
   6.4123210e+06   5.5908203e+01
   6.4238440e+06   4.4433594e+01
   6.4348080e+06   5.6457520e+01
   6.4369060e+06   4.3029785e+01
   6.4376670e+06   4.4006348e+01
   6.4508040e+06   4.4067383e+01
   6.4542500e+06   5.8898926e+01
   6.4552780e+06   4.6325684e+01
   6.4649110e+06   4.4799805e+01
   6.4655710e+06   4.5227051e+01
   6.4707360e+06   6.6955566e+01
   6.4752220e+06   4.6630859e+01
   6.4764200e+06   4.4799805e+01
   6.4918020e+06   6.5795898e+01
   6.4927020e+06   4.3273926e+01
   6.5051250e+06   5.1391602e+01
   6.5068150e+06   4.9194336e+01
   6.5139020e+06   5.4382324e+01
   6.5211280e+06   5.3649902e+01
   6.5303500e+06   4.5593262e+01
   6.5399660e+06   4.6264648e+01
   6.5522650e+06   4.7607422e+01
   6.5540240e+06   4.4921875e+01
   6.5548010e+06   4.8400879e+01
   6.5644940e+06   4.7363281e+01
   6.5659590e+06   4.2541504e+01
   6.5715070e+06   5.3100586e+01
   6.5822510e+06   4.2419434e+01
   6.5897760e+06   4.8278809e+01
   6.5911330e+06   4.6447754e+01
   6.6074630e+06   4.4372559e+01
   6.6093970e+06   4.7729492e+01
   6.6105820e+06   4.7241211e+01
   6.6210420e+06   4.4189453e+01
   6.6215120e+06   4.4860840e+01
   6.6288530e+06   5.1635742e+01
   6.6454850e+06   5.1391602e+01
   6.6461090e+06   4.3518066e+01
   6.6463270e+06   5.4687500e+01
   6.6565910e+06   5.2307129e+01
   6.6598510e+06   4.3457031e+01
   6.6732170e+06   4.6752930e+01
   6.6746380e+06   5.3344727e+01
   6.6767380e+06   4.8950195e+01
   6.6949310e+06   6.1950684e+01
   6.6995670e+06   5.2490234e+01
   6.7004160e+06   4.3945312e+01
   6.7122060e+06   4.3090820e+01
   6.7134730e+06   4.8889160e+01
   6.7141930e+06   5.7983398e+01
   6.7261870e+06   4.9804688e+01
   6.7269860e+06   5.6213379e+01
   6.7464100e+06   5.9631348e+01
   6.7524690e+06   5.9143066e+01
   6.7727690e+06   5.8898926e+01
   6.7734750e+06   4.6997070e+01
   6.7777840e+06   4.6142578e+01
   6.7918800e+06   5.3588867e+01
   6.8122950e+06   4.3701172e+01
   6.8172490e+06   5.7739258e+01
   6.8177320e+06   4.4006348e+01
   6.8317080e+06   4.4494629e+01
   6.8411010e+06   5.3588867e+01
   6.8426760e+06   5.3894043e+01
   6.8498230e+06   4.9987793e+01
   6.8535760e+06   6.1462402e+01
   6.8714480e+06   4.6508789e+01
   6.8716530e+06   4.4433594e+01
   6.8838510e+06   4.3334961e+01
   6.8883350e+06   5.4626465e+01
   6.8889350e+06   4.3151855e+01
   6.9006480e+06   4.6386719e+01
   6.9020510e+06   4.3701172e+01
   6.9147270e+06   4.7180176e+01
   6.9157150e+06   4.8400879e+01
   6.9159170e+06   4.4921875e+01
   6.9289980e+06   4.2724609e+01
   6.9347170e+06   4.3273926e+01
   6.9430420e+06   5.9509277e+01
   6.9516000e+06   4.8706055e+01
   6.9523380e+06   4.8583984e+01
   6.9591210e+06   6.1706543e+01
   6.9597700e+06   4.2602539e+01
   6.9677080e+06   4.5104980e+01
   6.9702150e+06   4.6813965e+01
   6.9714850e+06   4.4311523e+01
   6.9791500e+06   4.8339844e+01
   6.9801390e+06   6.3354492e+01
   6.9827060e+06   6.1767578e+01
   6.9842340e+06   5.1025391e+01
   6.9961730e+06   5.5297852e+01
   6.9987650e+06   4.3762207e+01
   7.0011290e+06   4.2968750e+01
   7.0072340e+06   5.0415039e+01
   7.0171830e+06   4.5227051e+01
   7.0187830e+06   4.4738770e+01
   7.0302890e+06   5.4199219e+01
   7.0343820e+06   4.5837402e+01
   7.0431680e+06   5.9020996e+01
   7.0442470e+06   4.2785645e+01
   7.0492800e+06   4.7302246e+01
   7.0505050e+06   4.2785645e+01
   7.0624480e+06   4.3151855e+01
   7.0650060e+06   5.3466797e+01
   7.0662480e+06   4.8034668e+01
   7.0670860e+06   4.8645020e+01
   7.0705840e+06   6.4514160e+01
   7.0866590e+06   4.4311523e+01
   7.0908670e+06   4.9438477e+01
   7.1022800e+06   5.1574707e+01
   7.1053590e+06   4.4372559e+01
   7.1056000e+06   6.1035156e+01
   7.1062400e+06   4.6875000e+01
   7.1100910e+06   4.2663574e+01
   7.1141950e+06   4.3029785e+01
   7.1291070e+06   4.9926758e+01
   7.1426310e+06   5.5480957e+01
   7.1446990e+06   4.7058105e+01
   7.1448580e+06   6.1096191e+01
   7.1455370e+06   4.4006348e+01
   7.1534140e+06   4.7058105e+01
   7.1710750e+06   5.8288574e+01
   7.1837090e+06   4.6203613e+01
   7.1853570e+06   4.4738770e+01
   7.1858390e+06   4.4494629e+01
   7.1926500e+06   6.5490723e+01
   7.2149510e+06   4.3151855e+01
   7.2211610e+06   4.4982910e+01
   7.2237530e+06   6.4331055e+01
   7.2296670e+06   4.7729492e+01
   7.2457560e+06   5.3527832e+01
   7.2474410e+06   7.5317383e+01
   7.2478290e+06   4.8461914e+01
   7.2536250e+06   4.9926758e+01
   7.2564890e+06   4.2480469e+01
   7.2689390e+06   4.3579102e+01
   7.2733850e+06   6.7016602e+01
   7.2826980e+06   5.5236816e+01
   7.2839820e+06   5.1330566e+01
   7.2938050e+06   4.3029785e+01
   7.2978890e+06   4.3823242e+01
   7.3118240e+06   4.4738770e+01
   7.3251870e+06   4.7058105e+01
   7.3413080e+06   4.4067383e+01
   7.3425210e+06   4.3090820e+01
   7.3434740e+06   4.5776367e+01
   7.3576360e+06   4.5593262e+01
   7.3600400e+06   4.2541504e+01
   7.3608820e+06   4.5532227e+01
   7.3723190e+06   5.3588867e+01
   7.3779310e+06   4.4921875e+01
   7.3800520e+06   4.5776367e+01
   7.3826130e+06   5.3710938e+01
   7.3841430e+06   4.5776367e+01
   7.3889070e+06   4.2724609e+01
   7.3896610e+06   4.8889160e+01
   7.4063980e+06   4.9804688e+01
   7.4086250e+06   6.5795898e+01
   7.4097660e+06   4.5166016e+01
   7.4109220e+06   4.5898438e+01
   7.4129700e+06   4.2724609e+01
   7.4198120e+06   4.8889160e+01
   7.4357260e+06   4.5837402e+01
   7.4364460e+06   6.2988281e+01
   7.4368700e+06   4.3151855e+01
   7.4372710e+06   5.4992676e+01
   7.4499760e+06   4.5410156e+01
   7.4514040e+06   4.5593262e+01
   7.4629070e+06   7.2021484e+01
   7.4637500e+06   4.3212891e+01
   7.4669600e+06   4.8767090e+01
   7.4698020e+06   4.5166016e+01
   7.4740390e+06   4.6081543e+01
   7.4903690e+06   4.2785645e+01
   7.5078720e+06   5.0903320e+01
   7.5157530e+06   4.2480469e+01
   7.5202000e+06   4.3457031e+01
   7.5210710e+06   6.1035156e+01
   7.5217920e+06   4.3457031e+01
   7.5233210e+06   4.4189453e+01
   7.5355930e+06   5.1757812e+01
   7.5515250e+06   4.4799805e+01
   7.5658000e+06   4.4433594e+01
   7.6144710e+06   4.8095703e+01
   7.6295690e+06   4.4555664e+01
   7.6306340e+06   4.2663574e+01
   7.6593270e+06   6.1706543e+01
   7.6645300e+06   4.2846680e+01
   7.6675100e+06   4.2480469e+01
   7.6714440e+06   4.2907715e+01
   7.6943740e+06   4.8767090e+01
   7.7007380e+06   4.2480469e+01
   7.7108420e+06   7.2692871e+01
   7.7204950e+06   5.6213379e+01
   7.7369920e+06   4.3273926e+01
   7.7634480e+06   4.7180176e+01
   7.7647590e+06   4.3579102e+01
   7.7742620e+06   5.9448242e+01
   7.7897040e+06   4.2419434e+01
   7.7909230e+06   4.6752930e+01
   7.8020860e+06   7.2326660e+01
   7.8059040e+06   4.6386719e+01
   7.8141290e+06   4.6264648e+01
   7.8547690e+06   4.5654297e+01
   7.8629320e+06   4.3273926e+01
   7.8821990e+06   4.8522949e+01
   7.8875560e+06   4.3334961e+01
   7.8886970e+06   4.5349121e+01
   7.8890770e+06   4.4860840e+01
   7.9062580e+06   4.2480469e+01
   7.9076400e+06   4.3029785e+01
   7.9386750e+06   4.3212891e+01
   7.9466730e+06   4.3579102e+01
   7.9529740e+06   6.2255859e+01
   7.9533770e+06   5.2978516e+01
   7.9711130e+06   4.8522949e+01
   7.9719400e+06   4.3945312e+01
   7.9731430e+06   4.6020508e+01
   7.9774190e+06   5.0476074e+01
   7.9795220e+06   4.2480469e+01
   8.0039290e+06   4.6752930e+01
   8.0120490e+06   4.6081543e+01
   8.0170540e+06   4.2968750e+01
   8.0184740e+06   4.4067383e+01
   8.0236560e+06   4.4311523e+01
   8.0250140e+06   4.3945313e+01
   8.0332600e+06   4.7119141e+01
   8.0472550e+06   4.3884277e+01
   8.0527770e+06   7.6477051e+01
   8.0626690e+06   4.3151855e+01
   8.0872050e+06   4.5776367e+01
   8.1045710e+06   4.8522949e+01
   8.1124040e+06   4.4799805e+01
   8.1191390e+06   4.3212891e+01
   8.1200820e+06   4.9804688e+01
   8.1452660e+06   4.7485352e+01
   8.1598390e+06   5.0720215e+01
   8.1614430e+06   4.4860840e+01
   8.1728670e+06   4.8645020e+01
   8.1740120e+06   4.4921875e+01
   8.1836270e+06   4.4311523e+01
   8.1886850e+06   4.9316406e+01
   8.2027180e+06   4.4982910e+01
   8.2090820e+06   4.6020508e+01
   8.2360190e+06   4.6447754e+01
   8.2375810e+06   4.2968750e+01
   8.2526330e+06   4.8950195e+01
   8.2552520e+06   4.3945313e+01
   8.2731590e+06   5.1330566e+01
   8.2753870e+06   4.5837402e+01
   8.2769410e+06   4.7851562e+01
   8.2792610e+06   4.2419434e+01
   8.2950120e+06   4.5654297e+01
   8.2967800e+06   4.2968750e+01
   8.3105660e+06   5.4382324e+01
   8.3176530e+06   4.3029785e+01
   8.3206650e+06   4.5104980e+01
   8.3317260e+06   4.4433594e+01
   8.3366770e+06   4.2419434e+01
   8.3393680e+06   4.7912598e+01
   8.3465690e+06   5.5908203e+01
   8.3497570e+06   4.8339844e+01
   8.3575810e+06   4.3273926e+01
   8.3723590e+06   4.5593262e+01
   8.3773720e+06   4.4616699e+01
   8.3918440e+06   4.3029785e+01
   8.3936690e+06   4.4433594e+01
   8.4004750e+06   4.5410156e+01
   8.4187020e+06   4.4128418e+01
   8.4243430e+06   4.8034668e+01
   8.4398630e+06   4.7363281e+01
   8.4423470e+06   4.2846680e+01
   8.4441330e+06   4.4006348e+01
   8.4451460e+06   4.3884277e+01
   8.4546570e+06   4.5349121e+01
   8.4611160e+06   4.4494629e+01
   8.4769580e+06   4.7668457e+01
   8.4832320e+06   4.2724609e+01
   8.4951380e+06   4.7668457e+01
   8.4995450e+06   4.4494629e+01
   8.5236430e+06   4.5227051e+01
   8.5247370e+06   4.4067383e+01
   8.5257970e+06   4.3823242e+01
   8.5298940e+06   4.2480469e+01
   8.5330460e+06   4.4921875e+01
   8.5417930e+06   4.4372559e+01
   8.5454850e+06   4.2968750e+01
   8.5642190e+06   4.4677734e+01
   8.5660590e+06   4.2846680e+01
   8.5812510e+06   5.0048828e+01
   8.5824390e+06   4.9316406e+01
   8.5974480e+06   4.6081543e+01
   8.6001540e+06   4.2419434e+01
   8.6171870e+06   4.4982910e+01
   8.6184630e+06   4.2419434e+01
   8.6251810e+06   4.3212891e+01
   8.6319860e+06   4.6936035e+01
   8.6522840e+06   5.2429199e+01
   8.6534640e+06   4.3640137e+01
   8.6596410e+06   4.3701172e+01
   8.6659940e+06   4.2602539e+01
   8.6748310e+06   5.5297852e+01
   8.6760410e+06   7.9223633e+01
   8.6898570e+06   4.2419434e+01
   8.6916340e+06   4.3457031e+01
   8.6977230e+06   4.3701172e+01
   8.7064810e+06   4.4616699e+01
   8.7116870e+06   4.6081543e+01
   8.7199380e+06   4.5043945e+01
   8.7220760e+06   4.2419434e+01
   8.7265310e+06   4.7790527e+01
   8.7292750e+06   4.2602539e+01
   8.7318690e+06   6.6162109e+01
   8.7321920e+06   4.3823242e+01
   8.7538100e+06   4.9865723e+01
   8.7603790e+06   4.7424316e+01
   8.7678520e+06   4.4982910e+01
   8.7869070e+06   4.9194336e+01
   8.7894220e+06   4.8583984e+01
   8.7900010e+06   4.8156738e+01
   8.7972990e+06   7.0922852e+01
   8.8059790e+06   4.3762207e+01
   8.8079510e+06   5.7739258e+01
   8.8193580e+06   4.7729492e+01
   8.8203920e+06   4.5593262e+01
   8.8267570e+06   4.5959473e+01
   8.8287110e+06   4.5104980e+01
   8.8445280e+06   4.8400879e+01
   8.8593770e+06   5.5114746e+01
   8.8623000e+06   4.4311523e+01
   8.8715950e+06   4.8156738e+01
   8.8738330e+06   5.0170898e+01
   8.8761260e+06   4.5471191e+01
   8.8852500e+06   4.9499512e+01
   8.9005840e+06   4.6203613e+01
   8.9086170e+06   4.8706055e+01
   8.9257520e+06   4.9011230e+01
   8.9284760e+06   4.3701172e+01
   8.9302850e+06   4.6875000e+01
   8.9317670e+06   4.4189453e+01
   8.9423850e+06   4.7424316e+01
   8.9432760e+06   4.6020508e+01
   8.9452160e+06   6.9641113e+01
   8.9456250e+06   4.8461914e+01
   8.9468830e+06   5.9814453e+01
   8.9503120e+06   4.2480469e+01
   8.9540240e+06   6.1950684e+01
   8.9728250e+06   4.3334961e+01
   8.9752210e+06   4.7851562e+01
   8.9787760e+06   4.3395996e+01
