   8.9990000e+06   0.0000000e+00
   1.3609000e+04   4.2175293e+01
   9.2363000e+04   4.6386719e+01
   1.2852800e+05   4.0893555e+01
   1.7730200e+05   4.2907715e+01
   4.7698800e+05   4.0832520e+01
   5.3838800e+05   4.3151855e+01
   5.5567900e+05   4.1503906e+01
   7.3051300e+05   4.5043945e+01
   7.3077200e+05   4.6081543e+01
   9.2734300e+05   4.1625977e+01
   9.8150300e+05   4.2480469e+01
   1.0201310e+06   4.9499512e+01
   1.1980920e+06   4.2968750e+01
   1.2065190e+06   4.1320801e+01
   1.3179340e+06   4.4128418e+01
   1.3278880e+06   4.4006348e+01
   1.3851280e+06   4.6264648e+01
   1.4529700e+06   4.1564941e+01
   1.4835880e+06   4.2724609e+01
   1.5993050e+06   4.1015625e+01
   1.6723330e+06   4.5837402e+01
   1.7075180e+06   4.4799805e+01
   1.7335820e+06   4.4067383e+01
   1.7536170e+06   4.2358398e+01
   1.8249650e+06   4.2541504e+01
   1.9306150e+06   4.4250488e+01
   2.0073430e+06   4.6997070e+01
   2.0729700e+06   4.3518066e+01
   2.1864850e+06   4.1748047e+01
   2.1871360e+06   4.2297363e+01
   2.1990460e+06   4.2602539e+01
   2.2828130e+06   4.2419434e+01
   2.2966540e+06   4.0893555e+01
   2.3178610e+06   4.1564941e+01
   2.3743350e+06   4.1564941e+01
   2.3960710e+06   4.2419434e+01
   2.4350180e+06   4.3823242e+01
   2.4401400e+06   4.2297363e+01
   2.4457190e+06   4.5349121e+01
   2.4960450e+06   5.7312012e+01
   2.5479190e+06   4.1076660e+01
   2.6269600e+06   4.3884277e+01
   2.6441360e+06   4.3945312e+01
   2.6627160e+06   4.5410156e+01
   2.7500910e+06   4.3029785e+01
   2.7724900e+06   4.1259766e+01
   2.9068180e+06   4.4006348e+01
   2.9373520e+06   4.5410156e+01
   2.9768140e+06   5.0415039e+01
   3.0193140e+06   4.1442871e+01
   3.1555110e+06   4.1198730e+01
   3.1871080e+06   4.4921875e+01
   3.3250360e+06   4.1748047e+01
   3.3887320e+06   4.2602539e+01
   3.3892590e+06   4.1137695e+01
   3.4305450e+06   4.1992188e+01
   3.4675140e+06   4.0893555e+01
   3.5220740e+06   5.6274414e+01
   3.5393330e+06   4.1625977e+01
   3.6195480e+06   4.7485352e+01
   3.6457030e+06   4.1564941e+01
   3.7083420e+06   4.1137695e+01
   3.7718300e+06   4.5959473e+01
   3.8460760e+06   4.2846680e+01
   3.9059620e+06   4.7973633e+01
   3.9065600e+06   4.1870117e+01
   3.9508400e+06   4.4006348e+01
   3.9778790e+06   4.1992188e+01
   4.0168730e+06   4.1564941e+01
   4.0627020e+06   4.3945312e+01
   4.0814960e+06   4.1809082e+01
   4.1442870e+06   4.6752930e+01
   4.1592430e+06   5.2001953e+01
   4.1980260e+06   4.1809082e+01
   4.2465970e+06   4.1748047e+01
   4.2616610e+06   4.0954590e+01
   4.3575990e+06   4.4921875e+01
   4.3693570e+06   4.1687012e+01
   4.4914070e+06   4.0832520e+01
   4.4916690e+06   4.1564941e+01
   4.5113280e+06   4.2358398e+01
   4.6066440e+06   4.2846680e+01
   4.6348070e+06   4.4433594e+01
   4.7507480e+06   4.3518066e+01
   4.7905880e+06   4.1442871e+01
   4.8714230e+06   4.3273926e+01
   4.9013440e+06   4.1992188e+01
   4.9368690e+06   4.0893555e+01
   4.9488090e+06   4.1259766e+01
   4.9509300e+06   4.7485352e+01
   5.0135730e+06   4.4494629e+01
   5.0348990e+06   4.0954590e+01
   5.0907820e+06   4.0954590e+01
   5.1045240e+06   4.4921875e+01
   5.1572300e+06   4.1137695e+01
   5.2403630e+06   4.2053223e+01
   5.2567790e+06   4.3334961e+01
   5.5862040e+06   4.2236328e+01
   5.6284530e+06   4.1198730e+01
   5.6576270e+06   4.3090820e+01
   5.7419650e+06   4.6142578e+01
   5.7782770e+06   4.5715332e+01
   5.8382130e+06   4.1259766e+01
   5.8844390e+06   4.3518066e+01
   5.9511600e+06   4.0893555e+01
   6.0042380e+06   4.1320801e+01
   6.0178550e+06   4.0954590e+01
   6.0388470e+06   4.2968750e+01
   6.1118050e+06   4.5166016e+01
   6.1705590e+06   4.1198730e+01
   6.2079750e+06   4.7668457e+01
   6.2272770e+06   4.2297363e+01
   6.2824470e+06   4.6325684e+01
   6.3530450e+06   4.1564941e+01
   6.3632760e+06   4.2053223e+01
   6.4467800e+06   4.3457031e+01
   6.5037740e+06   4.2968750e+01
   6.5508190e+06   4.2053223e+01
   6.5847580e+06   4.1137695e+01
   6.5919260e+06   4.1015625e+01
   6.6711640e+06   4.1748047e+01
   6.6881850e+06   4.0832520e+01
   6.7432410e+06   4.3518066e+01
   6.7529640e+06   4.2114258e+01
   6.7964840e+06   4.1931152e+01
   6.8072300e+06   4.6691895e+01
   6.8289800e+06   4.4128418e+01
   6.8465160e+06   4.0954590e+01
   6.8599090e+06   4.1259766e+01
   6.9714870e+06   4.5166016e+01
   7.0151420e+06   4.3884277e+01
   7.0387600e+06   4.1870117e+01
   7.1219390e+06   4.2785645e+01
   7.1790310e+06   4.2114258e+01
   7.1935780e+06   4.2419434e+01
   7.2537150e+06   5.1818848e+01
   7.2684430e+06   4.1015625e+01
   7.3249290e+06   4.1625977e+01
   7.3442360e+06   4.8400879e+01
   7.3520490e+06   4.1076660e+01
   7.4241590e+06   4.1320801e+01
   7.4392920e+06   4.1442871e+01
   7.4546250e+06   4.1748047e+01
   7.4705470e+06   4.2053223e+01
   7.5483950e+06   4.2846680e+01
   7.5705490e+06   4.2053223e+01
   7.5754380e+06   4.1015625e+01
   7.5811950e+06   4.1992188e+01
   7.6245990e+06   4.1564941e+01
   7.6319770e+06   4.0954590e+01
   7.6533590e+06   4.1748047e+01
   7.7496990e+06   4.3457031e+01
   7.8490870e+06   4.3029785e+01
   7.8700590e+06   4.1687012e+01
   7.8972480e+06   4.1503906e+01
   7.9329810e+06   4.2175293e+01
   8.0402330e+06   4.4433594e+01
   8.1018800e+06   4.3884277e+01
   8.1030790e+06   4.1687012e+01
   8.1496560e+06   4.2480469e+01
   8.1917180e+06   4.1137695e+01
   8.1971480e+06   4.3518066e+01
   8.1995070e+06   4.3640137e+01
   8.2138320e+06   4.1992188e+01
   8.2662070e+06   4.2968750e+01
   8.3458240e+06   4.2846680e+01
   8.3513770e+06   4.4982910e+01
   8.3623080e+06   4.3212891e+01
   8.4363620e+06   4.1809082e+01
   8.5205550e+06   4.3029785e+01
   8.5344150e+06   4.1503906e+01
   8.5965150e+06   4.1870117e+01
   8.7222430e+06   4.2541504e+01
   8.7328080e+06   4.4006348e+01
   8.8476120e+06   4.6691895e+01
   8.8516620e+06   4.1564941e+01
   8.8714740e+06   4.0954590e+01
   8.8835570e+06   4.1442871e+01
   8.9124910e+06   4.1015625e+01
   8.9241600e+06   4.2724609e+01
   8.9961650e+06   4.1381836e+01
