   8.9990000e+06   0.0000000e+00
   1.5699000e+04   7.6477051e+01
   1.7817000e+04   5.0903320e+01
   4.4127000e+04   5.5480957e+01
   4.6006000e+04   6.5979004e+01
   4.6245000e+04   5.9326172e+01
   7.6271000e+04   7.5317383e+01
   7.6510000e+04   5.1208496e+01
   7.7528000e+04   5.4443359e+01
   7.8576000e+04   5.3710938e+01
   8.4408000e+04   6.1645508e+01
   8.5759000e+04   5.0598145e+01
   1.1391300e+05   5.5297852e+01
   1.1538900e+05   6.5734863e+01
   1.1561500e+05   6.3964844e+01
   1.1657100e+05   4.8950195e+01
   1.1710300e+05   5.0048828e+01
   1.3117200e+05   5.0537109e+01
   1.4476600e+05   7.9040527e+01
   1.4489900e+05   6.9641113e+01
   1.4547700e+05   5.4626465e+01
   1.4654400e+05   5.1025391e+01
   1.7257100e+05   4.9621582e+01
   1.9631200e+05   6.6894531e+01
   1.9659400e+05   5.7128906e+01
   1.9762100e+05   5.2551270e+01
   2.0081300e+05   6.0546875e+01
   2.0167000e+05   4.6325684e+01
   2.2669900e+05   7.9895020e+01
   2.2702400e+05   6.3659668e+01
   2.2727100e+05   6.2194824e+01
   2.2755500e+05   5.1391602e+01
   2.5291400e+05   6.5307617e+01
   2.7190600e+05   6.0424805e+01
   2.7223200e+05   5.0170898e+01
   3.0078900e+05   6.9885254e+01
   3.0204700e+05   6.4514160e+01
   3.3924800e+05   6.0424805e+01
   3.4459900e+05   8.0627441e+01
   3.4477700e+05   6.3415527e+01
   3.4574700e+05   6.3903809e+01
   3.8667900e+05   6.9519043e+01
   3.8694900e+05   5.2917480e+01
   3.8758300e+05   6.3903809e+01
   3.8843200e+05   4.9499512e+01
   3.9762800e+05   5.6213379e+01
   4.0759300e+05   4.7973633e+01
   4.0786500e+05   4.9316406e+01
   4.2611600e+05   7.9833984e+01
   4.4197200e+05   4.9743652e+01
   4.4224300e+05   4.6142578e+01
   4.4829600e+05   6.3476562e+01
   4.4927800e+05   6.7016602e+01
   4.5761000e+05   4.8156738e+01
   4.6933100e+05   5.5236816e+01
   4.8077900e+05   5.6518555e+01
   4.8349000e+05   8.1848145e+01
   4.8374800e+05   6.8481445e+01
   5.0297800e+05   5.5603027e+01
   5.3979400e+05   4.9926758e+01
   5.4553800e+05   6.6467285e+01
   5.4819400e+05   5.7067871e+01
   5.6964100e+05   5.1513672e+01
   5.8392900e+05   7.3730469e+01
   5.8409800e+05   5.5053711e+01
   5.8464000e+05   5.2551270e+01
   5.9711500e+05   4.7058105e+01
   5.9741100e+05   4.6142578e+01
   5.9808900e+05   4.6203613e+01
   6.1621400e+05   7.0007324e+01
   6.2691800e+05   4.9438477e+01
   6.5659600e+05   5.7006836e+01
   6.5789400e+05   4.6020508e+01
   6.6164700e+05   7.4035645e+01
   6.6192400e+05   6.2438965e+01
   6.8973700e+05   4.9926758e+01
   6.9478000e+05   7.9650879e+01
   6.9495800e+05   4.6508789e+01
   6.9572300e+05   5.2856445e+01
   7.1903500e+05   7.5988770e+01
   7.2030700e+05   4.7729492e+01
   7.2121200e+05   5.6701660e+01
   7.4429800e+05   7.7453613e+01
   7.4519900e+05   5.9387207e+01
   7.5552100e+05   4.7119141e+01
   7.6704500e+05   5.4687500e+01
   7.6784400e+05   5.1574707e+01
   7.8525000e+05   8.9233398e+01
   7.8556900e+05   5.4382324e+01
   7.8665200e+05   4.9865723e+01
   7.8673500e+05   4.6020508e+01
   8.0776800e+05   5.4077148e+01
   8.2815400e+05   5.3527832e+01
   8.2835700e+05   4.8767090e+01
   8.3174800e+05   7.5683594e+01
   8.3206600e+05   6.5979004e+01
   8.3367900e+05   4.9560547e+01
   8.5577400e+05   5.3955078e+01
   8.5606100e+05   5.1879883e+01
   8.6140800e+05   6.8115234e+01
   8.6167800e+05   5.7312012e+01
   8.6222700e+05   6.0241699e+01
   8.7307900e+05   4.9560547e+01
   9.0240300e+05   8.3923340e+01
   9.0304500e+05   4.9987793e+01
   9.0366700e+05   6.0180664e+01
   9.1417800e+05   5.3100586e+01
   9.4199200e+05   5.7922363e+01
   9.4767200e+05   7.3608398e+01
   9.4818000e+05   6.7138672e+01
   9.5484000e+05   4.9560547e+01
   9.5553300e+05   4.6813965e+01
   9.8249000e+05   6.7382813e+01
   9.8328900e+05   6.1096191e+01
   9.8922300e+05   5.3100586e+01
   9.9530300e+05   4.8278809e+01
   1.0140840e+06   7.3425293e+01
   1.0143350e+06   6.8908691e+01
   1.0145730e+06   5.0476074e+01
   1.0151790e+06   4.9560547e+01
   1.0156900e+06   5.2978516e+01
   1.0276660e+06   6.9396973e+01
   1.0409200e+06   4.7668457e+01
   1.0411310e+06   5.3283691e+01
   1.1019550e+06   5.3771973e+01
   1.1244800e+06   6.4758301e+01
   1.1245680e+06   6.0852051e+01
   1.1246240e+06   4.6020508e+01
   1.1249560e+06   5.3161621e+01
   1.1466260e+06   5.1147461e+01
   1.1469540e+06   4.6813965e+01
   1.1481050e+06   6.7810059e+01
   1.1483250e+06   5.6823730e+01
   1.1499670e+06   5.3833008e+01
   1.1724330e+06   7.2204590e+01
   1.1726210e+06   5.5175781e+01
   1.2007560e+06   5.2734375e+01
   1.2017960e+06   4.7851562e+01
   1.2274080e+06   6.5307617e+01
   1.2287410e+06   5.3710938e+01
   1.2323660e+06   4.9865723e+01
   1.2769150e+06   4.7424316e+01
   1.2771280e+06   5.0354004e+01
   1.2819960e+06   6.6162109e+01
   1.2821690e+06   4.6997070e+01
   1.2837700e+06   4.6203613e+01
   1.2994570e+06   5.5847168e+01
   1.2996390e+06   4.7485352e+01
   1.3308880e+06   6.5307617e+01
   1.3312500e+06   5.1452637e+01
   1.3599100e+06   4.8583984e+01
   1.3601960e+06   4.6386719e+01
   1.3761130e+06   5.9814453e+01
   1.3767170e+06   5.4687500e+01
   1.3909530e+06   5.7312012e+01
   1.4032150e+06   4.9316406e+01
   1.4105610e+06   7.7941895e+01
   1.4107030e+06   4.6325684e+01
   1.4115910e+06   7.7331543e+01
   1.4210870e+06   5.1330566e+01
   1.4494200e+06   5.2490234e+01
   1.4498230e+06   4.8828125e+01
   1.4504770e+06   4.6386719e+01
   1.4524670e+06   8.4594727e+01
   1.4525900e+06   4.6569824e+01
   1.4672350e+06   8.4838867e+01
   1.4770800e+06   8.5998535e+01
   1.4805740e+06   6.0241699e+01
   1.4990280e+06   5.7800293e+01
   1.5043190e+06   7.6538086e+01
   1.5218420e+06   7.5622559e+01
   1.5364780e+06   4.6813965e+01
   1.5537640e+06   8.2763672e+01
   1.5544450e+06   4.7851563e+01
   1.5547830e+06   5.1879883e+01
   1.5703650e+06   5.1269531e+01
   1.5793830e+06   7.5378418e+01
   1.5807230e+06   4.6264648e+01
   1.6022330e+06   5.0354004e+01
   1.6088690e+06   6.6833496e+01
   1.6102680e+06   4.9255371e+01
   1.6111840e+06   4.9194336e+01
   1.6113630e+06   4.7729492e+01
   1.6364270e+06   5.8288574e+01
   1.6473570e+06   6.6528320e+01
   1.6476040e+06   5.4260254e+01
   1.6489740e+06   5.0476074e+01
   1.6500800e+06   4.7851562e+01
   1.6713600e+06   4.6081543e+01
   1.6832270e+06   5.3222656e+01
   1.6876990e+06   7.5378418e+01
   1.7278940e+06   5.5297852e+01
   1.7376220e+06   7.3791504e+01
   1.7563050e+06   4.9743652e+01
   1.7692230e+06   8.4655762e+01
   1.7694650e+06   6.5490723e+01
   1.7800790e+06   4.7424316e+01
   1.7908020e+06   5.0476074e+01
   1.8004900e+06   7.3303223e+01
   1.8125350e+06   7.4829102e+01
   1.8132230e+06   4.8461914e+01
   1.8190100e+06   5.6884766e+01
   1.8503650e+06   8.0078125e+01
   1.8505710e+06   5.5603027e+01
   1.8517140e+06   4.6569824e+01
   1.8523360e+06   5.4748535e+01
   1.8529680e+06   4.7058105e+01
   1.8536250e+06   4.6386719e+01
   1.8605710e+06   5.5847168e+01
   1.8676740e+06   4.9987793e+01
   1.8897200e+06   7.5378418e+01
   1.8983000e+06   5.9936523e+01
   1.8986000e+06   5.2795410e+01
   1.9274150e+06   5.0109863e+01
   1.9275180e+06   7.3547363e+01
   1.9281870e+06   6.7260742e+01
   1.9419430e+06   8.3129883e+01
   1.9423150e+06   6.6650391e+01
   1.9429330e+06   4.6630859e+01
   1.9518210e+06   5.4138184e+01
   1.9520590e+06   4.7180176e+01
   1.9648410e+06   7.8491211e+01
   1.9658280e+06   6.2072754e+01
   1.9761980e+06   5.3894043e+01
   1.9974550e+06   5.2795410e+01
   2.0094960e+06   7.9406738e+01
   2.0097290e+06   6.0058594e+01
   2.0106010e+06   4.7363281e+01
   2.0242930e+06   5.5725098e+01
   2.0330710e+06   4.6386719e+01
   2.0368500e+06   6.5002441e+01
   2.0374450e+06   5.2612305e+01
   2.0385790e+06   5.0231934e+01
   2.0500740e+06   5.1086426e+01
   2.0510910e+06   4.9804688e+01
   2.0765570e+06   6.5673828e+01
   2.0767470e+06   4.9316406e+01
   2.0782350e+06   5.1086426e+01
   2.0783070e+06   4.7363281e+01
   2.0784980e+06   4.8889160e+01
   2.1081950e+06   5.4443359e+01
   2.1209990e+06   7.3364258e+01
   2.1217440e+06   5.9082031e+01
   2.1233700e+06   5.6213379e+01
   2.1439870e+06   5.5419922e+01
   2.1498120e+06   4.7119141e+01
   2.1605740e+06   8.4655762e+01
   2.1607810e+06   5.9143066e+01
   2.1866940e+06   5.1391602e+01
   2.1869060e+06   4.7546387e+01
   2.1880890e+06   7.8491211e+01
   2.1882930e+06   6.3415527e+01
   2.2141560e+06   4.8583984e+01
   2.2145200e+06   6.0302734e+01
   2.2329900e+06   4.8095703e+01
   2.2333260e+06   4.6020508e+01
   2.2338070e+06   7.4584961e+01
   2.2539420e+06   7.9895020e+01
   2.2546790e+06   5.0231934e+01
   2.2596220e+06   6.8054199e+01
   2.2899700e+06   5.6396484e+01
   2.2905360e+06   5.0720215e+01
   2.3084800e+06   9.7229004e+01
   2.3169670e+06   6.1340332e+01
   2.3171270e+06   4.6997070e+01
   2.3176270e+06   4.9804688e+01
   2.3321790e+06   6.7077637e+01
   2.3369030e+06   4.9804688e+01
   2.3555740e+06   7.4768066e+01
   2.3557370e+06   5.0476074e+01
   2.3565660e+06   4.6936035e+01
   2.3572050e+06   5.0292969e+01
   2.3574710e+06   4.6875000e+01
   2.3838540e+06   7.8063965e+01
   2.3839970e+06   4.9499512e+01
   2.3881460e+06   5.0964355e+01
   2.4060790e+06   7.1716309e+01
   2.4068900e+06   6.0546875e+01
   2.4075690e+06   4.8767090e+01
   2.4081710e+06   5.0476074e+01
   2.4143490e+06   4.6325684e+01
   2.4283170e+06   5.2429199e+01
   2.4318130e+06   6.7260742e+01
   2.4460610e+06   4.9621582e+01
   2.4463210e+06   4.7607422e+01
   2.4540760e+06   6.7382812e+01
   2.4557740e+06   5.8959961e+01
   2.4585760e+06   4.8583984e+01
   2.4771320e+06   7.1105957e+01
   2.4791990e+06   5.2001953e+01
   2.4796770e+06   6.6101074e+01
   2.4952700e+06   4.6325684e+01
   2.5031090e+06   7.1228027e+01
   2.5033120e+06   5.0170898e+01
   2.5047220e+06   5.0231934e+01
   2.5201540e+06   5.9204102e+01
   2.5239420e+06   7.0922852e+01
   2.5246040e+06   4.7851562e+01
   2.5304950e+06   6.0058594e+01
   2.5502930e+06   5.9387207e+01
   2.5525950e+06   7.5683594e+01
   2.5540050e+06   4.7546387e+01
   2.5718500e+06   4.9926758e+01
   2.5889060e+06   7.2265625e+01
   2.5905190e+06   5.4626465e+01
   2.6055940e+06   6.0729980e+01
   2.6281520e+06   7.0312500e+01
   2.6352360e+06   4.9987793e+01
   2.6467190e+06   7.7819824e+01
   2.6468340e+06   4.6447754e+01
   2.6476620e+06   4.6569824e+01
   2.6480670e+06   4.7851562e+01
   2.6605680e+06   4.7302246e+01
   2.6607400e+06   4.8034668e+01
   2.6708640e+06   6.9763184e+01
   2.6869780e+06   5.1086426e+01
   2.6969740e+06   8.3740234e+01
   2.6978190e+06   5.0354004e+01
   2.7192200e+06   4.7546387e+01
   2.7211100e+06   4.7790527e+01
   2.7224140e+06   6.3964844e+01
   2.7226620e+06   4.9011230e+01
   2.7435420e+06   5.3405762e+01
   2.7474970e+06   7.2875977e+01
   2.7481650e+06   4.6264648e+01
   2.7595950e+06   5.1879883e+01
   2.7742350e+06   6.6650391e+01
   2.7808000e+06   4.8461914e+01
   2.7833770e+06   6.9274902e+01
   2.7837400e+06   4.6264648e+01
   2.7847250e+06   5.0170898e+01
   2.7994700e+06   6.0974121e+01
   2.8270590e+06   5.7739258e+01
   2.8278230e+06   6.5124512e+01
   2.8280050e+06   4.9438477e+01
   2.8290080e+06   5.5664062e+01
   2.8541380e+06   5.1513672e+01
   2.8732630e+06   7.7026367e+01
   2.8736540e+06   5.1391602e+01
   2.8741310e+06   5.0964355e+01
   2.8813300e+06   5.1452637e+01
   2.8824930e+06   4.7058105e+01
   2.8980680e+06   8.0139160e+01
   2.8982240e+06   4.7363281e+01
   2.9069140e+06   4.7546387e+01
   2.9205130e+06   6.5856934e+01
   2.9209480e+06   5.8593750e+01
   2.9214280e+06   4.9682617e+01
   2.9457710e+06   5.1269531e+01
   2.9521070e+06   7.2814941e+01
   2.9525780e+06   6.3720703e+01
   2.9586310e+06   5.2978516e+01
   2.9730160e+06   7.2998047e+01
   2.9737340e+06   6.1950684e+01
   2.9830630e+06   4.6203613e+01
   2.9955370e+06   8.0200195e+01
   2.9959800e+06   5.7189941e+01
   2.9962910e+06   5.1269531e+01
   3.0285240e+06   7.0434570e+01
   3.0288790e+06   6.3354492e+01
   3.0373860e+06   6.1767578e+01
   3.0500960e+06   6.0791016e+01
   3.0503560e+06   5.9570312e+01
   3.0508180e+06   4.9499512e+01
   3.0584500e+06   4.6752930e+01
   3.0594290e+06   4.7180176e+01
   3.0687380e+06   8.4838867e+01
   3.0791830e+06   5.2001953e+01
   3.0794910e+06   5.2612305e+01
   3.0969460e+06   7.3303223e+01
   3.1010770e+06   4.8034668e+01
   3.1174360e+06   8.3129883e+01
   3.1184160e+06   5.0415039e+01
   3.1253130e+06   5.8532715e+01
   3.1265900e+06   4.8217773e+01
   3.1382740e+06   4.6936035e+01
   3.1464490e+06   6.9458008e+01
   3.1510230e+06   4.9316406e+01
   3.1757450e+06   5.0781250e+01
   3.1767430e+06   7.0495605e+01
   3.1769140e+06   4.8767090e+01
   3.2006790e+06   7.0007324e+01
   3.2008730e+06   4.8400879e+01
   3.2055860e+06   8.6303711e+01
   3.2061770e+06   7.3791504e+01
   3.2254330e+06   5.6823730e+01
   3.2262020e+06   4.9377441e+01
   3.2338230e+06   8.5510254e+01
   3.2469140e+06   5.0598145e+01
   3.2471710e+06   7.3364258e+01
   3.2480900e+06   4.8156738e+01
   3.2686840e+06   8.1298828e+01
   3.2688570e+06   5.2062988e+01
   3.2697630e+06   5.8593750e+01
   3.2705660e+06   5.2368164e+01
   3.2718010e+06   4.9560547e+01
   3.2727980e+06   4.8095703e+01
   3.2867400e+06   5.3222656e+01
   3.2929800e+06   5.3161621e+01
   3.2936830e+06   4.7607422e+01
   3.3034620e+06   7.8613281e+01
   3.3036190e+06   5.6457520e+01
   3.3040930e+06   4.7119141e+01
   3.3044630e+06   4.9194336e+01
   3.3047730e+06   5.2429199e+01
   3.3183740e+06   5.0964355e+01
   3.3371590e+06   7.3852539e+01
   3.3422210e+06   7.1594238e+01
   3.3440560e+06   4.7851562e+01
   3.3445780e+06   5.2673340e+01
   3.3687150e+06   5.2551270e+01
   3.3689870e+06   4.7363281e+01
   3.3694320e+06   7.9895020e+01
   3.3919630e+06   5.3344727e+01
   3.4008980e+06   7.9467773e+01
   3.4013320e+06   5.1269531e+01
   3.4016150e+06   4.6569824e+01
   3.4028340e+06   4.8767090e+01
   3.4104440e+06   4.8522949e+01
   3.4141530e+06   4.6325684e+01
   3.4278600e+06   5.1574707e+01
   3.4301660e+06   4.9255371e+01
   3.4342820e+06   4.8767090e+01
   3.4511980e+06   7.8002930e+01
   3.4513500e+06   4.7424316e+01
   3.4556920e+06   4.7424316e+01
   3.4560340e+06   4.7363281e+01
   3.4567070e+06   5.4748535e+01
   3.4723740e+06   7.3974609e+01
   3.4727830e+06   5.7678223e+01
   3.4804280e+06   5.4565430e+01
   3.5022340e+06   4.8217773e+01
   3.5037560e+06   8.6181641e+01
   3.5039180e+06   4.7058105e+01
   3.5043410e+06   4.7302246e+01
   3.5051080e+06   4.7546387e+01
   3.5269960e+06   5.4870605e+01
   3.5273200e+06   4.8095703e+01
   3.5317680e+06   7.2692871e+01
   3.5325780e+06   5.1696777e+01
   3.5536170e+06   4.6020508e+01
   3.5547150e+06   6.3049316e+01
   3.5588470e+06   6.9946289e+01
   3.5842230e+06   6.9091797e+01
   3.5849730e+06   4.6997070e+01
   3.5851150e+06   4.6813965e+01
   3.5858390e+06   5.9814453e+01
   3.6110310e+06   5.2124023e+01
   3.6323910e+06   7.5073242e+01
   3.6327290e+06   5.6945801e+01
   3.6329850e+06   4.6081543e+01
   3.6335750e+06   6.5246582e+01
   3.6439260e+06   5.2551270e+01
   3.6729520e+06   5.4077148e+01
   3.6860210e+06   7.9467773e+01
   3.6862770e+06   5.6457520e+01
   3.7003510e+06   5.9204102e+01
   3.7193310e+06   6.1340332e+01
   3.7201390e+06   7.7575684e+01
   3.7235800e+06   5.7495117e+01
   3.7539700e+06   4.9072266e+01
   3.7549090e+06   6.6467285e+01
   3.7650590e+06   5.2917480e+01
   3.7715500e+06   7.0678711e+01
   3.7718890e+06   6.5063477e+01
   3.7728120e+06   5.1879883e+01
   3.7887460e+06   5.3161621e+01
   3.8048090e+06   7.4523926e+01
   3.8056330e+06   4.9865723e+01
   3.8135060e+06   5.5541992e+01
   3.8214920e+06   4.6386719e+01
   3.8267160e+06   6.5979004e+01
   3.8270820e+06   4.9072266e+01
   3.8340610e+06   5.8349609e+01
   3.8349490e+06   5.4809570e+01
   3.8508490e+06   5.0964355e+01
   3.8644590e+06   7.3608398e+01
   3.8645940e+06   4.8583984e+01
   3.8648890e+06   4.6936035e+01
   3.8654080e+06   6.5673828e+01
   3.8737720e+06   6.4392090e+01
   3.8856780e+06   5.1269531e+01
   3.9066210e+06   5.6457520e+01
   3.9070930e+06   6.2744141e+01
   3.9449290e+06   7.8735352e+01
   3.9450540e+06   5.2734375e+01
   3.9453230e+06   5.3161621e+01
   3.9460580e+06   5.2673340e+01
   3.9748180e+06   4.9987793e+01
   3.9800900e+06   6.9396973e+01
   3.9805300e+06   5.6518555e+01
   3.9813230e+06   6.3659668e+01
   3.9826580e+06   5.2246094e+01
   4.0003520e+06   5.2185059e+01
   4.0276730e+06   6.7077637e+01
   4.0369340e+06   5.0476074e+01
   4.0372080e+06   5.1818848e+01
   4.0698780e+06   5.6762695e+01
   4.0709910e+06   5.6152344e+01
   4.0823810e+06   4.6997070e+01
   4.0929480e+06   4.7729492e+01
   4.0940860e+06   8.2519531e+01
   4.0944260e+06   4.8278809e+01
   4.0946330e+06   5.0903320e+01
   4.0958970e+06   5.1513672e+01
   4.1196210e+06   8.9050293e+01
   4.1300340e+06   4.7729492e+01
   4.1303680e+06   5.8044434e+01
   4.1446000e+06   7.7331543e+01
   4.1562020e+06   5.6640625e+01
   4.1573060e+06   4.7058105e+01
   4.1593520e+06   5.3161621e+01
   4.1916120e+06   6.4086914e+01
   4.1918350e+06   5.9448242e+01
   4.1977370e+06   7.4279785e+01
   4.1978920e+06   4.9987793e+01
   4.1995590e+06   4.7851562e+01
   4.2328840e+06   5.3344727e+01
   4.2439600e+06   6.2988281e+01
   4.2598940e+06   7.9528809e+01
   4.2611330e+06   4.8339844e+01
   4.2726270e+06   5.3955078e+01
   4.2977520e+06   6.5002441e+01
   4.2981680e+06   6.2438965e+01
   4.2986890e+06   5.2124023e+01
   4.3251810e+06   5.6823730e+01
   4.3290530e+06   5.1513672e+01
   4.3292480e+06   4.8095703e+01
   4.3355310e+06   4.6020508e+01
   4.3529460e+06   7.5805664e+01
   4.3537060e+06   4.6386719e+01
   4.3545030e+06   5.8654785e+01
   4.3602060e+06   4.7424316e+01
   4.3752290e+06   6.4697266e+01
   4.3757210e+06   6.5246582e+01
   4.3761520e+06   4.6142578e+01
   4.3920850e+06   5.6335449e+01
   4.3923290e+06   5.2429199e+01
   4.3978440e+06   7.3791504e+01
   4.4259650e+06   5.9020996e+01
   4.4343040e+06   7.4035645e+01
   4.4345910e+06   6.0913086e+01
   4.4538450e+06   6.0791016e+01
   4.4544080e+06   4.7363281e+01
   4.4552280e+06   4.9865723e+01
   4.4728240e+06   4.9072266e+01
   4.4826350e+06   5.5053711e+01
   4.4833570e+06   5.0598145e+01
   4.4901480e+06   7.8125000e+01
   4.4911510e+06   4.8828125e+01
   4.4922750e+06   5.0537109e+01
   4.5111850e+06   5.7922363e+01
   4.5121860e+06   4.7058105e+01
   4.5223030e+06   5.7250977e+01
   4.5342470e+06   7.1777344e+01
   4.5354230e+06   6.1035156e+01
   4.5362010e+06   6.6711426e+01
   4.5366300e+06   5.4809570e+01
   4.5561100e+06   4.6691895e+01
   4.5563220e+06   4.6264648e+01
   4.5595090e+06   7.7453613e+01
   4.5796910e+06   6.4758301e+01
   4.5837850e+06   6.2622070e+01
   4.5980570e+06   8.5327148e+01
   4.5990460e+06   5.5786133e+01
   4.6068720e+06   4.9316406e+01
   4.6128410e+06   5.5847168e+01
   4.6322250e+06   8.1970215e+01
   4.6330850e+06   6.5673828e+01
   4.6399720e+06   5.5603027e+01
   4.6478530e+06   8.0444336e+01
   4.6488200e+06   5.6091309e+01
   4.6666750e+06   5.7983398e+01
   4.6668950e+06   4.6630859e+01
   4.6686770e+06   7.1105957e+01
   4.6696130e+06   5.6884766e+01
   4.6868870e+06   4.9743652e+01
   4.6871600e+06   5.5297852e+01
   4.6875410e+06   8.4411621e+01
   4.6879600e+06   5.7250977e+01
   4.7104080e+06   7.1716309e+01
   4.7107840e+06   4.7424316e+01
   4.7111910e+06   5.2551270e+01
   4.7117310e+06   4.7851562e+01
   4.7133690e+06   5.7739258e+01
   4.7138910e+06   4.9682617e+01
   4.7291650e+06   6.9885254e+01
   4.7297280e+06   5.5664062e+01
   4.7375990e+06   5.0598145e+01
   4.7507130e+06   6.4025879e+01
   4.7517360e+06   5.1147461e+01
   4.7650650e+06   4.9682617e+01
   4.7654250e+06   4.9499512e+01
   4.7677120e+06   6.5246582e+01
   4.7682220e+06   4.6875000e+01
   4.7688980e+06   5.3222656e+01
   4.7693300e+06   5.2856445e+01
   4.7872970e+06   7.1716309e+01
   4.7875540e+06   5.6213379e+01
   4.7876990e+06   4.7668457e+01
   4.7882820e+06   5.0903320e+01
   4.7890090e+06   4.8461914e+01
   4.8023540e+06   5.2429199e+01
   4.8049250e+06   7.9040527e+01
   4.8057740e+06   6.1340332e+01
   4.8244430e+06   7.0983887e+01
   4.8272400e+06   5.3039551e+01
   4.8296460e+06   7.0434570e+01
   4.8303660e+06   5.5725098e+01
   4.8311670e+06   4.7058105e+01
   4.8496320e+06   5.6152344e+01
   4.8503780e+06   6.8664551e+01
   4.8535520e+06   5.1025391e+01
   4.8672650e+06   7.5805664e+01
   4.8680450e+06   6.4025879e+01
   4.8764060e+06   5.9875488e+01
   4.8849310e+06   6.8115234e+01
   4.8857600e+06   5.3588867e+01
   4.8860670e+06   4.6325684e+01
   4.8930310e+06   5.4626465e+01
   4.9018010e+06   6.1706543e+01
   4.9026210e+06   5.0415039e+01
   4.9032560e+06   4.6569824e+01
   4.9140890e+06   6.0791016e+01
   4.9190210e+06   6.7077637e+01
   4.9341530e+06   4.9194336e+01
   4.9352840e+06   6.4819336e+01
   4.9359390e+06   5.1818848e+01
   4.9364300e+06   4.9438477e+01
   4.9517060e+06   6.3781738e+01
   4.9517370e+06   4.7973633e+01
   4.9677400e+06   5.0720215e+01
   4.9679200e+06   7.6171875e+01
   4.9681260e+06   4.6875000e+01
   4.9691650e+06   5.8776855e+01
   4.9859460e+06   5.4992676e+01
   4.9860760e+06   6.4392090e+01
   4.9996710e+06   6.8969727e+01
   5.0002910e+06   5.1391602e+01
   5.0011400e+06   5.1818848e+01
   5.0014660e+06   5.1818848e+01
   5.0153810e+06   7.0251465e+01
   5.0169520e+06   5.3100586e+01
   5.0307840e+06   5.2490234e+01
   5.0310810e+06   7.1289062e+01
   5.0458740e+06   5.5541992e+01
   5.0460010e+06   7.8430176e+01
   5.0463900e+06   6.6894531e+01
   5.0472960e+06   4.7363281e+01
   5.0536680e+06   6.4819336e+01
   5.0629500e+06   5.9204102e+01
   5.0704840e+06   4.8583984e+01
   5.0782940e+06   6.1218262e+01
   5.0789840e+06   5.4870605e+01
   5.0945600e+06   6.2805176e+01
   5.0955640e+06   5.0048828e+01
   5.1002430e+06   5.4321289e+01
   5.1065610e+06   7.1960449e+01
   5.1074050e+06   4.6020508e+01
   5.1172630e+06   5.4138184e+01
   5.1194820e+06   7.0251465e+01
   5.1203510e+06   4.8217773e+01
   5.1208070e+06   4.9194336e+01
   5.1264060e+06   4.7363281e+01
   5.1313620e+06   7.1533203e+01
   5.1333220e+06   4.6569824e+01
   5.1466480e+06   6.1401367e+01
   5.1470640e+06   5.3100586e+01
   5.1545040e+06   5.0964355e+01
   5.1562730e+06   4.6569824e+01
   5.1637270e+06   5.1574707e+01
   5.1675990e+06   6.9641113e+01
   5.1814820e+06   6.1523437e+01
   5.1816970e+06   5.0109863e+01
   5.1953180e+06   4.6569824e+01
   5.1975360e+06   7.4645996e+01
   5.2110410e+06   7.0922852e+01
   5.2225620e+06   4.7241211e+01
   5.2243860e+06   6.5917969e+01
   5.2249680e+06   5.2001953e+01
   5.2359250e+06   5.9020996e+01
   5.2364630e+06   4.7607422e+01
   5.2384920e+06   5.0903320e+01
   5.2512850e+06   5.7617187e+01
   5.2518310e+06   5.6213379e+01
   5.2537590e+06   4.9865723e+01
   5.2654140e+06   6.1157227e+01
   5.2706560e+06   4.7729492e+01
   5.2794610e+06   7.4279785e+01
   5.2800040e+06   4.8706055e+01
   5.2843740e+06   5.9387207e+01
   5.2943530e+06   6.6040039e+01
   5.3023200e+06   4.6325684e+01
   5.3082080e+06   6.7443848e+01
   5.3178300e+06   5.2551270e+01
   5.3211860e+06   6.6101074e+01
   5.3253000e+06   4.6142578e+01
   5.3332070e+06   7.0983887e+01
   5.3339080e+06   5.3894043e+01
   5.3456540e+06   5.7739258e+01
   5.3476030e+06   7.0617676e+01
   5.3481210e+06   5.3161621e+01
   5.3485960e+06   4.9438477e+01
   5.3591500e+06   6.9396973e+01
   5.3741570e+06   6.1950684e+01
   5.3888620e+06   6.5246582e+01
   5.3907880e+06   5.3588867e+01
   5.4027830e+06   7.4035645e+01
   5.4040030e+06   6.0302734e+01
   5.4165610e+06   7.0800781e+01
   5.4173060e+06   5.9204102e+01
   5.4200580e+06   5.6762695e+01
   5.4283100e+06   7.0434570e+01
   5.4312630e+06   4.7302246e+01
   5.4420080e+06   6.7382812e+01
   5.4433920e+06   4.6691895e+01
   5.4457980e+06   5.1086426e+01
   5.4541130e+06   7.9040527e+01
   5.4550340e+06   4.7058105e+01
   5.4590460e+06   4.6081543e+01
   5.4683130e+06   5.2307129e+01
   5.4690420e+06   5.1818848e+01
   5.4703590e+06   4.7302246e+01
   5.4816900e+06   4.9499512e+01
   5.4833590e+06   4.7668457e+01
   5.4839300e+06   6.9885254e+01
   5.4912070e+06   4.7485352e+01
   5.4979320e+06   5.8410645e+01
   5.4981440e+06   5.7556152e+01
   5.4992160e+06   4.6325684e+01
   5.5101780e+06   6.6589355e+01
   5.5230580e+06   6.9458008e+01
   5.5235720e+06   5.8654785e+01
   5.5298110e+06   4.6630859e+01
   5.5369860e+06   6.2316895e+01
   5.5372830e+06   5.2307129e+01
   5.5430800e+06   4.8461914e+01
   5.5509020e+06   6.0424805e+01
   5.5515760e+06   5.3710937e+01
   5.5555420e+06   5.3710937e+01
   5.5625660e+06   6.3476562e+01
   5.5633470e+06   4.6508789e+01
   5.5709190e+06   5.5847168e+01
   5.5746330e+06   5.9814453e+01
   5.5835320e+06   6.6772461e+01
   5.5838720e+06   5.5480957e+01
   5.5854820e+06   4.9926758e+01
   5.5985980e+06   7.5134277e+01
   5.6003840e+06   5.0659180e+01
   5.6114370e+06   6.1401367e+01
   5.6119320e+06   4.7180176e+01
   5.6122590e+06   4.8217773e+01
   5.6245610e+06   7.6171875e+01
   5.6267440e+06   4.6203613e+01
   5.6370790e+06   5.8471680e+01
   5.6420270e+06   5.1330566e+01
   5.6536560e+06   6.4453125e+01
   5.6590220e+06   4.8889160e+01
   5.6661400e+06   5.8654785e+01
   5.6796550e+06   7.8613281e+01
   5.6882380e+06   5.1330566e+01
   5.6887010e+06   5.2368164e+01
   5.6989390e+06   4.8583984e+01
   5.7031560e+06   7.0434570e+01
   5.7137130e+06   4.9865723e+01
   5.7185580e+06   6.2316895e+01
   5.7253400e+06   4.6630859e+01
   5.7304080e+06   6.8481445e+01
   5.7312230e+06   5.2978516e+01
   5.7421100e+06   5.1757812e+01
   5.7444920e+06   6.2561035e+01
   5.7577920e+06   5.7739258e+01
   5.7582090e+06   6.0119629e+01
   5.7598010e+06   4.7241211e+01
   5.7718980e+06   7.0190430e+01
   5.7740200e+06   4.7363281e+01
   5.7856490e+06   7.1533203e+01
   5.7857260e+06   5.1208496e+01
   5.7863910e+06   5.1696777e+01
   5.7993550e+06   6.3110352e+01
   5.8001920e+06   5.1696777e+01
   5.8004000e+06   4.8156738e+01
   5.8157090e+06   4.8095703e+01
   5.8167210e+06   6.9091797e+01
   5.8303480e+06   4.9377441e+01
   5.8308010e+06   7.4584961e+01
   5.8397610e+06   5.1025391e+01
   5.8457890e+06   6.7626953e+01
   5.8463050e+06   5.3771973e+01
   5.8565790e+06   5.4199219e+01
   5.8594500e+06   6.3049316e+01
   5.8599040e+06   4.7607422e+01
   5.8605160e+06   4.6569824e+01
   5.8734530e+06   4.6020508e+01
   5.8750710e+06   7.8063965e+01
   5.8877310e+06   6.7077637e+01
   5.8921040e+06   5.0842285e+01
   5.8972050e+06   6.7443848e+01
   5.8980670e+06   6.1462402e+01
   5.9069480e+06   5.4382324e+01
   5.9085460e+06   4.6997070e+01
   5.9091670e+06   6.0058594e+01
   5.9210840e+06   6.9335938e+01
   5.9250320e+06   8.1298828e+01
   5.9255050e+06   5.4504395e+01
   5.9264070e+06   4.8522949e+01
   5.9407590e+06   6.9763184e+01
   5.9556020e+06   6.4025879e+01
   5.9562010e+06   5.4077148e+01
   5.9570040e+06   4.9072266e+01
   5.9649810e+06   5.3161621e+01
   5.9689560e+06   6.4086914e+01
   5.9804020e+06   5.0842285e+01
   5.9852610e+06   7.0861816e+01
   5.9933750e+06   4.7729492e+01
   5.9986840e+06   5.2978516e+01
   6.0113930e+06   4.7851562e+01
   6.0121930e+06   7.4035645e+01
   6.0132380e+06   5.2368164e+01
   6.0244700e+06   4.8645020e+01
   6.0253680e+06   6.5185547e+01
   6.0371720e+06   5.1879883e+01
   6.0383830e+06   6.0974121e+01
   6.0398670e+06   4.9743652e+01
   6.0501220e+06   4.8339844e+01
   6.0535600e+06   6.4819336e+01
   6.0540160e+06   5.3649902e+01
   6.0668760e+06   5.4992676e+01
   6.0687080e+06   6.4208984e+01
   6.0691500e+06   4.6386719e+01
   6.0812920e+06   6.2011719e+01
   6.0827430e+06   4.9316406e+01
   6.0834810e+06   4.7180176e+01
   6.0979530e+06   6.8115234e+01
   6.0988750e+06   4.9316406e+01
   6.1049050e+06   6.6040039e+01
   6.1125290e+06   6.0607910e+01
   6.1209260e+06   4.8095703e+01
   6.1288610e+06   7.4035645e+01
   6.1333260e+06   5.2062988e+01
   6.1456770e+06   6.1096191e+01
   6.1487500e+06   4.8706055e+01
   6.1493980e+06   5.0720215e+01
   6.1610150e+06   6.7565918e+01
   6.1780360e+06   7.1411133e+01
   6.1801960e+06   4.6020508e+01
   6.1852750e+06   6.3964844e+01
   6.1859580e+06   6.0913086e+01
   6.1898490e+06   5.0415039e+01
   6.1985460e+06   7.4829102e+01
   6.1996520e+06   4.6691895e+01
   6.2066410e+06   4.7973633e+01
   6.2068220e+06   4.7973633e+01
   6.2119950e+06   6.1279297e+01
   6.2232010e+06   4.6508789e+01
   6.2265490e+06   7.3303223e+01
   6.2418150e+06   4.8828125e+01
   6.2419360e+06   5.9875488e+01
   6.2561000e+06   6.1462402e+01
   6.2590300e+06   5.1696777e+01
   6.2698860e+06   7.8735352e+01
   6.2703340e+06   4.6325684e+01
   6.2852570e+06   6.8908691e+01
   6.3026480e+06   5.5297852e+01
   6.3101060e+06   4.6325684e+01
   6.3188760e+06   7.6354980e+01
   6.3268170e+06   4.6752930e+01
   6.3349990e+06   5.5664062e+01
   6.3459580e+06   5.7983398e+01
   6.3497210e+06   5.9692383e+01
   6.3636400e+06   4.6569824e+01
   6.3656680e+06   7.3486328e+01
   6.3789680e+06   4.6691895e+01
   6.3813880e+06   7.3059082e+01
   6.3821050e+06   5.0598145e+01
   6.3979870e+06   5.2490234e+01
   6.3981110e+06   5.4443359e+01
   6.3992170e+06   4.8156738e+01
   6.4153590e+06   8.1665039e+01
   6.4172300e+06   4.8400879e+01
   6.4312530e+06   6.0058594e+01
   6.4327730e+06   5.2062988e+01
   6.4462570e+06   6.6650391e+01
   6.4468080e+06   5.0659180e+01
   6.4471960e+06   5.0415039e+01
   6.4475300e+06   4.9316406e+01
   6.4497720e+06   4.7119141e+01
   6.4510110e+06   4.6691895e+01
   6.4663370e+06   6.9763184e+01
   6.4666330e+06   4.6020508e+01
   6.4706250e+06   5.2368164e+01
   6.4832230e+06   6.4392090e+01
   6.4900070e+06   5.7556152e+01
   6.4975460e+06   5.9387207e+01
   6.4982680e+06   6.1645508e+01
   6.5129430e+06   7.4890137e+01
   6.5130580e+06   5.2124023e+01
   6.5142830e+06   5.1330566e+01
   6.5297320e+06   8.1970215e+01
   6.5303650e+06   5.2001953e+01
   6.5311310e+06   5.0476074e+01
   6.5435620e+06   6.8542480e+01
   6.5446850e+06   5.4870605e+01
   6.5562500e+06   5.6640625e+01
   6.5578840e+06   7.0983887e+01
   6.5588710e+06   5.8227539e+01
   6.5763160e+06   7.9833984e+01
   6.5766870e+06   5.2490234e+01
   6.5778850e+06   4.9743652e+01
   6.5780740e+06   4.8889160e+01
   6.5924740e+06   6.9763184e+01
   6.5934960e+06   6.7504883e+01
   6.5986080e+06   5.5664062e+01
   6.6086900e+06   6.2316895e+01
   6.6093310e+06   5.3894043e+01
   6.6139190e+06   5.1147461e+01
   6.6283490e+06   6.5185547e+01
   6.6319950e+06   4.9560547e+01
   6.6463650e+06   7.4035645e+01
   6.6469950e+06   4.6508789e+01
   6.6557290e+06   4.6691895e+01
   6.6616880e+06   5.3955078e+01
   6.6711390e+06   7.0861816e+01
   6.6723270e+06   5.0170898e+01
   6.6916530e+06   7.9040527e+01
   6.6928880e+06   6.1035156e+01
   6.6999670e+06   5.0964355e+01
   6.7085680e+06   7.1838379e+01
   6.7094170e+06   6.2133789e+01
   6.7224300e+06   4.6813965e+01
   6.7319700e+06   7.8857422e+01
   6.7444410e+06   4.6630859e+01
   6.7525630e+06   7.1594238e+01
   6.7529490e+06   4.8339844e+01
   6.7729980e+06   7.6293945e+01
   6.7730690e+06   4.8095703e+01
   6.7891770e+06   7.5500488e+01
   6.7901810e+06   4.6447754e+01
   6.7970830e+06   4.8767090e+01
   6.8110700e+06   6.0729980e+01
   6.8120310e+06   5.1696777e+01
   6.8170550e+06   5.4931641e+01
   6.8321920e+06   7.2265625e+01
   6.8327700e+06   7.1105957e+01
   6.8381890e+06   4.8156738e+01
   6.8525010e+06   7.4584961e+01
   6.8534350e+06   4.7973633e+01
   6.8616360e+06   5.4626465e+01
   6.8668820e+06   5.5236816e+01
   6.8756350e+06   6.5612793e+01
   6.8765660e+06   5.3161621e+01
   6.8823170e+06   5.4565430e+01
   6.8825860e+06   4.6691895e+01
   6.8982260e+06   7.3547363e+01
   6.8995350e+06   4.8889160e+01
   6.9178130e+06   4.8156738e+01
   6.9180500e+06   4.6752930e+01
   6.9190550e+06   7.0678711e+01
   6.9392560e+06   6.6894531e+01
   6.9394380e+06   4.6569824e+01
   6.9647990e+06   7.0983887e+01
   6.9654160e+06   5.9020996e+01
   6.9745470e+06   5.7373047e+01
   6.9749950e+06   4.7180176e+01
   6.9869760e+06   7.2692871e+01
   6.9882700e+06   4.6142578e+01
   6.9971550e+06   5.4870605e+01
   7.0102620e+06   8.0871582e+01
   7.0107370e+06   4.9133301e+01
   7.0116230e+06   4.6936035e+01
   7.0264190e+06   5.5236816e+01
   7.0319910e+06   8.0688477e+01
   7.0391720e+06   4.9438477e+01
   7.0628370e+06   6.7260742e+01
   7.0631150e+06   6.7626953e+01
   7.0720060e+06   5.5480957e+01
   7.0878960e+06   5.2673340e+01
   7.0886760e+06   7.1777344e+01
   7.0891280e+06   4.7119141e+01
   7.0894340e+06   5.9570312e+01
   7.1080670e+06   6.9396973e+01
   7.1089370e+06   4.9499512e+01
   7.1141630e+06   5.8044434e+01
   7.1145070e+06   5.3771973e+01
   7.1289290e+06   8.6914062e+01
   7.1301820e+06   5.2795410e+01
   7.1306160e+06   6.9702148e+01
   7.1473230e+06   6.4392090e+01
   7.1478040e+06   5.4382324e+01
   7.1487810e+06   4.7912598e+01
   7.1543280e+06   6.5795898e+01
   7.1544720e+06   5.6823730e+01
   7.1657800e+06   7.4462891e+01
   7.1662940e+06   7.3364258e+01
   7.1665490e+06   5.2490234e+01
   7.1759300e+06   4.9865723e+01
   7.1873580e+06   8.0871582e+01
   7.1879340e+06   5.6884766e+01
   7.1961630e+06   4.8889160e+01
   7.1962930e+06   4.8034668e+01
   7.2089420e+06   6.4208984e+01
   7.2101090e+06   4.6447754e+01
   7.2149380e+06   5.0109863e+01
   7.2412720e+06   7.4157715e+01
   7.2441770e+06   4.8095703e+01
   7.2580880e+06   4.8461914e+01
   7.2615540e+06   8.3251953e+01
   7.2789030e+06   4.9499512e+01
   7.2838330e+06   8.0932617e+01
   7.3045710e+06   5.5541992e+01
   7.3048400e+06   4.7302246e+01
   7.3112160e+06   6.3781738e+01
   7.3116070e+06   4.6997070e+01
   7.3307100e+06   5.0231934e+01
   7.3309820e+06   5.2551270e+01
   7.3327910e+06   4.7302246e+01
   7.3329750e+06   5.2917480e+01
   7.3605490e+06   7.5744629e+01
   7.3612020e+06   5.3100586e+01
   7.3658410e+06   5.3771973e+01
   7.3895020e+06   7.9711914e+01
   7.3898330e+06   6.7810059e+01
   7.3905830e+06   5.3588867e+01
   7.3925790e+06   5.2734375e+01
   7.4047930e+06   5.1696777e+01
   7.4228490e+06   5.2001953e+01
   7.4393760e+06   8.5083008e+01
   7.4403140e+06   5.0354004e+01
   7.4525810e+06   5.0292969e+01
   7.4657160e+06   5.0292969e+01
   7.4692330e+06   6.6589355e+01
   7.4701360e+06   4.6264648e+01
   7.4879200e+06   4.9560547e+01
   7.4949410e+06   7.2631836e+01
   7.4950630e+06   4.7424316e+01
   7.4956900e+06   5.4870605e+01
   7.4960440e+06   5.9753418e+01
   7.4969360e+06   5.0231934e+01
   7.5123170e+06   5.0659180e+01
   7.5124800e+06   4.8095703e+01
   7.5207920e+06   8.3801270e+01
   7.5246400e+06   4.8156738e+01
   7.5396150e+06   8.3251953e+01
   7.5414120e+06   4.7607422e+01
   7.5526110e+06   5.8532715e+01
   7.5656510e+06   6.6162109e+01
   7.5781850e+06   7.7331543e+01
   7.5903440e+06   5.0476074e+01
   7.5907490e+06   5.0292969e+01
   7.5943450e+06   5.3344727e+01
   7.5945120e+06   5.0842285e+01
   7.5953860e+06   5.1269531e+01
   7.6111580e+06   4.6569824e+01
   7.6115220e+06   4.8339844e+01
   7.6154570e+06   6.7443848e+01
   7.6160150e+06   5.0903320e+01
   7.6164250e+06   5.6701660e+01
   7.6362870e+06   4.7729492e+01
   7.6502220e+06   4.6264648e+01
   7.6550500e+06   8.5083008e+01
   7.6557000e+06   5.3039551e+01
   7.6569070e+06   4.7851562e+01
   7.6723320e+06   4.6081543e+01
   7.6806970e+06   5.0781250e+01
   7.6860170e+06   8.6059570e+01
   7.6862240e+06   5.4809570e+01
   7.6878170e+06   4.8767090e+01
   7.7100790e+06   7.3852539e+01
   7.7154250e+06   4.9133301e+01
   7.7155790e+06   4.7241211e+01
   7.7405790e+06   4.8767090e+01
   7.7407970e+06   7.5927734e+01
   7.7412850e+06   6.8786621e+01
   7.7423440e+06   4.7485352e+01
   7.7428030e+06   4.7180176e+01
   7.7546450e+06   5.7617187e+01
   7.7548240e+06   4.7302246e+01
   7.7775430e+06   4.9987793e+01
   7.7799660e+06   5.4443359e+01
   7.7903780e+06   8.4899902e+01
   7.7905200e+06   4.9865723e+01
   7.7908800e+06   6.5795898e+01
   7.7914910e+06   6.7138672e+01
   7.8222870e+06   4.8950195e+01
   7.8271510e+06   5.7922363e+01
   7.8374340e+06   5.0415039e+01
   7.8380290e+06   5.3588867e+01
   7.8382980e+06   6.0485840e+01
   7.8389570e+06   5.3588867e+01
   7.8392550e+06   5.4077148e+01
   7.8664400e+06   5.1269531e+01
   7.8739100e+06   8.0749512e+01
   7.8748450e+06   4.8217773e+01
   7.8886210e+06   4.9133301e+01
   7.8894260e+06   5.4931641e+01
   7.8980900e+06   7.2326660e+01
   7.8992640e+06   4.8034668e+01
   7.9046640e+06   4.8889160e+01
   7.9051860e+06   5.5969238e+01
   7.9211280e+06   5.2551270e+01
   7.9225450e+06   7.3730469e+01
   7.9229230e+06   4.8034668e+01
   7.9231970e+06   5.0842285e+01
   7.9494560e+06   5.7373047e+01
   7.9577760e+06   5.2551270e+01
   7.9586870e+06   6.4758301e+01
   7.9772550e+06   4.9743652e+01
   7.9864790e+06   8.0078125e+01
   7.9866000e+06   4.6203613e+01
   7.9870070e+06   5.2795410e+01
   7.9880740e+06   4.7363281e+01
   8.0026800e+06   4.6813965e+01
   8.0219340e+06   8.0627441e+01
   8.0278350e+06   5.1757812e+01
   8.0280110e+06   4.9499512e+01
   8.0384110e+06   8.3251953e+01
   8.0385990e+06   4.9987793e+01
   8.0546950e+06   9.0332031e+01
   8.0557290e+06   5.0048828e+01
   8.0631020e+06   6.1096191e+01
   8.0812940e+06   8.2885742e+01
   8.0815900e+06   5.7250977e+01
   8.0822330e+06   4.7302246e+01
   8.0826850e+06   4.6386719e+01
   8.0975520e+06   5.1818848e+01
   8.1096510e+06   7.2998047e+01
   8.1098270e+06   4.9987793e+01
   8.1175330e+06   5.5114746e+01
   8.1443160e+06   5.7312012e+01
   8.1742420e+06   5.8959961e+01
   8.1748830e+06   4.6691895e+01
   8.1865780e+06   6.5124512e+01
   8.1867920e+06   6.2927246e+01
   8.1869470e+06   4.7180176e+01
   8.1872280e+06   4.8828125e+01
   8.1878000e+06   4.9987793e+01
   8.2002100e+06   5.4687500e+01
   8.2177870e+06   4.7180176e+01
   8.2188720e+06   5.0903320e+01
   8.2263130e+06   6.3293457e+01
   8.2265180e+06   6.8847656e+01
   8.2274780e+06   5.2673340e+01
   8.2542090e+06   7.7453613e+01
   8.2543460e+06   5.0964355e+01
   8.2552580e+06   5.5419922e+01
   8.2554480e+06   5.2917480e+01
   8.2728070e+06   4.8278809e+01
   8.2882790e+06   6.5551758e+01
   8.2887190e+06   6.7199707e+01
   8.2891580e+06   5.5725098e+01
   8.2897980e+06   4.8217773e+01
   8.3026550e+06   5.2185059e+01
   8.3028650e+06   4.6386719e+01
   8.3214970e+06   7.2814941e+01
   8.3217780e+06   6.5185547e+01
   8.3282780e+06   5.6762695e+01
   8.3430470e+06   7.7209473e+01
   8.3432780e+06   6.0058594e+01
   8.3449700e+06   4.6264648e+01
   8.3627670e+06   5.8227539e+01
   8.3704440e+06   4.9987793e+01
   8.3785010e+06   8.2580566e+01
   8.3789860e+06   5.5969238e+01
   8.4048410e+06   4.7851562e+01
   8.4290660e+06   4.8828125e+01
   8.4292830e+06   4.9255371e+01
   8.4309760e+06   7.3486328e+01
   8.4311590e+06   5.2307129e+01
   8.4321850e+06   5.8166504e+01
   8.4594330e+06   4.9194336e+01
   8.4615280e+06   6.0241699e+01
   8.4639820e+06   7.2082520e+01
   8.4642730e+06   7.8125000e+01
   8.4649640e+06   6.4270020e+01
   8.4657330e+06   5.2856445e+01
   8.4696950e+06   4.7424316e+01
   8.4955450e+06   4.6325684e+01
   8.4960900e+06   7.2814941e+01
   8.4962660e+06   4.6264648e+01
   8.4963170e+06   4.6386719e+01
   8.4975000e+06   5.8715820e+01
   8.5178770e+06   7.4096680e+01
   8.5185420e+06   7.0129395e+01
   8.5273730e+06   5.6762695e+01
   8.5562730e+06   7.4279785e+01
   8.5565140e+06   5.3222656e+01
   8.5569360e+06   5.6518555e+01
   8.5884250e+06   5.0659180e+01
   8.5885520e+06   7.6904297e+01
   8.5886900e+06   4.6752930e+01
   8.6082120e+06   5.1696777e+01
   8.6125790e+06   6.2561035e+01
   8.6162820e+06   8.0627441e+01
   8.6164760e+06   5.2185059e+01
   8.6169520e+06   5.5053711e+01
   8.6422050e+06   5.9020996e+01
   8.6471050e+06   7.7758789e+01
   8.6475220e+06   7.0434570e+01
   8.6477860e+06   4.7058105e+01
   8.6482620e+06   4.8767090e+01
   8.6550080e+06   4.8645020e+01
   8.6606870e+06   5.5480957e+01
   8.6850300e+06   4.8400879e+01
   8.7053610e+06   5.6884766e+01
   8.7124160e+06   8.2763672e+01
   8.7125680e+06   5.7556152e+01
   8.7132610e+06   4.8461914e+01
   8.7310960e+06   5.1574707e+01
   8.7443240e+06   7.7514648e+01
   8.7658540e+06   5.1940918e+01
   8.7713560e+06   8.0505371e+01
   8.7782910e+06   5.0842285e+01
   8.7790920e+06   5.3894043e+01
   8.7895250e+06   7.1166992e+01
   8.7931700e+06   4.8522949e+01
   8.8292260e+06   7.3913574e+01
   8.8302490e+06   6.1767578e+01
   8.8306330e+06   5.6457520e+01
   8.8334900e+06   5.5603027e+01
   8.8337080e+06   4.6936035e+01
   8.8566000e+06   8.2092285e+01
   8.8567390e+06   5.3466797e+01
   8.8569850e+06   6.1523438e+01
   8.8577490e+06   5.6518555e+01
   8.8614170e+06   4.9133301e+01
   8.8784320e+06   5.7678223e+01
   8.8914340e+06   4.7424316e+01
   8.9112130e+06   5.9448242e+01
   8.9114480e+06   4.7363281e+01
   8.9221710e+06   7.8002930e+01
   8.9360330e+06   6.6589355e+01
   8.9361920e+06   5.2917480e+01
   8.9366560e+06   4.9011230e+01
   8.9371220e+06   5.7312012e+01
   8.9380570e+06   5.8532715e+01
   8.9504010e+06   4.7058105e+01
   8.9556080e+06   7.2814941e+01
   8.9562150e+06   4.8400879e+01
   8.9782300e+06   5.2673340e+01
   8.9784600e+06   4.6508789e+01
   8.9949990e+06   8.3618164e+01
   8.9951420e+06   4.7485352e+01
   8.9956050e+06   4.8767090e+01
   8.9969260e+06   6.5551758e+01
