   8.9990000e+06   0.0000000e+00
   8.9159000e+04   4.9926758e+01
   1.3750500e+05   5.2551270e+01
   1.8776800e+05   4.8767090e+01
   2.0823300e+05   4.1503906e+01
   2.2239400e+05   4.5532227e+01
   2.6366800e+05   4.2114258e+01
   3.0926700e+05   4.6936035e+01
   3.2187100e+05   4.0283203e+01
   3.4296600e+05   4.1992188e+01
   4.7663900e+05   4.0344238e+01
   5.2913800e+05   4.1992188e+01
   6.6786700e+05   4.5104980e+01
   7.1601400e+05   4.9072266e+01
   7.8306700e+05   4.1992188e+01
   8.2164500e+05   4.7241211e+01
   8.5659300e+05   5.2612305e+01
   8.7965700e+05   4.6813965e+01
   9.0858800e+05   4.6386719e+01
   9.2821700e+05   7.0190430e+01
   1.0509950e+06   5.1879883e+01
   1.1022610e+06   4.1564941e+01
   1.1356190e+06   4.9621582e+01
   1.1579560e+06   4.4433594e+01
   1.2187200e+06   4.3640137e+01
   1.2376970e+06   4.8095703e+01
   1.2842700e+06   5.7800293e+01
   1.3052440e+06   5.6701660e+01
   1.3386650e+06   4.1076660e+01
   1.3765680e+06   4.6386719e+01
   1.4466890e+06   5.7556152e+01
   1.5117750e+06   3.9794922e+01
   1.5502480e+06   4.1503906e+01
   1.6505840e+06   4.9438477e+01
   1.6856830e+06   4.4433594e+01
   1.7037910e+06   4.2541504e+01
   1.7509000e+06   5.2429199e+01
   1.7753310e+06   4.0954590e+01
   1.8085830e+06   4.0405273e+01
   1.9641800e+06   4.5166016e+01
   1.9927170e+06   5.1757813e+01
   2.0576270e+06   5.3466797e+01
   2.1134430e+06   4.4494629e+01
   2.1426210e+06   5.1696777e+01
   2.1623440e+06   4.9865723e+01
   2.1840350e+06   5.6396484e+01
   2.2264570e+06   5.6396484e+01
   2.2858420e+06   5.6213379e+01
   2.3146060e+06   4.5715332e+01
   2.3339040e+06   5.0842285e+01
   2.3726740e+06   4.0649414e+01
   2.3771500e+06   4.5532227e+01
   2.4487680e+06   4.2358398e+01
   2.4762640e+06   3.9184570e+01
   2.5028140e+06   5.0292969e+01
   2.5251000e+06   4.4189453e+01
   2.5575710e+06   4.2724609e+01
   2.5878630e+06   3.9245605e+01
   2.6878260e+06   5.1696777e+01
   2.7411100e+06   4.9133301e+01
   2.7798810e+06   4.5043945e+01
   2.7919460e+06   4.9011230e+01
   2.8405560e+06   4.7546387e+01
   2.8988370e+06   3.9550781e+01
   2.9236790e+06   5.1757813e+01
   2.9450660e+06   4.6325684e+01
   2.9724740e+06   4.7424316e+01
   3.0231490e+06   6.0729980e+01
   3.0645640e+06   4.3090820e+01
   3.0969360e+06   6.0729980e+01
   3.1149490e+06   5.2734375e+01
   3.1364860e+06   4.1870117e+01
   3.1502880e+06   5.1818848e+01
   3.1638920e+06   4.3212891e+01
   3.2002690e+06   4.7912598e+01
   3.2677420e+06   4.1992188e+01
   3.2844660e+06   4.2541504e+01
   3.3111330e+06   5.1269531e+01
   3.3348970e+06   3.9672852e+01
   3.3709470e+06   4.3579102e+01
   3.3826660e+06   5.1391602e+01
   3.4265120e+06   5.1513672e+01
   3.4668270e+06   4.8767090e+01
   3.4898840e+06   4.7851563e+01
   3.5321250e+06   4.0832520e+01
   3.5617460e+06   4.6325684e+01
   3.5877810e+06   4.7058105e+01
   3.6539230e+06   4.5715332e+01
   3.6829780e+06   4.8767090e+01
   3.7003400e+06   4.5288086e+01
   3.7186440e+06   3.9428711e+01
   3.7619920e+06   4.5410156e+01
   3.7876510e+06   5.2551270e+01
   3.8017100e+06   4.8583984e+01
   3.8236160e+06   5.1086426e+01
   3.8541110e+06   4.9743652e+01
   3.8724770e+06   4.2419434e+01
   3.9006430e+06   4.8034668e+01
   3.9247780e+06   4.8645020e+01
   3.9508410e+06   4.1809082e+01
   3.9993700e+06   4.8889160e+01
   4.0753430e+06   5.7861328e+01
   4.1956900e+06   5.5847168e+01
   4.4369110e+06   4.7180176e+01
   4.4888320e+06   4.3579102e+01
   4.5109740e+06   4.2480469e+01
   4.6025710e+06   4.5837402e+01
   4.6231680e+06   4.8156738e+01
   4.6383710e+06   4.4250488e+01
   4.6562460e+06   4.8767090e+01
   4.6794800e+06   3.9428711e+01
   4.7029240e+06   4.7058105e+01
   4.7251260e+06   5.0537109e+01
   4.7449470e+06   4.6203613e+01
   4.7730380e+06   4.5227051e+01
   4.7901780e+06   4.2358398e+01
   4.8010900e+06   5.2062988e+01
   4.8285150e+06   4.9560547e+01
   4.8433650e+06   5.1879883e+01
   4.8710860e+06   5.1147461e+01
   4.8987980e+06   5.2062988e+01
   4.9274920e+06   4.6997070e+01
   4.9435890e+06   4.7058105e+01
   4.9705560e+06   5.0109863e+01
   4.9762370e+06   3.9611816e+01
   4.9882050e+06   4.0832520e+01
   5.0118170e+06   4.2297363e+01
   5.0290060e+06   5.1147461e+01
   5.0306840e+06   4.2602539e+01
   5.0394270e+06   3.9733887e+01
   5.0554940e+06   4.3090820e+01
   5.0749530e+06   4.2541504e+01
   5.0851510e+06   4.2541504e+01
   5.1031470e+06   5.2490234e+01
   5.1143090e+06   4.3090820e+01
   5.1328640e+06   5.2124023e+01
   5.1538100e+06   4.3945313e+01
   5.1674690e+06   5.0415039e+01
   5.1821310e+06   4.8645020e+01
   5.1946570e+06   4.6325684e+01
   5.2323100e+06   4.8645020e+01
   5.2394460e+06   4.3212891e+01
   5.2581650e+06   4.2297363e+01
   5.2714400e+06   5.0720215e+01
   5.2837400e+06   3.9306641e+01
   5.3001020e+06   4.8767090e+01
   5.3112530e+06   4.7302246e+01
   5.3201660e+06   4.0222168e+01
   5.3366860e+06   4.1564941e+01
   5.3511640e+06   4.1137695e+01
   5.3658590e+06   4.1625977e+01
   5.3762050e+06   3.9733887e+01
   5.3962820e+06   4.7302246e+01
   5.4211840e+06   4.2358398e+01
   5.4485320e+06   4.1015625e+01
   5.4591490e+06   4.3029785e+01
   5.4721860e+06   4.0649414e+01
   5.4806950e+06   4.2480469e+01
   5.4962850e+06   4.7729492e+01
   5.5091400e+06   4.0283203e+01
   5.5231870e+06   4.9743652e+01
   5.5317800e+06   4.5593262e+01
   5.5495530e+06   4.7607422e+01
   5.5651270e+06   4.7119141e+01
   5.5795780e+06   4.5349121e+01
   5.5920140e+06   5.3588867e+01
   5.6058860e+06   4.3823242e+01
   5.6187970e+06   4.6386719e+01
   5.6337450e+06   4.2114258e+01
   5.6453520e+06   4.3762207e+01
   5.6564570e+06   4.7912598e+01
   5.6682930e+06   3.9855957e+01
   5.6799360e+06   4.6569824e+01
   5.6974200e+06   4.4128418e+01
   5.7049370e+06   4.1687012e+01
   5.7215320e+06   4.4006348e+01
   5.7425820e+06   4.3334961e+01
   5.7540310e+06   4.0771484e+01
   5.7741380e+06   4.4860840e+01
   5.7929380e+06   5.4748535e+01
   5.8105120e+06   4.5654297e+01
   5.8297620e+06   4.6569824e+01
   5.8571010e+06   4.7973633e+01
   5.8896330e+06   4.6936035e+01
   5.8997590e+06   4.3701172e+01
   5.9127520e+06   4.7058105e+01
   5.9303350e+06   4.0832520e+01
   5.9403410e+06   4.0100098e+01
   5.9563260e+06   4.4128418e+01
   5.9798560e+06   4.5837402e+01
   6.0487700e+06   4.2236328e+01
   6.0603280e+06   4.1992187e+01
   6.0770440e+06   4.9255371e+01
   6.0868660e+06   5.6518555e+01
   6.1056590e+06   4.0710449e+01
   6.1154880e+06   3.9855957e+01
   6.1343420e+06   4.3457031e+01
   6.1537770e+06   4.7851562e+01
   6.1767480e+06   4.3884277e+01
   6.1882110e+06   5.2795410e+01
   6.1998200e+06   4.4433594e+01
   6.2107130e+06   5.4016113e+01
   6.2275390e+06   4.1809082e+01
   6.2292730e+06   4.1381836e+01
   6.2496670e+06   4.1076660e+01
   6.2689210e+06   4.5166016e+01
   6.2884950e+06   4.6020508e+01
   6.3041190e+06   3.9794922e+01
   6.3230810e+06   4.0161133e+01
   6.3281570e+06   4.2175293e+01
   6.3455810e+06   4.9499512e+01
   6.3548080e+06   4.5837402e+01
   6.3773900e+06   5.0842285e+01
   6.3996570e+06   3.9428711e+01
   6.4102980e+06   4.7119141e+01
   6.4305650e+06   4.1015625e+01
   6.4433440e+06   5.3405762e+01
   6.4647780e+06   4.2663574e+01
   6.4688660e+06   3.9428711e+01
   6.4846000e+06   4.0344238e+01
   6.5042490e+06   4.7851562e+01
   6.5210310e+06   4.5715332e+01
   6.5347310e+06   5.6274414e+01
   6.5584130e+06   4.1625977e+01
   6.5845410e+06   5.0476074e+01
   6.6123970e+06   4.0222168e+01
   6.6176960e+06   4.7058105e+01
   6.6328280e+06   4.7119141e+01
   6.6391440e+06   3.9245605e+01
   6.6531920e+06   4.4555664e+01
   6.6654240e+06   4.6569824e+01
   6.6825220e+06   3.9611816e+01
   6.7072480e+06   4.8889160e+01
   6.7269030e+06   4.4372559e+01
   6.7390860e+06   4.8339844e+01
   6.7568750e+06   5.3588867e+01
   6.7724130e+06   4.2175293e+01
   6.7890130e+06   4.1931152e+01
   6.8036460e+06   4.1748047e+01
   6.8308420e+06   4.0283203e+01
   6.8315960e+06   3.9733887e+01
   6.8490820e+06   4.6081543e+01
   6.8689390e+06   5.3161621e+01
   6.9022230e+06   5.2734375e+01
   6.9205630e+06   4.7241211e+01
   6.9350810e+06   4.0832520e+01
   6.9446780e+06   4.2968750e+01
   6.9728130e+06   5.0842285e+01
   6.9930890e+06   4.9072266e+01
   7.0134990e+06   4.1015625e+01
   7.0283240e+06   4.0161133e+01
   7.0366770e+06   5.0354004e+01
   7.0513660e+06   3.9306641e+01
   7.0668460e+06   4.7424316e+01
   7.0899180e+06   5.3344727e+01
   7.1077400e+06   4.5227051e+01
   7.1211860e+06   4.1625977e+01
   7.1367460e+06   4.0283203e+01
   7.1411990e+06   4.6813965e+01
   7.1696860e+06   4.1442871e+01
   7.1866610e+06   4.3762207e+01
   7.2070670e+06   4.9560547e+01
   7.2208190e+06   4.4250488e+01
   7.2316180e+06   4.4067383e+01
   7.2486080e+06   5.0415039e+01
   7.2616770e+06   4.4006348e+01
   7.2762110e+06   4.2114258e+01
   7.2983090e+06   4.1564941e+01
   7.3088220e+06   4.4799805e+01
   7.3269220e+06   4.5898437e+01
   7.3478860e+06   3.9978027e+01
   7.3612820e+06   3.9611816e+01
   7.3821470e+06   4.8400879e+01
   7.3924560e+06   4.5715332e+01
   7.4082600e+06   4.7668457e+01
   7.4213880e+06   4.5288086e+01
   7.4387430e+06   5.5297852e+01
   7.4582920e+06   4.9316406e+01
   7.4752800e+06   4.2968750e+01
   7.4914480e+06   4.1259766e+01
   7.5085790e+06   4.6142578e+01
   7.5233960e+06   5.3588867e+01
   7.5414480e+06   4.8461914e+01
   7.5611760e+06   4.7973633e+01
   7.5800650e+06   4.2968750e+01
   7.6066750e+06   4.4128418e+01
   7.6325760e+06   4.5593262e+01
   7.6595410e+06   4.5654297e+01
   7.6748130e+06   5.4260254e+01
   7.7036380e+06   4.4860840e+01
   7.7191330e+06   4.8095703e+01
   7.7563480e+06   4.4555664e+01
   7.7924090e+06   4.4921875e+01
   7.8403940e+06   4.2724609e+01
   7.8749790e+06   4.3823242e+01
   7.9153510e+06   5.3710938e+01
   7.9336660e+06   3.9672852e+01
   7.9679440e+06   4.5898437e+01
   7.9772330e+06   4.3212891e+01
   8.0061860e+06   4.9194336e+01
   8.1154690e+06   4.5898438e+01
   8.1455060e+06   4.1687012e+01
   8.2232980e+06   4.6569824e+01
   8.2520390e+06   4.4738770e+01
   8.2804300e+06   5.5053711e+01
   8.3086550e+06   5.5114746e+01
   8.3319480e+06   4.9560547e+01
   8.3454610e+06   4.7302246e+01
   8.4234850e+06   5.0781250e+01
   8.4774970e+06   5.4199219e+01
   8.5926390e+06   4.2236328e+01
   8.6560900e+06   5.3833008e+01
   8.7069430e+06   4.0283203e+01
   8.8669580e+06   5.9143066e+01
   8.9215790e+06   5.3161621e+01
