   8.9990000e+06   0.0000000e+00
   4.0798000e+04   4.7912598e+01
   5.4902800e+05   4.7363281e+01
   5.6658100e+05   4.6264648e+01
   6.9640200e+05   4.8095703e+01
   7.1415900e+05   4.7180176e+01
   7.8804800e+05   5.0170898e+01
   8.9476400e+05   4.6875000e+01
   1.0427790e+06   4.6203613e+01
   1.4295470e+06   4.7973633e+01
   1.5344880e+06   4.7668457e+01
   1.7493780e+06   4.6630859e+01
   2.1281300e+06   4.6813965e+01
   2.1609860e+06   4.7729492e+01
   2.3766990e+06   4.7180176e+01
   2.4480440e+06   4.8767090e+01
   2.4499890e+06   4.6264648e+01
   2.7485180e+06   4.7851562e+01
   2.9163690e+06   5.3771973e+01
   2.9423320e+06   4.6875000e+01
   3.0668560e+06   5.0292969e+01
   3.0771170e+06   4.6325684e+01
   3.2430950e+06   4.6264648e+01
   3.4473930e+06   4.8034668e+01
   3.4669860e+06   4.8034668e+01
   3.5176760e+06   4.6447754e+01
   3.5310940e+06   4.6264648e+01
   3.5878740e+06   4.7363281e+01
   3.5934640e+06   4.6630859e+01
   3.6540890e+06   4.9316406e+01
   3.7211750e+06   4.6386719e+01
   3.8329480e+06   4.7790527e+01
   3.8400020e+06   4.6630859e+01
   3.8773480e+06   4.6508789e+01
   3.9875670e+06   4.7180176e+01
   4.0320920e+06   4.6752930e+01
   4.0336190e+06   4.7973633e+01
   4.2811350e+06   5.9936523e+01
   4.2928180e+06   4.6875000e+01
   4.3841970e+06   4.8217773e+01
   4.4677320e+06   4.9194336e+01
   4.6329840e+06   4.7607422e+01
   4.9768020e+06   4.6936035e+01
   5.0165660e+06   4.7729492e+01
   5.0484900e+06   5.0109863e+01
   5.0903020e+06   4.8950195e+01
   5.1256080e+06   4.6691895e+01
   5.1846830e+06   4.7241211e+01
   5.2858790e+06   4.9255371e+01
   5.3088160e+06   4.8645020e+01
   5.3131830e+06   4.9804688e+01
   5.3763010e+06   5.2917480e+01
   5.4132170e+06   4.7973633e+01
   5.4608700e+06   4.6752930e+01
   5.5993140e+06   4.6325684e+01
   5.6155130e+06   4.9438477e+01
   5.8283820e+06   5.1330566e+01
   5.9295600e+06   4.8645020e+01
   6.0887130e+06   4.7302246e+01
   6.1141530e+06   4.7241211e+01
   6.1613330e+06   4.8217773e+01
   6.3204940e+06   4.6264648e+01
   6.3972670e+06   4.8706055e+01
   6.7265080e+06   4.6752930e+01
   6.7798920e+06   4.9377441e+01
   6.8043280e+06   4.7058105e+01
   6.8884160e+06   4.6936035e+01
   6.9079920e+06   4.7424316e+01
   7.0942900e+06   4.8522949e+01
   7.3489750e+06   4.6447754e+01
   7.5614400e+06   4.6203613e+01
   7.5908570e+06   4.8278809e+01
   7.7021120e+06   4.8522949e+01
   7.9224950e+06   4.9072266e+01
   8.1728190e+06   5.0048828e+01
   8.3250270e+06   4.9133301e+01
   8.3278030e+06   4.9682617e+01
   8.3998530e+06   4.6508789e+01
   8.4067360e+06   4.7241211e+01
   8.5085370e+06   4.7241211e+01
   8.7305540e+06   4.6386719e+01
   8.9621560e+06   5.3405762e+01
