   8.9990000e+06   0.0000000e+00
   1.7308000e+05   4.5532227e+01
   2.3894700e+05   4.6386719e+01
   2.5350100e+05   4.6508789e+01
   3.9941100e+05   4.8950195e+01
   4.0670100e+05   5.1635742e+01
   5.3820100e+05   4.6386719e+01
   7.2322500e+05   4.5715332e+01
   1.0104930e+06   4.5715332e+01
   1.0571590e+06   4.6752930e+01
   1.0927150e+06   4.6325684e+01
   1.1403840e+06   4.5776367e+01
   1.4972420e+06   4.6875000e+01
   1.5293020e+06   4.5898438e+01
   1.6739210e+06   4.9377441e+01
   1.8897530e+06   4.5837402e+01
   2.0362740e+06   4.6264648e+01
   2.3760190e+06   4.8278809e+01
   2.3776840e+06   4.5532227e+01
   2.5794290e+06   4.6569824e+01
   2.6085220e+06   5.1513672e+01
   2.6129640e+06   4.8522949e+01
   2.6535320e+06   5.0659180e+01
   2.7341770e+06   4.6630859e+01
   2.8277260e+06   5.2368164e+01
   3.0655700e+06   4.9499512e+01
   3.0660950e+06   4.6020508e+01
   3.1105920e+06   4.6752930e+01
   3.1149740e+06   4.5532227e+01
   3.2162950e+06   4.9133301e+01
   3.2852610e+06   5.4626465e+01
   3.3041440e+06   4.9926758e+01
   3.3095280e+06   4.6875000e+01
   3.3609230e+06   4.7180176e+01
   3.4740640e+06   4.7363281e+01
   3.4963290e+06   4.6997070e+01
   3.5165540e+06   4.5837402e+01
   3.6135560e+06   5.1513672e+01
   3.6240910e+06   5.0964355e+01
   3.7114950e+06   4.7241211e+01
   3.7125270e+06   4.5837402e+01
   3.7590180e+06   4.8583984e+01
   3.8220930e+06   4.6875000e+01
   3.8250080e+06   4.5959473e+01
   3.8415960e+06   4.7729492e+01
   3.8419070e+06   4.7485352e+01
   3.8772930e+06   5.0598145e+01
   3.9899490e+06   5.9936523e+01
   3.9900770e+06   4.7485352e+01
   4.0468670e+06   4.5837402e+01
   4.0956200e+06   4.6203613e+01
   4.1245480e+06   4.9560547e+01
   4.1852320e+06   4.6936035e+01
   4.2271000e+06   4.6447754e+01
   4.2973760e+06   5.2795410e+01
   4.3353820e+06   4.8461914e+01
   4.3424000e+06   4.5471191e+01
   4.3609950e+06   5.0903320e+01
   4.3900310e+06   4.8217773e+01
   4.4127060e+06   4.7668457e+01
   4.4356500e+06   5.0598145e+01
   4.4687470e+06   4.5593262e+01
   4.4977370e+06   5.0781250e+01
   4.5760320e+06   4.6691895e+01
   4.8027150e+06   4.8828125e+01
   4.8417210e+06   5.7556152e+01
   5.0536830e+06   4.5715332e+01
   5.0716100e+06   4.6020508e+01
   5.1076560e+06   4.6630859e+01
   5.1496360e+06   4.6752930e+01
   5.1781140e+06   5.0415039e+01
   5.2892880e+06   4.5898438e+01
   5.3612020e+06   4.5471191e+01
   5.4434120e+06   4.7363281e+01
   5.4840180e+06   4.5898437e+01
   5.7003450e+06   4.6630859e+01
   5.7007000e+06   5.2246094e+01
   5.7116130e+06   4.8400879e+01
   5.8558420e+06   4.9743652e+01
   6.0012170e+06   4.6325684e+01
   6.0172440e+06   4.8461914e+01
   6.0499450e+06   4.5959473e+01
   6.0836350e+06   4.7546387e+01
   6.2146000e+06   4.8095703e+01
   6.3668690e+06   4.6569824e+01
   6.6849320e+06   4.5532227e+01
   6.7278520e+06   4.8095703e+01
   6.7318240e+06   4.8217773e+01
   6.9467020e+06   5.3161621e+01
   7.1978050e+06   4.8034668e+01
   7.2361440e+06   4.6447754e+01
   7.2933890e+06   4.6447754e+01
   7.3066520e+06   4.8889160e+01
   7.3269330e+06   5.3039551e+01
   7.3271570e+06   4.9804688e+01
   7.3761450e+06   5.0170898e+01
   7.3776040e+06   4.5959473e+01
   7.5547870e+06   5.3833008e+01
   7.6804390e+06   4.7973633e+01
   7.7541930e+06   4.6997070e+01
   7.7551170e+06   5.1818848e+01
   7.8224580e+06   4.8095703e+01
   7.8502840e+06   4.5715332e+01
   8.0151940e+06   5.4931641e+01
   8.0768490e+06   4.7363281e+01
   8.1580130e+06   4.6691895e+01
   8.2256860e+06   5.2246094e+01
   8.3428240e+06   4.7180176e+01
   8.4594680e+06   4.5715332e+01
   8.5219470e+06   4.5715332e+01
   8.5224210e+06   4.7607422e+01
   8.6308770e+06   5.1330566e+01
   8.6409270e+06   4.7790527e+01
   8.8212980e+06   4.6081543e+01
   8.9253600e+06   4.7363281e+01
   8.9741850e+06   4.5532227e+01
