   8.9990000e+06   0.0000000e+00
   2.2649000e+04   7.2631836e+01
   2.2882000e+04   5.0476074e+01
   2.3029000e+04   4.3334961e+01
   6.1261000e+04   6.6101074e+01
   6.1618000e+04   6.6650391e+01
   6.1768000e+04   4.0344238e+01
   1.1193500e+05   8.3923340e+01
   1.1213700e+05   6.3354492e+01
   1.3931900e+05   5.5725098e+01
   1.3959900e+05   7.3486328e+01
   1.5768300e+05   7.2387695e+01
   1.5810100e+05   6.8115234e+01
   1.7952200e+05   4.2480469e+01
   1.9826500e+05   7.7819824e+01
   1.9871500e+05   5.8166504e+01
   1.9899800e+05   4.5349121e+01
   2.3291900e+05   6.9519043e+01
   2.3312600e+05   5.5969238e+01
   2.3374900e+05   3.9062500e+01
   2.7157600e+05   4.1564941e+01
   2.9500100e+05   3.8940430e+01
   2.9901600e+05   7.7941895e+01
   2.9933500e+05   5.4687500e+01
   3.0089700e+05   4.6691895e+01
   3.3070500e+05   7.8552246e+01
   3.3092900e+05   6.0729980e+01
   3.3144800e+05   4.0466309e+01
   3.6376100e+05   7.0800781e+01
   3.6412800e+05   6.1767578e+01
   3.7820500e+05   7.9345703e+01
   3.9448800e+05   6.1157227e+01
   3.9473100e+05   5.0109863e+01
   4.1926700e+05   7.7514648e+01
   4.3439200e+05   7.4768066e+01
   4.3485800e+05   6.0913086e+01
   4.5761300e+05   7.0617676e+01
   4.5782100e+05   5.5053711e+01
   4.5810800e+05   4.0954590e+01
   4.8117300e+05   7.4462891e+01
   4.8138000e+05   4.5959473e+01
   4.8165500e+05   4.8828125e+01
   5.1308000e+05   7.2082520e+01
   5.1334200e+05   6.4331055e+01
   5.1357100e+05   4.2175293e+01
   5.4973900e+05   6.0607910e+01
   5.5016900e+05   5.2795410e+01
   5.5049500e+05   4.8583984e+01
   5.7300300e+05   7.0678711e+01
   5.8498200e+05   8.2031250e+01
   5.8522300e+05   5.4260254e+01
   6.1732400e+05   8.7402344e+01
   6.2335000e+05   6.7504883e+01
   6.2355300e+05   6.1828613e+01
   6.2407600e+05   6.7932129e+01
   6.6751400e+05   6.3842773e+01
   6.6782600e+05   5.4687500e+01
   7.1097700e+05   4.4494629e+01
   7.1164800e+05   6.0852051e+01
   7.1184100e+05   4.3945312e+01
   7.1293800e+05   4.7241211e+01
   7.4728500e+05   7.7087402e+01
   7.4760000e+05   8.3740234e+01
   7.8582000e+05   7.7636719e+01
   7.8598500e+05   5.0048828e+01
   8.0657400e+05   8.1359863e+01
   8.0681800e+05   6.0180664e+01
   8.0740700e+05   3.9428711e+01
   8.3862200e+05   4.3701172e+01
   8.5042500e+05   6.5490723e+01
   8.5076500e+05   6.6589355e+01
   9.0884900e+05   7.9162598e+01
   9.1798900e+05   8.2763672e+01
   9.1825300e+05   6.1462402e+01
   9.4157600e+05   7.1899414e+01
   9.4176700e+05   5.9997559e+01
   9.8515800e+05   5.7922363e+01
   1.0063390e+06   7.9528809e+01
   1.0066680e+06   6.5307617e+01
   1.0068940e+06   4.4921875e+01
   1.0072320e+06   4.0100098e+01
   1.0422090e+06   6.4575195e+01
   1.0424460e+06   5.3344727e+01
   1.0431180e+06   4.3640137e+01
   1.0443350e+06   3.9184570e+01
   1.0621510e+06   7.7636719e+01
   1.0624130e+06   5.8532715e+01
   1.1028840e+06   6.8908691e+01
   1.1186590e+06   7.5256348e+01
   1.1418420e+06   6.6467285e+01
   1.1420750e+06   5.5053711e+01
   1.1434540e+06   3.9916992e+01
   1.1463960e+06   4.1259766e+01
   1.1653640e+06   7.0312500e+01
   1.1660910e+06   5.7739258e+01
   1.1663040e+06   4.0161133e+01
   1.2065000e+06   7.7026367e+01
   1.2066890e+06   5.3771973e+01
   1.2327780e+06   7.4035645e+01
   1.2330190e+06   5.8593750e+01
   1.2332410e+06   4.1625977e+01
   1.2582310e+06   7.6049805e+01
   1.2584670e+06   6.9885254e+01
   1.2875240e+06   6.3781738e+01
   1.2878240e+06   6.8664551e+01
   1.3084260e+06   7.2326660e+01
   1.3087980e+06   6.4636230e+01
   1.3301870e+06   6.7932129e+01
   1.3743080e+06   7.1472168e+01
   1.3745680e+06   6.3354492e+01
   1.3750310e+06   3.9794922e+01
   1.3985820e+06   7.2692871e+01
   1.4112450e+06   7.8674316e+01
   1.4343930e+06   8.3557129e+01
   1.4345940e+06   6.2194824e+01
   1.4353420e+06   5.2124023e+01
   1.4671180e+06   6.1218262e+01
   1.4679850e+06   6.9152832e+01
   1.4681940e+06   4.4067383e+01
   1.4816310e+06   6.7993164e+01
   1.4950350e+06   5.8349609e+01
   1.5063240e+06   7.1960449e+01
   1.5070250e+06   5.5236816e+01
   1.5319920e+06   6.5124512e+01
   1.5323610e+06   6.4025879e+01
   1.5640750e+06   6.8908691e+01
   1.5642740e+06   6.1462402e+01
   1.5992250e+06   7.0190430e+01
   1.6114780e+06   6.6711426e+01
   1.6120690e+06   5.5847168e+01
   1.6488260e+06   6.2316895e+01
   1.6560560e+06   7.0922852e+01
   1.6562320e+06   5.6518555e+01
   1.7018580e+06   7.0068359e+01
   1.7020370e+06   5.8044434e+01
   1.7279950e+06   6.5307617e+01
   1.7281720e+06   5.1391602e+01
   1.7283740e+06   3.9978027e+01
   1.7918570e+06   6.9458008e+01
   1.7921080e+06   4.9743652e+01
   1.7922560e+06   3.9306641e+01
   1.8240700e+06   6.3720703e+01
   1.8244700e+06   7.0861816e+01
   1.8579080e+06   7.4340820e+01
   1.8580690e+06   5.4016113e+01
   1.8861750e+06   6.5307617e+01
   1.8971890e+06   7.3730469e+01
   1.8974250e+06   5.5419922e+01
   1.9087840e+06   4.7363281e+01
   1.9180140e+06   6.5002441e+01
   1.9184430e+06   7.2998047e+01
   1.9186070e+06   4.2175293e+01
   1.9311770e+06   4.1198730e+01
   1.9504310e+06   7.6721191e+01
   1.9615620e+06   6.6101074e+01
   1.9618430e+06   5.1635742e+01
   1.9793760e+06   7.4951172e+01
   2.0146260e+06   7.1044922e+01
   2.0151620e+06   7.2326660e+01
   2.0153150e+06   4.3395996e+01
   2.0156300e+06   4.4494629e+01
   2.0465980e+06   7.8613281e+01
   2.0676970e+06   7.3852539e+01
   2.0680090e+06   6.8542480e+01
   2.0683770e+06   3.9672852e+01
   2.0745920e+06   3.9672852e+01
   2.1276530e+06   7.0617676e+01
   2.1280450e+06   6.9213867e+01
   2.1283750e+06   3.8757324e+01
   2.1531860e+06   4.0588379e+01
   2.1536880e+06   4.2480469e+01
   2.1672270e+06   8.0627441e+01
   2.1674480e+06   5.4565430e+01
   2.1687280e+06   3.9855957e+01
   2.2001800e+06   7.1777344e+01
   2.2004290e+06   5.5419922e+01
   2.2006480e+06   3.9489746e+01
   2.2465420e+06   7.6110840e+01
   2.2467370e+06   6.7749023e+01
   2.2472650e+06   4.1809082e+01
   2.2806660e+06   3.9916992e+01
   2.2807280e+06   7.1472168e+01
   2.2809870e+06   6.2866211e+01
   2.2993730e+06   8.2397461e+01
   2.2996990e+06   6.0729980e+01
   2.3281730e+06   7.1594238e+01
   2.3284540e+06   6.7199707e+01
   2.3561170e+06   5.9020996e+01
   2.3564850e+06   6.1767578e+01
   2.3748800e+06   6.3537598e+01
   2.3751090e+06   4.8034668e+01
   2.3959830e+06   7.5622559e+01
   2.3962740e+06   6.7382812e+01
   2.4153160e+06   6.2866211e+01
   2.4154840e+06   4.7790527e+01
   2.4163590e+06   4.5593262e+01
   2.4252290e+06   3.9794922e+01
   2.4497710e+06   7.8186035e+01
   2.4587970e+06   8.4045410e+01
   2.4591790e+06   6.6955566e+01
   2.4593160e+06   3.8940430e+01
   2.4597010e+06   6.1950684e+01
   2.4768320e+06   7.4035645e+01
   2.4770470e+06   5.8105469e+01
   2.5113870e+06   7.7148438e+01
   2.5117670e+06   6.4697266e+01
   2.5554920e+06   6.9458008e+01
   2.5606760e+06   6.6223145e+01
   2.5608340e+06   5.0720215e+01
   2.5612880e+06   5.7373047e+01
   2.5616290e+06   4.1748047e+01
   2.5936260e+06   7.2814941e+01
   2.6040900e+06   6.7321777e+01
   2.6043370e+06   5.1208496e+01
   2.6044990e+06   4.3151855e+01
   2.6355910e+06   5.5541992e+01
   2.6359600e+06   7.0678711e+01
   2.6361440e+06   4.2724609e+01
   2.6363570e+06   4.1870117e+01
   2.6370590e+06   4.1503906e+01
   2.6662920e+06   6.5795898e+01
   2.6664970e+06   6.4514160e+01
   2.6763890e+06   6.8908691e+01
   2.6768420e+06   6.5612793e+01
   2.7040510e+06   8.5632324e+01
   2.7042650e+06   6.0607910e+01
   2.7044770e+06   4.2175293e+01
   2.7223500e+06   4.5532227e+01
   2.7373510e+06   4.0710449e+01
   2.7429960e+06   7.9895020e+01
   2.7431460e+06   5.2978516e+01
   2.7437080e+06   6.2438965e+01
   2.7628030e+06   3.9611816e+01
   2.7653590e+06   8.0566406e+01
   2.7846580e+06   6.8969727e+01
   2.7848680e+06   5.2917480e+01
   2.8065780e+06   6.6467285e+01
   2.8133150e+06   7.2448730e+01
   2.8135230e+06   4.0222168e+01
   2.8235380e+06   7.2692871e+01
   2.8237570e+06   6.1645508e+01
   2.8239440e+06   4.0466309e+01
   2.8357120e+06   3.9978027e+01
   2.8419070e+06   7.6904297e+01
   2.8521450e+06   6.5979004e+01
   2.8522940e+06   4.5654297e+01
   2.8813810e+06   6.9519043e+01
   2.8822820e+06   7.2753906e+01
   2.9035330e+06   6.6284180e+01
   2.9124580e+06   7.0434570e+01
   2.9217400e+06   7.1655273e+01
   2.9369940e+06   6.7565918e+01
   2.9529130e+06   6.6772461e+01
   2.9531560e+06   6.0424805e+01
   2.9699550e+06   5.8227539e+01
   2.9790560e+06   6.3598633e+01
   3.0011320e+06   6.9396973e+01
   3.0012930e+06   5.4870605e+01
   3.0023180e+06   6.3232422e+01
   3.0256760e+06   7.9467773e+01
   3.0258580e+06   6.3354492e+01
   3.0566880e+06   7.7209473e+01
   3.0569150e+06   6.9030762e+01
   3.0840930e+06   7.8125000e+01
   3.0920700e+06   7.2265625e+01
   3.1049620e+06   7.1777344e+01
   3.1051390e+06   6.7443848e+01
   3.1053240e+06   3.9001465e+01
   3.1415680e+06   7.3608398e+01
   3.1418150e+06   6.1706543e+01
   3.1674660e+06   6.6040039e+01
   3.1676900e+06   6.1218262e+01
   3.1835770e+06   7.3608398e+01
   3.1838080e+06   4.9194336e+01
   3.1840140e+06   4.1687012e+01
   3.1845270e+06   3.9978027e+01
   3.2422870e+06   7.9956055e+01
   3.2427230e+06   7.1716309e+01
   3.2770850e+06   8.0078125e+01
   3.2832500e+06   4.2053223e+01
   3.3029180e+06   8.3129883e+01
   3.3030900e+06   4.5837402e+01
   3.3376760e+06   8.2092285e+01
   3.3378980e+06   6.2927246e+01
   3.3588550e+06   7.9223633e+01
   3.3798050e+06   4.0283203e+01
   3.3832010e+06   9.0515137e+01
   3.3835340e+06   6.9580078e+01
   3.4060130e+06   6.7626953e+01
   3.4061620e+06   5.8837891e+01
   3.4062960e+06   4.0954590e+01
   3.4204830e+06   7.5439453e+01
   3.4289880e+06   3.9001465e+01
   3.4339570e+06   7.1716309e+01
   3.4343280e+06   6.9396973e+01
   3.4344860e+06   4.0100098e+01
   3.4347760e+06   4.3212891e+01
   3.4614000e+06   7.5927734e+01
   3.4615500e+06   5.2062988e+01
   3.4620970e+06   6.0058594e+01
   3.4625740e+06   3.9306641e+01
   3.4832040e+06   3.9428711e+01
   3.4918490e+06   6.3415527e+01
   3.4920460e+06   5.8288574e+01
   3.4922190e+06   4.2053223e+01
   3.5252370e+06   6.6467285e+01
   3.5253860e+06   4.4311523e+01
   3.5261430e+06   4.3579102e+01
   3.5526380e+06   7.0983887e+01
   3.5532730e+06   6.7749023e+01
   3.5537080e+06   5.6396484e+01
   3.5845290e+06   6.9946289e+01
   3.5849190e+06   6.3903809e+01
   3.6082150e+06   6.9641113e+01
   3.6085770e+06   6.8237305e+01
   3.6088310e+06   4.0039062e+01
   3.6368660e+06   7.4768066e+01
   3.6529090e+06   6.7810059e+01
   3.6530710e+06   5.0170898e+01
   3.6881640e+06   6.3720703e+01
   3.6883200e+06   5.4565430e+01
   3.7253330e+06   7.5195313e+01
   3.7558070e+06   6.7749023e+01
   3.7559410e+06   4.3151855e+01
   3.7782890e+06   7.8796387e+01
   3.7789490e+06   5.6823730e+01
   3.7971290e+06   4.5288086e+01
   3.8162660e+06   7.6416016e+01
   3.8166080e+06   6.9519043e+01
   3.8316520e+06   6.7199707e+01
   3.8320150e+06   7.5073242e+01
   3.8497340e+06   3.9916992e+01
   3.8605380e+06   3.9184570e+01
   3.8750650e+06   6.7749023e+01
   3.8754000e+06   6.4514160e+01
   3.8763210e+06   5.6030273e+01
   3.8985200e+06   6.4941406e+01
   3.8987030e+06   5.0964355e+01
   3.9080080e+06   3.9733887e+01
   3.9229240e+06   6.8115234e+01
   3.9231640e+06   6.6955566e+01
   3.9233830e+06   5.4443359e+01
   3.9392590e+06   8.5754395e+01
   3.9395060e+06   5.3161621e+01
   3.9450030e+06   3.9001465e+01
   3.9588630e+06   7.2387695e+01
   3.9590820e+06   6.5002441e+01
   3.9827180e+06   7.1777344e+01
   3.9828700e+06   5.0354004e+01
   3.9830380e+06   4.1320801e+01
   4.0005910e+06   6.9580078e+01
   4.0007500e+06   5.6335449e+01
   4.0198360e+06   6.6101074e+01
   4.0287030e+06   7.1228027e+01
   4.0295910e+06   6.3537598e+01
   4.0304130e+06   4.1442871e+01
   4.0324440e+06   4.6691895e+01
   4.0515840e+06   7.8308105e+01
   4.0517580e+06   5.8288574e+01
   4.0772140e+06   7.2204590e+01
   4.0773670e+06   5.5725098e+01
   4.0950690e+06   6.3110352e+01
   4.0952420e+06   4.9011230e+01
   4.0957710e+06   6.4147949e+01
   4.0959650e+06   4.0649414e+01
   4.1238300e+06   7.7026367e+01
   4.1239570e+06   4.0222168e+01
   4.1477430e+06   6.9580078e+01
   4.1478790e+06   4.6203613e+01
   4.1482820e+06   4.7302246e+01
   4.1783970e+06   7.3974609e+01
   4.1786530e+06   7.1899414e+01
   4.2000380e+06   7.7209473e+01
   4.2001950e+06   5.6274414e+01
   4.2295740e+06   7.4401855e+01
   4.2298070e+06   4.7058105e+01
   4.2482230e+06   7.7575684e+01
   4.2485440e+06   4.7729492e+01
   4.2741510e+06   4.6875000e+01
   4.2762610e+06   6.2377930e+01
   4.2764510e+06   6.0913086e+01
   4.2860500e+06   6.7077637e+01
   4.2861870e+06   4.4616699e+01
   4.2865650e+06   5.0903320e+01
   4.2951470e+06   3.8757324e+01
   4.3053100e+06   7.1411133e+01
   4.3054530e+06   4.5288086e+01
   4.3064130e+06   4.4128418e+01
   4.3318940e+06   7.1289063e+01
   4.3320230e+06   4.8461914e+01
   4.3327700e+06   6.3476562e+01
   4.3495660e+06   6.6345215e+01
   4.3499960e+06   5.4809570e+01
   4.3715690e+06   6.2805176e+01
   4.3716890e+06   5.0537109e+01
   4.3882350e+06   5.9204102e+01
   4.3884210e+06   4.9987793e+01
   4.3893110e+06   3.9733887e+01
   4.4136830e+06   6.1950684e+01
   4.4139000e+06   5.2490234e+01
   4.4324020e+06   7.1533203e+01
   4.4326330e+06   4.7241211e+01
   4.4338320e+06   4.1137695e+01
   4.4747000e+06   6.3903809e+01
   4.4749500e+06   6.5429688e+01
   4.4995030e+06   7.3181152e+01
   4.4997280e+06   5.2795410e+01
   4.4999110e+06   4.3762207e+01
   4.5289840e+06   6.5490723e+01
   4.5293210e+06   6.6406250e+01
   4.5296910e+06   4.9438477e+01
   4.5460680e+06   7.0739746e+01
   4.5462580e+06   5.7312012e+01
   4.5467020e+06   4.2907715e+01
   4.5694770e+06   7.4096680e+01
   4.5696400e+06   5.2978516e+01
   4.5702920e+06   5.5236816e+01
   4.5948910e+06   7.3486328e+01
   4.5950850e+06   4.7546387e+01
   4.5955940e+06   4.8034668e+01
   4.5968230e+06   4.1381836e+01
   4.6144900e+06   6.5490723e+01
   4.6146190e+06   4.2785645e+01
   4.6369970e+06   7.0068359e+01
   4.6388570e+06   6.5917969e+01
   4.6389980e+06   4.3212891e+01
   4.6640990e+06   6.8298340e+01
   4.6643290e+06   6.4819336e+01
   4.6664740e+06   4.2663574e+01
   4.6857230e+06   7.2021484e+01
   4.6860160e+06   6.2438965e+01
   4.7046070e+06   7.1655273e+01
   4.7047670e+06   5.2062988e+01
   4.7053830e+06   4.7058105e+01
   4.7145290e+06   4.0466309e+01
   4.7309960e+06   9.1857910e+01
   4.7311360e+06   5.1696777e+01
   4.7318740e+06   4.9743652e+01
   4.7544370e+06   7.5927734e+01
   4.7546510e+06   5.8410645e+01
   4.7548330e+06   4.1381836e+01
   4.7777990e+06   7.8857422e+01
   4.7835740e+06   6.9885254e+01
   4.7837350e+06   4.5837402e+01
   4.7840910e+06   4.4189453e+01
   4.8003550e+06   6.7993164e+01
   4.8005160e+06   5.0476074e+01
   4.8167310e+06   7.2875977e+01
   4.8168680e+06   6.1401367e+01
   4.8172410e+06   3.8940430e+01
   4.8378990e+06   7.1472168e+01
   4.8381140e+06   5.9204102e+01
   4.8564000e+06   7.0007324e+01
   4.8565340e+06   4.4250488e+01
   4.8573160e+06   5.5664062e+01
   4.8724870e+06   7.4829102e+01
   4.8726970e+06   5.1147461e+01
   4.8728720e+06   4.3395996e+01
   4.8827470e+06   8.1420898e+01
   4.8828860e+06   4.6203613e+01
   4.8938660e+06   8.3801270e+01
   4.9031210e+06   6.0607910e+01
   4.9032670e+06   5.6091309e+01
   4.9042000e+06   4.3640137e+01
   4.9080500e+06   4.1992188e+01
   4.9347800e+06   8.3435059e+01
   4.9349160e+06   5.5419922e+01
   4.9560700e+06   6.5979004e+01
   4.9562200e+06   5.3894043e+01
   4.9681780e+06   7.5622559e+01
   4.9683010e+06   4.8278809e+01
   4.9702610e+06   3.9245605e+01
   4.9958830e+06   7.8796387e+01
   4.9960060e+06   4.2907715e+01
   4.9971190e+06   4.8034668e+01
   5.0137180e+06   6.4575195e+01
   5.0139070e+06   5.5175781e+01
   5.0266190e+06   7.2509766e+01
   5.0268100e+06   6.0241699e+01
   5.0410600e+06   7.2021484e+01
   5.0412750e+06   4.7485352e+01
   5.0414580e+06   4.2358398e+01
   5.0672690e+06   8.0871582e+01
   5.0676790e+06   7.3913574e+01
   5.0871160e+06   3.8940430e+01
   5.0883870e+06   6.4392090e+01
   5.0885470e+06   5.7678223e+01
   5.1023580e+06   6.8725586e+01
   5.1025300e+06   5.5908203e+01
   5.1150990e+06   7.3425293e+01
   5.1152800e+06   5.4382324e+01
   5.1399960e+06   3.9916992e+01
   5.1405650e+06   7.8735352e+01
   5.1407530e+06   5.6518555e+01
   5.1611650e+06   7.0861816e+01
   5.1692800e+06   6.4086914e+01
   5.1879210e+06   9.1430664e+01
   5.1880650e+06   4.0100098e+01
   5.1882490e+06   3.9245605e+01
   5.1888590e+06   5.7006836e+01
   5.2150270e+06   7.2937012e+01
   5.2151940e+06   5.9387207e+01
   5.2378360e+06   7.5195312e+01
   5.2480550e+06   3.9916992e+01
   5.2526390e+06   7.7392578e+01
   5.2527680e+06   4.6508789e+01
   5.2535760e+06   4.4067383e+01
   5.2777570e+06   3.9428711e+01
   5.2813510e+06   7.1105957e+01
   5.2815670e+06   6.7810059e+01
   5.2986270e+06   7.6843262e+01
   5.2987470e+06   5.5847168e+01
   5.2990830e+06   4.4494629e+01
   5.3418870e+06   7.6660156e+01
   5.3420070e+06   4.4006348e+01
   5.3704900e+06   6.4331055e+01
   5.3706120e+06   5.1940918e+01
   5.3901030e+06   8.1787109e+01
   5.3902340e+06   5.5419922e+01
   5.3907160e+06   4.0161133e+01
   5.4218750e+06   5.1086426e+01
   5.4220120e+06   4.6325684e+01
   5.4411980e+06   7.9101562e+01
   5.4415040e+06   5.9509277e+01
   5.4716870e+06   7.4218750e+01
   5.4719180e+06   6.2500000e+01
   5.4721330e+06   4.1809082e+01
   5.4724830e+06   5.9387207e+01
   5.5148760e+06   3.9428711e+01
   5.5167110e+06   8.0932617e+01
   5.5169590e+06   7.0678711e+01
   5.5266390e+06   6.5734863e+01
   5.5270050e+06   5.7678223e+01
   5.5482040e+06   4.1137695e+01
   5.5489730e+06   8.4716797e+01
   5.5494660e+06   6.3293457e+01
   5.5727100e+06   8.1848145e+01
   5.5729370e+06   7.0922852e+01
   5.5909270e+06   8.3984375e+01
   5.6114110e+06   7.1289062e+01
   5.6134260e+06   7.0251465e+01
   5.6136140e+06   4.9011230e+01
   5.6138950e+06   4.1992188e+01
   5.6510730e+06   7.5195313e+01
   5.6616630e+06   9.3994141e+01
   5.6617920e+06   4.5104980e+01
   5.7136570e+06   7.6782227e+01
   5.7137110e+06   4.3395996e+01
   5.7275990e+06   7.6660156e+01
   5.7277220e+06   4.3945312e+01
   5.7465990e+06   7.2753906e+01
   5.7575320e+06   8.4533691e+01
   5.7576880e+06   4.5410156e+01
   5.7905240e+06   7.7819824e+01
   5.7966760e+06   7.1960449e+01
   5.7968030e+06   5.5419922e+01
   5.8394930e+06   7.0861816e+01
   5.8396440e+06   6.4453125e+01
   5.8545030e+06   7.3242188e+01
   5.8546440e+06   6.0913086e+01
   5.8550090e+06   3.9855957e+01
   5.8555860e+06   5.4016113e+01
   5.8860150e+06   6.9580078e+01
   5.8863220e+06   8.1665039e+01
   5.8918500e+06   3.9245605e+01
   5.9237080e+06   8.6059570e+01
   5.9243500e+06   3.8757324e+01
   5.9596040e+06   4.2785645e+01
   5.9598720e+06   4.3457031e+01
   5.9622210e+06   7.0678711e+01
   5.9623660e+06   5.6701660e+01
   6.0116800e+06   4.0039062e+01
   6.0121050e+06   7.9162598e+01
   6.0123010e+06   6.1706543e+01
   6.0124280e+06   4.4921875e+01
   6.0131820e+06   7.2265625e+01
   6.0573540e+06   7.4218750e+01
   6.0576210e+06   6.0119629e+01
   6.0834370e+06   8.5693359e+01
   6.0835830e+06   5.1879883e+01
   6.1229240e+06   7.6599121e+01
   6.1231090e+06   6.6345215e+01
   6.1617750e+06   7.8857422e+01
   6.1792810e+06   6.7932129e+01
   6.1794520e+06   5.2490234e+01
   6.2887160e+06   8.1726074e+01
   6.2888590e+06   5.2978516e+01
   6.2889840e+06   4.6936035e+01
   6.3639770e+06   8.2214355e+01
   6.3645210e+06   6.3903809e+01
   6.3674060e+06   4.3090820e+01
   6.4019010e+06   7.7087402e+01
   6.4021240e+06   6.3598633e+01
   6.4532230e+06   7.2692871e+01
   6.4535210e+06   6.7016602e+01
   6.4536290e+06   3.9367676e+01
   6.4541740e+06   3.9245605e+01
   6.4981860e+06   7.0007324e+01
   6.4983640e+06   7.1472168e+01
   6.5111690e+06   3.9306641e+01
   6.5240870e+06   7.1411133e+01
   6.5775990e+06   8.1054688e+01
   6.6008020e+06   3.9123535e+01
   6.6441290e+06   8.2031250e+01
   6.6442920e+06   6.3720703e+01
   6.6443950e+06   4.1870117e+01
   6.6697190e+06   4.7668457e+01
   6.7065000e+06   4.1015625e+01
   6.7164830e+06   7.8613281e+01
   6.7166650e+06   6.9274902e+01
   6.7168170e+06   4.1748047e+01
   6.7172800e+06   5.3588867e+01
   6.7465000e+06   3.9733887e+01
   6.8168900e+06   8.1726074e+01
   6.8171340e+06   7.6293945e+01
   6.8172460e+06   4.3518066e+01
   6.8433260e+06   7.5378418e+01
   6.8435700e+06   7.0373535e+01
   6.8437130e+06   4.1809082e+01
   6.8690570e+06   6.7932129e+01
   6.8692440e+06   5.9448242e+01
   6.9008550e+06   9.2346191e+01
   6.9061640e+06   7.2509766e+01
   6.9257840e+06   8.1970215e+01
   6.9259250e+06   4.8950195e+01
   6.9260530e+06   4.3273926e+01
   6.9267770e+06   5.5358887e+01
   6.9728250e+06   7.3242188e+01
   6.9729940e+06   5.5358887e+01
   6.9731050e+06   3.9367676e+01
   6.9910710e+06   4.3395996e+01
   7.0183980e+06   6.7565918e+01
   7.0186010e+06   5.7434082e+01
   7.0187150e+06   4.4677734e+01
   7.0205610e+06   4.0405273e+01
   7.0463070e+06   7.2753906e+01
   7.0464780e+06   6.2316895e+01
   7.1037690e+06   7.7453613e+01
   7.1041990e+06   7.4645996e+01
   7.1043210e+06   4.1076660e+01
   7.1657010e+06   7.3852539e+01
   7.1658580e+06   5.2856445e+01
   7.1663070e+06   6.1096191e+01
   7.1667160e+06   5.8227539e+01
   7.1670920e+06   5.6823730e+01
   7.2268550e+06   4.2785645e+01
   7.2298120e+06   3.8757324e+01
   7.2628440e+06   6.9824219e+01
   7.2629790e+06   5.8837891e+01
   7.2631040e+06   4.0100098e+01
   7.2636270e+06   6.5490723e+01
   7.3152590e+06   4.1931152e+01
   7.3425530e+06   8.2458496e+01
   7.3428510e+06   6.5307617e+01
   7.3430310e+06   4.5227051e+01
   7.3686500e+06   8.4045410e+01
   7.3688110e+06   5.6091309e+01
   7.4467540e+06   8.1848145e+01
   7.4469350e+06   5.7983398e+01
   7.4471030e+06   4.1320801e+01
   7.4473200e+06   4.0344238e+01
   7.4477270e+06   6.5612793e+01
   7.4828230e+06   3.9978027e+01
   7.5062620e+06   8.9721680e+01
   7.5063820e+06   5.4016113e+01
   7.5074520e+06   5.5053711e+01
   7.5225410e+06   3.8879395e+01
   7.5580860e+06   7.3913574e+01
   7.5582160e+06   5.7861328e+01
   7.5589060e+06   5.9997559e+01
   7.6036980e+06   3.9245605e+01
   7.6040710e+06   4.5776367e+01
   7.6099810e+06   7.7941895e+01
   7.6101320e+06   5.5664062e+01
   7.6105870e+06   6.2072754e+01
   7.6111190e+06   5.7678223e+01
   7.7793850e+06   4.0588379e+01
   7.8057690e+06   4.1992188e+01
   7.8102160e+06   7.3791504e+01
   7.8109770e+06   7.8979492e+01
   7.8111200e+06   4.0100098e+01
   7.8117220e+06   5.1574707e+01
   7.8348410e+06   4.7363281e+01
   7.8689120e+06   3.9367676e+01
   7.8759680e+06   7.3364258e+01
   7.8761180e+06   5.4931641e+01
   7.8764620e+06   4.4128418e+01
   7.9065930e+06   7.7270508e+01
   7.9067560e+06   5.9570312e+01
   7.9068890e+06   4.1015625e+01
   7.9619440e+06   8.1176758e+01
   7.9620790e+06   5.8166504e+01
   7.9903180e+06   6.8664551e+01
   7.9905370e+06   5.1208496e+01
   7.9906810e+06   4.4616699e+01
   7.9909690e+06   4.6081543e+01
   8.0290550e+06   9.1308594e+01
   8.0292040e+06   6.0180664e+01
   8.0293260e+06   4.3518066e+01
   8.0296830e+06   4.9682617e+01
   8.0398510e+06   4.0100098e+01
   8.0419690e+06   3.9855957e+01
   8.0592290e+06   8.9660645e+01
   8.0594520e+06   6.6162109e+01
   8.0595970e+06   4.0832520e+01
   8.0598890e+06   4.7973633e+01
   8.0908630e+06   7.8186035e+01
   8.0910980e+06   8.5998535e+01
   8.1362560e+06   8.6059570e+01
   8.1364660e+06   6.9763184e+01
   8.1388180e+06   4.2236328e+01
   8.1760090e+06   7.4829102e+01
   8.1761570e+06   6.2072754e+01
   8.1762640e+06   3.9001465e+01
   8.2085380e+06   9.0698242e+01
   8.2086830e+06   5.7067871e+01
   8.2424530e+06   4.0039062e+01
   8.2776980e+06   7.9772949e+01
   8.2778440e+06   5.6335449e+01
   8.2780000e+06   4.3701172e+01
   8.3063400e+06   9.3017578e+01
   8.3065090e+06   6.3659668e+01
   8.3066680e+06   4.6875000e+01
   8.3481550e+06   6.9702148e+01
   8.3484830e+06   7.5866699e+01
   8.3703840e+06   7.4340820e+01
   8.3719780e+06   6.7749023e+01
   8.3874650e+06   7.5012207e+01
   8.3877410e+06   5.8105469e+01
   8.3883070e+06   3.8818359e+01
   8.4360040e+06   4.1320801e+01
   8.4518420e+06   7.4645996e+01
   8.4521980e+06   7.3730469e+01
   8.4523520e+06   4.6264648e+01
   8.4529920e+06   3.9794922e+01
   8.4900550e+06   7.3547363e+01
   8.4902200e+06   5.7861328e+01
   8.6028260e+06   7.9223633e+01
   8.6029830e+06   5.5480957e+01
   8.6031600e+06   5.1330566e+01
   8.7110640e+06   8.3496094e+01
   8.7112600e+06   6.7626953e+01
   8.7599330e+06   7.9162598e+01
   8.7601040e+06   6.5063477e+01
   8.7604670e+06   4.8278809e+01
   8.8156000e+06   9.3444824e+01
   8.8158610e+06   6.4819336e+01
   8.8160100e+06   4.4555664e+01
   8.8162380e+06   4.5227051e+01
   8.8781210e+06   7.7575684e+01
   8.8782780e+06   6.0852051e+01
   8.8784170e+06   4.0954590e+01
   8.8796210e+06   4.9377441e+01
   8.8987480e+06   3.8940430e+01
   8.9253660e+06   6.2561035e+01
   8.9424830e+06   4.0100098e+01
   8.9578790e+06   8.1054688e+01
   8.9580870e+06   6.1279297e+01
   8.9582090e+06   4.0466309e+01
   8.9583790e+06   4.2175293e+01
   8.9892130e+06   7.3791504e+01
   8.9894630e+06   6.9152832e+01
   8.9969440e+06   7.9040527e+01
   8.9972630e+06   5.3466797e+01
