   8.9990000e+06   0.0000000e+00
   4.6170000e+03   4.5471191e+01
   9.4503000e+04   4.2358398e+01
   1.2344200e+05   4.5166016e+01
   1.5593400e+05   3.9367676e+01
   2.8508100e+05   4.0710449e+01
   3.6775900e+05   4.0649414e+01
   3.7539000e+05   3.8635254e+01
   5.2004900e+05   3.8513184e+01
   6.1968800e+05   5.3161621e+01
   6.6772300e+05   4.2480469e+01
   6.8522800e+05   3.9428711e+01
   7.2374600e+05   4.3579102e+01
   8.2744700e+05   3.9428711e+01
   8.2846900e+05   3.9306641e+01
   8.5795600e+05   3.9672852e+01
   9.0262300e+05   4.9194336e+01
   9.6855600e+05   4.2602539e+01
   1.0049790e+06   4.3151855e+01
   1.0454330e+06   4.0039062e+01
   1.0621750e+06   3.8513184e+01
   1.1054940e+06   4.6142578e+01
   1.1631140e+06   4.1015625e+01
   1.2283790e+06   4.5776367e+01
   1.3813640e+06   4.9804688e+01
   1.4256560e+06   4.3151855e+01
   1.5428440e+06   4.7607422e+01
   1.6022260e+06   3.8635254e+01
   1.6684330e+06   4.6203613e+01
   1.6690710e+06   4.1870117e+01
   1.7497740e+06   4.1809082e+01
   1.8573780e+06   3.9428711e+01
   1.8855780e+06   4.4738770e+01
   1.9149950e+06   4.0466309e+01
   1.9445560e+06   3.8269043e+01
   1.9936840e+06   4.6325684e+01
   2.0856880e+06   3.8269043e+01
   2.1912990e+06   4.1870117e+01
   2.2614250e+06   4.7851562e+01
   2.3188760e+06   4.0588379e+01
   2.3999960e+06   4.5532227e+01
   2.4197700e+06   3.9855957e+01
   2.4207790e+06   3.8635254e+01
   2.4486780e+06   4.2541504e+01
   2.5244990e+06   4.0954590e+01
   2.6020710e+06   4.9499512e+01
   2.6373450e+06   3.9489746e+01
   2.6714760e+06   3.9306641e+01
   2.6814360e+06   3.9550781e+01
   2.7395290e+06   4.2663574e+01
   2.7685610e+06   3.9978027e+01
   2.8196210e+06   4.4433594e+01
   2.8483610e+06   3.9672852e+01
   2.9073160e+06   3.8269043e+01
   2.9313930e+06   4.3151855e+01
   2.9654630e+06   4.2480469e+01
   3.0530320e+06   4.0466309e+01
   3.1635050e+06   3.8879395e+01
   3.1939990e+06   4.1198730e+01
   3.2609580e+06   4.2541504e+01
   3.3169970e+06   4.0405273e+01
   3.3434890e+06   4.0222168e+01
   3.3709430e+06   3.9550781e+01
   3.4860230e+06   3.8696289e+01
   3.6080670e+06   4.4555664e+01
   3.6350240e+06   3.8513184e+01
   3.6698770e+06   4.5227051e+01
   3.8120310e+06   4.0222168e+01
   3.8670300e+06   4.0588379e+01
   3.9061100e+06   4.4494629e+01
   3.9360030e+06   4.6630859e+01
   4.0861560e+06   4.3945312e+01
   4.1138290e+06   4.8217773e+01
   4.1830260e+06   4.4189453e+01
   4.2060760e+06   3.8269043e+01
   4.2426650e+06   4.0893555e+01
   4.2704670e+06   3.9062500e+01
   4.3546190e+06   4.0100098e+01
   4.4561880e+06   4.6020508e+01
   4.4837440e+06   4.2297363e+01
   4.5435230e+06   3.8452148e+01
   4.6416910e+06   4.8583984e+01
   4.7378550e+06   4.2053223e+01
   4.7863280e+06   4.9072266e+01
   4.9104360e+06   4.8583984e+01
   4.9761560e+06   4.7851563e+01
   4.9927220e+06   4.1015625e+01
   4.9930850e+06   4.1320801e+01
   5.0394400e+06   3.9306641e+01
   5.1025770e+06   4.0039062e+01
   5.1260620e+06   4.1687012e+01
   5.1681820e+06   4.4738770e+01
   5.2153080e+06   5.1086426e+01
   5.2495420e+06   3.8757324e+01
   5.2813450e+06   4.2846680e+01
   5.3329910e+06   4.4494629e+01
   5.3523010e+06   4.1931152e+01
   5.3938360e+06   4.3701172e+01
   5.4175240e+06   4.1687012e+01
   5.4526640e+06   3.9978027e+01
   5.4821750e+06   4.0283203e+01
   5.5178710e+06   4.2480469e+01
   5.6044190e+06   3.8635254e+01
   5.7576300e+06   3.8940430e+01
   5.7959030e+06   4.0344238e+01
   6.1170880e+06   3.9672852e+01
   6.1377820e+06   4.0161133e+01
   6.1509090e+06   3.9611816e+01
   6.2146580e+06   3.9428711e+01
   6.2491180e+06   3.9001465e+01
   6.3404100e+06   4.0588379e+01
   6.4169310e+06   4.0588379e+01
   6.4377860e+06   4.2846680e+01
   6.6060230e+06   4.0954590e+01
   6.6403960e+06   4.2297363e+01
   6.6530330e+06   4.3945313e+01
   6.9032320e+06   4.0893555e+01
   6.9143550e+06   3.8696289e+01
   6.9318670e+06   3.9794922e+01
   6.9680410e+06   4.1442871e+01
   7.0191100e+06   4.3334961e+01
   7.0418120e+06   3.8757324e+01
   7.1551670e+06   3.8574219e+01
   7.1944250e+06   4.4006348e+01
   7.2288000e+06   4.1503906e+01
   7.3479200e+06   4.0649414e+01
   7.3791160e+06   4.0405273e+01
   7.4162770e+06   4.6325684e+01
   7.4572140e+06   3.8269043e+01
   7.4816200e+06   4.2602539e+01
   7.4981410e+06   4.1198730e+01
   7.5055880e+06   4.6325684e+01
   7.5272290e+06   4.2175293e+01
   7.5796540e+06   3.8635254e+01
   7.6535770e+06   4.1625977e+01
   7.6945490e+06   4.1687012e+01
   7.7171510e+06   4.0588379e+01
   7.7752300e+06   4.3701172e+01
   7.8330490e+06   4.5288086e+01
   7.8592190e+06   4.2541504e+01
   7.9054090e+06   4.1687012e+01
   7.9345450e+06   3.9855957e+01
   7.9917140e+06   4.2114258e+01
   8.0222850e+06   4.2541504e+01
   8.1587640e+06   4.3212891e+01
   8.1742350e+06   3.9672852e+01
   8.1991080e+06   4.0893555e+01
   8.2184790e+06   3.9855957e+01
   8.2505840e+06   4.1015625e+01
   8.2740910e+06   3.9123535e+01
   8.3213920e+06   4.2236328e+01
   8.5215960e+06   3.9978027e+01
   8.5606900e+06   4.0527344e+01
   8.5776600e+06   4.0039063e+01
   8.6424360e+06   3.9794922e+01
   8.6576590e+06   4.9804688e+01
   8.7041190e+06   4.0588379e+01
   8.7483180e+06   4.1259766e+01
   8.8670810e+06   4.4921875e+01
   8.8868480e+06   4.8583984e+01
   8.8875720e+06   3.9123535e+01
   8.9104210e+06   4.3823242e+01
   8.9261560e+06   4.0527344e+01
   8.9858900e+06   3.9978027e+01
