   8.9990000e+06   0.0000000e+00
   1.1959000e+04   4.1137695e+01
   2.2092600e+05   4.2053223e+01
   2.9627600e+05   4.2175293e+01
   3.5567800e+05   4.4738770e+01
   4.1239200e+05   4.6752930e+01
   4.8141600e+05   4.4067383e+01
   6.6136700e+05   4.0100098e+01
   7.8445000e+05   4.8767090e+01
   1.0103550e+06   4.5166016e+01
   1.0112290e+06   4.1015625e+01
   1.0438890e+06   4.1076660e+01
   1.1636890e+06   4.3762207e+01
   1.2562790e+06   5.0476074e+01
   1.4823540e+06   4.1320801e+01
   2.0804960e+06   4.0893555e+01
   2.1376440e+06   4.0588379e+01
   2.2410900e+06   4.1259766e+01
   2.3454600e+06   4.2663574e+01
   2.4493020e+06   4.1931152e+01
   2.5057320e+06   4.1076660e+01
   2.5902030e+06   4.0100098e+01
   2.8453690e+06   4.2480469e+01
   2.9023130e+06   4.0100098e+01
   3.0311190e+06   4.2968750e+01
   3.0586200e+06   4.0466309e+01
   3.0846340e+06   4.0588379e+01
   3.2393440e+06   5.0231934e+01
   3.4995790e+06   4.1076660e+01
   3.8352930e+06   4.1015625e+01
   3.9080110e+06   4.3823242e+01
   4.0642160e+06   4.0283203e+01
   4.3676390e+06   4.0893555e+01
   4.4063150e+06   4.7241211e+01
   4.4415790e+06   4.1381836e+01
   4.4694500e+06   4.3151855e+01
   4.5457440e+06   5.3527832e+01
   4.5726890e+06   4.1320801e+01
   4.7381860e+06   4.3701172e+01
   4.7978950e+06   4.0527344e+01
   4.9080510e+06   4.1198730e+01
   5.0388950e+06   4.3212891e+01
   5.0637950e+06   3.9978027e+01
   5.1725780e+06   4.4799805e+01
   6.0730110e+06   4.9926758e+01
   6.7216640e+06   4.2602539e+01
   6.8917600e+06   4.2419434e+01
   6.9603920e+06   4.1809082e+01
   6.9978400e+06   4.0771484e+01
   7.4220220e+06   4.2053223e+01
   7.4554300e+06   4.0405273e+01
   7.8471150e+06   4.2114258e+01
   8.8506880e+06   4.1015625e+01
