   8.9990000e+06   0.0000000e+00
   1.0390000e+03   5.0964355e+01
   1.0874000e+04   4.4250488e+01
   1.2027000e+04   5.3161621e+01
   2.8412000e+04   5.0476074e+01
   4.4155000e+04   4.1198730e+01
   4.6602000e+04   5.3100586e+01
   5.2109000e+04   4.5104980e+01
   6.6849000e+04   5.0781250e+01
   8.1793000e+04   4.7729492e+01
   9.0963000e+04   4.4311523e+01
   9.7052000e+04   5.2795410e+01
   1.0184200e+05   4.3579102e+01
   1.0215700e+05   4.2297363e+01
   1.2239600e+05   4.7241211e+01
   1.4185800e+05   4.6264648e+01
   1.4955100e+05   4.1076660e+01
   1.5565200e+05   4.7546387e+01
   1.6638500e+05   4.6813965e+01
   1.7415400e+05   4.7607422e+01
   1.8131700e+05   4.5715332e+01
   1.9201600e+05   5.4138184e+01
   1.9851700e+05   5.0292969e+01
   2.0845800e+05   5.2673340e+01
   2.0949600e+05   5.3833008e+01
   2.2656000e+05   5.4748535e+01
   2.3007900e+05   4.4372559e+01
   2.3336100e+05   4.2480469e+01
   2.4816600e+05   4.1687012e+01
   2.6509600e+05   4.7790527e+01
   2.8167100e+05   4.7058105e+01
   2.8373100e+05   4.6752930e+01
   2.9542500e+05   4.5593262e+01
   3.0325900e+05   4.5837402e+01
   3.2087000e+05   4.9255371e+01
   3.3724500e+05   4.2724609e+01
   3.3915700e+05   4.0954590e+01
   3.5149600e+05   4.5288086e+01
   3.6919400e+05   4.0954590e+01
   3.6927300e+05   4.8461914e+01
   3.9035400e+05   4.9621582e+01
   3.9597900e+05   4.0588379e+01
   4.1017000e+05   4.2724609e+01
   4.1386800e+05   4.2175293e+01
   4.3120800e+05   4.8278809e+01
   4.5284500e+05   4.2480469e+01
   4.7051000e+05   4.5776367e+01
   4.9144100e+05   6.5063477e+01
   4.9172900e+05   4.4738770e+01
   5.1031100e+05   4.3701172e+01
   5.1073300e+05   4.4189453e+01
   5.3064800e+05   5.1696777e+01
   5.3701800e+05   4.6264648e+01
   5.4978000e+05   4.9743652e+01
   5.5644600e+05   5.7983398e+01
   5.5841300e+05   4.1564941e+01
   5.5875100e+05   4.0710449e+01
   5.7562000e+05   4.8156738e+01
   5.8921700e+05   5.4992676e+01
   5.8953700e+05   4.6997070e+01
   5.9726200e+05   6.1218262e+01
   5.9802300e+05   5.2062988e+01
   5.9916600e+05   4.0893555e+01
   6.0502300e+05   5.2429199e+01
   6.1824900e+05   4.3151855e+01
   6.2230600e+05   5.2429199e+01
   6.2321100e+05   6.6345215e+01
   6.2348400e+05   4.0893555e+01
   6.4036400e+05   4.5471191e+01
   6.4347000e+05   4.3212891e+01
   6.4690600e+05   4.4250488e+01
   6.5804800e+05   5.5603027e+01
   6.7567900e+05   5.6213379e+01
   6.8114300e+05   4.1198730e+01
   6.9493200e+05   5.8288574e+01
   6.9554700e+05   4.1625977e+01
   6.9611100e+05   4.1931152e+01
   7.1411300e+05   5.1269531e+01
   7.2393400e+05   4.2175293e+01
   7.2928800e+05   6.6589355e+01
   7.2973100e+05   4.4311523e+01
   7.3349600e+05   4.1259766e+01
   7.5568500e+05   5.8044434e+01
   7.7657900e+05   4.0893555e+01
   7.9880100e+05   4.2846680e+01
   8.0854000e+05   5.6213379e+01
   8.2861100e+05   4.6142578e+01
   8.4670900e+05   4.4006348e+01
   8.4721100e+05   6.5246582e+01
   8.4750700e+05   4.1870117e+01
   8.4804400e+05   4.4616699e+01
   8.4829500e+05   4.6142578e+01
   8.4988900e+05   4.2846680e+01
   8.5389700e+05   4.7729492e+01
   8.6939500e+05   5.7434082e+01
   8.8500400e+05   5.2246094e+01
   9.0365200e+05   5.4931641e+01
   9.1309000e+05   5.0048828e+01
   9.2221600e+05   4.2602539e+01
   9.2370000e+05   4.5349121e+01
   9.3142700e+05   4.4372559e+01
   9.3578500e+05   4.4982910e+01
   9.5120400e+05   4.4738770e+01
   9.6441000e+05   4.4067383e+01
   9.7179000e+05   5.1269531e+01
   9.8844300e+05   5.1025391e+01
   9.8937600e+05   4.1809082e+01
   9.9049300e+05   6.0363770e+01
   1.0004510e+06   5.4016113e+01
   1.0089420e+06   5.5236816e+01
   1.0094070e+06   4.1748047e+01
   1.0130580e+06   4.1564941e+01
   1.0203810e+06   4.3945312e+01
   1.0313550e+06   4.1503906e+01
   1.0488470e+06   4.5959473e+01
   1.0643190e+06   4.3090820e+01
   1.0784030e+06   4.4250488e+01
   1.0827040e+06   5.5847168e+01
   1.1030070e+06   4.6569824e+01
   1.1218880e+06   5.1757812e+01
   1.1446060e+06   4.3273926e+01
   1.1619460e+06   4.8156738e+01
   1.1750370e+06   4.6447754e+01
   1.1792830e+06   4.5288086e+01
   1.1796580e+06   4.3212891e+01
   1.1896860e+06   4.7668457e+01
   1.1899570e+06   4.1625977e+01
   1.1979000e+06   4.1137695e+01
   1.1992360e+06   5.0903320e+01
   1.2182180e+06   4.6752930e+01
   1.2353920e+06   5.0842285e+01
   1.2570880e+06   4.4311523e+01
   1.2742840e+06   6.1218262e+01
   1.2747460e+06   5.0415039e+01
   1.2751870e+06   5.1818848e+01
   1.2767560e+06   5.3283691e+01
   1.2941470e+06   4.7668457e+01
   1.2970840e+06   5.0292969e+01
   1.3142280e+06   4.1198730e+01
   1.3285940e+06   4.2175293e+01
   1.3331080e+06   5.3894043e+01
   1.3523480e+06   5.2001953e+01
   1.3710300e+06   5.9997559e+01
   1.3892480e+06   4.7119141e+01
   1.3909070e+06   4.7607422e+01
   1.3979920e+06   4.7180176e+01
   1.4080240e+06   4.4433594e+01
   1.4281110e+06   5.3039551e+01
   1.4395680e+06   5.2368164e+01
   1.4398600e+06   4.5959473e+01
   1.4477130e+06   4.5715332e+01
   1.4522860e+06   4.6386719e+01
   1.4693120e+06   4.2358398e+01
   1.4695890e+06   4.2358398e+01
   1.4880200e+06   4.4494629e+01
   1.4955510e+06   4.2419434e+01
   1.5069570e+06   5.5969238e+01
   1.5261290e+06   5.1208496e+01
   1.5266370e+06   4.4555664e+01
   1.5458260e+06   5.8105469e+01
   1.5661240e+06   4.9438477e+01
   1.5699050e+06   4.2602539e+01
   1.5770570e+06   5.0292969e+01
   1.5871900e+06   5.2978516e+01
   1.5875550e+06   5.4870605e+01
   1.5958710e+06   4.7241211e+01
   1.6036140e+06   5.1208496e+01
   1.6206230e+06   5.6640625e+01
   1.6399620e+06   5.1208496e+01
   1.6475130e+06   4.1198730e+01
   1.6601480e+06   4.6997070e+01
   1.6603850e+06   4.2846680e+01
   1.6806870e+06   4.5776367e+01
   1.6995670e+06   5.4626465e+01
   1.7094270e+06   5.1818848e+01
   1.7282270e+06   5.7128906e+01
   1.7518180e+06   4.3701172e+01
   1.7752890e+06   5.4199219e+01
   1.7799190e+06   4.8095703e+01
   1.7939660e+06   6.7687988e+01
   1.8118700e+06   4.4067383e+01
   1.8316710e+06   4.5654297e+01
   1.8321200e+06   4.1076660e+01
   1.8459400e+06   4.2907715e+01
   1.8506520e+06   4.0832520e+01
   1.8690800e+06   4.0649414e+01
   1.8886430e+06   5.3649902e+01
   1.9106450e+06   4.2358398e+01
   1.9329190e+06   5.2001953e+01
   1.9565010e+06   6.3232422e+01
   1.9734280e+06   4.6936035e+01
   1.9829050e+06   5.1757812e+01
   1.9914110e+06   5.1330566e+01
   1.9951460e+06   5.5603027e+01
   2.0110990e+06   4.3945312e+01
   2.0324290e+06   4.8828125e+01
   2.0705980e+06   4.4982910e+01
   2.0859080e+06   4.4433594e+01
   2.0913970e+06   5.0415039e+01
   2.1131060e+06   5.5297852e+01
   2.1314240e+06   4.8522949e+01
   2.1521360e+06   4.8400879e+01
   2.1755370e+06   5.0781250e+01
   2.1955630e+06   4.5654297e+01
   2.2170100e+06   4.8522949e+01
   2.2323360e+06   4.7851563e+01
   2.2402160e+06   4.5227051e+01
   2.2591550e+06   4.6508789e+01
   2.2595690e+06   4.1870117e+01
   2.2768100e+06   4.3823242e+01
   2.2974960e+06   5.2185059e+01
   2.3183740e+06   5.2368164e+01
   2.3373220e+06   4.4982910e+01
   2.3376770e+06   5.0109863e+01
   2.3562960e+06   4.6630859e+01
   2.3616440e+06   4.3151855e+01
   2.3756380e+06   4.9133301e+01
   2.3761320e+06   5.3466797e+01
   2.3765770e+06   4.4311523e+01
   2.3800420e+06   4.9560547e+01
   2.3808220e+06   4.4433594e+01
   2.3816180e+06   4.0954590e+01
   2.3839550e+06   4.3701172e+01
   2.3993420e+06   4.2358398e+01
   2.4229230e+06   4.3640137e+01
   2.4407040e+06   4.8522949e+01
   2.4409740e+06   4.1625977e+01
   2.4635150e+06   5.1391602e+01
   2.4773600e+06   4.8767090e+01
   2.4823140e+06   5.1086426e+01
   2.5025510e+06   4.6936035e+01
   2.5212930e+06   4.2846680e+01
   2.5222760e+06   4.1931152e+01
   2.5364540e+06   4.2663574e+01
   2.5539550e+06   4.1931152e+01
   2.5600270e+06   4.8217773e+01
   2.5636510e+06   4.5410156e+01
   2.5814900e+06   5.4992676e+01
   2.5853270e+06   4.1503906e+01
   2.5994410e+06   4.3945313e+01
   2.6218370e+06   4.5166016e+01
   2.6240260e+06   4.5837402e+01
   2.6351480e+06   4.4250488e+01
   2.6494900e+06   6.1340332e+01
   2.6544510e+06   4.6386719e+01
   2.6583620e+06   4.2663574e+01
   2.6598310e+06   4.4067383e+01
   2.6687380e+06   4.9560547e+01
   2.6891740e+06   5.1025391e+01
   2.6894140e+06   4.7058105e+01
   2.7093180e+06   4.2419434e+01
   2.7337600e+06   4.0649414e+01
   2.7340330e+06   4.0771484e+01
   2.7577060e+06   5.9387207e+01
   2.7802660e+06   4.2480469e+01
   2.8011030e+06   4.2602539e+01
   2.8219080e+06   4.6508789e+01
   2.8422800e+06   4.5593262e+01
   2.8426300e+06   5.8227539e+01
   2.8639900e+06   4.6508789e+01
   2.8850420e+06   4.3884277e+01
   2.9140290e+06   4.8278809e+01
   2.9238270e+06   4.8034668e+01
   2.9318970e+06   4.5837402e+01
   2.9376630e+06   4.1503906e+01
   2.9554570e+06   4.4799805e+01
   2.9611030e+06   4.1320801e+01
   2.9647950e+06   4.5776367e+01
   2.9820950e+06   5.2124023e+01
   3.0039410e+06   4.9194336e+01
   3.0258850e+06   5.7434082e+01
   3.0443510e+06   4.5776367e+01
   3.0566670e+06   4.4128418e+01
   3.0640780e+06   5.7128906e+01
   3.0919650e+06   4.4799805e+01
   3.1123530e+06   4.9072266e+01
   3.1142140e+06   5.0354004e+01
   3.1326490e+06   4.6691895e+01
   3.1520210e+06   5.4199219e+01
   3.1708640e+06   5.9143066e+01
   3.1712650e+06   4.8889160e+01
   3.1714980e+06   4.4250488e+01
   3.1915070e+06   5.2795410e+01
   3.2143050e+06   4.4677734e+01
   3.2226180e+06   4.1992188e+01
   3.2346260e+06   5.4626465e+01
   3.2390570e+06   4.5837402e+01
   3.2424230e+06   5.1635742e+01
   3.2427990e+06   4.9560547e+01
   3.2555280e+06   5.0231934e+01
   3.2754240e+06   4.9438477e+01
   3.2813620e+06   4.8645020e+01
   3.2876900e+06   4.1137695e+01
   3.3157040e+06   4.3884277e+01
   3.3293530e+06   5.4016113e+01
   3.3375080e+06   4.3884277e+01
   3.3556380e+06   4.4677734e+01
   3.3680700e+06   4.3579102e+01
   3.3798690e+06   5.5969238e+01
   3.3801210e+06   4.1015625e+01
   3.4046740e+06   4.4189453e+01
   3.4069140e+06   5.0476074e+01
   3.4087490e+06   5.3771973e+01
   3.4304440e+06   4.8095703e+01
   3.4521660e+06   4.8645020e+01
   3.4524340e+06   5.2612305e+01
   3.4744620e+06   5.8288574e+01
   3.4815240e+06   5.2673340e+01
   3.5016250e+06   4.2785645e+01
   3.5016540e+06   4.7790527e+01
   3.5020850e+06   4.6020508e+01
   3.5213090e+06   4.7058105e+01
   3.5292220e+06   4.3457031e+01
   3.5436490e+06   4.7485352e+01
   3.5441550e+06   4.4250488e+01
   3.5670690e+06   4.3457031e+01
   3.5761900e+06   5.0659180e+01
   3.5911280e+06   4.7912598e+01
   3.6154920e+06   4.2663574e+01
   3.6158770e+06   4.0893555e+01
   3.6379300e+06   4.7912598e+01
   3.6601960e+06   4.2114258e+01
   3.6605640e+06   4.1748047e+01
   3.6793060e+06   4.3701172e+01
   3.6811480e+06   5.5053711e+01
   3.6869430e+06   4.1564941e+01
   3.7000590e+06   4.2053223e+01
   3.7192890e+06   4.1015625e+01
   3.7222000e+06   5.0537109e+01
   3.7227770e+06   4.0710449e+01
   3.7469510e+06   4.4250488e+01
   3.7720030e+06   4.9438477e+01
   3.7723940e+06   4.8400879e+01
   3.7812350e+06   4.7058105e+01
   3.7814670e+06   4.3518066e+01
   3.7878330e+06   4.3762207e+01
   3.7920580e+06   5.4565430e+01
   3.8139630e+06   4.9865723e+01
   3.8143800e+06   4.4128418e+01
   3.8381110e+06   5.9936523e+01
   3.8478520e+06   5.0842285e+01
   3.8546200e+06   4.8400879e+01
   3.8629100e+06   4.0649414e+01
   3.8763200e+06   5.2429199e+01
   3.8946770e+06   4.9316406e+01
   3.9147850e+06   4.1625977e+01
   3.9149350e+06   4.7180176e+01
   3.9252050e+06   4.7607422e+01
   3.9447620e+06   5.9265137e+01
   3.9670040e+06   4.5288086e+01
   3.9872460e+06   4.7302246e+01
   4.0162530e+06   5.2673340e+01
   4.0380810e+06   4.3090820e+01
   4.0545310e+06   4.7607422e+01
   4.0547530e+06   4.1381836e+01
   4.0576430e+06   5.3222656e+01
   4.0740090e+06   4.4921875e+01
   4.0763890e+06   4.2663574e+01
   4.0807150e+06   4.7485352e+01
   4.1039620e+06   4.7241211e+01
   4.1228730e+06   4.4921875e+01
   4.1263560e+06   4.4189453e+01
   4.1374140e+06   4.5532227e+01
   4.1458930e+06   5.0903320e+01
   4.1720410e+06   4.4250488e+01
   4.1722920e+06   4.3640137e+01
   4.1922550e+06   4.7912598e+01
   4.1929560e+06   5.1391602e+01
   4.1932030e+06   4.2968750e+01
   4.1934480e+06   4.2663574e+01
   4.2028730e+06   4.5104980e+01
   4.2148100e+06   6.0913086e+01
   4.2346550e+06   4.9499512e+01
   4.2349220e+06   4.3518066e+01
   4.2579450e+06   4.8645020e+01
   4.2758110e+06   4.6508789e+01
   4.2760860e+06   5.5480957e+01
   4.2763090e+06   4.2297363e+01
   4.2788210e+06   4.6203613e+01
   4.2796800e+06   5.0109863e+01
   4.3018540e+06   4.5349121e+01
   4.3019530e+06   4.3640137e+01
   4.3026020e+06   4.4067383e+01
   4.3080560e+06   5.6762695e+01
   4.3082970e+06   4.7851563e+01
   4.3239460e+06   5.0292969e+01
   4.3464040e+06   5.1635742e+01
   4.3838500e+06   6.1157227e+01
   4.3922030e+06   5.4138184e+01
   4.3923920e+06   4.4311523e+01
   4.3935070e+06   5.7128906e+01
   4.4060670e+06   5.2001953e+01
   4.4199750e+06   4.0710449e+01
   4.4202250e+06   5.0964355e+01
   4.4208170e+06   4.6142578e+01
   4.4212860e+06   4.5104980e+01
   4.4299410e+06   4.5654297e+01
   4.4450340e+06   5.1086426e+01
   4.4527770e+06   5.7983398e+01
   4.4773370e+06   4.2419434e+01
   4.4869090e+06   5.5541992e+01
   4.4922280e+06   4.2907715e+01
   4.5000090e+06   4.7485352e+01
   4.5216880e+06   4.9072266e+01
   4.5432150e+06   4.0649414e+01
   4.5477040e+06   4.8156738e+01
   4.5671010e+06   4.4677734e+01
   4.5731370e+06   4.3273926e+01
   4.5802210e+06   5.2551270e+01
   4.5814200e+06   5.4931641e+01
   4.5890130e+06   5.7556152e+01
   4.6105690e+06   5.4748535e+01
   4.6330060e+06   5.4565430e+01
   4.6354020e+06   4.9682617e+01
   4.6531310e+06   6.0852051e+01
   4.6543660e+06   4.5715332e+01
   4.6583640e+06   5.7189941e+01
   4.6586510e+06   4.9743652e+01
   4.6732920e+06   4.7363281e+01
   4.6852410e+06   5.4077148e+01
   4.6918160e+06   5.0720215e+01
   4.6965860e+06   5.1330566e+01
   4.7179710e+06   4.7729492e+01
   4.7382780e+06   4.2602539e+01
   4.7385730e+06   4.1748047e+01
   4.7598730e+06   4.8400879e+01
   4.7733090e+06   5.7495117e+01
   4.7734390e+06   4.2480469e+01
   4.7738160e+06   4.8767090e+01
   4.7815240e+06   4.6203613e+01
   4.7818460e+06   4.1625977e+01
   4.8031400e+06   4.6081543e+01
   4.8244800e+06   4.7851562e+01
   4.8450250e+06   4.2114258e+01
   4.8673870e+06   4.4128418e+01
   4.8897380e+06   4.5166016e+01
   4.8900150e+06   4.1259766e+01
   4.9057020e+06   4.5166016e+01
   4.9064750e+06   5.4077148e+01
   4.9067740e+06   5.5236816e+01
   4.9070610e+06   4.9011230e+01
   4.9074810e+06   4.4555664e+01
   4.9123710e+06   5.5541992e+01
   4.9291810e+06   6.1462402e+01
   4.9499010e+06   4.2907715e+01
   4.9693780e+06   4.4311523e+01
   4.9901310e+06   4.4555664e+01
   5.0011410e+06   4.0710449e+01
   5.0098870e+06   4.3029785e+01
   5.0300790e+06   4.4311523e+01
   5.0307440e+06   4.4372559e+01
   5.0491760e+06   4.8950195e+01
   5.0572540e+06   4.1931152e+01
   5.0742890e+06   4.2419434e+01
   5.0904260e+06   5.6396484e+01
   5.0938300e+06   5.6030273e+01
   5.0943030e+06   4.6264648e+01
   5.1191800e+06   4.5349121e+01
   5.1245490e+06   5.7495117e+01
   5.1316960e+06   5.0903320e+01
   5.1319650e+06   5.0476074e+01
   5.1321840e+06   4.8828125e+01
   5.1324660e+06   4.8950195e+01
   5.1477000e+06   4.6630859e+01
   5.1682530e+06   5.0354004e+01
   5.1689320e+06   5.3466797e+01
   5.1690760e+06   4.0649414e+01
   5.1692480e+06   4.6691895e+01
   5.1696920e+06   4.6020508e+01
   5.1699830e+06   4.0832520e+01
   5.1808850e+06   4.8950195e+01
   5.1920890e+06   5.1208496e+01
   5.2103160e+06   4.1870117e+01
   5.2324960e+06   5.5786133e+01
   5.2458130e+06   5.1330566e+01
   5.2460290e+06   5.4199219e+01
   5.2468470e+06   4.2236328e+01
   5.2470340e+06   4.3151855e+01
   5.2598750e+06   4.5532227e+01
   5.2789420e+06   4.4372559e+01
   5.2800350e+06   4.7851563e+01
   5.2807580e+06   4.9377441e+01
   5.3022010e+06   4.2358398e+01
   5.3028120e+06   4.6447754e+01
   5.3203590e+06   5.3527832e+01
   5.3247750e+06   4.9255371e+01
   5.3299000e+06   4.4433594e+01
   5.3300620e+06   4.1809082e+01
   5.3455320e+06   5.6030273e+01
   5.3687170e+06   4.1687012e+01
   5.3791320e+06   4.2724609e+01
   5.3908720e+06   4.7668457e+01
   5.3910240e+06   5.0109863e+01
   5.4189160e+06   4.4860840e+01
   5.4192910e+06   4.0893555e+01
   5.4257730e+06   5.6091309e+01
   5.4262690e+06   5.1147461e+01
   5.4264170e+06   4.1442871e+01
   5.4389270e+06   4.4189453e+01
   5.4601990e+06   5.2062988e+01
   5.4813920e+06   4.3090820e+01
   5.4850060e+06   4.6997070e+01
   5.4858440e+06   4.1748047e+01
   5.4861440e+06   4.4555664e+01
   5.5043200e+06   5.7128906e+01
   5.5047240e+06   4.3273926e+01
   5.5219980e+06   4.9255371e+01
   5.5222990e+06   4.3518066e+01
   5.5261680e+06   4.2297363e+01
   5.5419630e+06   4.5837402e+01
   5.5549860e+06   4.3273926e+01
   5.5598350e+06   4.2907715e+01
   5.5679830e+06   4.1564941e+01
   5.5745650e+06   4.5837402e+01
   5.5747610e+06   4.7363281e+01
   5.5750180e+06   4.4677734e+01
   5.5751860e+06   4.9011230e+01
   5.5872440e+06   5.3955078e+01
   5.5978270e+06   4.6691895e+01
   5.6212480e+06   6.3415527e+01
   5.6436450e+06   4.7363281e+01
   5.6489020e+06   5.2001953e+01
   5.6499390e+06   5.0537109e+01
   5.6500870e+06   4.7302246e+01
   5.6627230e+06   4.5227051e+01
   5.6837380e+06   4.5410156e+01
   5.6863710e+06   5.2124023e+01
   5.6866690e+06   4.6020508e+01
   5.6898370e+06   4.1931152e+01
   5.7101680e+06   5.4077148e+01
   5.7118480e+06   4.4921875e+01
   5.7121050e+06   4.2846680e+01
   5.7149880e+06   4.1625977e+01
   5.7329710e+06   4.5104980e+01
   5.7334460e+06   4.2114258e+01
   5.7355610e+06   6.0241699e+01
   5.7357290e+06   5.3039551e+01
   5.7400360e+06   5.6152344e+01
   5.7403320e+06   4.8400879e+01
   5.7406100e+06   4.2236328e+01
   5.7562220e+06   5.2917480e+01
   5.7767460e+06   5.7373047e+01
   5.7779560e+06   4.2541504e+01
   5.8035990e+06   4.9255371e+01
   5.8039890e+06   4.1198730e+01
   5.8040580e+06   4.7546387e+01
   5.8231730e+06   5.3100586e+01
   5.8513070e+06   4.8217773e+01
   5.8700210e+06   4.5837402e+01
   5.8729800e+06   4.2785645e+01
   5.8865270e+06   4.4006348e+01
   5.8869450e+06   4.6752930e+01
   5.8936530e+06   4.3579102e+01
   5.9220700e+06   4.7119141e+01
   5.9419600e+06   4.3395996e+01
   5.9428500e+06   6.0974121e+01
   5.9436910e+06   4.7668457e+01
   5.9438390e+06   4.1992188e+01
   5.9611250e+06   5.0903320e+01
   5.9650870e+06   5.4992676e+01
   5.9842270e+06   4.9133301e+01
   5.9997630e+06   4.6936035e+01
   6.0069220e+06   4.8278809e+01
   6.0073070e+06   4.1381836e+01
   6.0104400e+06   4.7424316e+01
   6.0167640e+06   5.9875488e+01
   6.0170000e+06   4.3457031e+01
   6.0172130e+06   4.5288086e+01
   6.0295200e+06   4.5593262e+01
   6.0527510e+06   5.3710938e+01
   6.0558300e+06   4.6691895e+01
   6.0721960e+06   4.4799805e+01
   6.0867680e+06   4.8156738e+01
   6.0956800e+06   4.6875000e+01
   6.0991310e+06   5.7373047e+01
   6.0992790e+06   5.2001953e+01
   6.0994480e+06   4.4982910e+01
   6.0996680e+06   4.3273926e+01
   6.0998370e+06   4.1198730e+01
   6.1106330e+06   5.2734375e+01
   6.1158420e+06   5.2185059e+01
   6.1309920e+06   5.3466797e+01
   6.1312200e+06   5.0659180e+01
   6.1314500e+06   4.1992188e+01
   6.1365400e+06   4.3395996e+01
   6.1562270e+06   4.8217773e+01
   6.1598110e+06   4.7485352e+01
   6.1611060e+06   4.1259766e+01
   6.1704170e+06   4.2053223e+01
   6.1739050e+06   4.9499512e+01
   6.1912690e+06   4.0649414e+01
   6.1915990e+06   4.2053223e+01
   6.2109610e+06   4.2785645e+01
   6.2154410e+06   4.4860840e+01
   6.2284220e+06   4.7912598e+01
   6.2286460e+06   4.1503906e+01
   6.2329200e+06   4.8095703e+01
   6.2330860e+06   5.1940918e+01
   6.2332640e+06   4.1870117e+01
   6.2341400e+06   4.1259766e+01
   6.2346440e+06   4.4372559e+01
   6.2461930e+06   4.3457031e+01
   6.2597580e+06   4.0893555e+01
   6.2650880e+06   5.0964355e+01
   6.2655000e+06   4.3762207e+01
   6.2883140e+06   4.5898437e+01
   6.2973940e+06   5.7434082e+01
   6.2976080e+06   5.3955078e+01
   6.2977640e+06   4.3273926e+01
   6.2981830e+06   4.2541504e+01
   6.2982160e+06   4.8889160e+01
   6.3086950e+06   4.4982910e+01
   6.3107990e+06   5.5053711e+01
   6.3278630e+06   4.5104980e+01
   6.3323100e+06   4.9316406e+01
   6.3452030e+06   5.6152344e+01
   6.3650880e+06   5.7373047e+01
   6.3669060e+06   5.0292969e+01
   6.3674240e+06   4.6691895e+01
   6.3678980e+06   4.1564941e+01
   6.3814180e+06   5.6396484e+01
   6.3821070e+06   5.2978516e+01
   6.3864510e+06   4.7424316e+01
   6.3867920e+06   4.3090820e+01
   6.3917470e+06   4.2968750e+01
   6.4103910e+06   4.1564941e+01
   6.4106920e+06   4.2419434e+01
   6.4297960e+06   4.4616699e+01
   6.4487510e+06   4.7729492e+01
   6.4657390e+06   4.7973633e+01
   6.4674050e+06   5.2612305e+01
   6.4863280e+06   4.2114258e+01
   6.4888930e+06   6.1279297e+01
   6.4890620e+06   4.9011230e+01
   6.4893160e+06   4.4067383e+01
   6.4918680e+06   4.9865723e+01
   6.5030970e+06   4.7607422e+01
   6.5033190e+06   4.2663574e+01
   6.5185260e+06   4.3518066e+01
   6.5202500e+06   4.1381836e+01
   6.5322070e+06   5.1940918e+01
   6.5408800e+06   5.6640625e+01
   6.5450650e+06   5.3161621e+01
   6.5484870e+06   4.1198730e+01
   6.5486610e+06   4.7668457e+01
   6.5488010e+06   4.3579102e+01
   6.5492260e+06   4.3579102e+01
   6.5593170e+06   5.0170898e+01
   6.5699590e+06   4.6630859e+01
   6.5773070e+06   4.5715332e+01
   6.5780100e+06   5.0048828e+01
   6.5966650e+06   4.6081543e+01
   6.5968020e+06   4.8095703e+01
   6.5968210e+06   4.2724609e+01
   6.5970090e+06   4.6386719e+01
   6.5972690e+06   4.7973633e+01
   6.5976800e+06   4.4555664e+01
   6.5982240e+06   4.7302246e+01
   6.5984910e+06   4.2602539e+01
   6.6163120e+06   4.8522949e+01
   6.6166610e+06   4.2907715e+01
   6.6193090e+06   4.0771484e+01
   6.6214140e+06   5.0598145e+01
   6.6354260e+06   4.9743652e+01
   6.6362370e+06   4.3029785e+01
   6.6537660e+06   4.9621582e+01
   6.6542510e+06   5.0415039e+01
   6.6586080e+06   4.3640137e+01
   6.6587870e+06   4.3640137e+01
   6.6593540e+06   5.3283691e+01
   6.6599590e+06   4.1259766e+01
   6.6740560e+06   5.1513672e+01
   6.6933150e+06   5.6701660e+01
   6.7073940e+06   5.7617188e+01
   6.7077650e+06   4.1381836e+01
   6.7081600e+06   5.0903320e+01
   6.7124850e+06   5.4260254e+01
   6.7129190e+06   4.8095703e+01
   6.7177340e+06   4.3090820e+01
   6.7253190e+06   4.9255371e+01
   6.7256720e+06   4.2053223e+01
   6.7304650e+06   4.8583984e+01
   6.7374480e+06   4.7546387e+01
   6.7390020e+06   4.3762207e+01
   6.7391440e+06   4.5349121e+01
   6.7508050e+06   5.4260254e+01
   6.7632740e+06   4.4616699e+01
   6.7728650e+06   5.4687500e+01
   6.7769390e+06   4.3151855e+01
   6.7929830e+06   4.9133301e+01
   6.8109900e+06   5.3405762e+01
   6.8112780e+06   4.1748047e+01
   6.8115040e+06   4.5593262e+01
   6.8118370e+06   4.0710449e+01
   6.8151670e+06   5.1330566e+01
   6.8186830e+06   4.4433594e+01
   6.8336170e+06   5.3100586e+01
   6.8351850e+06   4.4677734e+01
   6.8392230e+06   4.4677734e+01
   6.8559670e+06   5.7373047e+01
   6.8574900e+06   4.0649414e+01
   6.8753340e+06   4.7607422e+01
   6.8758490e+06   4.7119141e+01
   6.8901220e+06   4.9194336e+01
   6.8936660e+06   4.6813965e+01
   6.9129650e+06   4.7424316e+01
   6.9312840e+06   5.3344727e+01
   6.9323450e+06   4.4738770e+01
   6.9352280e+06   5.0964355e+01
   6.9516690e+06   4.6752930e+01
   6.9683410e+06   5.2795410e+01
   6.9876640e+06   5.5053711e+01
   7.0059590e+06   4.9987793e+01
   7.0092200e+06   4.5471191e+01
   7.0225290e+06   5.1635742e+01
   7.0445000e+06   4.2846680e+01
   7.0453320e+06   4.9255371e+01
   7.0637950e+06   4.2968750e+01
   7.0655600e+06   4.1992188e+01
   7.0816230e+06   4.3029785e+01
   7.1098220e+06   4.3823242e+01
   7.1158810e+06   4.2358398e+01
   7.1302970e+06   5.9082031e+01
   7.1304910e+06   5.0598145e+01
   7.1310360e+06   4.6630859e+01
   7.1345150e+06   4.2785645e+01
   7.1360570e+06   4.4677734e+01
   7.1462650e+06   5.0659180e+01
   7.1503900e+06   5.0842285e+01
   7.1506520e+06   5.4626465e+01
   7.1546690e+06   4.3884277e+01
   7.1769070e+06   5.3527832e+01
   7.1774640e+06   4.4311523e+01
   7.1778480e+06   4.8339844e+01
   7.1797010e+06   4.9865723e+01
   7.1798660e+06   4.6447754e+01
   7.1812370e+06   4.5898438e+01
   7.1815350e+06   4.9255371e+01
   7.2004720e+06   6.3293457e+01
   7.2129000e+06   4.8156738e+01
   7.2179190e+06   5.0415039e+01
   7.2309230e+06   5.7861328e+01
   7.2362750e+06   4.3395996e+01
   7.2573100e+06   5.5969238e+01
   7.2670740e+06   4.9072266e+01
   7.2672840e+06   4.7302246e+01
   7.2675670e+06   4.4006348e+01
   7.2687340e+06   4.3395996e+01
   7.2747400e+06   5.3100586e+01
   7.2764400e+06   4.2114258e+01
   7.2953340e+06   4.7485352e+01
   7.3167430e+06   5.1940918e+01
   7.3171310e+06   5.5908203e+01
   7.3179110e+06   4.7058105e+01
   7.3181590e+06   4.7180176e+01
   7.3304520e+06   5.3100586e+01
   7.3342200e+06   4.5593262e+01
   7.3363820e+06   5.2429199e+01
   7.3567290e+06   4.4494629e+01
   7.3758020e+06   4.5898438e+01
   7.3771650e+06   4.9438477e+01
   7.3963270e+06   4.9499512e+01
   7.4124590e+06   4.4494629e+01
   7.4148140e+06   4.5715332e+01
   7.4344960e+06   4.5227051e+01
   7.4361420e+06   4.5349121e+01
   7.4363040e+06   5.8044434e+01
   7.4549930e+06   5.1391602e+01
   7.4587800e+06   4.3518066e+01
   7.4753220e+06   4.7180176e+01
   7.4799940e+06   5.2978516e+01
   7.4801850e+06   5.7312012e+01
   7.4803940e+06   4.5898438e+01
   7.4943150e+06   4.9255371e+01
   7.5102730e+06   5.0415039e+01
   7.5285490e+06   4.7119141e+01
   7.5410230e+06   4.9621582e+01
   7.5475810e+06   4.7546387e+01
   7.5680120e+06   4.2785645e+01
   7.5883060e+06   5.6274414e+01
   7.6079730e+06   4.8583984e+01
   7.6269340e+06   5.1269531e+01
   7.6477680e+06   4.5349121e+01
   7.6498840e+06   4.5654297e+01
   7.6568550e+06   4.9621582e+01
   7.6638060e+06   5.2673340e+01
   7.6639980e+06   4.3640137e+01
   7.6642650e+06   4.1442871e+01
   7.6644740e+06   4.5104980e+01
   7.6645950e+06   4.6691895e+01
   7.6671460e+06   5.3283691e+01
   7.6752990e+06   4.1076660e+01
   7.6868980e+06   4.7912598e+01
   7.6871400e+06   4.2968750e+01
   7.7022310e+06   5.0720215e+01
   7.7077870e+06   5.4260254e+01
   7.7299550e+06   4.6081543e+01
   7.7494780e+06   4.3212891e+01
   7.7528510e+06   4.4372559e+01
   7.7606820e+06   5.1757812e+01
   7.7608110e+06   5.0292969e+01
   7.7612550e+06   4.4860840e+01
   7.7716170e+06   4.1992188e+01
   7.7823500e+06   4.4311523e+01
   7.7924690e+06   4.8889160e+01
   7.8108270e+06   4.6264648e+01
   7.8186300e+06   4.2480469e+01
   7.8387280e+06   5.8166504e+01
   7.8584110e+06   5.0048828e+01
   7.8629440e+06   4.5593262e+01
   7.8681600e+06   4.1931152e+01
   7.8772260e+06   5.3039551e+01
   7.8841550e+06   4.5715332e+01
   7.8857110e+06   4.3151855e+01
   7.8973090e+06   4.9560547e+01
   7.9152400e+06   5.5603027e+01
   7.9414720e+06   5.8105469e+01
   7.9613160e+06   4.2358398e+01
   7.9830160e+06   4.6142578e+01
   7.9846760e+06   4.7058105e+01
   8.0022100e+06   5.3527832e+01
   8.0192280e+06   4.4372559e+01
   8.0419960e+06   4.8583984e+01
   8.0422000e+06   4.9926758e+01
   8.0663730e+06   4.1931152e+01
   8.0663980e+06   4.9621582e+01
   8.0666850e+06   4.3151855e+01
   8.0915380e+06   4.5166016e+01
   8.1116710e+06   4.5532227e+01
   8.1350950e+06   4.8645020e+01
   8.1356450e+06   4.1870117e+01
   8.1555750e+06   4.7851562e+01
   8.1558260e+06   4.2480469e+01
   8.1793860e+06   4.6447754e+01
   8.1949770e+06   4.5532227e+01
   8.2004340e+06   4.4189453e+01
   8.2008500e+06   4.3762207e+01
   8.2251980e+06   4.3762207e+01
   8.2440470e+06   4.6447754e+01
   8.2674050e+06   5.0048828e+01
   8.2698800e+06   4.6264648e+01
   8.2892220e+06   4.4189453e+01
   8.3092660e+06   5.0720215e+01
   8.3099990e+06   4.7424316e+01
   8.3187040e+06   4.3457031e+01
   8.3258580e+06   4.6142578e+01
   8.3499260e+06   4.5349121e+01
   8.3515450e+06   5.3894043e+01
   8.3817070e+06   6.2316895e+01
   8.4065720e+06   5.0292969e+01
   8.4314660e+06   5.5969238e+01
   8.4573620e+06   4.2846680e+01
   8.4644040e+06   4.3457031e+01
   8.4827700e+06   4.9316406e+01
   8.4830610e+06   4.4677734e+01
   8.5109770e+06   4.5898437e+01
   8.5284050e+06   4.3518066e+01
   8.5351800e+06   5.1818848e+01
   8.5354230e+06   4.6569824e+01
   8.5586200e+06   5.0598145e+01
   8.5836860e+06   6.3110352e+01
   8.5908640e+06   4.1198730e+01
   8.5978490e+06   4.5532227e+01
   8.6195040e+06   4.2297363e+01
   8.6222590e+06   4.7058105e+01
   8.6225140e+06   4.5532227e+01
   8.6444470e+06   5.0231934e+01
   8.6675910e+06   4.7119141e+01
   8.6678960e+06   4.0832520e+01
   8.6931770e+06   4.3334961e+01
   8.6988710e+06   4.9743652e+01
   8.7207620e+06   5.4687500e+01
   8.7212980e+06   4.4494629e+01
   8.7455990e+06   5.8471680e+01
   8.7460150e+06   4.0588379e+01
   8.7669710e+06   4.8217773e+01
   8.7687940e+06   4.6447754e+01
   8.7955830e+06   4.4616699e+01
   8.7958290e+06   4.1625977e+01
   8.8205160e+06   5.1696777e+01
   8.8212080e+06   4.4738770e+01
   8.8400340e+06   5.0659180e+01
   8.8614030e+06   4.8522949e+01
   8.8655650e+06   4.4006348e+01
   8.8837190e+06   5.0109863e+01
   8.9008910e+06   4.4006348e+01
   8.9076440e+06   5.9875488e+01
   8.9305380e+06   4.6447754e+01
   8.9309850e+06   4.8950195e+01
   8.9593310e+06   5.1391602e+01
   8.9700230e+06   5.0964355e+01
   8.9934560e+06   4.1442871e+01
   8.9940650e+06   4.3640137e+01
