   8.9990000e+06   0.0000000e+00
   1.8183200e+05   4.5898438e+01
   2.7451300e+05   4.0649414e+01
   3.0371100e+05   4.0100098e+01
   6.8964800e+05   4.0344238e+01
   1.6031220e+06   4.0161133e+01
   1.6362920e+06   4.1137695e+01
   2.2037780e+06   4.0405273e+01
   2.3815330e+06   4.0710449e+01
   3.1468480e+06   4.0466309e+01
   3.2753550e+06   4.2480469e+01
   3.5288300e+06   4.2053223e+01
   3.9934030e+06   4.9072266e+01
   4.1684690e+06   4.1076660e+01
   5.3122310e+06   4.1687012e+01
   5.4923980e+06   4.0893555e+01
   5.7228040e+06   4.1931152e+01
   5.8883570e+06   4.0710449e+01
   7.0725870e+06   4.2297363e+01
   8.3988180e+06   4.3884277e+01
   8.5655140e+06   4.0344238e+01
   8.6396130e+06   4.1381836e+01
