   8.9990000e+06   0.0000000e+00
   9.5950000e+03   5.3405762e+01
   3.1494000e+04   5.1269531e+01
   1.1037800e+05   5.2246094e+01
   1.4521600e+05   4.1076660e+01
   1.4846400e+05   4.2602539e+01
   1.6072000e+05   4.2968750e+01
   1.6557200e+05   4.6020508e+01
   1.6970100e+05   4.5654297e+01
   1.8702400e+05   4.2846680e+01
   1.8817100e+05   4.5837402e+01
   2.1216500e+05   4.4006348e+01
   2.7025200e+05   4.0344238e+01
   2.7366300e+05   4.2114258e+01
   2.9495300e+05   4.2785645e+01
   3.0794100e+05   4.1931152e+01
   3.3998700e+05   4.1198730e+01
   3.6532100e+05   4.1870117e+01
   3.6796900e+05   4.4921875e+01
   3.9013300e+05   4.2480469e+01
   4.3149800e+05   4.6020508e+01
   4.4440800e+05   4.5898438e+01
   4.4855100e+05   4.4982910e+01
   4.5153600e+05   4.2907715e+01
   4.6042700e+05   4.9987793e+01
   4.8470500e+05   4.4860840e+01
   4.8511500e+05   4.4006348e+01
   4.8738700e+05   4.0893555e+01
   5.0441000e+05   4.0832520e+01
   5.2297800e+05   4.1259766e+01
   5.5157200e+05   4.3884277e+01
   5.6758100e+05   4.3701172e+01
   6.0628300e+05   4.4311523e+01
   6.0950900e+05   4.0588379e+01
   6.1606800e+05   4.3701172e+01
   6.5323500e+05   4.6081543e+01
   6.7517700e+05   5.7312012e+01
   7.1691700e+05   4.3090820e+01
   7.2552900e+05   4.2114258e+01
   7.2612100e+05   4.2968750e+01
   7.2936600e+05   4.8461914e+01
   7.3478300e+05   4.1259766e+01
   7.6961700e+05   4.5593262e+01
   7.7024500e+05   4.1198730e+01
   7.8082800e+05   4.1015625e+01
   8.4296000e+05   4.4677734e+01
   8.4400000e+05   4.0161133e+01
   8.4998000e+05   4.2175293e+01
   8.6657100e+05   4.2724609e+01
   9.1594500e+05   4.4128418e+01
   9.3677400e+05   4.4860840e+01
   9.7186900e+05   4.1076660e+01
   1.0095220e+06   4.2846680e+01
   1.0288940e+06   4.0466309e+01
   1.0348300e+06   4.0161133e+01
   1.0358200e+06   4.2297363e+01
   1.0375240e+06   4.1320801e+01
   1.0717420e+06   4.2358398e+01
   1.0739520e+06   4.3395996e+01
   1.0849130e+06   4.3884277e+01
   1.1146690e+06   4.5471191e+01
   1.1552440e+06   4.3823242e+01
   1.1933050e+06   4.3090820e+01
   1.1977620e+06   4.0161133e+01
   1.2111380e+06   4.0100098e+01
   1.2123860e+06   4.0222168e+01
   1.2355400e+06   4.7180176e+01
   1.2415120e+06   3.9978027e+01
   1.2516630e+06   4.5349121e+01
   1.2831050e+06   4.1320801e+01
   1.2975230e+06   5.0659180e+01
   1.2981540e+06   4.8461914e+01
   1.3019080e+06   4.3518066e+01
   1.3078740e+06   4.8217773e+01
   1.3388990e+06   4.2846680e+01
   1.3533310e+06   4.6081543e+01
   1.3555480e+06   4.0283203e+01
   1.3659700e+06   3.9916992e+01
   1.3717160e+06   4.9804688e+01
   1.3764690e+06   4.3884277e+01
   1.3996780e+06   4.1076660e+01
   1.4010520e+06   4.3029785e+01
   1.4023090e+06   4.2297363e+01
   1.4027900e+06   4.0161133e+01
   1.4135570e+06   5.0231934e+01
   1.4425180e+06   4.0893555e+01
   1.4429840e+06   4.2114258e+01
   1.4440610e+06   4.5898438e+01
   1.4523460e+06   4.3457031e+01
   1.4732910e+06   4.0649414e+01
   1.4754380e+06   4.1015625e+01
   1.4796370e+06   4.1625977e+01
   1.4871150e+06   4.3640137e+01
   1.5159770e+06   4.2480469e+01
   1.5315330e+06   4.7241211e+01
   1.5376900e+06   4.7058105e+01
   1.5596200e+06   4.2358398e+01
   1.6364430e+06   5.2490234e+01
   1.6713300e+06   4.3090820e+01
   1.6955020e+06   4.7790527e+01
   1.7022560e+06   4.0771484e+01
   1.7055180e+06   4.1870117e+01
   1.7220040e+06   4.8950195e+01
   1.7313050e+06   5.0048828e+01
   1.7444300e+06   4.1137695e+01
   1.7515230e+06   4.0222168e+01
   1.7716960e+06   4.2785645e+01
   1.7830970e+06   4.0649414e+01
   1.7851590e+06   4.3518066e+01
   1.7853280e+06   4.0344238e+01
   1.8075500e+06   4.0710449e+01
   1.8152690e+06   4.1687012e+01
   1.8184380e+06   4.1687012e+01
   1.8291280e+06   4.0222168e+01
   1.8349020e+06   4.3579102e+01
   1.8530180e+06   4.0100098e+01
   1.8590330e+06   4.4982910e+01
   1.8799460e+06   4.1809082e+01
   1.8949610e+06   4.1564941e+01
   1.8972760e+06   4.3090820e+01
   1.9051500e+06   4.2968750e+01
   1.9129440e+06   4.4555664e+01
   1.9525050e+06   4.3090820e+01
   1.9638570e+06   4.0466309e+01
   1.9643570e+06   4.5532227e+01
   1.9654770e+06   4.0222168e+01
   1.9820600e+06   4.0588379e+01
   1.9901840e+06   4.8889160e+01
   2.0000120e+06   4.0039062e+01
   2.0004920e+06   4.1198730e+01
   2.0050820e+06   4.2602539e+01
   2.0057720e+06   4.5593262e+01
   2.0235540e+06   4.4067383e+01
   2.0364380e+06   4.7973633e+01
   2.0554950e+06   4.4799805e+01
   2.0596580e+06   4.5288086e+01
   2.0635300e+06   4.8522949e+01
   2.0857420e+06   4.6508789e+01
   2.0932640e+06   4.1381836e+01
   2.0985010e+06   4.0771484e+01
   2.1104030e+06   4.1931152e+01
   2.1610940e+06   4.2175293e+01
   2.1624140e+06   4.1381836e+01
   2.1744930e+06   4.6936035e+01
   2.1883800e+06   4.1259766e+01
   2.1915900e+06   3.9916992e+01
   2.2010630e+06   4.0710449e+01
   2.2035900e+06   4.0649414e+01
   2.2158380e+06   4.1442871e+01
   2.2177910e+06   4.4738770e+01
   2.2433200e+06   4.1503906e+01
   2.2453020e+06   4.2663574e+01
   2.2487100e+06   4.4738770e+01
   2.2606520e+06   4.6508789e+01
   2.2707290e+06   4.0893555e+01
   2.2754050e+06   4.1015625e+01
   2.2883430e+06   4.1748047e+01
   2.2981180e+06   4.1381836e+01
   2.3000450e+06   4.1931152e+01
   2.3254520e+06   4.1748047e+01
   2.3372060e+06   4.2907715e+01
   2.3716050e+06   4.5654297e+01
   2.3890730e+06   4.0771484e+01
   2.4118760e+06   4.7363281e+01
   2.4256530e+06   4.2480469e+01
   2.4307290e+06   4.0649414e+01
   2.4645100e+06   4.2236328e+01
   2.4649340e+06   4.3945313e+01
   2.4881040e+06   4.7546387e+01
   2.5005960e+06   4.3029785e+01
   2.5007550e+06   4.3701172e+01
   2.5183260e+06   4.9682617e+01
   2.5284420e+06   4.0222168e+01
   2.5536940e+06   4.5104980e+01
   2.5626670e+06   4.2602539e+01
   2.5829650e+06   4.4677734e+01
   2.5967830e+06   4.3395996e+01
   2.6133790e+06   5.1391602e+01
   2.6138820e+06   4.3640137e+01
   2.6233380e+06   4.3395996e+01
   2.6506670e+06   4.5043945e+01
   2.6650060e+06   4.5654297e+01
   2.6692130e+06   4.1198730e+01
   2.6839090e+06   4.8278809e+01
   2.6845480e+06   4.2663574e+01
   2.7124040e+06   4.0466309e+01
   2.7253210e+06   4.6875000e+01
   2.7342170e+06   4.4189453e+01
   2.7361660e+06   4.1687012e+01
   2.7509300e+06   4.4311523e+01
   2.7692060e+06   4.7485352e+01
   2.7861840e+06   4.4433594e+01
   2.7940930e+06   4.1564941e+01
   2.8070630e+06   4.0039063e+01
   2.8112050e+06   3.9916992e+01
   2.8200490e+06   4.1015625e+01
   2.8321080e+06   4.3090820e+01
   2.8419520e+06   4.0710449e+01
   2.8448340e+06   4.3151855e+01
   2.8470890e+06   4.0771484e+01
   2.8556440e+06   4.0710449e+01
   2.8609070e+06   4.1198730e+01
   2.8613960e+06   4.5227051e+01
   2.8781820e+06   4.6203613e+01
   2.8994600e+06   4.6142578e+01
   2.9160900e+06   4.0405273e+01
   2.9166970e+06   4.4616699e+01
   2.9182780e+06   4.0832520e+01
   2.9392110e+06   4.6203613e+01
   2.9508630e+06   4.1015625e+01
   2.9661020e+06   4.4921875e+01
   2.9821800e+06   4.2907715e+01
   3.0503430e+06   4.4555664e+01
   3.0530350e+06   4.5104980e+01
   3.0548180e+06   4.0222168e+01
   3.0622360e+06   3.9916992e+01
   3.0752400e+06   5.0048828e+01
   3.0847440e+06   4.0954590e+01
   3.0854500e+06   4.0283203e+01
   3.1073270e+06   4.7241211e+01
   3.1311270e+06   4.2846680e+01
   3.1339830e+06   4.1625977e+01
   3.1696590e+06   4.1870117e+01
   3.1749930e+06   4.1015625e+01
   3.1780260e+06   4.1503906e+01
   3.1829300e+06   4.0100098e+01
   3.1895260e+06   4.3640137e+01
   3.1909110e+06   4.3579102e+01
   3.1935790e+06   4.1076660e+01
   3.2132960e+06   4.3762207e+01
   3.2317250e+06   4.2236328e+01
   3.2337420e+06   4.1381836e+01
   3.2362440e+06   4.2114258e+01
   3.2450280e+06   4.0100098e+01
   3.2452170e+06   4.7302246e+01
   3.2462680e+06   4.5837402e+01
   3.2474280e+06   4.0405273e+01
   3.2493460e+06   4.4677734e+01
   3.2499080e+06   4.1931152e+01
   3.2904910e+06   4.4494629e+01
   3.2991160e+06   4.4372559e+01
   3.3116240e+06   4.1198730e+01
   3.3265160e+06   4.0222168e+01
   3.3390410e+06   4.5104980e+01
   3.3510050e+06   4.0100098e+01
   3.3839380e+06   4.1564941e+01
   3.3848100e+06   4.0344238e+01
   3.4011160e+06   4.3395996e+01
   3.4069500e+06   4.4494629e+01
   3.4177780e+06   4.1564941e+01
   3.4240230e+06   4.1748047e+01
   3.4301610e+06   4.1381836e+01
   3.4336260e+06   4.2541504e+01
   3.4350140e+06   4.0832520e+01
   3.4577720e+06   4.0100098e+01
   3.4687320e+06   4.0771484e+01
   3.4929240e+06   3.9916992e+01
   3.5046760e+06   4.0100098e+01
   3.5193040e+06   4.0405273e+01
   3.5434590e+06   4.0161133e+01
   3.5529220e+06   4.1931152e+01
   3.5595790e+06   4.5593262e+01
   3.5647450e+06   4.1564941e+01
   3.5876250e+06   4.6264648e+01
   3.5879010e+06   5.1208496e+01
   3.5903340e+06   4.1564941e+01
   3.6167070e+06   4.4128418e+01
   3.6529330e+06   4.9316406e+01
   3.6537890e+06   4.4982910e+01
   3.6852300e+06   4.4799805e+01
   3.6954080e+06   4.0588379e+01
   3.7104310e+06   4.4311523e+01
   3.7169010e+06   4.3212891e+01
   3.7278900e+06   4.1992188e+01
   3.7404070e+06   4.2419434e+01
   3.7426070e+06   4.6691895e+01
   3.7634320e+06   4.0527344e+01
   3.7785650e+06   4.3395996e+01
   3.7855750e+06   4.5043945e+01
   3.7857830e+06   4.3273926e+01
   3.8076170e+06   4.1198730e+01
   3.8184240e+06   4.6020508e+01
   3.8323690e+06   4.0039062e+01
   3.8382040e+06   4.1137695e+01
   3.8586800e+06   4.6081543e+01
   3.8797380e+06   4.3640137e+01
   3.8895970e+06   4.7241211e+01
   3.9105780e+06   4.0161133e+01
   3.9246420e+06   4.6264648e+01
   3.9251590e+06   4.4799805e+01
   3.9405770e+06   4.4250488e+01
   3.9462790e+06   4.1748047e+01
   3.9487950e+06   4.0954590e+01
   3.9495550e+06   4.3823242e+01
   3.9496570e+06   4.0649414e+01
   4.0206380e+06   4.0588379e+01
   4.0486560e+06   4.5227051e+01
   4.0548770e+06   4.1870117e+01
   4.1162670e+06   4.1625977e+01
   4.2161990e+06   4.0283203e+01
   4.2168320e+06   4.1992188e+01
   4.2530960e+06   4.1259766e+01
   4.3025000e+06   4.0100098e+01
   4.3685990e+06   4.0039062e+01
   4.3829230e+06   4.3945312e+01
   4.4058200e+06   3.9916992e+01
   4.4316990e+06   3.9916992e+01
   4.4437800e+06   4.2053223e+01
   4.4561770e+06   4.3945312e+01
   4.4962400e+06   4.1931152e+01
   4.5247170e+06   4.0161133e+01
   4.5617170e+06   4.2602539e+01
   4.5782470e+06   5.0048828e+01
   4.5878680e+06   4.8461914e+01
   4.6006500e+06   4.2968750e+01
   4.6232890e+06   4.6752930e+01
   4.6299170e+06   4.1015625e+01
   4.6343270e+06   4.2297363e+01
   4.6479910e+06   4.2907715e+01
   4.6611700e+06   4.1992188e+01
   4.6772690e+06   4.4189453e+01
   4.6778280e+06   4.1992188e+01
   4.7108150e+06   4.7180176e+01
   4.7345380e+06   4.9438477e+01
   4.7376800e+06   4.2663574e+01
   4.7569540e+06   4.4738770e+01
   4.8050600e+06   4.8828125e+01
   4.8240820e+06   4.5288086e+01
   4.8248500e+06   4.4189453e+01
   4.8379570e+06   4.2175293e+01
   4.8391840e+06   4.0039062e+01
   4.8558560e+06   4.2541504e+01
   4.8646160e+06   5.0659180e+01
   4.8731490e+06   4.3762207e+01
   4.8873780e+06   4.0283203e+01
   4.8886990e+06   4.2053223e+01
   4.8897980e+06   4.3151855e+01
   4.9138960e+06   4.5471191e+01
   4.9316500e+06   4.1809082e+01
   4.9335480e+06   4.2724609e+01
   4.9339960e+06   4.3212891e+01
   4.9353120e+06   4.1748047e+01
   4.9563240e+06   4.4128418e+01
   4.9617320e+06   4.1748047e+01
   4.9671590e+06   4.6936035e+01
   4.9726540e+06   4.0832520e+01
   4.9838590e+06   4.4860840e+01
   4.9907560e+06   4.2602539e+01
   5.0100080e+06   4.3457031e+01
   5.0148330e+06   4.1320801e+01
   5.0156100e+06   4.0954590e+01
   5.0177280e+06   5.5480957e+01
   5.0233550e+06   4.0832520e+01
   5.0308460e+06   4.2114258e+01
   5.0431690e+06   4.2358398e+01
   5.0439910e+06   4.3884277e+01
   5.0507950e+06   4.7668457e+01
   5.0524120e+06   4.0649414e+01
   5.0639900e+06   4.7363281e+01
   5.0705940e+06   4.3395996e+01
   5.0756330e+06   4.1015625e+01
   5.0763130e+06   3.9978027e+01
   5.0881890e+06   4.1931152e+01
   5.0927660e+06   3.9916992e+01
   5.1242680e+06   4.3945312e+01
   5.1301360e+06   4.2785645e+01
   5.1302800e+06   4.4067383e+01
   5.1347450e+06   4.0527344e+01
   5.1372940e+06   4.1809082e+01
   5.1616730e+06   4.3457031e+01
   5.1649680e+06   4.1015625e+01
   5.1853840e+06   4.0222168e+01
   5.1941400e+06   4.5471191e+01
   5.2126910e+06   4.0710449e+01
   5.2170910e+06   4.2297363e+01
   5.2236790e+06   4.0710449e+01
   5.2335330e+06   4.1687012e+01
   5.2360990e+06   4.0222168e+01
   5.2392680e+06   4.0832520e+01
   5.2528360e+06   4.4555664e+01
   5.2707510e+06   4.5959473e+01
   5.2850930e+06   4.0588379e+01
   5.2859610e+06   5.0354004e+01
   5.2950390e+06   4.1198730e+01
   5.3136450e+06   3.9916992e+01
   5.3154460e+06   4.6997070e+01
   5.3259290e+06   4.0344238e+01
   5.3322470e+06   4.2846680e+01
   5.3480010e+06   4.3640137e+01
   5.3543630e+06   4.3212891e+01
   5.3558100e+06   4.4677734e+01
   5.3650850e+06   4.2663574e+01
   5.3758790e+06   4.1198730e+01
   5.4030700e+06   4.0100098e+01
   5.4109160e+06   4.1259766e+01
   5.4146460e+06   4.4982910e+01
   5.4150630e+06   4.0832520e+01
   5.4231290e+06   4.0954590e+01
   5.4278680e+06   4.5654297e+01
   5.4365200e+06   4.0283203e+01
   5.4379710e+06   4.6691895e+01
   5.4379950e+06   4.2175293e+01
   5.4409870e+06   4.2724609e+01
   5.4495380e+06   4.1076660e+01
   5.4670670e+06   4.1748047e+01
   5.4772940e+06   5.0659180e+01
   5.5007010e+06   4.1503906e+01
   5.5095720e+06   4.4738770e+01
   5.5133870e+06   4.2663574e+01
   5.5198360e+06   4.4250488e+01
   5.5239700e+06   4.0893555e+01
   5.5272960e+06   4.0161133e+01
   5.5465550e+06   4.0466309e+01
   5.5468850e+06   4.0161133e+01
   5.5741910e+06   5.3283691e+01
   5.5779710e+06   4.7180176e+01
   5.5889360e+06   4.7241211e+01
   5.6000790e+06   4.5593262e+01
   5.6008600e+06   4.2419434e+01
   5.6096690e+06   4.8095703e+01
   5.6492540e+06   4.3090820e+01
   5.6577780e+06   4.3823242e+01
   5.6666570e+06   4.3273926e+01
   5.6671560e+06   4.3395996e+01
   5.6730350e+06   4.8278809e+01
   5.6795230e+06   3.9978027e+01
   5.7088780e+06   4.1687012e+01
   5.7150000e+06   4.1320801e+01
   5.7288080e+06   4.5471191e+01
   5.7298750e+06   4.1992188e+01
   5.7341620e+06   4.3701172e+01
   5.7392800e+06   4.2297363e+01
   5.7534180e+06   4.2846680e+01
   5.7593360e+06   4.0649414e+01
   5.7599660e+06   4.8156738e+01
   5.7616490e+06   4.0039062e+01
   5.7679340e+06   4.9804688e+01
   5.7844180e+06   4.2602539e+01
   5.7999600e+06   4.4982910e+01
   5.8122160e+06   4.9011230e+01
   5.8195450e+06   4.2236328e+01
   5.8312440e+06   4.3334961e+01
   5.8473500e+06   4.3701172e+01
   5.8687330e+06   4.0954590e+01
   5.8756980e+06   4.2846680e+01
   5.8951120e+06   4.2602539e+01
   5.8993250e+06   4.2907715e+01
   5.9032760e+06   4.1931152e+01
   5.9147550e+06   4.2846680e+01
   5.9233480e+06   4.6386719e+01
   5.9239160e+06   4.0527344e+01
   5.9288580e+06   4.2907715e+01
   5.9555470e+06   4.3212891e+01
   5.9675080e+06   4.1320801e+01
   5.9689450e+06   4.0100098e+01
   5.9960600e+06   4.0283203e+01
   5.9967410e+06   4.2907715e+01
   6.0026770e+06   4.7363281e+01
   6.0058030e+06   4.0405273e+01
   6.0212820e+06   4.0527344e+01
   6.0309970e+06   4.5471191e+01
   6.0443640e+06   4.3640137e+01
   6.0495800e+06   4.0222168e+01
   6.0499970e+06   4.3945312e+01
   6.0565980e+06   3.9916992e+01
   6.0608490e+06   4.0893555e+01
   6.0785610e+06   4.3518066e+01
   6.0800830e+06   4.1870117e+01
   6.0984920e+06   4.0039062e+01
   6.1083900e+06   4.5410156e+01
   6.1104690e+06   4.6569824e+01
   6.1134400e+06   4.8034668e+01
   6.1152640e+06   4.5349121e+01
   6.1159900e+06   4.1931152e+01
   6.1376420e+06   4.0283203e+01
   6.1405200e+06   5.0170898e+01
   6.1647250e+06   4.1137695e+01
   6.1719920e+06   4.1809082e+01
   6.1827600e+06   4.2114258e+01
   6.1943900e+06   4.0222168e+01
   6.1961660e+06   4.2297363e+01
   6.1970050e+06   4.9072266e+01
   6.1972670e+06   4.1076660e+01
   6.2215160e+06   4.0100098e+01
   6.2254420e+06   4.1076660e+01
   6.2271190e+06   4.6813965e+01
   6.2278890e+06   4.0893555e+01
   6.2374640e+06   4.1687012e+01
   6.2425550e+06   4.2663574e+01
   6.2555030e+06   4.5349121e+01
   6.2791710e+06   5.1025391e+01
   6.2827350e+06   4.2114258e+01
   6.2988420e+06   4.2114258e+01
   6.3115340e+06   4.1320801e+01
   6.3122330e+06   3.9916992e+01
   6.3125160e+06   4.0344238e+01
   6.3256020e+06   4.0710449e+01
   6.3374780e+06   4.3334961e+01
   6.3470780e+06   5.5175781e+01
   6.3509970e+06   4.2846680e+01
   6.3791900e+06   4.2297363e+01
   6.3830260e+06   4.0039062e+01
   6.3830720e+06   4.9438477e+01
   6.4078420e+06   4.2358398e+01
   6.4174090e+06   4.5471191e+01
   6.4361900e+06   4.2602539e+01
   6.4370310e+06   4.1503906e+01
   6.4387720e+06   4.0527344e+01
   6.4425130e+06   4.5043945e+01
   6.4651620e+06   4.5227051e+01
   6.5067030e+06   4.5104980e+01
   6.5301670e+06   4.0344238e+01
   6.5372580e+06   4.1625977e+01
   6.5556900e+06   4.2724609e+01
   6.5561240e+06   4.3579102e+01
   6.5735410e+06   4.2480469e+01
   6.5905570e+06   4.1442871e+01
   6.6001530e+06   4.4372559e+01
   6.6132340e+06   4.2541504e+01
   6.6205350e+06   4.2053223e+01
   6.6541220e+06   5.0048828e+01
   6.6601780e+06   4.5043945e+01
   6.6649180e+06   4.3823242e+01
   6.6665630e+06   4.5776367e+01
   6.6700170e+06   4.0039062e+01
   6.6739090e+06   4.2541504e+01
   6.6855590e+06   4.1381836e+01
   6.6983730e+06   4.2724609e+01
   6.7144290e+06   4.2358398e+01
   6.7203040e+06   4.6081543e+01
   6.7209900e+06   4.3273926e+01
   6.7242150e+06   4.1931152e+01
   6.7322900e+06   4.1381836e+01
   6.7436960e+06   4.2846680e+01
   6.7672540e+06   4.1992188e+01
   6.7748200e+06   4.6752930e+01
   6.8228080e+06   4.3701172e+01
   6.8391350e+06   4.3029785e+01
   6.8427800e+06   4.0832520e+01
   6.8444510e+06   5.2856445e+01
   6.8669240e+06   4.1198730e+01
   6.8725280e+06   4.4067383e+01
   6.8763930e+06   4.5349121e+01
   6.9009240e+06   5.1513672e+01
   6.9015580e+06   4.2602539e+01
   6.9046850e+06   4.6936035e+01
   6.9091260e+06   4.2907715e+01
   6.9231850e+06   4.5654297e+01
   6.9243160e+06   4.1564941e+01
   6.9350120e+06   4.0039062e+01
   6.9553560e+06   4.0100098e+01
   6.9723850e+06   4.1748047e+01
   6.9769270e+06   4.3029785e+01
   6.9859490e+06   4.1625977e+01
   6.9863900e+06   4.0161133e+01
   6.9974820e+06   4.5776367e+01
   7.0055730e+06   4.1748047e+01
   7.0383180e+06   4.3457031e+01
   7.0406100e+06   4.4006348e+01
   7.0666250e+06   4.0283203e+01
   7.0685790e+06   4.1809082e+01
   7.0702920e+06   4.2602539e+01
   7.0734040e+06   4.1442871e+01
   7.0737860e+06   4.7058105e+01
   7.0742820e+06   4.1076660e+01
   7.0798200e+06   4.0649414e+01
   7.1118820e+06   4.0039062e+01
   7.1196190e+06   4.6264648e+01
   7.1340340e+06   4.1992188e+01
   7.1443020e+06   4.5715332e+01
   7.1761500e+06   4.1503906e+01
   7.1815650e+06   4.1748047e+01
   7.1929580e+06   5.0537109e+01
   7.2304520e+06   4.0405273e+01
   7.2321010e+06   4.0832520e+01
   7.2667040e+06   4.1870117e+01
   7.2853490e+06   4.1137695e+01
   7.2880450e+06   4.6691895e+01
   7.2969540e+06   4.6020508e+01
   7.2974790e+06   4.2968750e+01
   7.2984240e+06   4.8950195e+01
   7.3035370e+06   4.4799805e+01
   7.3062670e+06   4.1076660e+01
   7.3499300e+06   4.1870117e+01
   7.3671690e+06   4.7119141e+01
   7.3790410e+06   4.6020508e+01
   7.4262990e+06   4.0100098e+01
   7.4362920e+06   4.5776367e+01
   7.4607290e+06   4.0710449e+01
   7.4697860e+06   4.1931152e+01
   7.4858270e+06   4.1015625e+01
   7.5566930e+06   4.1259766e+01
   7.5664850e+06   4.3090820e+01
   7.5748860e+06   4.5959473e+01
   7.5801320e+06   4.0527344e+01
   7.5947890e+06   5.0415039e+01
   7.6165180e+06   4.2175293e+01
   7.6663600e+06   4.7241211e+01
   7.6710880e+06   5.1818848e+01
   7.6896450e+06   4.0771484e+01
   7.6984220e+06   4.3884277e+01
   7.7093980e+06   4.0466309e+01
   7.7232070e+06   4.0466309e+01
   7.7376450e+06   4.0710449e+01
   7.7422510e+06   4.7424316e+01
   7.7528010e+06   4.0527344e+01
   7.7629250e+06   4.4555664e+01
   7.7651770e+06   4.7180176e+01
   7.7862410e+06   4.1992188e+01
   7.7877670e+06   4.3762207e+01
   7.7934870e+06   4.1137695e+01
   7.7962130e+06   4.1992188e+01
   7.8048920e+06   4.0832520e+01
   7.8164350e+06   4.0039062e+01
   7.8297670e+06   4.4982910e+01
   7.8506660e+06   4.1748047e+01
   7.8646470e+06   4.2907715e+01
   7.8891140e+06   4.4921875e+01
   7.8968420e+06   5.1208496e+01
   7.9018960e+06   4.0893555e+01
   7.9220330e+06   4.0283203e+01
   7.9252340e+06   4.1564941e+01
   7.9384390e+06   4.1198730e+01
   7.9502800e+06   5.0903320e+01
   7.9721750e+06   4.7302246e+01
   7.9841660e+06   4.0283203e+01
   7.9904060e+06   4.3884277e+01
   7.9997150e+06   4.2297363e+01
   8.0051290e+06   4.3640137e+01
   8.0149280e+06   4.0405273e+01
   8.0436000e+06   5.4504395e+01
   8.0505370e+06   5.1208496e+01
   8.0757500e+06   4.0649414e+01
   8.0759290e+06   4.0466309e+01
   8.1265470e+06   4.7119141e+01
   8.1459950e+06   4.3029785e+01
   8.1497960e+06   4.0893555e+01
   8.1502190e+06   4.0100098e+01
   8.1801410e+06   4.4677734e+01
   8.1818750e+06   4.2968750e+01
   8.2085330e+06   4.5288086e+01
   8.2089140e+06   4.6203613e+01
   8.2100580e+06   4.0771484e+01
   8.2122030e+06   4.0161133e+01
   8.2183690e+06   4.2114258e+01
   8.2331450e+06   4.0893555e+01
   8.2352770e+06   4.9621582e+01
   8.2475130e+06   4.4433594e+01
   8.2529380e+06   4.6630859e+01
   8.2648210e+06   4.7424316e+01
   8.2672630e+06   3.9916992e+01
   8.2737310e+06   4.2724609e+01
   8.2864530e+06   4.0100098e+01
   8.2874080e+06   4.9621582e+01
   8.2877950e+06   4.0161133e+01
   8.3240930e+06   4.8156738e+01
   8.3241150e+06   4.0222168e+01
   8.3300930e+06   4.6142578e+01
   8.3315350e+06   4.3579102e+01
   8.3436680e+06   4.5471191e+01
   8.3696760e+06   4.6325684e+01
   8.3800010e+06   4.8217773e+01
   8.3947040e+06   4.2175293e+01
   8.4057370e+06   4.2785645e+01
   8.4094330e+06   4.0344238e+01
   8.4199480e+06   4.0344238e+01
   8.4372190e+06   4.2114258e+01
   8.4558790e+06   4.5104980e+01
   8.4724250e+06   4.1625977e+01
   8.4796050e+06   4.1687012e+01
   8.4800580e+06   4.1931152e+01
   8.4801430e+06   4.3762207e+01
   8.4813560e+06   4.5715332e+01
   8.4888170e+06   4.2053223e+01
   8.4921090e+06   4.8095703e+01
   8.4924900e+06   4.9072266e+01
   8.5081290e+06   4.5715332e+01
   8.5209310e+06   5.2673340e+01
   8.5240150e+06   4.0710449e+01
   8.5363550e+06   4.2053223e+01
   8.5363780e+06   4.2846680e+01
   8.5370150e+06   4.3579102e+01
   8.5383350e+06   4.1381836e+01
   8.5384410e+06   4.2419434e+01
   8.5514040e+06   4.1320801e+01
   8.5570910e+06   4.1625977e+01
   8.5858210e+06   4.1259766e+01
   8.5867860e+06   4.0100098e+01
   8.5920560e+06   4.3518066e+01
   8.6046560e+06   4.3884277e+01
   8.6260140e+06   4.1564941e+01
   8.6351700e+06   4.4494629e+01
   8.6598730e+06   4.1625977e+01
   8.6610640e+06   5.2124023e+01
   8.6859340e+06   4.2236328e+01
   8.6920080e+06   4.4250488e+01
   8.7090280e+06   4.8950195e+01
   8.7103710e+06   4.1503906e+01
   8.7111540e+06   4.3823242e+01
   8.7131340e+06   4.3457031e+01
   8.7216200e+06   4.1564941e+01
   8.7325910e+06   4.0527344e+01
   8.7357030e+06   4.1137695e+01
   8.7530240e+06   4.4921875e+01
   8.7662370e+06   5.3955078e+01
   8.8018840e+06   4.0405273e+01
   8.8103260e+06   4.4616699e+01
   8.8208500e+06   4.0466309e+01
   8.8219700e+06   4.0649414e+01
   8.8397740e+06   4.3762207e+01
   8.8474010e+06   4.1625977e+01
   8.8567810e+06   4.0954590e+01
   8.8578230e+06   4.5043945e+01
   8.8769940e+06   4.6813965e+01
   8.8898710e+06   4.3395996e+01
   8.9203300e+06   4.7668457e+01
   8.9212010e+06   5.5419922e+01
   8.9459960e+06   4.3457031e+01
   8.9643170e+06   4.2663574e+01
   8.9743890e+06   4.1687012e+01
   8.9936930e+06   4.0344238e+01
