   8.9990000e+06   0.0000000e+00
   1.1000000e+02   4.6203613e+01
   1.9900000e+03   4.5349121e+01
   3.0290000e+03   4.3334961e+01
   1.1556000e+04   5.1696777e+01
   1.5031000e+04   4.4433594e+01
   2.5041000e+04   4.3457031e+01
   2.9071000e+04   4.3090820e+01
   3.6319000e+04   4.2541504e+01
   4.4698000e+04   4.5837402e+01
   5.5636000e+04   5.3710938e+01
   6.3685000e+04   4.3884277e+01
   6.4960000e+04   5.0354004e+01
   9.3634000e+04   4.6081543e+01
   1.2535900e+05   4.5410156e+01
   1.3105400e+05   4.4616699e+01
   1.5160900e+05   4.4067383e+01
   1.5524900e+05   4.2663574e+01
   1.6030000e+05   4.2968750e+01
   1.6134200e+05   4.2785645e+01
   1.6266000e+05   4.4860840e+01
   1.7878800e+05   4.6386719e+01
   2.0465400e+05   5.7556152e+01
   2.2650300e+05   4.2602539e+01
   2.3240400e+05   4.7729492e+01
   2.4579000e+05   4.7851562e+01
   2.4974500e+05   4.3212891e+01
   2.5159600e+05   4.5898438e+01
   2.5762800e+05   4.3640137e+01
   2.6260700e+05   4.6386719e+01
   2.6562200e+05   4.7119141e+01
   2.7580000e+05   4.4860840e+01
   2.8505800e+05   4.6264648e+01
   3.0414200e+05   4.3701172e+01
   3.1160000e+05   4.8339844e+01
   3.2129300e+05   4.6325684e+01
   3.2391800e+05   4.7302246e+01
   3.2803700e+05   4.4372559e+01
   3.3165500e+05   4.7790527e+01
   3.3301700e+05   4.4555664e+01
   3.3826600e+05   4.3640137e+01
   3.4497000e+05   4.3273926e+01
   3.5155000e+05   4.5227051e+01
   3.6915200e+05   4.5654297e+01
   3.7149200e+05   4.8400879e+01
   3.8088300e+05   4.4250488e+01
   3.9421000e+05   4.6447754e+01
   3.9654500e+05   4.6875000e+01
   3.9782100e+05   5.2001953e+01
   4.0335200e+05   4.3029785e+01
   4.1487300e+05   4.4128418e+01
   4.2072000e+05   4.6081543e+01
   4.2137300e+05   4.3151855e+01
   4.3209100e+05   4.4372559e+01
   4.3838900e+05   4.5532227e+01
   4.4705900e+05   5.0476074e+01
   4.5284500e+05   4.4067383e+01
   4.5743700e+05   4.5043945e+01
   4.6136800e+05   5.1635742e+01
   4.7486400e+05   4.7180176e+01
   4.9887600e+05   4.3212891e+01
   5.0823000e+05   4.9011230e+01
   5.0963000e+05   4.4982910e+01
   5.1170300e+05   4.4189453e+01
   5.1578700e+05   4.4067383e+01
   5.1931900e+05   5.2917480e+01
   5.2161800e+05   4.7790527e+01
   5.2489800e+05   4.5227051e+01
   5.3776100e+05   4.7790527e+01
   5.4550900e+05   4.3090820e+01
   5.5274000e+05   4.4860840e+01
   5.7764700e+05   4.3395996e+01
   5.8316100e+05   4.3395996e+01
   5.8674000e+05   4.2846680e+01
   5.9474500e+05   4.2541504e+01
   6.0037700e+05   4.4799805e+01
   6.0088800e+05   4.7973633e+01
   6.0910300e+05   4.4555664e+01
   6.1140100e+05   4.4555664e+01
   6.2782100e+05   4.3395996e+01
   6.6177700e+05   4.6020508e+01
   6.6283000e+05   4.3823242e+01
   6.6413300e+05   4.3334961e+01
   6.7742900e+05   5.0720215e+01
   6.8718100e+05   4.4067383e+01
   6.9396600e+05   4.3945312e+01
   6.9935700e+05   4.2724609e+01
   7.0320400e+05   4.4921875e+01
   7.0779200e+05   4.6936035e+01
   7.0815600e+05   5.7617188e+01
   7.1645600e+05   4.4311523e+01
   7.1983000e+05   4.3518066e+01
   7.2376600e+05   4.4311523e+01
   7.3275300e+05   4.5043945e+01
   7.4145000e+05   5.0476074e+01
   7.4614600e+05   4.7668457e+01
   7.5724400e+05   4.9133301e+01
   7.6448300e+05   4.3945312e+01
   7.7495900e+05   4.9682617e+01
   7.8429500e+05   4.2663574e+01
   7.8822300e+05   4.6508789e+01
   7.8992600e+05   4.3579102e+01
   8.1045200e+05   4.3212891e+01
   8.1212600e+05   4.4006348e+01
   8.1341100e+05   4.4433594e+01
   8.2298300e+05   4.3029785e+01
   8.2793900e+05   4.6813965e+01
   8.3075200e+05   5.3039551e+01
   8.3881900e+05   4.9316406e+01
   8.4405900e+05   4.2846680e+01
   8.6649800e+05   4.2602539e+01
   8.7359200e+05   4.3334961e+01
   8.7432100e+05   4.4372559e+01
   8.8112600e+05   4.3823242e+01
   8.9477700e+05   4.8217773e+01
   8.9603900e+05   4.3762207e+01
   8.9775100e+05   4.3823242e+01
   9.0023500e+05   4.3212891e+01
   9.0730100e+05   4.7851562e+01
   9.1584600e+05   4.5349121e+01
   9.1990000e+05   4.3334961e+01
   9.3396900e+05   4.3029785e+01
   9.3688700e+05   4.9255371e+01
   9.4284300e+05   4.4555664e+01
   9.5475100e+05   4.2907715e+01
   9.5788500e+05   5.3405762e+01
   9.6571500e+05   4.5166016e+01
   9.7713200e+05   4.4738770e+01
   9.8816100e+05   4.7485352e+01
   9.8823900e+05   4.7363281e+01
   9.9683500e+05   4.4067383e+01
   1.0081620e+06   4.4738770e+01
   1.0084220e+06   4.3518066e+01
   1.0155250e+06   4.6081543e+01
   1.0182450e+06   4.4555664e+01
   1.0241410e+06   4.5227051e+01
   1.0282100e+06   4.3762207e+01
   1.0296140e+06   4.2663574e+01
   1.0350300e+06   4.3090820e+01
   1.0356260e+06   4.5166016e+01
   1.0479910e+06   4.7912598e+01
   1.0739480e+06   4.3762207e+01
   1.0818950e+06   4.7119141e+01
   1.0841920e+06   4.5104980e+01
   1.0904220e+06   4.7119141e+01
   1.0915600e+06   4.3334961e+01
   1.0935660e+06   4.5104980e+01
   1.1063250e+06   4.3334961e+01
   1.1084050e+06   4.4372559e+01
   1.1124400e+06   5.1574707e+01
   1.1218320e+06   4.5776367e+01
   1.1253030e+06   4.8400879e+01
   1.1339110e+06   4.4067383e+01
   1.1383730e+06   4.2724609e+01
   1.1397760e+06   4.5043945e+01
   1.1503880e+06   4.5654297e+01
   1.1782030e+06   4.8583984e+01
   1.1818060e+06   4.4616699e+01
   1.1894690e+06   4.8950195e+01
   1.1922260e+06   4.4128418e+01
   1.1973060e+06   4.4982910e+01
   1.2117190e+06   4.5959473e+01
   1.2148460e+06   5.2185059e+01
   1.2156180e+06   4.2907715e+01
   1.2192520e+06   4.7851562e+01
   1.2211750e+06   4.3151855e+01
   1.2350600e+06   4.5043945e+01
   1.2377720e+06   5.1208496e+01
   1.2407740e+06   4.4494629e+01
   1.2408940e+06   4.2541504e+01
   1.2432780e+06   4.4677734e+01
   1.2494860e+06   4.3395996e+01
   1.2530600e+06   4.5043945e+01
   1.2561930e+06   4.2968750e+01
   1.2599570e+06   4.9560547e+01
   1.2623860e+06   4.2724609e+01
   1.2625930e+06   4.4799805e+01
   1.2631030e+06   4.6569824e+01
   1.2706780e+06   4.7546387e+01
   1.2775010e+06   4.3151855e+01
   1.2889720e+06   4.2602539e+01
   1.2898550e+06   4.2602539e+01
   1.2914640e+06   4.4250488e+01
   1.2926520e+06   4.4982910e+01
   1.2992470e+06   4.3212891e+01
   1.3070430e+06   4.4433594e+01
   1.3071160e+06   4.2541504e+01
   1.3103120e+06   5.1330566e+01
   1.3248270e+06   4.2907715e+01
   1.3381980e+06   4.4006348e+01
   1.3388700e+06   5.1086426e+01
   1.3458880e+06   5.0354004e+01
   1.3608140e+06   4.5593262e+01
   1.3824060e+06   4.8339844e+01
   1.3904610e+06   4.2968750e+01
   1.3986870e+06   4.3518066e+01
   1.4053930e+06   4.6447754e+01
   1.4186400e+06   4.4616699e+01
   1.4206500e+06   5.0415039e+01
   1.4211760e+06   4.3579102e+01
   1.4264580e+06   4.4921875e+01
   1.4429770e+06   4.3945312e+01
   1.4581570e+06   4.4372559e+01
   1.4674340e+06   4.3151855e+01
   1.4739610e+06   4.5227051e+01
   1.4837530e+06   5.3710938e+01
   1.4848470e+06   4.6875000e+01
   1.4880840e+06   4.6508789e+01
   1.4958270e+06   4.8889160e+01
   1.4999360e+06   4.8339844e+01
   1.5068550e+06   4.4189453e+01
   1.5087370e+06   4.3334961e+01
   1.5257310e+06   5.0292969e+01
   1.5383590e+06   4.4372559e+01
   1.5579440e+06   5.6213379e+01
   1.5600350e+06   5.1269531e+01
   1.5641240e+06   4.2907715e+01
   1.5677340e+06   4.7302246e+01
   1.5735440e+06   4.2968750e+01
   1.5792810e+06   4.3395996e+01
   1.5879820e+06   4.3701172e+01
   1.6000110e+06   4.2663574e+01
   1.6201540e+06   4.2968750e+01
   1.6211040e+06   5.0354004e+01
   1.6245110e+06   4.5043945e+01
   1.6303620e+06   4.3884277e+01
   1.6398260e+06   4.3823242e+01
   1.6509670e+06   4.2846680e+01
   1.6543500e+06   4.5898438e+01
   1.6591040e+06   4.5715332e+01
   1.6630330e+06   4.9377441e+01
   1.6651360e+06   4.6875000e+01
   1.6759230e+06   4.2541504e+01
   1.6888740e+06   5.0048828e+01
   1.6928150e+06   4.8461914e+01
   1.7035400e+06   4.5227051e+01
   1.7075740e+06   4.6386719e+01
   1.7125460e+06   4.8400879e+01
   1.7170680e+06   4.8095703e+01
   1.7220220e+06   4.9499512e+01
   1.7234490e+06   4.4982910e+01
   1.7273110e+06   4.9072266e+01
   1.7368080e+06   4.8767090e+01
   1.7383340e+06   4.3212891e+01
   1.7494250e+06   4.2663574e+01
   1.7564330e+06   4.3884277e+01
   1.7610060e+06   4.7180176e+01
   1.7663490e+06   4.9377441e+01
   1.7688630e+06   4.7058105e+01
   1.7698200e+06   5.8532715e+01
   1.7792720e+06   4.4860840e+01
   1.7926730e+06   5.0415039e+01
   1.7945090e+06   4.4738770e+01
   1.8005570e+06   4.8400879e+01
   1.8053900e+06   4.3457031e+01
   1.8110940e+06   4.2602539e+01
   1.8121000e+06   4.8583984e+01
   1.8303740e+06   4.5104980e+01
   1.8323200e+06   4.8095703e+01
   1.8404260e+06   4.3395996e+01
   1.8458960e+06   4.7485352e+01
   1.8513680e+06   4.8217773e+01
   1.8585160e+06   4.4555664e+01
   1.8662430e+06   5.0292969e+01
   1.8721980e+06   4.5654297e+01
   1.8762750e+06   4.3334961e+01
   1.8934380e+06   6.1828613e+01
   1.8974970e+06   5.0598145e+01
   1.9044860e+06   4.7729492e+01
   1.9093150e+06   4.2785645e+01
   1.9116290e+06   4.5532227e+01
   1.9141030e+06   4.4494629e+01
   1.9148900e+06   4.3151855e+01
   1.9166900e+06   4.5776367e+01
   1.9194850e+06   4.4616699e+01
   1.9214640e+06   6.5856934e+01
   1.9284840e+06   4.4006348e+01
   1.9340460e+06   4.5593262e+01
   1.9376110e+06   4.4433594e+01
   1.9476890e+06   4.6203613e+01
   1.9501560e+06   4.8522949e+01
   1.9538420e+06   4.4677734e+01
   1.9560920e+06   4.7424316e+01
   1.9614120e+06   5.1574707e+01
   1.9649260e+06   4.4433594e+01
   1.9686520e+06   4.3334961e+01
   1.9786520e+06   4.3090820e+01
   1.9843040e+06   4.2785645e+01
   1.9874880e+06   4.5715332e+01
   1.9970960e+06   4.4799805e+01
   2.0072560e+06   4.3945313e+01
   2.0175020e+06   4.2541504e+01
   2.0247700e+06   4.2785645e+01
   2.0299710e+06   5.5664062e+01
   2.0383080e+06   4.5654297e+01
   2.0422030e+06   4.2663574e+01
   2.0566460e+06   4.2968750e+01
   2.0637450e+06   4.3212891e+01
   2.0750100e+06   4.2846680e+01
   2.0879990e+06   4.3945313e+01
   2.0963240e+06   4.2968750e+01
   2.1021660e+06   4.7607422e+01
   2.1040600e+06   4.2846680e+01
   2.1049610e+06   4.3090820e+01
   2.1324310e+06   4.9743652e+01
   2.1381810e+06   4.2968750e+01
   2.1387540e+06   5.0109863e+01
   2.1454220e+06   5.5664062e+01
   2.1468250e+06   4.7363281e+01
   2.1505900e+06   4.6997070e+01
   2.1593460e+06   5.0720215e+01
   2.1630950e+06   4.3212891e+01
   2.1655450e+06   4.2907715e+01
   2.1673020e+06   4.3762207e+01
   2.1698810e+06   4.5776367e+01
   2.1837110e+06   4.4860840e+01
   2.1867680e+06   4.8156738e+01
   2.1991480e+06   4.7363281e+01
   2.2202500e+06   4.3579102e+01
   2.2261630e+06   4.9194336e+01
   2.2288620e+06   5.6335449e+01
   2.2330120e+06   4.2724609e+01
   2.2360270e+06   4.8461914e+01
   2.2406460e+06   4.4372559e+01
   2.2407880e+06   4.9804688e+01
   2.2430720e+06   4.6569824e+01
   2.2479370e+06   4.2541504e+01
   2.2645730e+06   4.5654297e+01
   2.2871510e+06   4.3762207e+01
   2.2919850e+06   5.1330566e+01
   2.2946420e+06   5.0537109e+01
   2.3062490e+06   4.7119141e+01
   2.3095900e+06   5.3039551e+01
   2.3099060e+06   4.7485352e+01
   2.3159550e+06   4.4128418e+01
   2.3209530e+06   4.4128418e+01
   2.3241410e+06   4.6630859e+01
   2.3294710e+06   5.5603027e+01
   2.3420410e+06   4.4799805e+01
   2.3600940e+06   4.3518066e+01
   2.3747430e+06   4.6020508e+01
   2.3830620e+06   4.2785645e+01
   2.3892060e+06   5.6640625e+01
   2.3945040e+06   4.2602539e+01
   2.3963350e+06   4.4250488e+01
   2.4087750e+06   6.1096191e+01
   2.4150020e+06   4.3029785e+01
   2.4232760e+06   4.3212891e+01
   2.4263510e+06   5.1330566e+01
   2.4303480e+06   4.5349121e+01
   2.4331400e+06   4.3457031e+01
   2.4402850e+06   4.4738770e+01
   2.4593010e+06   4.5043945e+01
   2.4643770e+06   4.4250488e+01
   2.4663630e+06   4.3395996e+01
   2.4728400e+06   4.2724609e+01
   2.4849760e+06   4.3090820e+01
   2.5011100e+06   4.2541504e+01
   2.5096390e+06   4.6447754e+01
   2.5103540e+06   4.3273926e+01
   2.5111950e+06   4.5288086e+01
   2.5135750e+06   4.2541504e+01
   2.5272010e+06   5.5358887e+01
   2.5347640e+06   5.2673340e+01
   2.5394160e+06   4.6386719e+01
   2.5417270e+06   4.3457031e+01
   2.5466380e+06   4.4250488e+01
   2.5486410e+06   4.5104980e+01
   2.5532760e+06   4.4738770e+01
   2.5570640e+06   5.0720215e+01
   2.5579900e+06   4.4738770e+01
   2.5609250e+06   4.4311523e+01
   2.5703230e+06   4.9987793e+01
   2.5772540e+06   4.4433594e+01
   2.5783310e+06   5.1330566e+01
   2.5808840e+06   4.2968750e+01
   2.5832210e+06   4.5043945e+01
   2.5896170e+06   4.5043945e+01
   2.6052360e+06   4.3518066e+01
   2.6157450e+06   4.4006348e+01
   2.6169090e+06   4.3029785e+01
   2.6172400e+06   4.6875000e+01
   2.6221000e+06   4.6264648e+01
   2.6241500e+06   4.5104980e+01
   2.6271140e+06   4.6813965e+01
   2.6298110e+06   4.6508789e+01
   2.6298640e+06   4.5349121e+01
   2.6452270e+06   4.9194336e+01
   2.6480990e+06   4.5959473e+01
   2.6527750e+06   5.2551270e+01
   2.6574360e+06   4.5837402e+01
   2.6667030e+06   4.5288086e+01
   2.6694390e+06   4.5593262e+01
   2.6779780e+06   4.3701172e+01
   2.6850170e+06   4.5349121e+01
   2.6971750e+06   6.2072754e+01
   2.7071620e+06   5.2978516e+01
   2.7179010e+06   4.4433594e+01
   2.7229160e+06   4.8706055e+01
   2.7387660e+06   4.2846680e+01
   2.7450030e+06   4.7058105e+01
   2.7560770e+06   4.7729492e+01
   2.7598210e+06   5.2124023e+01
   2.7637390e+06   4.6997070e+01
   2.7658790e+06   4.5166016e+01
   2.7841990e+06   4.5410156e+01
   2.7850890e+06   4.5349121e+01
   2.7919030e+06   4.5349121e+01
   2.7971860e+06   6.4758301e+01
   2.8025060e+06   5.0109863e+01
   2.8076150e+06   4.9499512e+01
   2.8097690e+06   4.4250488e+01
   2.8173490e+06   4.6752930e+01
   2.8244040e+06   4.2968750e+01
   2.8366050e+06   4.2541504e+01
   2.8383800e+06   4.2907715e+01
   2.8399280e+06   4.6142578e+01
   2.8420960e+06   4.3884277e+01
   2.8472930e+06   4.2785645e+01
   2.8532080e+06   4.4250488e+01
   2.8551130e+06   4.5104980e+01
   2.8560980e+06   4.4982910e+01
   2.8573450e+06   4.3334961e+01
   2.8614480e+06   5.6762695e+01
   2.8741820e+06   4.3029785e+01
   2.8786310e+06   4.2785645e+01
   2.8797880e+06   4.5227051e+01
   2.8997380e+06   4.3945312e+01
   2.9017670e+06   4.5715332e+01
   2.9030210e+06   4.9377441e+01
   2.9047360e+06   4.2907715e+01
   2.9184330e+06   4.7607422e+01
   2.9262180e+06   4.3640137e+01
   2.9269810e+06   4.3457031e+01
   2.9387810e+06   4.6691895e+01
   2.9499680e+06   4.2785645e+01
   2.9707470e+06   4.5715332e+01
   2.9757320e+06   4.3701172e+01
   2.9924320e+06   4.6569824e+01
   3.0011360e+06   4.2907715e+01
   3.0083230e+06   4.3579102e+01
   3.0127620e+06   4.5898438e+01
   3.0317300e+06   4.6203613e+01
   3.0384950e+06   4.3151855e+01
   3.0532310e+06   5.2001953e+01
   3.0700210e+06   5.1147461e+01
   3.0743160e+06   5.8715820e+01
   3.0798400e+06   4.4616699e+01
   3.0830320e+06   4.3151855e+01
   3.0844530e+06   4.7058105e+01
   3.0974610e+06   4.3884277e+01
   3.1137750e+06   4.7241211e+01
   3.1486030e+06   5.2246094e+01
   3.1720330e+06   4.6508789e+01
   3.1735240e+06   5.2246094e+01
   3.1786140e+06   4.6264648e+01
   3.1855500e+06   4.2724609e+01
   3.1884700e+06   4.6691895e+01
   3.1986720e+06   4.3457031e+01
   3.2033490e+06   4.7058105e+01
   3.2216780e+06   4.4433594e+01
   3.2359210e+06   5.5114746e+01
   3.2499640e+06   4.2724609e+01
   3.2574230e+06   4.2968750e+01
   3.2789410e+06   4.4616699e+01
   3.2832120e+06   4.2541504e+01
   3.2838950e+06   4.2846680e+01
   3.2854450e+06   4.4738770e+01
   3.3141900e+06   4.8095703e+01
   3.3338160e+06   4.4738770e+01
   3.3490230e+06   4.2785645e+01
   3.3527830e+06   4.5654297e+01
   3.3638180e+06   4.5043945e+01
   3.3922420e+06   4.4189453e+01
   3.3989400e+06   4.4433594e+01
   3.4060230e+06   4.7851562e+01
   3.4193520e+06   4.3029785e+01
   3.4291760e+06   4.4982910e+01
   3.4304540e+06   4.5104980e+01
   3.4349150e+06   4.4555664e+01
   3.4393480e+06   5.2429199e+01
   3.4572290e+06   4.6569824e+01
   3.4698430e+06   4.4860840e+01
   3.4776350e+06   4.5104980e+01
   3.4825470e+06   4.5349121e+01
   3.4905320e+06   4.3518066e+01
   3.4991780e+06   4.6997070e+01
   3.5067790e+06   4.3762207e+01
   3.5190060e+06   4.6936035e+01
   3.5320760e+06   4.3212891e+01
   3.5458320e+06   4.8400879e+01
   3.5485750e+06   4.3823242e+01
   3.5515740e+06   4.3640137e+01
   3.5555020e+06   4.4067383e+01
   3.5663120e+06   4.3090820e+01
   3.5680790e+06   4.4189453e+01
   3.5780760e+06   4.5837402e+01
   3.5789880e+06   4.2541504e+01
   3.5839650e+06   4.6142578e+01
   3.5954940e+06   4.8095703e+01
   3.6083240e+06   4.9255371e+01
   3.6121730e+06   4.5715332e+01
   3.6128810e+06   4.5410156e+01
   3.6274770e+06   4.2785645e+01
   3.6293780e+06   5.0781250e+01
   3.6320670e+06   4.9133301e+01
   3.6486960e+06   4.3334961e+01
   3.6507070e+06   4.5166016e+01
   3.6596960e+06   4.3151855e+01
   3.6943420e+06   4.4860840e+01
   3.7287980e+06   4.2541504e+01
   3.7378270e+06   5.1940918e+01
   3.7587690e+06   4.5227051e+01
   3.7862060e+06   4.3029785e+01
   3.7868890e+06   4.4860840e+01
   3.7895250e+06   4.2541504e+01
   3.8020860e+06   4.4006348e+01
   3.8020980e+06   4.5227051e+01
   3.8058400e+06   4.3090820e+01
   3.8098860e+06   5.0903320e+01
   3.8124450e+06   5.0842285e+01
   3.8152930e+06   4.3395996e+01
   3.8215610e+06   4.7790527e+01
   3.8266130e+06   4.3212891e+01
   3.8466000e+06   4.2846680e+01
   3.8554580e+06   4.4433594e+01
   3.8676030e+06   4.8034668e+01
   3.8702760e+06   4.3029785e+01
   3.8730130e+06   4.4189453e+01
   3.8891590e+06   4.4433594e+01
   3.9079590e+06   4.6630859e+01
   3.9163380e+06   5.3100586e+01
   3.9907120e+06   4.2785645e+01
   3.9983140e+06   4.5043945e+01
   4.0014350e+06   4.3823242e+01
   4.0089640e+06   4.3579102e+01
   4.0669900e+06   5.0476074e+01
   4.0743340e+06   4.5349121e+01
   4.1016350e+06   4.7302246e+01
   4.1038130e+06   4.2846680e+01
   4.1683700e+06   4.6875000e+01
   4.1713050e+06   4.5898438e+01
   4.1755940e+06   4.4860840e+01
   4.2107320e+06   4.2846680e+01
   4.2153670e+06   4.4799805e+01
   4.2533150e+06   5.3283691e+01
   4.2626830e+06   4.2846680e+01
   4.2952320e+06   4.8706055e+01
   4.3212430e+06   5.4870605e+01
   4.3272300e+06   4.7302246e+01
   4.3333600e+06   4.2724609e+01
   4.3342580e+06   4.4738770e+01
   4.3479420e+06   4.6936035e+01
   4.3599580e+06   4.3151855e+01
   4.3640520e+06   4.3701172e+01
   4.3673600e+06   4.5410156e+01
   4.3728870e+06   4.5959473e+01
   4.3744820e+06   4.2724609e+01
   4.3902490e+06   4.3273926e+01
   4.3929940e+06   4.5227051e+01
   4.4006900e+06   4.8767090e+01
   4.4011550e+06   4.3579102e+01
   4.4134830e+06   4.3273926e+01
   4.4291860e+06   4.7790527e+01
   4.4377440e+06   4.4494629e+01
   4.4380940e+06   4.5837402e+01
   4.4492660e+06   4.9743652e+01
   4.4507910e+06   4.8645020e+01
   4.4576620e+06   4.3457031e+01
   4.4579470e+06   4.7790527e+01
   4.4688200e+06   5.6274414e+01
   4.4738500e+06   4.7607422e+01
   4.4787640e+06   4.5471191e+01
   4.4866240e+06   4.4982910e+01
   4.4893040e+06   4.7119141e+01
   4.4923240e+06   4.4555664e+01
   4.5009740e+06   4.5104980e+01
   4.5114660e+06   4.5166016e+01
   4.5249860e+06   4.7546387e+01
   4.5293010e+06   5.1513672e+01
   4.5414760e+06   4.9316406e+01
   4.5428400e+06   6.0791016e+01
   4.5497120e+06   5.3771973e+01
   4.5501460e+06   4.9072266e+01
   4.5538990e+06   4.3029785e+01
   4.5586070e+06   4.4982910e+01
   4.5661490e+06   4.4494629e+01
   4.5719910e+06   4.2663574e+01
   4.5794970e+06   5.3771973e+01
   4.5941930e+06   4.4738770e+01
   4.5985710e+06   4.3579102e+01
   4.6142980e+06   5.1635742e+01
   4.6180520e+06   4.3579102e+01
   4.6192890e+06   4.9804688e+01
   4.6293550e+06   4.5837402e+01
   4.6358180e+06   4.5715332e+01
   4.6397080e+06   4.5715332e+01
   4.6448970e+06   4.5959473e+01
   4.6562170e+06   4.2724609e+01
   4.6584800e+06   4.5532227e+01
   4.6647440e+06   4.3823242e+01
   4.6767060e+06   4.7973633e+01
   4.6853180e+06   5.9570312e+01
   4.6863830e+06   4.4128418e+01
   4.6908260e+06   4.8950195e+01
   4.6934400e+06   4.6569824e+01
   4.6960620e+06   4.5349121e+01
   4.6976220e+06   4.7180176e+01
   4.6993550e+06   4.7302246e+01
   4.7011150e+06   4.5166016e+01
   4.7103830e+06   4.4128418e+01
   4.7135860e+06   4.3457031e+01
   4.7168410e+06   4.7058105e+01
   4.7225040e+06   5.0231934e+01
   4.7287590e+06   4.7607422e+01
   4.7322980e+06   5.0842285e+01
   4.7470970e+06   5.1574707e+01
   4.7487830e+06   4.8034668e+01
   4.7550730e+06   5.7861328e+01
   4.7569820e+06   4.6325684e+01
   4.7614490e+06   4.4616699e+01
   4.7712080e+06   4.3884277e+01
   4.7734550e+06   4.3640137e+01
   4.7782710e+06   4.3884277e+01
   4.7789210e+06   4.3701172e+01
   4.7834300e+06   4.3151855e+01
   4.7998670e+06   4.8645020e+01
   4.8049250e+06   4.4860840e+01
   4.8132780e+06   4.4006348e+01
   4.8180660e+06   4.4189453e+01
   4.8221180e+06   4.7912598e+01
   4.8252150e+06   4.6813965e+01
   4.8261240e+06   4.7668457e+01
   4.8295710e+06   4.5288086e+01
   4.8351110e+06   4.7607422e+01
   4.8357590e+06   4.3090820e+01
   4.8394070e+06   4.4433594e+01
   4.8411380e+06   4.4555664e+01
   4.8457210e+06   4.4738770e+01
   4.8506450e+06   4.2663574e+01
   4.8562260e+06   4.4433594e+01
   4.8596990e+06   4.6264648e+01
   4.8638970e+06   5.1635742e+01
   4.8700990e+06   4.9987793e+01
   4.8760270e+06   4.5532227e+01
   4.8892860e+06   4.4067383e+01
   4.8913350e+06   4.3212891e+01
   4.9229420e+06   4.5654297e+01
   4.9254140e+06   4.4860840e+01
   4.9431150e+06   4.4921875e+01
   4.9630310e+06   5.0170898e+01
   4.9702670e+06   4.2846680e+01
   4.9751630e+06   4.5410156e+01
   4.9833860e+06   4.6630859e+01
   4.9865390e+06   4.3884277e+01
   4.9905990e+06   4.2968750e+01
   4.9912010e+06   5.4077148e+01
   4.9932610e+06   4.2602539e+01
   5.0072140e+06   4.2846680e+01
   5.0119000e+06   4.3090820e+01
   5.0132370e+06   4.6936035e+01
   5.0402210e+06   4.4250488e+01
   5.0433360e+06   4.4006348e+01
   5.0465380e+06   4.4738770e+01
   5.0510580e+06   4.2541504e+01
   5.0585680e+06   4.4860840e+01
   5.0647270e+06   4.3090820e+01
   5.0867460e+06   4.7790527e+01
   5.0900400e+06   4.3334961e+01
   5.0985490e+06   5.1025391e+01
   5.1103900e+06   4.7119141e+01
   5.1122080e+06   4.2785645e+01
   5.1419490e+06   4.4677734e+01
   5.1491370e+06   4.3029785e+01
   5.1787790e+06   4.2541504e+01
   5.1841450e+06   4.8522949e+01
   5.2114970e+06   4.2907715e+01
   5.2406160e+06   4.7058105e+01
   5.2550720e+06   4.4616699e+01
   5.2692060e+06   4.5898438e+01
   5.3461550e+06   4.2968750e+01
   5.4435900e+06   4.7729492e+01
   5.4563310e+06   4.8950195e+01
   5.4678880e+06   4.4677734e+01
   5.5052050e+06   4.2602539e+01
   5.5204720e+06   4.3457031e+01
   5.5284790e+06   4.3273926e+01
   5.6114950e+06   4.5288086e+01
   5.6738280e+06   4.4128418e+01
   5.7024810e+06   4.6752930e+01
   5.8656370e+06   4.4006348e+01
   5.8817620e+06   4.5104980e+01
   5.9840970e+06   4.3701172e+01
   5.9852290e+06   4.4799805e+01
   6.0416770e+06   4.3212891e+01
   6.2218030e+06   4.2907715e+01
   6.3098280e+06   4.2785645e+01
   6.3595950e+06   4.2968750e+01
   6.5339760e+06   4.3945312e+01
   6.6179050e+06   4.3029785e+01
   6.7844630e+06   4.2602539e+01
   6.7938370e+06   4.4555664e+01
   6.7962710e+06   4.4433594e+01
   6.8074200e+06   4.3151855e+01
   6.8692560e+06   4.2907715e+01
   6.8982910e+06   4.3762207e+01
   6.9339200e+06   4.5959473e+01
   6.9891100e+06   5.1757812e+01
   7.0319500e+06   4.4006348e+01
   7.0415620e+06   4.5227051e+01
   7.0621920e+06   4.6264648e+01
   7.0692620e+06   4.5288086e+01
   7.0894780e+06   4.4189453e+01
   7.1230910e+06   4.9926758e+01
   7.1357650e+06   4.6936035e+01
   7.1418140e+06   4.3884277e+01
   7.1681410e+06   4.5898438e+01
   7.1751480e+06   4.7485352e+01
   7.2597060e+06   5.2490234e+01
   7.2617250e+06   4.4982910e+01
   7.2858180e+06   5.3039551e+01
   7.3306420e+06   4.5410156e+01
   7.3704540e+06   4.2541504e+01
   7.3772280e+06   4.3823242e+01
   7.4118310e+06   4.5166016e+01
   7.4217800e+06   4.5959473e+01
   7.4298380e+06   4.3029785e+01
   7.4658670e+06   4.2724609e+01
   7.4914310e+06   5.1513672e+01
   7.4990780e+06   4.6142578e+01
   7.5274630e+06   4.5288086e+01
   7.5298510e+06   4.2907715e+01
   7.5381280e+06   4.2602539e+01
   7.5398480e+06   5.4321289e+01
   7.5792800e+06   4.3151855e+01
   7.6030510e+06   4.3579102e+01
   7.6070270e+06   4.3151855e+01
   7.6249440e+06   5.0720215e+01
   7.6403560e+06   5.0048828e+01
   7.6453800e+06   4.2907715e+01
   7.6548370e+06   4.7668457e+01
   7.6796420e+06   4.3273926e+01
   7.6799390e+06   5.5541992e+01
   7.7030170e+06   4.4433594e+01
   7.7292590e+06   5.1696777e+01
   7.7338390e+06   4.6813965e+01
   7.7398600e+06   5.2612305e+01
   7.7447590e+06   4.2907715e+01
   7.7467950e+06   4.3884277e+01
   7.7605770e+06   4.3151855e+01
   7.7697260e+06   4.2602539e+01
   7.7766140e+06   4.9072266e+01
   7.7786820e+06   4.7668457e+01
   7.8165040e+06   5.5236816e+01
   7.8216840e+06   4.8645020e+01
   7.8236410e+06   5.1269531e+01
   7.8443210e+06   4.5715332e+01
   7.8665760e+06   4.3518066e+01
   7.8742000e+06   4.7912598e+01
   7.8758550e+06   4.6875000e+01
   7.8790460e+06   4.5166016e+01
   7.8885960e+06   4.4067383e+01
   7.9104610e+06   4.4616699e+01
   7.9172380e+06   5.3039551e+01
   7.9465580e+06   4.2663574e+01
   7.9578970e+06   4.3823242e+01
   7.9683570e+06   4.4677734e+01
   7.9735500e+06   4.2907715e+01
   7.9771410e+06   4.5959473e+01
   7.9954650e+06   4.5776367e+01
   7.9979140e+06   4.4067383e+01
   7.9993960e+06   4.6630859e+01
   8.0028600e+06   4.4860840e+01
   8.0029840e+06   4.6569824e+01
   8.0268000e+06   4.3029785e+01
   8.0316260e+06   4.2541504e+01
   8.0468180e+06   4.6020508e+01
   8.0478330e+06   4.7363281e+01
   8.0590600e+06   4.3029785e+01
   8.0636290e+06   4.9438477e+01
   8.0668090e+06   4.5043945e+01
   8.0674680e+06   4.8767090e+01
   8.0687910e+06   4.7668457e+01
   8.0704700e+06   4.3823242e+01
   8.0752070e+06   4.3579102e+01
   8.0838930e+06   4.4067383e+01
   8.1102640e+06   5.3466797e+01
   8.1306210e+06   4.7973633e+01
   8.1550280e+06   4.7607422e+01
   8.1632320e+06   4.2724609e+01
   8.1634730e+06   4.7424316e+01
   8.1705700e+06   5.3588867e+01
   8.1866130e+06   4.6081543e+01
   8.1903480e+06   4.5349121e+01
   8.2061460e+06   4.6386719e+01
   8.2332220e+06   4.2968750e+01
   8.2394250e+06   4.4372559e+01
   8.2463050e+06   4.5227051e+01
   8.2556580e+06   4.5104980e+01
   8.2640620e+06   4.5104980e+01
   8.2771320e+06   5.0231934e+01
   8.2833800e+06   4.3701172e+01
   8.3201170e+06   7.6660156e+01
   8.3270650e+06   4.2968750e+01
   8.3348760e+06   4.5654297e+01
   8.3398590e+06   4.6081543e+01
   8.3461200e+06   4.2968750e+01
   8.3476260e+06   5.1513672e+01
   8.3582590e+06   4.4433594e+01
   8.3653110e+06   4.8461914e+01
   8.3653930e+06   4.2541504e+01
   8.3703720e+06   5.0537109e+01
   8.3722850e+06   4.8828125e+01
   8.3734790e+06   5.1513672e+01
   8.3892490e+06   4.3212891e+01
   8.3918020e+06   4.6386719e+01
   8.3985890e+06   4.3457031e+01
   8.4040570e+06   5.2001953e+01
   8.4054960e+06   4.3273926e+01
   8.4097410e+06   4.4250488e+01
   8.4127800e+06   5.1025391e+01
   8.4237870e+06   4.3273926e+01
   8.4289200e+06   4.9560547e+01
   8.4348630e+06   4.4189453e+01
   8.4445300e+06   5.1635742e+01
   8.4534380e+06   4.3884277e+01
   8.4566270e+06   4.4616699e+01
   8.4602700e+06   4.2602539e+01
   8.4670300e+06   4.9011230e+01
   8.4710050e+06   4.3640137e+01
   8.4873730e+06   5.4077148e+01
   8.4961030e+06   4.5715332e+01
   8.5036460e+06   5.1818848e+01
   8.5088660e+06   4.3457031e+01
   8.5280890e+06   4.5593262e+01
   8.5298080e+06   4.5166016e+01
   8.5332170e+06   4.4250488e+01
   8.5421700e+06   4.3945312e+01
   8.5444390e+06   4.6630859e+01
   8.5498630e+06   4.4311523e+01
   8.5529610e+06   4.8522949e+01
   8.5541420e+06   5.3100586e+01
   8.5551280e+06   4.3212891e+01
   8.5584820e+06   4.2968750e+01
   8.5657390e+06   4.2785645e+01
   8.5670220e+06   5.7006836e+01
   8.5676510e+06   6.2683105e+01
   8.5679570e+06   4.8645020e+01
   8.5711850e+06   4.7241211e+01
   8.5744220e+06   4.2724609e+01
   8.5749160e+06   4.6447754e+01
   8.5764050e+06   4.2541504e+01
   8.5777900e+06   4.7973633e+01
   8.5791780e+06   4.6569824e+01
   8.5859880e+06   4.3212891e+01
   8.5938010e+06   5.5786133e+01
   8.6017720e+06   4.3884277e+01
   8.6076160e+06   4.5349121e+01
   8.6085580e+06   4.5593262e+01
   8.6091630e+06   4.3457031e+01
   8.6127480e+06   4.3762207e+01
   8.6144290e+06   4.5532227e+01
   8.6189510e+06   4.8828125e+01
   8.6215960e+06   4.3212891e+01
   8.6265010e+06   4.4189453e+01
   8.6502220e+06   4.2785645e+01
   8.6503940e+06   4.4067383e+01
   8.6536550e+06   4.3579102e+01
   8.6625950e+06   4.6447754e+01
   8.6672700e+06   4.6813965e+01
   8.6687060e+06   4.5166016e+01
   8.6801430e+06   4.5410156e+01
   8.6811580e+06   4.3518066e+01
   8.6840650e+06   4.4982910e+01
   8.6861990e+06   4.5410156e+01
   8.6929230e+06   4.2663574e+01
   8.6971580e+06   4.6875000e+01
   8.6999710e+06   4.3884277e+01
   8.7019200e+06   4.3701172e+01
   8.7076170e+06   4.4494629e+01
   8.7110710e+06   4.6325684e+01
   8.7146690e+06   4.2785645e+01
   8.7169670e+06   4.5104980e+01
   8.7260900e+06   4.8889160e+01
   8.7303530e+06   4.7607422e+01
   8.7323520e+06   4.3395996e+01
   8.7328100e+06   4.3762207e+01
   8.7403400e+06   5.1208496e+01
   8.7427270e+06   4.6630859e+01
   8.7490450e+06   4.6325684e+01
   8.7494320e+06   4.3640137e+01
   8.7566300e+06   4.3212891e+01
   8.7576480e+06   5.6030273e+01
   8.7613830e+06   4.6997070e+01
   8.7624860e+06   4.5227051e+01
   8.7668380e+06   4.4860840e+01
   8.7714350e+06   4.8767090e+01
   8.7720720e+06   4.8095703e+01
   8.7762820e+06   5.0109863e+01
   8.7791370e+06   4.5288086e+01
   8.7832580e+06   4.6875000e+01
   8.7867200e+06   4.4311523e+01
   8.7906230e+06   4.6386719e+01
   8.7934750e+06   5.2124023e+01
   8.8111860e+06   5.2673340e+01
   8.8130370e+06   4.4860840e+01
   8.8148140e+06   4.5288086e+01
   8.8160730e+06   4.5043945e+01
   8.8191880e+06   4.4250488e+01
   8.8245200e+06   4.8767090e+01
   8.8406410e+06   4.4677734e+01
   8.8424410e+06   4.5959473e+01
   8.8478530e+06   4.2602539e+01
   8.8510930e+06   4.8034668e+01
   8.8615750e+06   5.2978516e+01
   8.8624480e+06   4.7912598e+01
   8.8690030e+06   4.3457031e+01
   8.8763660e+06   4.4433594e+01
   8.8810580e+06   4.6325684e+01
   8.8817440e+06   4.5593262e+01
   8.8897760e+06   4.7058105e+01
   8.8990860e+06   5.4992676e+01
   8.9012390e+06   5.4138184e+01
   8.9032500e+06   4.4677734e+01
   8.9088060e+06   4.3395996e+01
   8.9140510e+06   5.6457520e+01
   8.9162490e+06   4.7668457e+01
   8.9211070e+06   4.5959473e+01
   8.9302700e+06   4.5104980e+01
   8.9352760e+06   4.9011230e+01
   8.9405640e+06   4.3151855e+01
   8.9433780e+06   4.7119141e+01
   8.9525020e+06   4.3884277e+01
   8.9528250e+06   4.3457031e+01
   8.9566590e+06   4.3579102e+01
   8.9601770e+06   4.9560547e+01
   8.9648760e+06   4.4555664e+01
   8.9688400e+06   4.3029785e+01
   8.9705700e+06   4.3884277e+01
   8.9718630e+06   4.5166016e+01
   8.9765500e+06   4.8400879e+01
   8.9793920e+06   4.3334961e+01
   8.9840890e+06   4.5532227e+01
   8.9848850e+06   4.2785645e+01
   8.9902400e+06   4.3945312e+01
   8.9912200e+06   4.2724609e+01
