   8.9990000e+06   0.0000000e+00
   4.9081000e+04   3.9306641e+01
   7.8318000e+04   3.9245605e+01
   4.4878200e+05   4.0649414e+01
   6.9551500e+05   4.4860840e+01
   1.0132380e+06   3.9855957e+01
   1.0822240e+06   3.9733887e+01
   1.1329630e+06   4.0588379e+01
   1.2276100e+06   4.1320801e+01
   1.2501930e+06   3.9916992e+01
   1.5060360e+06   4.0344238e+01
   2.1078980e+06   3.9001465e+01
   2.1301530e+06   4.1259766e+01
   2.1982310e+06   3.8696289e+01
   2.2962870e+06   3.9062500e+01
   2.3327730e+06   3.8879395e+01
   2.5172210e+06   4.0710449e+01
   2.6919130e+06   3.9916992e+01
   2.7349280e+06   4.0222168e+01
   2.8974730e+06   3.9245605e+01
   2.9608010e+06   4.2602539e+01
   3.2902660e+06   4.1137695e+01
   3.3643570e+06   4.2907715e+01
   3.5048010e+06   4.1381836e+01
   3.9351590e+06   4.0771484e+01
   4.0255530e+06   3.9001465e+01
   4.2073430e+06   4.1137695e+01
   5.0479210e+06   4.0222168e+01
   5.1259270e+06   4.3212891e+01
   5.3426340e+06   4.0039062e+01
   6.4094200e+06   4.0832520e+01
   6.4890590e+06   3.8757324e+01
   6.9310700e+06   3.8940430e+01
   6.9485740e+06   3.9428711e+01
   6.9707490e+06   3.9245605e+01
   7.1556110e+06   3.9794922e+01
   7.2790870e+06   3.8879395e+01
   7.4050580e+06   4.0222168e+01
   7.6246720e+06   3.9733887e+01
   7.6709430e+06   3.9855957e+01
   7.8878810e+06   4.0954590e+01
   8.1570050e+06   4.4067383e+01
   8.5437530e+06   4.1259766e+01
   8.7995740e+06   4.0039062e+01
