   8.9990000e+06   0.0000000e+00
   1.8050000e+03   4.1625977e+01
   1.8681000e+04   4.4555664e+01
   2.9338000e+04   4.0222168e+01
   7.4623000e+04   3.9855957e+01
   8.3642000e+04   4.0283203e+01
   9.4514000e+04   3.9978027e+01
   1.0013400e+05   4.1381836e+01
   1.1345900e+05   3.9794922e+01
   1.3981100e+05   3.9672852e+01
   1.4331200e+05   4.4982910e+01
   1.6397000e+05   4.2236328e+01
   1.7327200e+05   3.9978027e+01
   1.7831500e+05   3.9611816e+01
   1.9016900e+05   4.0405273e+01
   2.0821700e+05   3.9062500e+01
   2.2315800e+05   4.3457031e+01
   2.2736800e+05   4.1870117e+01
   2.3510100e+05   3.9245605e+01
   2.5191500e+05   4.4311523e+01
   2.5908900e+05   4.2541504e+01
   2.6950400e+05   4.2358398e+01
   2.9493400e+05   5.0598145e+01
   3.3551500e+05   4.0222168e+01
   3.5180900e+05   4.1809082e+01
   3.6192800e+05   4.0832520e+01
   4.0935000e+05   4.1809082e+01
   4.2478500e+05   4.9316406e+01
   4.3974400e+05   4.7302246e+01
   4.4953200e+05   4.1076660e+01
   4.5885300e+05   3.9794922e+01
   4.6301000e+05   3.9184570e+01
   4.6742700e+05   4.0283203e+01
   4.9610700e+05   4.1198730e+01
   4.9941500e+05   4.0771484e+01
   5.2198900e+05   4.2175293e+01
   5.3107100e+05   4.0649414e+01
   5.3587100e+05   4.0222168e+01
   5.6003100e+05   4.5776367e+01
   5.6814900e+05   4.0283203e+01
   5.7843200e+05   4.0527344e+01
   5.8343400e+05   4.1687012e+01
   6.3231400e+05   4.1381836e+01
   6.3987600e+05   4.2846680e+01
   6.4403500e+05   3.9916992e+01
   6.5157200e+05   4.1564941e+01
   6.6169300e+05   4.6875000e+01
   6.6528500e+05   4.0527344e+01
   6.9324100e+05   4.0161133e+01
   6.9971400e+05   3.9794922e+01
   7.2208800e+05   4.0466309e+01
   7.2953400e+05   4.1687012e+01
   7.4170800e+05   4.0771484e+01
   7.4851900e+05   3.9611816e+01
   7.5271000e+05   4.2663574e+01
   7.5978700e+05   4.1076660e+01
   7.6335200e+05   4.0832520e+01
   7.7626800e+05   4.1015625e+01
   7.8677400e+05   4.4006348e+01
   8.0091100e+05   3.9062500e+01
   8.0905300e+05   3.9306641e+01
   8.3075600e+05   4.6875000e+01
   8.3482600e+05   4.0161133e+01
   8.4899000e+05   3.9123535e+01
   8.6421400e+05   4.4189453e+01
   8.9352900e+05   4.1198730e+01
   9.0310000e+05   3.9062500e+01
   9.0623500e+05   4.0649414e+01
   9.1713100e+05   4.0344238e+01
   9.3598700e+05   4.1748047e+01
   9.3962300e+05   4.2297363e+01
   9.4200400e+05   4.1015625e+01
   9.4826800e+05   4.1137695e+01
   9.5305300e+05   3.9062500e+01
   9.6151100e+05   4.3823242e+01
   9.7467800e+05   4.1625977e+01
   9.8517100e+05   4.1748047e+01
   1.0124530e+06   4.1503906e+01
   1.0249090e+06   4.3884277e+01
   1.0347540e+06   3.9245605e+01
   1.0379990e+06   3.9367676e+01
   1.0421330e+06   4.9804688e+01
   1.0566350e+06   3.9550781e+01
   1.0656680e+06   4.0893555e+01
   1.0972530e+06   4.5532227e+01
   1.1184780e+06   4.1320801e+01
   1.1203630e+06   3.9367676e+01
   1.1245030e+06   4.4799805e+01
   1.1404020e+06   4.1503906e+01
   1.1442770e+06   4.4799805e+01
   1.1688350e+06   4.2419434e+01
   1.1734590e+06   3.9245605e+01
   1.1764670e+06   3.9550781e+01
   1.1920190e+06   4.0100098e+01
   1.1989710e+06   4.2663574e+01
   1.2025980e+06   3.9611816e+01
   1.2027250e+06   3.9672852e+01
   1.2140970e+06   4.9743652e+01
   1.2232780e+06   4.1381836e+01
   1.2293010e+06   4.1198730e+01
   1.2373700e+06   3.9245605e+01
   1.2483640e+06   4.7607422e+01
   1.2551050e+06   4.1015625e+01
   1.2664320e+06   4.0344238e+01
   1.2698330e+06   4.0466309e+01
   1.2776500e+06   4.2724609e+01
   1.2823550e+06   3.9794922e+01
   1.2977660e+06   4.1198730e+01
   1.3089770e+06   4.0100098e+01
   1.3127610e+06   4.2053223e+01
   1.3303670e+06   4.0100098e+01
   1.3407760e+06   3.9550781e+01
   1.3519580e+06   4.6752930e+01
   1.3570170e+06   4.4921875e+01
   1.3590610e+06   4.0222168e+01
   1.3792210e+06   4.3823242e+01
   1.3849820e+06   4.1992188e+01
   1.3893350e+06   3.9916992e+01
   1.3988740e+06   3.9611816e+01
   1.4073520e+06   3.9062500e+01
   1.4130690e+06   4.1015625e+01
   1.4389660e+06   4.4860840e+01
   1.4472680e+06   4.1931152e+01
   1.4538570e+06   4.5654297e+01
   1.4653170e+06   4.0710449e+01
   1.4750140e+06   4.6936035e+01
   1.5025110e+06   4.0588379e+01
   1.5063510e+06   4.5043945e+01
   1.5217110e+06   4.3518066e+01
   1.5348120e+06   4.0527344e+01
   1.5389170e+06   3.9978027e+01
   1.5409020e+06   4.0954590e+01
   1.5540410e+06   3.9306641e+01
   1.5577160e+06   3.9672852e+01
   1.5599220e+06   4.0588379e+01
   1.5793770e+06   4.3701172e+01
   1.5832820e+06   4.1259766e+01
   1.5934430e+06   4.2846680e+01
   1.6195080e+06   4.3884277e+01
   1.6455190e+06   4.0649414e+01
   1.6582770e+06   4.0222168e+01
   1.6810500e+06   4.7790527e+01
   1.7123170e+06   4.2724609e+01
   1.7236380e+06   3.9855957e+01
   1.7258310e+06   4.0710449e+01
   1.7369130e+06   3.9855957e+01
   1.7392540e+06   4.0527344e+01
   1.7487690e+06   4.2541504e+01
   1.7595510e+06   4.0161133e+01
   1.7759550e+06   4.1564941e+01
   1.7795640e+06   4.2053223e+01
   1.7911700e+06   4.2236328e+01
   1.8082960e+06   4.0039062e+01
   1.8190560e+06   3.9123535e+01
   1.8225560e+06   3.9672852e+01
   1.8287300e+06   4.3151855e+01
   1.8345860e+06   3.9367676e+01
   1.8374770e+06   3.9672852e+01
   1.8501870e+06   3.9184570e+01
   1.8530750e+06   3.9123535e+01
   1.8665170e+06   4.2175293e+01
   1.8890240e+06   4.4189453e+01
   1.8943690e+06   3.9245605e+01
   1.9006140e+06   4.1259766e+01
   1.9105450e+06   3.9489746e+01
   1.9270350e+06   4.3518066e+01
   1.9348570e+06   4.1564941e+01
   1.9604610e+06   3.9978027e+01
   1.9648040e+06   3.9062500e+01
   1.9833230e+06   4.1503906e+01
   1.9918080e+06   4.6325684e+01
   2.0019150e+06   4.1320801e+01
   2.0089150e+06   4.0954590e+01
   2.0139720e+06   4.0466309e+01
   2.0160670e+06   3.9123535e+01
   2.0364210e+06   4.5043945e+01
   2.0425400e+06   4.0405273e+01
   2.0505560e+06   4.0100098e+01
   2.0543740e+06   4.0405273e+01
   2.0637660e+06   3.9611816e+01
   2.0740880e+06   3.9367676e+01
   2.0783910e+06   4.1625977e+01
   2.0958980e+06   4.0954590e+01
   2.1036970e+06   4.2297363e+01
   2.1374590e+06   3.9550781e+01
   2.1415340e+06   4.0527344e+01
   2.1456060e+06   3.9733887e+01
   2.1490500e+06   3.9123535e+01
   2.1520120e+06   4.1503906e+01
   2.1598130e+06   3.9733887e+01
   2.1698930e+06   4.1381836e+01
   2.1755970e+06   3.9428711e+01
   2.1860900e+06   4.7729492e+01
   2.2018240e+06   4.0771484e+01
   2.2102400e+06   3.9794922e+01
   2.2349070e+06   4.0710449e+01
   2.2435950e+06   4.1625977e+01
   2.2626830e+06   4.0466309e+01
   2.2654570e+06   4.3762207e+01
   2.2809670e+06   4.1198730e+01
   2.2869550e+06   4.3762207e+01
   2.3059990e+06   4.8034668e+01
   2.3121370e+06   4.9377441e+01
   2.3272290e+06   4.0710449e+01
   2.3303520e+06   4.1687012e+01
   2.3418700e+06   4.0283203e+01
   2.3569100e+06   4.2968750e+01
   2.3679080e+06   4.1748047e+01
   2.3723100e+06   4.1625977e+01
   2.3826780e+06   4.8278809e+01
   2.3871310e+06   4.1931152e+01
   2.3935340e+06   4.5471191e+01
   2.4084730e+06   4.0222168e+01
   2.4306080e+06   3.9916992e+01
   2.4343170e+06   3.9794922e+01
   2.4427880e+06   4.0893555e+01
   2.4676280e+06   4.0466309e+01
   2.4801100e+06   4.8950195e+01
   2.4858160e+06   4.1076660e+01
   2.4939360e+06   3.9367676e+01
   2.5119990e+06   4.0405273e+01
   2.5263670e+06   4.3395996e+01
   2.5596820e+06   3.9306641e+01
   2.5724830e+06   4.2114258e+01
   2.5887870e+06   4.1931152e+01
   2.6005460e+06   4.4311523e+01
   2.6040640e+06   3.9916992e+01
   2.6083150e+06   3.9306641e+01
   2.6130930e+06   4.5043945e+01
   2.6222480e+06   4.1809082e+01
   2.6252730e+06   4.8400879e+01
   2.6280180e+06   3.9550781e+01
   2.6313760e+06   4.8461914e+01
   2.6326680e+06   3.9062500e+01
   2.6414410e+06   3.9245605e+01
   2.6564620e+06   4.4006348e+01
   2.6840490e+06   4.0405273e+01
   2.6862460e+06   3.9733887e+01
   2.6936700e+06   4.1748047e+01
   2.6967820e+06   5.4626465e+01
   2.7021230e+06   4.2480469e+01
   2.7105960e+06   4.1442871e+01
   2.7226780e+06   4.5959473e+01
   2.7272210e+06   4.1442871e+01
   2.7392290e+06   3.9855957e+01
   2.7499050e+06   3.9123535e+01
   2.7576160e+06   4.0527344e+01
   2.7688710e+06   4.9255371e+01
   2.7768740e+06   4.4921875e+01
   2.7828750e+06   4.2602539e+01
   2.7862370e+06   4.5959473e+01
   2.7890890e+06   4.2419434e+01
   2.8036250e+06   4.2968750e+01
   2.8106520e+06   4.3884277e+01
   2.8139540e+06   4.0344238e+01
   2.8161450e+06   4.0039062e+01
   2.8221400e+06   4.4311523e+01
   2.8251160e+06   4.2968750e+01
   2.8356400e+06   4.2541504e+01
   2.8400120e+06   3.9428711e+01
   2.8555540e+06   4.0832520e+01
   2.8636460e+06   4.0588379e+01
   2.8698520e+06   3.9672852e+01
   2.8769040e+06   4.0954590e+01
   2.8826410e+06   4.1931152e+01
   2.8892460e+06   4.1625977e+01
   2.8918970e+06   4.1381836e+01
   2.8972700e+06   4.1687012e+01
   2.9182300e+06   3.9306641e+01
   2.9207950e+06   4.2480469e+01
   2.9293320e+06   4.0039062e+01
   2.9488550e+06   3.9733887e+01
   2.9598360e+06   4.0893555e+01
   2.9831360e+06   4.2114258e+01
   2.9858120e+06   3.9794922e+01
   3.0008480e+06   4.1442871e+01
   3.0082600e+06   4.0161133e+01
   3.0103390e+06   4.2236328e+01
   3.0195100e+06   4.4250488e+01
   3.0297580e+06   3.9184570e+01
   3.0363640e+06   4.1442871e+01
   3.0392000e+06   4.0405273e+01
   3.0437250e+06   4.6508789e+01
   3.0443360e+06   3.9550781e+01
   3.0563500e+06   4.1137695e+01
   3.0613320e+06   3.9978027e+01
   3.0683300e+06   4.4311523e+01
   3.0889480e+06   3.9245605e+01
   3.1056490e+06   4.1259766e+01
   3.1125990e+06   4.5288086e+01
   3.1340420e+06   4.0222168e+01
   3.1443240e+06   4.7302246e+01
   3.1467020e+06   3.9978027e+01
   3.1556890e+06   4.3762207e+01
   3.1569970e+06   4.0405273e+01
   3.1602890e+06   4.2175293e+01
   3.1633480e+06   4.2175293e+01
   3.1684600e+06   3.9367676e+01
   3.1702370e+06   4.0039062e+01
   3.1770250e+06   4.2114258e+01
   3.1792510e+06   4.2053223e+01
   3.1861240e+06   4.2297363e+01
   3.1952700e+06   4.2236328e+01
   3.2004280e+06   5.1147461e+01
   3.2019070e+06   4.5593262e+01
   3.2054570e+06   4.1809082e+01
   3.2226860e+06   4.3884277e+01
   3.2261650e+06   4.1198730e+01
   3.2340820e+06   4.1320801e+01
   3.2497050e+06   4.0954590e+01
   3.2627030e+06   4.0771484e+01
   3.3070990e+06   4.1076660e+01
   3.3132620e+06   3.9306641e+01
   3.3172110e+06   4.0954590e+01
   3.3187270e+06   4.3884277e+01
   3.3306920e+06   3.9489746e+01
   3.3353340e+06   3.9428711e+01
   3.3439160e+06   4.0588379e+01
   3.3456780e+06   3.9733887e+01
   3.3560050e+06   4.1076660e+01
   3.3614480e+06   4.0954590e+01
   3.3706000e+06   4.3762207e+01
   3.3730830e+06   4.8095703e+01
   3.3896350e+06   3.9855957e+01
   3.3945170e+06   4.0039062e+01
   3.4099560e+06   3.9489746e+01
   3.4126600e+06   4.3273926e+01
   3.4155350e+06   3.9916992e+01
   3.4195330e+06   3.9916992e+01
   3.4249080e+06   4.0344238e+01
   3.4275880e+06   3.9489746e+01
   3.4345000e+06   4.3457031e+01
   3.4517460e+06   4.0588379e+01
   3.4565700e+06   4.2907715e+01
   3.4639270e+06   3.9916992e+01
   3.4749890e+06   4.4799805e+01
   3.4774340e+06   4.4616699e+01
   3.4927140e+06   4.1748047e+01
   3.4967450e+06   4.4921875e+01
   3.5021260e+06   5.1269531e+01
   3.5080620e+06   4.4311523e+01
   3.5172330e+06   4.0832520e+01
   3.5407230e+06   4.2663574e+01
   3.5530860e+06   4.0466309e+01
   3.5568450e+06   4.6264648e+01
   3.5634210e+06   4.4433594e+01
   3.5667410e+06   3.9978027e+01
   3.5702770e+06   4.1015625e+01
   3.5780990e+06   3.9916992e+01
   3.5839290e+06   4.3334961e+01
   3.5946360e+06   3.9062500e+01
   3.6028230e+06   4.2175293e+01
   3.6071920e+06   4.1625977e+01
   3.6095930e+06   3.9794922e+01
   3.6138160e+06   3.9550781e+01
   3.6225060e+06   4.2968750e+01
   3.6288590e+06   4.5776367e+01
   3.6312010e+06   4.3640137e+01
   3.6566700e+06   4.0466309e+01
   3.6652150e+06   4.0893555e+01
   3.6715010e+06   4.0283203e+01
   3.6830910e+06   4.2968750e+01
   3.7057100e+06   4.0161133e+01
   3.7103950e+06   4.3579102e+01
   3.7214560e+06   4.1809082e+01
   3.7469640e+06   4.2602539e+01
   3.7606800e+06   4.6508789e+01
   3.7847440e+06   4.2236328e+01
   3.8049110e+06   4.0588379e+01
   3.8148600e+06   4.0039062e+01
   3.8188340e+06   4.6020508e+01
   3.8309250e+06   4.2236328e+01
   3.8339550e+06   3.9245605e+01
   3.8543420e+06   4.2297363e+01
   3.8649650e+06   3.9062500e+01
   3.8722040e+06   3.9123535e+01
   3.8770870e+06   3.9672852e+01
   3.8859230e+06   4.0466309e+01
   3.8908370e+06   3.9611816e+01
   3.8985970e+06   4.4250488e+01
   3.9032740e+06   3.9428711e+01
   3.9056620e+06   4.3334961e+01
   3.9191110e+06   4.0405273e+01
   3.9242960e+06   3.9733887e+01
   3.9272690e+06   4.1137695e+01
   3.9301760e+06   4.1137695e+01
   3.9393810e+06   4.3701172e+01
   3.9412310e+06   4.2236328e+01
   3.9449530e+06   4.0649414e+01
   3.9612130e+06   4.2236328e+01
   3.9639570e+06   4.2419434e+01
   3.9772920e+06   3.9306641e+01
   3.9880150e+06   4.3029785e+01
   3.9993880e+06   4.0466309e+01
   4.0012280e+06   4.1625977e+01
   4.0057700e+06   4.3518066e+01
   4.0172080e+06   4.1748047e+01
   4.0318970e+06   4.2785645e+01
   4.0565590e+06   4.5104980e+01
   4.0610550e+06   4.4433594e+01
   4.0757300e+06   4.0832520e+01
   4.0780630e+06   4.4921875e+01
   4.0844740e+06   4.3762207e+01
   4.0874140e+06   4.1259766e+01
   4.0893630e+06   4.2602539e+01
   4.0947580e+06   3.9550781e+01
   4.1037390e+06   3.9916992e+01
   4.1078360e+06   4.2785645e+01
   4.1197080e+06   4.1076660e+01
   4.1262390e+06   4.3823242e+01
   4.1410300e+06   4.1137695e+01
   4.1564990e+06   3.9550781e+01
   4.1619190e+06   4.0710449e+01
   4.1690680e+06   4.6630859e+01
   4.1787640e+06   4.0161133e+01
   4.1978990e+06   4.0893555e+01
   4.2108290e+06   4.6752930e+01
   4.2264510e+06   4.6508789e+01
   4.2317890e+06   3.9184570e+01
   4.2341510e+06   4.3212891e+01
   4.2436650e+06   4.0222168e+01
   4.2480920e+06   4.3212891e+01
   4.2500660e+06   4.0222168e+01
   4.2530080e+06   4.3823242e+01
   4.2551950e+06   4.1503906e+01
   4.2772000e+06   4.2724609e+01
   4.2810580e+06   3.9489746e+01
   4.2827640e+06   4.0527344e+01
   4.2929560e+06   3.9367676e+01
   4.2956680e+06   4.2724609e+01
   4.2971580e+06   4.5104980e+01
   4.3003950e+06   4.0283203e+01
   4.3112030e+06   3.9733887e+01
   4.3134280e+06   4.3334961e+01
   4.3208900e+06   4.1259766e+01
   4.3265680e+06   4.0344238e+01
   4.3370070e+06   4.1076660e+01
   4.3379720e+06   3.9367676e+01
   4.3542930e+06   4.3151855e+01
   4.3576400e+06   4.2541504e+01
   4.3647670e+06   3.9123535e+01
   4.3749170e+06   4.0527344e+01
   4.3803180e+06   4.8095703e+01
   4.4097230e+06   3.9550781e+01
   4.4123000e+06   4.1381836e+01
   4.4183500e+06   4.2480469e+01
   4.4318430e+06   4.2419434e+01
   4.4334050e+06   4.4006348e+01
   4.4515920e+06   4.3090820e+01
   4.4574450e+06   4.2297363e+01
   4.4674860e+06   4.2724609e+01
   4.4727970e+06   4.4067383e+01
   4.4754550e+06   3.9062500e+01
   4.4816390e+06   4.8095703e+01
   4.5028590e+06   4.0466309e+01
   4.5091750e+06   4.7607422e+01
   4.5114730e+06   4.7485352e+01
   4.5166890e+06   4.1503906e+01
   4.5217090e+06   4.3395996e+01
   4.5267760e+06   4.0954590e+01
   4.5510410e+06   3.9672852e+01
   4.5638630e+06   3.9794922e+01
   4.5692010e+06   4.9560547e+01
   4.5735570e+06   4.4982910e+01
   4.5903820e+06   4.2663574e+01
   4.6011100e+06   3.9611816e+01
   4.6017060e+06   4.1137695e+01
   4.6171000e+06   4.1625977e+01
   4.6312360e+06   3.9916992e+01
   4.6707420e+06   4.2846680e+01
   4.6795620e+06   3.9978027e+01
   4.6885900e+06   4.1076660e+01
   4.6955940e+06   4.1503906e+01
   4.7190900e+06   4.1015625e+01
   4.7235180e+06   3.9123535e+01
   4.7255450e+06   4.0954590e+01
   4.7367290e+06   4.0283203e+01
   4.7402410e+06   3.9245605e+01
   4.7459830e+06   4.1931152e+01
   4.7499260e+06   4.1503906e+01
   4.7599290e+06   3.9306641e+01
   4.7659010e+06   4.1015625e+01
   4.7856670e+06   4.0588379e+01
   4.7986350e+06   4.0771484e+01
   4.8113070e+06   3.9123535e+01
   4.8621080e+06   4.7058105e+01
   4.8774590e+06   4.0222168e+01
   4.8966030e+06   4.2602539e+01
   4.9031400e+06   4.0710449e+01
   4.9092140e+06   4.3151855e+01
   4.9191170e+06   4.1198730e+01
   4.9356670e+06   3.9672852e+01
   4.9421500e+06   4.4189453e+01
   4.9463040e+06   4.0039062e+01
   4.9574910e+06   4.0222168e+01
   4.9734210e+06   3.9184570e+01
   4.9762780e+06   3.9245605e+01
   4.9857510e+06   4.4128418e+01
   4.9968980e+06   4.0649414e+01
   5.0027930e+06   4.3518066e+01
   5.0049120e+06   4.2053223e+01
   5.0122050e+06   4.1198730e+01
   5.0204480e+06   4.2053223e+01
   5.0259180e+06   4.0588379e+01
   5.0389700e+06   4.0039062e+01
   5.0427970e+06   4.5166016e+01
   5.0526170e+06   4.2663574e+01
   5.0800420e+06   4.1381836e+01
   5.1002710e+06   3.9672852e+01
   5.1156900e+06   3.9367676e+01
   5.1375580e+06   3.9733887e+01
   5.1638770e+06   4.1442871e+01
   5.1764150e+06   3.9123535e+01
   5.2043190e+06   4.4250488e+01
   5.2123870e+06   3.9184570e+01
   5.2341560e+06   3.9306641e+01
   5.2380710e+06   4.8645020e+01
   5.2412670e+06   3.9550781e+01
   5.2468670e+06   4.3701172e+01
   5.2546320e+06   4.0283203e+01
   5.2597350e+06   4.4616699e+01
   5.2750110e+06   4.0893555e+01
   5.2898320e+06   4.0222168e+01
   5.3121850e+06   4.0161133e+01
   5.3662890e+06   3.9611816e+01
   5.3784050e+06   4.1748047e+01
   5.3912980e+06   4.1442871e+01
   5.3942720e+06   5.1025391e+01
   5.4546360e+06   4.1625977e+01
   5.4773340e+06   4.4189453e+01
   5.4965200e+06   3.9306641e+01
   5.5008810e+06   4.0466309e+01
   5.5282170e+06   3.9367676e+01
   5.5353970e+06   4.1748047e+01
   5.5454070e+06   3.9428711e+01
   5.5632310e+06   4.4982910e+01
   5.5667420e+06   4.1320801e+01
   5.5762770e+06   4.0283203e+01
   5.5836500e+06   4.4738770e+01
   5.5895560e+06   3.9489746e+01
   5.5921610e+06   4.0100098e+01
   5.6079610e+06   4.5227051e+01
   5.6167410e+06   4.3395996e+01
   5.6206580e+06   4.3762207e+01
   5.6456450e+06   4.0039062e+01
   5.6547580e+06   4.0832520e+01
   5.6681730e+06   3.9611816e+01
   5.6720370e+06   3.9916992e+01
   5.6756010e+06   4.0588379e+01
   5.6783470e+06   3.9367676e+01
   5.7071110e+06   3.9184570e+01
   5.7608040e+06   4.1320801e+01
   5.7729260e+06   4.2358398e+01
   5.7733320e+06   4.0771484e+01
   5.7844170e+06   4.0771484e+01
   5.7882860e+06   4.0588379e+01
   5.8313620e+06   4.1381836e+01
   5.8336520e+06   3.9123535e+01
   5.8415400e+06   4.1625977e+01
   5.8540290e+06   4.6875000e+01
   5.8618190e+06   3.9611816e+01
   5.8724980e+06   4.0710449e+01
   5.8928590e+06   4.1259766e+01
   5.8991730e+06   4.2419434e+01
   5.9060020e+06   4.0893555e+01
   5.9314890e+06   4.4189453e+01
   5.9501860e+06   3.9489746e+01
   5.9602880e+06   4.2602539e+01
   5.9646760e+06   3.9550781e+01
   5.9682520e+06   4.0161133e+01
   5.9844720e+06   3.9245605e+01
   5.9890250e+06   3.9428711e+01
   5.9900250e+06   3.9855957e+01
   5.9976240e+06   4.3884277e+01
   6.0052350e+06   4.0771484e+01
   6.0193170e+06   4.3151855e+01
   6.0261710e+06   4.5410156e+01
   6.0380530e+06   3.9123535e+01
   6.0488900e+06   3.9245605e+01
   6.0517210e+06   3.9367676e+01
   6.0728280e+06   4.0344238e+01
   6.0797510e+06   3.9550781e+01
   6.0815560e+06   4.1503906e+01
   6.1038490e+06   4.6325684e+01
   6.1117650e+06   3.9184570e+01
   6.1315420e+06   4.1503906e+01
   6.1363570e+06   4.3029785e+01
   6.1424670e+06   4.0100098e+01
   6.1541240e+06   3.9062500e+01
   6.1618630e+06   4.0222168e+01
   6.1658090e+06   4.4006348e+01
   6.1857910e+06   3.9978027e+01
   6.1917560e+06   4.4860840e+01
   6.2072910e+06   3.9672852e+01
   6.2566400e+06   4.3762207e+01
   6.2588230e+06   4.3029785e+01
   6.2646040e+06   4.6875000e+01
   6.2930780e+06   4.0832520e+01
   6.2995720e+06   4.2968750e+01
   6.3041560e+06   3.9550781e+01
   6.3091040e+06   4.1748047e+01
   6.3119380e+06   4.6020508e+01
   6.3151930e+06   4.3212891e+01
   6.3190210e+06   4.3640137e+01
   6.3217670e+06   3.9062500e+01
   6.3373820e+06   4.0466309e+01
   6.3415660e+06   4.1931152e+01
   6.3555500e+06   4.0283203e+01
   6.3608730e+06   4.5410156e+01
   6.3630890e+06   3.9062500e+01
   6.3779270e+06   4.6508789e+01
   6.3823370e+06   4.5227051e+01
   6.3843620e+06   4.2480469e+01
   6.3880030e+06   4.0161133e+01
   6.3940660e+06   4.2175293e+01
   6.3957520e+06   4.4555664e+01
   6.4153620e+06   4.2968750e+01
   6.4391300e+06   4.5104980e+01
   6.4509200e+06   4.3457031e+01
   6.4588390e+06   3.9245605e+01
   6.5068990e+06   4.1320801e+01
   6.5273310e+06   3.9428711e+01
   6.5366340e+06   5.2368164e+01
   6.5719270e+06   4.0710449e+01
   6.5803420e+06   4.2114258e+01
   6.5962110e+06   4.1503906e+01
   6.5985440e+06   4.5104980e+01
   6.6232480e+06   4.0588379e+01
   6.6355810e+06   5.0415039e+01
   6.6574030e+06   4.0405273e+01
   6.6602490e+06   4.0100098e+01
   6.6879230e+06   3.9489746e+01
   6.7062550e+06   4.0954590e+01
   6.7158510e+06   4.1137695e+01
   6.7345420e+06   4.4128418e+01
   6.7363830e+06   3.9184570e+01
   6.7412260e+06   4.0344238e+01
   6.7577160e+06   4.1687012e+01
   6.7779430e+06   3.9978027e+01
   6.7827590e+06   4.1320801e+01
   6.7856800e+06   4.2236328e+01
   6.7981830e+06   4.1015625e+01
   6.8003740e+06   4.0039062e+01
   6.8097660e+06   4.3823242e+01
   6.8242780e+06   3.9062500e+01
   6.8272740e+06   4.0893555e+01
   6.8378200e+06   4.5227051e+01
   6.8401930e+06   3.9611816e+01
   6.8541350e+06   4.2053223e+01
   6.8557280e+06   4.0222168e+01
   6.8698210e+06   4.2358398e+01
   6.8803370e+06   4.5776367e+01
   6.9062510e+06   3.9733887e+01
   6.9100490e+06   4.0893555e+01
   6.9177950e+06   3.9367676e+01
   6.9411310e+06   4.1320801e+01
   6.9495710e+06   4.7485352e+01
   6.9558460e+06   4.2846680e+01
   6.9583720e+06   3.9611816e+01
   7.0143930e+06   4.4738770e+01
   7.0258740e+06   3.9367676e+01
   7.0310110e+06   4.1992188e+01
   7.0460900e+06   4.4494629e+01
   7.0540020e+06   4.6691895e+01
   7.0570290e+06   4.0649414e+01
   7.0633880e+06   4.2358398e+01
   7.0676070e+06   4.2419434e+01
   7.0797880e+06   4.0893555e+01
   7.0951850e+06   4.0344238e+01
   7.1028740e+06   4.3579102e+01
   7.1121780e+06   4.1320801e+01
   7.1183520e+06   4.3457031e+01
   7.1220010e+06   4.5532227e+01
   7.1298620e+06   4.6386719e+01
   7.1594220e+06   4.5104980e+01
   7.1655640e+06   4.1015625e+01
   7.1793100e+06   3.9550781e+01
   7.1830400e+06   4.0344238e+01
   7.1920900e+06   4.2846680e+01
   7.1937390e+06   4.0527344e+01
   7.2023910e+06   4.1137695e+01
   7.2079860e+06   4.6813965e+01
   7.2135000e+06   4.2175293e+01
   7.2177580e+06   3.9916992e+01
   7.2268780e+06   3.9855957e+01
   7.2292130e+06   4.5471191e+01
   7.2302880e+06   4.0771484e+01
   7.2473930e+06   4.7485352e+01
   7.2516800e+06   4.5227051e+01
   7.2548500e+06   3.9245605e+01
   7.2575370e+06   4.0222168e+01
   7.2682420e+06   4.0527344e+01
   7.2815970e+06   4.4555664e+01
   7.2885550e+06   4.1687012e+01
   7.2932470e+06   3.9062500e+01
   7.2941100e+06   4.3457031e+01
   7.3027790e+06   4.2175293e+01
   7.3052080e+06   3.9855957e+01
   7.3156230e+06   3.9428711e+01
   7.3258630e+06   3.9062500e+01
   7.3305940e+06   4.0954590e+01
   7.3435060e+06   4.2907715e+01
   7.3483390e+06   4.1442871e+01
   7.3612190e+06   4.0405273e+01
   7.3721620e+06   4.1259766e+01
   7.3778340e+06   3.9123535e+01
   7.3802000e+06   4.0039062e+01
   7.3965100e+06   4.1137695e+01
   7.4009050e+06   4.2114258e+01
   7.4141620e+06   4.0893555e+01
   7.4174490e+06   4.3945312e+01
   7.4293840e+06   4.1687012e+01
   7.4391960e+06   4.0283203e+01
   7.4427350e+06   3.9062500e+01
   7.4454060e+06   3.9672852e+01
   7.4528930e+06   3.9916992e+01
   7.4559860e+06   3.9306641e+01
   7.4591000e+06   3.9123535e+01
   7.4878770e+06   4.5715332e+01
   7.4902220e+06   4.1503906e+01
   7.4975260e+06   3.9062500e+01
   7.5154090e+06   4.0466309e+01
   7.5229640e+06   3.9978027e+01
   7.5268470e+06   4.3212891e+01
   7.5302810e+06   4.5043945e+01
   7.5402610e+06   4.3090820e+01
   7.5446800e+06   3.9611816e+01
   7.5540860e+06   4.0710449e+01
   7.5583580e+06   4.2907715e+01
   7.5632970e+06   4.0222168e+01
   7.5666320e+06   4.9743652e+01
   7.5702440e+06   4.2907715e+01
   7.5739790e+06   4.1259766e+01
   7.5781190e+06   3.9794922e+01
   7.5828030e+06   4.8034668e+01
   7.5974420e+06   4.5104980e+01
   7.6156790e+06   3.9978027e+01
   7.6260910e+06   4.1320801e+01
   7.6291410e+06   4.0771484e+01
   7.6324340e+06   4.1564941e+01
   7.6347090e+06   4.1931152e+01
   7.6426090e+06   3.9855957e+01
   7.6458290e+06   4.3945312e+01
   7.6509980e+06   4.0283203e+01
   7.6528700e+06   4.0100098e+01
   7.6568140e+06   4.3212891e+01
   7.6606440e+06   4.1687012e+01
   7.6706120e+06   4.1503906e+01
   7.6736570e+06   3.9367676e+01
   7.6812450e+06   4.2114258e+01
   7.6855650e+06   3.9916992e+01
   7.6917360e+06   4.3029785e+01
   7.6945900e+06   4.0710449e+01
   7.7045440e+06   3.9916992e+01
   7.7128590e+06   4.0222168e+01
   7.7184040e+06   3.9184570e+01
   7.7235050e+06   3.9245605e+01
   7.7282100e+06   4.4067383e+01
   7.7307930e+06   4.0039062e+01
   7.7331770e+06   4.0405273e+01
   7.7383390e+06   4.4494629e+01
   7.7405580e+06   3.9855957e+01
   7.7438660e+06   4.2846680e+01
   7.7519810e+06   4.1931152e+01
   7.7596330e+06   4.0161133e+01
   7.7631110e+06   3.9306641e+01
   7.7662390e+06   4.5227051e+01
   7.7694980e+06   4.1381836e+01
   7.7721340e+06   4.1320801e+01
   7.7979150e+06   4.2053223e+01
   7.8258470e+06   5.1391602e+01
   7.8428340e+06   4.0893555e+01
   7.8474970e+06   4.4189453e+01
   7.8522060e+06   4.0466309e+01
   7.8551560e+06   4.2724609e+01
   7.8603180e+06   4.7363281e+01
   7.8630340e+06   3.9550781e+01
   7.8706130e+06   3.9672852e+01
   7.8729290e+06   4.5043945e+01
   7.8763410e+06   4.0710449e+01
   7.8795300e+06   3.9306641e+01
   7.8852000e+06   4.1259766e+01
   7.8953550e+06   3.9978027e+01
   7.9143070e+06   4.1442871e+01
   7.9235620e+06   4.2663574e+01
   7.9320610e+06   4.0893555e+01
   7.9346880e+06   4.2968750e+01
   7.9371830e+06   4.2541504e+01
   7.9477740e+06   4.1015625e+01
   7.9522720e+06   4.5288086e+01
   7.9662800e+06   4.0771484e+01
   7.9705940e+06   4.0222168e+01
   7.9740430e+06   3.9123535e+01
   7.9895340e+06   4.0466309e+01
   7.9948910e+06   5.0537109e+01
   8.0055280e+06   4.1076660e+01
   8.0220630e+06   3.9916992e+01
   8.0306340e+06   4.0649414e+01
   8.0328050e+06   3.9550781e+01
   8.0401940e+06   4.2358398e+01
   8.0529440e+06   4.6325684e+01
   8.0557990e+06   4.3518066e+01
   8.0592670e+06   3.9428711e+01
   8.0640900e+06   4.4677734e+01
   8.0833080e+06   3.9184570e+01
   8.0872790e+06   4.0344238e+01
   8.0937330e+06   4.1015625e+01
   8.0971100e+06   3.9916992e+01
   8.1070720e+06   4.1137695e+01
   8.1219880e+06   4.1992188e+01
   8.1255740e+06   3.9306641e+01
   8.1285570e+06   4.1381836e+01
   8.1376710e+06   4.0649414e+01
   8.1440950e+06   3.9489746e+01
   8.1534550e+06   3.9123535e+01
   8.1717000e+06   4.0771484e+01
   8.1776210e+06   3.9794922e+01
   8.1824070e+06   4.2968750e+01
   8.1856920e+06   4.1259766e+01
   8.1891430e+06   3.9733887e+01
   8.1944160e+06   4.1320801e+01
   8.1984100e+06   3.9550781e+01
   8.2074890e+06   4.0405273e+01
   8.2140700e+06   4.4616699e+01
   8.2158120e+06   3.9978027e+01
   8.2319430e+06   4.1992188e+01
   8.2398630e+06   3.9184570e+01
   8.2444310e+06   3.9489746e+01
   8.2565940e+06   4.2297363e+01
   8.2591750e+06   4.2968750e+01
   8.2681130e+06   4.2297363e+01
   8.2781030e+06   4.0344238e+01
   8.2806750e+06   4.0100098e+01
   8.2846240e+06   4.3212891e+01
   8.2906790e+06   4.0222168e+01
   8.2933660e+06   5.0781250e+01
   8.2982100e+06   4.0832520e+01
   8.3020540e+06   4.6325684e+01
   8.3083290e+06   3.9978027e+01
   8.3351780e+06   4.1748047e+01
   8.3425060e+06   4.9804687e+01
   8.3452280e+06   4.2419434e+01
   8.3471520e+06   4.0588379e+01
   8.3606060e+06   4.2724609e+01
   8.3637600e+06   4.0588379e+01
   8.3697720e+06   4.3457031e+01
   8.3878560e+06   4.1503906e+01
   8.3907920e+06   4.1320801e+01
   8.4029930e+06   4.1076660e+01
   8.4084490e+06   4.2541504e+01
   8.4124100e+06   3.9611816e+01
   8.4243710e+06   4.1564941e+01
   8.4491300e+06   4.5898438e+01
   8.4680140e+06   5.1025391e+01
   8.4776090e+06   4.1870117e+01
   8.4818860e+06   3.9672852e+01
   8.4872510e+06   4.7973633e+01
   8.4960370e+06   4.0954590e+01
   8.5005000e+06   4.0283203e+01
   8.5038570e+06   3.9794922e+01
   8.5225600e+06   3.9733887e+01
   8.5507350e+06   4.0649414e+01
   8.5535640e+06   4.1137695e+01
   8.5584960e+06   3.9428711e+01
   8.5642980e+06   4.0649414e+01
   8.5693150e+06   4.4555664e+01
   8.5779830e+06   4.2175293e+01
   8.5825990e+06   4.2114258e+01
   8.5850530e+06   4.2297363e+01
   8.5954590e+06   4.1076660e+01
   8.6013640e+06   4.0161133e+01
   8.6043390e+06   4.4067383e+01
   8.6090600e+06   3.9978027e+01
   8.6203000e+06   4.1625977e+01
   8.6240720e+06   4.0710449e+01
   8.6310550e+06   4.0893555e+01
   8.6344290e+06   4.1809082e+01
   8.6391190e+06   3.9123535e+01
   8.6508330e+06   4.2419434e+01
   8.6608160e+06   4.1442871e+01
   8.6688980e+06   4.0161133e+01
   8.6713980e+06   4.0100098e+01
   8.6757960e+06   3.9184570e+01
   8.6815310e+06   4.0222168e+01
   8.6851370e+06   4.5959473e+01
   8.6911580e+06   4.1992188e+01
   8.6936820e+06   4.1625977e+01
   8.6982770e+06   4.5532227e+01
   8.7015100e+06   4.2053223e+01
   8.7075310e+06   4.2480469e+01
   8.7101210e+06   4.1931152e+01
   8.7147150e+06   4.3579102e+01
   8.7187550e+06   4.5837402e+01
   8.7398570e+06   3.9428711e+01
   8.7444580e+06   4.1687012e+01
   8.7700000e+06   4.3212891e+01
   8.7731680e+06   4.7058105e+01
   8.7774910e+06   4.9621582e+01
   8.7928900e+06   4.2236328e+01
   8.7959130e+06   4.0588379e+01
   8.8053020e+06   4.2114258e+01
   8.8100960e+06   3.9489746e+01
   8.8155080e+06   4.3212891e+01
   8.8191500e+06   4.2968750e+01
   8.8360080e+06   4.4616699e+01
   8.8416410e+06   4.4372559e+01
   8.8527420e+06   4.1931152e+01
   8.8701730e+06   4.6691895e+01
   8.8823900e+06   4.5288086e+01
   8.8865720e+06   4.0832520e+01
   8.8913580e+06   4.3823242e+01
   8.8942440e+06   4.5349121e+01
   8.8982570e+06   4.0588379e+01
   8.9013430e+06   4.1564941e+01
   8.9092400e+06   4.3579102e+01
   8.9162510e+06   4.4433594e+01
   8.9222960e+06   4.9133301e+01
   8.9289600e+06   4.1076660e+01
   8.9353850e+06   4.0039062e+01
   8.9385720e+06   4.0161133e+01
   8.9470290e+06   4.1259766e+01
   8.9590390e+06   4.2785645e+01
   8.9658260e+06   4.2053223e+01
   8.9812000e+06   4.1137695e+01
   8.9970710e+06   4.0344238e+01
