   8.9990000e+06   0.0000000e+00
   2.0710000e+03   4.2419434e+01
   1.8249000e+04   3.8085938e+01
   2.3976000e+04   3.9367676e+01
   4.3935000e+04   4.1381836e+01
   4.7082000e+04   4.0161133e+01
   5.4625000e+04   3.8269043e+01
   6.4399000e+04   4.2724609e+01
   6.8260000e+04   4.5837402e+01
   6.9944000e+04   3.8085938e+01
   7.9577000e+04   4.0588379e+01
   8.7496000e+04   3.9733887e+01
   9.3386000e+04   4.2663574e+01
   9.4767000e+04   3.8330078e+01
   1.0240800e+05   3.9306641e+01
   1.1607000e+05   3.8024902e+01
   1.1684700e+05   4.3029785e+01
   1.4183200e+05   3.8146973e+01
   1.5344200e+05   3.8208008e+01
   1.5846900e+05   4.1625977e+01
   1.5861700e+05   3.8330078e+01
   1.7047200e+05   3.8085938e+01
   1.7109100e+05   4.1625977e+01
   1.7142800e+05   4.0466309e+01
   1.7364600e+05   3.7963867e+01
   1.8855500e+05   4.2663574e+01
   1.9387400e+05   4.0039062e+01
   2.0207000e+05   3.8330078e+01
   2.2490500e+05   4.2663574e+01
   2.5180800e+05   3.9123535e+01
   2.5713700e+05   4.1259766e+01
   2.6256300e+05   3.8696289e+01
   2.6643600e+05   3.8085938e+01
   2.8020400e+05   3.9489746e+01
   2.8289200e+05   3.8024902e+01
   2.9587900e+05   4.1870117e+01
   3.1047800e+05   4.3334961e+01
   3.1843700e+05   4.1870117e+01
   3.2387700e+05   4.7302246e+01
   3.2734200e+05   3.8757324e+01
   3.4291200e+05   4.1870117e+01
   3.4530500e+05   3.9062500e+01
   3.6091100e+05   3.9062500e+01
   3.6230300e+05   4.0100098e+01
   3.6545500e+05   4.1809082e+01
   3.7763500e+05   4.0405273e+01
   3.9304200e+05   3.8757324e+01
   3.9917500e+05   4.5959473e+01
   4.1185300e+05   5.1757812e+01
   4.1465200e+05   3.8146973e+01
   4.2025600e+05   3.9733887e+01
   4.2059300e+05   3.9062500e+01
   4.3919400e+05   4.4555664e+01
   4.4252700e+05   4.2053223e+01
   4.5384600e+05   4.2785645e+01
   4.6920000e+05   3.8818359e+01
   4.8413200e+05   3.8269043e+01
   5.0206400e+05   4.0039063e+01
   5.0423900e+05   3.8330078e+01
   5.1137500e+05   3.9611816e+01
   5.1906000e+05   4.6142578e+01
   5.2174000e+05   4.4128418e+01
   5.2667200e+05   4.3518066e+01
   5.2703200e+05   3.9062500e+01
   5.4635400e+05   4.1015625e+01
   5.4730400e+05   3.8085938e+01
   5.6770500e+05   3.8635254e+01
   5.7366800e+05   3.8757324e+01
   5.7411700e+05   4.4189453e+01
   5.7449900e+05   3.9916992e+01
   5.7599300e+05   3.9489746e+01
   5.8015200e+05   3.9428711e+01
   5.8853300e+05   3.9611816e+01
   5.8912300e+05   3.9978027e+01
   6.0537400e+05   4.3029785e+01
   6.1999300e+05   4.3090820e+01
   6.2295800e+05   4.3090820e+01
   6.2418000e+05   3.8696289e+01
   6.2949900e+05   4.2541504e+01
   6.3025200e+05   3.9611816e+01
   6.4322800e+05   5.1330566e+01
   6.4352700e+05   3.8391113e+01
   6.7142600e+05   3.8879395e+01
   6.7343200e+05   3.8757324e+01
   6.9737800e+05   3.9916992e+01
   6.9961200e+05   3.8452148e+01
   7.0306300e+05   3.8513184e+01
   7.0992300e+05   3.9733887e+01
   7.1624600e+05   4.6447754e+01
   7.3239000e+05   4.1076660e+01
   7.3912300e+05   4.6081543e+01
   7.3936500e+05   3.8024902e+01
   7.5329900e+05   4.0161133e+01
   7.5653800e+05   4.5349121e+01
   7.6108900e+05   3.9672852e+01
   7.7391900e+05   3.8269043e+01
   7.7687100e+05   5.0842285e+01
   7.7719500e+05   3.9184570e+01
   7.8750500e+05   3.9489746e+01
   7.8840400e+05   3.9184570e+01
   8.0203500e+05   4.7790527e+01
   8.0972200e+05   3.8452148e+01
   8.1078300e+05   4.0100098e+01
   8.1953100e+05   4.1259766e+01
   8.1996600e+05   3.9306641e+01
   8.3544600e+05   4.1442871e+01
   8.4062500e+05   4.3029785e+01
   8.4096700e+05   4.2236328e+01
   8.5406100e+05   3.9184570e+01
   8.6884300e+05   3.8879395e+01
   8.6945800e+05   4.1564941e+01
   8.7253700e+05   3.9916992e+01
   8.7631600e+05   4.1442871e+01
   8.7798000e+05   4.6081543e+01
   8.7821400e+05   3.8635254e+01
   8.9003900e+05   3.8818359e+01
   8.9091200e+05   3.9916992e+01
   8.9675300e+05   4.6325684e+01
   8.9777300e+05   3.8208008e+01
   9.0464800e+05   4.0039062e+01
   9.1651600e+05   4.1625977e+01
   9.2853400e+05   3.9855957e+01
   9.4009700e+05   3.7963867e+01
   9.4096700e+05   4.4799805e+01
   9.4506300e+05   3.8818359e+01
   9.5413800e+05   4.2175293e+01
   9.6585000e+05   4.5532227e+01
   9.6685500e+05   3.8452148e+01
   9.7485800e+05   4.0649414e+01
   9.8463600e+05   3.8635254e+01
   9.9648700e+05   4.6630859e+01
   1.0090370e+06   4.1442871e+01
   1.0361470e+06   5.1757812e+01
   1.0391390e+06   4.0588379e+01
   1.0403250e+06   3.9123535e+01
   1.0503000e+06   4.1503906e+01
   1.0647480e+06   4.4311523e+01
   1.0718710e+06   3.8146973e+01
   1.0765080e+06   4.7912598e+01
   1.0834430e+06   3.8574219e+01
   1.0948520e+06   3.8696289e+01
   1.0952100e+06   3.8513184e+01
   1.1200590e+06   4.5104980e+01
   1.1289090e+06   3.8574219e+01
   1.1330290e+06   3.8208008e+01
   1.1500770e+06   4.1015625e+01
   1.1507420e+06   4.1748047e+01
   1.1775190e+06   4.0039062e+01
   1.1800400e+06   4.0954590e+01
   1.1900640e+06   3.9978027e+01
   1.2046010e+06   4.2419434e+01
   1.2082520e+06   4.1076660e+01
   1.2223440e+06   3.8513184e+01
   1.2252600e+06   4.1748047e+01
   1.2436950e+06   3.9794922e+01
   1.2563130e+06   4.0832520e+01
   1.2701630e+06   3.8024902e+01
   1.2749990e+06   4.0466309e+01
   1.2893190e+06   3.9916992e+01
   1.2907900e+06   4.6020508e+01
   1.2927930e+06   4.3212891e+01
   1.2966730e+06   3.9123535e+01
   1.2994540e+06   3.9184570e+01
   1.3136820e+06   4.2602539e+01
   1.3241440e+06   4.1625977e+01
   1.3280260e+06   4.4555664e+01
   1.3381510e+06   3.9733887e+01
   1.3393170e+06   4.5349121e+01
   1.3415400e+06   4.1992188e+01
   1.3517970e+06   3.8879395e+01
   1.3642760e+06   3.9611816e+01
   1.3795050e+06   3.8330078e+01
   1.3820520e+06   3.8757324e+01
   1.3850780e+06   4.4555664e+01
   1.4008380e+06   3.8452148e+01
   1.4011850e+06   3.9123535e+01
   1.4061070e+06   4.2114258e+01
   1.4196670e+06   3.9489746e+01
   1.4416180e+06   4.6997070e+01
   1.4534170e+06   4.2175293e+01
   1.4651020e+06   4.1198730e+01
   1.4656010e+06   3.8085938e+01
   1.4699820e+06   3.8574219e+01
   1.4835340e+06   3.9733887e+01
   1.4928100e+06   4.6386719e+01
   1.4936470e+06   4.1931152e+01
   1.5041660e+06   3.9184570e+01
   1.5127520e+06   3.9733887e+01
   1.5184580e+06   3.8513184e+01
   1.5242550e+06   3.8330078e+01
   1.5247180e+06   4.1198730e+01
   1.5351710e+06   4.1992188e+01
   1.5423500e+06   4.1931152e+01
   1.5520500e+06   4.7912598e+01
   1.5588750e+06   4.2236328e+01
   1.5594430e+06   3.9245605e+01
   1.5684200e+06   3.9794922e+01
   1.5685340e+06   4.0405273e+01
   1.5719120e+06   4.1442871e+01
   1.5880360e+06   4.2358398e+01
   1.6018470e+06   4.3029785e+01
   1.6083420e+06   3.8024902e+01
   1.6152410e+06   4.0893555e+01
   1.6409870e+06   4.2236328e+01
   1.6422040e+06   4.0283203e+01
   1.6639240e+06   4.4616699e+01
   1.6716780e+06   4.0954590e+01
   1.6718520e+06   3.8818359e+01
   1.6761180e+06   4.3395996e+01
   1.6853230e+06   4.6630859e+01
   1.6953540e+06   3.8635254e+01
   1.6962030e+06   4.0161133e+01
   1.7040340e+06   3.8269043e+01
   1.7170580e+06   4.0222168e+01
   1.7170980e+06   3.9184570e+01
   1.7241860e+06   4.6936035e+01
   1.7346990e+06   4.4738770e+01
   1.7449930e+06   3.8635254e+01
   1.7452450e+06   4.1259766e+01
   1.7564040e+06   3.8879395e+01
   1.7573520e+06   4.5593262e+01
   1.7685070e+06   4.0771484e+01
   1.7794540e+06   4.0222168e+01
   1.7916510e+06   3.8208008e+01
   1.8065270e+06   4.0832520e+01
   1.8080070e+06   3.8391113e+01
   1.8175860e+06   3.8330078e+01
   1.8276970e+06   4.1259766e+01
   1.8491300e+06   4.8034668e+01
   1.8772670e+06   4.0222168e+01
   1.8917810e+06   3.8146973e+01
   1.8922590e+06   3.9001465e+01
   1.8976590e+06   4.1076660e+01
   1.9076140e+06   4.1748047e+01
   1.9150340e+06   4.3762207e+01
   1.9200040e+06   4.0893555e+01
   1.9251410e+06   4.6081543e+01
   1.9405330e+06   3.8024902e+01
   1.9415720e+06   4.1870117e+01
   1.9427060e+06   3.8818359e+01
   1.9440460e+06   4.2785645e+01
   1.9445510e+06   3.8635254e+01
   1.9574390e+06   3.8940430e+01
   1.9605300e+06   4.2358398e+01
   1.9692790e+06   4.3273926e+01
   1.9815580e+06   4.3579102e+01
   1.9829820e+06   4.4921875e+01
   1.9837520e+06   3.8269043e+01
   2.0252080e+06   3.9001465e+01
   2.0270680e+06   3.9489746e+01
   2.0277160e+06   4.2785645e+01
   2.0415230e+06   3.9245605e+01
   2.0438730e+06   3.8757324e+01
   2.0454790e+06   3.9794922e+01
   2.0456760e+06   4.0039062e+01
   2.0484860e+06   3.8330078e+01
   2.0590660e+06   3.8024902e+01
   2.0647860e+06   4.3701172e+01
   2.0730320e+06   3.7963867e+01
   2.0750770e+06   3.8635254e+01
   2.0752710e+06   4.1809082e+01
   2.1060120e+06   4.1870117e+01
   2.1194130e+06   3.9062500e+01
   2.1206970e+06   3.9062500e+01
   2.1275750e+06   4.1809082e+01
   2.1436850e+06   4.0222168e+01
   2.1492230e+06   3.8513184e+01
   2.1515630e+06   5.0903320e+01
   2.1660120e+06   4.0832520e+01
   2.1763850e+06   3.9428711e+01
   2.1831590e+06   4.2114258e+01
   2.1967070e+06   4.0283203e+01
   2.2131060e+06   4.2297363e+01
   2.2307930e+06   4.5349121e+01
   2.2457430e+06   4.3579102e+01
   2.2552300e+06   3.8452148e+01
   2.2735180e+06   4.1320801e+01
   2.2753650e+06   4.0100098e+01
   2.2847710e+06   4.2297363e+01
   2.2850640e+06   3.8696289e+01
   2.2916690e+06   4.2968750e+01
   2.3010920e+06   4.1198730e+01
   2.3114860e+06   4.2785645e+01
   2.3116180e+06   3.8085938e+01
   2.3117840e+06   3.8574219e+01
   2.3297910e+06   4.2663574e+01
   2.3300750e+06   4.2663574e+01
   2.3342720e+06   3.8696289e+01
   2.3466850e+06   4.8522949e+01
   2.3479480e+06   3.8269043e+01
   2.3540130e+06   4.0405273e+01
   2.3542730e+06   4.1381836e+01
   2.3635550e+06   3.9184570e+01
   2.3646690e+06   3.9123535e+01
   2.3703600e+06   4.0466309e+01
   2.3760850e+06   3.8024902e+01
   2.3811330e+06   4.3334961e+01
   2.3917830e+06   5.6884766e+01
   2.3921110e+06   3.8574219e+01
   2.4176520e+06   4.3640137e+01
   2.4225450e+06   4.0832520e+01
   2.4274950e+06   4.1381836e+01
   2.4325190e+06   3.9489746e+01
   2.4327780e+06   4.0527344e+01
   2.4385250e+06   4.0466309e+01
   2.4390870e+06   4.0100098e+01
   2.4448450e+06   3.8513184e+01
   2.4514580e+06   3.8269043e+01
   2.4533000e+06   3.9672852e+01
   2.4542690e+06   3.8513184e+01
   2.4616110e+06   3.9489746e+01
   2.4753420e+06   4.4372559e+01
   2.4759220e+06   4.2602539e+01
   2.5046570e+06   5.0659180e+01
   2.5124660e+06   4.2419434e+01
   2.5341650e+06   4.3640137e+01
   2.5348680e+06   3.9978027e+01
   2.5421400e+06   4.1992188e+01
   2.5447800e+06   3.9184570e+01
   2.5505310e+06   4.3029785e+01
   2.5542710e+06   3.8940430e+01
   2.5632890e+06   4.4006348e+01
   2.5635930e+06   4.4982910e+01
   2.5668120e+06   3.8208008e+01
   2.5910610e+06   3.9123535e+01
   2.5929900e+06   3.8696289e+01
   2.5969220e+06   3.9489746e+01
   2.5976140e+06   3.8452148e+01
   2.6203060e+06   4.1748047e+01
   2.6350960e+06   3.9672852e+01
   2.6357360e+06   3.8146973e+01
   2.6439340e+06   4.0344238e+01
   2.6477740e+06   3.9611816e+01
   2.6512450e+06   4.0161133e+01
   2.6574580e+06   4.2602539e+01
   2.6757160e+06   4.0527344e+01
   2.6759910e+06   4.7424316e+01
   2.6873550e+06   4.4128418e+01
   2.6928080e+06   4.2175293e+01
   2.6974310e+06   3.8146973e+01
   2.6985050e+06   3.9306641e+01
   2.6990660e+06   4.5410156e+01
   2.7112010e+06   3.8696289e+01
   2.7161620e+06   4.0527344e+01
   2.7243290e+06   3.9550781e+01
   2.7268830e+06   4.7424316e+01
   2.7324400e+06   3.9306641e+01
   2.7345410e+06   3.9123535e+01
   2.7398150e+06   4.6569824e+01
   2.7435430e+06   3.9123535e+01
   2.7557140e+06   4.4067383e+01
   2.7636280e+06   4.3212891e+01
   2.7814550e+06   4.5471191e+01
   2.7922290e+06   4.7119141e+01
   2.8153220e+06   4.2541504e+01
   2.8183520e+06   3.8391113e+01
   2.8233950e+06   3.8696289e+01
   2.8237410e+06   5.0476074e+01
   2.8504380e+06   4.1748047e+01
   2.8512550e+06   4.3273926e+01
   2.8589070e+06   3.8757324e+01
   2.8604070e+06   4.0344238e+01
   2.8625170e+06   4.2419434e+01
   2.8780930e+06   4.1992188e+01
   2.8826930e+06   3.8330078e+01
   2.8833030e+06   3.8391113e+01
   2.8872620e+06   4.9255371e+01
   2.8876780e+06   4.8461914e+01
   2.8936330e+06   3.8085938e+01
   2.9055130e+06   4.0283203e+01
   2.9093740e+06   3.8452148e+01
   2.9213090e+06   4.4677734e+01
   2.9235730e+06   4.5410156e+01
   2.9273270e+06   4.3090820e+01
   2.9404150e+06   4.1503906e+01
   2.9507690e+06   4.0466309e+01
   2.9544910e+06   3.9916992e+01
   2.9669380e+06   4.1076660e+01
   2.9754210e+06   4.5104980e+01
   2.9849910e+06   3.9611816e+01
   2.9852480e+06   4.1748047e+01
   3.0037310e+06   3.9367676e+01
   3.0081970e+06   4.1137695e+01
   3.0084460e+06   3.7963867e+01
   3.0202040e+06   3.8391113e+01
   3.0256820e+06   3.9672852e+01
   3.0339970e+06   4.0893555e+01
   3.0528940e+06   5.4931641e+01
   3.0531510e+06   4.1992187e+01
   3.0598300e+06   3.8146973e+01
   3.0631530e+06   4.4555664e+01
   3.0717780e+06   4.2785645e+01
   3.0766910e+06   3.9123535e+01
   3.0879300e+06   3.8635254e+01
   3.0920050e+06   4.5288086e+01
   3.1001220e+06   3.8208008e+01
   3.1100450e+06   4.6020508e+01
   3.1105480e+06   3.9550781e+01
   3.1110200e+06   3.8879395e+01
   3.1280530e+06   3.8269043e+01
   3.1398090e+06   3.9306641e+01
   3.1429700e+06   4.0527344e+01
   3.1439320e+06   4.1992188e+01
   3.1596660e+06   4.0466309e+01
   3.1598880e+06   3.8879395e+01
   3.1739280e+06   4.4372559e+01
   3.1810880e+06   3.9123535e+01
   3.1813560e+06   3.8879395e+01
   3.1937210e+06   4.6875000e+01
   3.2017540e+06   4.3579102e+01
   3.2028530e+06   4.2968750e+01
   3.2085600e+06   3.9184570e+01
   3.2123660e+06   3.7963867e+01
   3.2173350e+06   4.1015625e+01
   3.2245120e+06   3.9733887e+01
   3.2288420e+06   3.7963867e+01
   3.2500950e+06   3.8757324e+01
   3.2506600e+06   3.9733887e+01
   3.2509110e+06   3.8696289e+01
   3.2644240e+06   4.1137695e+01
   3.2739850e+06   3.9794922e+01
   3.2766920e+06   5.0903320e+01
   3.2775810e+06   4.5410156e+01
   3.3042180e+06   4.3762207e+01
   3.3047370e+06   3.9611816e+01
   3.3133300e+06   3.9367676e+01
   3.3161110e+06   4.2968750e+01
   3.3176840e+06   3.8635254e+01
   3.3270830e+06   4.0649414e+01
   3.3332850e+06   4.1870117e+01
   3.3335590e+06   3.8208008e+01
   3.3531630e+06   3.8208008e+01
   3.3535650e+06   4.0344238e+01
   3.3676280e+06   4.2541504e+01
   3.3682400e+06   3.8635254e+01
   3.3694240e+06   3.9672852e+01
   3.3802600e+06   4.0039062e+01
   3.3850670e+06   3.8146973e+01
   3.4235110e+06   4.0039062e+01
   3.4239590e+06   4.0283203e+01
   3.4467540e+06   4.5227051e+01
   3.4569290e+06   4.1259766e+01
   3.4687930e+06   4.1259766e+01
   3.4892780e+06   4.6203613e+01
   3.4898990e+06   3.9428711e+01
   3.5042140e+06   4.2480469e+01
   3.5426200e+06   4.0832520e+01
   3.5434200e+06   4.8950195e+01
   3.5446250e+06   3.9489746e+01
   3.5518750e+06   4.7363281e+01
   3.5725960e+06   4.0527344e+01
   3.5729560e+06   3.8208008e+01
   3.5777040e+06   3.9306641e+01
   3.5833930e+06   4.8706055e+01
   3.5836450e+06   4.0649414e+01
   3.5842950e+06   4.1015625e+01
   3.5956450e+06   4.1870117e+01
   3.6004860e+06   3.9978027e+01
   3.6147430e+06   3.8269043e+01
   3.6264700e+06   3.8085938e+01
   3.6425280e+06   4.2846680e+01
   3.6458840e+06   3.8818359e+01
   3.6525820e+06   4.3884277e+01
   3.6533300e+06   3.8879395e+01
   3.6559090e+06   3.8024902e+01
   3.6595800e+06   4.4799805e+01
   3.6634540e+06   3.8696289e+01
   3.6729300e+06   4.1687012e+01
   3.6757940e+06   3.8391113e+01
   3.6808360e+06   3.8818359e+01
   3.6891340e+06   3.8085938e+01
   3.6976240e+06   4.3029785e+01
   3.6992330e+06   4.1076660e+01
   3.7066370e+06   3.9367676e+01
   3.7106210e+06   4.6936035e+01
   3.7126050e+06   3.8208008e+01
   3.7140960e+06   3.8085938e+01
   3.7233300e+06   3.7963867e+01
   3.7233550e+06   4.1503906e+01
   3.7363230e+06   3.8940430e+01
   3.7393650e+06   3.8269043e+01
   3.7514240e+06   4.3640137e+01
   3.7518940e+06   3.7963867e+01
   3.7644810e+06   4.1809082e+01
   3.7666490e+06   3.8208008e+01
   3.7669260e+06   3.9428711e+01
   3.7674080e+06   4.0161133e+01
   3.7770090e+06   3.7963867e+01
   3.7783950e+06   3.8696289e+01
   3.7789370e+06   4.4616699e+01
   3.7955150e+06   4.7851562e+01
   3.7962660e+06   4.8889160e+01
   3.7970850e+06   4.2541504e+01
   3.8088270e+06   3.9550781e+01
   3.8164940e+06   3.9489746e+01
   3.8265330e+06   3.8879395e+01
   3.8422830e+06   3.9978027e+01
   3.8507020e+06   4.8156738e+01
   3.8605720e+06   4.4616699e+01
   3.8821730e+06   4.4433594e+01
   3.8837960e+06   3.9245605e+01
   3.8924050e+06   4.9316406e+01
   3.8925860e+06   4.0832520e+01
   3.9152290e+06   3.9001465e+01
   3.9154800e+06   3.8940430e+01
   3.9203830e+06   3.8635254e+01
   3.9283640e+06   5.2185059e+01
   3.9284470e+06   3.9001465e+01
   3.9292030e+06   3.8879395e+01
   3.9434130e+06   4.2175293e+01
   3.9494220e+06   3.8391113e+01
   3.9589860e+06   5.7495117e+01
   3.9657810e+06   4.2358398e+01
   3.9686070e+06   4.5654297e+01
   3.9713320e+06   3.7963867e+01
   3.9777630e+06   3.8330078e+01
   3.9867390e+06   4.6264648e+01
   3.9869880e+06   4.4494629e+01
   3.9888140e+06   3.9916992e+01
   3.9936550e+06   3.7963867e+01
   4.0017980e+06   4.5349121e+01
   4.0057760e+06   4.4250488e+01
   4.0458600e+06   4.0771484e+01
   4.0631050e+06   3.9611816e+01
   4.0634610e+06   4.0405273e+01
   4.0654150e+06   4.4677734e+01
   4.0658090e+06   4.3334961e+01
   4.0668120e+06   4.0222168e+01
   4.0832430e+06   4.0893555e+01
   4.0845570e+06   3.9428711e+01
   4.0852140e+06   5.1208496e+01
   4.0854970e+06   4.8217773e+01
   4.0983940e+06   3.8757324e+01
   4.0993170e+06   3.9978027e+01
   4.1003040e+06   3.9550781e+01
   4.1154610e+06   4.0893555e+01
   4.1177710e+06   3.9733887e+01
   4.1198730e+06   3.8574219e+01
   4.1339250e+06   4.0161133e+01
   4.1379440e+06   3.8269043e+01
   4.1434200e+06   4.4006348e+01
   4.1437410e+06   3.9550781e+01
   4.1453950e+06   4.1137695e+01
   4.1602650e+06   4.4982910e+01
   4.1697600e+06   4.4067383e+01
   4.1807270e+06   4.5593262e+01
   4.1857930e+06   3.9916992e+01
   4.2117170e+06   4.3518066e+01
   4.2122960e+06   3.9367676e+01
   4.2178320e+06   3.9184570e+01
   4.2251410e+06   4.8461914e+01
   4.2259360e+06   4.4921875e+01
   4.2454260e+06   4.6813965e+01
   4.2551080e+06   4.0466309e+01
   4.2656890e+06   4.4189453e+01
   4.2755260e+06   4.0039062e+01
   4.2768830e+06   4.1870117e+01
   4.2850930e+06   4.7546387e+01
   4.2856240e+06   4.5410156e+01
   4.2911070e+06   3.8635254e+01
   4.2917740e+06   4.2419434e+01
   4.3060150e+06   4.1992187e+01
   4.3070910e+06   4.3701172e+01
   4.3111820e+06   4.5410156e+01
   4.3138750e+06   4.1564941e+01
   4.3143890e+06   3.8574219e+01
   4.3152960e+06   4.1931152e+01
   4.3173880e+06   3.8879395e+01
   4.3298570e+06   4.6569824e+01
   4.3403280e+06   4.1015625e+01
   4.3433080e+06   4.3762207e+01
   4.3445440e+06   4.1625977e+01
   4.3531060e+06   4.1015625e+01
   4.3542410e+06   3.8696289e+01
   4.3682630e+06   4.3029785e+01
   4.3691290e+06   4.4067383e+01
   4.3739200e+06   4.1259766e+01
   4.3860560e+06   4.0832520e+01
   4.3948320e+06   4.0771484e+01
   4.3951780e+06   3.9794922e+01
   4.4005380e+06   4.0283203e+01
   4.4054590e+06   5.8044434e+01
   4.4179350e+06   5.0109863e+01
   4.4312510e+06   4.9987793e+01
   4.4315990e+06   3.8024902e+01
   4.4342280e+06   4.0405273e+01
   4.4372480e+06   3.8391113e+01
   4.4395810e+06   4.4860840e+01
   4.4401820e+06   4.2175293e+01
   4.4419940e+06   4.2053223e+01
   4.4602350e+06   3.8452148e+01
   4.4751240e+06   3.7963867e+01
   4.4842920e+06   4.1015625e+01
   4.4845940e+06   4.1137695e+01
   4.4927530e+06   3.8146973e+01
   4.5021600e+06   4.1076660e+01
   4.5063010e+06   3.9245605e+01
   4.5068200e+06   4.5898438e+01
   4.5070120e+06   4.4006348e+01
   4.5071720e+06   4.3395996e+01
   4.5071960e+06   4.4860840e+01
   4.5099130e+06   3.8940430e+01
   4.5200740e+06   4.1870117e+01
   4.5204870e+06   4.8217773e+01
   4.5256720e+06   4.1442871e+01
   4.5258930e+06   3.9733887e+01
   4.5395430e+06   3.8085938e+01
   4.5395740e+06   4.1564941e+01
   4.5399190e+06   4.6752930e+01
   4.5401030e+06   4.1687012e+01
   4.5554080e+06   4.0283203e+01
   4.5688720e+06   4.2907715e+01
   4.5703210e+06   4.2907715e+01
   4.5710210e+06   3.8879395e+01
   4.5712330e+06   3.8574219e+01
   4.5776660e+06   4.3945312e+01
   4.5841960e+06   4.3090820e+01
   4.5864110e+06   3.8391113e+01
   4.5867020e+06   4.2663574e+01
   4.6002010e+06   4.9743652e+01
   4.6012910e+06   4.1259766e+01
   4.6108820e+06   3.8024902e+01
   4.6372140e+06   4.9377441e+01
   4.6417850e+06   4.3334961e+01
   4.6529200e+06   4.0893555e+01
   4.6532220e+06   4.2785645e+01
   4.6572170e+06   4.4677734e+01
   4.6627990e+06   4.0710449e+01
   4.6671750e+06   3.9123535e+01
   4.6791060e+06   4.1381836e+01
   4.6814590e+06   4.1992188e+01
   4.6855010e+06   3.8208008e+01
   4.6858720e+06   3.8024902e+01
   4.6975680e+06   4.4799805e+01
   4.6997880e+06   4.7424316e+01
   4.7000750e+06   3.8452148e+01
   4.7239470e+06   4.1381836e+01
   4.7241330e+06   4.1259766e+01
   4.7268000e+06   4.2114258e+01
   4.7359440e+06   4.3334961e+01
   4.7377950e+06   4.9560547e+01
   4.7466770e+06   4.5227051e+01
   4.7492560e+06   3.9245605e+01
   4.7513610e+06   3.8452148e+01
   4.7517500e+06   4.5837402e+01
   4.7649820e+06   3.9672852e+01
   4.7716240e+06   3.9489746e+01
   4.7730580e+06   3.8269043e+01
   4.7749650e+06   3.8452148e+01
   4.7752100e+06   4.3457031e+01
   4.7756860e+06   3.8879395e+01
   4.7872620e+06   4.5288086e+01
   4.7884840e+06   4.3518066e+01
   4.8094460e+06   4.2907715e+01
   4.8148960e+06   4.5288086e+01
   4.8471800e+06   4.0588379e+01
   4.8476050e+06   3.8146973e+01
   4.8626470e+06   3.9184570e+01
   4.8632640e+06   3.8452148e+01
   4.8647820e+06   3.8818359e+01
   4.8724460e+06   4.8217773e+01
   4.8788220e+06   4.1870117e+01
   4.8795540e+06   3.8085938e+01
   4.8912710e+06   4.1198730e+01
   4.8915140e+06   3.8879395e+01
   4.9040250e+06   3.8513184e+01
   4.9048670e+06   4.1503906e+01
   4.9074200e+06   3.9611816e+01
   4.9122460e+06   3.9794922e+01
   4.9188400e+06   3.9245605e+01
   4.9219580e+06   4.0527344e+01
   4.9229920e+06   4.0954590e+01
   4.9294620e+06   4.4738770e+01
   4.9437250e+06   4.3090820e+01
   4.9439510e+06   3.9672852e+01
   4.9510990e+06   4.1870117e+01
   4.9624640e+06   3.9306641e+01
   4.9644710e+06   3.9978027e+01
   4.9654320e+06   3.8574219e+01
   4.9768570e+06   3.8757324e+01
   4.9784940e+06   3.8269043e+01
   4.9929530e+06   4.9133301e+01
   4.9971170e+06   4.3823242e+01
   4.9978180e+06   3.9489746e+01
   5.0096970e+06   4.4738770e+01
   5.0290300e+06   4.5104980e+01
   5.0316710e+06   4.2602539e+01
   5.0419550e+06   3.8146973e+01
   5.0547620e+06   3.8024902e+01
   5.0602700e+06   4.0405273e+01
   5.0608320e+06   4.4189453e+01
   5.0648260e+06   4.2480469e+01
   5.0801490e+06   3.9367676e+01
   5.0853530e+06   3.8146973e+01
   5.0928150e+06   3.9672852e+01
   5.1035910e+06   4.2724609e+01
   5.1037490e+06   4.0710449e+01
   5.1242440e+06   4.1992188e+01
   5.1285190e+06   4.0039062e+01
   5.1289640e+06   4.1320801e+01
   5.1403880e+06   3.9245605e+01
   5.1503500e+06   4.4433594e+01
   5.1512540e+06   4.4006348e+01
   5.1671330e+06   3.9916992e+01
   5.1815860e+06   3.9916992e+01
   5.1855280e+06   4.3823242e+01
   5.1860560e+06   4.5654297e+01
   5.1983980e+06   4.0283203e+01
   5.2053250e+06   4.2846680e+01
   5.2162530e+06   4.2358398e+01
   5.2165880e+06   4.3640137e+01
   5.2296510e+06   3.8391113e+01
   5.2510330e+06   4.9743652e+01
   5.2612310e+06   3.8269043e+01
   5.2640640e+06   4.3457031e+01
   5.2642970e+06   3.9672852e+01
   5.2752030e+06   3.8879395e+01
   5.2945320e+06   4.8583984e+01
   5.3005570e+06   3.9611816e+01
   5.3077410e+06   4.0527344e+01
   5.3212000e+06   4.0649414e+01
   5.3215140e+06   3.8085938e+01
   5.3219050e+06   3.8513184e+01
   5.3227240e+06   3.8024902e+01
   5.3315840e+06   4.1687012e+01
   5.3393060e+06   3.8574219e+01
   5.3523990e+06   4.0039062e+01
   5.3558560e+06   3.8146973e+01
   5.3642930e+06   4.7729492e+01
   5.3895020e+06   4.0527344e+01
   5.4061090e+06   4.0588379e+01
   5.4066820e+06   3.9367676e+01
   5.4159960e+06   3.9184570e+01
   5.4165220e+06   4.2907715e+01
   5.4314160e+06   4.1931152e+01
   5.4339100e+06   4.3151855e+01
   5.4412260e+06   4.2419434e+01
   5.4702760e+06   3.8208008e+01
   5.4727410e+06   3.9733887e+01
   5.4828670e+06   3.9306641e+01
   5.4851710e+06   4.0954590e+01
   5.4890870e+06   3.8574219e+01
   5.5012490e+06   4.2419434e+01
   5.5017370e+06   4.0649414e+01
   5.5046890e+06   3.7963867e+01
   5.5157110e+06   3.9306641e+01
   5.5300610e+06   4.8095703e+01
   5.5367810e+06   3.8330078e+01
   5.5585330e+06   3.8818359e+01
   5.5649050e+06   4.1381836e+01
   5.5795820e+06   3.9062500e+01
   5.5814480e+06   4.0466309e+01
   5.5946060e+06   4.5959473e+01
   5.5975920e+06   4.3457031e+01
   5.6131530e+06   4.2419434e+01
   5.6136640e+06   4.0771484e+01
   5.6174970e+06   4.9560547e+01
   5.6319680e+06   4.2968750e+01
   5.6368030e+06   4.3273926e+01
   5.6597140e+06   3.8330078e+01
   5.6701730e+06   3.9428711e+01
   5.6705400e+06   3.8024902e+01
   5.6807820e+06   4.2053223e+01
   5.6913890e+06   3.8024902e+01
   5.6927110e+06   4.0527344e+01
   5.6932920e+06   3.8574219e+01
   5.7027210e+06   4.5349121e+01
   5.7098460e+06   3.8391113e+01
   5.7236350e+06   3.8452148e+01
   5.7322100e+06   4.5654297e+01
   5.7396790e+06   4.2846680e+01
   5.7473420e+06   3.8330078e+01
   5.7589450e+06   3.8757324e+01
   5.7609440e+06   3.8940430e+01
   5.7750970e+06   4.4982910e+01
   5.7752700e+06   4.5227051e+01
   5.7931890e+06   4.1931152e+01
   5.8101350e+06   3.7963867e+01
   5.8260660e+06   3.8269043e+01
   5.8273140e+06   3.7963867e+01
   5.8442240e+06   4.2663574e+01
   5.8495850e+06   3.9123535e+01
   5.8572250e+06   4.3518066e+01
   5.8691410e+06   3.8024902e+01
   5.8834570e+06   4.3884277e+01
   5.8924810e+06   3.9245605e+01
   5.8968970e+06   4.1320801e+01
   5.8979270e+06   3.9367676e+01
   5.9081370e+06   4.0466309e+01
   5.9235670e+06   4.0466309e+01
   5.9239750e+06   4.4677734e+01
   5.9399010e+06   3.8635254e+01
   5.9519390e+06   4.2236328e+01
   5.9522180e+06   3.8146973e+01
   5.9602750e+06   4.1381836e+01
   5.9624830e+06   4.4921875e+01
   5.9754620e+06   3.9001465e+01
   5.9757470e+06   3.9062500e+01
   5.9777250e+06   4.1320801e+01
   5.9822460e+06   4.1381836e+01
   5.9870620e+06   4.4128418e+01
   5.9875360e+06   4.7424316e+01
   5.9977100e+06   4.3518066e+01
   6.0071750e+06   4.0710449e+01
   6.0075640e+06   3.9916992e+01
   6.0173050e+06   4.4433594e+01
   6.0519400e+06   4.6386719e+01
   6.0664740e+06   4.5715332e+01
   6.0682690e+06   3.7963867e+01
   6.0709970e+06   4.4616699e+01
   6.0713780e+06   4.2907715e+01
   6.0741740e+06   3.7963867e+01
   6.0914420e+06   4.1320801e+01
   6.0929430e+06   3.9184570e+01
   6.0931690e+06   3.8024902e+01
   6.1053880e+06   4.0283203e+01
   6.1069340e+06   4.0039062e+01
   6.1126420e+06   4.5043945e+01
   6.1129020e+06   3.8940430e+01
   6.1238730e+06   3.8635254e+01
   6.1293040e+06   4.3823242e+01
   6.1384650e+06   3.9794922e+01
   6.1390060e+06   3.9184570e+01
   6.1393100e+06   4.5288086e+01
   6.1501830e+06   3.7963867e+01
   6.1504810e+06   3.8146973e+01
   6.1553930e+06   3.8146973e+01
   6.1683850e+06   4.5898438e+01
   6.1686270e+06   3.8146973e+01
   6.1833230e+06   4.3457031e+01
   6.1837960e+06   3.8940430e+01
   6.2125470e+06   4.0344238e+01
   6.2139280e+06   4.1564941e+01
   6.2141910e+06   4.0710449e+01
   6.2241200e+06   4.1564941e+01
   6.2403010e+06   4.6997070e+01
   6.2534070e+06   3.9489746e+01
   6.2534880e+06   3.9428711e+01
   6.2539290e+06   4.3334961e+01
   6.2553350e+06   4.2541504e+01
   6.2559030e+06   4.8950195e+01
   6.2564040e+06   3.9367676e+01
   6.2607270e+06   3.8757324e+01
   6.2691930e+06   4.2663574e+01
   6.2695180e+06   3.9245605e+01
   6.2701430e+06   3.9916992e+01
   6.2814230e+06   4.6081543e+01
   6.2831450e+06   4.3273926e+01
   6.2967770e+06   4.6081543e+01
   6.2970050e+06   3.9794922e+01
   6.2992390e+06   3.9062500e+01
   6.3046000e+06   4.1015625e+01
   6.3145190e+06   3.7963867e+01
   6.3149190e+06   3.9489746e+01
   6.3191390e+06   5.1330566e+01
   6.3192810e+06   4.0283203e+01
   6.3280040e+06   4.0649414e+01
   6.3293030e+06   3.8635254e+01
   6.3294030e+06   3.8635254e+01
   6.3353600e+06   4.0527344e+01
   6.3468900e+06   4.3212891e+01
   6.3609980e+06   3.9123535e+01
   6.3646320e+06   3.9062500e+01
   6.3889810e+06   3.9184570e+01
   6.3980190e+06   4.2968750e+01
   6.4082740e+06   4.0344238e+01
   6.4137420e+06   3.8024902e+01
   6.4190610e+06   3.9001465e+01
   6.4192670e+06   3.9062500e+01
   6.4346020e+06   4.0832520e+01
   6.4358220e+06   4.4738770e+01
   6.4363780e+06   3.8208008e+01
   6.4448180e+06   3.8757324e+01
   6.4645700e+06   5.0292969e+01
   6.4648350e+06   4.4738770e+01
   6.4673100e+06   3.9916992e+01
   6.4759530e+06   3.8452148e+01
   6.4839850e+06   4.0039062e+01
   6.5044670e+06   4.9682617e+01
   6.5063220e+06   4.0771484e+01
   6.5175740e+06   4.3579102e+01
   6.5210180e+06   3.9306641e+01
   6.5215720e+06   4.2358398e+01
   6.5431960e+06   3.9672852e+01
   6.5477240e+06   4.6508789e+01
   6.5479690e+06   3.8146973e+01
   6.5565970e+06   3.8208008e+01
   6.5613260e+06   4.7363281e+01
   6.5691040e+06   3.9367676e+01
   6.5758420e+06   4.7790527e+01
   6.5834760e+06   3.9001465e+01
   6.5837190e+06   3.8513184e+01
   6.5852590e+06   3.8024902e+01
   6.6055710e+06   4.2297363e+01
   6.6058410e+06   4.4738770e+01
   6.6113100e+06   4.1992188e+01
   6.6124990e+06   4.0954590e+01
   6.6127780e+06   4.4860840e+01
   6.6205280e+06   4.1564941e+01
   6.6215240e+06   4.1564941e+01
   6.6221700e+06   3.8452148e+01
   6.6289850e+06   4.4494629e+01
   6.6331300e+06   3.9428711e+01
   6.6349600e+06   4.0161133e+01
   6.6357490e+06   3.9428711e+01
   6.6379830e+06   3.8757324e+01
   6.6383230e+06   4.0466309e+01
   6.6388150e+06   4.3090820e+01
   6.6537330e+06   3.9001465e+01
   6.6545680e+06   4.5227051e+01
   6.6547600e+06   4.0161133e+01
   6.6702800e+06   4.2175293e+01
   6.6711870e+06   3.8574219e+01
   6.6718450e+06   3.9062500e+01
   6.6721910e+06   4.0588379e+01
   6.6745880e+06   3.8208008e+01
   6.6747790e+06   3.9733887e+01
   6.6750550e+06   3.8879395e+01
   6.6857410e+06   3.9428711e+01
   6.6945310e+06   4.3029785e+01
   6.6947550e+06   4.0039062e+01
   6.7032660e+06   4.1442871e+01
   6.7033900e+06   4.5715332e+01
   6.7036450e+06   3.8024902e+01
   6.7045700e+06   4.3701172e+01
   6.7055720e+06   4.2541504e+01
   6.7211340e+06   3.8757324e+01
   6.7272120e+06   3.9428711e+01
   6.7401150e+06   4.3090820e+01
   6.7404550e+06   3.8024902e+01
   6.7480250e+06   3.8757324e+01
   6.7502560e+06   4.1992188e+01
   6.7507210e+06   3.9489746e+01
   6.7531660e+06   4.0283203e+01
   6.7640680e+06   4.0588379e+01
   6.7677050e+06   4.0832520e+01
   6.7822840e+06   4.3212891e+01
   6.7826620e+06   4.3090820e+01
   6.7927630e+06   4.1137695e+01
   6.7957290e+06   3.9611816e+01
   6.7960220e+06   4.0222168e+01
   6.8275510e+06   4.1381836e+01
   6.8277920e+06   4.2053223e+01
   6.8413450e+06   4.0466309e+01
   6.8413900e+06   3.9489746e+01
   6.8417710e+06   4.1931152e+01
   6.8506870e+06   4.4067383e+01
   6.8545470e+06   4.1748047e+01
   6.8545620e+06   3.7963867e+01
   6.8547850e+06   4.0832520e+01
   6.8630890e+06   4.1076660e+01
   6.8707150e+06   3.8146973e+01
   6.8710080e+06   3.8879395e+01
   6.8922830e+06   4.4067383e+01
   6.8929640e+06   4.8461914e+01
   6.8999460e+06   4.6569824e+01
   6.9042440e+06   3.8024902e+01
   6.9082400e+06   4.5837402e+01
   6.9084630e+06   4.1687012e+01
   6.9177570e+06   4.2053223e+01
   6.9231570e+06   4.2480469e+01
   6.9247150e+06   3.9367676e+01
   6.9369320e+06   4.7302246e+01
   6.9387440e+06   3.9855957e+01
   6.9443950e+06   4.4311523e+01
   6.9502390e+06   4.1748047e+01
   6.9571600e+06   4.0649414e+01
   6.9609900e+06   3.9794922e+01
   6.9684160e+06   4.1259766e+01
   6.9749360e+06   3.9672852e+01
   6.9806660e+06   4.3945312e+01
   6.9816600e+06   4.4006348e+01
   6.9928110e+06   4.4128418e+01
   7.0070550e+06   4.7668457e+01
   7.0072800e+06   4.3762207e+01
   7.0291530e+06   3.8940430e+01
   7.0301060e+06   4.5837402e+01
   7.0310840e+06   4.3090820e+01
   7.0320980e+06   4.1137695e+01
   7.0453920e+06   3.8330078e+01
   7.0531500e+06   3.8513184e+01
   7.0565320e+06   4.0771484e+01
   7.0654940e+06   4.4372559e+01
   7.0678930e+06   4.0527344e+01
   7.0711580e+06   4.8339844e+01
   7.0733100e+06   4.1625977e+01
   7.0888700e+06   4.7241211e+01
   7.0907450e+06   4.4250488e+01
   7.0909370e+06   3.8391113e+01
   7.1070200e+06   3.9916992e+01
   7.1074620e+06   3.9062500e+01
   7.1204970e+06   4.4311523e+01
   7.1210780e+06   4.1015625e+01
   7.1290280e+06   5.0842285e+01
   7.1294840e+06   4.5349121e+01
   7.1340210e+06   4.1137695e+01
   7.1391540e+06   4.1381836e+01
   7.1440260e+06   6.2988281e+01
   7.1461460e+06   4.1503906e+01
   7.1575250e+06   4.0283203e+01
   7.1583460e+06   4.0710449e+01
   7.1684980e+06   3.9306641e+01
   7.1686590e+06   4.3640137e+01
   7.1791050e+06   3.9001465e+01
   7.1793500e+06   3.8269043e+01
   7.1799620e+06   4.0161133e+01
   7.1801270e+06   3.8024902e+01
   7.1808820e+06   4.3884277e+01
   7.1868510e+06   5.1879883e+01
   7.1878950e+06   4.1381836e+01
   7.1982890e+06   4.4494629e+01
   7.2045930e+06   4.1381836e+01
   7.2059950e+06   4.1870117e+01
   7.2062370e+06   3.9794922e+01
   7.2074750e+06   4.2541504e+01
   7.2142840e+06   4.0039062e+01
   7.2160820e+06   3.8696289e+01
   7.2242470e+06   4.3457031e+01
   7.2245790e+06   4.0588379e+01
   7.2373200e+06   4.5532227e+01
   7.2389210e+06   4.4799805e+01
   7.2399690e+06   4.3457031e+01
   7.2429540e+06   4.4189453e+01
   7.2487510e+06   4.0588379e+01
   7.2546390e+06   3.9184570e+01
   7.2550960e+06   4.2236328e+01
   7.2552930e+06   4.0649414e+01
   7.2568590e+06   3.8208008e+01
   7.2579550e+06   3.9550781e+01
   7.2608530e+06   3.9672852e+01
   7.2707510e+06   4.1931152e+01
   7.2772150e+06   4.2480469e+01
   7.2791920e+06   3.9489746e+01
   7.2835720e+06   3.8208008e+01
   7.2876100e+06   4.1748047e+01
   7.2904690e+06   4.2907715e+01
   7.2922810e+06   4.6875000e+01
   7.3080330e+06   4.2114258e+01
   7.3115810e+06   3.8269043e+01
   7.3122820e+06   3.8024902e+01
   7.3172270e+06   4.1259766e+01
   7.3242110e+06   4.0649414e+01
   7.3261030e+06   4.3457031e+01
   7.3324890e+06   4.2114258e+01
   7.3338370e+06   3.8879395e+01
   7.3349200e+06   4.5349121e+01
   7.3437710e+06   3.7963867e+01
   7.3509170e+06   3.8085938e+01
   7.3549840e+06   3.9672852e+01
   7.3660650e+06   3.8513184e+01
   7.3666070e+06   3.9367676e+01
   7.3696000e+06   4.1259766e+01
   7.3698880e+06   3.8635254e+01
   7.3784980e+06   4.6569824e+01
   7.3819140e+06   3.8208008e+01
   7.3835740e+06   3.8452148e+01
   7.3941890e+06   4.0100098e+01
   7.3945390e+06   4.0405273e+01
   7.4050780e+06   3.8696289e+01
   7.4059230e+06   4.1076660e+01
   7.4094200e+06   3.9916992e+01
   7.4240430e+06   4.3762207e+01
   7.4242700e+06   3.9428711e+01
   7.4372100e+06   4.6936035e+01
   7.4457510e+06   4.0161133e+01
   7.4544300e+06   4.3212891e+01
   7.4547890e+06   5.1574707e+01
   7.4593510e+06   3.9489746e+01
   7.4599660e+06   4.4433594e+01
   7.4721870e+06   5.1208496e+01
   7.4724040e+06   4.1503906e+01
   7.4803730e+06   4.1137695e+01
   7.4805710e+06   4.7119141e+01
   7.4810700e+06   4.1809082e+01
   7.4948770e+06   4.2602539e+01
   7.4987680e+06   4.0893555e+01
   7.5005980e+06   3.8269043e+01
   7.5234410e+06   3.8330078e+01
   7.5265640e+06   4.3334961e+01
   7.5281530e+06   4.6997070e+01
   7.5336540e+06   4.3090820e+01
   7.5378990e+06   3.9794922e+01
   7.5464760e+06   3.8574219e+01
   7.5523820e+06   4.1076660e+01
   7.5532850e+06   4.0771484e+01
   7.5552860e+06   3.9733887e+01
   7.5627150e+06   3.8391113e+01
   7.5788460e+06   3.9001465e+01
   7.5862050e+06   3.9855957e+01
   7.5929710e+06   4.5043945e+01
   7.5934980e+06   3.8879395e+01
   7.6104060e+06   4.2480469e+01
   7.6149880e+06   4.6997070e+01
   7.6227940e+06   3.8452148e+01
   7.6260450e+06   4.1870117e+01
   7.6282960e+06   3.8513184e+01
   7.6283530e+06   4.5593262e+01
   7.6315890e+06   4.0100098e+01
   7.6395080e+06   4.0893555e+01
   7.6453330e+06   3.8757324e+01
   7.6457110e+06   4.2053223e+01
   7.6463530e+06   3.8879395e+01
   7.6470560e+06   4.2541504e+01
   7.6636100e+06   3.8024902e+01
   7.6637940e+06   3.8024902e+01
   7.6670710e+06   4.5837402e+01
   7.6674850e+06   4.1748047e+01
   7.6750060e+06   4.0100098e+01
   7.6807700e+06   4.0527344e+01
   7.6809820e+06   3.9367676e+01
   7.6836730e+06   4.0771484e+01
   7.6970880e+06   4.3579102e+01
   7.6978370e+06   4.4494629e+01
   7.6978810e+06   3.8513184e+01
   7.6988490e+06   3.8085938e+01
   7.7127610e+06   4.5776367e+01
   7.7244610e+06   4.1381836e+01
   7.7295990e+06   4.6081543e+01
   7.7300090e+06   5.4199219e+01
   7.7307510e+06   3.9001465e+01
   7.7393520e+06   4.5715332e+01
   7.7408200e+06   3.9916992e+01
   7.7509280e+06   3.8635254e+01
   7.7561870e+06   3.8146973e+01
   7.7582140e+06   4.4494629e+01
   7.7650570e+06   4.0588379e+01
   7.7677920e+06   4.1625977e+01
   7.7785170e+06   4.0832520e+01
   7.7786030e+06   5.2429199e+01
   7.7844640e+06   3.8024902e+01
   7.7854670e+06   4.0588379e+01
   7.7951900e+06   5.1269531e+01
   7.7954760e+06   4.9072266e+01
   7.7955550e+06   3.9306641e+01
   7.8023560e+06   4.8828125e+01
   7.8027620e+06   4.9682617e+01
   7.8161140e+06   4.3823242e+01
   7.8272830e+06   3.9306641e+01
   7.8275300e+06   4.7424316e+01
   7.8341590e+06   4.5532227e+01
   7.8395540e+06   3.9428711e+01
   7.8464280e+06   4.5715332e+01
   7.8493790e+06   3.8024902e+01
   7.8496890e+06   4.1625977e+01
   7.8534250e+06   3.9001465e+01
   7.8552370e+06   3.9001465e+01
   7.8708260e+06   4.4189453e+01
   7.8710550e+06   3.9672852e+01
   7.8784190e+06   4.0344238e+01
   7.8821960e+06   3.9001465e+01
   7.8828330e+06   4.0344238e+01
   7.8870930e+06   4.0039062e+01
   7.8889550e+06   3.8696289e+01
   7.8906510e+06   3.9916992e+01
   7.8980720e+06   3.8146973e+01
   7.8985270e+06   3.9855957e+01
   7.9173120e+06   3.8208008e+01
   7.9183830e+06   4.6203613e+01
   7.9188120e+06   4.6203613e+01
   7.9324620e+06   3.8513184e+01
   7.9343720e+06   4.3762207e+01
   7.9344580e+06   3.9489746e+01
   7.9392680e+06   4.1320801e+01
   7.9426740e+06   4.1259766e+01
   7.9464730e+06   3.8513184e+01
   7.9534570e+06   4.2968750e+01
   7.9711130e+06   4.2602539e+01
   7.9743750e+06   4.0710449e+01
   7.9820800e+06   4.8278809e+01
   7.9852150e+06   3.9978027e+01
   7.9859170e+06   4.3212891e+01
   7.9930430e+06   4.0405273e+01
   8.0037330e+06   4.2785645e+01
   8.0041100e+06   3.8269043e+01
   8.0100770e+06   3.8574219e+01
   8.0136020e+06   4.7912598e+01
   8.0328720e+06   4.4494629e+01
   8.0487070e+06   4.0771484e+01
   8.0557270e+06   4.1381836e+01
   8.0567990e+06   3.8146973e+01
   8.0654990e+06   4.0039062e+01
   8.0676160e+06   4.4189453e+01
   8.0700560e+06   4.7119141e+01
   8.0702910e+06   3.8024902e+01
   8.0815710e+06   3.8085938e+01
   8.0873540e+06   4.1259766e+01
   8.0940210e+06   3.9184570e+01
   8.0951280e+06   3.8818359e+01
   8.1086730e+06   3.8818359e+01
   8.1087250e+06   3.8635254e+01
   8.1106550e+06   4.1809082e+01
   8.1153260e+06   3.7963867e+01
   8.1206400e+06   5.4626465e+01
   8.1235470e+06   3.8391113e+01
   8.1342090e+06   3.8940430e+01
   8.1395500e+06   3.8513184e+01
   8.1399340e+06   3.8452148e+01
   8.1542940e+06   3.8513184e+01
   8.1569660e+06   3.8085938e+01
   8.1625390e+06   4.0832520e+01
   8.1629910e+06   3.8208008e+01
   8.1639440e+06   3.8696289e+01
   8.1801020e+06   4.6020508e+01
   8.1836490e+06   4.4006348e+01
   8.1847230e+06   3.9367676e+01
   8.1925190e+06   4.0771484e+01
   8.1932590e+06   4.0710449e+01
   8.1945050e+06   3.9245605e+01
   8.2231380e+06   4.1992187e+01
   8.2245910e+06   4.6875000e+01
   8.2328700e+06   3.8513184e+01
   8.2457470e+06   4.0344238e+01
   8.2460080e+06   3.9978027e+01
   8.2464840e+06   3.7963867e+01
   8.2488960e+06   4.0466309e+01
   8.2759960e+06   4.9133301e+01
   8.2909900e+06   4.2419434e+01
   8.2912690e+06   4.2663574e+01
   8.3004820e+06   5.5419922e+01
   8.3013860e+06   3.8635254e+01
   8.3019480e+06   3.9489746e+01
   8.3120230e+06   4.2968750e+01
   8.3133590e+06   3.8574219e+01
   8.3231020e+06   4.3701172e+01
   8.3245850e+06   3.9489746e+01
   8.3300850e+06   4.5349121e+01
   8.3380740e+06   4.3212891e+01
   8.3386720e+06   4.0832520e+01
   8.3403330e+06   3.9855957e+01
   8.3479780e+06   3.9916992e+01
   8.3565650e+06   4.1442871e+01
   8.3570340e+06   4.0405273e+01
   8.3597750e+06   3.8024902e+01
   8.3687430e+06   4.3212891e+01
   8.3766730e+06   3.8574219e+01
   8.3775190e+06   4.3029785e+01
   8.3811300e+06   4.5104980e+01
   8.3911450e+06   4.1503906e+01
   8.3974090e+06   4.2236328e+01
   8.3976960e+06   4.4555664e+01
   8.3979510e+06   5.4931641e+01
   8.3979880e+06   4.1381836e+01
   8.4066270e+06   4.3640137e+01
   8.4223690e+06   3.8452148e+01
   8.4242020e+06   4.0893555e+01
   8.4290860e+06   3.8208008e+01
   8.4309110e+06   3.8635254e+01
   8.4357520e+06   4.1259766e+01
   8.4378310e+06   4.4006348e+01
   8.4439940e+06   3.8696289e+01
   8.4578600e+06   4.0344238e+01
   8.4582870e+06   4.5959473e+01
   8.4707880e+06   3.8391113e+01
   8.4800850e+06   4.4433594e+01
   8.4872880e+06   4.1992188e+01
   8.4898080e+06   3.8269043e+01
   8.4972630e+06   3.9978027e+01
   8.4977410e+06   3.8085938e+01
   8.5072340e+06   3.9184570e+01
   8.5074430e+06   3.8574219e+01
   8.5076930e+06   4.4799805e+01
   8.5218420e+06   4.0893555e+01
   8.5243310e+06   3.8757324e+01
   8.5278610e+06   4.2602539e+01
   8.5291930e+06   4.0649414e+01
   8.5297100e+06   4.6569824e+01
   8.5420040e+06   4.4860840e+01
   8.5422610e+06   4.1564941e+01
   8.5428240e+06   4.3518066e+01
   8.5448380e+06   4.2663574e+01
   8.5536060e+06   4.1015625e+01
   8.5595640e+06   4.7119141e+01
   8.5598370e+06   4.0466309e+01
   8.5604500e+06   4.4616699e+01
   8.5777880e+06   4.1320801e+01
   8.5830530e+06   4.0771484e+01
   8.5833430e+06   4.0588379e+01
   8.5838870e+06   4.1259766e+01
   8.5840510e+06   4.1442871e+01
   8.5983910e+06   3.8085938e+01
   8.5984570e+06   4.0039062e+01
   8.6052380e+06   3.8452148e+01
   8.6135250e+06   3.9794922e+01
   8.6138240e+06   3.9428711e+01
   8.6170180e+06   4.1442871e+01
   8.6314800e+06   3.9184570e+01
   8.6403330e+06   4.7424316e+01
   8.6404980e+06   5.0537109e+01
   8.6485850e+06   4.1564941e+01
   8.6532650e+06   4.3884277e+01
   8.6586070e+06   3.9672852e+01
   8.6697860e+06   4.3395996e+01
   8.6731440e+06   4.3395996e+01
   8.6807680e+06   3.9001465e+01
   8.6842340e+06   4.8645020e+01
   8.6845910e+06   4.4128418e+01
   8.6850930e+06   3.8452148e+01
   8.6856490e+06   3.8818359e+01
   8.7090290e+06   3.8452148e+01
   8.7136940e+06   4.0771484e+01
   8.7167540e+06   3.8330078e+01
   8.7300940e+06   4.0588379e+01
   8.7444050e+06   4.2724609e+01
   8.7447760e+06   3.8513184e+01
   8.7451600e+06   4.4372559e+01
   8.7466950e+06   4.4311523e+01
   8.7513870e+06   3.9672852e+01
   8.7526680e+06   4.0100098e+01
   8.7701390e+06   4.1503906e+01
   8.7748750e+06   4.3212891e+01
   8.7755220e+06   4.3823242e+01
   8.7904630e+06   4.2968750e+01
   8.7906630e+06   3.8696289e+01
   8.7913590e+06   3.8269043e+01
   8.8002930e+06   3.8269043e+01
   8.8130930e+06   4.2602539e+01
   8.8272700e+06   3.9245605e+01
   8.8428340e+06   3.9916992e+01
   8.8459750e+06   3.8146973e+01
   8.8461150e+06   4.4311523e+01
   8.8461980e+06   4.0588379e+01
   8.8651720e+06   4.1809082e+01
   8.8823890e+06   4.0527344e+01
   8.8932050e+06   4.3457031e+01
   8.9075180e+06   4.2785645e+01
   8.9077930e+06   3.8024902e+01
   8.9197820e+06   4.8828125e+01
   8.9199890e+06   3.8452148e+01
   8.9326910e+06   4.4921875e+01
   8.9350180e+06   4.1015625e+01
   8.9369720e+06   4.1931152e+01
   8.9482910e+06   3.7963867e+01
   8.9487930e+06   4.1748047e+01
   8.9491720e+06   4.0405273e+01
   8.9499880e+06   4.0710449e+01
   8.9638330e+06   4.1687012e+01
   8.9773330e+06   4.0039062e+01
   8.9936660e+06   4.5410156e+01
   8.9944750e+06   3.9611816e+01
