   8.9990000e+06   0.0000000e+00
   8.1690000e+03   4.8706055e+01
   1.2480000e+04   4.4921875e+01
   1.2711400e+05   4.5349121e+01
   1.3805200e+05   4.8828125e+01
   1.6764000e+05   4.6691895e+01
   3.3293200e+05   4.7912598e+01
   4.4384300e+05   4.6081543e+01
   4.9601800e+05   4.6081543e+01
   6.6014200e+05   4.4921875e+01
   7.0495000e+05   4.4982910e+01
   8.0982100e+05   4.6936035e+01
   8.5716200e+05   4.6875000e+01
   8.9298700e+05   4.5471191e+01
   1.3961870e+06   4.4799805e+01
   1.9077290e+06   4.9560547e+01
   1.9250130e+06   4.4921875e+01
   2.1177730e+06   4.5227051e+01
   2.7878480e+06   4.6508789e+01
   2.9542900e+06   4.7729492e+01
   2.9693260e+06   4.4738770e+01
   3.0178160e+06   4.5471191e+01
   3.0459180e+06   4.6142578e+01
   3.2651900e+06   4.5166016e+01
   3.3334850e+06   4.5104980e+01
   3.3416890e+06   4.6630859e+01
   3.3539270e+06   4.6875000e+01
   3.3616490e+06   4.4738770e+01
   3.3677440e+06   4.7912598e+01
   3.8839530e+06   4.7485352e+01
   4.3215020e+06   4.6081543e+01
   4.3356290e+06   4.6569824e+01
   4.3410440e+06   4.4921875e+01
   4.3458990e+06   4.7363281e+01
   4.3585350e+06   4.8400879e+01
   4.5224990e+06   4.9194336e+01
   4.6165640e+06   4.6325684e+01
   4.7460360e+06   4.5532227e+01
   5.1877650e+06   4.7912598e+01
   5.6448590e+06   4.5043945e+01
   6.4420660e+06   4.5837402e+01
   6.5017920e+06   4.5776367e+01
   6.7757680e+06   4.9133301e+01
   6.8394070e+06   4.6691895e+01
   6.8406720e+06   4.7241211e+01
   6.8413350e+06   4.5715332e+01
   6.8438110e+06   4.5532227e+01
   6.9350510e+06   4.7485352e+01
   6.9579970e+06   4.4921875e+01
   7.1070460e+06   4.4921875e+01
   7.2145650e+06   4.6447754e+01
   7.2439520e+06   4.6203613e+01
   7.2566800e+06   5.3833008e+01
   7.2598700e+06   4.5288086e+01
   7.3914540e+06   4.6264648e+01
   7.4689240e+06   4.6386719e+01
   7.4745190e+06   4.5837402e+01
   7.9335500e+06   4.4921875e+01
   8.0511830e+06   4.5043945e+01
   8.0549720e+06   4.5959473e+01
   8.0562320e+06   4.5471191e+01
   8.1640280e+06   4.4738770e+01
   8.2195420e+06   4.7851562e+01
   8.2336110e+06   4.7851562e+01
   8.2493240e+06   4.8156738e+01
   8.2721840e+06   4.8522949e+01
   8.3100840e+06   4.7302246e+01
   8.3180170e+06   4.5410156e+01
   8.4095460e+06   4.7302246e+01
   8.6729670e+06   4.5959473e+01
   8.6814060e+06   4.6569824e+01
   8.8943040e+06   4.7851563e+01
   8.9109520e+06   4.6386719e+01
   8.9797440e+06   4.7729492e+01
