   8.9990000e+06   0.0000000e+00
   7.0235600e+05   4.2419434e+01
   1.4606000e+06   4.3518066e+01
   1.5069700e+06   4.2419434e+01
   2.1500190e+06   4.2297363e+01
   3.0956500e+06   4.7607422e+01
   3.2290140e+06   4.1870117e+01
   3.7339950e+06   4.1381836e+01
   4.0079500e+06   4.1870117e+01
   4.1808380e+06   4.2846680e+01
   4.7086440e+06   4.1503906e+01
   4.9069110e+06   4.5715332e+01
   5.3196430e+06   4.4982910e+01
   5.4192870e+06   4.3701172e+01
   5.4996910e+06   4.2724609e+01
   6.0653830e+06   4.4128418e+01
   6.5724580e+06   4.2236328e+01
