   8.9990000e+06   0.0000000e+00
   1.7874000e+04   6.3720703e+01
   2.6373000e+04   5.3588867e+01
   4.8364000e+04   5.9631348e+01
   6.1573000e+04   5.8410645e+01
   8.0358000e+04   5.3405762e+01
   8.8430000e+04   5.5175781e+01
   1.1769700e+05   5.6152344e+01
   1.2609100e+05   6.1828613e+01
   1.2612600e+05   5.4931641e+01
   1.3082700e+05   5.3466797e+01
   1.4686000e+05   5.5603027e+01
   1.5271000e+05   5.4992676e+01
   1.7148500e+05   5.6457520e+01
   1.9446800e+05   5.6762695e+01
   2.4178500e+05   5.6518555e+01
   2.6277400e+05   5.6274414e+01
   3.1465100e+05   5.4870605e+01
   3.3431300e+05   5.6213379e+01
   3.3562300e+05   5.5053711e+01
   3.4457400e+05   5.5358887e+01
   3.4459900e+05   5.6823730e+01
   3.5082800e+05   5.4992676e+01
   3.5788900e+05   5.8654785e+01
   3.7989800e+05   5.5480957e+01
   4.1282700e+05   5.4504395e+01
   4.1307500e+05   5.7800293e+01
   4.1367800e+05   5.4809570e+01
   4.1414600e+05   5.5175781e+01
   4.3007600e+05   5.6091309e+01
   4.4687700e+05   6.2866211e+01
   4.5995100e+05   6.0974121e+01
   4.7027800e+05   6.2988281e+01
   4.7866100e+05   5.4565430e+01
   5.2620300e+05   5.4199219e+01
   5.3380900e+05   5.9875488e+01
   5.6340400e+05   5.4443359e+01
   6.1857100e+05   5.4382324e+01
   6.2623100e+05   5.5480957e+01
   6.3867900e+05   5.6701660e+01
   6.5607500e+05   5.9448242e+01
   6.6183000e+05   5.7067871e+01
   6.7698600e+05   5.8654785e+01
   6.9975300e+05   5.3955078e+01
   7.0299800e+05   5.6457520e+01
   7.0302900e+05   5.9387207e+01
   7.0402100e+05   5.6091309e+01
   7.0463900e+05   5.4626465e+01
   7.2955300e+05   6.0058594e+01
   7.4189700e+05   5.7067871e+01
   7.4462600e+05   6.2561035e+01
   7.4512400e+05   5.7800293e+01
   7.7897900e+05   5.4992676e+01
   7.8540900e+05   5.3771973e+01
   7.9237300e+05   5.7250977e+01
   7.9261100e+05   5.8898926e+01
   8.0023700e+05   6.2744141e+01
   8.2481900e+05   5.8471680e+01
   8.3751900e+05   5.4931641e+01
   8.5523100e+05   5.3710937e+01
   8.7766400e+05   5.5541992e+01
   8.8976700e+05   5.5725098e+01
   9.0085000e+05   5.7922363e+01
   9.1390300e+05   5.9082031e+01
   9.2924200e+05   5.4748535e+01
   9.3556300e+05   6.4514160e+01
   9.4450300e+05   6.1462402e+01
   9.6248400e+05   5.3283691e+01
   9.8560900e+05   5.7922363e+01
   9.8564000e+05   6.0363770e+01
   1.0021120e+06   5.5969238e+01
   1.0082170e+06   5.5236816e+01
   1.0168160e+06   5.5114746e+01
   1.0211500e+06   5.4992676e+01
   1.0212160e+06   6.2011719e+01
   1.0221480e+06   5.8654785e+01
   1.0289750e+06   5.8410645e+01
   1.0464960e+06   5.3955078e+01
   1.0481390e+06   6.9213867e+01
   1.0483980e+06   5.7006836e+01
   1.0561830e+06   5.3283691e+01
   1.0766240e+06   5.5480957e+01
   1.0940110e+06   5.4077148e+01
   1.1028210e+06   5.6274414e+01
   1.1097370e+06   6.4453125e+01
   1.1098170e+06   6.1218262e+01
   1.1103230e+06   5.6701660e+01
   1.1106690e+06   7.0251465e+01
   1.1109440e+06   6.0241699e+01
   1.1208870e+06   5.3588867e+01
   1.1648900e+06   5.5664062e+01
   1.1911140e+06   5.6579590e+01
   1.1976890e+06   5.4626465e+01
   1.1977300e+06   6.8115234e+01
   1.2286530e+06   5.6030273e+01
   1.2362620e+06   5.5480957e+01
   1.2421260e+06   5.6335449e+01
   1.2748610e+06   6.0119629e+01
   1.2775290e+06   5.5603027e+01
   1.2777820e+06   5.7678223e+01
   1.2865590e+06   5.5603027e+01
   1.2956040e+06   6.0546875e+01
   1.3069970e+06   5.3466797e+01
   1.3080280e+06   5.7678223e+01
   1.3142820e+06   5.8654785e+01
   1.3190760e+06   5.8105469e+01
   1.3207410e+06   6.0363770e+01
   1.3606410e+06   5.3161621e+01
   1.3832810e+06   6.4025879e+01
   1.3840090e+06   5.8227539e+01
   1.3841860e+06   5.3527832e+01
   1.3982160e+06   5.3710938e+01
   1.3986650e+06   5.4260254e+01
   1.4081540e+06   5.5847168e+01
   1.4159810e+06   5.3894043e+01
   1.4254210e+06   5.9753418e+01
   1.4360540e+06   5.4504395e+01
   1.4541200e+06   6.4697266e+01
   1.4684980e+06   5.6335449e+01
   1.4763990e+06   5.4931641e+01
   1.4994490e+06   6.0119629e+01
   1.5212390e+06   5.7983398e+01
   1.5534070e+06   5.6396484e+01
   1.5534850e+06   6.0485840e+01
   1.5730100e+06   5.3222656e+01
   1.5910250e+06   5.8288574e+01
   1.5969490e+06   6.4758301e+01
   1.6009500e+06   5.4199219e+01
   1.6129110e+06   5.6396484e+01
   1.6274400e+06   5.4504395e+01
   1.6377430e+06   5.5419922e+01
   1.6544120e+06   5.4992676e+01
   1.6563420e+06   5.3710938e+01
   1.6659960e+06   5.4443359e+01
   1.6738070e+06   5.4382324e+01
   1.7033230e+06   5.6335449e+01
   1.7316860e+06   5.7434082e+01
   1.7576500e+06   5.4931641e+01
   1.7739570e+06   6.0974121e+01
   1.7786410e+06   5.8227539e+01
   1.7889020e+06   5.8593750e+01
   1.8111670e+06   6.2377930e+01
   1.8481250e+06   5.5908203e+01
   1.8643740e+06   6.0546875e+01
   1.8646250e+06   5.5541992e+01
   1.8715700e+06   5.4138184e+01
   1.8790330e+06   5.4504395e+01
   1.9290030e+06   5.5053711e+01
   1.9384350e+06   6.9213867e+01
   1.9384770e+06   6.5979004e+01
   1.9464540e+06   5.7067871e+01
   1.9469160e+06   5.4138184e+01
   1.9611370e+06   5.4992676e+01
   1.9710220e+06   5.3955078e+01
   2.0110140e+06   5.4321289e+01
   2.0119450e+06   5.4626465e+01
   2.0122630e+06   5.3222656e+01
   2.0254020e+06   5.9326172e+01
   2.0307170e+06   5.3405762e+01
   2.0663700e+06   5.4138184e+01
   2.0847870e+06   5.5480957e+01
   2.0924690e+06   5.3833008e+01
   2.0932460e+06   5.3405762e+01
   2.0949160e+06   5.3161621e+01
   2.0951540e+06   6.0119629e+01
   2.1246210e+06   5.8837891e+01
   2.1396910e+06   5.6030273e+01
   2.1549510e+06   5.5236816e+01
   2.1553420e+06   5.3344727e+01
   2.1567080e+06   5.6640625e+01
   2.1715010e+06   5.7434082e+01
   2.1802660e+06   5.9997559e+01
   2.1987780e+06   5.3771973e+01
   2.2031640e+06   5.7861328e+01
   2.2180190e+06   5.3955078e+01
   2.2273830e+06   5.4077148e+01
   2.2325050e+06   5.4504395e+01
   2.2401250e+06   5.9448242e+01
   2.2468520e+06   5.4443359e+01
   2.2754910e+06   5.4321289e+01
   2.2840680e+06   5.6213379e+01
   2.2870070e+06   5.3771973e+01
   2.2893800e+06   5.4260254e+01
   2.2978000e+06   6.7077637e+01
   2.3107080e+06   5.7922363e+01
   2.3125950e+06   5.3283691e+01
   2.3350010e+06   6.0913086e+01
   2.3586120e+06   5.4748535e+01
   2.3640180e+06   5.5297852e+01
   2.3739740e+06   5.5053711e+01
   2.3963790e+06   5.4321289e+01
   2.3974640e+06   5.6518555e+01
   2.4205530e+06   5.9570312e+01
   2.4460910e+06   5.3283691e+01
   2.4485690e+06   5.5297852e+01
   2.4635620e+06   5.8044434e+01
   2.4728480e+06   5.6152344e+01
   2.4781550e+06   6.1218262e+01
   2.4940370e+06   5.4077148e+01
   2.5120010e+06   6.3903809e+01
   2.5286410e+06   5.5725098e+01
   2.5374440e+06   5.6152344e+01
   2.5458020e+06   5.8166504e+01
   2.5771990e+06   6.8359375e+01
   2.5777450e+06   6.1035156e+01
   2.5885180e+06   5.5358887e+01
   2.6160850e+06   6.6589355e+01
   2.6162190e+06   5.8166504e+01
   2.6166760e+06   5.4382324e+01
   2.6273530e+06   5.4565430e+01
   2.6430970e+06   5.4199219e+01
   2.6517020e+06   5.4016113e+01
   2.6623730e+06   5.8288574e+01
   2.6639380e+06   5.3161621e+01
   2.6711410e+06   5.6823730e+01
   2.6880270e+06   5.3405762e+01
   2.7053330e+06   5.7067871e+01
   2.7173920e+06   5.4992676e+01
   2.7213260e+06   5.6213379e+01
   2.7356830e+06   6.8664551e+01
   2.7496580e+06   5.7128906e+01
   2.7601720e+06   5.5236816e+01
   2.7901750e+06   5.9020996e+01
   2.7982120e+06   6.4819336e+01
   2.8226570e+06   6.0058594e+01
   2.8360460e+06   5.6152344e+01
   2.8730700e+06   5.9936523e+01
   2.8863360e+06   5.4077148e+01
   2.8887960e+06   5.6518555e+01
   2.8900870e+06   5.4077148e+01
   2.8908590e+06   5.3161621e+01
   2.8910130e+06   5.6884766e+01
   2.9164410e+06   6.0607910e+01
   2.9273500e+06   5.3161621e+01
   2.9358270e+06   6.1157227e+01
   2.9407420e+06   5.3161621e+01
   2.9441740e+06   5.4565430e+01
   2.9511220e+06   6.0363770e+01
   2.9642780e+06   5.6640625e+01
   2.9985080e+06   5.4077148e+01
   3.0088670e+06   5.4443359e+01
   3.0190360e+06   5.3771973e+01
   3.0225760e+06   5.6457520e+01
   3.0397070e+06   5.4504395e+01
   3.0513070e+06   5.7495117e+01
   3.0587620e+06   5.7922363e+01
   3.0595660e+06   5.3649902e+01
   3.0665120e+06   5.3527832e+01
   3.0946270e+06   5.9020996e+01
   3.1159750e+06   5.8044434e+01
   3.1289980e+06   5.6701660e+01
   3.1469060e+06   5.3161621e+01
   3.1603800e+06   6.0119629e+01
   3.1606300e+06   5.3161621e+01
   3.1768330e+06   5.4077148e+01
   3.2081650e+06   5.3771973e+01
   3.2201310e+06   5.4565430e+01
   3.2283970e+06   5.8837891e+01
   3.2420520e+06   5.8532715e+01
   3.2914390e+06   5.7312012e+01
   3.3196460e+06   5.5908203e+01
   3.3366440e+06   5.4138184e+01
   3.3505120e+06   5.5236816e+01
   3.3695410e+06   5.6335449e+01
   3.3796640e+06   5.3161621e+01
   3.3814260e+06   6.0485840e+01
   3.3982090e+06   5.5236816e+01
   3.4104820e+06   6.3110352e+01
   3.4110250e+06   6.3232422e+01
   3.4215960e+06   6.3476562e+01
   3.4335690e+06   5.8105469e+01
   3.4682310e+06   5.4687500e+01
   3.4848960e+06   5.3588867e+01
   3.4927550e+06   5.6457520e+01
   3.5580450e+06   5.3222656e+01
   3.5754540e+06   5.4321289e+01
   3.5833390e+06   6.8847656e+01
   3.5883580e+06   5.5969238e+01
   3.5952930e+06   5.9265137e+01
   3.6025980e+06   6.5002441e+01
   3.6141170e+06   5.9448242e+01
   3.6141640e+06   6.3232422e+01
   3.6219530e+06   5.5908203e+01
   3.6499470e+06   5.3405762e+01
   3.6592300e+06   5.5847168e+01
   3.6741330e+06   6.1218262e+01
   3.6742980e+06   5.3588867e+01
   3.6762200e+06   5.7067871e+01
   3.6868410e+06   5.3466797e+01
   3.7014770e+06   5.5419922e+01
   3.7421050e+06   5.3344727e+01
   3.7618800e+06   5.5358887e+01
   3.7738290e+06   6.3354492e+01
   3.7783090e+06   5.4626465e+01
   3.8106380e+06   5.5236816e+01
   3.8376720e+06   5.6152344e+01
   3.8487110e+06   5.9143066e+01
   3.8515640e+06   5.9020996e+01
   3.8789380e+06   5.5603027e+01
   3.8838890e+06   5.6701660e+01
   3.8947730e+06   5.6335449e+01
   3.9048940e+06   6.0791016e+01
   3.9174630e+06   5.3955078e+01
   3.9378600e+06   5.7006836e+01
   3.9393710e+06   5.9082031e+01
   3.9565580e+06   5.6396484e+01
   3.9679950e+06   5.4687500e+01
   3.9688350e+06   5.7312012e+01
   3.9806310e+06   6.0119629e+01
   3.9884230e+06   5.8227539e+01
   3.9912840e+06   5.4870605e+01
   3.9961560e+06   5.8105469e+01
   4.0151540e+06   5.3833008e+01
   4.0241570e+06   6.0974121e+01
   4.0571080e+06   5.3222656e+01
   4.0637130e+06   5.4199219e+01
   4.0651930e+06   6.4086914e+01
   4.0652230e+06   5.7250977e+01
   4.0702750e+06   5.4687500e+01
   4.0791900e+06   6.2011719e+01
   4.0915350e+06   6.3049316e+01
   4.1098160e+06   5.4992676e+01
   4.1387450e+06   5.9753418e+01
   4.1432220e+06   5.3283691e+01
   4.1543020e+06   5.8105469e+01
   4.1851250e+06   5.9082031e+01
   4.1916140e+06   6.1096191e+01
   4.2072530e+06   5.5725098e+01
   4.2403650e+06   5.5541992e+01
   4.2510640e+06   5.5969238e+01
   4.2610810e+06   5.7983398e+01
   4.2735910e+06   5.5358887e+01
   4.2846830e+06   6.8847656e+01
   4.2999950e+06   5.6640625e+01
   4.3053400e+06   5.5969238e+01
   4.3122770e+06   5.9570313e+01
   4.3123030e+06   7.0129395e+01
   4.3142370e+06   5.4626465e+01
   4.3316210e+06   5.3710938e+01
   4.3562040e+06   5.3344727e+01
   4.3832200e+06   6.1706543e+01
   4.3922240e+06   5.7678223e+01
   4.3983580e+06   6.0852051e+01
   4.3993500e+06   5.3649902e+01
   4.4079290e+06   6.0180664e+01
   4.4293700e+06   7.1655273e+01
   4.4306660e+06   5.3710938e+01
   4.4329880e+06   5.9875488e+01
   4.4400540e+06   5.3283691e+01
   4.4494850e+06   5.7739258e+01
   4.4599150e+06   5.4016113e+01
   4.4873690e+06   5.3710938e+01
   4.5101010e+06   6.0852051e+01
   4.5391520e+06   5.4138184e+01
   4.5397670e+06   5.3771973e+01
   4.5423220e+06   5.3527832e+01
   4.5428590e+06   5.5664063e+01
   4.5438710e+06   5.4687500e+01
   4.5747190e+06   5.6213379e+01
   4.5792380e+06   5.3955078e+01
   4.5872020e+06   5.3771973e+01
   4.5899800e+06   5.6457520e+01
   4.5900110e+06   5.8715820e+01
   4.6026180e+06   5.8105469e+01
   4.6073920e+06   6.3110352e+01
   4.6248890e+06   5.4626465e+01
   4.6290410e+06   5.3283691e+01
   4.6566410e+06   5.9448242e+01
   4.6584480e+06   5.5664062e+01
   4.6694450e+06   5.5297852e+01
   4.6712290e+06   5.8105469e+01
   4.6851990e+06   5.4443359e+01
   4.6958570e+06   5.3833008e+01
   4.7207140e+06   5.5969238e+01
   4.7295330e+06   5.3161621e+01
   4.7448230e+06   5.9387207e+01
   4.7535020e+06   5.5053711e+01
   4.7721170e+06   5.6213379e+01
   4.7983940e+06   5.3405762e+01
   4.7984300e+06   6.0729980e+01
   4.8039940e+06   5.7678223e+01
   4.8100040e+06   5.4138184e+01
   4.8137640e+06   5.5358887e+01
   4.8383140e+06   5.6762695e+01
   4.8494350e+06   5.4565430e+01
   4.8497210e+06   5.5603027e+01
   4.8594890e+06   5.6884766e+01
   4.8667980e+06   5.6030273e+01
   4.8762370e+06   5.6701660e+01
   4.9311240e+06   6.1828613e+01
   4.9372900e+06   5.4992676e+01
   4.9495330e+06   5.7739258e+01
   4.9504200e+06   6.0546875e+01
   4.9624040e+06   5.4687500e+01
   4.9655160e+06   6.1950684e+01
   4.9752430e+06   5.5053711e+01
   4.9968440e+06   6.0974121e+01
   4.9973600e+06   5.6457520e+01
   4.9973980e+06   5.6396484e+01
   4.9975670e+06   5.8410645e+01
   5.0087610e+06   5.8105469e+01
   5.0166040e+06   5.7739258e+01
   5.0287690e+06   5.6213379e+01
   5.0390840e+06   5.6152344e+01
   5.0442490e+06   5.6640625e+01
   5.0660130e+06   5.7373047e+01
   5.0803760e+06   5.8410645e+01
   5.0886860e+06   5.9448242e+01
   5.0892670e+06   5.7617188e+01
   5.1032950e+06   5.3222656e+01
   5.1107530e+06   5.7556152e+01
   5.1114380e+06   5.3466797e+01
   5.1731910e+06   5.7678223e+01
   5.2037430e+06   6.2072754e+01
   5.2054840e+06   5.5175781e+01
   5.2134370e+06   5.7739258e+01
   5.2386630e+06   5.4748535e+01
   5.2394060e+06   6.1279297e+01
   5.2529260e+06   5.4321289e+01
   5.2577100e+06   6.0607910e+01
   5.2967560e+06   6.0241699e+01
   5.2982630e+06   5.5603027e+01
   5.3010860e+06   5.3344727e+01
   5.3312880e+06   5.4809570e+01
   5.3357120e+06   5.6335449e+01
   5.3475740e+06   5.4870605e+01
   5.3622320e+06   5.3466797e+01
   5.3758800e+06   5.3588867e+01
   5.3909580e+06   5.6152344e+01
   5.3994570e+06   6.0058594e+01
   5.4000070e+06   5.4199219e+01
   5.4405790e+06   5.6274414e+01
   5.4477840e+06   5.5480957e+01
   5.4640820e+06   6.3659668e+01
   5.4682210e+06   5.9631348e+01
   5.4730360e+06   5.5114746e+01
   5.4836790e+06   5.5175781e+01
   5.4991610e+06   5.7922363e+01
   5.5043660e+06   5.4992676e+01
   5.5186270e+06   5.4687500e+01
   5.5373130e+06   5.6213379e+01
   5.5559770e+06   5.9936523e+01
   5.5624350e+06   5.5358887e+01
   5.5791620e+06   5.3588867e+01
   5.5897380e+06   5.5847168e+01
   5.5962300e+06   5.4565430e+01
   5.6037720e+06   5.3344727e+01
   5.6179250e+06   5.6457520e+01
   5.6260060e+06   5.3955078e+01
   5.6267910e+06   5.4016113e+01
   5.6515020e+06   5.7678223e+01
   5.6628800e+06   6.8481445e+01
   5.6641140e+06   6.1035156e+01
   5.6941460e+06   6.0668945e+01
   5.7176600e+06   5.4016113e+01
   5.7268360e+06   5.6030273e+01
   5.7534290e+06   5.9631348e+01
   5.7832520e+06   5.6945801e+01
   5.7933420e+06   5.4992676e+01
   5.8303070e+06   5.3283691e+01
   5.8502890e+06   5.8349609e+01
   5.8505530e+06   5.8105469e+01
   5.8983170e+06   5.3771973e+01
   5.9005010e+06   5.4504395e+01
   5.9533510e+06   5.7617188e+01
   5.9536080e+06   5.6335449e+01
   5.9757500e+06   6.3720703e+01
   5.9887080e+06   6.0729980e+01
   6.0137620e+06   6.0058594e+01
   6.0411580e+06   5.3344727e+01
   6.0698680e+06   5.5053711e+01
   6.0796600e+06   5.3527832e+01
   6.1172570e+06   5.3222656e+01
   6.1266850e+06   5.7006836e+01
   6.1643870e+06   6.4025879e+01
   6.1737120e+06   6.2805176e+01
   6.1822140e+06   6.7626953e+01
   6.2022800e+06   5.5358887e+01
   6.2115570e+06   5.9265137e+01
   6.2486110e+06   5.6213379e+01
   6.2647490e+06   5.8410645e+01
   6.3504650e+06   5.6091309e+01
   6.3554830e+06   5.8837891e+01
   6.3945340e+06   5.5969238e+01
   6.4994940e+06   5.5236816e+01
   6.5215040e+06   5.3161621e+01
   6.5472860e+06   6.0241699e+01
   6.5773320e+06   5.9387207e+01
   6.6328230e+06   5.4809570e+01
   6.6723090e+06   5.5053711e+01
   6.6781380e+06   5.6701660e+01
   6.6788660e+06   5.8715820e+01
   6.6794550e+06   5.8044434e+01
   6.6905290e+06   5.5175781e+01
   6.6978890e+06   5.3161621e+01
   6.7238780e+06   5.4687500e+01
   6.7463610e+06   5.3894043e+01
   6.7699250e+06   6.9702148e+01
   6.8170130e+06   5.9509277e+01
   6.8514930e+06   5.9387207e+01
   6.8603450e+06   5.4260254e+01
   6.8717120e+06   5.5053711e+01
   6.8803220e+06   6.4270020e+01
   6.8999960e+06   5.7495117e+01
   6.9045150e+06   5.4687500e+01
   6.9259890e+06   6.5002441e+01
   6.9373510e+06   6.1218262e+01
   6.9525810e+06   5.6396484e+01
   6.9568950e+06   5.5786133e+01
   6.9709420e+06   5.6457520e+01
   6.9939080e+06   5.4565430e+01
   6.9999210e+06   5.6518555e+01
   7.0046660e+06   6.1096191e+01
   7.0235020e+06   5.4443359e+01
   7.0354350e+06   5.3588867e+01
   7.0521600e+06   5.8288574e+01
   7.0616280e+06   5.4138184e+01
   7.0953160e+06   5.3588867e+01
   7.1069950e+06   6.2866211e+01
   7.1141410e+06   6.0974121e+01
   7.1210110e+06   6.3049316e+01
   7.1272960e+06   5.5847168e+01
   7.1435140e+06   5.7189941e+01
   7.1652390e+06   5.4992676e+01
   7.1792380e+06   5.5297852e+01
   7.1998970e+06   5.5419922e+01
   7.2065640e+06   5.7006836e+01
   7.2305450e+06   5.5419922e+01
   7.2424930e+06   6.4025879e+01
   7.2720820e+06   5.6701660e+01
   7.2767290e+06   6.1523438e+01
   7.2850520e+06   5.3527832e+01
   7.2995940e+06   5.9814453e+01
   7.3078420e+06   6.1645508e+01
   7.3149370e+06   5.9387207e+01
   7.3223070e+06   5.8288574e+01
   7.3306180e+06   5.5358887e+01
   7.3451080e+06   5.6701660e+01
   7.3616540e+06   5.4565430e+01
   7.3750230e+06   6.1401367e+01
   7.3882360e+06   5.6884766e+01
   7.3954700e+06   5.6579590e+01
   7.4170910e+06   5.6823730e+01
   7.4244590e+06   5.3222656e+01
   7.4448860e+06   5.6335449e+01
   7.4618640e+06   5.3161621e+01
   7.4747040e+06   5.6396484e+01
   7.4915420e+06   5.5114746e+01
   7.4967820e+06   5.5847168e+01
   7.5224490e+06   5.3710938e+01
   7.5448700e+06   5.7434082e+01
   7.5725800e+06   6.4147949e+01
   7.5849000e+06   5.4138184e+01
   7.5975660e+06   5.9387207e+01
   7.6063140e+06   5.9265137e+01
   7.6597760e+06   5.5969238e+01
   7.6668960e+06   5.7556152e+01
   7.6820950e+06   5.3710938e+01
   7.6886920e+06   5.7067871e+01
   7.7059370e+06   5.3771973e+01
   7.7138900e+06   5.5969238e+01
   7.7336070e+06   5.4260254e+01
   7.7633690e+06   5.5664062e+01
   7.7680420e+06   5.6335449e+01
   7.7680830e+06   5.3161621e+01
   7.7930200e+06   5.4687500e+01
   7.8388950e+06   6.1767578e+01
   7.8452350e+06   6.2255859e+01
   7.8529600e+06   5.3466797e+01
   7.8790310e+06   5.8288574e+01
   7.8863350e+06   5.8471680e+01
   7.8963190e+06   5.7983398e+01
   7.9337740e+06   5.3833008e+01
   7.9528390e+06   6.8664551e+01
   7.9652400e+06   6.1706543e+01
   7.9734120e+06   5.8288574e+01
   8.0009460e+06   5.5725098e+01
   8.0122430e+06   5.6518555e+01
   8.0224010e+06   5.3710938e+01
   8.0435550e+06   5.8227539e+01
   8.0598700e+06   6.9458008e+01
   8.0638490e+06   5.6945801e+01
   8.0837560e+06   5.6152344e+01
   8.1087950e+06   5.8837891e+01
   8.1146830e+06   5.7006836e+01
   8.1205740e+06   5.4748535e+01
   8.1262890e+06   5.9143066e+01
   8.1321370e+06   5.6091309e+01
   8.1538610e+06   5.3894043e+01
   8.1701520e+06   5.6518555e+01
   8.1807560e+06   5.6152344e+01
   8.1943850e+06   5.3894043e+01
   8.1981870e+06   6.2133789e+01
   8.2045310e+06   5.3955078e+01
   8.2114730e+06   5.8959961e+01
   8.2115070e+06   5.9692383e+01
   8.2131720e+06   5.6152344e+01
   8.2232400e+06   5.6457520e+01
   8.2280070e+06   6.0363770e+01
   8.2486860e+06   6.0424805e+01
   8.2554900e+06   5.3771973e+01
   8.2587300e+06   5.3405762e+01
   8.2649440e+06   5.5297852e+01
   8.2799460e+06   5.7006836e+01
   8.2873220e+06   5.4626465e+01
   8.3088150e+06   5.7556152e+01
   8.3322200e+06   5.8105469e+01
   8.3470940e+06   5.5236816e+01
   8.3572150e+06   5.7922363e+01
   8.3610190e+06   5.7189941e+01
   8.3675730e+06   6.6894531e+01
   8.3771780e+06   6.6040039e+01
   8.4026590e+06   5.5786133e+01
   8.4122430e+06   5.6762695e+01
   8.4188370e+06   5.6762695e+01
   8.4296240e+06   5.5969238e+01
   8.4298400e+06   5.5664062e+01
   8.4369620e+06   6.0668945e+01
   8.4455630e+06   5.8471680e+01
   8.4508000e+06   5.5664062e+01
   8.4655780e+06   5.9814453e+01
   8.4729480e+06   5.9204102e+01
   8.4782560e+06   6.1035156e+01
   8.4835680e+06   6.4758301e+01
   8.5001190e+06   5.5297852e+01
   8.5025500e+06   5.3649902e+01
   8.5084940e+06   5.3466797e+01
   8.5256890e+06   5.3588867e+01
   8.5257200e+06   5.8105469e+01
   8.5451670e+06   5.7678223e+01
   8.5631890e+06   5.3955078e+01
   8.5756050e+06   5.8593750e+01
   8.5939160e+06   5.4260254e+01
   8.6017970e+06   5.9631348e+01
   8.6083270e+06   5.4321289e+01
   8.6249410e+06   5.6274414e+01
   8.6373070e+06   5.5786133e+01
   8.6374430e+06   5.6457520e+01
   8.6381750e+06   5.7312012e+01
   8.6388460e+06   5.6091309e+01
   8.6552070e+06   5.7067871e+01
   8.6628590e+06   5.5541992e+01
   8.6727960e+06   5.3466797e+01
   8.7210000e+06   5.7006836e+01
   8.7302030e+06   5.9265137e+01
   8.7467750e+06   5.4077148e+01
   8.7592330e+06   6.8176270e+01
   8.7600510e+06   5.4687500e+01
   8.7601060e+06   5.4870605e+01
   8.7723900e+06   5.3283691e+01
   8.7897670e+06   5.5541992e+01
   8.8122450e+06   5.7922363e+01
   8.8140830e+06   6.4392090e+01
   8.8418580e+06   5.3161621e+01
   8.8518570e+06   5.9753418e+01
   8.8572190e+06   6.3354492e+01
   8.8811680e+06   5.7983398e+01
   8.8912670e+06   5.4687500e+01
   8.8975880e+06   5.3283691e+01
   8.9025580e+06   5.5114746e+01
   8.9061620e+06   5.5297852e+01
   8.9151670e+06   5.7067871e+01
   8.9238970e+06   5.8166504e+01
   8.9271310e+06   5.4809570e+01
   8.9446920e+06   6.0180664e+01
   8.9520470e+06   5.4687500e+01
   8.9555160e+06   5.7128906e+01
   8.9601570e+06   6.2133789e+01
   8.9609850e+06   5.4077148e+01
   8.9613790e+06   5.8654785e+01
   8.9616200e+06   5.4138184e+01
   8.9714510e+06   5.6213379e+01
   8.9805450e+06   5.3771973e+01
