   8.9990000e+06   0.0000000e+00
   2.0648000e+04   4.7180176e+01
   2.5731000e+04   4.6508789e+01
   4.0863000e+04   4.1259766e+01
   4.8069000e+04   4.1198730e+01
   8.4353000e+04   4.6447754e+01
   9.1850000e+04   4.4311523e+01
   1.1840700e+05   4.8278809e+01
   1.4837400e+05   4.1748047e+01
   1.6110400e+05   4.3945312e+01
   1.8714600e+05   4.3518066e+01
   2.0085600e+05   4.5166016e+01
   2.0240000e+05   4.4677734e+01
   2.3704700e+05   4.1381836e+01
   2.7454500e+05   4.8583984e+01
   2.8246400e+05   4.1320801e+01
   3.0713000e+05   4.1748047e+01
   3.3886400e+05   4.1992188e+01
   4.7455800e+05   4.5104980e+01
   6.0415500e+05   4.3640137e+01
   6.2583100e+05   4.2175293e+01
   6.3832800e+05   4.1748047e+01
   6.9698900e+05   4.3334961e+01
   7.2165200e+05   4.1137695e+01
   8.3691400e+05   4.8095703e+01
   8.5401200e+05   4.1748047e+01
   8.7302000e+05   4.3212891e+01
   8.7614200e+05   4.2846680e+01
   9.4684100e+05   4.1137695e+01
   1.0301570e+06   4.1503906e+01
   1.0707070e+06   4.3762207e+01
   1.1407100e+06   4.1381836e+01
   1.2507960e+06   4.4616699e+01
   1.2670730e+06   4.1748047e+01
   1.2677920e+06   4.3457031e+01
   1.2727330e+06   4.3090820e+01
   1.4079810e+06   4.4067383e+01
   1.4130320e+06   4.7424316e+01
   1.4724370e+06   4.2419434e+01
   1.4870110e+06   4.2907715e+01
   1.5037940e+06   4.2480469e+01
   1.5548710e+06   4.1442871e+01
   1.5898710e+06   4.2236328e+01
   1.6140630e+06   4.8156738e+01
   1.6547670e+06   4.2785645e+01
   1.6691340e+06   4.2907715e+01
   1.6905570e+06   4.4982910e+01
   1.7478360e+06   4.1259766e+01
   1.7598820e+06   4.9804688e+01
   1.7725000e+06   4.9621582e+01
   1.8809430e+06   4.2053223e+01
   1.8963930e+06   4.4982910e+01
   1.9020170e+06   4.7912598e+01
   1.9208570e+06   4.4250488e+01
   1.9686220e+06   4.1381836e+01
   1.9988960e+06   4.2480469e+01
   2.0255410e+06   4.4067383e+01
   2.0729060e+06   4.2907715e+01
   2.1034910e+06   4.6630859e+01
   2.1072800e+06   4.4799805e+01
   2.1264530e+06   4.6325684e+01
   2.1583420e+06   4.3518066e+01
   2.2298670e+06   4.2114258e+01
   2.3122130e+06   4.1503906e+01
   2.3339410e+06   4.3518066e+01
   2.3391080e+06   4.5715332e+01
   2.3572460e+06   4.2358398e+01
   2.3763910e+06   4.3273926e+01
   2.4151690e+06   4.3701172e+01
   2.4454140e+06   4.8583984e+01
   2.4516210e+06   4.2907715e+01
   2.4616770e+06   4.7729492e+01
   2.4663080e+06   4.3640137e+01
   2.5713730e+06   4.2419434e+01
   2.6035970e+06   4.4250488e+01
   2.6133190e+06   4.1442871e+01
   2.6713800e+06   4.9804688e+01
   2.6820600e+06   4.4616699e+01
   2.6975140e+06   4.1625977e+01
   2.7706750e+06   4.4738770e+01
   2.7828890e+06   4.3640137e+01
   2.8979870e+06   4.2785645e+01
   2.9168530e+06   4.2785645e+01
   2.9228370e+06   4.1259766e+01
   2.9277770e+06   4.6020508e+01
   2.9646410e+06   4.5654297e+01
   2.9841490e+06   4.1687012e+01
   2.9882980e+06   4.3212891e+01
   3.0035800e+06   4.6813965e+01
   3.0054900e+06   4.5043945e+01
   3.0095870e+06   4.3457031e+01
   3.0897450e+06   4.4250488e+01
   3.1006380e+06   4.2602539e+01
   3.1158470e+06   4.3457031e+01
   3.1361380e+06   4.2602539e+01
   3.1362060e+06   4.1992188e+01
   3.1374260e+06   4.3884277e+01
   3.1537730e+06   4.3029785e+01
   3.1605330e+06   4.3640137e+01
   3.2016570e+06   4.6325684e+01
   3.2079370e+06   4.4616699e+01
   3.2360760e+06   4.5288086e+01
   3.3419340e+06   4.9804688e+01
   3.3426030e+06   4.1687012e+01
   3.3819380e+06   4.3823242e+01
   3.5003720e+06   4.3334961e+01
   3.5130280e+06   4.5166016e+01
   3.5355050e+06   4.2602539e+01
   3.5467660e+06   4.4433594e+01
   3.5482500e+06   4.6997070e+01
   3.6658850e+06   4.2724609e+01
   3.7252740e+06   4.4250488e+01
   3.7428980e+06   4.3090820e+01
   3.7485960e+06   4.3090820e+01
   3.7778660e+06   4.4311523e+01
   3.8385180e+06   4.5837402e+01
   3.8897350e+06   4.6936035e+01
   3.9413690e+06   4.3945312e+01
   3.9917330e+06   4.1809082e+01
   4.0369940e+06   4.2297363e+01
   4.0806070e+06   4.1809082e+01
   4.0847530e+06   4.7851562e+01
   4.1668420e+06   4.1748047e+01
   4.2091820e+06   4.4189453e+01
   4.3135180e+06   4.3273926e+01
   4.3382010e+06   5.0842285e+01
   4.3468360e+06   4.3090820e+01
   4.3635050e+06   4.2297363e+01
   4.3731140e+06   4.6997070e+01
   4.4074250e+06   4.1137695e+01
   4.4696720e+06   4.4128418e+01
   4.4864010e+06   4.8278809e+01
   4.5448080e+06   4.1687012e+01
   4.5709660e+06   4.4311523e+01
   4.6081720e+06   4.3579102e+01
   4.6538270e+06   4.1625977e+01
   4.6676190e+06   4.2175293e+01
   4.6844080e+06   4.6813965e+01
   4.6895870e+06   4.1381836e+01
   4.7317250e+06   4.3029785e+01
   4.7925530e+06   4.1748047e+01
   4.8575080e+06   4.1137695e+01
   4.8579050e+06   4.1931152e+01
   4.8918350e+06   4.2968750e+01
   4.9058340e+06   4.1137695e+01
   4.9254880e+06   4.2297363e+01
   4.9886320e+06   4.2846680e+01
   5.0023890e+06   4.2907715e+01
   5.0714440e+06   4.4860840e+01
   5.0957000e+06   4.1259766e+01
   5.1539200e+06   4.4372559e+01
   5.1636610e+06   4.1259766e+01
   5.2140080e+06   4.1320801e+01
   5.2950080e+06   4.6569824e+01
   5.3238970e+06   4.2053223e+01
   5.3510750e+06   4.2663574e+01
   5.3634940e+06   4.6752930e+01
   5.3803820e+06   4.2236328e+01
   5.3909800e+06   4.1748047e+01
   5.4358160e+06   4.4006348e+01
   5.4671500e+06   4.5104980e+01
   5.4893990e+06   4.1992188e+01
   5.5207300e+06   4.7058105e+01
   5.5495710e+06   4.1198730e+01
   5.5632120e+06   4.6447754e+01
   5.6797550e+06   4.2053223e+01
   5.6962720e+06   4.2541504e+01
   5.7102730e+06   4.2602539e+01
   5.7130460e+06   4.4555664e+01
   5.7179290e+06   4.3029785e+01
   5.7390090e+06   4.1259766e+01
   5.7920990e+06   4.1625977e+01
   5.8218520e+06   4.5837402e+01
   5.8447090e+06   4.5410156e+01
   5.9007500e+06   4.2541504e+01
   5.9061190e+06   4.3640137e+01
   5.9130240e+06   4.7607422e+01
   6.0463140e+06   4.4799805e+01
   6.0475510e+06   4.2175293e+01
   6.0924830e+06   4.2663574e+01
   6.1203650e+06   4.2358398e+01
   6.1955800e+06   4.7302246e+01
   6.2281930e+06   4.4616699e+01
   6.4000790e+06   4.4311523e+01
   6.4159260e+06   4.8461914e+01
   6.4826370e+06   4.5654297e+01
   6.5051420e+06   4.9011230e+01
   6.5248480e+06   4.1809082e+01
   6.5621750e+06   4.5898438e+01
   6.5988970e+06   4.1931152e+01
   6.6702580e+06   4.6020508e+01
   6.7026180e+06   4.7790527e+01
   6.7178670e+06   4.1687012e+01
   6.7503020e+06   4.2907715e+01
   6.7838330e+06   5.6884766e+01
   6.8069910e+06   4.3762207e+01
   6.8107440e+06   4.1137695e+01
   6.8325120e+06   4.1320801e+01
   6.8880600e+06   4.2724609e+01
   6.8922820e+06   4.4555664e+01
   6.9253450e+06   4.1564941e+01
   6.9351880e+06   4.5043945e+01
   6.9526400e+06   4.3273926e+01
   6.9526960e+06   4.3518066e+01
   7.0071410e+06   4.4494629e+01
   7.0899720e+06   4.4738770e+01
   7.1728880e+06   4.2297363e+01
   7.1765290e+06   4.3884277e+01
   7.2300020e+06   4.4555664e+01
   7.3038610e+06   4.2236328e+01
   7.3243000e+06   4.3945312e+01
   7.3307120e+06   4.2907715e+01
   7.3681160e+06   4.1564941e+01
   7.3869240e+06   4.2297363e+01
   7.4352520e+06   4.3334961e+01
   7.4629250e+06   4.4616699e+01
   7.5646010e+06   4.6020508e+01
   7.6171920e+06   4.2968750e+01
   7.6304440e+06   4.1564941e+01
   7.7290490e+06   4.4372559e+01
   7.7459140e+06   4.1748047e+01
   7.7469540e+06   4.1931152e+01
   7.7876150e+06   4.8095703e+01
   7.8038150e+06   4.1870117e+01
   7.8639140e+06   4.3518066e+01
   7.8657070e+06   4.3334961e+01
   7.8898700e+06   4.4067383e+01
   7.9155820e+06   4.1381836e+01
   7.9180480e+06   4.9255371e+01
   7.9288550e+06   4.1442871e+01
   7.9343180e+06   4.2114258e+01
   7.9477190e+06   4.8889160e+01
   7.9504270e+06   4.4067383e+01
   7.9614470e+06   4.3518066e+01
   8.0522830e+06   4.3090820e+01
   8.0673450e+06   4.8767090e+01
   8.0731910e+06   4.1259766e+01
   8.1151160e+06   4.7241211e+01
   8.1917120e+06   4.1259766e+01
   8.1932530e+06   4.1992188e+01
   8.3218740e+06   4.2114258e+01
   8.3574220e+06   4.2602539e+01
   8.3777810e+06   4.2419434e+01
   8.3967010e+06   5.0109863e+01
   8.4074450e+06   4.1809082e+01
   8.5593270e+06   4.1931152e+01
   8.5711790e+06   4.2907715e+01
   8.5721280e+06   4.1931152e+01
   8.5782390e+06   4.2419434e+01
   8.6822820e+06   4.2053223e+01
   8.7076040e+06   4.2114258e+01
   8.7283290e+06   4.3640137e+01
   8.7599800e+06   4.4494629e+01
   8.7796530e+06   4.7912598e+01
   8.8896870e+06   4.5043945e+01
   8.9033760e+06   4.6264648e+01
