   8.9990000e+06   0.0000000e+00
   5.3310000e+03   3.9855957e+01
   7.8730000e+03   4.1442871e+01
   8.6460000e+03   3.9184570e+01
   2.6007000e+04   4.7424316e+01
   2.7636000e+04   3.8574219e+01
   4.2294000e+04   3.9001465e+01
   4.8178000e+04   4.7729492e+01
   8.4394000e+04   4.9072266e+01
   9.6149000e+04   4.3395996e+01
   1.0494000e+05   4.6325684e+01
   1.1230200e+05   4.3640137e+01
   1.3771600e+05   4.0832520e+01
   1.4698700e+05   3.8269043e+01
   1.4746800e+05   3.9733887e+01
   1.4995200e+05   3.8269043e+01
   1.5806600e+05   4.7973633e+01
   1.6623800e+05   4.3273926e+01
   1.9192000e+05   4.0466309e+01
   2.2408700e+05   4.3151855e+01
   2.2749500e+05   3.8513184e+01
   2.3366800e+05   3.9367676e+01
   2.4604400e+05   3.7902832e+01
   2.6360600e+05   4.1320801e+01
   2.7634500e+05   4.4250488e+01
   2.8707100e+05   4.5104980e+01
   2.8759900e+05   4.1076660e+01
   3.0570700e+05   3.9855957e+01
   3.1925000e+05   4.3945312e+01
   3.3086100e+05   4.6630859e+01
   3.4590000e+05   4.8889160e+01
   3.5005100e+05   3.8269043e+01
   3.7703000e+05   5.7189941e+01
   3.8339200e+05   4.7058105e+01
   4.0685500e+05   4.3334961e+01
   4.3384800e+05   4.4616699e+01
   4.4784500e+05   3.8330078e+01
   4.5448900e+05   4.1320801e+01
   4.8255500e+05   4.3334961e+01
   4.8781000e+05   3.8940430e+01
   5.1400500e+05   3.7780762e+01
   5.2210500e+05   4.8645020e+01
   5.3965000e+05   4.5227051e+01
   5.4048600e+05   3.8024902e+01
   5.5415000e+05   3.9794922e+01
   5.5558300e+05   3.8452148e+01
   5.7134700e+05   3.9916992e+01
   5.7911000e+05   3.8391113e+01
   5.9698800e+05   4.5593262e+01
   6.1464300e+05   4.7485352e+01
   6.1566800e+05   4.0527344e+01
   6.3911200e+05   3.9367676e+01
   6.3992400e+05   4.0100098e+01
   6.4802100e+05   4.2297363e+01
   6.6078200e+05   4.1503906e+01
   6.6166500e+05   4.2480469e+01
   6.8522900e+05   4.0100098e+01
   7.0702900e+05   3.8513184e+01
   7.2201600e+05   4.5288086e+01
   7.2879600e+05   5.1696777e+01
   7.2935700e+05   3.9428711e+01
   7.4608300e+05   4.2724609e+01
   7.6158900e+05   3.7780762e+01
   7.7540200e+05   3.8085938e+01
   7.9185800e+05   4.1442871e+01
   7.9244100e+05   4.1870117e+01
   8.2138100e+05   3.8879395e+01
   8.3348300e+05   3.9550781e+01
   8.4276000e+05   3.8513184e+01
   8.4339400e+05   3.8818359e+01
   8.5655200e+05   4.0710449e+01
   8.8124700e+05   4.6142578e+01
   8.8726000e+05   3.9855957e+01
   9.0329300e+05   4.5654297e+01
   9.1397700e+05   4.1259766e+01
   9.1461400e+05   3.8879395e+01
   9.1547100e+05   4.3762207e+01
   9.3505000e+05   4.2480469e+01
   9.4526600e+05   4.5654297e+01
   9.7564500e+05   4.0893555e+01
   9.8662100e+05   4.7912598e+01
   9.9610400e+05   3.9062500e+01
   9.9998300e+05   3.8513184e+01
   1.0102790e+06   4.6081543e+01
   1.0140110e+06   3.8146973e+01
   1.0174210e+06   3.8146973e+01
   1.0267800e+06   4.2297363e+01
   1.0313300e+06   3.9794922e+01
   1.0473560e+06   4.6325684e+01
   1.0735110e+06   4.4738770e+01
   1.0812140e+06   3.7780762e+01
   1.0898700e+06   3.8818359e+01
   1.1023180e+06   4.5104980e+01
   1.1126880e+06   4.4006348e+01
   1.1189590e+06   4.0588379e+01
   1.1356440e+06   4.0405273e+01
   1.1400760e+06   3.8269043e+01
   1.1615650e+06   3.9611816e+01
   1.1708590e+06   3.9062500e+01
   1.1748040e+06   3.8269043e+01
   1.1779820e+06   4.5471191e+01
   1.1789210e+06   3.7902832e+01
   1.2000890e+06   5.3161621e+01
   1.2005450e+06   3.9062500e+01
   1.2159150e+06   4.6691895e+01
   1.2392410e+06   4.9255371e+01
   1.2485750e+06   4.4067383e+01
   1.2540850e+06   4.4494629e+01
   1.2635270e+06   4.1076660e+01
   1.2755480e+06   3.8452148e+01
   1.2874410e+06   3.8391113e+01
   1.2893340e+06   3.7841797e+01
   1.3021460e+06   4.6813965e+01
   1.3115810e+06   4.4860840e+01
   1.3166560e+06   4.0771484e+01
   1.3211120e+06   3.7841797e+01
   1.3380370e+06   4.4433594e+01
   1.3482280e+06   4.4555664e+01
   1.3577290e+06   4.1503906e+01
   1.3618760e+06   4.3457031e+01
   1.3671180e+06   4.0771484e+01
   1.3755090e+06   4.0344238e+01
   1.3774840e+06   4.1381836e+01
   1.3998390e+06   4.4555664e+01
   1.4111220e+06   5.1147461e+01
   1.4376910e+06   5.7861328e+01
   1.4552800e+06   3.9978027e+01
   1.4573540e+06   3.8635254e+01
   1.4790540e+06   4.5532227e+01
   1.4914980e+06   4.7485352e+01
   1.5006700e+06   4.1564941e+01
   1.5094110e+06   4.1870117e+01
   1.5160260e+06   4.5654297e+01
   1.5191600e+06   5.4870605e+01
   1.5253900e+06   4.5959473e+01
   1.5427230e+06   4.2907715e+01
   1.5471930e+06   4.2358398e+01
   1.5539840e+06   3.9367676e+01
   1.5870080e+06   4.1198730e+01
   1.5908340e+06   3.9550781e+01
   1.6000920e+06   3.8452148e+01
   1.6044660e+06   3.9978027e+01
   1.6130050e+06   4.1564941e+01
   1.6198760e+06   3.8574219e+01
   1.6210920e+06   4.1442871e+01
   1.6339570e+06   3.9978027e+01
   1.6504570e+06   4.2724609e+01
   1.6587890e+06   4.2968750e+01
   1.6713950e+06   4.7973633e+01
   1.6829270e+06   3.8085938e+01
   1.6922810e+06   4.0893555e+01
   1.7049830e+06   4.5837402e+01
   1.7101960e+06   4.1259766e+01
   1.7214160e+06   4.1625977e+01
   1.7290270e+06   4.3579102e+01
   1.7445850e+06   4.0832520e+01
   1.7515000e+06   4.4677734e+01
   1.7682230e+06   3.8269043e+01
   1.7772190e+06   4.4921875e+01
   1.7857920e+06   4.0100098e+01
   1.7898260e+06   4.4311523e+01
   1.8056380e+06   4.4494629e+01
   1.8226270e+06   4.1687012e+01
   1.8232440e+06   3.9428711e+01
   1.8286090e+06   4.2480469e+01
   1.8401000e+06   3.7841797e+01
   1.8404360e+06   3.8146973e+01
   1.8465950e+06   3.8024902e+01
   1.8515690e+06   4.2968750e+01
   1.8609780e+06   4.3029785e+01
   1.8711950e+06   4.0405273e+01
   1.8836610e+06   4.3762207e+01
   1.8927890e+06   4.0405273e+01
   1.9112490e+06   3.9611816e+01
   1.9228580e+06   5.0292969e+01
   1.9270270e+06   3.7963867e+01
   1.9474950e+06   4.2053223e+01
   1.9646510e+06   3.8818359e+01
   1.9741280e+06   3.8085938e+01
   1.9839900e+06   3.7963867e+01
   2.0137900e+06   5.0903320e+01
   2.0230720e+06   4.4189453e+01
   2.0300780e+06   3.8269043e+01
   2.0352360e+06   3.8757324e+01
   2.0566120e+06   4.2358398e+01
   2.0638080e+06   4.1564941e+01
   2.0756960e+06   4.3029785e+01
   2.0867270e+06   3.9245605e+01
   2.1071740e+06   4.2419434e+01
   2.1170850e+06   5.1452637e+01
   2.1341460e+06   4.5349121e+01
   2.1558270e+06   4.7546387e+01
   2.1568040e+06   3.9062500e+01
   2.1614940e+06   4.0405273e+01
   2.1667850e+06   4.0039062e+01
   2.1677890e+06   4.1809082e+01
   2.1777240e+06   4.5593262e+01
   2.1790520e+06   3.8146973e+01
   2.1850080e+06   3.8269043e+01
   2.1918850e+06   4.4738770e+01
   2.2002280e+06   4.6936035e+01
   2.2123210e+06   4.1076660e+01
   2.2161710e+06   4.1625977e+01
   2.2168570e+06   3.8330078e+01
   2.2257840e+06   3.9489746e+01
   2.2260410e+06   4.1320801e+01
   2.2362420e+06   4.2968750e+01
   2.2382020e+06   3.8208008e+01
   2.2458050e+06   3.9245605e+01
   2.2560950e+06   4.2602539e+01
   2.2671060e+06   4.4616699e+01
   2.2742150e+06   4.1320801e+01
   2.2818770e+06   4.2724609e+01
   2.2928000e+06   4.9377441e+01
   2.3040490e+06   4.2175293e+01
   2.3090820e+06   3.7963867e+01
   2.3118560e+06   3.7963867e+01
   2.3208420e+06   4.0283203e+01
   2.3341960e+06   4.3823242e+01
   2.3486170e+06   4.3090820e+01
   2.3644040e+06   3.8940430e+01
   2.3713560e+06   3.9794922e+01
   2.3893930e+06   4.1442871e+01
   2.3998210e+06   3.8085938e+01
   2.4062550e+06   4.3334961e+01
   2.4101000e+06   3.8330078e+01
   2.4111380e+06   3.8696289e+01
   2.4258050e+06   4.2907715e+01
   2.4289870e+06   3.8330078e+01
   2.4354680e+06   3.9367676e+01
   2.4605900e+06   4.5532227e+01
   2.4720200e+06   3.8269043e+01
   2.4862090e+06   3.9672852e+01
   2.5354630e+06   5.6335449e+01
   2.5401810e+06   4.2297363e+01
   2.5489000e+06   3.8635254e+01
   2.5580050e+06   3.8696289e+01
   2.5776700e+06   5.1269531e+01
   2.5810140e+06   3.9672852e+01
   2.5878820e+06   4.1992188e+01
   2.5996730e+06   4.3579102e+01
   2.6168880e+06   4.2114258e+01
   2.6411790e+06   4.6386719e+01
   2.6572730e+06   4.0893555e+01
   2.6613140e+06   4.2175293e+01
   2.6771040e+06   3.9306641e+01
   2.6852650e+06   4.0039062e+01
   2.7024270e+06   4.3090820e+01
   2.7044150e+06   4.4372559e+01
   2.7176190e+06   4.6447754e+01
   2.7217260e+06   3.8940430e+01
   2.7413460e+06   4.6875000e+01
   2.7494860e+06   4.5166016e+01
   2.7542430e+06   4.1015625e+01
   2.7651270e+06   3.9978027e+01
   2.7863260e+06   3.8513184e+01
   2.7967060e+06   4.6386719e+01
   2.8216440e+06   3.8024902e+01
   2.8324220e+06   3.9428711e+01
   2.8372320e+06   4.5227051e+01
   2.8445910e+06   4.6020508e+01
   2.8557700e+06   3.9184570e+01
   2.8617090e+06   4.6020508e+01
   2.8659860e+06   4.3151855e+01
   2.8698500e+06   4.5227051e+01
   2.8738490e+06   4.6630859e+01
   2.8987210e+06   4.2053223e+01
   2.8992940e+06   4.1625977e+01
   2.9095560e+06   4.1809082e+01
   2.9278150e+06   3.8146973e+01
   2.9409870e+06   3.8269043e+01
   2.9493250e+06   3.9184570e+01
   2.9505860e+06   3.9001465e+01
   2.9514220e+06   4.1015625e+01
   2.9627350e+06   4.2846680e+01
   2.9728150e+06   3.9489746e+01
   2.9977820e+06   4.6203613e+01
   3.0104300e+06   3.8146973e+01
   3.0127850e+06   4.2480469e+01
   3.0167450e+06   4.2297363e+01
   3.0396650e+06   3.9184570e+01
   3.0415030e+06   3.8024902e+01
   3.0526340e+06   4.5227051e+01
   3.0640170e+06   4.6813965e+01
   3.0692770e+06   4.0588379e+01
   3.0776250e+06   4.4189453e+01
   3.1017670e+06   3.9001465e+01
   3.1036450e+06   4.1076660e+01
   3.1147030e+06   3.8146973e+01
   3.1280100e+06   4.2602539e+01
   3.1438460e+06   3.9428711e+01
   3.1616990e+06   4.1625977e+01
   3.1628190e+06   4.0222168e+01
   3.1793120e+06   3.8879395e+01
   3.1883370e+06   4.2175293e+01
   3.2004060e+06   3.9062500e+01
   3.2043900e+06   3.8635254e+01
   3.2189600e+06   3.8269043e+01
   3.2338930e+06   3.9184570e+01
   3.2490260e+06   5.1086426e+01
   3.2579470e+06   4.2602539e+01
   3.2590200e+06   3.9672852e+01
   3.2685450e+06   3.8574219e+01
   3.2731610e+06   4.0771484e+01
   3.2903560e+06   4.3518066e+01
   3.2946780e+06   3.9978027e+01
   3.2962660e+06   4.1748047e+01
   3.3130350e+06   4.7180176e+01
   3.3200700e+06   4.1809082e+01
   3.3290100e+06   3.9855957e+01
   3.3325380e+06   3.8146973e+01
   3.3463190e+06   5.2673340e+01
   3.3509790e+06   3.8696289e+01
   3.3562750e+06   3.8513184e+01
   3.3696700e+06   3.9916992e+01
   3.3712200e+06   3.8513184e+01
   3.3791680e+06   4.2907715e+01
   3.4045050e+06   3.9001465e+01
   3.4076730e+06   3.9672852e+01
   3.4130150e+06   4.6691895e+01
   3.4285130e+06   4.1625977e+01
   3.4366010e+06   4.1564941e+01
   3.4584300e+06   3.9489746e+01
   3.4896620e+06   3.8574219e+01
   3.5131460e+06   4.0771484e+01
   3.5308540e+06   3.7780762e+01
   3.5350500e+06   3.9489746e+01
   3.5433430e+06   4.3762207e+01
   3.5601350e+06   4.2968750e+01
   3.5615400e+06   4.1381836e+01
   3.5766970e+06   3.8696289e+01
   3.5877860e+06   4.6142578e+01
   3.5944700e+06   4.0344238e+01
   3.5963080e+06   3.8574219e+01
   3.6096920e+06   3.8024902e+01
   3.6108500e+06   3.8696289e+01
   3.6210190e+06   3.8696289e+01
   3.6296290e+06   3.8452148e+01
   3.6349110e+06   4.3762207e+01
   3.6492620e+06   4.2907715e+01
   3.6551560e+06   4.5898438e+01
   3.6665950e+06   3.9733887e+01
   3.6822010e+06   4.1137695e+01
   3.6940780e+06   4.3579102e+01
   3.7298890e+06   4.1198730e+01
   3.7446250e+06   4.4006348e+01
   3.7473010e+06   4.0710449e+01
   3.7548190e+06   3.9489746e+01
   3.7627540e+06   4.5593262e+01
   3.7843950e+06   3.8452148e+01
   3.7955430e+06   3.8696289e+01
   3.8111750e+06   3.8696289e+01
   3.8220050e+06   4.1320801e+01
   3.8289090e+06   4.2114258e+01
   3.8451740e+06   4.0527344e+01
   3.8637310e+06   4.4372559e+01
   3.8796850e+06   3.7841797e+01
   3.8852060e+06   4.0405273e+01
   3.8954600e+06   4.2724609e+01
   3.9011890e+06   4.0954590e+01
   3.9072620e+06   4.0161133e+01
   3.9115010e+06   3.8879395e+01
   3.9195600e+06   3.8391113e+01
   3.9201020e+06   4.4616699e+01
   3.9279930e+06   3.9123535e+01
   3.9464900e+06   4.2053223e+01
   3.9646390e+06   3.8879395e+01
   3.9733420e+06   3.7780762e+01
   3.9963300e+06   4.1442871e+01
   3.9982470e+06   4.6081543e+01
   4.0157010e+06   3.7963867e+01
   4.0219460e+06   3.9184570e+01
   4.0577820e+06   4.4860840e+01
   4.0623920e+06   3.9489746e+01
   4.0635520e+06   3.7902832e+01
   4.0679990e+06   4.3334961e+01
   4.0737370e+06   3.9001465e+01
   4.1087780e+06   3.8635254e+01
   4.1277630e+06   3.9794922e+01
   4.1384500e+06   4.4494629e+01
   4.1421450e+06   4.2968750e+01
   4.1465110e+06   3.9611816e+01
   4.1579490e+06   4.2297363e+01
   4.1874310e+06   4.1198730e+01
   4.1924730e+06   3.8879395e+01
   4.1976560e+06   4.0161133e+01
   4.2058260e+06   3.7963867e+01
   4.2146160e+06   4.0222168e+01
   4.2386740e+06   4.2236328e+01
   4.2424950e+06   3.9123535e+01
   4.2573690e+06   4.0100098e+01
   4.2580620e+06   4.3029785e+01
   4.2593020e+06   3.8757324e+01
   4.2650960e+06   5.1086426e+01
   4.2832470e+06   4.0588379e+01
   4.2936220e+06   3.9489746e+01
   4.3088260e+06   3.9489746e+01
   4.3279950e+06   4.7363281e+01
   4.3428740e+06   4.0283203e+01
   4.3465810e+06   4.7363281e+01
   4.3707610e+06   4.3823242e+01
   4.3858550e+06   3.9062500e+01
   4.3997120e+06   3.8269043e+01
   4.4089480e+06   4.3945312e+01
   4.4121800e+06   3.9916992e+01
   4.4243990e+06   4.7851562e+01
   4.4349860e+06   3.8818359e+01
   4.4497640e+06   4.2602539e+01
   4.4547230e+06   3.8879395e+01
   4.4678750e+06   3.9245605e+01
   4.4696600e+06   3.7902832e+01
   4.4895240e+06   3.9794922e+01
   4.5011420e+06   3.8513184e+01
   4.5185140e+06   3.9550781e+01
   4.5289530e+06   3.9306641e+01
   4.5452730e+06   4.5349121e+01
   4.5526000e+06   4.2114258e+01
   4.5530950e+06   3.9489746e+01
   4.5710840e+06   3.7780762e+01
   4.5731240e+06   3.8940430e+01
   4.5951120e+06   3.9489746e+01
   4.5968030e+06   4.2724609e+01
   4.6116130e+06   4.1015625e+01
   4.6346720e+06   3.9489746e+01
   4.6355110e+06   4.5532227e+01
   4.6639750e+06   4.8645020e+01
   4.6677950e+06   4.1931152e+01
   4.6746900e+06   3.9611816e+01
   4.6882130e+06   3.8879395e+01
   4.7027690e+06   4.5410156e+01
   4.7100140e+06   4.2602539e+01
   4.7136510e+06   4.4128418e+01
   4.7316010e+06   4.7912598e+01
   4.7540050e+06   4.0771484e+01
   4.7545190e+06   3.8452148e+01
   4.7681940e+06   5.5419922e+01
   4.7839850e+06   4.2236328e+01
   4.8172890e+06   3.9916992e+01
   4.8345840e+06   4.6569824e+01
   4.8419680e+06   3.8513184e+01
   4.8578970e+06   5.5297852e+01
   4.8879650e+06   4.6325684e+01
   4.8935350e+06   3.8818359e+01
   4.9027630e+06   4.0100098e+01
   4.9032450e+06   4.0771484e+01
   4.9162320e+06   4.0649414e+01
   4.9271560e+06   4.4738770e+01
   4.9521030e+06   4.5410156e+01
   4.9723480e+06   4.6813965e+01
   5.0025150e+06   4.3151855e+01
   5.0162700e+06   4.1137695e+01
   5.0168690e+06   4.2724609e+01
   5.0429580e+06   4.7485352e+01
   5.0473720e+06   3.8146973e+01
   5.0478000e+06   3.8513184e+01
   5.0694330e+06   4.1259766e+01
   5.0759590e+06   4.2602539e+01
   5.0949960e+06   4.6142578e+01
   5.1233110e+06   4.3518066e+01
   5.1248300e+06   3.8146973e+01
   5.1350460e+06   4.3212891e+01
   5.1578480e+06   5.1391602e+01
   5.1593180e+06   4.6142578e+01
   5.1683480e+06   4.9255371e+01
   5.1770020e+06   4.2541504e+01
   5.1779690e+06   3.9001465e+01
   5.1875610e+06   3.9428711e+01
   5.1911120e+06   3.8208008e+01
   5.2021940e+06   4.4250488e+01
   5.2186460e+06   4.3151855e+01
   5.2195420e+06   3.8024902e+01
   5.2258900e+06   4.8217773e+01
   5.2408540e+06   4.8278809e+01
   5.2543350e+06   4.5898437e+01
   5.2604040e+06   3.9428711e+01
   5.2834870e+06   4.0283203e+01
   5.2854830e+06   4.5349121e+01
   5.2970670e+06   4.1198730e+01
   5.3191690e+06   4.5410156e+01
   5.3230390e+06   4.5898437e+01
   5.3356570e+06   4.5898438e+01
   5.3600440e+06   3.8513184e+01
   5.3659000e+06   4.3029785e+01
   5.3735390e+06   5.3955078e+01
   5.3924420e+06   4.9865723e+01
   5.3999470e+06   4.4616699e+01
   5.4302250e+06   3.9733887e+01
   5.4497300e+06   3.9978027e+01
   5.4734940e+06   4.2419434e+01
   5.4814000e+06   4.3090820e+01
   5.4957350e+06   3.9001465e+01
   5.5038680e+06   4.4799805e+01
   5.5178150e+06   4.6508789e+01
   5.5189550e+06   3.9367676e+01
   5.5353850e+06   4.2236328e+01
   5.5616990e+06   4.3273926e+01
   5.5630060e+06   4.3151855e+01
   5.5639830e+06   3.9855957e+01
   5.5763900e+06   3.8146973e+01
   5.5816570e+06   4.5410156e+01
   5.5866960e+06   4.3945312e+01
   5.6201480e+06   3.8696289e+01
   5.6205600e+06   4.3151855e+01
   5.6305910e+06   3.8513184e+01
   5.6431370e+06   4.1564941e+01
   5.6442290e+06   4.1320801e+01
   5.6570680e+06   5.8776855e+01
   5.6646080e+06   4.3518066e+01
   5.6650820e+06   3.8513184e+01
   5.6748900e+06   4.5471191e+01
   5.6838200e+06   3.9978027e+01
   5.6947920e+06   3.9611816e+01
   5.7037340e+06   5.0170898e+01
   5.7054850e+06   3.7841797e+01
   5.7171690e+06   4.3395996e+01
   5.7475410e+06   4.3151855e+01
   5.7568790e+06   3.9062500e+01
   5.7581920e+06   3.8757324e+01
   5.7692040e+06   4.4982910e+01
   5.7836600e+06   4.2053223e+01
   5.7842440e+06   3.8024902e+01
   5.7997890e+06   4.1137695e+01
   5.8015560e+06   4.0344238e+01
   5.8107920e+06   3.8635254e+01
   5.8170760e+06   3.9428711e+01
   5.8246320e+06   4.3518066e+01
   5.8478130e+06   3.8879395e+01
   5.8523580e+06   4.1503906e+01
   5.8557570e+06   3.9489746e+01
   5.8620780e+06   4.2663574e+01
   5.8728110e+06   5.2978516e+01
   5.8820330e+06   3.7902832e+01
   5.8982560e+06   4.3579102e+01
   5.9048220e+06   4.6142578e+01
   5.9065640e+06   3.8757324e+01
   5.9181270e+06   5.0415039e+01
   5.9191700e+06   4.2236328e+01
   5.9329880e+06   3.7841797e+01
   5.9387710e+06   3.7963867e+01
   5.9434030e+06   4.7912598e+01
   5.9532290e+06   4.7363281e+01
   5.9542820e+06   4.2968750e+01
   5.9673640e+06   3.9428711e+01
   5.9721570e+06   3.9428711e+01
   5.9827150e+06   4.2480469e+01
   6.0042590e+06   5.1391602e+01
   6.0071030e+06   3.9062500e+01
   6.0352130e+06   4.1625977e+01
   6.0465430e+06   3.9245605e+01
   6.0474700e+06   4.1442871e+01
   6.0559330e+06   3.8696289e+01
   6.0606350e+06   3.8452148e+01
   6.0720170e+06   4.8034668e+01
   6.0858720e+06   3.8452148e+01
   6.0990430e+06   4.0283203e+01
   6.0993660e+06   4.4311523e+01
   6.1130590e+06   4.0039062e+01
   6.1140900e+06   4.0161133e+01
   6.1293140e+06   4.0527344e+01
   6.1473730e+06   4.6630859e+01
   6.1520510e+06   3.8391113e+01
   6.1575760e+06   3.9123535e+01
   6.1617690e+06   4.2297363e+01
   6.1688580e+06   4.3151855e+01
   6.1783560e+06   4.2541504e+01
   6.1996580e+06   4.1137695e+01
   6.2009160e+06   4.3579102e+01
   6.2029020e+06   3.9794922e+01
   6.2185130e+06   3.9428711e+01
   6.2191320e+06   3.8269043e+01
   6.2278230e+06   4.2297363e+01
   6.2314550e+06   4.1870117e+01
   6.2472640e+06   5.0109863e+01
   6.2565090e+06   4.2907715e+01
   6.2574000e+06   3.8146973e+01
   6.2632390e+06   3.8330078e+01
   6.2721120e+06   4.2236328e+01
   6.2842890e+06   4.4250488e+01
   6.2876250e+06   4.0832520e+01
   6.3302200e+06   5.7495117e+01
   6.3391520e+06   3.8269043e+01
   6.3399090e+06   4.3579102e+01
   6.3466840e+06   3.9916992e+01
   6.3472650e+06   3.8146973e+01
   6.3696380e+06   3.8024902e+01
   6.3704110e+06   4.1564941e+01
   6.3768860e+06   4.5898438e+01
   6.4038170e+06   4.0222168e+01
   6.4130200e+06   3.8024902e+01
   6.4135070e+06   4.0344238e+01
   6.4342280e+06   3.9855957e+01
   6.4358290e+06   3.9123535e+01
   6.4412510e+06   4.2114258e+01
   6.4430690e+06   3.8146973e+01
   6.4573310e+06   4.5227051e+01
   6.4582700e+06   4.2907715e+01
   6.4679190e+06   4.3212891e+01
   6.4810310e+06   4.1442871e+01
   6.4870340e+06   3.9367676e+01
   6.4952030e+06   4.6569824e+01
   6.5393800e+06   4.2907715e+01
   6.5415860e+06   3.8024902e+01
   6.5466250e+06   3.8146973e+01
   6.5554640e+06   3.8330078e+01
   6.5592800e+06   3.7963867e+01
   6.5673770e+06   4.2602539e+01
   6.5725440e+06   3.9001465e+01
   6.5829590e+06   4.1503906e+01
   6.5980400e+06   4.3945312e+01
   6.6055400e+06   4.5227051e+01
   6.6131410e+06   4.2053223e+01
   6.6258530e+06   3.8696289e+01
   6.6345840e+06   3.8146973e+01
   6.6412390e+06   3.9733887e+01
   6.6424960e+06   3.8452148e+01
   6.6437430e+06   4.0466309e+01
   6.6523630e+06   3.9611816e+01
   6.6621990e+06   3.9855957e+01
   6.6695280e+06   3.8452148e+01
   6.6743830e+06   4.0588379e+01
   6.6872740e+06   4.0222168e+01
   6.6942320e+06   3.8513184e+01
   6.7067860e+06   4.0283203e+01
   6.7134340e+06   3.9001465e+01
   6.7141860e+06   3.8513184e+01
   6.7265130e+06   4.4250488e+01
   6.7278090e+06   3.7902832e+01
   6.7334490e+06   4.0649414e+01
   6.7439070e+06   4.2846680e+01
   6.7709080e+06   4.3334961e+01
   6.7752240e+06   3.8208008e+01
   6.7808920e+06   4.7912598e+01
   6.8002580e+06   4.1687012e+01
   6.8048100e+06   4.5043945e+01
   6.8154210e+06   4.4982910e+01
   6.8179710e+06   4.6081543e+01
   6.8303770e+06   3.7841797e+01
   6.8448660e+06   4.0405273e+01
   6.8545680e+06   4.1870117e+01
   6.8570150e+06   3.7963867e+01
   6.8575680e+06   3.8757324e+01
   6.8613650e+06   3.8085938e+01
   6.9062260e+06   4.1564941e+01
   6.9178240e+06   4.4860840e+01
   6.9183640e+06   3.8146973e+01
   6.9367680e+06   4.0100098e+01
   6.9380880e+06   4.0527344e+01
   6.9473970e+06   3.9306641e+01
   6.9502800e+06   4.2419434e+01
   6.9507420e+06   4.0405273e+01
   6.9785190e+06   4.2724609e+01
   6.9842520e+06   4.2846680e+01
   6.9990930e+06   4.6203613e+01
   7.0001890e+06   4.1503906e+01
   7.0045360e+06   4.4921875e+01
   7.0139020e+06   5.2673340e+01
   7.0227160e+06   3.7841797e+01
   7.0367490e+06   4.1564941e+01
   7.0516980e+06   4.6630859e+01
   7.0678460e+06   4.5288086e+01
   7.0909450e+06   3.9306641e+01
   7.0982400e+06   4.2907715e+01
   7.0991670e+06   4.0832520e+01
   7.1103790e+06   3.8024902e+01
   7.1222410e+06   4.2236328e+01
   7.1242380e+06   4.0344238e+01
   7.1306520e+06   3.9794922e+01
   7.1467530e+06   4.3945312e+01
   7.1573810e+06   3.8574219e+01
   7.1694020e+06   3.9367676e+01
   7.1710440e+06   4.3090820e+01
   7.1750260e+06   3.8879395e+01
   7.1867940e+06   4.1381836e+01
   7.1938980e+06   4.0649414e+01
   7.2040710e+06   5.0415039e+01
   7.2145230e+06   4.1137695e+01
   7.2212460e+06   3.9733887e+01
   7.2240650e+06   4.4494629e+01
   7.2493760e+06   4.3518066e+01
   7.2524040e+06   4.2541504e+01
   7.2851700e+06   3.8024902e+01
   7.2895080e+06   4.1564941e+01
   7.3014500e+06   4.3334961e+01
   7.3135750e+06   4.3823242e+01
   7.3256170e+06   4.1931152e+01
   7.3436340e+06   5.0598145e+01
   7.3483230e+06   4.0466309e+01
   7.3587890e+06   4.5959473e+01
   7.3595830e+06   4.0283203e+01
   7.3714520e+06   4.2236328e+01
   7.3870030e+06   4.6325684e+01
   7.3878690e+06   3.9245605e+01
   7.3950390e+06   4.2907715e+01
   7.3977610e+06   4.4250488e+01
   7.4045920e+06   4.2541504e+01
   7.4128760e+06   4.1198730e+01
   7.4196810e+06   4.4616699e+01
   7.4222620e+06   4.1442871e+01
   7.4298130e+06   4.3212891e+01
   7.4369840e+06   4.7363281e+01
   7.4379290e+06   4.1320801e+01
   7.4432610e+06   3.9916992e+01
   7.4611050e+06   4.3457031e+01
   7.4619650e+06   3.9184570e+01
   7.4675070e+06   3.7841797e+01
   7.4805450e+06   4.5532227e+01
   7.4813940e+06   3.8330078e+01
   7.4977260e+06   4.1259766e+01
   7.5127810e+06   4.6752930e+01
   7.5143910e+06   4.6386719e+01
   7.5238380e+06   3.8085938e+01
   7.5244420e+06   4.2175293e+01
   7.5417250e+06   4.1381836e+01
   7.5436680e+06   4.0222168e+01
   7.5672930e+06   4.5288086e+01
   7.5788460e+06   4.2541504e+01
   7.5998110e+06   4.1198730e+01
   7.6058170e+06   4.0100098e+01
   7.6245760e+06   3.9306641e+01
   7.6305380e+06   3.9733887e+01
   7.6328090e+06   4.4921875e+01
   7.6433020e+06   4.1687012e+01
   7.6752250e+06   4.4006348e+01
   7.6842580e+06   4.0588379e+01
   7.6982640e+06   3.7841797e+01
   7.7105470e+06   4.9621582e+01
   7.7109160e+06   3.9001465e+01
   7.7322480e+06   4.3334961e+01
   7.7495740e+06   3.8024902e+01
   7.7564240e+06   4.3884277e+01
   7.7675810e+06   4.1931152e+01
   7.7722160e+06   4.5837402e+01
   7.7780890e+06   4.5593262e+01
   7.8016380e+06   4.1870117e+01
   7.8109020e+06   4.5104980e+01
   7.8141740e+06   3.9245605e+01
   7.8224200e+06   3.9123535e+01
   7.8282990e+06   4.0283203e+01
   7.8313620e+06   4.1137695e+01
   7.8433000e+06   4.0405273e+01
   7.8546230e+06   3.8696289e+01
   7.8615820e+06   4.1503906e+01
   7.8793090e+06   4.3884277e+01
   7.8861880e+06   3.7841797e+01
   7.8994030e+06   4.0832520e+01
   7.9031570e+06   4.1992188e+01
   7.9282150e+06   4.7424316e+01
   7.9289980e+06   4.1503906e+01
   7.9486160e+06   4.5654297e+01
   7.9543400e+06   3.9794922e+01
   7.9756790e+06   3.7902832e+01
   7.9761930e+06   3.8696289e+01
   7.9977740e+06   3.9733887e+01
   8.0001740e+06   3.9794922e+01
   8.0101190e+06   3.8818359e+01
   8.0198890e+06   4.4311523e+01
   8.0298470e+06   4.6386719e+01
   8.0326300e+06   3.7902832e+01
   8.0408190e+06   3.7963867e+01
   8.0597710e+06   4.1992188e+01
   8.0617960e+06   3.8940430e+01
   8.0720930e+06   4.0222168e+01
   8.0842030e+06   5.1452637e+01
   8.0885490e+06   4.6386719e+01
   8.0962930e+06   4.5593262e+01
   8.1039350e+06   3.8574219e+01
   8.1282740e+06   4.5837402e+01
   8.1562760e+06   4.1687012e+01
   8.1630400e+06   5.5419922e+01
   8.1667370e+06   4.1809082e+01
   8.1830590e+06   4.4006348e+01
   8.1903300e+06   4.1870117e+01
   8.2080080e+06   4.4067383e+01
   8.2218250e+06   4.1198730e+01
   8.2370470e+06   4.0039062e+01
   8.2420280e+06   4.2602539e+01
   8.2661210e+06   3.8940430e+01
   8.2740720e+06   4.1870117e+01
   8.2780080e+06   4.2358398e+01
   8.2904550e+06   4.3457031e+01
   8.3177690e+06   4.6813965e+01
   8.3192610e+06   4.2602539e+01
   8.3349510e+06   4.7302246e+01
   8.3464960e+06   4.6447754e+01
   8.3468990e+06   3.9855957e+01
   8.3530290e+06   4.1625977e+01
   8.3609850e+06   4.4677734e+01
   8.3621880e+06   3.9978027e+01
   8.3695980e+06   3.8574219e+01
   8.3730640e+06   4.6508789e+01
   8.3863890e+06   4.0344238e+01
   8.3971980e+06   4.3640137e+01
   8.4099220e+06   4.3518066e+01
   8.4102600e+06   3.9306641e+01
   8.4430640e+06   4.3762207e+01
   8.4541850e+06   3.7902832e+01
   8.4552590e+06   3.8696289e+01
   8.4573840e+06   4.0100098e+01
   8.4761070e+06   4.8095703e+01
   8.4904380e+06   3.9489746e+01
   8.5002290e+06   4.6386719e+01
   8.5054560e+06   4.7302246e+01
   8.5202410e+06   4.1870117e+01
   8.5308860e+06   4.3762207e+01
   8.5442760e+06   3.7780762e+01
   8.5574930e+06   4.0161133e+01
   8.5869920e+06   4.4799805e+01
   8.5880820e+06   3.9306641e+01
   8.6180460e+06   4.5532227e+01
   8.6184600e+06   4.2236328e+01
   8.6363280e+06   3.9184570e+01
   8.6400520e+06   4.5410156e+01
   8.6412430e+06   3.9489746e+01
   8.6516420e+06   3.7963867e+01
   8.6603700e+06   4.9194336e+01
   8.6998590e+06   4.0283203e+01
   8.7016750e+06   3.9062500e+01
   8.7132090e+06   4.3945312e+01
   8.7428130e+06   5.8898926e+01
   8.7490040e+06   4.3884277e+01
   8.7505790e+06   3.9611816e+01
   8.7680600e+06   4.0100098e+01
   8.7685220e+06   3.8269043e+01
   8.7720140e+06   3.9978027e+01
   8.7848920e+06   4.2236328e+01
   8.7955670e+06   4.1015625e+01
   8.8038900e+06   4.0527344e+01
   8.8097430e+06   3.8574219e+01
   8.8336170e+06   4.6020508e+01
   8.8364630e+06   3.9123535e+01
   8.8658080e+06   4.1809082e+01
   8.8670260e+06   3.7841797e+01
   8.9040540e+06   4.1259766e+01
   8.9136030e+06   3.9916992e+01
   8.9140520e+06   3.9428711e+01
   8.9235260e+06   3.9001465e+01
   8.9242780e+06   4.0466309e+01
   8.9441090e+06   3.9794922e+01
   8.9599800e+06   4.3212891e+01
   8.9637550e+06   3.9489746e+01
   8.9856550e+06   4.1992188e+01
