   8.9990000e+06   0.0000000e+00
   1.9096100e+05   6.2988281e+01
   1.9123200e+05   4.3151855e+01
   2.6370300e+05   5.6335449e+01
   3.3162500e+05   5.8166504e+01
   4.1694000e+05   6.1096191e+01
   4.1722800e+05   3.9245605e+01
   4.6913100e+05   7.3486328e+01
   4.6938900e+05   4.0222168e+01
   5.2649300e+05   8.1054688e+01
   5.2676300e+05   4.1748047e+01
   5.4371200e+05   6.2255859e+01
   5.6693700e+05   6.8115234e+01
   5.6712900e+05   3.8696289e+01
   6.8340200e+05   6.6711426e+01
   6.9302100e+05   3.9062500e+01
   7.0325300e+05   5.6884766e+01
   7.0356200e+05   4.3212891e+01
   7.2841100e+05   6.0607910e+01
   7.2972300e+05   4.6203613e+01
   7.5149600e+05   6.4575195e+01
   8.0228800e+05   6.2438965e+01
   8.0252900e+05   4.3395996e+01
   8.1342300e+05   6.9824219e+01
   8.3807800e+05   8.6914062e+01
   8.3839700e+05   4.6752930e+01
   8.6838300e+05   6.4941406e+01
   1.0035810e+06   6.5429688e+01
   1.0038800e+06   5.8776855e+01
   1.0431770e+06   7.0068359e+01
   1.0434020e+06   5.0903320e+01
   1.0713660e+06   7.0007324e+01
   1.0717010e+06   4.4311523e+01
   1.0850960e+06   6.2316895e+01
   1.0853640e+06   3.9367676e+01
   1.1255760e+06   6.7382812e+01
   1.1258060e+06   4.1442871e+01
   1.2068240e+06   7.1838379e+01
   1.2072530e+06   5.8105469e+01
   1.3507650e+06   6.2866211e+01
   1.3509620e+06   3.7658691e+01
   1.3809830e+06   7.0312500e+01
   1.3989670e+06   6.1645508e+01
   1.4309300e+06   6.1584473e+01
   1.4312620e+06   5.0170898e+01
   1.4883860e+06   5.7922363e+01
   1.5176070e+06   3.7353516e+01
   1.5499900e+06   8.1176758e+01
   1.5776530e+06   6.3659668e+01
   1.5997790e+06   6.7565918e+01
   1.6879610e+06   6.6772461e+01
   1.6882390e+06   4.6325684e+01
   1.7041030e+06   7.8491211e+01
   1.7043780e+06   4.2419434e+01
   1.7694410e+06   6.9519043e+01
   1.8596570e+06   6.1645508e+01
   1.8599920e+06   5.7617188e+01
   1.8776700e+06   6.8908691e+01
   1.9567740e+06   6.5002441e+01
   1.9570550e+06   4.0649414e+01
   1.9919090e+06   3.7902832e+01
   2.0160610e+06   7.3242188e+01
   2.0939860e+06   8.6181641e+01
   2.0942120e+06   3.9184570e+01
   2.1136780e+06   6.2622070e+01
   2.1557980e+06   6.4270020e+01
   2.2189620e+06   7.7514648e+01
   2.2192030e+06   4.4494629e+01
   2.2466140e+06   7.5439453e+01
   2.2703150e+06   7.6232910e+01
   2.2706480e+06   5.2673340e+01
   2.2805630e+06   6.8054199e+01
   2.2954580e+06   4.0283203e+01
   2.3691110e+06   7.1105957e+01
   2.3692660e+06   3.7353516e+01
   2.5289270e+06   7.2387695e+01
   2.5428260e+06   7.1472168e+01
   2.5623740e+06   8.1237793e+01
   2.5713010e+06   7.4645996e+01
   2.5998970e+06   6.7687988e+01
   2.6411030e+06   3.7719727e+01
   2.6464240e+06   7.1838379e+01
   2.6467910e+06   4.7668457e+01
   2.7064120e+06   3.8574219e+01
   2.7216680e+06   6.3842773e+01
   2.7218940e+06   3.8757324e+01
   2.7624220e+06   9.3811035e+01
   2.7627640e+06   4.6813965e+01
   2.9416480e+06   6.9580078e+01
   2.9418890e+06   4.3762207e+01
   2.9741780e+06   7.7514648e+01
   3.0350350e+06   6.4758301e+01
   3.0857930e+06   4.2846680e+01
   3.1149240e+06   7.4707031e+01
   3.1276610e+06   6.4514160e+01
   3.1847070e+06   7.2448730e+01
   3.1849110e+06   5.8410645e+01
   3.2240680e+06   6.7504883e+01
   3.3160240e+06   7.0190430e+01
   3.3317550e+06   3.9367676e+01
   3.3375640e+06   7.1777344e+01
   3.3377480e+06   3.8574219e+01
   3.3551330e+06   6.4636230e+01
   3.3759390e+06   7.2143555e+01
   3.3762400e+06   4.2663574e+01
   3.3902550e+06   3.7719727e+01
   3.3917960e+06   6.7626953e+01
   3.3921120e+06   4.5104980e+01
   3.3922970e+06   8.7158203e+01
   3.3925180e+06   4.1137695e+01
   3.5084960e+06   7.3303223e+01
   3.5087520e+06   4.3518066e+01
   3.5833840e+06   6.8908691e+01
   3.5836130e+06   4.4921875e+01
   3.6176550e+06   6.8176270e+01
   3.6178990e+06   4.3273926e+01
   3.7618840e+06   7.5378418e+01
   3.7621510e+06   5.1818848e+01
   3.7654170e+06   6.3537598e+01
   3.8177730e+06   7.3608398e+01
   3.8283070e+06   7.0312500e+01
   3.8289760e+06   6.2194824e+01
   4.0834330e+06   7.0678711e+01
   4.0835970e+06   3.7475586e+01
   4.1967610e+06   7.0129395e+01
   4.1969310e+06   4.1503906e+01
   4.2441570e+06   7.5988770e+01
   4.2443920e+06   4.1687012e+01
   4.3458000e+06   3.7658691e+01
   4.4720480e+06   7.2265625e+01
   4.4724380e+06   5.3833008e+01
   4.5175040e+06   7.5683594e+01
   4.5917030e+06   6.8542480e+01
   4.6163890e+06   6.5917969e+01
   4.6165760e+06   4.3579102e+01
   4.6170140e+06   5.3283691e+01
   4.6188110e+06   4.0100098e+01
   4.6199220e+06   7.5317383e+01
   4.6490320e+06   7.9223633e+01
   4.6802520e+06   7.0373535e+01
   4.6811850e+06   5.8227539e+01
   4.6839870e+06   7.0129395e+01
   4.7091420e+06   6.3781738e+01
   4.7111240e+06   6.2316895e+01
   4.7434640e+06   6.6223145e+01
   4.7543090e+06   6.2133789e+01
   4.7545360e+06   4.0405273e+01
   4.7801570e+06   6.8420410e+01
   4.7803910e+06   4.0161133e+01
   4.8476140e+06   7.1166992e+01
   4.8480430e+06   4.6508789e+01
   4.8500960e+06   7.1350098e+01
   4.8722760e+06   3.7902832e+01
   4.8733360e+06   6.9274902e+01
   4.9034880e+06   5.8837891e+01
   4.9061790e+06   6.7138672e+01
   4.9212880e+06   3.8024902e+01
   4.9305630e+06   6.0485840e+01
   4.9309410e+06   4.4921875e+01
   4.9311820e+06   6.6284180e+01
   4.9314600e+06   4.4616699e+01
   4.9517670e+06   5.7495117e+01
   4.9616850e+06   6.7687988e+01
   4.9726210e+06   7.0190430e+01
   4.9845030e+06   3.7780762e+01
   4.9878280e+06   6.5429688e+01
   4.9889070e+06   5.3344727e+01
   5.0080320e+06   5.7861328e+01
   5.0114870e+06   6.0791016e+01
   5.0200140e+06   5.2734375e+01
   5.0357970e+06   6.5856934e+01
   5.0552270e+06   7.2021484e+01
   5.0610320e+06   5.4931641e+01
   5.0673490e+06   5.8715820e+01
   5.0689140e+06   5.2368164e+01
   5.0819580e+06   5.9082031e+01
   5.0961150e+06   5.3344727e+01
   5.0980380e+06   3.8879395e+01
   5.0982860e+06   4.1503906e+01
   5.1009860e+06   6.2072754e+01
   5.1189050e+06   6.5734863e+01
   5.1212950e+06   4.5043945e+01
   5.1338040e+06   4.5104980e+01
   5.1391550e+06   6.6833496e+01
   5.1405000e+06   5.4321289e+01
   5.1629090e+06   4.4799805e+01
   5.1634520e+06   5.3344727e+01
   5.1647720e+06   4.8950195e+01
   5.1883810e+06   6.2194824e+01
   5.2094540e+06   5.7128906e+01
   5.2237240e+06   5.7373047e+01
   5.2314790e+06   6.0119629e+01
   5.2504380e+06   6.0791016e+01
   5.2519450e+06   4.8706055e+01
   5.2682120e+06   6.3781738e+01
   5.2686020e+06   3.8940430e+01
   5.2699970e+06   5.3894043e+01
   5.2876930e+06   7.0678711e+01
   5.3039410e+06   6.4392090e+01
   5.3074190e+06   6.6223145e+01
   5.3292350e+06   6.2927246e+01
   5.3409180e+06   6.2500000e+01
   5.3413300e+06   4.6447754e+01
   5.3546280e+06   6.1767578e+01
   5.3831580e+06   5.2795410e+01
   5.3959760e+06   3.8330078e+01
   5.4062870e+06   6.1401367e+01
   5.4129420e+06   6.3964844e+01
   5.4160190e+06   5.6884766e+01
   5.4277560e+06   5.5236816e+01
   5.4351520e+06   6.0058594e+01
   5.4526080e+06   5.6823730e+01
   5.4529800e+06   4.2846680e+01
   5.4606740e+06   6.6406250e+01
   5.4743940e+06   4.9865723e+01
   5.4809250e+06   6.8054199e+01
   5.4829930e+06   5.0598145e+01
   5.5035210e+06   6.1950684e+01
   5.5070240e+06   4.9682617e+01
   5.5227650e+06   5.9570312e+01
   5.5263410e+06   4.7790527e+01
   5.5515790e+06   6.2316895e+01
   5.5631600e+06   5.9448242e+01
   5.5721580e+06   6.5612793e+01
   5.5985690e+06   6.0241699e+01
   5.6247220e+06   6.6345215e+01
   5.6450810e+06   7.2814941e+01
   5.6798510e+06   6.3964844e+01
   5.7004460e+06   6.6772461e+01
   5.7235170e+06   6.2072754e+01
   5.7590880e+06   6.2927246e+01
   5.7857220e+06   6.5185547e+01
   5.7864480e+06   7.2082520e+01
   5.7867160e+06   5.3833008e+01
   5.7872670e+06   4.6936035e+01
   5.8129490e+06   6.5856934e+01
   5.8341080e+06   6.0791016e+01
   5.8736300e+06   5.8349609e+01
   5.8821210e+06   6.3964844e+01
   5.8824110e+06   4.1137695e+01
   5.9287790e+06   6.9519043e+01
   5.9693850e+06   6.3232422e+01
   5.9960690e+06   8.0932617e+01
   6.0138110e+06   3.8452148e+01
   6.0148510e+06   5.7434082e+01
   6.0356950e+06   5.6518555e+01
   6.0689650e+06   6.2805176e+01
   6.0692530e+06   3.8024902e+01
   6.1264960e+06   7.4584961e+01
   6.1801280e+06   7.3303223e+01
   6.2126310e+06   6.3720703e+01
   6.2825190e+06   7.0739746e+01
   6.3370560e+06   7.4157715e+01
   6.3372770e+06   4.1992188e+01
   6.3713590e+06   6.4575195e+01
   6.4033080e+06   6.8176270e+01
   6.4036190e+06   4.5410156e+01
   6.4038310e+06   6.8786621e+01
   6.4280130e+06   5.7373047e+01
   6.4560310e+06   6.4880371e+01
   6.4891750e+06   6.1767578e+01
   6.4897950e+06   4.6081543e+01
   6.5084070e+06   5.4809570e+01
   6.5268790e+06   6.3598633e+01
   6.5269270e+06   6.2255859e+01
   6.5677980e+06   5.7373047e+01
   6.5680680e+06   3.9245605e+01
   6.5687690e+06   4.5776367e+01
   6.5807760e+06   6.9519043e+01
   6.6161270e+06   3.8391113e+01
   6.6371650e+06   4.0893555e+01
   6.7095840e+06   3.8818359e+01
   6.7371220e+06   7.5805664e+01
   6.8176820e+06   6.1767578e+01
   6.8528360e+06   7.5439453e+01
   6.8690330e+06   6.6101074e+01
   6.8950160e+06   5.5908203e+01
   6.9843140e+06   5.8654785e+01
   6.9850370e+06   5.6091309e+01
   7.0064650e+06   6.1340332e+01
   7.0151460e+06   6.2072754e+01
   7.0153620e+06   3.7597656e+01
   7.0394010e+06   6.9763184e+01
   7.0521040e+06   3.9123535e+01
   7.0609390e+06   7.7392578e+01
   7.0792150e+06   5.9082031e+01
   7.1213250e+06   6.4086914e+01
   7.1215900e+06   4.0832520e+01
   7.1371560e+06   6.0180664e+01
   7.1747840e+06   5.8532715e+01
   7.1933560e+06   6.2683105e+01
   7.1936140e+06   4.4738770e+01
   7.2161640e+06   5.5847168e+01
   7.2195160e+06   6.5124512e+01
   7.2407170e+06   5.4321289e+01
   7.2416150e+06   6.4147949e+01
   7.2770350e+06   5.9326172e+01
   7.2780510e+06   3.8024902e+01
   7.3410570e+06   6.9030762e+01
   7.3880190e+06   6.1706543e+01
   7.3963060e+06   3.9428711e+01
   7.4227040e+06   6.9274902e+01
   7.4390920e+06   6.0485840e+01
   7.4598250e+06   7.7697754e+01
   7.4600750e+06   5.0354004e+01
   7.4929170e+06   7.2143555e+01
   7.5294840e+06   6.9091797e+01
   7.5297260e+06   4.7790527e+01
   7.5676040e+06   6.7260742e+01
   7.6267460e+06   4.3334961e+01
   7.6331750e+06   6.5917969e+01
   7.6333710e+06   4.0527344e+01
   7.6337850e+06   4.4982910e+01
   7.6590360e+06   3.8879395e+01
   7.6797370e+06   6.3110352e+01
   7.6799860e+06   4.1503906e+01
   7.7197750e+06   6.5917969e+01
   7.7399480e+06   5.8898926e+01
   7.8975100e+06   6.5673828e+01
   7.8976860e+06   4.0100098e+01
   7.9072080e+06   5.9448242e+01
   7.9544620e+06   6.2377930e+01
   8.0072750e+06   7.3303223e+01
   8.0074700e+06   4.1381836e+01
   8.0128120e+06   4.0710449e+01
   8.0249080e+06   6.2988281e+01
   8.0327760e+06   7.1960449e+01
   8.0507970e+06   6.2072754e+01
   8.0510530e+06   4.2663574e+01
   8.0639560e+06   5.9509277e+01
   8.1096580e+06   6.2744141e+01
   8.1424400e+06   6.8176270e+01
   8.1426780e+06   4.8950195e+01
   8.1640820e+06   6.2194824e+01
   8.1642430e+06   4.0344238e+01
   8.2375110e+06   3.8940430e+01
   8.2479330e+06   5.4382324e+01
   8.2860350e+06   4.0527344e+01
   8.2985250e+06   7.9772949e+01
   8.2988280e+06   4.4433594e+01
   8.3103750e+06   6.3354492e+01
   8.3164390e+06   6.5673828e+01
   8.3166490e+06   3.9123535e+01
   8.3573910e+06   6.1096191e+01
   8.4019150e+06   8.5449219e+01
   8.4021330e+06   4.9621582e+01
   8.4599520e+06   7.0373535e+01
   8.4663220e+06   7.1838379e+01
   8.4664670e+06   3.7658691e+01
   8.5025860e+06   6.2072754e+01
   8.5028990e+06   7.3913574e+01
   8.5031670e+06   5.4504395e+01
   8.5484770e+06   6.8603516e+01
   8.5488540e+06   5.0781250e+01
   8.5911040e+06   7.0617676e+01
   8.6062980e+06   6.3537598e+01
   8.6202870e+06   7.0983887e+01
   8.6206160e+06   4.4738770e+01
   8.6505790e+06   6.3659668e+01
   8.6819500e+06   6.5856934e+01
   8.7136310e+06   6.6101074e+01
   8.8202720e+06   6.8603516e+01
   8.8204810e+06   4.2480469e+01
   8.8480740e+06   6.1584473e+01
