   8.9990000e+06   0.0000000e+00
   1.0427000e+05   7.0190430e+01
   1.3529600e+05   3.8269043e+01
   1.7614800e+05   6.3842773e+01
   2.9514600e+05   5.4016113e+01
   3.7520200e+05   3.9245605e+01
   4.5220700e+05   5.5480957e+01
   5.2947300e+05   3.8208008e+01
   5.6743500e+05   5.1208496e+01
   6.5525100e+05   5.2917480e+01
   6.7708300e+05   5.4260254e+01
   6.7843700e+05   3.8879395e+01
   7.3063100e+05   6.3842773e+01
   7.5960500e+05   5.2368164e+01
   9.0841300e+05   3.8452148e+01
   1.0155060e+06   6.1889648e+01
   1.0864070e+06   5.3955078e+01
   1.1060850e+06   4.6875000e+01
   1.1481980e+06   6.4941406e+01
   1.1750750e+06   6.0668945e+01
   1.2174670e+06   3.8024902e+01
   1.2920390e+06   5.8654785e+01
   1.2928470e+06   3.8513184e+01
   1.3125870e+06   3.9428711e+01
   1.3713100e+06   4.9865723e+01
   1.4362960e+06   3.8269043e+01
   1.4680060e+06   3.9184570e+01
   1.4962310e+06   3.9306641e+01
   1.5211390e+06   3.9428711e+01
   1.5479450e+06   5.6884766e+01
   1.6275760e+06   4.9804688e+01
   1.6600730e+06   4.6630859e+01
   1.6910720e+06   3.8330078e+01
   1.7514740e+06   4.7790527e+01
   1.8115870e+06   4.1992188e+01
   1.8417420e+06   6.0302734e+01
   1.8770170e+06   3.9428711e+01
   1.9160890e+06   5.1147461e+01
   1.9169830e+06   4.7424316e+01
   1.9385390e+06   4.8278809e+01
   2.0291400e+06   5.6213379e+01
   2.0371050e+06   3.8696289e+01
   2.1449820e+06   5.5603027e+01
   2.1649430e+06   3.9550781e+01
   2.2112840e+06   6.0180664e+01
   2.2113140e+06   4.0222168e+01
   2.2113860e+06   4.2358398e+01
   2.2320210e+06   5.0170898e+01
   2.2756430e+06   3.9611816e+01
   2.3805300e+06   6.0180664e+01
   2.4340900e+06   5.5236816e+01
   2.4433330e+06   4.3640137e+01
   2.4760040e+06   5.2124023e+01
   2.6302970e+06   4.1320801e+01
   2.6336270e+06   3.9184570e+01
   2.6541820e+06   5.4992676e+01
   2.7026470e+06   6.5124512e+01
   2.7149450e+06   6.0363770e+01
   2.7294710e+06   4.1198730e+01
   2.7619460e+06   4.0100098e+01
   2.8280180e+06   5.8776855e+01
   2.8489800e+06   4.6630859e+01
   2.9013580e+06   5.0537109e+01
   2.9235860e+06   6.2133789e+01
   2.9502590e+06   3.8208008e+01
   2.9553680e+06   5.6762695e+01
   2.9561420e+06   3.8635254e+01
   2.9916150e+06   5.6640625e+01
   3.0040290e+06   3.9184570e+01
   3.0111820e+06   5.1879883e+01
   3.0387590e+06   6.0180664e+01
   3.0530660e+06   4.2846680e+01
   3.1703520e+06   5.3039551e+01
   3.2837990e+06   3.8452148e+01
   3.2876690e+06   5.8044434e+01
   3.2991920e+06   3.8879395e+01
   3.3084880e+06   3.8574219e+01
   3.3873990e+06   5.7067871e+01
   3.3881430e+06   4.2724609e+01
   3.4808740e+06   6.2133789e+01
   3.5195120e+06   5.2307129e+01
   3.5631600e+06   6.0607910e+01
   3.5804210e+06   4.9377441e+01
   3.6067540e+06   5.9020996e+01
   3.6286390e+06   5.7983398e+01
   3.6617700e+06   5.5114746e+01
   3.6735110e+06   3.9550781e+01
   3.8598780e+06   6.2500000e+01
   3.8901840e+06   4.9560547e+01
   3.9144900e+06   5.7434082e+01
   3.9285750e+06   3.9306641e+01
   3.9476420e+06   5.4138184e+01
   3.9492230e+06   3.8146973e+01
   3.9733720e+06   3.8452148e+01
   3.9758220e+06   5.0354004e+01
   4.0042790e+06   6.1035156e+01
   4.0049060e+06   3.9062500e+01
   4.0182150e+06   3.8635254e+01
   4.0281130e+06   4.0588379e+01
   4.0293010e+06   4.7485352e+01
   4.0637980e+06   6.2561035e+01
   4.0704620e+06   3.9123535e+01
   4.0860360e+06   3.8085938e+01
   4.0998310e+06   3.8391113e+01
   4.1190690e+06   5.3039551e+01
   4.1561410e+06   5.3222656e+01
   4.1640620e+06   4.0893555e+01
   4.1834100e+06   3.8574219e+01
   4.1878710e+06   4.9011230e+01
   4.2113110e+06   5.3405762e+01
   4.2439440e+06   5.3344727e+01
   4.3095730e+06   5.6701660e+01
   4.3107060e+06   4.1015625e+01
   4.3365550e+06   4.3640137e+01
   4.3372050e+06   3.9978027e+01
   4.3392160e+06   3.8452148e+01
   4.3703490e+06   4.7302246e+01
   4.3727680e+06   4.7058105e+01
   4.4034090e+06   5.1940918e+01
   4.4231160e+06   5.2612305e+01
   4.4658890e+06   3.8024902e+01
   4.4920290e+06   5.2612305e+01
   4.4934160e+06   3.8513184e+01
   4.5133050e+06   5.6762695e+01
   4.5435270e+06   4.1137695e+01
   4.5599270e+06   3.8574219e+01
   4.5817940e+06   4.7302246e+01
   4.6146020e+06   5.1086426e+01
   4.6350490e+06   4.2053223e+01
   4.6356230e+06   4.0893555e+01
   4.6557000e+06   4.6569824e+01
   4.6603760e+06   3.8391113e+01
   4.6695830e+06   4.1198730e+01
   4.6746450e+06   4.3884277e+01
   4.6963100e+06   4.5654297e+01
   4.7200210e+06   4.5104980e+01
   4.7386620e+06   4.2297363e+01
   4.7645200e+06   4.9499512e+01
   4.7840980e+06   4.9987793e+01
   4.8033090e+06   4.3884277e+01
   4.8221810e+06   4.8767090e+01
   4.8543880e+06   6.1950684e+01
   4.8745570e+06   4.8828125e+01
   4.8954610e+06   4.9621582e+01
   4.9128390e+06   5.2978516e+01
   4.9158340e+06   3.8696289e+01
   4.9196760e+06   3.9428711e+01
   4.9295480e+06   3.8513184e+01
   4.9312140e+06   3.8513184e+01
   4.9509080e+06   4.6264648e+01
   4.9668010e+06   4.3273926e+01
   4.9887550e+06   5.0598145e+01
   4.9893080e+06   3.9428711e+01
   4.9966700e+06   3.9245605e+01
   5.0093010e+06   4.2968750e+01
   5.0248370e+06   5.7556152e+01
   5.0481990e+06   4.9011230e+01
   5.0694180e+06   4.5959473e+01
   5.0870340e+06   4.0893555e+01
   5.1025920e+06   4.2358398e+01
   5.1246720e+06   5.1574707e+01
   5.1404990e+06   3.9367676e+01
   5.1658850e+06   5.4504395e+01
   5.1867530e+06   3.8330078e+01
   5.2125350e+06   5.2490234e+01
   5.2315930e+06   3.9367676e+01
   5.2510040e+06   5.9020996e+01
   5.2732370e+06   4.7546387e+01
   5.2877190e+06   4.8156738e+01
   5.3123390e+06   5.8532715e+01
   5.3340970e+06   4.7119141e+01
   5.3520410e+06   4.1320801e+01
   5.3909900e+06   5.1818848e+01
   5.4391750e+06   4.1320801e+01
   5.4609310e+06   4.3212891e+01
   5.4781970e+06   4.1809082e+01
   5.4860230e+06   5.4138184e+01
   5.5048720e+06   3.9611816e+01
   5.5082880e+06   4.4616699e+01
   5.5686790e+06   5.2734375e+01
   5.6289830e+06   3.9855957e+01
   5.7048760e+06   5.4931641e+01
   5.7445430e+06   5.2062988e+01
   5.7753610e+06   4.9743652e+01
   5.7904800e+06   3.8146973e+01
   5.8056000e+06   4.1625977e+01
   5.8314110e+06   4.7729492e+01
   5.8599550e+06   4.4616699e+01
   5.8866100e+06   5.4382324e+01
   5.9613300e+06   6.2561035e+01
   6.0104510e+06   5.6701660e+01
   6.0457530e+06   5.0292969e+01
   6.0864400e+06   5.0476074e+01
   6.1597850e+06   6.4147949e+01
   6.1930310e+06   5.3833008e+01
   6.2977640e+06   5.4626465e+01
   6.3332210e+06   5.6823730e+01
   6.3673340e+06   4.9926758e+01
   6.3689720e+06   5.4931641e+01
   6.4252440e+06   6.5307617e+01
   6.4367770e+06   3.8696289e+01
   6.4896930e+06   5.7128906e+01
   6.5706090e+06   5.2307129e+01
   6.6352270e+06   6.3232422e+01
   6.7343200e+06   7.5927734e+01
   6.7607060e+06   3.8208008e+01
   6.7630890e+06   5.8959961e+01
   6.8112040e+06   3.8696289e+01
   6.8349530e+06   6.7687988e+01
   6.9346150e+06   7.9650879e+01
   6.9890970e+06   4.0832520e+01
   7.0084850e+06   7.0007324e+01
   7.0446180e+06   5.1940918e+01
   7.0845320e+06   4.5593262e+01
   7.0913230e+06   5.2490234e+01
   7.1039020e+06   3.8879395e+01
   7.1343610e+06   6.0974121e+01
   7.1351240e+06   3.9367676e+01
   7.1776550e+06   5.6518555e+01
   7.2317000e+06   5.4870605e+01
   7.3017400e+06   3.8330078e+01
   7.4918310e+06   6.0485840e+01
   7.5083590e+06   3.8024902e+01
   7.5422980e+06   5.5114746e+01
   7.8200640e+06   4.0710449e+01
   7.8274310e+06   6.0729980e+01
   7.8275890e+06   3.9184570e+01
   7.8551890e+06   5.9387207e+01
   7.8852040e+06   6.0363770e+01
   8.0275470e+06   3.8757324e+01
   8.1493460e+06   6.0668945e+01
   8.2484630e+06   5.9326172e+01
   8.3081820e+06   4.1809082e+01
   8.4002850e+06   5.5969238e+01
   8.4423540e+06   5.4138184e+01
   8.4818960e+06   3.8513184e+01
   8.5238430e+06   6.3232422e+01
   8.7493270e+06   6.0668945e+01
   8.7662050e+06   4.0649414e+01
   8.7917680e+06   5.5725098e+01
   8.8344030e+06   4.4677734e+01
   8.8345960e+06   4.4006348e+01
   8.9597000e+06   6.1889648e+01
