   8.9990000e+06   0.0000000e+00
   1.3375000e+04   4.0100098e+01
   1.9755000e+04   3.8330078e+01
   2.3409000e+04   4.4921875e+01
   4.9449000e+04   3.9001465e+01
   5.3629000e+04   3.8757324e+01
   6.9929000e+04   3.9489746e+01
   7.2180000e+04   3.9916992e+01
   7.4636000e+04   4.2480469e+01
   7.9771000e+04   4.4189453e+01
   8.6922000e+04   4.1320801e+01
   8.8403000e+04   4.2846680e+01
   9.9952000e+04   3.9062500e+01
   1.0360100e+05   4.0039062e+01
   1.0695700e+05   4.2724609e+01
   1.1329000e+05   4.0466309e+01
   1.3868300e+05   3.8574219e+01
   1.4211800e+05   4.4555664e+01
   1.4431500e+05   4.0649414e+01
   1.4617500e+05   4.5104980e+01
   1.4814500e+05   3.9306641e+01
   1.5767800e+05   3.8940430e+01
   1.6074800e+05   3.8879395e+01
   1.6355900e+05   4.3090820e+01
   1.6553100e+05   3.9550781e+01
   1.7353000e+05   4.2663574e+01
   1.7654800e+05   4.2663574e+01
   1.7862400e+05   3.9794922e+01
   1.8690700e+05   4.4372559e+01
   1.8821200e+05   3.9978027e+01
   1.9238100e+05   4.3823242e+01
   1.9388500e+05   4.4006348e+01
   1.9569100e+05   3.8574219e+01
   1.9760900e+05   4.0283203e+01
   2.0701700e+05   3.9550781e+01
   2.1728600e+05   5.0231934e+01
   2.2077600e+05   4.1809082e+01
   2.2677000e+05   4.1748047e+01
   2.3780900e+05   3.8391113e+01
   2.4095300e+05   3.9489746e+01
   2.4762600e+05   4.0710449e+01
   2.4957200e+05   4.0527344e+01
   2.5136700e+05   3.8879395e+01
   2.5956900e+05   4.6813965e+01
   2.6472200e+05   3.9672852e+01
   2.8984600e+05   4.4006348e+01
   2.9223400e+05   4.2297363e+01
   3.1698800e+05   4.6081543e+01
   3.2674500e+05   3.9123535e+01
   3.3045800e+05   3.8513184e+01
   3.3239300e+05   3.9550781e+01
   3.5006900e+05   3.9794922e+01
   3.5359900e+05   3.8391113e+01
   3.5553200e+05   3.8513184e+01
   3.5747000e+05   5.1147461e+01
   3.6566100e+05   4.2358398e+01
   3.6744500e+05   4.0405273e+01
   3.6912500e+05   4.5776367e+01
   3.7386400e+05   3.9916992e+01
   3.7879100e+05   4.3395996e+01
   3.9196800e+05   4.0405273e+01
   3.9770600e+05   3.9611816e+01
   4.0504500e+05   4.0039062e+01
   4.2009400e+05   4.3212891e+01
   4.2811200e+05   3.9611816e+01
   4.3025500e+05   4.0771484e+01
   4.3193600e+05   3.9794922e+01
   4.3964800e+05   3.8818359e+01
   4.4703200e+05   3.9306641e+01
   4.5136700e+05   3.8574219e+01
   4.5553700e+05   3.9245605e+01
   4.5909000e+05   4.3334961e+01
   4.7741300e+05   4.4677734e+01
   4.8134100e+05   4.2907715e+01
   4.8321400e+05   3.8818359e+01
   4.8548100e+05   4.1503906e+01
   4.9199800e+05   4.2785645e+01
   4.9399300e+05   3.9428711e+01
   4.9959000e+05   4.1625977e+01
   5.0418900e+05   4.2541504e+01
   5.0607100e+05   3.8330078e+01
   5.1221600e+05   4.0039062e+01
   5.3786100e+05   3.8757324e+01
   5.4758800e+05   3.9367676e+01
   5.5013000e+05   4.2907715e+01
   5.6480300e+05   4.0405273e+01
   5.6766500e+05   3.8330078e+01
   5.6942000e+05   4.1381836e+01
   5.7278000e+05   3.9733887e+01
   5.7465000e+05   4.3884277e+01
   5.7902800e+05   3.9306641e+01
   5.9179200e+05   4.4738770e+01
   5.9347500e+05   4.4555664e+01
   5.9455000e+05   4.1381836e+01
   6.0335200e+05   4.2541504e+01
   6.0537000e+05   4.0100098e+01
   6.1330200e+05   4.8156738e+01
   6.2111900e+05   4.3395996e+01
   6.2449300e+05   3.9855957e+01
   6.2803300e+05   3.9489746e+01
   6.3633800e+05   3.8757324e+01
   6.3926300e+05   3.8696289e+01
   6.4332700e+05   3.9001465e+01
   6.6508700e+05   3.9367676e+01
   6.7898600e+05   3.9001465e+01
   6.8734500e+05   3.9001465e+01
   6.9650400e+05   3.8391113e+01
   6.9859600e+05   5.3039551e+01
   7.0431800e+05   3.9978027e+01
   7.1344500e+05   4.0649414e+01
   7.1515700e+05   4.7058105e+01
   7.2252600e+05   3.9978027e+01
   7.2484100e+05   4.7485352e+01
   7.2691300e+05   4.7241211e+01
   7.3081800e+05   4.4860840e+01
   7.3370000e+05   4.2968750e+01
   7.3517900e+05   3.9550781e+01
   7.4619100e+05   3.9428711e+01
   7.6093300e+05   4.0222168e+01
   7.6486400e+05   3.9672852e+01
   7.6704100e+05   4.6630859e+01
   7.6830500e+05   4.2541504e+01
   7.7622000e+05   4.4128418e+01
   7.7779000e+05   3.9001465e+01
   7.7935800e+05   4.0466309e+01
   7.8313900e+05   4.3395996e+01
   7.8503500e+05   3.8513184e+01
   7.8772900e+05   3.8574219e+01
   7.9140400e+05   4.0344238e+01
   8.0119000e+05   4.9255371e+01
   8.0248600e+05   4.0039062e+01
   8.0606400e+05   4.4860840e+01
   8.1106300e+05   4.0405273e+01
   8.1467500e+05   3.8330078e+01
   8.2141600e+05   3.8696289e+01
   8.3591300e+05   4.5166016e+01
   8.4026500e+05   3.9123535e+01
   8.5439300e+05   3.8391113e+01
   8.5596200e+05   4.0527344e+01
   8.5999600e+05   4.5959473e+01
   8.6108800e+05   4.3457031e+01
   8.6282500e+05   3.8818359e+01
   8.6498400e+05   3.9245605e+01
   8.6702400e+05   4.2724609e+01
   8.8210300e+05   4.4921875e+01
   8.8399200e+05   3.9794922e+01
   8.9150300e+05   4.8217773e+01
   9.0087600e+05   4.6508789e+01
   9.0446700e+05   3.8940430e+01
   9.0576600e+05   4.5776367e+01
   9.0935400e+05   3.9245605e+01
   9.1604900e+05   4.1870117e+01
   9.2492700e+05   4.6081543e+01
   9.2605100e+05   4.0771484e+01
   9.4067900e+05   4.3273926e+01
   9.5525700e+05   4.2419434e+01
   9.5683800e+05   4.1687012e+01
   9.5916200e+05   3.8330078e+01
   9.6238500e+05   3.8391113e+01
   9.7193400e+05   4.7363281e+01
   9.7529400e+05   4.8034668e+01
   9.8131200e+05   3.9855957e+01
   9.8655700e+05   4.0527344e+01
   9.8825500e+05   4.0771484e+01
   9.9332500e+05   4.2968750e+01
   9.9883200e+05   4.1259766e+01
   1.0077770e+06   4.2602539e+01
   1.0108800e+06   3.8696289e+01
   1.0275540e+06   4.0161133e+01
   1.0296690e+06   4.2663574e+01
   1.0389270e+06   4.0588379e+01
   1.0442970e+06   4.0893555e+01
   1.0520580e+06   4.0405273e+01
   1.0556000e+06   4.0527344e+01
   1.0699120e+06   3.9428711e+01
   1.0729220e+06   4.3273926e+01
   1.0752220e+06   4.2846680e+01
   1.0820500e+06   4.0344238e+01
   1.0853330e+06   4.2907715e+01
   1.0908960e+06   3.9855957e+01
   1.0926770e+06   4.1198730e+01
   1.0944240e+06   3.9794922e+01
   1.1022020e+06   3.8757324e+01
   1.1058630e+06   3.9794922e+01
   1.1262800e+06   3.8757324e+01
   1.1280110e+06   3.9123535e+01
   1.1407100e+06   3.9611816e+01
   1.1438810e+06   4.7241211e+01
   1.1484630e+06   4.0100098e+01
   1.1561360e+06   5.0292969e+01
   1.1593980e+06   4.0100098e+01
   1.1645820e+06   4.3762207e+01
   1.1661520e+06   3.8757324e+01
   1.1725200e+06   3.8574219e+01
   1.1743140e+06   3.9794922e+01
   1.1794560e+06   4.0588379e+01
   1.1806010e+06   4.0405273e+01
   1.1863880e+06   4.5349121e+01
   1.1905740e+06   3.9550781e+01
   1.1941750e+06   4.0222168e+01
   1.1975060e+06   4.9743652e+01
   1.1988480e+06   4.2175293e+01
   1.2072060e+06   4.0954590e+01
   1.2109200e+06   4.1748047e+01
   1.2130090e+06   3.9428711e+01
   1.2162330e+06   3.8879395e+01
   1.2231270e+06   4.1503906e+01
   1.2333580e+06   3.9123535e+01
   1.2422510e+06   4.2541504e+01
   1.2641890e+06   4.6264648e+01
   1.2658220e+06   4.1625977e+01
   1.2677770e+06   4.1564941e+01
   1.2693920e+06   4.4494629e+01
   1.2850240e+06   3.8879395e+01
   1.2934950e+06   4.5349121e+01
   1.3027110e+06   4.5410156e+01
   1.3046620e+06   3.9916992e+01
   1.3187830e+06   3.9733887e+01
   1.3235060e+06   4.3029785e+01
   1.3289120e+06   3.9550781e+01
   1.3450520e+06   3.9916992e+01
   1.3574180e+06   4.2602539e+01
   1.3678400e+06   4.1381836e+01
   1.3800970e+06   4.0100098e+01
   1.3854580e+06   4.2724609e+01
   1.3883320e+06   4.4738770e+01
   1.4041880e+06   3.8452148e+01
   1.4270850e+06   3.9978027e+01
   1.4289280e+06   3.8879395e+01
   1.4312370e+06   4.1076660e+01
   1.4364920e+06   4.2175293e+01
   1.4469980e+06   4.6691895e+01
   1.4520480e+06   4.7424316e+01
   1.4652150e+06   4.0527344e+01
   1.4706720e+06   3.9550781e+01
   1.4848160e+06   3.9672852e+01
   1.4963150e+06   4.5166016e+01
   1.5001350e+06   4.3823242e+01
   1.5054940e+06   4.0283203e+01
   1.5111820e+06   3.9978027e+01
   1.5126000e+06   4.0893555e+01
   1.5175310e+06   4.1137695e+01
   1.5189090e+06   3.8452148e+01
   1.5397500e+06   4.5288086e+01
   1.5437010e+06   3.9428711e+01
   1.5485340e+06   4.0039062e+01
   1.5545840e+06   3.8330078e+01
   1.5701270e+06   4.3762207e+01
   1.6021450e+06   4.3823242e+01
   1.6039390e+06   3.8757324e+01
   1.6088540e+06   3.9062500e+01
   1.6103340e+06   4.1381836e+01
   1.6293470e+06   3.9489746e+01
   1.6362630e+06   3.8818359e+01
   1.6446590e+06   3.8818359e+01
   1.6451640e+06   4.3395996e+01
   1.6469060e+06   3.9489746e+01
   1.6553300e+06   4.7363281e+01
   1.6588540e+06   4.3090820e+01
   1.6608980e+06   3.8330078e+01
   1.6623280e+06   3.8635254e+01
   1.6860120e+06   3.9123535e+01
   1.6878740e+06   3.9306641e+01
   1.6894680e+06   4.0832520e+01
   1.6956020e+06   3.8879395e+01
   1.7111600e+06   4.1259766e+01
   1.7145250e+06   4.4433594e+01
   1.7162310e+06   3.9855957e+01
   1.7184760e+06   4.6630859e+01
   1.7378020e+06   4.2053223e+01
   1.7419500e+06   4.4189453e+01
   1.7565530e+06   4.4433594e+01
   1.7582360e+06   4.1076660e+01
   1.7626520e+06   3.8879395e+01
   1.7644410e+06   3.8818359e+01
   1.7695020e+06   4.1687012e+01
   1.7770330e+06   4.4067383e+01
   1.7829690e+06   4.7058105e+01
   1.7867110e+06   4.1564941e+01
   1.7901530e+06   3.8330078e+01
   1.7927350e+06   4.0954590e+01
   1.7976180e+06   4.2236328e+01
   1.8106860e+06   4.2907715e+01
   1.8129850e+06   4.1564941e+01
   1.8306870e+06   4.0588379e+01
   1.8325250e+06   4.1931152e+01
   1.8358280e+06   3.8879395e+01
   1.8375230e+06   4.0283203e+01
   1.8408030e+06   3.9062500e+01
   1.8442040e+06   4.1198730e+01
   1.8462070e+06   4.2419434e+01
   1.8562460e+06   4.0405273e+01
   1.8575690e+06   4.6813965e+01
   1.8589830e+06   4.8156738e+01
   1.8606090e+06   4.6997070e+01
   1.8668590e+06   4.0954590e+01
   1.8713610e+06   4.0649414e+01
   1.8731010e+06   4.0649414e+01
   1.8773990e+06   4.1503906e+01
   1.8870400e+06   4.0771484e+01
   1.8923650e+06   4.4799805e+01
   1.8944050e+06   4.0954590e+01
   1.8966080e+06   3.9123535e+01
   1.8979830e+06   3.9428711e+01
   1.8996640e+06   4.0405273e+01
   1.9045390e+06   3.8391113e+01
   1.9119060e+06   4.4677734e+01
   1.9278540e+06   4.4433594e+01
   1.9296910e+06   3.9794922e+01
   1.9330170e+06   3.8330078e+01
   1.9371450e+06   3.8879395e+01
   1.9486210e+06   4.0283203e+01
   1.9500430e+06   4.1748047e+01
   1.9513070e+06   3.8818359e+01
   1.9582040e+06   4.1748047e+01
   1.9687510e+06   4.2175293e+01
   1.9783530e+06   4.2175293e+01
   1.9823080e+06   4.0588379e+01
   1.9919310e+06   4.0222168e+01
   1.9972380e+06   4.1625977e+01
   1.9987110e+06   4.2053223e+01
   2.0193040e+06   4.2541504e+01
   2.0295290e+06   3.8940430e+01
   2.0310320e+06   4.2724609e+01
   2.0376500e+06   4.1931152e+01
   2.0428200e+06   4.4738770e+01
   2.0471640e+06   3.9062500e+01
   2.0488120e+06   4.8278809e+01
   2.0569600e+06   4.0283203e+01
   2.0583960e+06   3.9550781e+01
   2.0712950e+06   4.0649414e+01
   2.0810160e+06   3.9978027e+01
   2.0821420e+06   4.5166016e+01
   2.0883160e+06   4.0161133e+01
   2.0900130e+06   3.9367676e+01
   2.0990060e+06   4.1198730e+01
   2.1007040e+06   3.8330078e+01
   2.1066540e+06   4.3945312e+01
   2.1177590e+06   4.1442871e+01
   2.1290240e+06   4.0649414e+01
   2.1304860e+06   3.8757324e+01
   2.1397540e+06   4.0100098e+01
   2.1406700e+06   4.5288086e+01
   2.1483250e+06   3.8330078e+01
   2.1517040e+06   3.9550781e+01
   2.1634190e+06   3.9855957e+01
   2.1681640e+06   4.2053223e+01
   2.1765420e+06   3.9855957e+01
   2.1853160e+06   4.0161133e+01
   2.2015680e+06   4.2724609e+01
   2.2097510e+06   3.9489746e+01
   2.2146590e+06   3.9123535e+01
   2.2161290e+06   3.9428711e+01
   2.2206150e+06   3.8330078e+01
   2.2233860e+06   3.9916992e+01
   2.2321620e+06   4.0344238e+01
   2.2364070e+06   4.2053223e+01
   2.2573500e+06   4.4372559e+01
   2.2640560e+06   4.6752930e+01
   2.2665750e+06   4.2846680e+01
   2.2697520e+06   4.1381836e+01
   2.2819990e+06   4.1625977e+01
   2.2840830e+06   3.9245605e+01
   2.2955350e+06   3.8940430e+01
   2.2974830e+06   5.0842285e+01
   2.3014670e+06   4.2480469e+01
   2.3093440e+06   4.7851562e+01
   2.3166800e+06   3.9245605e+01
   2.3291850e+06   3.8391113e+01
   2.3311620e+06   3.9123535e+01
   2.3330240e+06   4.1687012e+01
   2.3404590e+06   3.9794922e+01
   2.3472040e+06   3.8940430e+01
   2.3573260e+06   4.1870117e+01
   2.3625180e+06   4.2907715e+01
   2.3685980e+06   4.5104980e+01
   2.3733340e+06   3.9184570e+01
   2.3790470e+06   4.1076660e+01
   2.3867670e+06   4.2724609e+01
   2.3885870e+06   3.9245605e+01
   2.3896750e+06   3.9489746e+01
   2.4175010e+06   3.9489746e+01
   2.4202560e+06   3.9306641e+01
   2.4593080e+06   3.9184570e+01
   2.4689280e+06   3.8757324e+01
   2.4706480e+06   4.7119141e+01
   2.4720280e+06   3.8452148e+01
   2.4803180e+06   4.0344238e+01
   2.4815690e+06   4.1503906e+01
   2.4827480e+06   4.9194336e+01
   2.4849590e+06   4.0344238e+01
   2.4928030e+06   4.3945312e+01
   2.4942220e+06   3.8879395e+01
   2.5013310e+06   4.1809082e+01
   2.5032260e+06   3.9001465e+01
   2.5073950e+06   4.1931152e+01
   2.5132060e+06   4.0527344e+01
   2.5274510e+06   3.8818359e+01
   2.5290150e+06   4.1198730e+01
   2.5353510e+06   4.1259766e+01
   2.5606510e+06   3.8391113e+01
   2.5654870e+06   4.2541504e+01
   2.5667160e+06   3.9001465e+01
   2.5697930e+06   3.9550781e+01
   2.5713430e+06   3.9245605e+01
   2.5744250e+06   4.5043945e+01
   2.5864940e+06   4.9926758e+01
   2.5906140e+06   3.9916992e+01
   2.5917250e+06   3.8879395e+01
   2.5953420e+06   3.9672852e+01
   2.6039530e+06   4.9438477e+01
   2.6048660e+06   4.0771484e+01
   2.6076800e+06   4.0100098e+01
   2.6350200e+06   3.9306641e+01
   2.6429190e+06   4.0405273e+01
   2.6458180e+06   4.0832520e+01
   2.6562340e+06   4.6447754e+01
   2.6580700e+06   4.5593262e+01
   2.6675590e+06   4.4372559e+01
   2.6707740e+06   3.8757324e+01
   2.6726940e+06   3.9306641e+01
   2.6760890e+06   4.3273926e+01
   2.6796890e+06   3.9916992e+01
   2.6812320e+06   4.2053223e+01
   2.6897540e+06   4.0161133e+01
   2.7081570e+06   4.1503906e+01
   2.7184410e+06   3.8818359e+01
   2.7304280e+06   4.1564941e+01
   2.7334390e+06   4.0893555e+01
   2.7351110e+06   4.0405273e+01
   2.7402590e+06   4.8583984e+01
   2.7513540e+06   4.6142578e+01
   2.7565330e+06   3.9001465e+01
   2.7578910e+06   4.4189453e+01
   2.7612910e+06   4.0100098e+01
   2.7629060e+06   4.3884277e+01
   2.7662220e+06   4.3823242e+01
   2.7684980e+06   3.8330078e+01
   2.7725760e+06   4.0710449e+01
   2.7812030e+06   3.8818359e+01
   2.7862450e+06   4.0100098e+01
   2.7914880e+06   4.0405273e+01
   2.8034420e+06   4.3029785e+01
   2.8049390e+06   3.9367676e+01
   2.8070750e+06   5.1757812e+01
   2.8089990e+06   3.9794922e+01
   2.8104330e+06   4.0100098e+01
   2.8225280e+06   4.1076660e+01
   2.8316660e+06   4.0710449e+01
   2.8424030e+06   3.8574219e+01
   2.8501520e+06   3.9550781e+01
   2.8610100e+06   3.8879395e+01
   2.8664040e+06   4.4128418e+01
   2.8676450e+06   4.0039062e+01
   2.8692930e+06   4.1564941e+01
   2.8779380e+06   4.0954590e+01
   2.8853630e+06   3.9184570e+01
   2.8924700e+06   4.2358398e+01
   2.9032680e+06   3.9550781e+01
   2.9081730e+06   4.1259766e+01
   2.9115910e+06   4.0405273e+01
   2.9148440e+06   3.9123535e+01
   2.9260670e+06   4.0954590e+01
   2.9285370e+06   4.1076660e+01
   2.9299610e+06   3.9794922e+01
   2.9311970e+06   4.6081543e+01
   2.9413220e+06   3.9855957e+01
   2.9433490e+06   3.9306641e+01
   2.9521820e+06   3.8818359e+01
   2.9538440e+06   5.1147461e+01
   2.9634940e+06   4.0710449e+01
   2.9652180e+06   3.9428711e+01
   2.9672930e+06   4.5104980e+01
   2.9691330e+06   4.1809082e+01
   2.9731890e+06   4.0283203e+01
   2.9745930e+06   3.8513184e+01
   2.9806610e+06   4.1931152e+01
   2.9898240e+06   4.8706055e+01
   3.0010910e+06   4.0649414e+01
   3.0033190e+06   4.2053223e+01
   3.0036420e+06   3.8391113e+01
   3.0053280e+06   4.1625977e+01
   3.0102080e+06   3.9916992e+01
   3.0118320e+06   4.3395996e+01
   3.0138110e+06   3.9428711e+01
   3.0199220e+06   4.1870117e+01
   3.0211860e+06   4.4433594e+01
   3.0245350e+06   4.5288086e+01
   3.0289320e+06   5.0354004e+01
   3.0368250e+06   3.8574219e+01
   3.0442390e+06   4.4189453e+01
   3.0489090e+06   3.8757324e+01
   3.0574550e+06   3.8940430e+01
   3.0643080e+06   4.1198730e+01
   3.0676990e+06   3.8635254e+01
   3.0709920e+06   4.4372559e+01
   3.0725000e+06   4.0588379e+01
   3.0818440e+06   4.4372559e+01
   3.0873570e+06   4.2053223e+01
   3.0983550e+06   3.8513184e+01
   3.1019410e+06   4.1625977e+01
   3.1046170e+06   4.1564941e+01
   3.1095180e+06   4.2175293e+01
   3.1112340e+06   4.2602539e+01
   3.1169080e+06   4.6936035e+01
   3.1226410e+06   4.1503906e+01
   3.1259530e+06   4.2846680e+01
   3.1315270e+06   4.1198730e+01
   3.1385760e+06   3.8574219e+01
   3.1398220e+06   3.8452148e+01
   3.1643790e+06   3.8635254e+01
   3.1723360e+06   3.9367676e+01
   3.1742070e+06   4.3457031e+01
   3.1817820e+06   3.9672852e+01
   3.1844870e+06   4.2053223e+01
   3.1918110e+06   3.8757324e+01
   3.1961240e+06   3.8391113e+01
   3.2109190e+06   3.8696289e+01
   3.2127840e+06   3.9245605e+01
   3.2162500e+06   4.3762207e+01
   3.2187170e+06   4.3029785e+01
   3.2212280e+06   4.0588379e+01
   3.2260210e+06   3.9550781e+01
   3.2267370e+06   3.8452148e+01
   3.2272020e+06   4.0954590e+01
   3.2308010e+06   3.9550781e+01
   3.2435710e+06   3.9428711e+01
   3.2513720e+06   4.0649414e+01
   3.2531270e+06   4.0283203e+01
   3.2557980e+06   4.3273926e+01
   3.2682390e+06   4.4189453e+01
   3.2727810e+06   3.8879395e+01
   3.2864120e+06   3.8879395e+01
   3.2914030e+06   4.0161133e+01
   3.2927030e+06   3.8696289e+01
   3.2942390e+06   4.2785645e+01
   3.3004200e+06   3.8574219e+01
   3.3041990e+06   4.2602539e+01
   3.3058560e+06   4.1442871e+01
   3.3126000e+06   4.1198730e+01
   3.3188050e+06   4.4616699e+01
   3.3254910e+06   4.5654297e+01
   3.3271850e+06   4.3151855e+01
   3.3287640e+06   4.4738770e+01
   3.3341080e+06   4.4860840e+01
   3.3407200e+06   3.8391113e+01
   3.3424050e+06   3.9672852e+01
   3.3475860e+06   4.6325684e+01
   3.3508810e+06   4.0405273e+01
   3.3523440e+06   4.1931152e+01
   3.3592960e+06   4.2236328e+01
   3.3654420e+06   4.0893555e+01
   3.3811780e+06   3.9184570e+01
   3.3831370e+06   4.1137695e+01
   3.3861880e+06   4.3212891e+01
   3.3960000e+06   4.1198730e+01
   3.3992600e+06   4.3090820e+01
   3.4012780e+06   4.3334961e+01
   3.4208230e+06   4.1320801e+01
   3.4290950e+06   3.8391113e+01
   3.4352180e+06   4.1809082e+01
   3.4407480e+06   4.0344238e+01
   3.4470510e+06   4.1625977e+01
   3.4502550e+06   3.8452148e+01
   3.4550900e+06   4.3579102e+01
   3.4603820e+06   3.8452148e+01
   3.4623640e+06   4.0344238e+01
   3.4640120e+06   4.3640137e+01
   3.4817020e+06   4.0588379e+01
   3.4854120e+06   3.8452148e+01
   3.4890310e+06   4.0222168e+01
   3.4928760e+06   4.0039062e+01
   3.5048380e+06   4.0954590e+01
   3.5103220e+06   4.1259766e+01
   3.5122190e+06   4.0222168e+01
   3.5167990e+06   4.0161133e+01
   3.5187870e+06   3.9428711e+01
   3.5301910e+06   3.8818359e+01
   3.5551710e+06   3.9123535e+01
   3.5592700e+06   4.0954590e+01
   3.5781250e+06   3.9611816e+01
   3.5797430e+06   4.2053223e+01
   3.5835120e+06   3.8452148e+01
   3.5877770e+06   3.9428711e+01
   3.5980500e+06   3.8391113e+01
   3.5995990e+06   3.9001465e+01
   3.6030080e+06   4.1564941e+01
   3.6066740e+06   3.8818359e+01
   3.6082270e+06   4.1137695e+01
   3.6115050e+06   3.9367676e+01
   3.6238400e+06   5.0170898e+01
   3.6270610e+06   4.7607422e+01
   3.6339490e+06   4.8583984e+01
   3.6406460e+06   4.3151855e+01
   3.6466080e+06   4.2541504e+01
   3.6518370e+06   3.8574219e+01
   3.6583930e+06   3.8879395e+01
   3.6660110e+06   3.8818359e+01
   3.6699910e+06   3.8940430e+01
   3.6782270e+06   4.0527344e+01
   3.6815400e+06   3.8452148e+01
   3.6864170e+06   3.8757324e+01
   3.6974040e+06   3.9733887e+01
   3.6993240e+06   4.1076660e+01
   3.7063740e+06   3.9001465e+01
   3.7119740e+06   4.6997070e+01
   3.7136450e+06   3.9428711e+01
   3.7185050e+06   4.1076660e+01
   3.7355330e+06   4.5654297e+01
   3.7378740e+06   3.8452148e+01
   3.7453820e+06   3.9001465e+01
   3.7541950e+06   4.1503906e+01
   3.7575540e+06   4.2480469e+01
   3.7592470e+06   4.2907715e+01
   3.7648850e+06   3.8879395e+01
   3.7665430e+06   4.5776367e+01
   3.7717610e+06   4.2419434e+01
   3.7856200e+06   4.1259766e+01
   3.7894600e+06   3.9611816e+01
   3.7905120e+06   3.8513184e+01
   3.7977510e+06   4.2297363e+01
   3.8095450e+06   3.8940430e+01
   3.8113730e+06   4.0771484e+01
   3.8154290e+06   4.4738770e+01
   3.8317700e+06   4.0283203e+01
   3.8358380e+06   4.2358398e+01
   3.8388560e+06   4.4860840e+01
   3.8449710e+06   4.0771484e+01
   3.8480990e+06   4.2297363e+01
   3.8497830e+06   4.1442871e+01
   3.8566510e+06   4.3518066e+01
   3.8600980e+06   3.8940430e+01
   3.8618400e+06   4.0161133e+01
   3.8659050e+06   3.8574219e+01
   3.8725580e+06   3.8696289e+01
   3.8739950e+06   4.2602539e+01
   3.8850930e+06   4.1076660e+01
   3.8940750e+06   4.3334961e+01
   3.8994210e+06   4.1503906e+01
   3.9076480e+06   3.9672852e+01
   3.9111140e+06   4.2968750e+01
   3.9273810e+06   4.0649414e+01
   3.9380580e+06   4.1076660e+01
   3.9534120e+06   4.2907715e+01
   3.9658030e+06   4.2175293e+01
   3.9673760e+06   3.9001465e+01
   3.9753180e+06   4.4433594e+01
   3.9771360e+06   3.9062500e+01
   3.9791520e+06   4.2480469e+01
   3.9887830e+06   3.8818359e+01
   4.0041470e+06   3.9978027e+01
   4.0164060e+06   4.0649414e+01
   4.0307990e+06   3.9306641e+01
   4.0325710e+06   4.1015625e+01
   4.0352860e+06   4.6752930e+01
   4.0366720e+06   4.3090820e+01
   4.0396500e+06   3.8452148e+01
   4.0473060e+06   3.9855957e+01
   4.0485420e+06   4.4860840e+01
   4.0501330e+06   4.1870117e+01
   4.0526930e+06   4.5837402e+01
   4.0575740e+06   3.8757324e+01
   4.0619820e+06   4.0832520e+01
   4.0675720e+06   4.0405273e+01
   4.0707140e+06   4.0710449e+01
   4.0821590e+06   4.1259766e+01
   4.0971430e+06   4.0344238e+01
   4.0989810e+06   4.5898438e+01
   4.1120350e+06   3.9001465e+01
   4.1170920e+06   3.8818359e+01
   4.1247880e+06   3.8757324e+01
   4.1289250e+06   4.0222168e+01
   4.1345130e+06   3.9367676e+01
   4.1406920e+06   4.6691895e+01
   4.1492940e+06   3.9062500e+01
   4.1559840e+06   4.1442871e+01
   4.1629430e+06   3.9794922e+01
   4.1684460e+06   3.9611816e+01
   4.1875660e+06   4.0222168e+01
   4.1891440e+06   3.8818359e+01
   4.1948300e+06   4.1931152e+01
   4.1980920e+06   3.8940430e+01
   4.2017800e+06   4.0466309e+01
   4.2078940e+06   4.0527344e+01
   4.2241430e+06   4.5043945e+01
   4.2266870e+06   4.2907715e+01
   4.2280570e+06   4.2358398e+01
   4.2310020e+06   3.9123535e+01
   4.2361080e+06   3.8391113e+01
   4.2378030e+06   4.0588379e+01
   4.2435650e+06   4.2907715e+01
   4.2490150e+06   4.2663574e+01
   4.2503060e+06   4.0405273e+01
   4.2557910e+06   4.2236328e+01
   4.2668140e+06   4.2541504e+01
   4.2842080e+06   3.8757324e+01
   4.2858580e+06   4.4616699e+01
   4.2985500e+06   3.9794922e+01
   4.3004970e+06   4.1259766e+01
   4.3018070e+06   3.8940430e+01
   4.3094960e+06   4.0771484e+01
   4.3184450e+06   3.8513184e+01
   4.3207780e+06   4.2053223e+01
   4.3237330e+06   3.8574219e+01
   4.3273560e+06   4.1931152e+01
   4.3360260e+06   4.0222168e+01
   4.3370640e+06   3.8696289e+01
   4.3404430e+06   4.3640137e+01
   4.3442310e+06   4.7119141e+01
   4.3629290e+06   4.6020508e+01
   4.3817270e+06   4.2175293e+01
   4.3945210e+06   4.0527344e+01
   4.3953960e+06   4.5654297e+01
   4.3997530e+06   4.0222168e+01
   4.4034610e+06   3.8757324e+01
   4.4051550e+06   4.0039062e+01
   4.4069980e+06   3.8574219e+01
   4.4102830e+06   4.8889160e+01
   4.4117510e+06   4.1809082e+01
   4.4195060e+06   4.4128418e+01
   4.4336440e+06   4.0527344e+01
   4.4349940e+06   4.0710449e+01
   4.4485520e+06   4.7302246e+01
   4.4508880e+06   3.9245605e+01
   4.4527260e+06   3.9001465e+01
   4.4542500e+06   3.9001465e+01
   4.4615700e+06   4.4616699e+01
   4.4626530e+06   4.1870117e+01
   4.4658210e+06   4.0100098e+01
   4.4702050e+06   3.9855957e+01
   4.4718260e+06   4.2602539e+01
   4.4753480e+06   4.2053223e+01
   4.4863210e+06   4.0283203e+01
   4.4987060e+06   3.9428711e+01
   4.5050550e+06   4.2785645e+01
   4.5111500e+06   4.1320801e+01
   4.5243390e+06   4.0466309e+01
   4.5307910e+06   4.3212891e+01
   4.5334750e+06   4.5898438e+01
   4.5359770e+06   3.8879395e+01
   4.5399590e+06   3.9367676e+01
   4.5449610e+06   4.2114258e+01
   4.5498520e+06   4.6264648e+01
   4.5525080e+06   3.8635254e+01
   4.5592120e+06   4.0588379e+01
   4.5613340e+06   3.9062500e+01
   4.5673130e+06   3.8940430e+01
   4.5737040e+06   4.3457031e+01
   4.5765920e+06   4.4189453e+01
   4.5838760e+06   4.3579102e+01
   4.5848900e+06   4.1564941e+01
   4.5903870e+06   3.9062500e+01
   4.5930120e+06   3.9550781e+01
   4.5954760e+06   3.9123535e+01
   4.6023370e+06   4.4250488e+01
   4.6087000e+06   3.8757324e+01
   4.6194230e+06   3.9367676e+01
   4.6296390e+06   3.8452148e+01
   4.6354300e+06   3.8757324e+01
   4.6415200e+06   4.3273926e+01
   4.6619640e+06   3.9733887e+01
   4.6661010e+06   4.2297363e+01
   4.6672730e+06   4.2114258e+01
   4.6827080e+06   4.5043945e+01
   4.6838270e+06   3.9245605e+01
   4.6974970e+06   3.9855957e+01
   4.7072640e+06   4.1137695e+01
   4.7199070e+06   4.1870117e+01
   4.7268930e+06   4.3579102e+01
   4.7301840e+06   4.6691895e+01
   4.7320710e+06   3.8879395e+01
   4.7330160e+06   3.9916992e+01
   4.7518780e+06   4.5837402e+01
   4.7606520e+06   3.9428711e+01
   4.7676690e+06   3.8513184e+01
   4.7696330e+06   4.0954590e+01
   4.7717850e+06   4.5288086e+01
   4.7751700e+06   4.1992188e+01
   4.7816350e+06   3.9916992e+01
   4.7934160e+06   3.8757324e+01
   4.8078120e+06   4.4372559e+01
   4.8122420e+06   4.0527344e+01
   4.8184070e+06   3.8330078e+01
   4.8262510e+06   3.9245605e+01
   4.8308570e+06   3.8940430e+01
   4.8318540e+06   4.4677734e+01
   4.8333760e+06   3.9733887e+01
   4.8397210e+06   4.1259766e+01
   4.8516650e+06   4.2175293e+01
   4.8587080e+06   3.9916992e+01
   4.8610920e+06   5.1025391e+01
   4.8644560e+06   3.9245605e+01
   4.8745910e+06   3.9001465e+01
   4.8891220e+06   3.9672852e+01
   4.8945540e+06   4.5898438e+01
   4.9054690e+06   4.2053223e+01
   4.9137210e+06   4.1259766e+01
   4.9171820e+06   3.8330078e+01
   4.9212850e+06   4.1503906e+01
   4.9246920e+06   3.9489746e+01
   4.9337580e+06   4.4555664e+01
   4.9356250e+06   3.8696289e+01
   4.9431030e+06   3.8940430e+01
   4.9468090e+06   4.0954590e+01
   4.9472600e+06   4.5837402e+01
   4.9496440e+06   3.9428711e+01
   4.9514840e+06   3.9794922e+01
   4.9539830e+06   4.5166016e+01
   4.9564400e+06   4.6203613e+01
   4.9577300e+06   3.9978027e+01
   4.9614360e+06   4.4799805e+01
   4.9692480e+06   4.4616699e+01
   4.9906830e+06   4.1076660e+01
   4.9921600e+06   3.9123535e+01
   5.0044620e+06   3.9123535e+01
   5.0093210e+06   4.1259766e+01
   5.0232050e+06   3.9672852e+01
   5.0244760e+06   4.7363281e+01
   5.0272830e+06   3.8757324e+01
   5.0299950e+06   4.0710449e+01
   5.0428780e+06   4.0344238e+01
   5.0464950e+06   3.8330078e+01
   5.0512100e+06   3.8635254e+01
   5.0543920e+06   4.2358398e+01
   5.0580960e+06   4.2480469e+01
   5.0598350e+06   3.8940430e+01
   5.0632110e+06   4.0405273e+01
   5.0687570e+06   4.7424316e+01
   5.0743420e+06   4.5410156e+01
   5.0806840e+06   4.1381836e+01
   5.0843100e+06   4.5288086e+01
   5.0862510e+06   4.5349121e+01
   5.0915350e+06   3.9306641e+01
   5.0926630e+06   4.0344238e+01
   5.0970720e+06   3.9978027e+01
   5.1010790e+06   4.0832520e+01
   5.1067490e+06   4.3395996e+01
   5.1082730e+06   4.1809082e+01
   5.1206540e+06   4.2419434e+01
   5.1324700e+06   4.3457031e+01
   5.1343390e+06   3.9489746e+01
   5.1351630e+06   3.9550781e+01
   5.1383690e+06   3.8818359e+01
   5.1671030e+06   4.7912598e+01
   5.1683210e+06   4.0100098e+01
   5.1707110e+06   4.1809082e+01
   5.1725120e+06   3.9733887e+01
   5.1768360e+06   4.5349121e+01
   5.1804940e+06   4.5593262e+01
   5.1824570e+06   3.8635254e+01
   5.1870120e+06   4.1992188e+01
   5.1907510e+06   4.4921875e+01
   5.1966120e+06   4.0649414e+01
   5.2062910e+06   3.8391113e+01
   5.2068300e+06   3.8879395e+01
   5.2074020e+06   4.3212891e+01
   5.2214990e+06   4.0466309e+01
   5.2257600e+06   3.8696289e+01
   5.2273250e+06   3.9489746e+01
   5.2298740e+06   4.3029785e+01
   5.2393020e+06   4.1381836e+01
   5.2451630e+06   3.9489746e+01
   5.2509480e+06   4.0344238e+01
   5.2542670e+06   3.8696289e+01
   5.2558080e+06   4.3029785e+01
   5.2570910e+06   4.3945312e+01
   5.2602190e+06   3.9245605e+01
   5.2693670e+06   4.1320801e+01
   5.2704830e+06   4.1748047e+01
   5.2816810e+06   4.1503906e+01
   5.2826840e+06   5.0292969e+01
   5.2961810e+06   4.1687012e+01
   5.3072040e+06   3.8635254e+01
   5.3127890e+06   4.0588379e+01
   5.3140850e+06   3.9489746e+01
   5.3172980e+06   3.8391113e+01
   5.3222590e+06   4.3090820e+01
   5.3238240e+06   4.4311523e+01
   5.3346950e+06   4.1625977e+01
   5.3496480e+06   4.3945312e+01
   5.3565190e+06   4.1259766e+01
   5.3623970e+06   4.3884277e+01
   5.3657300e+06   4.6508789e+01
   5.3669270e+06   4.2175293e+01
   5.3816840e+06   4.6508789e+01
   5.3831320e+06   4.2358398e+01
   5.3848990e+06   4.2663574e+01
   5.3968320e+06   4.8339844e+01
   5.4063560e+06   4.3762207e+01
   5.4152480e+06   3.8391113e+01
   5.4224410e+06   3.8818359e+01
   5.4516310e+06   4.0588379e+01
   5.4720000e+06   4.2297363e+01
   5.4737820e+06   4.4677734e+01
   5.4841230e+06   4.1381836e+01
   5.4968330e+06   4.0405273e+01
   5.5051370e+06   4.7546387e+01
   5.5075520e+06   4.3518066e+01
   5.5087410e+06   4.0649414e+01
   5.5254480e+06   3.8818359e+01
   5.5376060e+06   4.0344238e+01
   5.5389230e+06   3.8574219e+01
   5.5462620e+06   4.0100098e+01
   5.5496500e+06   4.0588379e+01
   5.5651640e+06   4.2480469e+01
   5.5663610e+06   4.3640137e+01
   5.5701230e+06   4.0161133e+01
   5.5719200e+06   4.1320801e+01
   5.5753330e+06   4.1931152e+01
   5.5772500e+06   4.0588379e+01
   5.5796760e+06   3.8757324e+01
   5.5799450e+06   4.1931152e+01
   5.5819140e+06   4.1381836e+01
   5.5845070e+06   3.9855957e+01
   5.6130830e+06   4.3945312e+01
   5.6146000e+06   4.0039062e+01
   5.6166340e+06   4.2358398e+01
   5.6179770e+06   3.9245605e+01
   5.6193910e+06   4.0588379e+01
   5.6259420e+06   3.8452148e+01
   5.6291570e+06   4.4433594e+01
   5.6393110e+06   4.4982910e+01
   5.6407280e+06   4.0283203e+01
   5.6465530e+06   4.5288086e+01
   5.6498090e+06   4.4128418e+01
   5.6537240e+06   4.1442871e+01
   5.6558470e+06   3.9489746e+01
   5.6566820e+06   4.0222168e+01
   5.6589030e+06   4.6508789e+01
   5.6665570e+06   3.9916992e+01
   5.6702220e+06   3.8757324e+01
   5.6747280e+06   4.3029785e+01
   5.6841780e+06   3.8879395e+01
   5.6858010e+06   3.8818359e+01
   5.6916750e+06   4.5471191e+01
   5.6930480e+06   3.9733887e+01
   5.6946710e+06   4.2236328e+01
   5.7145830e+06   4.3884277e+01
   5.7221530e+06   3.8513184e+01
   5.7235750e+06   4.2419434e+01
   5.7265650e+06   4.3334961e+01
   5.7285500e+06   3.9184570e+01
   5.7323120e+06   3.8330078e+01
   5.7355650e+06   3.8574219e+01
   5.7466000e+06   3.8330078e+01
   5.7518530e+06   3.9794922e+01
   5.7536780e+06   3.9733887e+01
   5.7586490e+06   4.1137695e+01
   5.7677200e+06   4.6325684e+01
   5.7742430e+06   4.1198730e+01
   5.7764610e+06   3.9672852e+01
   5.7855540e+06   4.3090820e+01
   5.7925030e+06   4.0344238e+01
   5.8094780e+06   4.5288086e+01
   5.8257280e+06   3.8391113e+01
   5.8272100e+06   3.8513184e+01
   5.8578090e+06   4.3212891e+01
   5.8592970e+06   4.8217773e+01
   5.8607890e+06   4.2175293e+01
   5.8661440e+06   4.0527344e+01
   5.8691460e+06   4.1809082e+01
   5.8751270e+06   4.0527344e+01
   5.8803900e+06   3.8330078e+01
   5.8836400e+06   4.2480469e+01
   5.8864530e+06   3.8635254e+01
   5.8893540e+06   3.8757324e+01
   5.9008610e+06   4.0466309e+01
   5.9085610e+06   3.8574219e+01
   5.9100050e+06   4.4311523e+01
   5.9163970e+06   4.0222168e+01
   5.9461470e+06   4.1992188e+01
   5.9472330e+06   3.9245605e+01
   5.9528010e+06   3.8513184e+01
   5.9585650e+06   3.9489746e+01
   5.9767670e+06   4.0954590e+01
   6.0043930e+06   4.1503906e+01
   6.0116230e+06   3.8940430e+01
   6.0307330e+06   4.2358398e+01
   6.0335740e+06   3.9489746e+01
   6.0367850e+06   4.0588379e+01
   6.0409160e+06   4.7241211e+01
   6.0450410e+06   4.1259766e+01
   6.0465990e+06   3.9916992e+01
   6.0588080e+06   3.9428711e+01
   6.0617610e+06   4.4494629e+01
   6.0631990e+06   3.8574219e+01
   6.0759840e+06   4.2663574e+01
   6.0937990e+06   3.9611816e+01
   6.1094940e+06   4.0710449e+01
   6.1157080e+06   3.8391113e+01
   6.1188350e+06   3.9978027e+01
   6.1206950e+06   3.8818359e+01
   6.1274050e+06   4.5898438e+01
   6.1304890e+06   4.3457031e+01
   6.1320560e+06   4.0466309e+01
   6.1333070e+06   4.1870117e+01
   6.1347670e+06   4.3640137e+01
   6.1364120e+06   4.8706055e+01
   6.1485160e+06   3.9123535e+01
   6.1682670e+06   3.8818359e+01
   6.1771010e+06   4.0588379e+01
   6.1818120e+06   4.3823242e+01
   6.1881300e+06   3.9184570e+01
   6.1963660e+06   3.9978027e+01
   6.1985190e+06   3.8635254e+01
   6.2038610e+06   4.4494629e+01
   6.2085220e+06   3.8879395e+01
   6.2103730e+06   4.1503906e+01
   6.2144320e+06   3.8330078e+01
   6.2154690e+06   4.4311523e+01
   6.2262480e+06   4.0405273e+01
   6.2303920e+06   3.9123535e+01
   6.2389900e+06   3.9367676e+01
   6.2534420e+06   3.9001465e+01
   6.2638310e+06   4.5104980e+01
   6.2693940e+06   4.0039062e+01
   6.2710040e+06   4.1320801e+01
   6.2726310e+06   3.9428711e+01
   6.2744210e+06   4.2785645e+01
   6.2789490e+06   4.0100098e+01
   6.2807830e+06   4.1137695e+01
   6.2811730e+06   4.0405273e+01
   6.2853040e+06   4.0344238e+01
   6.2885010e+06   4.3090820e+01
   6.2974930e+06   4.4128418e+01
   6.3027050e+06   4.4433594e+01
   6.3126850e+06   3.8696289e+01
   6.3499320e+06   4.0771484e+01
   6.3555820e+06   4.1931152e+01
   6.3599560e+06   3.9001465e+01
   6.3767180e+06   3.8818359e+01
   6.3811100e+06   3.9794922e+01
   6.3843820e+06   3.8818359e+01
   6.3970450e+06   3.9489746e+01
   6.4033700e+06   4.3395996e+01
   6.4050460e+06   3.8757324e+01
   6.4087270e+06   4.0405273e+01
   6.4234160e+06   3.9428711e+01
   6.4364260e+06   4.1625977e+01
   6.4380930e+06   4.1870117e+01
   6.4539860e+06   3.9001465e+01
   6.4570840e+06   4.0100098e+01
   6.4705020e+06   4.2724609e+01
   6.4766530e+06   4.3090820e+01
   6.4833240e+06   3.9855957e+01
   6.4843190e+06   4.0405273e+01
   6.5135930e+06   4.0466309e+01
   6.5224950e+06   4.4555664e+01
   6.5451930e+06   3.9367676e+01
   6.5481890e+06   3.8696289e+01
   6.5529990e+06   3.9367676e+01
   6.5714890e+06   4.5471191e+01
   6.5745170e+06   4.0161133e+01
   6.5842070e+06   4.2541504e+01
   6.5887230e+06   4.2907715e+01
   6.5900890e+06   4.9804688e+01
   6.6043540e+06   3.9184570e+01
   6.6058890e+06   3.9062500e+01
   6.6083880e+06   3.9001465e+01
   6.6133500e+06   3.8330078e+01
   6.6144290e+06   3.9611816e+01
   6.6221730e+06   4.4128418e+01
   6.6364390e+06   4.1259766e+01
   6.6379220e+06   4.2541504e+01
   6.6495590e+06   4.0771484e+01
   6.6511140e+06   4.3334961e+01
   6.6555160e+06   4.4189453e+01
   6.6588960e+06   4.3640137e+01
   6.6612830e+06   3.9123535e+01
   6.6626040e+06   3.9306641e+01
   6.6672320e+06   3.8635254e+01
   6.6739070e+06   3.9367676e+01
   6.6757110e+06   3.8574219e+01
   6.6784420e+06   3.9978027e+01
   6.6860780e+06   3.8818359e+01
   6.6879510e+06   3.9428711e+01
   6.7066300e+06   4.3395996e+01
   6.7086830e+06   3.8696289e+01
   6.7202230e+06   4.0588379e+01
   6.7236290e+06   3.9306641e+01
   6.7283810e+06   3.8635254e+01
   6.7379380e+06   4.0039062e+01
   6.7414740e+06   3.8330078e+01
   6.7481410e+06   4.2907715e+01
   6.7507220e+06   4.5227051e+01
   6.7538890e+06   4.2968750e+01
   6.7612450e+06   3.9489746e+01
   6.7664900e+06   4.0222168e+01
   6.7679790e+06   4.1320801e+01
   6.7752480e+06   4.0527344e+01
   6.7819260e+06   3.8635254e+01
   6.8148040e+06   3.9123535e+01
   6.8200250e+06   4.0100098e+01
   6.8337260e+06   4.0832520e+01
   6.8587140e+06   4.1564941e+01
   6.8752100e+06   4.1015625e+01
   6.8795610e+06   4.4555664e+01
   6.8849190e+06   3.9550781e+01
   6.8860860e+06   4.1748047e+01
   6.9084710e+06   4.1076660e+01
   6.9136560e+06   4.4189453e+01
   6.9258120e+06   4.2663574e+01
   6.9306400e+06   3.8940430e+01
   6.9394990e+06   4.0649414e+01
   6.9471910e+06   4.1259766e+01
   6.9583750e+06   3.9367676e+01
   6.9620750e+06   4.0283203e+01
   6.9675000e+06   4.3518066e+01
   6.9709230e+06   4.6325684e+01
   6.9813890e+06   3.9611816e+01
   6.9861820e+06   4.1625977e+01
   6.9981440e+06   4.2846680e+01
   7.0065460e+06   4.1870117e+01
   7.0131360e+06   3.8513184e+01
   7.0384180e+06   3.8635254e+01
   7.0458470e+06   4.7546387e+01
   7.0472510e+06   3.8696289e+01
   7.0612220e+06   3.8757324e+01
   7.0762070e+06   4.0100098e+01
   7.0783070e+06   4.2785645e+01
   7.0813670e+06   3.9733887e+01
   7.0911870e+06   3.9184570e+01
   7.0945220e+06   4.1931152e+01
   7.0959520e+06   4.2236328e+01
   7.1039270e+06   4.1564941e+01
   7.1070630e+06   3.9672852e+01
   7.1116090e+06   3.9916992e+01
   7.1182260e+06   4.0405273e+01
   7.1207470e+06   4.5288086e+01
   7.1615040e+06   4.1625977e+01
   7.1660950e+06   4.2480469e+01
   7.1958930e+06   4.1442871e+01
   7.2013650e+06   4.1931152e+01
   7.2125920e+06   3.9672852e+01
   7.2271450e+06   3.9123535e+01
   7.2344140e+06   4.0893555e+01
   7.2359760e+06   4.1442871e+01
   7.2375040e+06   3.8452148e+01
   7.2406980e+06   4.3029785e+01
   7.2474790e+06   4.3395996e+01
   7.2698730e+06   3.8696289e+01
   7.2805190e+06   4.0100098e+01
   7.2980030e+06   4.1015625e+01
   7.3080020e+06   4.3395996e+01
   7.3189160e+06   4.1198730e+01
   7.3315770e+06   3.8452148e+01
   7.3433350e+06   3.9855957e+01
   7.3570090e+06   4.0893555e+01
   7.3651940e+06   3.9001465e+01
   7.3715550e+06   4.3701172e+01
   7.3730310e+06   3.9184570e+01
   7.3808620e+06   4.1015625e+01
   7.3886950e+06   3.8757324e+01
   7.4066990e+06   5.1879883e+01
   7.4108900e+06   4.2114258e+01
   7.4126820e+06   3.9611816e+01
   7.4184530e+06   3.8574219e+01
   7.4288430e+06   3.9794922e+01
   7.4332150e+06   4.1442871e+01
   7.4481150e+06   4.0344238e+01
   7.4493520e+06   4.3212891e+01
   7.4522730e+06   3.9001465e+01
   7.4572470e+06   3.8574219e+01
   7.4605330e+06   4.0710449e+01
   7.4640010e+06   3.9611816e+01
   7.4775170e+06   4.7729492e+01
   7.4806820e+06   4.0100098e+01
   7.4854060e+06   4.3823242e+01
   7.4871530e+06   4.2297363e+01
   7.4903100e+06   4.0466309e+01
   7.5004900e+06   4.0893555e+01
   7.5052790e+06   3.9550781e+01
   7.5069990e+06   3.8391113e+01
   7.5103220e+06   4.0039062e+01
   7.5245720e+06   3.9062500e+01
   7.5435940e+06   4.3090820e+01
   7.5542370e+06   3.9428711e+01
   7.5559710e+06   3.8940430e+01
   7.5576840e+06   3.8574219e+01
   7.5708490e+06   4.2541504e+01
   7.5760940e+06   4.1381836e+01
   7.5806180e+06   3.9978027e+01
   7.5822810e+06   4.0100098e+01
   7.5837510e+06   4.4799805e+01
   7.5887850e+06   4.0466309e+01
   7.5924660e+06   3.8574219e+01
   7.5954720e+06   3.9489746e+01
   7.5980990e+06   3.8879395e+01
   7.6007200e+06   4.0954590e+01
   7.6079140e+06   3.8757324e+01
   7.6252320e+06   3.8940430e+01
   7.6294610e+06   3.9978027e+01
   7.6301410e+06   3.8452148e+01
   7.6351820e+06   3.9428711e+01
   7.6416420e+06   4.2968750e+01
   7.6433590e+06   4.1259766e+01
   7.6538510e+06   3.9123535e+01
   7.6553210e+06   3.9978027e+01
   7.6586780e+06   4.0649414e+01
   7.6652710e+06   4.0161133e+01
   7.6729710e+06   4.0771484e+01
   7.6795840e+06   4.7302246e+01
   7.6834360e+06   3.8391113e+01
   7.6934830e+06   3.8940430e+01
   7.6962090e+06   4.0283203e+01
   7.6972480e+06   4.1442871e+01
   7.7059000e+06   3.9245605e+01
   7.7092590e+06   4.1687012e+01
   7.7108590e+06   3.9794922e+01
   7.7124810e+06   4.6081543e+01
   7.7140520e+06   4.1320801e+01
   7.7168360e+06   4.1931152e+01
   7.7235840e+06   4.0161133e+01
   7.7250560e+06   4.3090820e+01
   7.7299810e+06   3.8574219e+01
   7.7422230e+06   4.2175293e+01
   7.7456060e+06   3.8879395e+01
   7.7630930e+06   3.8574219e+01
   7.7680180e+06   3.9672852e+01
   7.7775010e+06   4.0893555e+01
   7.7808400e+06   4.1076660e+01
   7.7827260e+06   4.8950195e+01
   7.7845500e+06   4.2785645e+01
   7.7933740e+06   3.9855957e+01
   7.8017600e+06   4.3640137e+01
   7.8048190e+06   3.9672852e+01
   7.8064280e+06   4.0832520e+01
   7.8168180e+06   4.1320801e+01
   7.8265570e+06   3.8696289e+01
   7.8278750e+06   4.4006348e+01
   7.8324760e+06   3.8940430e+01
   7.8419730e+06   3.8513184e+01
   7.8583920e+06   4.1015625e+01
   7.8606080e+06   3.9367676e+01
   7.8635060e+06   3.8513184e+01
   7.8665770e+06   3.8452148e+01
   7.8697860e+06   4.0710449e+01
   7.8735350e+06   4.3701172e+01
   7.8783590e+06   4.4860840e+01
   7.8817190e+06   4.0649414e+01
   7.8866540e+06   3.9550781e+01
   7.8881490e+06   3.8879395e+01
   7.8990230e+06   4.2358398e+01
   7.9052400e+06   4.3273926e+01
   7.9116860e+06   3.9062500e+01
   7.9168440e+06   3.8391113e+01
   7.9232600e+06   4.0710449e+01
   7.9335810e+06   4.2114258e+01
   7.9356660e+06   4.4677734e+01
   7.9471180e+06   4.0283203e+01
   7.9516320e+06   4.3029785e+01
   7.9621440e+06   4.0588379e+01
   7.9694700e+06   4.1625977e+01
   7.9775210e+06   4.0283203e+01
   7.9822970e+06   3.9733887e+01
   7.9887100e+06   4.1259766e+01
   7.9925160e+06   3.8513184e+01
   8.0004390e+06   4.2968750e+01
   8.0057180e+06   4.4372559e+01
   8.0169140e+06   4.1320801e+01
   8.0203690e+06   4.3701172e+01
   8.0256330e+06   4.0466309e+01
   8.0381190e+06   4.5043945e+01
   8.0414070e+06   4.2297363e+01
   8.0464540e+06   3.9733887e+01
   8.0542530e+06   4.1687012e+01
   8.0580170e+06   3.9306641e+01
   8.0668470e+06   4.0832520e+01
   8.0702440e+06   4.1137695e+01
   8.0720570e+06   4.1259766e+01
   8.0837580e+06   3.9428711e+01
   8.0889750e+06   4.0161133e+01
   8.1002490e+06   4.3579102e+01
   8.1027350e+06   3.9245605e+01
   8.1042460e+06   4.0649414e+01
   8.1057230e+06   4.1198730e+01
   8.1172410e+06   3.9062500e+01
   8.1187700e+06   3.8574219e+01
   8.1258950e+06   3.9855957e+01
   8.1297580e+06   4.0039062e+01
   8.1313620e+06   3.9367676e+01
   8.1382570e+06   3.9428711e+01
   8.1401190e+06   3.9672852e+01
   8.1440510e+06   4.3090820e+01
   8.1524990e+06   3.8330078e+01
   8.1546950e+06   4.0527344e+01
   8.1578890e+06   4.6325684e+01
   8.1591320e+06   3.9306641e+01
   8.1648160e+06   3.9062500e+01
   8.1664410e+06   3.9794922e+01
   8.1722390e+06   4.2602539e+01
   8.1738870e+06   4.0344238e+01
   8.1755920e+06   4.1137695e+01
   8.2013300e+06   3.8330078e+01
   8.2141040e+06   3.8940430e+01
   8.2159710e+06   3.9855957e+01
   8.2247930e+06   3.9428711e+01
   8.2356340e+06   4.1625977e+01
   8.2391810e+06   3.8635254e+01
   8.2426900e+06   4.0527344e+01
   8.2517560e+06   4.1259766e+01
   8.2572460e+06   3.9611816e+01
   8.2611150e+06   4.1381836e+01
   8.2628440e+06   4.4189453e+01
   8.2723120e+06   3.9550781e+01
   8.2738740e+06   3.9184570e+01
   8.2865540e+06   3.8879395e+01
   8.2883180e+06   3.9062500e+01
   8.2949890e+06   4.2724609e+01
   8.3061940e+06   4.2175293e+01
   8.3085200e+06   4.0710449e+01
   8.3182560e+06   4.7912598e+01
   8.3217630e+06   3.8513184e+01
   8.3292170e+06   3.9611816e+01
   8.3310690e+06   4.1076660e+01
   8.3397030e+06   3.8696289e+01
   8.3483770e+06   3.8635254e+01
   8.3522680e+06   4.1198730e+01
   8.3651650e+06   4.3945312e+01
   8.3732580e+06   4.0954590e+01
   8.3764820e+06   4.2175293e+01
   8.4003140e+06   4.4555664e+01
   8.4020390e+06   3.8391113e+01
   8.4070830e+06   3.8818359e+01
   8.4107630e+06   4.2236328e+01
   8.4214910e+06   3.9672852e+01
   8.4301420e+06   3.8330078e+01
   8.4340590e+06   3.8513184e+01
   8.4355750e+06   3.9184570e+01
   8.4408570e+06   4.6203613e+01
   8.4427530e+06   4.1992188e+01
   8.4459940e+06   4.0954590e+01
   8.4656730e+06   4.0527344e+01
   8.4675030e+06   3.9001465e+01
   8.4740220e+06   4.1931152e+01
   8.4807000e+06   3.8391113e+01
   8.4857830e+06   4.3090820e+01
   8.5010820e+06   4.0466309e+01
   8.5085430e+06   4.2480469e+01
   8.5100580e+06   3.8452148e+01
   8.5151850e+06   4.0466309e+01
   8.5235550e+06   3.8574219e+01
   8.5256100e+06   4.5837402e+01
   8.5345970e+06   3.8391113e+01
   8.5537330e+06   4.1137695e+01
   8.5554430e+06   4.2419434e+01
   8.5570350e+06   3.9916992e+01
   8.5764630e+06   3.9306641e+01
   8.5800850e+06   4.5104980e+01
   8.5818280e+06   3.8513184e+01
   8.5900650e+06   3.8391113e+01
   8.5951970e+06   4.2785645e+01
   8.5984870e+06   4.3884277e+01
   8.6079620e+06   4.1442871e+01
   8.6147990e+06   4.3518066e+01
   8.6203650e+06   4.1503906e+01
   8.6217580e+06   4.5837402e+01
   8.6250050e+06   3.8513184e+01
   8.6336630e+06   4.1015625e+01
   8.6506200e+06   3.9611816e+01
   8.6523570e+06   3.9367676e+01
   8.6540910e+06   3.9672852e+01
   8.6557540e+06   4.9316406e+01
   8.6606250e+06   4.1564941e+01
   8.6704210e+06   3.9855957e+01
   8.6767670e+06   4.0344238e+01
   8.6842940e+06   4.1320801e+01
   8.6880010e+06   3.9550781e+01
   8.7015500e+06   3.9550781e+01
   8.7053090e+06   3.9367676e+01
   8.7085160e+06   3.9611816e+01
   8.7103040e+06   4.0405273e+01
   8.7172600e+06   3.9916992e+01
   8.7219490e+06   4.3395996e+01
   8.7238670e+06   4.1015625e+01
   8.7377690e+06   4.4189453e+01
   8.7478370e+06   3.8391113e+01
   8.7619560e+06   4.0161133e+01
   8.7668650e+06   4.1198730e+01
   8.7710200e+06   3.9245605e+01
   8.7745800e+06   4.0893555e+01
   8.7801880e+06   4.2480469e+01
   8.7847450e+06   3.8513184e+01
   8.7866120e+06   3.9245605e+01
   8.7867640e+06   4.1503906e+01
   8.7897330e+06   3.8757324e+01
   8.7931840e+06   3.9062500e+01
   8.7986080e+06   4.0832520e+01
   8.8001250e+06   3.8757324e+01
   8.8053480e+06   4.2114258e+01
   8.8103300e+06   4.3701172e+01
   8.8121480e+06   4.2480469e+01
   8.8138220e+06   4.6813965e+01
   8.8172960e+06   4.2541504e+01
   8.8221260e+06   4.0405273e+01
   8.8245210e+06   3.8818359e+01
   8.8279710e+06   4.2053223e+01
   8.8311530e+06   3.8879395e+01
   8.8365810e+06   4.0222168e+01
   8.8398020e+06   3.9916992e+01
   8.8459790e+06   3.8757324e+01
   8.8475580e+06   3.9978027e+01
   8.8511690e+06   3.9550781e+01
   8.8599290e+06   4.2419434e+01
   8.8612530e+06   3.8330078e+01
   8.8632760e+06   3.8635254e+01
   8.8814490e+06   4.0344238e+01
   8.8834190e+06   3.9184570e+01
   8.8926740e+06   4.2053223e+01
   8.9046190e+06   4.1748047e+01
   8.9080100e+06   4.1503906e+01
   8.9132020e+06   4.1198730e+01
   8.9167690e+06   4.0283203e+01
   8.9353860e+06   4.1076660e+01
   8.9420680e+06   4.1381836e+01
   8.9472750e+06   4.4128418e+01
   8.9490700e+06   4.1198730e+01
   8.9639580e+06   4.2053223e+01
   8.9654760e+06   4.2358398e+01
   8.9809040e+06   3.9672852e+01
   8.9951720e+06   4.5349121e+01
