   8.9990000e+06   0.0000000e+00
   1.0226600e+05   3.7597656e+01
   2.2512300e+05   3.8452148e+01
   4.1629500e+05   3.9733887e+01
   5.7917100e+05   3.8818359e+01
   5.8896600e+05   3.7841797e+01
   6.9374400e+05   3.8818359e+01
   1.0305450e+06   3.7719727e+01
   1.9625500e+06   3.9916992e+01
   2.0135820e+06   3.8818359e+01
   2.0673280e+06   3.8146973e+01
   2.2545330e+06   3.7231445e+01
   2.4817470e+06   3.7597656e+01
   2.5753240e+06   3.7841797e+01
   2.7699450e+06   3.8879395e+01
   2.9551350e+06   3.7780762e+01
   3.1174010e+06   3.8513184e+01
   4.0226700e+06   3.8208008e+01
   4.2083440e+06   3.9123535e+01
   4.3366560e+06   3.7658691e+01
   4.3769660e+06   3.8269043e+01
   4.8864450e+06   3.8818359e+01
   5.2946640e+06   3.9428711e+01
   5.6187700e+06   3.7292480e+01
   5.7626020e+06   3.8452148e+01
   5.8562360e+06   3.8269043e+01
   5.9237210e+06   4.1687012e+01
   6.0253050e+06   3.9428711e+01
   6.2069250e+06   3.7231445e+01
   6.4541550e+06   3.8024902e+01
   6.7716970e+06   3.9489746e+01
   7.4305690e+06   3.7475586e+01
   7.5179870e+06   3.7780762e+01
   7.5590490e+06   3.9428711e+01
   7.9134870e+06   3.7414551e+01
   8.3536140e+06   4.0283203e+01
   8.5040360e+06   3.9062500e+01
