   8.9990000e+06   0.0000000e+00
   3.4887000e+04   4.2785645e+01
   8.2806000e+04   5.2001953e+01
   9.9419000e+04   5.4016113e+01
   9.9839000e+04   4.8156738e+01
   1.0597400e+05   4.4494629e+01
   1.0627600e+05   4.5776367e+01
   1.0646500e+05   5.2307129e+01
   1.3098100e+05   4.3640137e+01
   1.3575100e+05   4.0527344e+01
   1.5673100e+05   4.5349121e+01
   1.8420700e+05   4.6691895e+01
   1.9157200e+05   5.8776855e+01
   1.9871300e+05   4.0344238e+01
   2.0134000e+05   3.9978027e+01
   2.4560400e+05   5.4321289e+01
   2.4622800e+05   4.6203613e+01
   2.4662100e+05   4.6691895e+01
   2.5118400e+05   3.9428711e+01
   2.5418600e+05   6.1218262e+01
   3.1204600e+05   4.7851563e+01
   3.1366900e+05   4.6386719e+01
   3.4540700e+05   4.0832520e+01
   3.5517900e+05   4.1564941e+01
   3.6383600e+05   6.1950684e+01
   3.8064000e+05   3.9428711e+01
   3.9529200e+05   4.5410156e+01
   4.0434900e+05   5.4382324e+01
   4.7343600e+05   4.9682617e+01
   5.4616100e+05   3.9794922e+01
   5.7685000e+05   4.0405273e+01
   5.9276500e+05   4.9072266e+01
   6.2270000e+05   4.4738770e+01
   6.3748200e+05   4.3212891e+01
   6.5714000e+05   6.1645508e+01
   6.6267300e+05   3.9306641e+01
   6.8122300e+05   5.3344727e+01
   6.9569700e+05   4.5898438e+01
   7.3415900e+05   3.9367676e+01
   7.4128700e+05   4.2541504e+01
   7.5464900e+05   4.1198730e+01
   7.7700500e+05   5.8776855e+01
   7.7720500e+05   4.1809082e+01
   8.4516000e+05   5.2795410e+01
   8.8021900e+05   5.1208496e+01
   1.0089080e+06   5.9082031e+01
   1.0355740e+06   4.8278809e+01
   1.0573050e+06   4.8095703e+01
   1.0968980e+06   4.2114258e+01
   1.1256520e+06   4.3457031e+01
   1.1309440e+06   4.0222168e+01
   1.1448080e+06   4.9194336e+01
   1.1467270e+06   3.9733887e+01
   1.1470080e+06   4.5715332e+01
   1.1677130e+06   5.3039551e+01
   1.1678770e+06   5.2001953e+01
   1.1681080e+06   4.3884277e+01
   1.1972820e+06   5.6884766e+01
   1.1974750e+06   3.9306641e+01
   1.1976860e+06   4.0161133e+01
   1.1978910e+06   4.6020508e+01
   1.2377690e+06   4.8889160e+01
   1.2602200e+06   4.4799805e+01
   1.2744470e+06   4.0893555e+01
   1.3062170e+06   5.5297852e+01
   1.3130340e+06   3.9855957e+01
   1.3131120e+06   4.7668457e+01
   1.3133430e+06   4.4433594e+01
   1.3811480e+06   3.9611816e+01
   1.4381510e+06   4.8400879e+01
   1.4382780e+06   5.1757812e+01
   1.4385230e+06   4.5227051e+01
   1.4529960e+06   4.2114258e+01
   1.4640070e+06   4.1076660e+01
   1.4886250e+06   4.1748047e+01
   1.4887850e+06   4.8278809e+01
   1.4957220e+06   5.7434082e+01
   1.4958760e+06   4.0161133e+01
   1.5664990e+06   4.7485352e+01
   1.5929700e+06   3.9733887e+01
   1.5983270e+06   4.7912598e+01
   1.6015890e+06   5.1513672e+01
   1.6018880e+06   4.9438477e+01
   1.6020430e+06   4.2419434e+01
   1.6026940e+06   4.5471191e+01
   1.6145650e+06   4.8583984e+01
   1.6237790e+06   4.3701172e+01
   1.6327930e+06   4.7119141e+01
   1.6505210e+06   4.8034668e+01
   1.6649410e+06   5.7250977e+01
   1.7032680e+06   4.0649414e+01
   1.7071890e+06   5.0964355e+01
   1.7604380e+06   4.8278809e+01
   1.7605770e+06   4.8339844e+01
   1.7609310e+06   4.3090820e+01
   1.7668210e+06   4.7241211e+01
   1.7843620e+06   4.6875000e+01
   1.7960270e+06   4.3518066e+01
   1.7963560e+06   4.6997070e+01
   1.8004630e+06   3.9367676e+01
   1.8229570e+06   4.6203613e+01
   1.8235850e+06   5.0781250e+01
   1.8240880e+06   4.5715332e+01
   1.8462870e+06   5.4504395e+01
   1.8464850e+06   4.2785645e+01
   1.8469070e+06   4.1870117e+01
   1.8979170e+06   4.1198730e+01
   1.9196420e+06   4.7302246e+01
   1.9199860e+06   5.4077148e+01
   1.9202430e+06   4.1564941e+01
   1.9227900e+06   4.1198730e+01
   1.9228210e+06   4.0954590e+01
   1.9290490e+06   3.9855957e+01
   1.9298010e+06   3.9916992e+01
   1.9861960e+06   3.9916992e+01
   2.0178980e+06   4.6081543e+01
   2.0204670e+06   4.1503906e+01
   2.0558530e+06   5.0354004e+01
   2.0731030e+06   4.0161133e+01
   2.0833160e+06   4.9133301e+01
   2.0835570e+06   4.0283203e+01
   2.1589980e+06   4.0466309e+01
   2.1638300e+06   4.6142578e+01
   2.2105230e+06   3.9245605e+01
   2.2703550e+06   4.6081543e+01
   2.2714390e+06   5.5297852e+01
   2.2718740e+06   4.5166016e+01
   2.2720710e+06   4.0344238e+01
   2.2723150e+06   4.4982910e+01
   2.3432200e+06   5.1269531e+01
   2.3637410e+06   3.9306641e+01
   2.4628090e+06   4.3395996e+01
   2.5013220e+06   5.2734375e+01
   2.5015700e+06   5.4748535e+01
   2.5019950e+06   4.2419434e+01
   2.5023130e+06   5.5297852e+01
   2.5025520e+06   3.9367676e+01
   2.5061980e+06   5.1574707e+01
   2.5066360e+06   4.1931152e+01
   2.5165670e+06   4.3334961e+01
   2.5462720e+06   4.8828125e+01
   2.5799110e+06   5.1513672e+01
   2.6057220e+06   4.5471191e+01
   2.6341800e+06   5.6274414e+01
   2.6344090e+06   4.9499512e+01
   2.6359740e+06   4.8278809e+01
   2.7162310e+06   5.8959961e+01
   2.7376820e+06   4.2724609e+01
   2.7534500e+06   3.9184570e+01
   2.7998580e+06   4.8217773e+01
   2.8202750e+06   4.5776367e+01
   2.8929980e+06   4.6386719e+01
   2.8975150e+06   4.2236328e+01
   2.9186080e+06   3.9428711e+01
   2.9599050e+06   4.3518066e+01
   2.9778080e+06   4.9377441e+01
   3.0037230e+06   5.3344727e+01
   3.0237020e+06   4.5837402e+01
   3.0336370e+06   5.4016113e+01
   3.0340610e+06   5.4199219e+01
   3.0343110e+06   4.5593262e+01
   3.0347070e+06   4.1687012e+01
   3.0474930e+06   3.9794922e+01
   3.0582070e+06   4.8217773e+01
   3.0889520e+06   4.2602539e+01
   3.0890640e+06   4.3212891e+01
   3.1069790e+06   4.8217773e+01
   3.1544270e+06   4.5532227e+01
   3.1546590e+06   4.7424316e+01
   3.1865060e+06   3.9062500e+01
   3.2054730e+06   4.1076660e+01
   3.2426340e+06   4.9743652e+01
   3.2433480e+06   4.7607422e+01
   3.2435590e+06   4.2968750e+01
   3.2438770e+06   4.7485352e+01
   3.2440830e+06   5.1025391e+01
   3.2548190e+06   4.2480469e+01
   3.2550480e+06   4.5837402e+01
   3.2680510e+06   5.4809570e+01
   3.2684230e+06   3.9550781e+01
   3.2968190e+06   4.3823242e+01
   3.3152220e+06   4.9865723e+01
   3.3155700e+06   4.1381836e+01
   3.3631230e+06   3.9306641e+01
   3.3859010e+06   4.5898438e+01
   3.4159530e+06   4.0527344e+01
   3.4300050e+06   4.6875000e+01
   3.4304760e+06   5.5053711e+01
   3.4395030e+06   4.2724609e+01
   3.4544590e+06   3.9550781e+01
   3.4673240e+06   5.2429199e+01
   3.4676580e+06   5.5603027e+01
   3.4754200e+06   4.4860840e+01
   3.4756400e+06   5.0842285e+01
   3.4760640e+06   4.1625977e+01
   3.4771630e+06   3.9123535e+01
   3.4972010e+06   4.6203613e+01
   3.5047870e+06   3.9245605e+01
   3.5061900e+06   4.8767090e+01
   3.5216550e+06   3.9428711e+01
   3.5284240e+06   3.9611816e+01
   3.5286000e+06   4.0954590e+01
   3.5288240e+06   4.4921875e+01
   3.5290870e+06   4.0527344e+01
   3.5709640e+06   6.1340332e+01
   3.5712110e+06   4.0710449e+01
   3.6075160e+06   3.9916992e+01
   3.6078860e+06   4.7302246e+01
   3.6234540e+06   3.9733887e+01
   3.6353660e+06   5.0903320e+01
   3.6355030e+06   5.4626465e+01
   3.6358870e+06   4.7668457e+01
   3.6483650e+06   4.5349121e+01
   3.6484900e+06   4.5288086e+01
   3.6816150e+06   4.5166016e+01
   3.6823130e+06   4.8461914e+01
   3.7220300e+06   4.8889160e+01
   3.7235530e+06   4.2114258e+01
   3.7389880e+06   4.1198730e+01
   3.7506890e+06   4.1870117e+01
   3.7948120e+06   4.2907715e+01
   3.8110530e+06   4.4921875e+01
   3.8114200e+06   5.1757812e+01
   3.8116590e+06   4.3640137e+01
   3.8365390e+06   5.2001953e+01
   3.8367600e+06   4.5715332e+01
   3.8484060e+06   5.9997559e+01
   3.8609020e+06   4.1748047e+01
   3.8610730e+06   4.4860840e+01
   3.8709940e+06   4.3090820e+01
   3.8801570e+06   4.7241211e+01
   3.8803490e+06   4.1442871e+01
   3.8888230e+06   4.0710449e+01
   3.8891010e+06   5.0659180e+01
   3.8894000e+06   4.3823242e+01
   3.9083240e+06   4.7546387e+01
   3.9209650e+06   3.9062500e+01
   3.9572620e+06   4.7302246e+01
   3.9644170e+06   5.0964355e+01
   3.9863570e+06   5.5236816e+01
   3.9864510e+06   3.9550781e+01
   3.9959410e+06   4.9865723e+01
   3.9963510e+06   4.3457031e+01
   3.9965800e+06   4.5104980e+01
   4.0522790e+06   4.7424316e+01
   4.0525000e+06   4.1320801e+01
   4.0746940e+06   4.1992188e+01
   4.0849660e+06   4.4494629e+01
   4.0853290e+06   4.1748047e+01
   4.0854850e+06   4.2358398e+01
   4.0929470e+06   3.9306641e+01
   4.1086690e+06   4.7851562e+01
   4.1170710e+06   4.0649414e+01
   4.1172620e+06   4.1381836e+01
   4.2510920e+06   4.0161133e+01
   4.2615000e+06   4.6020508e+01
   4.2620520e+06   4.7851562e+01
   4.2624180e+06   4.0954590e+01
   4.2688680e+06   4.1442871e+01
   4.2751040e+06   4.4982910e+01
   4.3041510e+06   4.5043945e+01
   4.4273900e+06   5.6518555e+01
   4.4586100e+06   4.6325684e+01
   4.4589220e+06   4.2602539e+01
   4.4666950e+06   4.1931152e+01
   4.5256950e+06   4.7485352e+01
   4.5535480e+06   4.6875000e+01
   4.5714670e+06   4.4921875e+01
   4.5719010e+06   4.6386719e+01
   4.5818930e+06   4.6081543e+01
   4.6359270e+06   4.4189453e+01
   4.6690420e+06   4.4250488e+01
   4.7152770e+06   3.9978027e+01
   4.7609300e+06   3.9550781e+01
   4.7730960e+06   4.9499512e+01
   4.7732920e+06   4.9621582e+01
   4.8541880e+06   5.6579590e+01
   4.8543520e+06   5.1940918e+01
   4.8847970e+06   3.9428711e+01
   4.9351760e+06   4.6325684e+01
   5.1524460e+06   4.4982910e+01
   5.2820980e+06   3.9489746e+01
   5.4456670e+06   3.9611816e+01
   5.4841190e+06   5.5908203e+01
   5.4842590e+06   4.5776367e+01
   5.4845820e+06   4.0405273e+01
   5.5553110e+06   4.0466309e+01
   5.5971270e+06   3.9184570e+01
   5.6986370e+06   3.9184570e+01
   5.7008390e+06   4.1503906e+01
   5.7028540e+06   4.0100098e+01
   5.7626330e+06   4.8889160e+01
   5.7638280e+06   4.3457031e+01
   5.7844350e+06   4.4738770e+01
   5.7996170e+06   5.2673340e+01
   5.7997570e+06   5.4138184e+01
   5.8000020e+06   4.6813965e+01
   5.8055260e+06   3.9672852e+01
   5.8229780e+06   3.9062500e+01
   5.8418330e+06   4.0283203e+01
   5.8473510e+06   3.9062500e+01
   5.8804180e+06   5.3039551e+01
   5.8808180e+06   4.6630859e+01
   5.8810670e+06   4.7302246e+01
   5.8847260e+06   4.1748047e+01
   5.9291840e+06   4.0954590e+01
   6.0244570e+06   4.6508789e+01
   6.0245580e+06   4.1870117e+01
   6.0247290e+06   4.2846680e+01
   6.0249930e+06   3.9428711e+01
   6.0252670e+06   4.1137695e+01
   6.0388500e+06   5.0964355e+01
   6.0467580e+06   4.3212891e+01
   6.0593430e+06   4.2602539e+01
   6.0624880e+06   4.9255371e+01
   6.0625900e+06   4.0039062e+01
   6.0627690e+06   4.7973633e+01
   6.0629800e+06   4.3579102e+01
   6.1066780e+06   4.4677734e+01
   6.1108690e+06   4.2236328e+01
   6.1176730e+06   4.1015625e+01
   6.1258760e+06   3.9428711e+01
   6.1503750e+06   4.6630859e+01
   6.1633990e+06   4.1320801e+01
   6.1663560e+06   3.9184570e+01
   6.1698940e+06   4.8828125e+01
   6.1700140e+06   3.9794922e+01
   6.1703730e+06   4.9804688e+01
   6.2308480e+06   5.2612305e+01
   6.2454800e+06   5.1452637e+01
   6.2460770e+06   4.1015625e+01
   6.2472250e+06   5.4443359e+01
   6.2686820e+06   5.2246094e+01
   6.3026280e+06   4.3273926e+01
   6.3082690e+06   4.0710449e+01
   6.3115900e+06   4.3823242e+01
   6.3129370e+06   4.9743652e+01
   6.3132830e+06   4.4555664e+01
   6.3694280e+06   3.9794922e+01
   6.3696170e+06   4.0893555e+01
   6.4147530e+06   3.9245605e+01
   6.4172500e+06   5.1940918e+01
   6.4194500e+06   4.2419434e+01
   6.4195860e+06   4.5043945e+01
   6.4258640e+06   4.4982910e+01
   6.4282880e+06   4.7546387e+01
   6.4582080e+06   5.0231934e+01
   6.4585080e+06   4.1259766e+01
   6.4650510e+06   5.6274414e+01
   6.4653840e+06   4.0100098e+01
   6.4661440e+06   4.4311523e+01
   6.4996410e+06   5.1330566e+01
   6.5134930e+06   3.9733887e+01
   6.5228970e+06   4.2602539e+01
   6.5695070e+06   4.7241211e+01
   6.5704390e+06   4.6936035e+01
   6.5705640e+06   4.0466309e+01
   6.5708370e+06   4.2419434e+01
   6.5718820e+06   4.1320801e+01
   6.5720630e+06   4.0710449e+01
   6.6245850e+06   4.0344238e+01
   6.6375340e+06   4.7973633e+01
   6.6599560e+06   4.4189453e+01
   6.6608910e+06   4.5227051e+01
   6.6625850e+06   5.1330566e+01
   6.6850630e+06   4.7546387e+01
   6.7084500e+06   3.9550781e+01
   6.7517050e+06   3.9489746e+01
   6.7999770e+06   3.9489746e+01
   6.8005310e+06   4.4494629e+01
   6.8104130e+06   5.0109863e+01
   6.8105890e+06   4.1809082e+01
   6.8108910e+06   4.5227051e+01
   6.8285090e+06   4.6325684e+01
   6.8287370e+06   4.0344238e+01
   6.8291370e+06   4.0283203e+01
   6.8917330e+06   5.3588867e+01
   6.8936660e+06   4.7363281e+01
   6.9452030e+06   4.1564941e+01
   6.9553590e+06   4.3151855e+01
   6.9583660e+06   4.1198730e+01
   6.9586910e+06   4.1320801e+01
   6.9590560e+06   4.8645020e+01
   6.9693260e+06   4.0954590e+01
   6.9694860e+06   4.1442871e+01
   6.9868890e+06   4.6142578e+01
   7.0556800e+06   4.4372559e+01
   7.0737400e+06   4.6020508e+01
   7.0741070e+06   4.2785645e+01
   7.0743220e+06   4.3762207e+01
   7.0957770e+06   5.6945801e+01
   7.1570680e+06   5.4809570e+01
   7.1662830e+06   4.0222168e+01
   7.1783940e+06   6.0241699e+01
   7.1786140e+06   5.4443359e+01
   7.1788320e+06   3.9550781e+01
   7.1840320e+06   3.9733887e+01
   7.2467940e+06   4.1259766e+01
   7.2490960e+06   5.5786133e+01
   7.3335960e+06   5.2185059e+01
   7.3536840e+06   4.0344238e+01
   7.3556920e+06   4.2724609e+01
   7.3559640e+06   4.0710449e+01
   7.3563500e+06   4.4799805e+01
   7.3565400e+06   4.6020508e+01
   7.3853350e+06   4.4555664e+01
   7.4227130e+06   3.9367676e+01
   7.4323990e+06   3.9550781e+01
   7.4327070e+06   4.6875000e+01
   7.4329450e+06   4.4433594e+01
   7.4331480e+06   4.1259766e+01
   7.4333600e+06   3.9123535e+01
   7.4819690e+06   4.0039062e+01
   7.7014700e+06   4.8645020e+01
   7.7055540e+06   4.4372559e+01
   7.7516020e+06   3.9428711e+01
   7.7795910e+06   4.0588379e+01
   7.8059850e+06   4.4921875e+01
   7.8622320e+06   3.9489746e+01
   7.8629520e+06   4.7424316e+01
   7.9082040e+06   4.1015625e+01
   7.9085830e+06   4.1931152e+01
   7.9462160e+06   4.0344238e+01
   7.9913020e+06   3.9184570e+01
   8.0950030e+06   4.0100098e+01
   8.1022650e+06   5.9509277e+01
   8.1346500e+06   3.9306641e+01
   8.1551560e+06   3.9733887e+01
   8.2646150e+06   4.0771484e+01
   8.3032880e+06   4.6569824e+01
   8.3430090e+06   4.0222168e+01
   8.3748120e+06   3.9245605e+01
   8.3918720e+06   4.2297363e+01
   8.4170030e+06   3.9855957e+01
   8.5376740e+06   4.1809082e+01
   8.7225390e+06   4.1259766e+01
   8.8705800e+06   5.0781250e+01
   8.8795580e+06   4.4189453e+01
   8.8888890e+06   4.2663574e+01
   8.9919220e+06   4.0344238e+01
