   8.9990000e+06   0.0000000e+00
   5.3433000e+04   4.2846680e+01
   1.0374900e+05   4.0710449e+01
   1.1693300e+05   4.7668457e+01
   1.3401900e+05   4.4128418e+01
   2.0568200e+05   4.1442871e+01
   3.3857500e+05   4.5776367e+01
   4.2123500e+05   4.4433594e+01
   4.6323200e+05   4.2358398e+01
   4.8469900e+05   4.5166016e+01
   5.5844000e+05   4.7058105e+01
   6.5715500e+05   4.0771484e+01
   7.0115700e+05   4.1809082e+01
   7.1587400e+05   4.3273926e+01
   7.2768800e+05   4.7546387e+01
   8.2743500e+05   4.6203613e+01
   8.6880200e+05   4.9316406e+01
   1.0007600e+06   4.1076660e+01
   1.0880100e+06   4.0771484e+01
   1.1531160e+06   4.0588379e+01
   1.1535630e+06   4.1259766e+01
   1.2711950e+06   4.3823242e+01
   1.3648890e+06   4.4189453e+01
   1.4405920e+06   4.5104980e+01
   1.4442460e+06   4.3151855e+01
   1.4675410e+06   4.2114258e+01
   1.4774250e+06   4.2480469e+01
   1.5442370e+06   4.1259766e+01
   1.7333230e+06   4.1809082e+01
   1.7493450e+06   4.3395996e+01
   1.7495730e+06   4.0649414e+01
   1.9461810e+06   4.1870117e+01
   1.9922260e+06   4.2968750e+01
   2.0200600e+06   4.1137695e+01
   2.0312980e+06   4.4921875e+01
   2.1299530e+06   4.2480469e+01
   2.1683280e+06   4.4738770e+01
   2.2140920e+06   4.3273926e+01
   2.2412310e+06   4.2663574e+01
   2.3211920e+06   4.1076660e+01
   2.4262930e+06   4.5654297e+01
   2.4423490e+06   4.0893555e+01
   2.4964290e+06   4.5349121e+01
   2.5238950e+06   4.1076660e+01
   2.6313010e+06   4.1687012e+01
   2.6365690e+06   4.9560547e+01
   2.7398260e+06   4.6264648e+01
   2.8351990e+06   4.2602539e+01
   2.9347930e+06   4.4860840e+01
   2.9403090e+06   4.2175293e+01
   3.0036590e+06   5.1513672e+01
   3.0614140e+06   4.5288086e+01
   3.1157820e+06   4.4494629e+01
   3.1188320e+06   4.0771484e+01
   3.2353990e+06   4.4128418e+01
   3.2687540e+06   4.7119141e+01
   3.2708970e+06   4.2907715e+01
   3.3093000e+06   4.3823242e+01
   3.4377260e+06   4.1809082e+01
   3.4782930e+06   4.1259766e+01
   3.7138930e+06   4.3701172e+01
   3.7725000e+06   4.3579102e+01
   3.8306880e+06   4.2419434e+01
   3.8349960e+06   5.1147461e+01
   3.8719930e+06   4.5410156e+01
   3.9002930e+06   4.1687012e+01
   3.9270230e+06   4.5227051e+01
   3.9420980e+06   4.1625977e+01
   3.9818860e+06   4.6447754e+01
   4.1458690e+06   4.1809082e+01
   4.1593730e+06   4.0710449e+01
   4.1596500e+06   4.1015625e+01
   4.2177840e+06   4.4799805e+01
   4.2251940e+06   4.5471191e+01
   4.3316780e+06   4.4128418e+01
   4.4442550e+06   4.2602539e+01
   4.4531030e+06   4.1015625e+01
   4.4729030e+06   4.1748047e+01
   4.4763370e+06   4.0710449e+01
   4.5587930e+06   4.3579102e+01
   4.6602340e+06   4.1748047e+01
   4.7850660e+06   4.1381836e+01
   4.8436130e+06   4.2663574e+01
   4.8870760e+06   4.0771484e+01
   5.0172290e+06   4.1625977e+01
   5.0570920e+06   4.3151855e+01
   5.0807600e+06   4.5959473e+01
   5.1248630e+06   4.1015625e+01
   5.1482780e+06   4.1137695e+01
   5.2340190e+06   4.0832520e+01
   5.2727790e+06   4.3334961e+01
   5.3161580e+06   4.3151855e+01
   5.3191180e+06   4.1442871e+01
   5.3378830e+06   4.1625977e+01
   5.3388880e+06   4.8522949e+01
   5.4027360e+06   4.2907715e+01
   5.4244110e+06   4.7546387e+01
   5.4356710e+06   4.5349121e+01
   5.5473030e+06   4.2480469e+01
   5.5710160e+06   4.0832520e+01
   5.6414520e+06   4.1137695e+01
   5.6726440e+06   4.2663574e+01
   5.8229140e+06   4.1625977e+01
   5.8389460e+06   4.2724609e+01
   6.0202100e+06   4.4067383e+01
   6.0336810e+06   4.1931152e+01
   6.0343480e+06   4.2541504e+01
   6.0644720e+06   4.2053223e+01
   6.1065030e+06   4.8950195e+01
   6.1340260e+06   4.4372559e+01
   6.1341710e+06   4.0649414e+01
   6.1851370e+06   4.1015625e+01
   6.2307840e+06   4.1870117e+01
   6.2309350e+06   4.5349121e+01
   6.4678810e+06   4.1442871e+01
   6.6907290e+06   4.1809082e+01
   6.7467250e+06   4.1137695e+01
   6.8011830e+06   5.2001953e+01
   6.9521500e+06   4.0771484e+01
   6.9644480e+06   4.2114258e+01
   7.0257870e+06   4.3518066e+01
   7.0567400e+06   4.9194336e+01
   7.1675580e+06   4.0893555e+01
   7.1889480e+06   4.5227051e+01
   7.1891890e+06   4.4555664e+01
   7.2507880e+06   4.3701172e+01
   7.4166010e+06   4.0954590e+01
   7.4629100e+06   4.0649414e+01
   7.6388380e+06   4.3029785e+01
   7.7941820e+06   4.9865723e+01
   7.8336620e+06   4.4555664e+01
   7.8476630e+06   4.6020508e+01
   7.8478380e+06   4.1442871e+01
   7.9792750e+06   4.7912598e+01
   8.0540900e+06   4.4738770e+01
   8.0905710e+06   4.7851562e+01
   8.1016460e+06   4.5166016e+01
   8.2078900e+06   4.1015625e+01
   8.2297170e+06   4.5532227e+01
   8.3155670e+06   5.1696777e+01
   8.3608690e+06   4.1015625e+01
   8.3843580e+06   4.1076660e+01
   8.4175860e+06   4.1076660e+01
   8.4457830e+06   4.9743652e+01
   8.4981440e+06   4.5227051e+01
   8.5294900e+06   4.2419434e+01
   8.5953460e+06   4.2419434e+01
   8.6495400e+06   4.2968750e+01
   8.6732980e+06   4.1076660e+01
   8.7556030e+06   4.1015625e+01
   8.9101580e+06   5.1513672e+01
   8.9104140e+06   4.4006348e+01
