   8.9990000e+06   0.0000000e+00
   4.5199000e+04   5.0537109e+01
   2.4426200e+05   4.1809082e+01
   3.1318700e+05   4.2602539e+01
   3.3665300e+05   4.0832520e+01
   3.7381200e+05   4.3762207e+01
   4.9565700e+05   4.0649414e+01
   6.6206000e+05   4.0222168e+01
   6.9256200e+05   4.3395996e+01
   7.2315800e+05   4.1015625e+01
   7.2384100e+05   4.0283203e+01
   7.6607200e+05   4.2724609e+01
   7.9907100e+05   4.7058105e+01
   9.0372200e+05   4.3945313e+01
   9.1918500e+05   4.1870117e+01
   9.3349500e+05   4.3090820e+01
   9.5846000e+05   4.1381836e+01
   9.5903600e+05   4.4616699e+01
   9.7443500e+05   4.2846680e+01
   9.9963700e+05   4.5837402e+01
   1.0561880e+06   4.2114258e+01
   1.1002030e+06   4.2358398e+01
   1.1296820e+06   4.5654297e+01
   1.4333850e+06   4.1687012e+01
   1.5522140e+06   5.8227539e+01
   1.6144280e+06   4.3884277e+01
   1.6701780e+06   4.4494629e+01
   1.7146520e+06   4.3151855e+01
   1.7325340e+06   4.2602539e+01
   1.7751800e+06   4.0283203e+01
   1.7955590e+06   4.3457031e+01
   1.8690210e+06   4.3457031e+01
   1.8720270e+06   4.2541504e+01
   2.0103550e+06   4.2114258e+01
   2.3225380e+06   4.0954590e+01
   2.4219970e+06   4.3212891e+01
   2.4316800e+06   4.7302246e+01
   2.4478780e+06   4.3884277e+01
   2.4729420e+06   4.4921875e+01
   2.5594790e+06   4.1809082e+01
   2.5613640e+06   4.2663574e+01
   2.6014050e+06   4.8522949e+01
   2.6221280e+06   4.2541504e+01
   2.7645960e+06   4.4982910e+01
   2.9344820e+06   4.3518066e+01
   2.9488440e+06   4.3701172e+01
   3.1211730e+06   4.1259766e+01
   3.1685830e+06   4.0588379e+01
   3.2507790e+06   4.6264648e+01
   3.2796250e+06   4.4494629e+01
   3.3258720e+06   4.0954590e+01
   3.3876210e+06   4.0954590e+01
   3.4609280e+06   4.0466309e+01
   3.6125770e+06   4.0405273e+01
   3.6463070e+06   4.1687012e+01
   3.9321900e+06   4.4616699e+01
   4.0299310e+06   4.9438477e+01
   4.0350900e+06   4.5837402e+01
   4.0437740e+06   4.2602539e+01
   4.0736100e+06   4.2175293e+01
   4.1803830e+06   4.1442871e+01
   4.3066120e+06   5.2795410e+01
   4.3257050e+06   4.1992188e+01
   4.3901210e+06   4.3762207e+01
   4.4086030e+06   4.4006348e+01
   4.8175410e+06   4.2358398e+01
   4.9706000e+06   4.1503906e+01
   4.9970870e+06   4.3457031e+01
   5.0079360e+06   4.1931152e+01
   5.0226690e+06   4.0527344e+01
   5.1739830e+06   4.1687012e+01
   5.2149620e+06   4.0405273e+01
   5.2382110e+06   4.2541504e+01
   5.2544930e+06   4.0893555e+01
   5.2735650e+06   4.9194336e+01
   5.2787920e+06   4.3334961e+01
   5.3286460e+06   4.0649414e+01
   5.3652140e+06   4.2114258e+01
   5.4045760e+06   4.5043945e+01
   5.4430550e+06   4.0527344e+01
   5.5099300e+06   4.5349121e+01
   5.5203840e+06   4.2236328e+01
   5.6283610e+06   4.1198730e+01
   5.6308910e+06   4.0527344e+01
   5.6644820e+06   4.4189453e+01
   5.7215990e+06   4.2358398e+01
   5.7272000e+06   5.0598145e+01
   5.8356130e+06   4.0954590e+01
   6.0757650e+06   4.6691895e+01
   6.0766300e+06   4.0832520e+01
   6.1823590e+06   4.0710449e+01
   6.2067340e+06   4.0283203e+01
   6.3388680e+06   4.5898438e+01
   6.3464460e+06   4.2846680e+01
   6.3473470e+06   4.0161133e+01
   6.4212150e+06   4.1809082e+01
   6.4276150e+06   4.1564941e+01
   6.5003560e+06   4.1015625e+01
   6.5241780e+06   4.6813965e+01
   6.5259400e+06   4.1137695e+01
   6.5702710e+06   4.3151855e+01
   6.7912390e+06   4.2541504e+01
   6.8534620e+06   4.4799805e+01
   6.8866460e+06   4.1259766e+01
   6.8880410e+06   4.0893555e+01
   6.8893990e+06   4.3579102e+01
   6.9439070e+06   4.7119141e+01
   7.0543960e+06   4.2175293e+01
   7.0607280e+06   4.4006348e+01
   7.1024800e+06   5.1330566e+01
   7.1159650e+06   4.3823242e+01
   7.1780080e+06   4.0893555e+01
   7.3084800e+06   4.2785645e+01
   7.3749400e+06   4.0954590e+01
   7.3791330e+06   4.2907715e+01
   7.5045070e+06   4.1076660e+01
   7.5696430e+06   4.5532227e+01
   7.6886940e+06   4.3579102e+01
   7.9446470e+06   4.1870117e+01
   8.1015820e+06   4.5166016e+01
   8.1117180e+06   4.2358398e+01
   8.1241430e+06   4.2480469e+01
   8.2771580e+06   4.0161133e+01
   8.3041000e+06   4.2785645e+01
   8.3999000e+06   4.0222168e+01
   8.5289400e+06   4.8645020e+01
   8.5296710e+06   4.1748047e+01
   8.5437870e+06   4.1076660e+01
   8.6258530e+06   4.1137695e+01
   8.8035460e+06   4.6875000e+01
