   8.9990000e+06   0.0000000e+00
   2.7810000e+03   4.0100098e+01
   7.6570000e+03   4.2175293e+01
   8.3510000e+03   3.8208008e+01
   2.0901000e+04   4.1931152e+01
   2.1001000e+04   3.7719727e+01
   2.8060000e+04   4.9072266e+01
   2.8845000e+04   3.9306641e+01
   3.8126000e+04   4.1259766e+01
   3.9590000e+04   7.9650879e+01
   3.9987000e+04   4.7119141e+01
   4.1726000e+04   3.9306641e+01
   4.2237000e+04   4.9865723e+01
   4.2748000e+04   4.2663574e+01
   4.7000000e+04   4.5227051e+01
   5.0202000e+04   3.8024902e+01
   5.0955000e+04   3.7597656e+01
   5.2920000e+04   4.0649414e+01
   6.6069000e+04   3.7841797e+01
   7.1325000e+04   7.8125000e+01
   7.2112000e+04   4.0832520e+01
   7.2436000e+04   3.7719727e+01
   7.6525000e+04   4.5898438e+01
   7.9767000e+04   4.5349121e+01
   7.9890000e+04   7.5256348e+01
   8.4025000e+04   3.8269043e+01
   8.7234000e+04   4.0222168e+01
   9.1458000e+04   4.3457031e+01
   1.0240800e+05   3.8696289e+01
   1.0520900e+05   3.8146973e+01
   1.0630600e+05   3.9672852e+01
   1.0739100e+05   4.3762207e+01
   1.0770200e+05   4.0832520e+01
   1.0792300e+05   7.2937012e+01
   1.0860800e+05   5.5786133e+01
   1.0928600e+05   3.9855957e+01
   1.0962800e+05   3.9062500e+01
   1.1794700e+05   3.8879395e+01
   1.1971900e+05   3.7658691e+01
   1.2715000e+05   3.7536621e+01
   1.2929300e+05   7.0922852e+01
   1.3079800e+05   5.8410645e+01
   1.3405800e+05   4.3090820e+01
   1.3523600e+05   4.0100098e+01
   1.5956200e+05   3.8269043e+01
   1.6131900e+05   3.7658691e+01
   1.6191600e+05   4.7302246e+01
   1.6551700e+05   5.4992676e+01
   1.6594900e+05   4.3457031e+01
   1.7424100e+05   4.4372559e+01
   1.7501900e+05   4.5837402e+01
   1.8604000e+05   3.8818359e+01
   1.9684400e+05   4.0161133e+01
   1.9738500e+05   4.1259766e+01
   2.0704000e+05   6.5429688e+01
   2.0753700e+05   3.9672852e+01
   2.1928800e+05   4.2175293e+01
   2.1960400e+05   4.1198730e+01
   2.2199700e+05   4.2358398e+01
   2.2232800e+05   3.8024902e+01
   2.3067600e+05   4.0344238e+01
   2.3102500e+05   5.0231934e+01
   2.3155300e+05   4.1015625e+01
   2.3349800e+05   7.7392578e+01
   2.3717400e+05   4.0039062e+01
   2.4344900e+05   4.0222168e+01
   2.4804400e+05   3.9062500e+01
   2.5597300e+05   4.1198730e+01
   2.5630100e+05   4.2419434e+01
   2.6288100e+05   3.7841797e+01
   2.7229700e+05   3.8757324e+01
   2.7879100e+05   3.8635254e+01
   2.8467200e+05   8.3557129e+01
   2.8926700e+05   6.9274902e+01
   2.9447500e+05   5.1208496e+01
   3.0443600e+05   4.5166016e+01
   3.0534700e+05   4.1625977e+01
   3.0569800e+05   3.7780762e+01
   3.2050300e+05   7.8430176e+01
   3.2388800e+05   3.9672852e+01
   3.3296900e+05   4.2358398e+01
   3.3321800e+05   4.9560547e+01
   3.3341100e+05   3.8208008e+01
   3.3344500e+05   4.5654297e+01
   3.3380100e+05   3.8146973e+01
   3.3382100e+05   3.8208008e+01
   3.4916500e+05   6.8542480e+01
   3.7064100e+05   7.6049805e+01
   3.7572100e+05   3.8635254e+01
   3.7612700e+05   3.7536621e+01
   3.7753400e+05   3.7475586e+01
   3.8803900e+05   4.0771484e+01
   3.9161700e+05   3.9062500e+01
   4.0643700e+05   5.1208496e+01
   4.1441000e+05   7.8796387e+01
   4.1567100e+05   6.2561035e+01
   4.2457400e+05   4.1564941e+01
   4.3225900e+05   3.8940430e+01
   4.4089700e+05   4.1442871e+01
   4.4316400e+05   3.9489746e+01
   4.4471800e+05   3.8818359e+01
   4.4908200e+05   4.2236328e+01
   4.5119200e+05   4.6813965e+01
   4.5773400e+05   7.5378418e+01
   4.5914100e+05   3.9184570e+01
   4.5930600e+05   4.5532227e+01
   4.5963600e+05   3.9367676e+01
   4.6690600e+05   4.4250488e+01
   4.6720000e+05   3.9489746e+01
   4.6764800e+05   4.2297363e+01
   4.8855700e+05   6.9091797e+01
   4.8908900e+05   4.8522949e+01
   4.9239800e+05   4.3518066e+01
   4.9331500e+05   6.1218262e+01
   4.9484600e+05   3.7475586e+01
   5.0291800e+05   4.3701172e+01
   5.0790600e+05   4.3395996e+01
   5.1208800e+05   3.8818359e+01
   5.1762000e+05   4.8706055e+01
   5.1896500e+05   3.7536621e+01
   5.2855900e+05   8.2641602e+01
   5.2911500e+05   6.0241699e+01
   5.5827400e+05   5.0842285e+01
   5.6350800e+05   5.6762695e+01
   5.6670300e+05   4.0649414e+01
   5.8258600e+05   5.8410645e+01
   5.9301700e+05   3.8879395e+01
   6.0337900e+05   3.7719727e+01
   6.0396600e+05   5.0720215e+01
   6.0860800e+05   4.0649414e+01
   6.1474700e+05   6.7565918e+01
   6.1510900e+05   4.1137695e+01
   6.1625500e+05   5.4077148e+01
   6.1676600e+05   5.6091309e+01
   6.1702700e+05   4.0466309e+01
   6.1870300e+05   4.0649414e+01
   6.2977800e+05   3.8574219e+01
   6.3718700e+05   3.7475586e+01
   6.3912200e+05   6.8908691e+01
   6.3940700e+05   4.7119141e+01
   6.3946100e+05   3.7597656e+01
   6.3989800e+05   4.2541504e+01
   6.4036300e+05   4.4555664e+01
   6.4753200e+05   4.0100098e+01
   6.4907700e+05   4.2724609e+01
   6.5595900e+05   3.9672852e+01
   6.5903800e+05   4.6203613e+01
   6.5929100e+05   3.9550781e+01
   6.6009400e+05   7.1044922e+01
   6.7315000e+05   3.7475586e+01
   6.7983700e+05   4.4616699e+01
   6.8423500e+05   7.4157715e+01
   6.9466600e+05   4.8889160e+01
   6.9504600e+05   4.0222168e+01
   6.9525400e+05   4.4738770e+01
   7.1934300e+05   7.7697754e+01
   7.2376100e+05   4.6997070e+01
   7.2886000e+05   5.1696777e+01
   7.2941100e+05   3.9123535e+01
   7.3358700e+05   7.1777344e+01
   7.4043700e+05   4.4494629e+01
   7.4788900e+05   4.7790527e+01
   7.4866700e+05   4.3151855e+01
   7.5694900e+05   3.7841797e+01
   7.6514400e+05   7.5317383e+01
   7.7628000e+05   4.0954590e+01
   7.8056100e+05   7.5744629e+01
   7.8076400e+05   3.8635254e+01
   7.8111400e+05   3.8085938e+01
   8.1013500e+05   7.1655273e+01
   8.1103700e+05   4.6691895e+01
   8.1355100e+05   5.0598145e+01
   8.1571200e+05   4.2114258e+01
   8.2316100e+05   3.8452148e+01
   8.3316300e+05   3.7963867e+01
   8.4079700e+05   5.5114746e+01
   8.4696900e+05   3.9123535e+01
   8.5132600e+05   4.6813965e+01
   8.5187700e+05   4.4311523e+01
   8.6027600e+05   4.7241211e+01
   8.6998100e+05   5.6457520e+01
   8.7044400e+05   4.5288086e+01
   8.7144700e+05   7.3425293e+01
   8.9167400e+05   4.5532227e+01
   8.9459300e+05   4.3151855e+01
   8.9598100e+05   4.6752930e+01
   9.0139000e+05   7.5805664e+01
   9.0183300e+05   4.7668457e+01
   9.0272200e+05   4.7241211e+01
   9.0290500e+05   4.0222168e+01
   9.0946600e+05   4.2175293e+01
   9.1057700e+05   4.6081543e+01
   9.1224500e+05   4.2480469e+01
   9.2056900e+05   3.8330078e+01
   9.2538500e+05   4.5532227e+01
   9.2613600e+05   4.4677734e+01
   9.3936900e+05   7.2875977e+01
   9.3996200e+05   5.0048828e+01
   9.4986100e+05   4.1137695e+01
   9.5004000e+05   5.4626465e+01
   9.5005800e+05   4.2785645e+01
   9.5016400e+05   3.9550781e+01
   9.5181400e+05   4.2724609e+01
   9.5220200e+05   3.8757324e+01
   9.6875500e+05   9.0515137e+01
   9.7362700e+05   4.0161133e+01
   9.7509000e+05   4.2724609e+01
   9.7587000e+05   3.9489746e+01
   9.7596500e+05   4.2480469e+01
   9.7687500e+05   3.8757324e+01
   9.7776000e+05   7.0495605e+01
   9.9228000e+05   4.5959473e+01
   9.9344400e+05   3.8940430e+01
   9.9358100e+05   4.2541504e+01
   9.9642800e+05   6.9580078e+01
   9.9695000e+05   4.2541504e+01
   1.0116050e+06   3.7841797e+01
   1.0188460e+06   4.9011230e+01
   1.0237660e+06   4.3273926e+01
   1.0276730e+06   7.7270508e+01
   1.0341950e+06   4.3334961e+01
   1.0455910e+06   4.2114258e+01
   1.0472490e+06   3.9550781e+01
   1.0556190e+06   4.7790527e+01
   1.0559790e+06   4.0832520e+01
   1.0612360e+06   5.0354004e+01
   1.0615660e+06   4.6386719e+01
   1.0663540e+06   7.3791504e+01
   1.0778410e+06   4.9987793e+01
   1.0780240e+06   4.2114258e+01
   1.0972490e+06   4.6630859e+01
   1.0976290e+06   4.5104980e+01
   1.0998910e+06   6.8847656e+01
   1.1213650e+06   3.7536621e+01
   1.1276970e+06   5.2062988e+01
   1.1417760e+06   8.1359863e+01
   1.1426380e+06   4.2785645e+01
   1.1445070e+06   4.1381836e+01
   1.1607880e+06   5.3588867e+01
   1.1651280e+06   5.2368164e+01
   1.1655750e+06   5.6945801e+01
   1.1914380e+06   3.9672852e+01
   1.1920930e+06   4.5471191e+01
   1.1945350e+06   3.8818359e+01
   1.1997850e+06   3.8818359e+01
   1.2023570e+06   6.4025879e+01
   1.2027280e+06   4.2480469e+01
   1.2099430e+06   5.0842285e+01
   1.2141340e+06   3.8513184e+01
   1.2179420e+06   3.9245605e+01
   1.2288120e+06   4.5898437e+01
   1.2292970e+06   7.2509766e+01
   1.2298340e+06   5.2917480e+01
   1.2330190e+06   4.1015625e+01
   1.2334950e+06   4.8278809e+01
   1.2523460e+06   4.7058105e+01
   1.2523960e+06   3.8269043e+01
   1.2524430e+06   3.8269043e+01
   1.2578480e+06   7.7636719e+01
   1.2627040e+06   3.8635254e+01
   1.2836700e+06   4.2114258e+01
   1.2851740e+06   4.1564941e+01
   1.2917000e+06   6.8115234e+01
   1.2931610e+06   5.4321289e+01
   1.3033370e+06   3.8452148e+01
   1.3108180e+06   5.0781250e+01
   1.3222780e+06   3.8635254e+01
   1.3256540e+06   5.3161621e+01
   1.3259650e+06   3.8146973e+01
   1.3329600e+06   4.4311523e+01
   1.3399230e+06   4.1931152e+01
   1.3465180e+06   4.4738770e+01
   1.3469310e+06   4.4372559e+01
   1.3686980e+06   4.1870117e+01
   1.3739230e+06   7.8186035e+01
   1.3747040e+06   5.7739258e+01
   1.3852760e+06   4.3090820e+01
   1.3893610e+06   3.7780762e+01
   1.3897030e+06   4.5043945e+01
   1.4078590e+06   6.1828613e+01
   1.4215140e+06   5.2062988e+01
   1.4249700e+06   4.6752930e+01
   1.4252850e+06   4.2114258e+01
   1.4362310e+06   3.7475586e+01
   1.4363710e+06   4.3823242e+01
   1.4453840e+06   8.1237793e+01
   1.4463150e+06   5.0659180e+01
   1.4478820e+06   3.8024902e+01
   1.4515210e+06   4.6142578e+01
   1.4587040e+06   4.5104980e+01
   1.4781390e+06   6.7932129e+01
   1.4785770e+06   4.6142578e+01
   1.4890860e+06   3.8574219e+01
   1.4963010e+06   6.5246582e+01
   1.4999060e+06   4.7424316e+01
   1.5001230e+06   4.1931152e+01
   1.5005070e+06   3.9306641e+01
   1.5100610e+06   8.0993652e+01
   1.5161900e+06   3.8513184e+01
   1.5257570e+06   4.0344238e+01
   1.5304370e+06   5.0598145e+01
   1.5318580e+06   6.7321777e+01
   1.5324590e+06   5.2978516e+01
   1.5368480e+06   4.4799805e+01
   1.5372280e+06   4.1564941e+01
   1.5571470e+06   4.6386719e+01
   1.5603120e+06   3.7475586e+01
   1.5668740e+06   4.1931152e+01
   1.5823880e+06   7.7087402e+01
   1.5826980e+06   3.7963867e+01
   1.5884300e+06   3.7719727e+01
   1.5896640e+06   4.6691895e+01
   1.5950700e+06   3.8696289e+01
   1.5954830e+06   3.9184570e+01
   1.5970020e+06   3.9611816e+01
   1.5985200e+06   3.8513184e+01
   1.6107250e+06   6.4819336e+01
   1.6134770e+06   4.2297363e+01
   1.6139680e+06   4.1015625e+01
   1.6240830e+06   7.6843262e+01
   1.6246340e+06   5.5236816e+01
   1.6252530e+06   4.4799805e+01
   1.6257630e+06   4.5898438e+01
   1.6274330e+06   4.0527344e+01
   1.6465770e+06   5.1757812e+01
   1.6482270e+06   7.8979492e+01
   1.6592990e+06   3.9489746e+01
   1.6654210e+06   3.8452148e+01
   1.6758870e+06   4.4494629e+01
   1.6761370e+06   7.7819824e+01
   1.6851450e+06   4.4189453e+01
   1.6885280e+06   7.2448730e+01
   1.6948380e+06   3.9733887e+01
   1.7107270e+06   4.7302246e+01
   1.7168920e+06   3.7475586e+01
   1.7192480e+06   4.4067383e+01
   1.7247080e+06   3.9001465e+01
   1.7249890e+06   8.2336426e+01
   1.7271270e+06   4.7119141e+01
   1.7281680e+06   3.8208008e+01
   1.7348360e+06   4.0771484e+01
   1.7421390e+06   4.2968750e+01
   1.7427220e+06   4.1503906e+01
   1.7429600e+06   3.9733887e+01
   1.7560680e+06   8.6486816e+01
   1.7643650e+06   3.9733887e+01
   1.7713170e+06   4.7851562e+01
   1.7867810e+06   4.5715332e+01
   1.7870560e+06   3.7902832e+01
   1.7911720e+06   3.8757324e+01
   1.7934600e+06   3.9367676e+01
   1.7971350e+06   7.5622559e+01
   1.7980130e+06   6.7077637e+01
   1.8057910e+06   5.0537109e+01
   1.8070410e+06   4.0344238e+01
   1.8232500e+06   8.3801270e+01
   1.8322810e+06   4.0588379e+01
   1.8359710e+06   4.1625977e+01
   1.8437550e+06   3.9184570e+01
   1.8439080e+06   4.5959473e+01
   1.8448250e+06   4.0893555e+01
   1.8467120e+06   5.5725098e+01
   1.8564920e+06   4.7302246e+01
   1.8574280e+06   7.0495605e+01
   1.8584150e+06   4.2907715e+01
   1.8588410e+06   5.2917480e+01
   1.8593470e+06   3.8269043e+01
   1.8863280e+06   3.7902832e+01
   1.8865430e+06   3.7597656e+01
   1.8865980e+06   4.2541504e+01
   1.8872670e+06   6.5429688e+01
   1.8879620e+06   4.7851562e+01
   1.9084290e+06   4.1015625e+01
   1.9105670e+06   4.7119141e+01
   1.9107770e+06   4.1870117e+01
   1.9251020e+06   8.3435059e+01
   1.9255800e+06   3.8635254e+01
   1.9274040e+06   4.0527344e+01
   1.9274270e+06   4.6142578e+01
   1.9278320e+06   4.0466309e+01
   1.9295480e+06   3.9001465e+01
   1.9468710e+06   3.8024902e+01
   1.9496370e+06   4.3334961e+01
   1.9530830e+06   4.1076660e+01
   1.9651410e+06   4.4128418e+01
   1.9655320e+06   8.0139160e+01
   1.9658220e+06   4.3273926e+01
   1.9770130e+06   3.8757324e+01
   1.9862400e+06   4.8950195e+01
   2.0048360e+06   3.7475586e+01
   2.0092780e+06   4.6936035e+01
   2.0095160e+06   3.7902832e+01
   2.0104680e+06   7.2265625e+01
   2.0111520e+06   4.7790527e+01
   2.0193470e+06   4.2175293e+01
   2.0201970e+06   4.1015625e+01
   2.0512650e+06   4.3823242e+01
   2.0523480e+06   8.2580566e+01
   2.0537240e+06   6.1767578e+01
   2.0573650e+06   4.2541504e+01
   2.0683680e+06   3.9489746e+01
   2.0686040e+06   3.9367676e+01
   2.0888490e+06   7.6232910e+01
   2.0930800e+06   4.6875000e+01
   2.0934510e+06   5.0292969e+01
   2.0947600e+06   3.9489746e+01
   2.0972540e+06   3.7841797e+01
   2.1027420e+06   3.8085938e+01
   2.1076780e+06   4.2663574e+01
   2.1124790e+06   4.1015625e+01
   2.1219820e+06   4.4067383e+01
   2.1224270e+06   3.8452148e+01
   2.1394460e+06   7.6293945e+01
   2.1573120e+06   4.0588379e+01
   2.1636200e+06   7.3547363e+01
   2.1787850e+06   6.6101074e+01
   2.1791890e+06   5.2001953e+01
   2.1879800e+06   4.2114258e+01
   2.1884110e+06   4.4067383e+01
   2.2088300e+06   4.7546387e+01
   2.2100610e+06   7.2265625e+01
   2.2302360e+06   5.2917480e+01
   2.2305660e+06   3.8208008e+01
   2.2307580e+06   3.7841797e+01
   2.2334260e+06   6.0974121e+01
   2.2546170e+06   3.9367676e+01
   2.2555690e+06   7.0007324e+01
   2.2568480e+06   5.2246094e+01
   2.2619130e+06   4.0710449e+01
   2.2623190e+06   4.1992188e+01
   2.2626800e+06   3.8940430e+01
   2.2787540e+06   4.2114258e+01
   2.2798500e+06   8.2092285e+01
   2.2806540e+06   5.1025391e+01
   2.2943480e+06   4.8400879e+01
   2.2946320e+06   4.7912598e+01
   2.2956410e+06   8.1909180e+01
   2.3236870e+06   3.9978027e+01
   2.3312180e+06   7.6721191e+01
   2.3318400e+06   4.5898438e+01
   2.3325880e+06   3.8696289e+01
   2.3337370e+06   3.7475586e+01
   2.3425190e+06   4.2419434e+01
   2.3428560e+06   4.5593262e+01
   2.3436720e+06   4.1625977e+01
   2.3438960e+06   3.8024902e+01
   2.3449080e+06   4.3762207e+01
   2.3453690e+06   3.8635254e+01
   2.3455020e+06   8.0871582e+01
   2.3730390e+06   7.0068359e+01
   2.3734710e+06   4.5837402e+01
   2.3833920e+06   4.7058105e+01
   2.3898270e+06   4.3334961e+01
   2.3901210e+06   4.6447754e+01
   2.3906830e+06   4.4677734e+01
   2.4044020e+06   3.7536621e+01
   2.4108440e+06   8.4655762e+01
   2.4112800e+06   4.6875000e+01
   2.4153360e+06   4.2785645e+01
   2.4286270e+06   4.6020508e+01
   2.4289210e+06   4.2785645e+01
   2.4393970e+06   4.4372559e+01
   2.4415710e+06   7.7941895e+01
   2.4421380e+06   3.8635254e+01
   2.4472530e+06   4.0283203e+01
   2.4479750e+06   4.7180176e+01
   2.4519140e+06   3.7597656e+01
   2.4572810e+06   4.4555664e+01
   2.4744530e+06   4.6264648e+01
   2.4745400e+06   3.7475586e+01
   2.4826030e+06   4.3151855e+01
   2.4832500e+06   3.9245605e+01
   2.4834630e+06   4.0283203e+01
   2.4842820e+06   3.7780762e+01
   2.4848490e+06   7.0678711e+01
   2.5046760e+06   4.1076660e+01
   2.5106040e+06   3.7536621e+01
   2.5148070e+06   8.0871582e+01
   2.5162880e+06   4.8339844e+01
   2.5169250e+06   4.8217773e+01
   2.5367820e+06   3.7841797e+01
   2.5373930e+06   3.8513184e+01
   2.5447030e+06   8.9599609e+01
   2.5703160e+06   4.3395996e+01
   2.5734510e+06   7.7087402e+01
   2.5921380e+06   7.7148438e+01
   2.6004630e+06   3.8940430e+01
   2.6019490e+06   4.4311523e+01
   2.6022290e+06   4.5898438e+01
   2.6025290e+06   4.0161133e+01
   2.6043400e+06   3.8024902e+01
   2.6082000e+06   6.4941406e+01
   2.6087400e+06   4.0710449e+01
   2.6301250e+06   9.9182129e+01
   2.6327590e+06   4.6569824e+01
   2.6435730e+06   4.2785645e+01
   2.6451530e+06   5.2307129e+01
   2.6455110e+06   4.5654297e+01
   2.6462690e+06   7.4707031e+01
   2.6481920e+06   4.2907715e+01
   2.6662330e+06   3.9001465e+01
   2.6675540e+06   3.8513184e+01
   2.6678270e+06   4.1015625e+01
   2.6713210e+06   4.0100098e+01
   2.6756820e+06   6.8542480e+01
   2.6777460e+06   3.8818359e+01
   2.6835270e+06   3.8818359e+01
   2.6860580e+06   6.8969727e+01
   2.6865800e+06   4.2236328e+01
   2.6940240e+06   4.6875000e+01
   2.6948600e+06   4.9377441e+01
   2.6974070e+06   3.7841797e+01
   2.7085210e+06   7.0312500e+01
   2.7115470e+06   4.0527344e+01
   2.7120290e+06   3.8879395e+01
   2.7319700e+06   4.3762207e+01
   2.7321950e+06   4.2175293e+01
   2.7328610e+06   3.8146973e+01
   2.7347780e+06   7.8674316e+01
   2.7425680e+06   6.5368652e+01
   2.7609700e+06   5.7128906e+01
   2.7698480e+06   6.5490723e+01
   2.7702840e+06   3.9062500e+01
   2.7777270e+06   5.3039551e+01
   2.7832120e+06   3.7475586e+01
   2.7835360e+06   4.4982910e+01
   2.7906340e+06   8.2275391e+01
   2.7958200e+06   4.4738770e+01
   2.7992500e+06   4.2297363e+01
   2.7994160e+06   3.8208008e+01
   2.8028710e+06   7.1289062e+01
   2.8031960e+06   3.7780762e+01
   2.8187530e+06   5.2917480e+01
   2.8236900e+06   4.9560547e+01
   2.8289290e+06   8.0871582e+01
   2.8294900e+06   4.9865723e+01
   2.8545480e+06   4.6142578e+01
   2.8551290e+06   7.3974609e+01
   2.8686970e+06   4.1625977e+01
   2.8736190e+06   7.7148438e+01
   2.8840720e+06   4.6447754e+01
   2.8845050e+06   4.9438477e+01
   2.8939030e+06   3.7658691e+01
   2.8970520e+06   4.2297363e+01
   2.8975240e+06   4.6081543e+01
   2.8976790e+06   3.9184570e+01
   2.8997740e+06   8.5388184e+01
   2.9001430e+06   4.4006348e+01
   2.9103390e+06   3.8940430e+01
   2.9165360e+06   4.1442871e+01
   2.9230220e+06   7.6232910e+01
   2.9308710e+06   4.2724609e+01
   2.9359640e+06   7.1716309e+01
   2.9363500e+06   4.1503906e+01
   2.9384460e+06   3.7780762e+01
   2.9399860e+06   4.4555664e+01
   2.9403010e+06   3.8391113e+01
   2.9595020e+06   3.9123535e+01
   2.9658350e+06   4.1442871e+01
   2.9698350e+06   6.8237305e+01
   2.9703120e+06   5.1391602e+01
   2.9730640e+06   4.6875000e+01
   2.9733970e+06   3.9916992e+01
   2.9781380e+06   4.0649414e+01
   2.9935290e+06   7.7148438e+01
   2.9998260e+06   4.4433594e+01
   3.0194340e+06   4.3640137e+01
   3.0201090e+06   4.1015625e+01
   3.0254520e+06   7.4768066e+01
   3.0335170e+06   3.8818359e+01
   3.0337380e+06   5.2978516e+01
   3.0524630e+06   4.1503906e+01
   3.0528380e+06   4.0283203e+01
   3.0556480e+06   8.6303711e+01
   3.0560180e+06   5.8349609e+01
   3.0756220e+06   4.6630859e+01
   3.0818020e+06   4.3151855e+01
   3.0824580e+06   9.2346191e+01
   3.0829620e+06   3.9428711e+01
   3.0921940e+06   5.3771973e+01
   3.1079870e+06   4.1625977e+01
   3.1115470e+06   3.8391113e+01
   3.1122420e+06   5.1513672e+01
   3.1124030e+06   3.9794922e+01
   3.1129640e+06   7.7087402e+01
   3.1133870e+06   5.0537109e+01
   3.1307240e+06   4.4799805e+01
   3.1310180e+06   4.1198730e+01
   3.1360300e+06   7.3425293e+01
   3.1365560e+06   4.0832520e+01
   3.1530250e+06   4.5837402e+01
   3.1642870e+06   9.4421387e+01
   3.1659850e+06   3.9367676e+01
   3.1727260e+06   4.1503906e+01
   3.1733490e+06   4.4250488e+01
   3.1737060e+06   4.6447754e+01
   3.1937000e+06   8.2763672e+01
   3.1940960e+06   4.5104980e+01
   3.1952720e+06   4.6447754e+01
   3.1955950e+06   4.1259766e+01
   3.2211720e+06   5.8227539e+01
   3.2341200e+06   4.8583984e+01
   3.2343630e+06   4.8217773e+01
   3.2346630e+06   4.1870117e+01
   3.2348530e+06   8.2946777e+01
   3.2352210e+06   4.1748047e+01
   3.2609410e+06   5.2490234e+01
   3.2683050e+06   8.1176758e+01
   3.2703130e+06   3.8879395e+01
   3.2739440e+06   3.9794922e+01
   3.2806820e+06   4.0527344e+01
   3.2809470e+06   4.2419434e+01
   3.2965120e+06   8.3312988e+01
   3.3042850e+06   4.1564941e+01
   3.3072700e+06   4.1076660e+01
   3.3164500e+06   5.5847168e+01
   3.3193420e+06   7.6049805e+01
   3.3198260e+06   6.2194824e+01
   3.3221920e+06   3.8696289e+01
   3.3283750e+06   4.7790527e+01
   3.3415560e+06   4.9255371e+01
   3.3429850e+06   4.2663574e+01
   3.3515780e+06   4.5959473e+01
   3.3676100e+06   3.8452148e+01
   3.3681120e+06   4.2297363e+01
   3.3720410e+06   7.7270508e+01
   3.3760370e+06   3.7536621e+01
   3.3938420e+06   7.6110840e+01
   3.4031390e+06   4.9194336e+01
   3.4035610e+06   5.2001953e+01
   3.4075900e+06   9.1369629e+01
   3.4167990e+06   4.5898438e+01
   3.4276410e+06   3.8391113e+01
   3.4326800e+06   8.0017090e+01
   3.4335700e+06   5.8715820e+01
   3.4380020e+06   4.1076660e+01
   3.4382460e+06   4.3762207e+01
   3.4385940e+06   5.0659180e+01
   3.4619000e+06   5.6579590e+01
   3.4725920e+06   4.5898438e+01
   3.4727530e+06   3.8391113e+01
   3.4736150e+06   7.7148438e+01
   3.4736370e+06   3.7536621e+01
   3.4749030e+06   5.8227539e+01
   3.4816990e+06   3.7902832e+01
   3.4819970e+06   4.4128418e+01
   3.4822860e+06   4.3762207e+01
   3.4910690e+06   6.7687988e+01
   3.5035700e+06   3.8208008e+01
   3.5037580e+06   3.7719727e+01
   3.5038480e+06   4.1564941e+01
   3.5120410e+06   3.7475586e+01
   3.5298440e+06   7.4218750e+01
   3.5319530e+06   4.4799805e+01
   3.5461370e+06   4.2663574e+01
   3.5568490e+06   4.9194336e+01
   3.5625210e+06   3.8269043e+01
   3.5709410e+06   8.1481934e+01
   3.5731460e+06   4.5898438e+01
   3.5737840e+06   3.8818359e+01
   3.5743130e+06   4.3029785e+01
   3.5814670e+06   4.9316406e+01
   3.5825760e+06   4.8583984e+01
   3.5901500e+06   4.0283203e+01
   3.6045940e+06   5.1574707e+01
   3.6049040e+06   4.0649414e+01
   3.6075890e+06   4.2419434e+01
   3.6078290e+06   8.9599609e+01
   3.6085020e+06   4.9499512e+01
   3.6333500e+06   3.9794922e+01
   3.6337890e+06   4.5898438e+01
   3.6344280e+06   4.5898438e+01
   3.6588990e+06   9.8388672e+01
   3.6594010e+06   6.1401367e+01
   3.6685000e+06   5.3527832e+01
   3.6762440e+06   4.7302246e+01
   3.6765290e+06   3.9672852e+01
   3.6968590e+06   4.4921875e+01
   3.7198140e+06   4.6203613e+01
   3.7311660e+06   4.7424316e+01
   3.7314770e+06   4.2602539e+01
   3.7326580e+06   8.0444336e+01
   3.7335140e+06   5.6396484e+01
   3.7336310e+06   3.8085938e+01
   3.7346650e+06   3.8208008e+01
   3.7449000e+06   3.8391113e+01
   3.7525140e+06   3.7963867e+01
   3.7646670e+06   4.0283203e+01
   3.7650450e+06   4.5532227e+01
   3.7856940e+06   4.4250488e+01
   3.7895920e+06   4.1992188e+01
   3.7960090e+06   8.4533691e+01
   3.7964410e+06   5.0109863e+01
   3.7971310e+06   3.9184570e+01
   3.7991980e+06   4.3518066e+01
   3.7997330e+06   4.5532227e+01
   3.8000620e+06   3.9672852e+01
   3.8052150e+06   4.1137695e+01
   3.8368290e+06   4.9560547e+01
   3.8552310e+06   6.6650391e+01
   3.8621240e+06   4.1320801e+01
   3.8622170e+06   5.2856445e+01
   3.8742230e+06   4.2053223e+01
   3.8787280e+06   8.3374023e+01
   3.8821830e+06   5.5297852e+01
   3.8826940e+06   4.3518066e+01
   3.8982640e+06   4.3640137e+01
   3.8984660e+06   5.7983398e+01
   3.9189280e+06   8.8806152e+01
   3.9196610e+06   6.2316895e+01
   3.9226130e+06   3.9062500e+01
   3.9296440e+06   4.0832520e+01
   3.9303310e+06   4.2053223e+01
   3.9434760e+06   5.6457520e+01
   3.9472480e+06   4.5837402e+01
   3.9586950e+06   4.0161133e+01
   3.9587740e+06   3.7658691e+01
   3.9588340e+06   4.2419434e+01
   3.9593270e+06   7.5744629e+01
   3.9593450e+06   4.1442871e+01
   3.9596730e+06   3.9916992e+01
   3.9600750e+06   7.2753906e+01
   3.9725600e+06   3.7658691e+01
   3.9789860e+06   3.9306641e+01
   3.9941820e+06   4.4006348e+01
   3.9955650e+06   7.8796387e+01
   3.9963690e+06   6.2866211e+01
   4.0082460e+06   5.4626465e+01
   4.0086770e+06   4.6997070e+01
   4.0094340e+06   3.8452148e+01
   4.0275420e+06   3.9489746e+01
   4.0292100e+06   4.0283203e+01
   4.0325770e+06   5.3527832e+01
   4.0327410e+06   7.7697754e+01
   4.0330740e+06   4.1320801e+01
   4.0331000e+06   4.4372559e+01
   4.0332070e+06   4.0100098e+01
   4.0492300e+06   3.9489746e+01
   4.0624140e+06   7.4279785e+01
   4.0629230e+06   3.7536621e+01
   4.0631450e+06   4.3945313e+01
   4.0765590e+06   4.2785645e+01
   4.0768030e+06   4.6447754e+01
   4.0774730e+06   6.4758301e+01
   4.0778900e+06   3.8269043e+01
   4.0779840e+06   4.1687012e+01
   4.1023980e+06   5.0048828e+01
   4.1039080e+06   6.5490723e+01
   4.1090790e+06   5.5603027e+01
   4.1191140e+06   8.5632324e+01
   4.1195230e+06   4.5166016e+01
   4.1214320e+06   4.0100098e+01
   4.1224520e+06   5.2917480e+01
   4.1253410e+06   3.8818359e+01
   4.1264570e+06   4.4433594e+01
   4.1276670e+06   4.1564941e+01
   4.1384090e+06   3.7536621e+01
   4.1388360e+06   3.7475586e+01
   4.1399230e+06   7.0312500e+01
   4.1463350e+06   4.6813965e+01
   4.1467660e+06   4.0344238e+01
   4.1500140e+06   4.2541504e+01
   4.1634570e+06   7.4462891e+01
   4.1637900e+06   4.5349121e+01
   4.1640950e+06   4.3151855e+01
   4.1643190e+06   4.1198730e+01
   4.1645740e+06   3.9855957e+01
   4.1652700e+06   4.3640137e+01
   4.1720810e+06   4.2114258e+01
   4.1831370e+06   5.0109863e+01
   4.1860960e+06   7.0068359e+01
   4.1865180e+06   5.2795410e+01
   4.1889510e+06   4.3395996e+01
   4.1893580e+06   4.2297363e+01
   4.1896300e+06   3.8208008e+01
   4.2026790e+06   4.5654297e+01
   4.2093350e+06   4.0832520e+01
   4.2105640e+06   7.9345703e+01
   4.2109960e+06   4.2968750e+01
   4.2170050e+06   5.8898926e+01
   4.2264130e+06   4.6630859e+01
   4.2266920e+06   4.3518066e+01
   4.2268300e+06   8.6791992e+01
   4.2275390e+06   4.8156738e+01
   4.2313260e+06   4.9926758e+01
   4.2332720e+06   3.8085938e+01
   4.2399160e+06   4.8522949e+01
   4.2469930e+06   6.3720703e+01
   4.2474490e+06   4.2175293e+01
   4.2499630e+06   4.2602539e+01
   4.2530060e+06   3.9184570e+01
   4.2535310e+06   4.0710449e+01
   4.2540540e+06   5.1696777e+01
   4.2601100e+06   3.7963867e+01
   4.2623700e+06   4.0161133e+01
   4.2646290e+06   6.7077637e+01
   4.2693720e+06   4.2358398e+01
   4.2695390e+06   4.0222168e+01
   4.2698080e+06   4.0527344e+01
   4.2772450e+06   3.9306641e+01
   4.2836010e+06   3.8513184e+01
   4.2849910e+06   6.9946289e+01
   4.2858460e+06   5.5725098e+01
   4.2906590e+06   4.6936035e+01
   4.2946820e+06   4.5166016e+01
   4.2950840e+06   3.9733887e+01
   4.2986410e+06   7.1289062e+01
   4.3085330e+06   7.2326660e+01
   4.3119640e+06   3.8696289e+01
   4.3150360e+06   5.4321289e+01
   4.3152310e+06   4.4616699e+01
   4.3156890e+06   3.7719727e+01
   4.3173030e+06   4.1809082e+01
   4.3175150e+06   4.1320801e+01
   4.3198240e+06   6.6101074e+01
   4.3366550e+06   8.5083008e+01
   4.3372190e+06   4.2907715e+01
   4.3373780e+06   5.1086426e+01
   4.3375290e+06   3.7597656e+01
   4.3406700e+06   4.0039062e+01
   4.3426350e+06   3.9062500e+01
   4.3536660e+06   5.2124023e+01
   4.3593480e+06   4.0405273e+01
   4.3607860e+06   6.3476562e+01
   4.3619930e+06   4.6936035e+01
   4.3621910e+06   4.6081543e+01
   4.3624320e+06   4.1687012e+01
   4.3768400e+06   3.9367676e+01
   4.3821370e+06   5.7617188e+01
   4.3840310e+06   5.6945801e+01
   4.3894550e+06   3.7902832e+01
   4.3928710e+06   3.8208008e+01
   4.3947190e+06   4.2114258e+01
   4.3947800e+06   4.4250488e+01
   4.4016140e+06   7.1960449e+01
   4.4041730e+06   4.6813965e+01
   4.4044120e+06   4.0222168e+01
   4.4170760e+06   6.7443848e+01
   4.4199300e+06   4.3273926e+01
   4.4267010e+06   3.7902832e+01
   4.4272970e+06   3.7780762e+01
   4.4352420e+06   7.4279785e+01
   4.4357870e+06   3.7658691e+01
   4.4502610e+06   4.2053223e+01
   4.4507920e+06   4.3762207e+01
   4.4514500e+06   3.9855957e+01
   4.4515190e+06   4.1748047e+01
   4.4537390e+06   6.7504883e+01
   4.4542160e+06   5.4077148e+01
   4.4559910e+06   3.8757324e+01
   4.4735100e+06   7.7758789e+01
   4.4748610e+06   3.9306641e+01
   4.4751670e+06   5.2368164e+01
   4.4755820e+06   4.9072266e+01
   4.4757930e+06   3.8085938e+01
   4.4920790e+06   6.1523438e+01
   4.4929080e+06   4.0588379e+01
   4.4934010e+06   4.0649414e+01
   4.4937350e+06   4.2297363e+01
   4.5031320e+06   4.1809082e+01
   4.5054900e+06   3.8940430e+01
   4.5060710e+06   4.2480469e+01
   4.5063940e+06   4.0588379e+01
   4.5109210e+06   5.6213379e+01
   4.5166800e+06   4.4067383e+01
   4.5169350e+06   3.9672852e+01
   4.5254840e+06   3.7536621e+01
   4.5280740e+06   7.0007324e+01
   4.5325670e+06   4.0161133e+01
   4.5343150e+06   4.6081543e+01
   4.5345740e+06   4.2724609e+01
   4.5499930e+06   6.2744141e+01
   4.5517100e+06   3.7963867e+01
   4.5536420e+06   3.8635254e+01
   4.5540440e+06   3.8574219e+01
   4.5627620e+06   4.2114258e+01
   4.5640700e+06   4.6081543e+01
   4.5648460e+06   4.0405273e+01
   4.5697420e+06   6.9763184e+01
   4.5719000e+06   4.6997070e+01
   4.5721420e+06   4.0893555e+01
   4.5791090e+06   3.7780762e+01
   4.5831880e+06   3.7963867e+01
   4.5901350e+06   6.7626953e+01
   4.5905300e+06   4.4860840e+01
   4.5906050e+06   4.9133301e+01
   4.5953950e+06   3.7780762e+01
   4.6062340e+06   4.2541504e+01
   4.6076400e+06   7.0007324e+01
   4.6080740e+06   3.9733887e+01
   4.6088410e+06   4.8645020e+01
   4.6091040e+06   3.9367676e+01
   4.6093240e+06   4.1137695e+01
   4.6162600e+06   3.8574219e+01
   4.6219190e+06   6.6833496e+01
   4.6257360e+06   4.1809082e+01
   4.6264930e+06   4.6752930e+01
   4.6288800e+06   5.8227539e+01
   4.6424220e+06   4.9133301e+01
   4.6435010e+06   4.3151855e+01
   4.6449760e+06   7.1716309e+01
   4.6460000e+06   4.7119141e+01
   4.6609060e+06   4.4250488e+01
   4.6610750e+06   3.8146973e+01
   4.6639370e+06   6.4086914e+01
   4.6645220e+06   4.5288086e+01
   4.6685140e+06   4.6936035e+01
   4.6687950e+06   4.2663574e+01
   4.6717080e+06   3.7902832e+01
   4.6812090e+06   5.7067871e+01
   4.6814150e+06   4.7912598e+01
   4.6818750e+06   4.4433594e+01
   4.6822310e+06   5.6030273e+01
   4.6877200e+06   3.8635254e+01
   4.6932800e+06   3.7597656e+01
   4.6939360e+06   5.4809570e+01
   4.6947730e+06   4.0832520e+01
   4.7009430e+06   6.9396973e+01
   4.7015690e+06   3.9916992e+01
   4.7110350e+06   4.0832520e+01
   4.7112210e+06   4.4128418e+01
   4.7201290e+06   6.1706543e+01
   4.7237070e+06   5.7556152e+01
   4.7334740e+06   4.0283203e+01
   4.7341360e+06   4.0588379e+01
   4.7344150e+06   3.7963867e+01
   4.7407870e+06   6.9091797e+01
   4.7514550e+06   4.5776367e+01
   4.7516770e+06   4.2358398e+01
   4.7551710e+06   6.4575195e+01
   4.7557790e+06   5.3039551e+01
   4.7593880e+06   4.2053223e+01
   4.7597120e+06   4.6752930e+01
   4.7697610e+06   4.0100098e+01
   4.7707120e+06   3.9916992e+01
   4.7714340e+06   7.5012207e+01
   4.7719860e+06   4.4250488e+01
   4.7877470e+06   4.3579102e+01
   4.7880580e+06   4.6447754e+01
   4.7889510e+06   6.9396973e+01
   4.7892190e+06   4.0344238e+01
   4.8039440e+06   7.2387695e+01
   4.8044800e+06   4.6997070e+01
   4.8046570e+06   5.0659180e+01
   4.8063270e+06   4.1442871e+01
   4.8074150e+06   3.8452148e+01
   4.8085810e+06   3.9123535e+01
   4.8197150e+06   6.5979004e+01
   4.8257830e+06   4.3640137e+01
   4.8261730e+06   4.1687012e+01
   4.8285210e+06   3.8208008e+01
   4.8354430e+06   6.3903809e+01
   4.8363500e+06   3.7841797e+01
   4.8491660e+06   4.4433594e+01
   4.8496780e+06   3.8513184e+01
   4.8498510e+06   4.1625977e+01
   4.8527660e+06   5.4199219e+01
   4.8541890e+06   4.8339844e+01
   4.8670930e+06   3.9733887e+01
   4.8673390e+06   4.4738770e+01
   4.8709330e+06   6.1401367e+01
   4.8801660e+06   4.3273926e+01
   4.8803420e+06   5.0415039e+01
   4.8896060e+06   5.1513672e+01
   4.8947790e+06   4.1015625e+01
   4.9061630e+06   6.4270020e+01
   4.9104710e+06   3.8513184e+01
   4.9110190e+06   4.0161133e+01
   4.9220510e+06   6.6406250e+01
   4.9267830e+06   3.9794922e+01
   4.9347890e+06   4.0161133e+01
   4.9385740e+06   6.3232422e+01
   4.9523410e+06   3.9428711e+01
   4.9526390e+06   4.4006348e+01
   4.9559770e+06   5.9753418e+01
   4.9561080e+06   3.8024902e+01
   4.9688870e+06   4.2358398e+01
   4.9692990e+06   3.8818359e+01
   4.9722830e+06   5.1269531e+01
   4.9727680e+06   4.5776367e+01
   4.9872460e+06   4.0283203e+01
   4.9892130e+06   6.6223145e+01
   4.9964480e+06   4.5837402e+01
   4.9973540e+06   3.7719727e+01
   4.9975370e+06   4.1870117e+01
   5.0018940e+06   6.7199707e+01
   5.0140180e+06   4.4128418e+01
   5.0144370e+06   4.7119141e+01
   5.0175550e+06   7.0312500e+01
   5.0242080e+06   4.4250488e+01
   5.0244270e+06   4.3884277e+01
   5.0255210e+06   3.7597656e+01
   5.0331820e+06   6.7321777e+01
   5.0336610e+06   4.3884277e+01
   5.0416100e+06   4.0100098e+01
   5.0419430e+06   4.1625977e+01
   5.0498740e+06   6.6955566e+01
   5.0532740e+06   5.3100586e+01
   5.0546210e+06   4.6081543e+01
   5.0655110e+06   6.3537598e+01
   5.0660950e+06   5.0415039e+01
   5.0695720e+06   3.9184570e+01
   5.0699500e+06   3.8574219e+01
   5.0745920e+06   4.1809082e+01
   5.0832300e+06   6.1401367e+01
   5.0866750e+06   5.2001953e+01
   5.0912110e+06   4.1198730e+01
   5.0915860e+06   5.0537109e+01
   5.0917690e+06   3.7658691e+01
   5.0989410e+06   3.7536621e+01
   5.0994700e+06   5.9326172e+01
   5.1045140e+06   3.9001465e+01
   5.1081430e+06   4.0771484e+01
   5.1088640e+06   4.8400879e+01
   5.1091720e+06   4.2297363e+01
   5.1165140e+06   6.8420410e+01
   5.1170220e+06   4.1809082e+01
   5.1331520e+06   3.7963867e+01
   5.1335650e+06   4.4616699e+01
   5.1339800e+06   7.3547363e+01
   5.1425390e+06   3.7963867e+01
   5.1528930e+06   4.6813965e+01
   5.1531570e+06   4.1748047e+01
   5.1541880e+06   6.9519043e+01
   5.1541980e+06   3.8024902e+01
   5.1624210e+06   4.4006348e+01
   5.1647260e+06   3.8330078e+01
   5.1711980e+06   7.1838379e+01
   5.1716630e+06   4.6875000e+01
   5.1763360e+06   3.9611816e+01
   5.1785710e+06   3.8024902e+01
   5.1825070e+06   4.9072266e+01
   5.1829070e+06   4.0588379e+01
   5.1879220e+06   7.5622559e+01
   5.1885580e+06   4.1625977e+01
   5.2014720e+06   4.0832520e+01
   5.2024090e+06   4.1259766e+01
   5.2071170e+06   6.6223145e+01
   5.2190930e+06   5.0415039e+01
   5.2194990e+06   4.6569824e+01
   5.2229400e+06   6.6650391e+01
   5.2235180e+06   3.8757324e+01
   5.2386870e+06   4.3457031e+01
   5.2390030e+06   4.1809082e+01
   5.2391600e+06   4.0100098e+01
   5.2411620e+06   6.5063477e+01
   5.2416180e+06   4.5776367e+01
   5.2597790e+06   6.2316895e+01
   5.2602150e+06   4.2175293e+01
   5.2612250e+06   4.4555664e+01
   5.2614440e+06   3.8696289e+01
   5.2704390e+06   6.6650391e+01
   5.2775540e+06   4.6325684e+01
   5.2781140e+06   4.1625977e+01
   5.2784740e+06   3.9001465e+01
   5.2825500e+06   4.4555664e+01
   5.2876480e+06   7.3669434e+01
   5.2884120e+06   4.6386719e+01
   5.3010630e+06   4.1809082e+01
   5.3013420e+06   3.7719727e+01
   5.3060430e+06   5.7739258e+01
   5.3108620e+06   3.9367676e+01
   5.3214170e+06   7.3791504e+01
   5.3224750e+06   4.6936035e+01
   5.3227270e+06   4.9133301e+01
   5.3229710e+06   4.4982910e+01
   5.3271140e+06   4.0710449e+01
   5.3395470e+06   7.4523926e+01
   5.3439230e+06   5.1513672e+01
   5.3455160e+06   5.5236816e+01
   5.3485870e+06   3.9550781e+01
   5.3501800e+06   3.9611816e+01
   5.3541560e+06   4.3090820e+01
   5.3572500e+06   5.1696777e+01
   5.3577280e+06   3.9916992e+01
   5.3739190e+06   4.6569824e+01
   5.3741630e+06   4.2968750e+01
   5.3746870e+06   3.8208008e+01
   5.3768470e+06   6.7810059e+01
   5.3919330e+06   4.5043945e+01
   5.3919530e+06   4.6813965e+01
   5.3922120e+06   3.8513184e+01
   5.3947600e+06   6.3049316e+01
   5.3952620e+06   3.9550781e+01
   5.4049830e+06   4.2175293e+01
   5.4058910e+06   3.8452148e+01
   5.4061880e+06   4.4799805e+01
   5.4138900e+06   6.0791016e+01
   5.4144300e+06   4.1259766e+01
   5.4234210e+06   4.3395996e+01
   5.4240120e+06   3.8635254e+01
   5.4319100e+06   5.2368164e+01
   5.4351910e+06   4.1564941e+01
   5.4401320e+06   3.9916992e+01
   5.4515680e+06   6.5185547e+01
   5.4520170e+06   3.8696289e+01
   5.4531960e+06   3.9123535e+01
   5.4548720e+06   4.7668457e+01
   5.4550720e+06   3.8696289e+01
   5.4691870e+06   4.6813965e+01
   5.4695200e+06   3.9916992e+01
   5.4710530e+06   6.4392090e+01
   5.4716160e+06   4.8583984e+01
   5.4879270e+06   8.2092285e+01
   5.4884840e+06   4.5349121e+01
   5.4897070e+06   4.5776367e+01
   5.4925200e+06   4.9865723e+01
   5.4927040e+06   4.9560547e+01
   5.4951550e+06   3.8879395e+01
   5.5029920e+06   3.9489746e+01
   5.5041020e+06   6.5063477e+01
   5.5047090e+06   5.8959961e+01
   5.5088740e+06   5.2673340e+01
   5.5103400e+06   4.0710449e+01
   5.5105190e+06   4.0954590e+01
   5.5160300e+06   3.7963867e+01
   5.5198540e+06   3.8024902e+01
   5.5206070e+06   3.9184570e+01
   5.5242130e+06   6.6711426e+01
   5.5246730e+06   3.7597656e+01
   5.5260780e+06   3.8635254e+01
   5.5299930e+06   3.9611816e+01
   5.5318350e+06   4.7790527e+01
   5.5320790e+06   3.8879395e+01
   5.5323430e+06   4.0527344e+01
   5.5402270e+06   5.8471680e+01
   5.5507280e+06   4.2480469e+01
   5.5613610e+06   6.4697266e+01
   5.5615750e+06   4.2907715e+01
   5.5626250e+06   5.6030273e+01
   5.5711350e+06   4.4311523e+01
   5.5714240e+06   3.8696289e+01
   5.5722970e+06   3.7658691e+01
   5.5792010e+06   6.9946289e+01
   5.5794650e+06   3.7902832e+01
   5.5798130e+06   5.3405762e+01
   5.5832980e+06   4.5898438e+01
   5.5835840e+06   4.1503906e+01
   5.5901740e+06   4.4189453e+01
   5.5976640e+06   4.0710449e+01
   5.5978400e+06   3.8146973e+01
   5.5985870e+06   7.3974609e+01
   5.6125040e+06   6.7749023e+01
   5.6148940e+06   3.7475586e+01
   5.6152810e+06   4.3823242e+01
   5.6155190e+06   3.8696289e+01
   5.6183320e+06   6.5917969e+01
   5.6189980e+06   4.3640137e+01
   5.6385470e+06   4.2480469e+01
   5.6388050e+06   5.0720215e+01
   5.6394990e+06   3.9001465e+01
   5.6399270e+06   6.3354492e+01
   5.6412090e+06   4.8645020e+01
   5.6497730e+06   3.9733887e+01
   5.6570860e+06   5.2307129e+01
   5.6573050e+06   4.4067383e+01
   5.6579400e+06   6.9030762e+01
   5.6639030e+06   4.9804688e+01
   5.6745650e+06   4.7790527e+01
   5.6747750e+06   4.2907715e+01
   5.6784420e+06   4.2846680e+01
   5.6789070e+06   6.3903809e+01
   5.6793810e+06   4.8645020e+01
   5.6806260e+06   4.3029785e+01
   5.6922760e+06   3.8696289e+01
   5.6928630e+06   4.6875000e+01
   5.6973840e+06   5.2368164e+01
   5.6975480e+06   4.2297363e+01
   5.7144660e+06   3.8269043e+01
   5.7194640e+06   7.4645996e+01
   5.7201740e+06   6.0607910e+01
   5.7272660e+06   3.9367676e+01
   5.7272940e+06   4.3334961e+01
   5.7277960e+06   3.9855957e+01
   5.7370730e+06   7.1777344e+01
   5.7376700e+06   5.9875488e+01
   5.7425990e+06   3.9123535e+01
   5.7431970e+06   3.8940430e+01
   5.7469710e+06   3.9062500e+01
   5.7471600e+06   3.8818359e+01
   5.7476510e+06   4.0649414e+01
   5.7596520e+06   7.1594238e+01
   5.7607900e+06   4.3212891e+01
   5.7610800e+06   4.1687012e+01
   5.7796020e+06   7.2326660e+01
   5.7802570e+06   5.5847168e+01
   5.7840030e+06   3.9001465e+01
   5.7871440e+06   3.8024902e+01
   5.7874280e+06   3.8940430e+01
   5.7937860e+06   3.7475586e+01
   5.7940590e+06   3.9611816e+01
   5.7961370e+06   7.0739746e+01
   5.7969510e+06   5.9814453e+01
   5.7971280e+06   3.9733887e+01
   5.8110240e+06   6.2011719e+01
   5.8112370e+06   3.8940430e+01
   5.8144870e+06   3.8757324e+01
   5.8154040e+06   4.1748047e+01
   5.8155490e+06   3.9001465e+01
   5.8163910e+06   4.5715332e+01
   5.8276650e+06   3.8208008e+01
   5.8286080e+06   5.8044434e+01
   5.8293670e+06   4.5227051e+01
   5.8330410e+06   4.9316406e+01
   5.8360920e+06   3.8085938e+01
   5.8429910e+06   4.5776367e+01
   5.8499690e+06   3.9978027e+01
   5.8572320e+06   6.8115234e+01
   5.8577200e+06   5.7312012e+01
   5.8701620e+06   3.9672852e+01
   5.8726390e+06   4.2846680e+01
   5.8728250e+06   4.2968750e+01
   5.8737640e+06   5.3894043e+01
   5.8773820e+06   6.3659668e+01
   5.8917700e+06   3.8085938e+01
   5.8946350e+06   4.4738770e+01
   5.8951220e+06   4.0100098e+01
   5.8965590e+06   7.5622559e+01
   5.8970520e+06   5.8593750e+01
   5.9212920e+06   7.5866699e+01
   5.9218590e+06   6.4208984e+01
   5.9233150e+06   3.8513184e+01
   5.9235080e+06   5.0537109e+01
   5.9263880e+06   3.9306641e+01
   5.9436050e+06   7.0007324e+01
   5.9441400e+06   4.1137695e+01
   5.9476910e+06   4.0893555e+01
   5.9528710e+06   4.7668457e+01
   5.9537050e+06   4.3457031e+01
   5.9542720e+06   3.9672852e+01
   5.9659980e+06   7.0556641e+01
   5.9667960e+06   6.8054199e+01
   5.9675010e+06   5.0048828e+01
   5.9677710e+06   4.2419434e+01
   5.9860070e+06   4.4738770e+01
   5.9865630e+06   4.2907715e+01
   5.9885370e+06   7.6965332e+01
   6.0064430e+06   4.5104980e+01
   6.0109490e+06   6.4941406e+01
   6.0115780e+06   5.2734375e+01
   6.0122940e+06   6.3598633e+01
   6.0239250e+06   3.8330078e+01
   6.0255760e+06   3.7597656e+01
   6.0274010e+06   4.2846680e+01
   6.0325950e+06   7.2753906e+01
   6.0335500e+06   5.8654785e+01
   6.0369140e+06   4.4555664e+01
   6.0397920e+06   4.0222168e+01
   6.0462800e+06   4.1137695e+01
   6.0526540e+06   7.0495605e+01
   6.0551770e+06   4.4006348e+01
   6.0554800e+06   4.1748047e+01
   6.0675900e+06   3.9855957e+01
   6.0700940e+06   7.5134277e+01
   6.0716820e+06   6.2683105e+01
   6.0755740e+06   3.8391113e+01
   6.0807080e+06   3.9916992e+01
   6.0810810e+06   4.4860840e+01
   6.0846980e+06   4.0588379e+01
   6.0945980e+06   8.1420898e+01
   6.0949920e+06   4.7607422e+01
   6.1008240e+06   5.0598145e+01
   6.1010720e+06   3.9184570e+01
   6.1041510e+06   3.8452148e+01
   6.1045280e+06   4.6142578e+01
   6.1048590e+06   4.5166016e+01
   6.1138600e+06   7.5988770e+01
   6.1151010e+06   5.6579590e+01
   6.1242520e+06   5.4565430e+01
   6.1411620e+06   7.9223633e+01
   6.1450400e+06   5.8410645e+01
   6.1534190e+06   4.4860840e+01
   6.1536770e+06   5.0964355e+01
   6.1554210e+06   4.3945312e+01
   6.1583170e+06   6.8603516e+01
   6.1588400e+06   4.4311523e+01
   6.1746580e+06   4.3945312e+01
   6.1751290e+06   3.8208008e+01
   6.1793970e+06   3.8757324e+01
   6.1814630e+06   7.3364258e+01
   6.1819730e+06   5.4687500e+01
   6.1845930e+06   3.8452148e+01
   6.1881980e+06   4.8583984e+01
   6.1953210e+06   5.3833008e+01
   6.1974990e+06   4.1870117e+01
   6.1988880e+06   3.9367676e+01
   6.1995360e+06   3.7658691e+01
   6.2038640e+06   6.4086914e+01
   6.2043760e+06   3.8208008e+01
   6.2115610e+06   3.7597656e+01
   6.2238580e+06   7.2570801e+01
   6.2369980e+06   6.6284180e+01
   6.2385210e+06   6.0119629e+01
   6.2412290e+06   5.0048828e+01
   6.2415000e+06   4.5104980e+01
   6.2633240e+06   6.6772461e+01
   6.2637370e+06   5.3771973e+01
   6.2643540e+06   4.0954590e+01
   6.2663670e+06   3.9428711e+01
   6.2746890e+06   4.3823242e+01
   6.2750550e+06   3.9855957e+01
   6.2804200e+06   7.7453613e+01
   6.2807540e+06   4.1992188e+01
   6.2924030e+06   3.9794922e+01
   6.2994550e+06   6.5917969e+01
   6.3072590e+06   4.2724609e+01
   6.3082250e+06   3.7475586e+01
   6.3091900e+06   3.9306641e+01
   6.3104940e+06   3.9733887e+01
   6.3117200e+06   4.8217773e+01
   6.3117800e+06   7.5073242e+01
   6.3126170e+06   6.2500000e+01
   6.3282530e+06   3.9550781e+01
   6.3315240e+06   5.6518555e+01
   6.3325810e+06   5.5908203e+01
   6.3336930e+06   4.1748047e+01
   6.3366860e+06   5.4626465e+01
   6.3370650e+06   4.0832520e+01
   6.3389530e+06   5.1330566e+01
   6.3542590e+06   7.6171875e+01
   6.3545730e+06   4.5410156e+01
   6.3593460e+06   5.1574707e+01
   6.3605880e+06   4.0222168e+01
   6.3733270e+06   7.9223633e+01
   6.3738410e+06   4.7485352e+01
   6.3811920e+06   4.1564941e+01
   6.3906920e+06   4.1198730e+01
   6.3950880e+06   4.2114258e+01
   6.3969130e+06   3.8635254e+01
   6.3985110e+06   7.0556641e+01
   6.3991220e+06   5.1513672e+01
   6.4000590e+06   4.0222168e+01
   6.4004740e+06   4.4799805e+01
   6.4010930e+06   4.1931152e+01
   6.4143660e+06   4.6997070e+01
   6.4149450e+06   4.8034668e+01
   6.4151170e+06   4.3457031e+01
   6.4157370e+06   3.9367676e+01
   6.4159040e+06   6.5979004e+01
   6.4349450e+06   4.1442871e+01
   6.4390090e+06   4.1931152e+01
   6.4392730e+06   4.5349121e+01
   6.4408860e+06   6.7199707e+01
   6.4495700e+06   3.8513184e+01
   6.4530690e+06   3.8879395e+01
   6.4597720e+06   7.4157715e+01
   6.4602110e+06   3.9916992e+01
   6.4604820e+06   5.4077148e+01
   6.4642170e+06   4.7607422e+01
   6.4650370e+06   4.1015625e+01
   6.4737310e+06   4.7424316e+01
   6.4741250e+06   4.1748047e+01
   6.4762910e+06   3.8269043e+01
   6.4999770e+06   6.0363770e+01
   6.5004310e+06   4.2419434e+01
   6.5015970e+06   7.0861816e+01
   6.5019580e+06   5.0231934e+01
   6.5087820e+06   3.8452148e+01
   6.5117580e+06   3.7597656e+01
   6.5226810e+06   4.7058105e+01
   6.5260000e+06   7.3608398e+01
   6.5266240e+06   4.7546387e+01
   6.5515250e+06   7.2937012e+01
   6.5519210e+06   5.1757812e+01
   6.5521100e+06   6.8054199e+01
   6.5521600e+06   4.1259766e+01
   6.5575640e+06   3.8879395e+01
   6.5658780e+06   3.8208008e+01
   6.5686370e+06   6.5490723e+01
   6.5726460e+06   4.5593262e+01
   6.5729680e+06   4.3151855e+01
   6.5834360e+06   7.0800781e+01
   6.5838220e+06   3.8574219e+01
   6.5976480e+06   4.6203613e+01
   6.5979970e+06   3.9428711e+01
   6.6050080e+06   7.6293945e+01
   6.6053510e+06   4.1015625e+01
   6.6277430e+06   7.8796387e+01
   6.6284180e+06   5.7373047e+01
   6.6290770e+06   4.3762207e+01
   6.6291670e+06   3.9978027e+01
   6.6299240e+06   4.9072266e+01
   6.6303990e+06   4.2846680e+01
   6.6305660e+06   3.8085938e+01
   6.6460630e+06   4.0771484e+01
   6.6533110e+06   4.2968750e+01
   6.6533320e+06   5.6945801e+01
   6.6536000e+06   4.3334961e+01
   6.6661410e+06   3.9367676e+01
   6.6676300e+06   3.8635254e+01
   6.6678940e+06   7.5073242e+01
   6.6683690e+06   4.4433594e+01
   6.6731510e+06   4.5227051e+01
   6.6735600e+06   4.4555664e+01
   6.6804880e+06   3.7902832e+01
   6.6835450e+06   4.1870117e+01
   6.6900850e+06   7.5683594e+01
   6.6906720e+06   5.5541992e+01
   6.7086410e+06   4.2785645e+01
   6.7089360e+06   4.6997070e+01
   6.7097680e+06   4.8339844e+01
   6.7145040e+06   8.0871582e+01
   6.7154170e+06   5.7434082e+01
   6.7348000e+06   4.2358398e+01
   6.7359320e+06   3.8085938e+01
   6.7421530e+06   4.9926758e+01
   6.7424050e+06   4.1076660e+01
   6.7546090e+06   7.2998047e+01
   6.7551040e+06   4.9560547e+01
   6.7777660e+06   4.3212891e+01
   6.7781630e+06   3.9978027e+01
   6.7794890e+06   3.8269043e+01
   6.7809240e+06   6.9213867e+01
   6.7817760e+06   6.0607910e+01
   6.7890010e+06   4.2785645e+01
   6.8071990e+06   4.7363281e+01
   6.8074280e+06   4.4982910e+01
   6.8113120e+06   8.3129883e+01
   6.8231100e+06   8.0078125e+01
   6.8289250e+06   3.9550781e+01
   6.8335650e+06   6.5612793e+01
   6.8337200e+06   5.2856445e+01
   6.8340020e+06   3.9001465e+01
   6.8342180e+06   4.1076660e+01
   6.8348120e+06   3.8024902e+01
   6.8351590e+06   4.6325684e+01
   6.8551130e+06   3.8391113e+01
   6.8559800e+06   4.1381836e+01
   6.8611090e+06   7.8613281e+01
   6.8616780e+06   5.7312012e+01
   6.8712950e+06   5.0292969e+01
   6.8719010e+06   4.5043945e+01
   6.8721370e+06   4.5715332e+01
   6.8762970e+06   3.9184570e+01
   6.8874370e+06   8.3129883e+01
   6.8880190e+06   5.2429199e+01
   6.8938210e+06   3.9245605e+01
   6.8998890e+06   4.8950195e+01
   6.9003010e+06   5.0537109e+01
   6.9151580e+06   4.2968750e+01
   6.9166750e+06   7.1166992e+01
   6.9173830e+06   3.8757324e+01
   6.9193160e+06   4.4189453e+01
   6.9491000e+06   4.2297363e+01
   6.9498550e+06   8.6547852e+01
   6.9507620e+06   7.0556641e+01
   6.9512780e+06   3.9672852e+01
   6.9523670e+06   3.9672852e+01
   6.9526620e+06   3.9184570e+01
   6.9530170e+06   3.9550781e+01
   6.9731240e+06   4.3212891e+01
   6.9733460e+06   4.3884277e+01
   6.9756710e+06   4.0222168e+01
   6.9782950e+06   8.0688477e+01
   6.9893850e+06   4.8400879e+01
   6.9927650e+06   6.8481445e+01
   6.9931670e+06   4.4311523e+01
   6.9999430e+06   3.9245605e+01
   7.0050550e+06   5.6030273e+01
   7.0054460e+06   4.6203613e+01
   7.0092380e+06   3.9001465e+01
   7.0249550e+06   4.2968750e+01
   7.0264810e+06   7.8308105e+01
   7.0264950e+06   4.5837402e+01
   7.0269510e+06   4.5898438e+01
   7.0335010e+06   3.7902832e+01
   7.0542590e+06   8.1054688e+01
   7.0548950e+06   5.1696777e+01
   7.0687640e+06   4.6020508e+01
   7.0690140e+06   4.2480469e+01
   7.0692140e+06   3.9367676e+01
   7.0929450e+06   8.2336426e+01
   7.0950620e+06   7.1716309e+01
   7.1004290e+06   4.6752930e+01
   7.1006820e+06   4.4616699e+01
   7.1098780e+06   3.8208008e+01
   7.1207760e+06   7.8918457e+01
   7.1214020e+06   6.0546875e+01
   7.1379620e+06   4.0588379e+01
   7.1397720e+06   3.8269043e+01
   7.1407700e+06   4.8461914e+01
   7.1509340e+06   5.7617188e+01
   7.1513150e+06   3.9367676e+01
   7.1530500e+06   6.4331055e+01
   7.1539720e+06   5.0964355e+01
   7.1741020e+06   4.3884277e+01
   7.1743210e+06   4.6142578e+01
   7.1750680e+06   3.8146973e+01
   7.1767630e+06   3.7963867e+01
   7.1832180e+06   7.4157715e+01
   7.1835640e+06   3.8024902e+01
   7.1884580e+06   4.0222168e+01
   7.1983690e+06   3.8818359e+01
   7.1985480e+06   4.1564941e+01
   7.1996560e+06   4.6752930e+01
   7.1999370e+06   4.4433594e+01
   7.2001020e+06   3.8513184e+01
   7.2012690e+06   3.9306641e+01
   7.2046230e+06   7.7575684e+01
   7.2112580e+06   3.9306641e+01
   7.2181690e+06   7.1472168e+01
   7.2188650e+06   5.0170898e+01
   7.2197000e+06   4.5227051e+01
   7.2290130e+06   4.3518066e+01
   7.2344490e+06   8.0566406e+01
   7.2448420e+06   4.2480469e+01
   7.2498840e+06   8.0688477e+01
   7.2544150e+06   4.4921875e+01
   7.2666560e+06   5.1574707e+01
   7.2675810e+06   4.5654297e+01
   7.2679030e+06   4.3579102e+01
   7.2804870e+06   7.5256348e+01
   7.2892010e+06   7.8308105e+01
   7.2967230e+06   4.7729492e+01
   7.2969680e+06   4.1809082e+01
   7.3084060e+06   8.4045410e+01
   7.3181190e+06   3.9794922e+01
   7.3281080e+06   5.6884766e+01
   7.3283560e+06   4.7424316e+01
   7.3307860e+06   8.8073730e+01
   7.3316760e+06   7.2021484e+01
   7.3607500e+06   4.6081543e+01
   7.3609830e+06   3.7963867e+01
   7.3890160e+06   7.7392578e+01
   7.3904080e+06   4.3640137e+01
   7.3908390e+06   4.8950195e+01
   7.3911130e+06   3.8024902e+01
   7.3929560e+06   4.3151855e+01
   7.4122030e+06   6.8786621e+01
   7.4157830e+06   4.1564941e+01
   7.4167620e+06   3.9306641e+01
   7.4176140e+06   3.7719727e+01
   7.4319940e+06   8.5998535e+01
   7.4325810e+06   6.8359375e+01
   7.4389010e+06   5.0048828e+01
   7.4394750e+06   3.8085938e+01
   7.4631860e+06   6.1645508e+01
   7.4971110e+06   7.9589844e+01
   7.4973830e+06   4.2358398e+01
   7.5018380e+06   3.8452148e+01
   7.5027290e+06   3.7719727e+01
   7.5038000e+06   4.0344238e+01
   7.5043880e+06   4.1748047e+01
   7.5146370e+06   9.1064453e+01
   7.5158540e+06   6.5429688e+01
   7.5272900e+06   4.4616699e+01
   7.5340280e+06   4.4799805e+01
   7.5343610e+06   6.9946289e+01
   7.5421660e+06   5.7800293e+01
   7.5424300e+06   4.9987793e+01
   7.5430400e+06   3.7719727e+01
   7.5450760e+06   3.9672852e+01
   7.5533250e+06   7.5439453e+01
   7.5539640e+06   6.2194824e+01
   7.5611010e+06   4.0344238e+01
   7.5711800e+06   6.8908691e+01
   7.5732060e+06   3.7963867e+01
   7.5747720e+06   4.9743652e+01
   7.5752490e+06   4.4067383e+01
   7.5864840e+06   8.5693359e+01
   7.5975310e+06   3.8208008e+01
   7.6056570e+06   4.0893555e+01
   7.6166470e+06   4.2663574e+01
   7.6169770e+06   4.1198730e+01
   7.6171760e+06   3.7719727e+01
   7.6175270e+06   4.1992188e+01
   7.6175680e+06   7.7758789e+01
   7.6185330e+06   5.6030273e+01
   7.6462770e+06   4.6569824e+01
   7.6463990e+06   6.8664551e+01
   7.6473260e+06   3.9245605e+01
   7.6483250e+06   4.1687012e+01
   7.6653420e+06   4.8034668e+01
   7.6655720e+06   5.0415039e+01
   7.6676430e+06   3.9733887e+01
   7.6721390e+06   7.9406738e+01
   7.6892500e+06   5.2734375e+01
   7.6895940e+06   4.1625977e+01
   7.6897170e+06   7.2326660e+01
   7.6903740e+06   3.7475586e+01
   7.7114880e+06   4.2297363e+01
   7.7115010e+06   3.7475586e+01
   7.7146360e+06   3.8146973e+01
   7.7167830e+06   5.0354004e+01
   7.7172470e+06   3.9001465e+01
   7.7191980e+06   7.4401855e+01
   7.7202130e+06   5.6762695e+01
   7.7211600e+06   3.8208008e+01
   7.7218730e+06   3.9672852e+01
   7.7322220e+06   4.7790527e+01
   7.7412880e+06   5.1696777e+01
   7.7458220e+06   3.9672852e+01
   7.7528490e+06   4.2175293e+01
   7.7533740e+06   5.0903320e+01
   7.7536040e+06   4.0344238e+01
   7.7536830e+06   3.9184570e+01
   7.7597140e+06   8.5510254e+01
   7.7601550e+06   6.3537598e+01
   7.7648750e+06   3.8330078e+01
   7.7694620e+06   4.9011230e+01
   7.7697360e+06   4.1198730e+01
   7.7819710e+06   3.7475586e+01
   7.7912140e+06   4.9804688e+01
   7.7924100e+06   7.8430176e+01
   7.7930920e+06   5.9265137e+01
   7.8053320e+06   3.8269043e+01
   7.8131970e+06   4.3273926e+01
   7.8135730e+06   4.9072266e+01
   7.8137700e+06   4.6081543e+01
   7.8193790e+06   3.9367676e+01
   7.8225190e+06   3.9550781e+01
   7.8352570e+06   3.7475586e+01
   7.8374590e+06   4.1015625e+01
   7.8375220e+06   6.7077637e+01
   7.8380400e+06   5.7678223e+01
   7.8397340e+06   3.8757324e+01
   7.8548880e+06   4.4738770e+01
   7.8569770e+06   3.9306641e+01
   7.8648120e+06   4.7424316e+01
   7.8747950e+06   4.2419434e+01
   7.8752800e+06   4.8400879e+01
   7.8801780e+06   8.8317871e+01
   7.8839860e+06   3.9062500e+01
   7.8891070e+06   4.6997070e+01
   7.8922010e+06   4.7241211e+01
   7.8924480e+06   4.2175293e+01
   7.8926460e+06   4.0222168e+01
   7.8960260e+06   4.0527344e+01
   7.8985730e+06   8.1787109e+01
   7.9195540e+06   5.2001953e+01
   7.9296470e+06   4.3884277e+01
   7.9303920e+06   4.5654297e+01
   7.9307290e+06   4.9682617e+01
   7.9314040e+06   7.5256348e+01
   7.9405940e+06   3.8269043e+01
   7.9457370e+06   8.6364746e+01
   7.9462080e+06   5.7617188e+01
   7.9561790e+06   3.7902832e+01
   7.9682580e+06   5.2307129e+01
   7.9686780e+06   3.7475586e+01
   7.9810370e+06   4.6020508e+01
   7.9815620e+06   5.2307129e+01
   7.9832510e+06   3.7780762e+01
   7.9854240e+06   3.9978027e+01
   7.9896140e+06   7.2082520e+01
   7.9899890e+06   5.5175781e+01
   8.0003570e+06   4.0405273e+01
   8.0051120e+06   3.9184570e+01
   8.0204740e+06   5.3588867e+01
   8.0211720e+06   4.4067383e+01
   8.0379270e+06   8.1726074e+01
   8.0388680e+06   7.9284668e+01
   8.0428070e+06   6.4575195e+01
   8.0432020e+06   4.0832520e+01
   8.0460760e+06   3.9306641e+01
   8.0526080e+06   4.2297363e+01
   8.0559360e+06   3.8208008e+01
   8.0686760e+06   4.4555664e+01
   8.0792170e+06   7.5988770e+01
   8.0868980e+06   5.7983398e+01
   8.0873920e+06   4.0283203e+01
   8.1091260e+06   5.3161621e+01
   8.1121700e+06   4.9682617e+01
   8.1128310e+06   6.1035156e+01
   8.1212310e+06   3.9062500e+01
   8.1264910e+06   4.1687012e+01
   8.1329440e+06   4.2236328e+01
   8.1350140e+06   3.7658691e+01
   8.1424410e+06   5.4443359e+01
   8.1427270e+06   3.9062500e+01
   8.1504110e+06   4.5898438e+01
   8.1559860e+06   3.7597656e+01
   8.1718490e+06   4.9804688e+01
   8.1724670e+06   4.9926758e+01
   8.1762060e+06   4.0466309e+01
   8.1790270e+06   4.0771484e+01
   8.1803290e+06   8.1054688e+01
   8.1814670e+06   6.2194824e+01
   8.1823900e+06   4.2968750e+01
   8.1896640e+06   5.3283691e+01
   8.1899350e+06   4.2480469e+01
   8.1949720e+06   3.8757324e+01
   8.2177490e+06   3.8024902e+01
   8.2205910e+06   6.3049316e+01
   8.2206570e+06   8.2641602e+01
   8.2209330e+06   4.5227051e+01
   8.2214610e+06   4.6936035e+01
   8.2219910e+06   4.3395996e+01
   8.2260860e+06   4.0527344e+01
   8.2413150e+06   4.2968750e+01
   8.2442980e+06   4.2175293e+01
   8.2467000e+06   3.7902832e+01
   8.2490010e+06   5.1940918e+01
   8.2597850e+06   4.1076660e+01
   8.2667760e+06   4.3701172e+01
   8.2689950e+06   4.2053223e+01
   8.2693610e+06   4.8522949e+01
   8.2695880e+06   4.6325684e+01
   8.2776450e+06   8.1726074e+01
   8.3038970e+06   3.8330078e+01
   8.3174450e+06   4.0649414e+01
   8.3271850e+06   3.7536621e+01
   8.3285490e+06   3.7902832e+01
   8.3407580e+06   8.6730957e+01
   8.3413450e+06   6.3598633e+01
   8.3572180e+06   3.9428711e+01
   8.3660470e+06   4.3029785e+01
   8.3705100e+06   3.8513184e+01
   8.3794420e+06   5.0109863e+01
   8.3798710e+06   4.7363281e+01
   8.3972410e+06   3.7475586e+01
   8.3982190e+06   5.2551270e+01
   8.3986370e+06   4.9987793e+01
   8.3988740e+06   3.7719727e+01
   8.3989140e+06   3.8269043e+01
   8.3998860e+06   3.9428711e+01
   8.4094150e+06   3.8024902e+01
   8.4271740e+06   4.0100098e+01
   8.4293850e+06   5.0048828e+01
   8.4302060e+06   5.3527832e+01
   8.4304270e+06   5.0048828e+01
   8.4381440e+06   9.9731445e+01
   8.4387680e+06   7.0495605e+01
   8.4406250e+06   4.4006348e+01
   8.4575860e+06   3.8635254e+01
   8.4653200e+06   4.1992188e+01
   8.4693080e+06   4.8217773e+01
   8.4697940e+06   4.3212891e+01
   8.4699880e+06   4.1564941e+01
   8.4854830e+06   5.1086426e+01
   8.4863130e+06   4.3701172e+01
   8.4866840e+06   3.9550781e+01
   8.4934000e+06   3.8269043e+01
   8.5045440e+06   8.3618164e+01
   8.5179670e+06   3.7475586e+01
   8.5190110e+06   3.7475586e+01
   8.5340310e+06   4.0649414e+01
   8.5684260e+06   5.0476074e+01
   8.5693240e+06   3.9489746e+01
   8.5700700e+06   3.8574219e+01
   8.5735680e+06   3.9367676e+01
   8.5948040e+06   4.3395996e+01
   8.5953700e+06   3.9794922e+01
   8.5954470e+06   8.7829590e+01
   8.6100470e+06   4.3823242e+01
   8.6109360e+06   4.9377441e+01
   8.6112180e+06   3.9001465e+01
   8.6165740e+06   4.3701172e+01
   8.6171940e+06   3.7719727e+01
   8.6211440e+06   3.8696289e+01
   8.6357350e+06   4.0832520e+01
   8.6371980e+06   9.0637207e+01
   8.6378620e+06   3.7719727e+01
   8.6379430e+06   8.0261230e+01
   8.6456540e+06   4.0222168e+01
   8.6492530e+06   3.8085938e+01
   8.6504290e+06   3.9062500e+01
   8.6535540e+06   6.2561035e+01
   8.6539100e+06   3.8879395e+01
   8.6700180e+06   4.5593262e+01
   8.6703120e+06   4.6203613e+01
   8.6708130e+06   4.1564941e+01
   8.6714090e+06   3.9306641e+01
   8.6780350e+06   4.0222168e+01
   8.6846360e+06   3.8146973e+01
   8.6852130e+06   4.3701172e+01
   8.6860460e+06   3.8940430e+01
   8.7038670e+06   3.8513184e+01
   8.7255240e+06   3.9672852e+01
   8.7382660e+06   3.7536621e+01
   8.7505440e+06   3.9428711e+01
   8.7510050e+06   4.0344238e+01
   8.7535650e+06   3.7902832e+01
   8.7590210e+06   3.8269043e+01
   8.7660880e+06   3.9611816e+01
   8.7754370e+06   3.9916992e+01
   8.7875540e+06   3.7536621e+01
   8.7912360e+06   4.9316406e+01
   8.7917030e+06   5.4870605e+01
   8.7923240e+06   3.8818359e+01
   8.8197100e+06   9.0209961e+01
   8.8200170e+06   4.8095703e+01
   8.8309080e+06   5.2917480e+01
   8.8313870e+06   4.3151855e+01
   8.8316210e+06   4.0527344e+01
   8.8318400e+06   3.8024902e+01
   8.8342290e+06   3.7902832e+01
   8.8358580e+06   3.7902832e+01
   8.8423110e+06   4.0588379e+01
   8.8463990e+06   3.9123535e+01
   8.8512620e+06   3.7658691e+01
   8.8599500e+06   5.1330566e+01
   8.8608790e+06   5.1208496e+01
   8.8612220e+06   4.3518066e+01
   8.8760590e+06   4.1137695e+01
   8.8799470e+06   3.9428711e+01
   8.8900240e+06   3.8513184e+01
   8.8992060e+06   3.7597656e+01
   8.9001740e+06   3.9367676e+01
   8.9014040e+06   3.7475586e+01
   8.9084710e+06   4.5349121e+01
   8.9107070e+06   4.0710449e+01
   8.9119760e+06   3.7902832e+01
   8.9292030e+06   4.1381836e+01
   8.9369770e+06   3.7780762e+01
   8.9370030e+06   4.9926758e+01
   8.9410070e+06   3.7536621e+01
   8.9423540e+06   9.3750000e+01
   8.9429330e+06   8.3557129e+01
   8.9633300e+06   3.7597656e+01
   8.9660030e+06   3.9001465e+01
   8.9669760e+06   4.3212891e+01
   8.9676180e+06   4.1748047e+01
   8.9779190e+06   4.1198730e+01
   8.9787850e+06   4.2846680e+01
   8.9846550e+06   3.8879395e+01
   8.9848780e+06   3.9855957e+01
   8.9915200e+06   4.0283203e+01
