   8.9990000e+06   0.0000000e+00
   7.8610000e+03   5.0231934e+01
   8.8780000e+03   5.5114746e+01
   1.2346000e+04   6.5307617e+01
   2.2868000e+04   6.2438965e+01
   2.6241000e+04   4.9499512e+01
   3.2474000e+04   6.2133789e+01
   3.6601000e+04   5.6396484e+01
   4.5865000e+04   4.4311523e+01
   4.8123000e+04   6.0546875e+01
   5.2640000e+04   4.8217773e+01
   5.4193000e+04   5.1696777e+01
   9.4604000e+04   4.2480469e+01
   9.5245000e+04   5.6213379e+01
   9.6710000e+04   4.8400879e+01
   9.8190000e+04   4.6142578e+01
   1.1418400e+05   4.6203613e+01
   1.1612400e+05   5.7434082e+01
   1.1704900e+05   5.1513672e+01
   1.1841700e+05   5.2978516e+01
   1.3041500e+05   6.0363770e+01
   1.4713600e+05   5.5664063e+01
   1.6202100e+05   4.2358398e+01
   1.6976000e+05   6.9274902e+01
   1.7213400e+05   6.9824219e+01
   1.7389700e+05   5.5541992e+01
   1.7617000e+05   4.2541504e+01
   1.7830200e+05   5.1391602e+01
   1.8724300e+05   5.8105469e+01
   2.0056400e+05   4.7546387e+01
   2.0610900e+05   5.2246094e+01
   2.3015000e+05   5.2978516e+01
   2.3162400e+05   4.9377441e+01
   2.3236100e+05   5.6823730e+01
   2.4492200e+05   5.4077148e+01
   2.4557100e+05   5.4199219e+01
   2.4595600e+05   4.3029785e+01
   2.5670500e+05   6.1889648e+01
   2.5866100e+05   5.6274414e+01
   2.5936600e+05   4.3701172e+01
   2.6070800e+05   4.4311523e+01
   2.6947800e+05   5.4321289e+01
   2.8523100e+05   6.6040039e+01
   2.8674200e+05   6.0424805e+01
   2.9902000e+05   5.6091309e+01
   3.0099800e+05   4.9987793e+01
   3.0329100e+05   5.8044434e+01
   3.2006800e+05   5.0903320e+01
   3.2092400e+05   4.6325684e+01
   3.3250200e+05   6.7443848e+01
   3.4009000e+05   6.3415527e+01
   3.4549600e+05   5.7739258e+01
   3.4722400e+05   5.0659180e+01
   3.4977800e+05   4.5166016e+01
   3.6370800e+05   4.5715332e+01
   3.6459500e+05   5.6579590e+01
   3.6524700e+05   4.9804688e+01
   3.7544900e+05   5.8532715e+01
   3.8182000e+05   5.4687500e+01
   3.8292500e+05   5.3039551e+01
   3.8394200e+05   4.6264648e+01
   3.9999400e+05   5.4382324e+01
   4.1488200e+05   5.9387207e+01
   4.1647400e+05   4.4799805e+01
   4.1687300e+05   5.9143066e+01
   4.2415700e+05   4.9316406e+01
   4.3242400e+05   5.9875488e+01
   4.3605400e+05   5.9082031e+01
   4.3698800e+05   6.1950684e+01
   4.6326800e+05   5.1696777e+01
   4.6930800e+05   4.8217773e+01
   4.8132700e+05   5.7617188e+01
   4.9228900e+05   5.8044434e+01
   4.9572200e+05   5.5969238e+01
   4.9821100e+05   5.2001953e+01
   5.0377900e+05   5.2612305e+01
   5.0817800e+05   4.9316406e+01
   5.2224900e+05   6.9641113e+01
   5.4109700e+05   5.1269531e+01
   5.4752700e+05   6.0180664e+01
   5.4852600e+05   5.5969238e+01
   5.4967600e+05   5.4138184e+01
   5.5083100e+05   5.4321289e+01
   5.5158800e+05   4.6569824e+01
   5.7409500e+05   4.3395996e+01
   5.8174800e+05   5.4321289e+01
   5.9845500e+05   6.4758301e+01
   6.0440000e+05   4.5776367e+01
   6.2524300e+05   6.4514160e+01
   6.2946400e+05   5.8837891e+01
   6.3169200e+05   5.9448242e+01
   6.3735200e+05   5.2917480e+01
   6.3857300e+05   5.9204102e+01
   6.3961800e+05   5.9020996e+01
   6.4038400e+05   4.4921875e+01
   6.5396100e+05   6.8725586e+01
   6.6555100e+05   5.4748535e+01
   6.7339300e+05   5.4443359e+01
   6.7866600e+05   4.2785645e+01
   6.8346600e+05   4.4799805e+01
   6.8486500e+05   4.2968750e+01
   6.9451800e+05   4.9926758e+01
   6.9884400e+05   6.6833496e+01
   7.1064800e+05   5.2734375e+01
   7.1179600e+05   4.9743652e+01
   7.2288900e+05   5.4809570e+01
   7.3715700e+05   6.4819336e+01
   7.3863400e+05   4.7424316e+01
   7.4323100e+05   5.5786133e+01
   7.6075100e+05   6.2988281e+01
   7.6245400e+05   5.1452637e+01
   7.6732500e+05   5.8105469e+01
   7.7494600e+05   6.2255859e+01
   7.7955800e+05   4.9743652e+01
   7.8037600e+05   6.2622070e+01
   7.8598600e+05   4.8095703e+01
   8.0280900e+05   6.1828613e+01
   8.2523500e+05   5.6762695e+01
   8.2640700e+05   6.2988281e+01
   8.3664000e+05   6.1706543e+01
   8.3768800e+05   5.2551270e+01
   8.3975900e+05   5.3100586e+01
   8.5099800e+05   7.3547363e+01
   8.5852700e+05   5.0170898e+01
   8.5921700e+05   5.1818848e+01
   8.5980500e+05   4.7424316e+01
   8.9054900e+05   6.4331055e+01
   8.9523600e+05   4.8950195e+01
   9.0634700e+05   5.5297852e+01
   9.0813800e+05   5.6762695e+01
   9.1474800e+05   5.4321289e+01
   9.2108500e+05   4.6569824e+01
   9.3739800e+05   5.8776855e+01
   9.3779400e+05   5.1330566e+01
   9.4579000e+05   6.4453125e+01
   9.4931500e+05   4.6997070e+01
   9.5928800e+05   6.0424805e+01
   9.6222500e+05   5.4382324e+01
   9.6998700e+05   4.7363281e+01
   9.8130900e+05   5.1025391e+01
   9.9852200e+05   4.6569824e+01
   9.9902500e+05   4.5898438e+01
   1.0025730e+06   6.2683105e+01
   1.0076690e+06   5.0903320e+01
   1.0139990e+06   6.2744141e+01
   1.0171090e+06   5.8837891e+01
   1.0187900e+06   4.3090820e+01
   1.0289690e+06   5.9265137e+01
   1.0306970e+06   5.1513672e+01
   1.0407400e+06   5.5725098e+01
   1.0488780e+06   5.6701660e+01
   1.0500120e+06   4.5715332e+01
   1.0560340e+06   4.2602539e+01
   1.0765510e+06   4.4494629e+01
   1.0871330e+06   5.5419922e+01
   1.0913090e+06   5.5541992e+01
   1.1049490e+06   6.3598633e+01
   1.1059860e+06   5.8227539e+01
   1.1214060e+06   5.5603027e+01
   1.1234330e+06   5.8959961e+01
   1.1262360e+06   5.5419922e+01
   1.1285210e+06   4.6142578e+01
   1.1382320e+06   6.2683105e+01
   1.1505000e+06   5.4504395e+01
   1.1515460e+06   6.0974121e+01
   1.1520180e+06   5.2001953e+01
   1.1528120e+06   5.2856445e+01
   1.1534670e+06   4.5654297e+01
   1.1540320e+06   4.3334961e+01
   1.1556330e+06   5.3894043e+01
   1.1691350e+06   5.0598145e+01
   1.1776940e+06   6.3110352e+01
   1.1786000e+06   5.9997559e+01
   1.1860580e+06   6.0607910e+01
   1.1974850e+06   5.7434082e+01
   1.1994310e+06   4.8461914e+01
   1.2063250e+06   5.0476074e+01
   1.2224390e+06   5.6518555e+01
   1.2323010e+06   5.7556152e+01
   1.2380310e+06   5.2795410e+01
   1.2431150e+06   5.6091309e+01
   1.2497920e+06   4.8339844e+01
   1.2541260e+06   5.4565430e+01
   1.2620510e+06   5.2612305e+01
   1.2832350e+06   5.1696777e+01
   1.3012070e+06   5.8288574e+01
   1.3055890e+06   6.1767578e+01
   1.3241670e+06   5.7128906e+01
   1.3250330e+06   4.4006348e+01
   1.3256860e+06   4.8400879e+01
   1.3265170e+06   4.8217773e+01
   1.3376150e+06   5.0354004e+01
   1.3387270e+06   4.7119141e+01
   1.3472350e+06   5.0231934e+01
   1.3483080e+06   4.3457031e+01
   1.3614170e+06   6.0668945e+01
   1.3644270e+06   5.2490234e+01
   1.3714630e+06   5.5725098e+01
   1.3720930e+06   4.4189453e+01
   1.3733420e+06   4.9682617e+01
   1.3813830e+06   5.6213379e+01
   1.3854510e+06   5.5114746e+01
   1.3859950e+06   5.8959961e+01
   1.3907770e+06   5.3771973e+01
   1.4037630e+06   5.5603027e+01
   1.4059600e+06   6.0180664e+01
   1.4069950e+06   5.1147461e+01
   1.4075320e+06   5.7189941e+01
   1.4080030e+06   4.7363281e+01
   1.4087810e+06   4.2663574e+01
   1.4093700e+06   5.1208496e+01
   1.4099560e+06   4.2358398e+01
   1.4104150e+06   4.3701172e+01
   1.4105510e+06   5.6030273e+01
   1.4239440e+06   4.7241211e+01
   1.4251100e+06   4.6020508e+01
   1.4360040e+06   4.2602539e+01
   1.4365900e+06   4.2968750e+01
   1.4418610e+06   5.5480957e+01
   1.4502030e+06   5.5725098e+01
   1.4628020e+06   5.1391602e+01
   1.4706360e+06   5.7556152e+01
   1.4736530e+06   5.3894043e+01
   1.4922330e+06   4.8706055e+01
   1.4934330e+06   6.2255859e+01
   1.4976970e+06   4.3945312e+01
   1.5001740e+06   5.3588867e+01
   1.5018110e+06   4.6875000e+01
   1.5035040e+06   4.7668457e+01
   1.5057350e+06   4.4189453e+01
   1.5104500e+06   5.6335449e+01
   1.5119730e+06   4.9194336e+01
   1.5141170e+06   4.6447754e+01
   1.5268640e+06   4.5593262e+01
   1.5355510e+06   4.6997070e+01
   1.5647090e+06   5.2490234e+01
   1.5687000e+06   6.5307617e+01
   1.5699700e+06   4.2602539e+01
   1.5745480e+06   6.8786621e+01
   1.5754180e+06   5.3222656e+01
   1.5884550e+06   4.3029785e+01
   1.5896340e+06   5.5786133e+01
   1.5926180e+06   6.0363770e+01
   1.5966540e+06   5.7922363e+01
   1.5978920e+06   5.7617188e+01
   1.6130830e+06   5.7006836e+01
   1.6177610e+06   5.5175781e+01
   1.6236550e+06   4.3701172e+01
   1.6244360e+06   4.8828125e+01
   1.6249540e+06   4.9072266e+01
   1.6266560e+06   4.9621582e+01
   1.6275370e+06   5.3283691e+01
   1.6367910e+06   4.3029785e+01
   1.6371310e+06   4.4189453e+01
   1.6380110e+06   4.2175293e+01
   1.6397330e+06   6.1828613e+01
   1.6516350e+06   4.5654297e+01
   1.6517410e+06   5.1818848e+01
   1.6567430e+06   5.0964355e+01
   1.6624760e+06   5.4809570e+01
   1.6626430e+06   5.9326172e+01
   1.6632030e+06   5.3833008e+01
   1.6728910e+06   5.4382324e+01
   1.6736240e+06   5.1757812e+01
   1.6754690e+06   4.9194336e+01
   1.6770130e+06   5.1330566e+01
   1.6798860e+06   5.1635742e+01
   1.6907210e+06   4.8156738e+01
   1.7002870e+06   4.4128418e+01
   1.7035420e+06   5.9204102e+01
   1.7103960e+06   4.8400879e+01
   1.7114300e+06   4.4006348e+01
   1.7117440e+06   4.2541504e+01
   1.7148130e+06   6.3232422e+01
   1.7179840e+06   4.8400879e+01
   1.7255210e+06   5.3100586e+01
   1.7264750e+06   5.9265137e+01
   1.7445760e+06   6.3964844e+01
   1.7465030e+06   5.4260254e+01
   1.7478080e+06   6.1767578e+01
   1.7482780e+06   5.8044434e+01
   1.7488380e+06   4.6569824e+01
   1.7504980e+06   4.5532227e+01
   1.7519910e+06   4.8095703e+01
   1.7687260e+06   5.0537109e+01
   1.7776170e+06   6.0729980e+01
   1.7786610e+06   5.0537109e+01
   1.7816540e+06   5.8776855e+01
   1.7907990e+06   5.5480957e+01
   1.7949950e+06   5.7495117e+01
   1.7960040e+06   5.3955078e+01
   1.7965280e+06   5.2490234e+01
   1.8021690e+06   4.6752930e+01
   1.8126700e+06   5.1940918e+01
   1.8134440e+06   5.0415039e+01
   1.8206870e+06   5.2185059e+01
   1.8235670e+06   5.7678223e+01
   1.8294630e+06   6.1096191e+01
   1.8404370e+06   4.8706055e+01
   1.8417850e+06   5.0598145e+01
   1.8429280e+06   4.9316406e+01
   1.8435440e+06   4.8767090e+01
   1.8438460e+06   4.3090820e+01
   1.8444460e+06   4.3029785e+01
   1.8669780e+06   5.3588867e+01
   1.8683860e+06   5.1513672e+01
   1.8766670e+06   4.7363281e+01
   1.8773920e+06   5.0598145e+01
   1.8881690e+06   4.2846680e+01
   1.8939090e+06   5.6213379e+01
   1.9041240e+06   5.1452637e+01
   1.9062290e+06   5.4443359e+01
   1.9094800e+06   5.3039551e+01
   1.9254750e+06   5.1513672e+01
   1.9489540e+06   5.0109863e+01
   1.9544780e+06   5.7983398e+01
   1.9586350e+06   4.5837402e+01
   1.9619230e+06   6.2255859e+01
   1.9724800e+06   4.7607422e+01
   1.9835150e+06   5.3894043e+01
   1.9871250e+06   6.2927246e+01
   1.9888310e+06   5.8410645e+01
   1.9895580e+06   5.4931641e+01
   2.0036830e+06   6.4819336e+01
   2.0042530e+06   6.1584473e+01
   2.0193020e+06   4.8461914e+01
   2.0247590e+06   6.2866211e+01
   2.0341990e+06   5.1208496e+01
   2.0360850e+06   5.1391602e+01
   2.0365890e+06   4.4677734e+01
   2.0462470e+06   5.9753418e+01
   2.0475020e+06   4.4189453e+01
   2.0626910e+06   6.9641113e+01
   2.0693310e+06   5.2124023e+01
   2.0704750e+06   5.2856445e+01
   2.0769510e+06   5.8166504e+01
   2.0815700e+06   5.4931641e+01
   2.0846150e+06   7.3364258e+01
   2.0864650e+06   4.4738770e+01
   2.0870500e+06   4.7790527e+01
   2.0883260e+06   6.1279297e+01
   2.0912870e+06   6.0546875e+01
   2.1016490e+06   4.7058105e+01
   2.1026220e+06   5.2978516e+01
   2.1059830e+06   5.1879883e+01
   2.1141410e+06   4.9621582e+01
   2.1146730e+06   5.3100586e+01
   2.1201360e+06   5.6701660e+01
   2.1216080e+06   4.9377441e+01
   2.1244900e+06   4.2480469e+01
   2.1246430e+06   5.2673340e+01
   2.1249060e+06   4.2114258e+01
   2.1272870e+06   5.5053711e+01
   2.1278550e+06   5.4016113e+01
   2.1336070e+06   5.0354004e+01
   2.1371850e+06   5.2551270e+01
   2.1409180e+06   4.8339844e+01
   2.1552120e+06   5.4748535e+01
   2.1602270e+06   4.2480469e+01
   2.1604360e+06   5.3955078e+01
   2.1676690e+06   4.5959473e+01
   2.1785670e+06   4.8461914e+01
   2.1821440e+06   4.7424316e+01
   2.1891010e+06   4.9682617e+01
   2.1966370e+06   4.3640137e+01
   2.1970880e+06   4.2114258e+01
   2.2034500e+06   5.1879883e+01
   2.2156580e+06   6.1340332e+01
   2.2283710e+06   5.1025391e+01
   2.2332170e+06   5.5480957e+01
   2.2372050e+06   6.6772461e+01
   2.2388630e+06   5.5175781e+01
   2.2390730e+06   4.8278809e+01
   2.2481720e+06   5.4443359e+01
   2.2497330e+06   6.1645508e+01
   2.2533810e+06   5.0170898e+01
   2.2607550e+06   4.9438477e+01
   2.2629220e+06   5.5358887e+01
   2.2709920e+06   6.0302734e+01
   2.2751470e+06   6.0363770e+01
   2.2816830e+06   5.0964355e+01
   2.2881650e+06   5.4809570e+01
   2.2904330e+06   5.7617188e+01
   2.2940600e+06   5.2368164e+01
   2.3048800e+06   5.2734375e+01
   2.3055460e+06   5.1696777e+01
   2.3075610e+06   4.8339844e+01
   2.3147260e+06   5.3955078e+01
   2.3173100e+06   5.7922363e+01
   2.3210370e+06   5.4077148e+01
   2.3237510e+06   4.6630859e+01
   2.3252470e+06   5.5358887e+01
   2.3258670e+06   4.6325684e+01
   2.3269870e+06   4.3701172e+01
   2.3329920e+06   4.2907715e+01
   2.3333630e+06   5.1513672e+01
   2.3373680e+06   6.3293457e+01
   2.3480510e+06   5.6640625e+01
   2.3554120e+06   4.2175293e+01
   2.3622160e+06   4.4494629e+01
   2.3649320e+06   4.4311523e+01
   2.3652360e+06   5.2917480e+01
   2.3691750e+06   5.2246094e+01
   2.3911420e+06   5.6945801e+01
   2.3919420e+06   5.1086426e+01
   2.3928540e+06   5.2551270e+01
   2.4019170e+06   6.0852051e+01
   2.4034130e+06   5.0598145e+01
   2.4091280e+06   4.3884277e+01
   2.4265420e+06   6.0424805e+01
   2.4279000e+06   5.9265137e+01
   2.4363850e+06   7.1716309e+01
   2.4369880e+06   5.2429199e+01
   2.4474210e+06   6.0302734e+01
   2.4484830e+06   4.6203613e+01
   2.4678800e+06   5.9143066e+01
   2.4722030e+06   5.3161621e+01
   2.4730340e+06   5.7006836e+01
   2.4735340e+06   4.7912598e+01
   2.4746880e+06   4.2968750e+01
   2.4851590e+06   5.5541992e+01
   2.4937030e+06   5.8166504e+01
   2.5030230e+06   7.1655273e+01
   2.5043050e+06   5.4565430e+01
   2.5047440e+06   4.6447754e+01
   2.5101390e+06   4.6997070e+01
   2.5192260e+06   5.4199219e+01
   2.5205000e+06   5.4687500e+01
   2.5216270e+06   4.6630859e+01
   2.5310800e+06   4.4311523e+01
   2.5459980e+06   5.2185059e+01
   2.5469890e+06   4.9865723e+01
   2.5484870e+06   5.2429199e+01
   2.5585940e+06   4.4494629e+01
   2.5627530e+06   5.3649902e+01
   2.5645460e+06   6.3232422e+01
   2.5740220e+06   4.7424316e+01
   2.5809420e+06   6.2622070e+01
   2.5892370e+06   5.0659180e+01
   2.6023260e+06   5.2673340e+01
   2.6071510e+06   5.6579590e+01
   2.6143500e+06   4.2236328e+01
   2.6156580e+06   4.6630859e+01
   2.6165360e+06   5.2795410e+01
   2.6282620e+06   6.9030762e+01
   2.6290120e+06   4.8828125e+01
   2.6295350e+06   4.6508789e+01
   2.6399430e+06   4.9011230e+01
   2.6411280e+06   5.4260254e+01
   2.6421760e+06   5.0537109e+01
   2.6480100e+06   5.4199219e+01
   2.6500750e+06   5.4504395e+01
   2.6512140e+06   4.5654297e+01
   2.6523030e+06   4.9865723e+01
   2.6540820e+06   4.9377441e+01
   2.6638410e+06   5.7434082e+01
   2.6650040e+06   4.7546387e+01
   2.6758420e+06   5.4992676e+01
   2.6769720e+06   4.2175293e+01
   2.6772930e+06   4.9011230e+01
   2.6776460e+06   4.4921875e+01
   2.6780150e+06   4.3090820e+01
   2.6994080e+06   5.0842285e+01
   2.7246230e+06   4.2907715e+01
   2.7266830e+06   4.8095703e+01
   2.7334870e+06   5.3955078e+01
   2.7403960e+06   5.0354004e+01
   2.7407520e+06   4.4372559e+01
   2.7413720e+06   5.2917480e+01
   2.7509340e+06   4.9438477e+01
   2.7521590e+06   5.2001953e+01
   2.7698980e+06   4.5349121e+01
   2.7925690e+06   4.2663574e+01
   2.7982770e+06   4.9255371e+01
   2.8011400e+06   4.6569824e+01
   2.8067090e+06   4.8278809e+01
   2.8090820e+06   5.1391602e+01
   2.8106770e+06   4.7241211e+01
   2.8196980e+06   4.7546387e+01
   2.8241130e+06   6.2377930e+01
   2.8329250e+06   4.6386719e+01
   2.8351550e+06   6.1218262e+01
   2.8378570e+06   4.8522949e+01
   2.8384290e+06   4.7119141e+01
   2.8388200e+06   4.5837402e+01
   2.8390660e+06   4.3334961e+01
   2.8454110e+06   4.6081543e+01
   2.8599520e+06   4.4921875e+01
   2.8603760e+06   4.4555664e+01
   2.8608780e+06   6.2561035e+01
   2.8622810e+06   5.9448242e+01
   2.8718690e+06   5.2551270e+01
   2.8820880e+06   6.7077637e+01
   2.8857650e+06   4.8034668e+01
   2.8860860e+06   5.0476074e+01
   2.8861140e+06   4.3701172e+01
   2.9013820e+06   5.7250977e+01
   2.9080280e+06   5.5541992e+01
   2.9127280e+06   4.5410156e+01
   2.9288820e+06   4.5837402e+01
   2.9307510e+06   5.9265137e+01
   2.9316710e+06   4.5043945e+01
   2.9325620e+06   5.0109863e+01
   2.9329910e+06   5.5541992e+01
   2.9468660e+06   5.2062988e+01
   2.9515130e+06   4.3945312e+01
   2.9578340e+06   5.3833008e+01
   2.9647770e+06   5.7250977e+01
   2.9660070e+06   6.1645508e+01
   2.9806850e+06   4.2114258e+01
   2.9812500e+06   6.5185547e+01
   2.9894730e+06   4.2297363e+01
   2.9898550e+06   4.7912598e+01
   2.9914650e+06   5.2673340e+01
   2.9928290e+06   4.7119141e+01
   3.0019030e+06   5.6396484e+01
   3.0055800e+06   6.7260742e+01
   3.0146910e+06   4.8156738e+01
   3.0156930e+06   4.6936035e+01
   3.0294810e+06   5.0231934e+01
   3.0319520e+06   5.9875488e+01
   3.0405980e+06   6.5063477e+01
   3.0518540e+06   5.2917480e+01
   3.0533300e+06   5.5480957e+01
   3.0553980e+06   4.8217773e+01
   3.0633370e+06   5.9692383e+01
   3.0697280e+06   5.1269531e+01
   3.0719330e+06   5.6762695e+01
   3.0729990e+06   7.2631836e+01
   3.0787900e+06   4.6508789e+01
   3.0947160e+06   4.6569824e+01
   3.0950270e+06   5.2734375e+01
   3.1005860e+06   5.2368164e+01
   3.1015360e+06   4.3151855e+01
   3.1046460e+06   5.7250977e+01
   3.1053390e+06   4.5532227e+01
   3.1119250e+06   5.8410645e+01
   3.1128800e+06   4.8339844e+01
   3.1135290e+06   5.0598145e+01
   3.1144180e+06   4.4555664e+01
   3.1155990e+06   4.4433594e+01
   3.1234850e+06   5.0354004e+01
   3.1351440e+06   5.0903320e+01
   3.1353620e+06   4.5654297e+01
   3.1368670e+06   5.6884766e+01
   3.1417070e+06   6.0119629e+01
   3.1532360e+06   6.5185547e+01
   3.1548340e+06   5.3588867e+01
   3.1552680e+06   5.4138184e+01
   3.1554920e+06   4.5532227e+01
   3.1563820e+06   5.5358887e+01
   3.1710960e+06   5.2001953e+01
   3.1729980e+06   4.8156738e+01
   3.1731850e+06   4.5349121e+01
   3.1769580e+06   5.5969238e+01
   3.1780930e+06   4.6569824e+01
   3.1907400e+06   4.2724609e+01
   3.1910130e+06   4.5959473e+01
   3.1953310e+06   4.3334961e+01
   3.1994080e+06   5.0476074e+01
   3.2058030e+06   5.5053711e+01
   3.2071110e+06   5.9143066e+01
   3.2080270e+06   4.8095703e+01
   3.2129000e+06   4.9560547e+01
   3.2171210e+06   5.4565430e+01
   3.2234500e+06   4.6752930e+01
   3.2315610e+06   5.5114746e+01
   3.2324460e+06   4.7546387e+01
   3.2336720e+06   4.5227051e+01
   3.2341790e+06   4.3945312e+01
   3.2410820e+06   5.0048828e+01
   3.2411640e+06   5.8349609e+01
   3.2418890e+06   4.4494629e+01
   3.2548560e+06   5.3527832e+01
   3.2549520e+06   5.5175781e+01
   3.2558880e+06   4.6936035e+01
   3.2684570e+06   6.9213867e+01
   3.2686740e+06   4.5593262e+01
   3.2771970e+06   4.2419434e+01
   3.2783590e+06   4.8217773e+01
   3.2803200e+06   6.0791016e+01
   3.2808470e+06   4.2663574e+01
   3.2812170e+06   5.3894043e+01
   3.3006880e+06   6.0363770e+01
   3.3020070e+06   5.0170898e+01
   3.3113980e+06   4.3395996e+01
   3.3141820e+06   4.6020508e+01
   3.3150250e+06   4.2480469e+01
   3.3156220e+06   4.9926758e+01
   3.3235440e+06   4.9804688e+01
   3.3290910e+06   5.6457520e+01
   3.3343160e+06   5.2673340e+01
   3.3359880e+06   5.7434082e+01
   3.3415250e+06   5.8715820e+01
   3.3423460e+06   6.0668945e+01
   3.3436430e+06   4.6142578e+01
   3.3492700e+06   4.9194336e+01
   3.3522860e+06   4.5349121e+01
   3.3558620e+06   5.0720215e+01
   3.3572760e+06   4.5898438e+01
   3.3609220e+06   5.2246094e+01
   3.3649540e+06   6.6528320e+01
   3.3670340e+06   6.0852051e+01
   3.3780330e+06   4.4494629e+01
   3.3835220e+06   5.5480957e+01
   3.3858460e+06   6.1645508e+01
   3.3930190e+06   4.2907715e+01
   3.3934960e+06   5.4870605e+01
   3.4006900e+06   5.9631348e+01
   3.4024430e+06   5.3527832e+01
   3.4069140e+06   5.0231934e+01
   3.4088950e+06   4.7973633e+01
   3.4168350e+06   4.6081543e+01
   3.4224490e+06   4.4067383e+01
   3.4233900e+06   6.1157227e+01
   3.4293000e+06   5.8776855e+01
   3.4308070e+06   4.8706055e+01
   3.4334080e+06   4.4128418e+01
   3.4357420e+06   4.2602539e+01
   3.4362560e+06   4.3457031e+01
   3.4396510e+06   5.1513672e+01
   3.4406680e+06   5.0720215e+01
   3.4464380e+06   5.0537109e+01
   3.4477390e+06   5.3222656e+01
   3.4482340e+06   4.4494629e+01
   3.4488320e+06   4.7180176e+01
   3.4503640e+06   5.4443359e+01
   3.4559040e+06   4.6997070e+01
   3.4573040e+06   5.1208496e+01
   3.4587710e+06   4.5410156e+01
   3.4656750e+06   5.9936523e+01
   3.4739360e+06   5.2246094e+01
   3.4749660e+06   4.8522949e+01
   3.4787880e+06   4.7485352e+01
   3.4805830e+06   4.6325684e+01
   3.4826080e+06   4.8339844e+01
   3.4828520e+06   4.6386719e+01
   3.4951810e+06   4.9560547e+01
   3.4963900e+06   4.5593262e+01
   3.4984150e+06   4.6386719e+01
   3.4994310e+06   4.8828125e+01
   3.5016700e+06   5.6640625e+01
   3.5084100e+06   5.3466797e+01
   3.5191020e+06   4.4616699e+01
   3.5230050e+06   4.3151855e+01
   3.5315290e+06   6.6040039e+01
   3.5468380e+06   6.1523438e+01
   3.5478700e+06   4.7851562e+01
   3.5480680e+06   4.9133301e+01
   3.5527400e+06   5.4687500e+01
   3.5563400e+06   5.3894043e+01
   3.5616160e+06   5.0598145e+01
   3.5628500e+06   4.6020508e+01
   3.5632730e+06   4.4250488e+01
   3.5650940e+06   4.8217773e+01
   3.5701620e+06   6.8176270e+01
   3.5710740e+06   4.5776367e+01
   3.5733590e+06   5.3161621e+01
   3.5835210e+06   5.7739258e+01
   3.5849430e+06   4.8828125e+01
   3.5857360e+06   4.8034668e+01
   3.5860790e+06   4.8522949e+01
   3.5881040e+06   4.9499512e+01
   3.5959320e+06   4.4616699e+01
   3.5975990e+06   4.7668457e+01
   3.5995690e+06   4.3029785e+01
   3.6133100e+06   5.7373047e+01
   3.6138930e+06   4.2785645e+01
   3.6155150e+06   4.2663574e+01
   3.6207550e+06   4.8217773e+01
   3.6210550e+06   4.6875000e+01
   3.6368890e+06   6.1035156e+01
   3.6379660e+06   4.5471191e+01
   3.6385130e+06   4.8034668e+01
   3.6390970e+06   4.8339844e+01
   3.6398260e+06   5.0231934e+01
   3.6537410e+06   5.1696777e+01
   3.6550430e+06   5.5297852e+01
   3.6577690e+06   4.6203613e+01
   3.6580820e+06   4.5959473e+01
   3.6649480e+06   5.5603027e+01
   3.6657380e+06   4.9865723e+01
   3.6713750e+06   4.9682617e+01
   3.6738710e+06   5.8776855e+01
   3.6745430e+06   5.1269531e+01
   3.6788740e+06   5.4138184e+01
   3.6804290e+06   4.9194336e+01
   3.6890900e+06   5.2185059e+01
   3.6978110e+06   5.1391602e+01
   3.7044980e+06   5.1696777e+01
   3.7064520e+06   6.1584473e+01
   3.7140240e+06   6.1035156e+01
   3.7145290e+06   5.3100586e+01
   3.7154980e+06   4.7790527e+01
   3.7172900e+06   5.6884766e+01
   3.7177270e+06   4.6691895e+01
   3.7263810e+06   4.2846680e+01
   3.7294950e+06   5.4504395e+01
   3.7295110e+06   4.8400879e+01
   3.7343080e+06   5.2124023e+01
   3.7377920e+06   5.7250977e+01
   3.7386440e+06   6.3415527e+01
   3.7411490e+06   5.0048828e+01
   3.7453180e+06   5.4992676e+01
   3.7463660e+06   4.9011230e+01
   3.7537780e+06   5.1757812e+01
   3.7554050e+06   4.2480469e+01
   3.7601620e+06   4.6569824e+01
   3.7623200e+06   4.6264648e+01
   3.7750710e+06   5.6945801e+01
   3.7758980e+06   4.4738770e+01
   3.7762280e+06   5.0170898e+01
   3.7764270e+06   4.2114258e+01
   3.7768520e+06   4.4738770e+01
   3.7783040e+06   5.2368164e+01
   3.7786230e+06   4.3823242e+01
   3.7838350e+06   4.3273926e+01
   3.7914990e+06   5.0292969e+01
   3.7967450e+06   5.0903320e+01
   3.7979940e+06   5.0903320e+01
   3.8063750e+06   4.7973633e+01
   3.8078280e+06   4.5410156e+01
   3.8091960e+06   4.4372559e+01
   3.8117800e+06   4.7973633e+01
   3.8236730e+06   5.3833008e+01
   3.8345320e+06   5.5480957e+01
   3.8364580e+06   4.5349121e+01
   3.8386580e+06   6.0363770e+01
   3.8392120e+06   5.2062988e+01
   3.8409000e+06   4.9133301e+01
   3.8421950e+06   5.1574707e+01
   3.8433560e+06   4.6752930e+01
   3.8438020e+06   4.3090820e+01
   3.8624410e+06   4.3823242e+01
   3.8665650e+06   5.4565430e+01
   3.8690280e+06   5.5847168e+01
   3.8712240e+06   5.6640625e+01
   3.8829540e+06   4.9316406e+01
   3.8861520e+06   4.4555664e+01
   3.8947670e+06   6.1828613e+01
   3.8962200e+06   4.3029785e+01
   3.9027060e+06   5.5236816e+01
   3.9064960e+06   4.8889160e+01
   3.9105670e+06   4.9804688e+01
   3.9174290e+06   5.8227539e+01
   3.9218280e+06   4.6264648e+01
   3.9244960e+06   5.2978516e+01
   3.9265880e+06   4.8522949e+01
   3.9268580e+06   4.2480469e+01
   3.9345510e+06   6.2988281e+01
   3.9487090e+06   4.2541504e+01
   3.9505180e+06   5.1208496e+01
   3.9588590e+06   5.0598145e+01
   3.9594270e+06   5.3344727e+01
   3.9598260e+06   5.5786133e+01
   3.9762470e+06   5.2551270e+01
   3.9841330e+06   5.7006836e+01
   3.9852900e+06   5.6457520e+01
   3.9864870e+06   4.7973633e+01
   3.9872390e+06   4.7973633e+01
   4.0070200e+06   4.7058105e+01
   4.0129930e+06   5.0842285e+01
   4.0316300e+06   4.5043945e+01
   4.0464580e+06   5.0720215e+01
   4.0516820e+06   4.3884277e+01
   4.0537230e+06   4.9743652e+01
   4.0576630e+06   4.2175293e+01
   4.0585940e+06   5.4504395e+01
   4.0588180e+06   4.2846680e+01
   4.0608830e+06   5.4748535e+01
   4.0675620e+06   4.9560547e+01
   4.0799030e+06   5.4443359e+01
   4.0958180e+06   5.2368164e+01
   4.0960420e+06   6.6528320e+01
   4.1025350e+06   5.1330566e+01
   4.1065370e+06   4.2663574e+01
   4.1080770e+06   4.7119141e+01
   4.1083930e+06   5.3649902e+01
   4.1093590e+06   6.0791016e+01
   4.1189130e+06   4.7851562e+01
   4.1210430e+06   4.4372559e+01
   4.1266320e+06   4.3029785e+01
   4.1364180e+06   5.3405762e+01
   4.1402380e+06   5.6762695e+01
   4.1545520e+06   4.6936035e+01
   4.1607240e+06   6.3171387e+01
   4.1652210e+06   4.8156738e+01
   4.1757470e+06   6.9885254e+01
   4.1773070e+06   4.9865723e+01
   4.1853730e+06   5.4443359e+01
   4.1877020e+06   5.9265137e+01
   4.1960480e+06   5.2734375e+01
   4.2059460e+06   5.5175781e+01
   4.2093550e+06   4.9682617e+01
   4.2101190e+06   5.3344727e+01
   4.2105850e+06   5.3283691e+01
   4.2136970e+06   5.8654785e+01
   4.2211830e+06   5.6274414e+01
   4.2216200e+06   4.7546387e+01
   4.2219570e+06   4.5959473e+01
   4.2246270e+06   4.6203613e+01
   4.2322170e+06   5.4199219e+01
   4.2376290e+06   4.5288086e+01
   4.2537830e+06   4.8767090e+01
   4.2541710e+06   5.0598145e+01
   4.2584300e+06   5.9692383e+01
   4.2644630e+06   4.9377441e+01
   4.2675270e+06   5.1940918e+01
   4.2754990e+06   6.5734863e+01
   4.2815180e+06   4.5532227e+01
   4.2945180e+06   6.2622070e+01
   4.2959410e+06   5.2734375e+01
   4.2975580e+06   5.2124023e+01
   4.2989300e+06   5.2978516e+01
   4.2997770e+06   4.8217773e+01
   4.3064840e+06   4.3151855e+01
   4.3163080e+06   5.4443359e+01
   4.3305380e+06   5.9143066e+01
   4.3334570e+06   5.9631348e+01
   4.3468110e+06   6.5002441e+01
   4.3491870e+06   5.7312012e+01
   4.3503300e+06   6.7321777e+01
   4.3514500e+06   5.1208496e+01
   4.3519710e+06   4.6325684e+01
   4.3528260e+06   4.6142578e+01
   4.3558350e+06   4.4494629e+01
   4.3688890e+06   4.4128418e+01
   4.3737510e+06   4.9865723e+01
   4.3779260e+06   5.6884766e+01
   4.3827840e+06   5.5664062e+01
   4.3833150e+06   4.2175293e+01
   4.3966800e+06   5.1574707e+01
   4.4019840e+06   4.8156738e+01
   4.4076790e+06   5.4321289e+01
   4.4086040e+06   4.8400879e+01
   4.4097520e+06   4.9926758e+01
   4.4203030e+06   5.2246094e+01
   4.4234760e+06   5.4626465e+01
   4.4320990e+06   4.9255371e+01
   4.4333320e+06   4.8645020e+01
   4.4483740e+06   5.1635742e+01
   4.4517500e+06   4.7485352e+01
   4.4545030e+06   5.6823730e+01
   4.4782770e+06   6.1401367e+01
   4.4836810e+06   6.4575195e+01
   4.4860100e+06   4.2114258e+01
   4.4947700e+06   4.7485352e+01
   4.4951060e+06   5.8105469e+01
   4.5049500e+06   4.6997070e+01
   4.5073980e+06   4.5043945e+01
   4.5074710e+06   6.1401367e+01
   4.5077070e+06   4.5898438e+01
   4.5118690e+06   5.8654785e+01
   4.5214060e+06   4.3518066e+01
   4.5234380e+06   4.9316406e+01
   4.5297450e+06   5.6274414e+01
   4.5312020e+06   4.8706055e+01
   4.5386800e+06   5.7800293e+01
   4.5587950e+06   4.7180176e+01
   4.5606600e+06   6.3476562e+01
   4.5632990e+06   5.1330566e+01
   4.5661800e+06   5.1025391e+01
   4.5705020e+06   5.0781250e+01
   4.5707000e+06   5.1391602e+01
   4.5837680e+06   4.4006348e+01
   4.5849200e+06   5.5847168e+01
   4.5864110e+06   5.2673340e+01
   4.5879290e+06   5.1330566e+01
   4.5886640e+06   4.6630859e+01
   4.5934590e+06   4.6752930e+01
   4.5971520e+06   4.6691895e+01
   4.5992770e+06   4.8583984e+01
   4.6118710e+06   5.8959961e+01
   4.6120810e+06   5.5847168e+01
   4.6140640e+06   4.4738770e+01
   4.6227040e+06   4.4189453e+01
   4.6234680e+06   4.8767090e+01
   4.6288160e+06   5.7006836e+01
   4.6336290e+06   5.0292969e+01
   4.6394790e+06   4.8889160e+01
   4.6407200e+06   5.7006836e+01
   4.6438120e+06   4.6142578e+01
   4.6473640e+06   5.5175781e+01
   4.6603440e+06   5.9020996e+01
   4.6610660e+06   4.4921875e+01
   4.6653770e+06   6.1157227e+01
   4.6675250e+06   4.7241211e+01
   4.6690130e+06   4.9011230e+01
   4.6710330e+06   4.4250488e+01
   4.6714140e+06   4.3212891e+01
   4.6763730e+06   4.9621582e+01
   4.6770000e+06   4.6447754e+01
   4.6775160e+06   4.2236328e+01
   4.6835110e+06   4.2480469e+01
   4.6912610e+06   4.4372559e+01
   4.7019390e+06   4.3579102e+01
   4.7087720e+06   5.2917480e+01
   4.7097320e+06   5.7739258e+01
   4.7100780e+06   5.1513672e+01
   4.7110650e+06   5.5969238e+01
   4.7130190e+06   5.2368164e+01
   4.7165760e+06   4.4189453e+01
   4.7176300e+06   5.0598145e+01
   4.7215000e+06   4.7302246e+01
   4.7300350e+06   6.8054199e+01
   4.7359740e+06   4.3823242e+01
   4.7367410e+06   4.4921875e+01
   4.7374800e+06   5.4260254e+01
   4.7508120e+06   5.8532715e+01
   4.7510440e+06   4.8645020e+01
   4.7516700e+06   4.5532227e+01
   4.7528750e+06   5.5175781e+01
   4.7537920e+06   4.8461914e+01
   4.7540740e+06   4.4433594e+01
   4.7545220e+06   4.6569824e+01
   4.7547920e+06   4.6081543e+01
   4.7740250e+06   5.6579590e+01
   4.7790730e+06   5.3405762e+01
   4.7807970e+06   4.3212891e+01
   4.7811000e+06   4.2602539e+01
   4.7867550e+06   4.9621582e+01
   4.7879780e+06   6.8359375e+01
   4.7960430e+06   4.9255371e+01
   4.7976110e+06   4.5837402e+01
   4.8035500e+06   4.6081543e+01
   4.8039590e+06   4.9194336e+01
   4.8054560e+06   4.6203613e+01
   4.8073300e+06   5.8776855e+01
   4.8098760e+06   4.2907715e+01
   4.8105620e+06   4.3579102e+01
   4.8183840e+06   5.3222656e+01
   4.8188030e+06   4.2907715e+01
   4.8218870e+06   5.1330566e+01
   4.8330920e+06   4.4372559e+01
   4.8341690e+06   4.7485352e+01
   4.8399920e+06   5.4260254e+01
   4.8419940e+06   5.3710937e+01
   4.8484590e+06   5.3894043e+01
   4.8489370e+06   5.1940918e+01
   4.8657720e+06   4.7302246e+01
   4.8681320e+06   5.1208496e+01
   4.8683740e+06   4.7119141e+01
   4.8772430e+06   5.7922363e+01
   4.8781760e+06   4.2846680e+01
   4.8797670e+06   4.2419434e+01
   4.8875480e+06   4.7851562e+01
   4.8939410e+06   5.4931641e+01
   4.8945760e+06   5.3344727e+01
   4.8990610e+06   4.6630859e+01
   4.9023830e+06   4.2968750e+01
   4.9167400e+06   5.5969238e+01
   4.9183950e+06   4.4921875e+01
   4.9194440e+06   5.3283691e+01
   4.9281680e+06   5.1940918e+01
   4.9288480e+06   4.3823242e+01
   4.9301640e+06   5.1208496e+01
   4.9311990e+06   4.3334961e+01
   4.9321090e+06   4.6203613e+01
   4.9353880e+06   4.5532227e+01
   4.9364600e+06   4.5532227e+01
   4.9379480e+06   4.4067383e+01
   4.9385450e+06   4.3640137e+01
   4.9467930e+06   4.6447754e+01
   4.9478070e+06   4.8156738e+01
   4.9525350e+06   4.5227051e+01
   4.9542720e+06   4.3579102e+01
   4.9573350e+06   6.0852051e+01
   4.9618610e+06   5.2490234e+01
   4.9662490e+06   5.2551270e+01
   4.9671210e+06   5.6213379e+01
   4.9782230e+06   4.4677734e+01
   4.9858760e+06   4.2480469e+01
   4.9861730e+06   4.6447754e+01
   4.9915750e+06   5.1025391e+01
   4.9931730e+06   4.3151855e+01
   4.9939680e+06   5.4138184e+01
   4.9950440e+06   4.6447754e+01
   4.9978570e+06   4.7424316e+01
   5.0057910e+06   5.1208496e+01
   5.0110600e+06   5.0964355e+01
   5.0120520e+06   4.3273926e+01
   5.0187570e+06   5.5114746e+01
   5.0196110e+06   4.8645020e+01
   5.0211990e+06   4.5898438e+01
   5.0275020e+06   4.4921875e+01
   5.0307440e+06   4.9011230e+01
   5.0351120e+06   4.8278809e+01
   5.0421640e+06   5.3588867e+01
   5.0438860e+06   4.3151855e+01
   5.0445270e+06   4.8950195e+01
   5.0598320e+06   4.8095703e+01
   5.0601670e+06   5.8959961e+01
   5.0626780e+06   5.2429199e+01
   5.0636020e+06   4.7790527e+01
   5.0641390e+06   4.3884277e+01
   5.0707250e+06   4.8645020e+01
   5.0709840e+06   4.2785645e+01
   5.0724870e+06   4.9438477e+01
   5.0799700e+06   4.9438477e+01
   5.0895930e+06   4.9133301e+01
   5.0898670e+06   6.4819336e+01
   5.0914310e+06   4.9804688e+01
   5.0915290e+06   5.2673340e+01
   5.0921170e+06   4.4738770e+01
   5.0930000e+06   5.1940918e+01
   5.1025130e+06   4.2114258e+01
   5.1082770e+06   4.4311523e+01
   5.1136690e+06   4.9438477e+01
   5.1141530e+06   5.7373047e+01
   5.1145710e+06   4.3884277e+01
   5.1214880e+06   4.4433594e+01
   5.1230720e+06   4.7790527e+01
   5.1278950e+06   5.0720215e+01
   5.1294130e+06   4.8950195e+01
   5.1298650e+06   4.6569824e+01
   5.1357090e+06   4.5715332e+01
   5.1366410e+06   5.1452637e+01
   5.1373530e+06   4.4799805e+01
   5.1402180e+06   4.5532227e+01
   5.1439800e+06   5.9020996e+01
   5.1497520e+06   4.9621582e+01
   5.1568850e+06   4.8889160e+01
   5.1589100e+06   4.2968750e+01
   5.1620230e+06   4.4555664e+01
   5.1652170e+06   4.9682617e+01
   5.1654830e+06   4.2968750e+01
   5.1714030e+06   4.7790527e+01
   5.1723810e+06   4.2480469e+01
   5.1734440e+06   4.6875000e+01
   5.1737790e+06   4.3518066e+01
   5.1749310e+06   4.9682617e+01
   5.1857470e+06   4.2968750e+01
   5.1869060e+06   4.6020508e+01
   5.1876400e+06   4.8400879e+01
   5.1920040e+06   5.3039551e+01
   5.1956340e+06   5.1147461e+01
   5.2025420e+06   5.2185059e+01
   5.2037930e+06   4.7058105e+01
   5.2109910e+06   4.4616699e+01
   5.2116500e+06   4.3579102e+01
   5.2137450e+06   5.3710937e+01
   5.2152510e+06   4.7546387e+01
   5.2183600e+06   4.6813965e+01
   5.2255740e+06   4.3334961e+01
   5.2258210e+06   4.4494629e+01
   5.2338370e+06   5.0354004e+01
   5.2359570e+06   4.9316406e+01
   5.2393820e+06   4.8828125e+01
   5.2417710e+06   4.9377441e+01
   5.2459470e+06   4.3273926e+01
   5.2493290e+06   4.4189453e+01
   5.2526540e+06   5.0048828e+01
   5.2529000e+06   5.0720215e+01
   5.2577210e+06   5.3771973e+01
   5.2585270e+06   4.6691895e+01
   5.2630210e+06   4.3945312e+01
   5.2639860e+06   4.6569824e+01
   5.2664970e+06   4.6386719e+01
   5.2710700e+06   5.5969238e+01
   5.2720780e+06   4.5532227e+01
   5.2724470e+06   4.7241211e+01
   5.2778550e+06   4.5288086e+01
   5.2868980e+06   4.4921875e+01
   5.2871000e+06   4.7607422e+01
   5.2912890e+06   4.2907715e+01
   5.2961900e+06   5.4809570e+01
   5.2970060e+06   5.6457520e+01
   5.3055040e+06   4.9316406e+01
   5.3079600e+06   5.1208496e+01
   5.3208340e+06   4.4433594e+01
   5.3245420e+06   6.2866211e+01
   5.3260690e+06   4.8828125e+01
   5.3322320e+06   4.4067383e+01
   5.3331790e+06   4.6752930e+01
   5.3364090e+06   4.6447754e+01
   5.3410220e+06   4.3945312e+01
   5.3417870e+06   4.2175293e+01
   5.3462190e+06   4.4311523e+01
   5.3473250e+06   4.3273926e+01
   5.3540030e+06   6.1096191e+01
   5.3544920e+06   5.0781250e+01
   5.3611070e+06   5.5419922e+01
   5.3622050e+06   4.5654297e+01
   5.3660060e+06   4.3823242e+01
   5.3665060e+06   4.9560547e+01
   5.3669050e+06   4.6081543e+01
   5.3737900e+06   4.6875000e+01
   5.3746010e+06   4.4982910e+01
   5.3766720e+06   4.6447754e+01
   5.3773900e+06   4.3334961e+01
   5.3800330e+06   4.4799805e+01
   5.3856490e+06   4.8950195e+01
   5.3872650e+06   4.4921875e+01
   5.3950060e+06   5.5725098e+01
   5.3986260e+06   4.3701172e+01
   5.3987570e+06   5.0659180e+01
   5.4004700e+06   4.5959473e+01
   5.4103000e+06   5.0476074e+01
   5.4116450e+06   4.4860840e+01
   5.4126600e+06   4.4921875e+01
   5.4128530e+06   4.5593262e+01
   5.4140670e+06   5.2490234e+01
   5.4152890e+06   4.4006348e+01
   5.4231280e+06   5.0415039e+01
   5.4254410e+06   4.6997070e+01
   5.4330000e+06   4.5410156e+01
   5.4348700e+06   5.4931641e+01
   5.4349350e+06   4.7546387e+01
   5.4400970e+06   4.8767090e+01
   5.4467990e+06   5.4138184e+01
   5.4471080e+06   4.8034668e+01
   5.4618460e+06   5.2062988e+01
   5.4645830e+06   5.1635742e+01
   5.4648920e+06   4.2785645e+01
   5.4658670e+06   4.6447754e+01
   5.4675900e+06   4.9499512e+01
   5.4688540e+06   4.2358398e+01
   5.4726430e+06   5.3649902e+01
   5.4809750e+06   5.0109863e+01
   5.4811820e+06   5.1757812e+01
   5.4851860e+06   6.5307617e+01
   5.4890180e+06   4.3457031e+01
   5.4896050e+06   4.4067383e+01
   5.4917140e+06   4.2297363e+01
   5.5041270e+06   4.7119141e+01
   5.5046330e+06   4.2907715e+01
   5.5059420e+06   4.2724609e+01
   5.5125810e+06   4.4189453e+01
   5.5133820e+06   4.5471191e+01
   5.5191820e+06   4.3457031e+01
   5.5248650e+06   4.7729492e+01
   5.5293970e+06   4.3823242e+01
   5.5339730e+06   4.2236328e+01
   5.5424880e+06   5.2062988e+01
   5.5442600e+06   4.6325684e+01
   5.5442700e+06   6.2500000e+01
   5.5453760e+06   5.6579590e+01
   5.5458610e+06   4.3273926e+01
   5.5547370e+06   4.6142578e+01
   5.5594780e+06   5.0964355e+01
   5.5610820e+06   4.3151855e+01
   5.5634510e+06   5.0537109e+01
   5.5641940e+06   4.4250488e+01
   5.5665650e+06   6.2866211e+01
   5.5711260e+06   4.4982910e+01
   5.5786140e+06   5.1269531e+01
   5.5793290e+06   4.9987793e+01
   5.5803580e+06   4.5410156e+01
   5.5844440e+06   5.8776855e+01
   5.5862050e+06   4.3579102e+01
   5.5876660e+06   4.2907715e+01
   5.5879970e+06   4.4616699e+01
   5.5944780e+06   4.9438477e+01
   5.5995680e+06   5.1147461e+01
   5.6000960e+06   4.6813965e+01
   5.6007210e+06   4.6142578e+01
   5.6059910e+06   5.4199219e+01
   5.6067210e+06   4.6020508e+01
   5.6079350e+06   5.4199219e+01
   5.6084900e+06   4.6264648e+01
   5.6090200e+06   4.2785645e+01
   5.6154980e+06   4.2419434e+01
   5.6204590e+06   4.6691895e+01
   5.6210500e+06   4.3273926e+01
   5.6258730e+06   4.2785645e+01
   5.6322640e+06   5.4504395e+01
   5.6342240e+06   4.7607422e+01
   5.6357640e+06   4.4799805e+01
   5.6395130e+06   4.4006348e+01
   5.6540920e+06   5.0964355e+01
   5.6566460e+06   4.4067383e+01
   5.6605750e+06   4.6203613e+01
   5.6641690e+06   4.4799805e+01
   5.6677520e+06   4.2480469e+01
   5.6740110e+06   4.7119141e+01
   5.6842890e+06   4.8828125e+01
   5.6870630e+06   5.8654785e+01
   5.6874710e+06   5.1757812e+01
   5.6970060e+06   4.8950195e+01
   5.6989360e+06   5.3955078e+01
   5.7054960e+06   5.1391602e+01
   5.7080090e+06   5.0659180e+01
   5.7129700e+06   4.2175293e+01
   5.7154830e+06   4.4494629e+01
   5.7214620e+06   5.1696777e+01
   5.7217840e+06   5.6274414e+01
   5.7246990e+06   4.9072266e+01
   5.7297450e+06   4.5288086e+01
   5.7341130e+06   4.5410156e+01
   5.7359230e+06   4.4311523e+01
   5.7448040e+06   4.5593262e+01
   5.7454100e+06   4.9133301e+01
   5.7460890e+06   5.5419922e+01
   5.7465390e+06   4.6386719e+01
   5.7476480e+06   4.9133301e+01
   5.7546410e+06   5.2001953e+01
   5.7669840e+06   4.3090820e+01
   5.7677420e+06   4.3090820e+01
   5.7719900e+06   5.1086426e+01
   5.7755970e+06   4.8095703e+01
   5.7824730e+06   4.2846680e+01
   5.7858820e+06   4.7668457e+01
   5.7892160e+06   4.5837402e+01
   5.7933590e+06   4.2846680e+01
   5.7961830e+06   5.1269531e+01
   5.8006630e+06   5.2368164e+01
   5.8104590e+06   4.6142578e+01
   5.8117430e+06   4.4250488e+01
   5.8119500e+06   5.7922363e+01
   5.8138280e+06   4.9682617e+01
   5.8199260e+06   4.9194336e+01
   5.8218400e+06   4.9621582e+01
   5.8219710e+06   4.4250488e+01
   5.8257760e+06   5.1757812e+01
   5.8272630e+06   4.3151855e+01
   5.8277920e+06   5.2124023e+01
   5.8296440e+06   5.6518555e+01
   5.8306430e+06   4.4799805e+01
   5.8312080e+06   4.4616699e+01
   5.8348550e+06   4.9255371e+01
   5.8396300e+06   4.4921875e+01
   5.8399760e+06   5.1879883e+01
   5.8436510e+06   5.1879883e+01
   5.8449670e+06   5.2673340e+01
   5.8519210e+06   4.9072266e+01
   5.8525940e+06   6.7260742e+01
   5.8541600e+06   4.4677734e+01
   5.8544790e+06   4.6386719e+01
   5.8552570e+06   5.0048828e+01
   5.8608900e+06   4.5349121e+01
   5.8753530e+06   4.9743652e+01
   5.8757590e+06   4.3945312e+01
   5.8761270e+06   4.8828125e+01
   5.8784510e+06   4.3395996e+01
   5.8838610e+06   4.4494629e+01
   5.8858650e+06   5.4382324e+01
   5.8881570e+06   4.8583984e+01
   5.8913890e+06   4.2663574e+01
   5.8944870e+06   4.8645020e+01
   5.8989940e+06   4.3457031e+01
   5.9040600e+06   4.9316406e+01
   5.9078720e+06   5.5480957e+01
   5.9134580e+06   4.2236328e+01
   5.9140800e+06   4.2175293e+01
   5.9150750e+06   4.3151855e+01
   5.9169850e+06   4.7668457e+01
   5.9230720e+06   4.6081543e+01
   5.9334140e+06   4.7119141e+01
   5.9381350e+06   4.4311523e+01
   5.9388290e+06   4.9133301e+01
   5.9408450e+06   4.5715332e+01
   5.9411570e+06   4.6264648e+01
   5.9477320e+06   4.9804688e+01
   5.9548300e+06   5.2368164e+01
   5.9551790e+06   6.4086914e+01
   5.9618340e+06   5.5297852e+01
   5.9641780e+06   5.2429199e+01
   5.9649980e+06   4.9255371e+01
   5.9653630e+06   4.3945312e+01
   5.9713050e+06   4.6997070e+01
   5.9740180e+06   4.4250488e+01
   5.9817480e+06   5.3649902e+01
   5.9865680e+06   4.4250488e+01
   5.9887940e+06   4.6264648e+01
   5.9924060e+06   4.3334961e+01
   5.9957770e+06   6.0302734e+01
   5.9977420e+06   4.5104980e+01
   5.9987820e+06   4.3579102e+01
   5.9994780e+06   4.5593262e+01
   6.0022350e+06   4.3579102e+01
   6.0049210e+06   5.5358887e+01
   6.0068390e+06   4.4677734e+01
   6.0108090e+06   4.6142578e+01
   6.0181730e+06   4.2663574e+01
   6.0235360e+06   5.3833008e+01
   6.0261460e+06   4.5043945e+01
   6.0278970e+06   4.2480469e+01
   6.0297220e+06   4.8767090e+01
   6.0348860e+06   4.3701172e+01
   6.0360300e+06   4.7668457e+01
   6.0376160e+06   4.7424316e+01
   6.0428450e+06   4.5654297e+01
   6.0501460e+06   5.4199219e+01
   6.0509930e+06   4.4250488e+01
   6.0511690e+06   4.3823242e+01
   6.0519170e+06   5.1147461e+01
   6.0618140e+06   4.2724609e+01
   6.0641180e+06   5.3100586e+01
   6.0731530e+06   5.0720215e+01
   6.0746310e+06   5.3527832e+01
   6.0755280e+06   4.4494629e+01
   6.0777130e+06   4.7241211e+01
   6.0780850e+06   4.4799805e+01
   6.0913020e+06   4.2236328e+01
   6.0915080e+06   4.4677734e+01
   6.0936420e+06   5.1574707e+01
   6.0964690e+06   5.2368164e+01
   6.1066540e+06   4.5776367e+01
   6.1106380e+06   4.4067383e+01
   6.1140310e+06   5.2429199e+01
   6.1174210e+06   4.7973633e+01
   6.1255530e+06   4.2480469e+01
   6.1269100e+06   4.2541504e+01
   6.1278210e+06   4.6936035e+01
   6.1300000e+06   4.6081543e+01
   6.1313830e+06   4.3701172e+01
   6.1402440e+06   5.4260254e+01
   6.1436680e+06   4.8950195e+01
   6.1450030e+06   4.7302246e+01
   6.1456060e+06   4.7363281e+01
   6.1490760e+06   4.4311523e+01
   6.1532620e+06   4.7668457e+01
   6.1544740e+06   4.6936035e+01
   6.1548380e+06   4.6386719e+01
   6.1573710e+06   4.4311523e+01
   6.1639380e+06   4.4433594e+01
   6.1686570e+06   4.9926758e+01
   6.1723180e+06   4.6875000e+01
   6.1737910e+06   4.8339844e+01
   6.1779550e+06   5.5419922e+01
   6.1856500e+06   5.5358887e+01
   6.1901510e+06   4.3762207e+01
   6.1911820e+06   4.3090820e+01
   6.2004800e+06   5.0170898e+01
   6.2015500e+06   5.3100586e+01
   6.2052980e+06   5.0720215e+01
   6.2086390e+06   4.4982910e+01
   6.2105690e+06   4.4372559e+01
   6.2113940e+06   4.8278809e+01
   6.2118340e+06   4.4677734e+01
   6.2121310e+06   4.6691895e+01
   6.2240910e+06   6.1584473e+01
   6.2371560e+06   4.5104980e+01
   6.2372430e+06   5.5419922e+01
   6.2384340e+06   5.5786133e+01
   6.2398450e+06   5.0415039e+01
   6.2438280e+06   4.6081543e+01
   6.2444110e+06   4.6752930e+01
   6.2526260e+06   4.8156738e+01
   6.2538430e+06   4.3395996e+01
   6.2558580e+06   4.7485352e+01
   6.2569540e+06   4.5532227e+01
   6.2574080e+06   4.7302246e+01
   6.2642070e+06   5.5236816e+01
   6.2654980e+06   4.4067383e+01
   6.2717020e+06   5.0598145e+01
   6.2723010e+06   4.4860840e+01
   6.2829720e+06   5.1940918e+01
   6.2859800e+06   4.5288086e+01
   6.2918210e+06   4.7119141e+01
   6.2933640e+06   4.9621582e+01
   6.2942130e+06   4.4433594e+01
   6.3067800e+06   5.5297852e+01
   6.3092600e+06   5.2307129e+01
   6.3204500e+06   5.6762695e+01
   6.3248780e+06   4.3273926e+01
   6.3287290e+06   4.5898438e+01
   6.3343370e+06   4.3518066e+01
   6.3381170e+06   6.6528320e+01
   6.3416000e+06   4.7851562e+01
   6.3462800e+06   4.5898438e+01
   6.3543560e+06   4.4921875e+01
   6.3564520e+06   4.4433594e+01
   6.3601040e+06   5.4077148e+01
   6.3619120e+06   5.4809570e+01
   6.3647160e+06   5.1513672e+01
   6.3675670e+06   4.5349121e+01
   6.3693070e+06   4.6630859e+01
   6.3785870e+06   4.6264648e+01
   6.3807520e+06   5.3405762e+01
   6.3879440e+06   4.6691895e+01
   6.3887340e+06   4.7973633e+01
   6.3893540e+06   5.0170898e+01
   6.3899490e+06   5.1696777e+01
   6.3977320e+06   4.3212891e+01
   6.4007670e+06   5.2490234e+01
   6.4098190e+06   4.5410156e+01
   6.4098440e+06   5.3466797e+01
   6.4133640e+06   5.4016113e+01
   6.4166590e+06   4.4921875e+01
   6.4186520e+06   5.1452637e+01
   6.4221410e+06   4.7729492e+01
   6.4254920e+06   4.7058105e+01
   6.4269780e+06   5.6274414e+01
   6.4308180e+06   6.2927246e+01
   6.4334830e+06   5.0048828e+01
   6.4340820e+06   4.6875000e+01
   6.4356780e+06   5.4077148e+01
   6.4413940e+06   4.9011230e+01
   6.4514260e+06   4.8156738e+01
   6.4524560e+06   4.7424316e+01
   6.4530880e+06   4.9621582e+01
   6.4598350e+06   4.6630859e+01
   6.4655500e+06   4.4006348e+01
   6.4733470e+06   5.6091309e+01
   6.4828780e+06   4.7973633e+01
   6.4831870e+06   4.6020508e+01
   6.4839720e+06   4.2297363e+01
   6.4936360e+06   6.0974121e+01
   6.4960490e+06   4.9560547e+01
   6.4975300e+06   5.1757812e+01
   6.5021040e+06   4.4616699e+01
   6.5039630e+06   4.5959473e+01
   6.5051390e+06   4.7424316e+01
   6.5054420e+06   4.6203613e+01
   6.5101610e+06   4.2785645e+01
   6.5165050e+06   4.7180176e+01
   6.5264320e+06   4.4494629e+01
   6.5278470e+06   5.9143066e+01
   6.5292720e+06   4.7363281e+01
   6.5298790e+06   4.7912598e+01
   6.5412710e+06   4.6936035e+01
   6.5449730e+06   5.3100586e+01
   6.5478550e+06   4.3762207e+01
   6.5503360e+06   5.6579590e+01
   6.5523820e+06   4.8950195e+01
   6.5527750e+06   4.2541504e+01
   6.5533110e+06   4.2663574e+01
   6.5592980e+06   4.2297363e+01
   6.5596870e+06   4.7241211e+01
   6.5750010e+06   6.1218262e+01
   6.5771950e+06   4.9621582e+01
   6.5779490e+06   4.7546387e+01
   6.5815230e+06   5.3466797e+01
   6.5862880e+06   4.4311523e+01
   6.5917570e+06   6.6528320e+01
   6.5934870e+06   4.8156738e+01
   6.5986990e+06   5.0170898e+01
   6.6014980e+06   4.4372559e+01
   6.6086530e+06   4.3884277e+01
   6.6091300e+06   4.2236328e+01
   6.6127570e+06   4.7119141e+01
   6.6175990e+06   4.6569824e+01
   6.6247900e+06   4.9133301e+01
   6.6254040e+06   4.7241211e+01
   6.6267470e+06   4.8339844e+01
   6.6389860e+06   4.2785645e+01
   6.6393960e+06   4.4372559e+01
   6.6418280e+06   5.1635742e+01
   6.6461600e+06   5.6457520e+01
   6.6514150e+06   5.3955078e+01
   6.6525460e+06   4.2724609e+01
   6.6605070e+06   4.9194336e+01
   6.6693230e+06   4.7668457e+01
   6.6694350e+06   4.3457031e+01
   6.6724550e+06   4.4128418e+01
   6.6765650e+06   6.1950684e+01
   6.6810550e+06   4.2419434e+01
   6.6862640e+06   4.7668457e+01
   6.6869970e+06   5.1391602e+01
   6.6880420e+06   5.4382324e+01
   6.6996070e+06   4.5410156e+01
   6.7048160e+06   4.6264648e+01
   6.7083910e+06   5.0292969e+01
   6.7147040e+06   5.1879883e+01
   6.7240440e+06   5.1757812e+01
   6.7243730e+06   4.6630859e+01
   6.7246480e+06   4.9987793e+01
   6.7326290e+06   4.5776367e+01
   6.7330550e+06   4.9133301e+01
   6.7411000e+06   4.3823242e+01
   6.7433510e+06   5.0537109e+01
   6.7548830e+06   5.8349609e+01
   6.7562520e+06   4.7241211e+01
   6.7586570e+06   4.4189453e+01
   6.7712540e+06   5.0781250e+01
   6.7721210e+06   5.5480957e+01
   6.7808360e+06   5.2185059e+01
   6.7815230e+06   4.5410156e+01
   6.7867050e+06   4.9011230e+01
   6.7913310e+06   5.6884766e+01
   6.8016460e+06   6.0852051e+01
   6.8039680e+06   4.6997070e+01
   6.8155810e+06   5.2673340e+01
   6.8229450e+06   6.1462402e+01
   6.8336480e+06   5.6091309e+01
   6.8412150e+06   4.6508789e+01
   6.8418810e+06   4.3151855e+01
   6.8428730e+06   4.8156738e+01
   6.8440300e+06   5.4870605e+01
   6.8451980e+06   4.2175293e+01
   6.8521430e+06   4.2175293e+01
   6.8585860e+06   4.9255371e+01
   6.8639320e+06   4.5288086e+01
   6.8642150e+06   4.7363281e+01
   6.8674410e+06   5.9143066e+01
   6.8730940e+06   5.0964355e+01
   6.8766580e+06   4.5410156e+01
   6.8884410e+06   4.7973633e+01
   6.8896820e+06   4.5898438e+01
   6.8901000e+06   4.2358398e+01
   6.8915920e+06   4.5471191e+01
   6.9086510e+06   6.2133789e+01
   6.9089870e+06   4.4921875e+01
   6.9117050e+06   5.1452637e+01
   6.9126250e+06   5.2612305e+01
   6.9153880e+06   5.1086426e+01
   6.9179200e+06   4.4494629e+01
   6.9189110e+06   4.4067383e+01
   6.9267830e+06   4.3212891e+01
   6.9288280e+06   4.8767090e+01
   6.9331850e+06   4.5227051e+01
   6.9384800e+06   6.0729980e+01
   6.9411870e+06   4.3212891e+01
   6.9479540e+06   6.1767578e+01
   6.9497260e+06   4.3823242e+01
   6.9532680e+06   5.1147461e+01
   6.9539950e+06   5.2307129e+01
   6.9605770e+06   4.8156738e+01
   6.9636700e+06   5.6274414e+01
   6.9670340e+06   4.3823242e+01
   6.9679630e+06   4.2114258e+01
   6.9802350e+06   5.0415039e+01
   6.9826600e+06   4.9560547e+01
   6.9919110e+06   4.9987793e+01
   6.9922460e+06   4.2419434e+01
   7.0018230e+06   6.1096191e+01
   7.0097650e+06   4.2358398e+01
   7.0148130e+06   4.3701172e+01
   7.0151220e+06   4.4372559e+01
   7.0181130e+06   4.7058105e+01
   7.0198700e+06   5.6640625e+01
   7.0263930e+06   4.5959473e+01
   7.0281810e+06   4.5166016e+01
   7.0340780e+06   5.2612305e+01
   7.0376340e+06   5.4992676e+01
   7.0401000e+06   5.4931641e+01
   7.0429280e+06   4.6325684e+01
   7.0468140e+06   4.4677734e+01
   7.0497620e+06   4.2175293e+01
   7.0506650e+06   4.5776367e+01
   7.0527500e+06   4.5410156e+01
   7.0626640e+06   4.6569824e+01
   7.0724150e+06   5.0720215e+01
   7.0732720e+06   4.6508789e+01
   7.0795150e+06   4.5410156e+01
   7.0811150e+06   4.8706055e+01
   7.0815450e+06   4.5043945e+01
   7.0856080e+06   4.5166016e+01
   7.0861900e+06   4.2663574e+01
   7.0914010e+06   4.4494629e+01
   7.0963790e+06   4.4433594e+01
   7.1068860e+06   5.6152344e+01
   7.1098430e+06   5.4870605e+01
   7.1164650e+06   4.4982910e+01
   7.1185360e+06   4.9743652e+01
   7.1196470e+06   5.2185059e+01
   7.1305760e+06   5.3771973e+01
   7.1362920e+06   5.6579590e+01
   7.1373360e+06   4.7851563e+01
   7.1476970e+06   4.6875000e+01
   7.1511730e+06   6.1706543e+01
   7.1532780e+06   4.4677734e+01
   7.1541050e+06   4.6752930e+01
   7.1549880e+06   4.4372559e+01
   7.1552810e+06   4.4799805e+01
   7.1723360e+06   4.6875000e+01
   7.1743250e+06   5.0720215e+01
   7.1803620e+06   5.2795410e+01
   7.1815230e+06   4.6936035e+01
   7.1863560e+06   5.4199219e+01
   7.1866360e+06   4.8339844e+01
   7.1893820e+06   4.3029785e+01
   7.1987840e+06   4.8767090e+01
   7.2034270e+06   5.1452637e+01
   7.2049830e+06   4.4067383e+01
   7.2135990e+06   5.0537109e+01
   7.2182830e+06   4.3151855e+01
   7.2256930e+06   4.6752930e+01
   7.2344800e+06   5.3222656e+01
   7.2474040e+06   5.6335449e+01
   7.2501190e+06   4.4677734e+01
   7.2535840e+06   5.6884766e+01
   7.2554120e+06   5.7495117e+01
   7.2675990e+06   4.8095703e+01
   7.2721710e+06   5.6213379e+01
   7.2726330e+06   5.0720215e+01
   7.2753200e+06   4.5288086e+01
   7.2805530e+06   5.1757812e+01
   7.2818930e+06   4.9255371e+01
   7.3071890e+06   5.1086426e+01
   7.3132440e+06   5.8288574e+01
   7.3144990e+06   5.6518555e+01
   7.3199670e+06   4.4433594e+01
   7.3217400e+06   4.2419434e+01
   7.3221050e+06   5.2734375e+01
   7.3289430e+06   4.8217773e+01
   7.3364700e+06   5.4321289e+01
   7.3508750e+06   5.5297852e+01
   7.3559000e+06   4.7241211e+01
   7.3677690e+06   4.6142578e+01
   7.3702490e+06   4.7851562e+01
   7.3724280e+06   5.2307129e+01
   7.3739990e+06   4.9743652e+01
   7.3809650e+06   4.3029785e+01
   7.3884860e+06   5.4931641e+01
   7.3898630e+06   4.3640137e+01
   7.3932160e+06   5.0170898e+01
   7.3984570e+06   4.2846680e+01
   7.3995550e+06   5.5236816e+01
   7.4111370e+06   4.5776367e+01
   7.4114080e+06   4.3762207e+01
   7.4137370e+06   5.2368164e+01
   7.4278860e+06   5.7312012e+01
   7.4337950e+06   5.8959961e+01
   7.4393230e+06   4.4433594e+01
   7.4396920e+06   5.4260254e+01
   7.4589600e+06   4.5104980e+01
   7.4620790e+06   5.6274414e+01
   7.4700560e+06   4.4250488e+01
   7.4723550e+06   5.5725098e+01
   7.4775060e+06   4.8278809e+01
   7.4799880e+06   5.9204102e+01
   7.4808040e+06   5.2612305e+01
   7.4964770e+06   5.7067871e+01
   7.4989290e+06   5.6091309e+01
   7.5123350e+06   4.3334961e+01
   7.5133140e+06   5.8593750e+01
   7.5220640e+06   5.0354004e+01
   7.5249650e+06   4.4616699e+01
   7.5369090e+06   4.4189453e+01
   7.5374720e+06   6.4941406e+01
   7.5412040e+06   4.3945312e+01
   7.5542270e+06   5.2917480e+01
   7.5644090e+06   6.1157227e+01
   7.5653200e+06   4.4189453e+01
   7.5693030e+06   5.0292969e+01
   7.5702090e+06   4.9072266e+01
   7.6064720e+06   4.4067383e+01
   7.6112100e+06   5.7250977e+01
   7.6123610e+06   5.6396484e+01
   7.6346910e+06   5.5053711e+01
   7.6367020e+06   5.0170898e+01
   7.6372820e+06   4.4555664e+01
   7.6397980e+06   4.9133301e+01
   7.6477540e+06   5.2124023e+01
   7.6547370e+06   5.3283691e+01
   7.6764360e+06   5.1574707e+01
   7.6899280e+06   4.3457031e+01
   7.6997620e+06   5.6945801e+01
   7.7026380e+06   5.5847168e+01
   7.7087510e+06   5.2856445e+01
   7.7174940e+06   4.9987793e+01
   7.7179590e+06   4.3395996e+01
   7.7209720e+06   4.8339844e+01
   7.7322730e+06   4.8522949e+01
   7.7344470e+06   5.1208496e+01
   7.7375720e+06   4.3640137e+01
   7.7395040e+06   4.9316406e+01
   7.7520730e+06   4.9987793e+01
   7.7532690e+06   5.3039551e+01
   7.7667470e+06   5.7189941e+01
   7.7755080e+06   5.1574707e+01
   7.7773500e+06   5.8654785e+01
   7.7877320e+06   6.0302734e+01
   7.7912510e+06   5.4992676e+01
   7.7941220e+06   4.6569824e+01
   7.8115710e+06   6.8115234e+01
   7.8139480e+06   5.7312012e+01
   7.8232200e+06   4.8645020e+01
   7.8315760e+06   4.3762207e+01
   7.8397870e+06   5.6884766e+01
   7.8484270e+06   5.0415039e+01
   7.8507740e+06   4.3701172e+01
   7.8591780e+06   4.9926758e+01
   7.8660530e+06   5.3283691e+01
   7.8829090e+06   6.0180664e+01
   7.8863250e+06   4.9499512e+01
   7.8908170e+06   5.8166504e+01
   7.8985800e+06   5.4138184e+01
   7.9021530e+06   4.8400879e+01
   7.9033690e+06   4.9926758e+01
   7.9122460e+06   4.3029785e+01
   7.9185940e+06   5.0170898e+01
   7.9431700e+06   5.6579590e+01
   7.9646650e+06   4.9072266e+01
   7.9647380e+06   5.2246094e+01
   7.9839930e+06   4.8583984e+01
   7.9884960e+06   6.0791016e+01
   7.9921380e+06   5.3588867e+01
   7.9927800e+06   4.3518066e+01
   7.9992040e+06   4.5288086e+01
   8.0117840e+06   5.6274414e+01
   8.0138040e+06   4.3273926e+01
   8.0169740e+06   5.5053711e+01
   8.0286800e+06   5.2185059e+01
   8.0297110e+06   4.3090820e+01
   8.0309130e+06   4.8400879e+01
   8.0361830e+06   6.1584473e+01
   8.0418080e+06   4.5471191e+01
   8.0420750e+06   4.2602539e+01
   8.0453450e+06   5.2246094e+01
   8.0551820e+06   5.3894043e+01
   8.0590040e+06   6.5185547e+01
   8.0646180e+06   5.2551270e+01
   8.0773790e+06   5.2368164e+01
   8.1085990e+06   4.8156738e+01
   8.1108650e+06   6.0546875e+01
   8.1123910e+06   5.5541992e+01
   8.1134990e+06   4.9865723e+01
   8.1196830e+06   4.6203613e+01
   8.1203320e+06   5.1757812e+01
   8.1207480e+06   5.1147461e+01
   8.1273920e+06   4.7485352e+01
   8.1464190e+06   4.5043945e+01
   8.1473500e+06   4.7851562e+01
   8.1532970e+06   5.5053711e+01
   8.1633760e+06   4.6508789e+01
   8.1643580e+06   4.2785645e+01
   8.1645980e+06   4.3640137e+01
   8.1789900e+06   4.3212891e+01
   8.1792830e+06   4.9438477e+01
   8.1796850e+06   4.2907715e+01
   8.1839130e+06   5.4565430e+01
   8.1845340e+06   5.5603027e+01
   8.1870910e+06   5.5725098e+01
   8.1918410e+06   5.8532715e+01
   8.2042950e+06   5.9570313e+01
   8.2054620e+06   4.2785645e+01
   8.2342570e+06   5.7495117e+01
   8.2389900e+06   6.4331055e+01
   8.2421670e+06   5.1879883e+01
   8.2528910e+06   5.1574707e+01
   8.2530990e+06   4.4982910e+01
   8.2547340e+06   5.7067871e+01
   8.2640650e+06   5.5908203e+01
   8.2673780e+06   4.6020508e+01
   8.2737640e+06   5.6152344e+01
   8.2750680e+06   5.6335449e+01
   8.2756220e+06   4.8400879e+01
   8.2766630e+06   4.9865723e+01
   8.2851390e+06   4.4799805e+01
   8.2857190e+06   4.8095703e+01
   8.2887230e+06   6.1218262e+01
   8.3005590e+06   5.4199219e+01
   8.3061080e+06   5.9814453e+01
   8.3258220e+06   5.2978516e+01
   8.3338760e+06   6.9885254e+01
   8.3375780e+06   4.9621582e+01
   8.3509260e+06   4.8828125e+01
   8.3643390e+06   5.5175781e+01
   8.3658210e+06   4.5288086e+01
   8.3749880e+06   4.2419434e+01
   8.3992860e+06   7.5805664e+01
   8.4014590e+06   5.0048828e+01
   8.4180130e+06   4.5349121e+01
   8.4257190e+06   6.0668945e+01
   8.4355970e+06   6.0363770e+01
   8.4379730e+06   4.9621582e+01
   8.4462630e+06   5.4504395e+01
   8.4796600e+06   5.0354004e+01
   8.4963790e+06   4.2724609e+01
   8.5372960e+06   4.2785645e+01
   8.5377340e+06   4.4128418e+01
   8.5519950e+06   5.3466797e+01
   8.5755230e+06   6.2988281e+01
   8.5832970e+06   5.6030273e+01
   8.5856380e+06   5.8044434e+01
   8.6116280e+06   4.6142578e+01
   8.6119360e+06   4.4921875e+01
   8.6240920e+06   6.0607910e+01
   8.6300880e+06   4.3762207e+01
   8.6366800e+06   4.3640137e+01
   8.6444750e+06   5.3588867e+01
   8.6455580e+06   4.8156738e+01
   8.6551600e+06   4.3518066e+01
   8.6682310e+06   4.5471191e+01
   8.6742770e+06   5.1940918e+01
   8.6864820e+06   5.4443359e+01
   8.7064090e+06   5.2246094e+01
   8.7408530e+06   6.0729980e+01
   8.7571920e+06   7.1350098e+01
   8.7605860e+06   5.1269531e+01
   8.7619970e+06   4.8950195e+01
   8.7727750e+06   6.1096191e+01
   8.8057170e+06   4.4372559e+01
   8.8079600e+06   6.4453125e+01
   8.8125660e+06   4.6569824e+01
   8.8188890e+06   5.7617188e+01
   8.8245050e+06   4.8645020e+01
   8.8601350e+06   5.0842285e+01
   8.8603320e+06   4.2236328e+01
   8.8903200e+06   4.3823242e+01
   8.8926250e+06   5.0903320e+01
   8.8988600e+06   4.4555664e+01
   8.9117110e+06   4.6386719e+01
   8.9187590e+06   6.3659668e+01
   8.9422900e+06   4.3640137e+01
   8.9531340e+06   5.0415039e+01
   8.9601730e+06   5.8349609e+01
   8.9942910e+06   5.6152344e+01
