   8.9990000e+06   0.0000000e+00
   7.2779400e+05   3.8574219e+01
   9.3556100e+05   3.9916992e+01
   1.8553300e+06   4.0771484e+01
   2.9517550e+06   3.9367676e+01
   3.0973880e+06   4.0893555e+01
   3.3676110e+06   4.0649414e+01
   3.4175130e+06   3.9306641e+01
   3.6472160e+06   3.9733887e+01
   3.6782940e+06   4.3518066e+01
   3.6912600e+06   3.8513184e+01
   5.7154120e+06   4.0893555e+01
   5.8434740e+06   4.0588379e+01
   8.1084920e+06   3.9062500e+01
   8.2688210e+06   4.1076660e+01
   8.4291840e+06   3.9306641e+01
   8.6569130e+06   3.9611816e+01
   8.7079800e+06   4.0466309e+01
