   8.9990000e+06   0.0000000e+00
   1.5698000e+04   4.6020508e+01
   1.6235000e+04   4.2358398e+01
   3.9883000e+04   4.7302246e+01
   4.1188000e+04   4.2419434e+01
   6.9275000e+04   5.4809570e+01
   9.8763000e+04   4.8339844e+01
   1.3020900e+05   4.3457031e+01
   1.3064900e+05   4.8217773e+01
   1.6216600e+05   4.9682617e+01
   2.0070500e+05   4.4616699e+01
   2.0149200e+05   4.2846680e+01
   2.4141100e+05   4.8339844e+01
   2.4757400e+05   4.2907715e+01
   2.7360200e+05   5.3771973e+01
   2.7450600e+05   4.3334961e+01
   3.1438000e+05   4.3518066e+01
   3.1500600e+05   4.4860840e+01
   3.4438300e+05   5.5908203e+01
   3.5288000e+05   4.5837402e+01
   3.5988700e+05   4.8278809e+01
   3.7486900e+05   4.5104980e+01
   4.0406100e+05   5.1330566e+01
   4.3333500e+05   4.6691895e+01
   4.4804200e+05   5.0476074e+01
   4.4881300e+05   4.3701172e+01
   4.8126500e+05   4.9865723e+01
   4.8217700e+05   4.2175293e+01
   5.1363200e+05   5.3161621e+01
   5.5810600e+05   5.6030273e+01
   5.9823800e+05   4.9560547e+01
   6.2505200e+05   5.7128906e+01
   6.2554800e+05   4.5532227e+01
   6.5828200e+05   4.4799805e+01
   6.5873200e+05   4.7241211e+01
   6.9700100e+05   5.4565430e+01
   7.1354000e+05   5.2490234e+01
   7.1410700e+05   4.8767090e+01
   7.4410200e+05   5.4077148e+01
   7.4469400e+05   5.0781250e+01
   7.4504100e+05   4.4067383e+01
   7.8147000e+05   4.7424316e+01
   7.9923900e+05   5.2917480e+01
   8.0830800e+05   4.3579102e+01
   8.5092700e+05   5.3710938e+01
   8.5185200e+05   5.2062988e+01
   8.9101300e+05   5.1574707e+01
   9.1096300e+05   5.4931641e+01
   9.3512600e+05   4.4433594e+01
   9.4948700e+05   6.7932129e+01
   9.6368800e+05   4.5593262e+01
   9.6443600e+05   4.3945312e+01
   9.7412900e+05   4.2663574e+01
   9.8621600e+05   6.0485840e+01
   9.8675300e+05   4.2480469e+01
   1.0164400e+06   5.2978516e+01
   1.0336100e+06   5.3771973e+01
   1.0341890e+06   4.4555664e+01
   1.0664750e+06   5.2856445e+01
   1.0685830e+06   4.7363281e+01
   1.1119700e+06   4.5959473e+01
   1.1124130e+06   4.4982910e+01
   1.1521410e+06   4.7607422e+01
   1.1527660e+06   4.7729492e+01
   1.1928630e+06   5.2673340e+01
   1.1937900e+06   4.7607422e+01
   1.2264970e+06   5.7739258e+01
   1.2598450e+06   5.1147461e+01
   1.2934120e+06   6.2072754e+01
   1.2940440e+06   5.8837891e+01
   1.3299020e+06   5.3527832e+01
   1.3318470e+06   4.5349121e+01
   1.3588410e+06   4.6569824e+01
   1.3961880e+06   7.4584961e+01
   1.4290050e+06   6.2866211e+01
   1.4468230e+06   6.3415527e+01
   1.4755210e+06   6.0607910e+01
   1.5006240e+06   5.6701660e+01
   1.5015600e+06   4.3518066e+01
   1.5334080e+06   4.7119141e+01
   1.5345640e+06   5.2062988e+01
   1.5668710e+06   5.9204102e+01
   1.5805070e+06   4.7058105e+01
   1.5812340e+06   4.4250488e+01
   1.6116920e+06   5.0109863e+01
   1.6122280e+06   4.2907715e+01
   1.6444430e+06   5.7189941e+01
   1.6680810e+06   6.8969727e+01
   1.6723050e+06   5.4504395e+01
   1.6728880e+06   5.1879883e+01
   1.7258360e+06   5.2001953e+01
   1.7272000e+06   4.5715332e+01
   1.7709920e+06   5.4931641e+01
   1.7827400e+06   5.0476074e+01
   1.7843310e+06   4.7485352e+01
   1.8560810e+06   6.2561035e+01
   1.8756830e+06   5.3588867e+01
   1.8764570e+06   5.4748535e+01
   1.8768110e+06   4.4006348e+01
   1.9001950e+06   5.8776855e+01
   1.9283890e+06   5.1269531e+01
   1.9290410e+06   5.0842285e+01
   1.9294670e+06   4.3334961e+01
   1.9658530e+06   5.5297852e+01
   1.9664060e+06   5.2917480e+01
   1.9943420e+06   5.7617188e+01
   2.0133530e+06   5.2246094e+01
   2.0241400e+06   5.2185059e+01
   2.0498740e+06   4.2114258e+01
   2.1293190e+06   5.3955078e+01
   2.1303660e+06   5.3222656e+01
   2.1888670e+06   5.3649902e+01
   2.2061290e+06   6.6894531e+01
   2.2468800e+06   5.9020996e+01
   2.2651120e+06   4.2724609e+01
   2.2731740e+06   5.0170898e+01
   2.2772060e+06   4.4738770e+01
   2.2845170e+06   6.1157227e+01
   2.3036540e+06   6.2744141e+01
   2.3044370e+06   4.7119141e+01
   2.3257620e+06   5.7128906e+01
   2.3265700e+06   4.4006348e+01
   2.3269990e+06   4.4067383e+01
   2.3635040e+06   4.4799805e+01
   2.3642420e+06   4.5898438e+01
   2.4141130e+06   5.4626465e+01
   2.4151400e+06   4.8889160e+01
   2.4697570e+06   5.6274414e+01
   2.4874070e+06   5.2185059e+01
   2.5646400e+06   6.0485840e+01
   2.6182410e+06   5.6213379e+01
   2.6672370e+06   5.8349609e+01
   2.6677160e+06   4.4738770e+01
   2.7037800e+06   6.8115234e+01
   2.7049390e+06   4.3945313e+01
   2.7060090e+06   4.3457031e+01
   2.7255410e+06   4.4677734e+01
   2.8161330e+06   5.8410645e+01
   2.8875210e+06   5.6701660e+01
   2.8971160e+06   4.2907715e+01
   2.9154920e+06   5.8044434e+01
   2.9799460e+06   5.3222656e+01
   2.9806790e+06   4.5593262e+01
   3.0114870e+06   5.5358887e+01
   3.0414740e+06   5.3039551e+01
   3.0426910e+06   4.9072266e+01
   3.0857820e+06   6.5246582e+01
   3.1036910e+06   6.4880371e+01
   3.1044080e+06   4.6386719e+01
   3.1961550e+06   5.4565430e+01
   3.1968030e+06   6.1279297e+01
   3.1972560e+06   4.4067383e+01
   3.2539740e+06   5.3710937e+01
   3.2545020e+06   5.4870605e+01
   3.2911940e+06   5.2917480e+01
   3.2918000e+06   5.8837891e+01
   3.3216360e+06   4.3945312e+01
   3.3490130e+06   5.4504395e+01
   3.3642730e+06   5.1574707e+01
   3.3820620e+06   5.1147461e+01
   3.3827120e+06   4.2785645e+01
   3.4277390e+06   5.3222656e+01
   3.4288490e+06   5.2246094e+01
   3.4618130e+06   5.5786133e+01
   3.5004920e+06   5.6091309e+01
   3.5340840e+06   5.4260254e+01
   3.5346250e+06   5.4809570e+01
   3.5629150e+06   4.3823242e+01
   3.5635600e+06   4.8950195e+01
   3.5890120e+06   6.1401367e+01
   3.5994750e+06   5.0231934e+01
   3.6002150e+06   4.3457031e+01
   3.6579690e+06   5.7983398e+01
   3.6750510e+06   4.4372559e+01
   3.6761860e+06   4.6752930e+01
   3.7162900e+06   4.6752930e+01
   3.7168300e+06   4.9377441e+01
   3.7575920e+06   5.2368164e+01
   3.7666890e+06   4.4860840e+01
   3.7754890e+06   5.1879883e+01
   3.7766830e+06   4.2297363e+01
   3.7770440e+06   4.2358398e+01
   3.8017400e+06   5.7617188e+01
   3.8146370e+06   4.4189453e+01
   3.8215140e+06   5.5725098e+01
   3.8398700e+06   4.7607422e+01
   3.8404980e+06   5.1635742e+01
   3.8830150e+06   5.4443359e+01
   3.8836300e+06   4.3151855e+01
   3.9140250e+06   5.6823730e+01
   3.9274620e+06   5.4992676e+01
   3.9280870e+06   5.0720215e+01
   3.9283920e+06   4.2602539e+01
   3.9514380e+06   5.8898926e+01
   3.9523500e+06   5.2612305e+01
   3.9691480e+06   5.7739258e+01
   3.9699090e+06   4.7241211e+01
   4.0044280e+06   5.9631348e+01
   4.0151570e+06   5.8349609e+01
   4.0157790e+06   4.7119141e+01
   4.0447330e+06   5.3710937e+01
   4.0552010e+06   5.2001953e+01
   4.0724890e+06   5.0476074e+01
   4.0902940e+06   5.9387207e+01
   4.1067410e+06   4.2968750e+01
   4.1178240e+06   6.4025879e+01
   4.1183720e+06   4.4128418e+01
   4.1546870e+06   5.8776855e+01
   4.1653580e+06   5.3710938e+01
   4.1726700e+06   5.1574707e+01
   4.1730550e+06   4.3579102e+01
   4.2121670e+06   5.5908203e+01
   4.2125480e+06   4.7180176e+01
   4.2425610e+06   5.5175781e+01
   4.2542310e+06   4.7729492e+01
   4.2714700e+06   6.5795898e+01
   4.2718970e+06   5.1330566e+01
   4.3005890e+06   4.4738770e+01
   4.3012340e+06   4.3457031e+01
   4.3233400e+06   4.2968750e+01
   4.3283640e+06   5.3100586e+01
   4.3290590e+06   4.8156738e+01
   4.3294850e+06   4.3945312e+01
   4.3501850e+06   5.4626465e+01
   4.3506570e+06   4.3945312e+01
   4.3510320e+06   4.2358398e+01
   4.3860630e+06   6.2500000e+01
   4.3869750e+06   4.2358398e+01
   4.4212240e+06   5.0903320e+01
   4.4221590e+06   4.9560547e+01
   4.4225740e+06   4.2297363e+01
   4.4583000e+06   5.4199219e+01
   4.4588940e+06   4.9560547e+01
   4.4595630e+06   4.2907715e+01
   4.4820230e+06   4.3395996e+01
   4.5261580e+06   5.9570312e+01
   4.5288160e+06   4.5349121e+01
   4.5549910e+06   5.2734375e+01
   4.5555180e+06   4.2480469e+01
   4.5906980e+06   4.4982910e+01
   4.6155950e+06   4.2236328e+01
   4.6161760e+06   4.6081543e+01
   4.6445340e+06   5.3283691e+01
   4.6451350e+06   4.3884277e+01
   4.6790290e+06   5.3771973e+01
   4.6795800e+06   4.6081543e+01
   4.7137670e+06   5.8715820e+01
   4.7141660e+06   4.3701172e+01
   4.7145210e+06   4.9499512e+01
   4.7391550e+06   5.1086426e+01
   4.7558120e+06   4.4921875e+01
   4.7569670e+06   5.2124023e+01
   4.7745670e+06   5.2490234e+01
   4.7752960e+06   4.2602539e+01
   4.8134250e+06   4.2297363e+01
   4.8151490e+06   5.1940918e+01
   4.8483960e+06   5.5664062e+01
   4.8487960e+06   4.2663574e+01
   4.8829990e+06   4.4189453e+01
   4.9046170e+06   4.7851562e+01
   4.9050140e+06   5.2795410e+01
   4.9400920e+06   4.8522949e+01
   4.9406660e+06   5.4870605e+01
   4.9765410e+06   4.5410156e+01
   4.9771660e+06   5.3283691e+01
   5.0188790e+06   5.5053711e+01
   5.0199210e+06   4.4555664e+01
   5.0306810e+06   5.6518555e+01
   5.0312450e+06   4.4189453e+01
   5.0652100e+06   4.9560547e+01
   5.0658610e+06   4.5043945e+01
   5.0970780e+06   5.2795410e+01
   5.0978870e+06   4.5410156e+01
   5.1158600e+06   5.3283691e+01
   5.1258720e+06   4.7485352e+01
   5.1266940e+06   4.5898438e+01
   5.1574580e+06   4.7546387e+01
   5.1740560e+06   5.6091309e+01
   5.1748930e+06   4.6508789e+01
   5.2116200e+06   4.5104980e+01
   5.2127140e+06   4.7119141e+01
   5.2338120e+06   6.1157227e+01
   5.2475610e+06   4.9804688e+01
   5.2482720e+06   4.8156738e+01
   5.2485750e+06   4.2114258e+01
   5.2762200e+06   4.4677734e+01
   5.2847410e+06   5.2490234e+01
   5.2852220e+06   4.9926758e+01
   5.3133730e+06   4.5471191e+01
   5.3137910e+06   4.5837402e+01
   5.3448840e+06   6.1889648e+01
   5.3453250e+06   4.2175293e+01
   5.3785250e+06   5.5541992e+01
   5.3792940e+06   4.6691895e+01
   5.4183240e+06   6.1523438e+01
   5.4299040e+06   5.4931641e+01
   5.4304930e+06   5.7617188e+01
   5.4307950e+06   4.3395996e+01
   5.4604860e+06   5.1330566e+01
   5.4611900e+06   5.7617187e+01
   5.4889020e+06   5.8898926e+01
   5.4901690e+06   4.4982910e+01
   5.4906440e+06   4.5043945e+01
   5.5243360e+06   6.7993164e+01
   5.5255160e+06   4.2419434e+01
   5.5470550e+06   4.8583984e+01
   5.5854200e+06   5.0903320e+01
   5.5866250e+06   4.9926758e+01
   5.6229080e+06   5.0292969e+01
   5.6347450e+06   4.9682617e+01
   5.6458500e+06   4.5104980e+01
   5.6566730e+06   5.2551270e+01
   5.6877100e+06   4.9072266e+01
   5.7011170e+06   5.5297852e+01
   5.7022390e+06   5.1574707e+01
   5.7309970e+06   5.5725098e+01
   5.7314380e+06   4.9621582e+01
   5.7592550e+06   5.0659180e+01
   5.7719970e+06   4.2541504e+01
   5.7936320e+06   5.5480957e+01
   5.8103870e+06   5.5358887e+01
   5.8108130e+06   5.0292969e+01
   5.8568590e+06   5.1391602e+01
   5.8792030e+06   5.2368164e+01
   5.8863500e+06   7.0129395e+01
   5.8871050e+06   4.5532227e+01
   5.9027310e+06   5.6030273e+01
   5.9043370e+06   4.2480469e+01
   5.9494970e+06   6.0058594e+01
   5.9510280e+06   4.6630859e+01
   5.9513780e+06   4.2541504e+01
   5.9520090e+06   4.2846680e+01
   5.9849940e+06   7.6721191e+01
   5.9986650e+06   5.5358887e+01
   5.9995220e+06   4.3579102e+01
   6.0300290e+06   5.9631348e+01
   6.0307340e+06   4.5043945e+01
   6.0668570e+06   5.9143066e+01
   6.0851180e+06   5.3405762e+01
   6.0856260e+06   4.2785645e+01
   6.1175460e+06   5.9631348e+01
   6.1389080e+06   6.0058594e+01
   6.1405100e+06   5.3955078e+01
   6.1605000e+06   5.9387207e+01
   6.1618010e+06   4.6203613e+01
   6.1789020e+06   5.5053711e+01
   6.1796890e+06   4.5166016e+01
   6.2211060e+06   5.5603027e+01
   6.2304340e+06   5.3100586e+01
   6.2463430e+06   5.3344727e+01
   6.2481320e+06   4.6264648e+01
   6.2654940e+06   6.7810059e+01
   6.2660820e+06   4.3395996e+01
   6.2990750e+06   6.0791016e+01
   6.3266690e+06   5.7556152e+01
   6.3280390e+06   4.3457031e+01
   6.3286920e+06   4.3334961e+01
   6.3567980e+06   4.3029785e+01
   6.3600230e+06   5.9082031e+01
   6.3642120e+06   5.0048828e+01
   6.3904540e+06   5.6335449e+01
   6.4035940e+06   5.2795410e+01
   6.4265730e+06   5.1818848e+01
   6.4272520e+06   5.1696777e+01
   6.4412730e+06   6.0607910e+01
   6.4625920e+06   5.9692383e+01
   6.4630230e+06   5.4687500e+01
   6.4634900e+06   4.5654297e+01
   6.4803160e+06   4.2236328e+01
   6.4948690e+06   5.3039551e+01
   6.4954770e+06   5.4809570e+01
   6.5682440e+06   5.5664062e+01
   6.5936810e+06   5.9265137e+01
   6.5942660e+06   5.4321289e+01
   6.5946150e+06   4.6569824e+01
   6.6359960e+06   6.1523438e+01
   6.6471000e+06   7.1777344e+01
   6.6481850e+06   4.7668457e+01
   6.6486960e+06   4.3884277e+01
   6.6690340e+06   5.4382324e+01
   6.6809110e+06   4.3701172e+01
   6.6895390e+06   4.3579102e+01
   6.7112180e+06   5.1513672e+01
   6.7118110e+06   4.4555664e+01
   6.7122320e+06   4.6997070e+01
   6.7490300e+06   4.7729492e+01
   6.7782260e+06   5.5175781e+01
   6.7792060e+06   5.2368164e+01
   6.8043900e+06   6.3781738e+01
   6.8305930e+06   5.9387207e+01
   6.8314080e+06   5.2062988e+01
   6.8650870e+06   6.1523438e+01
   6.8666150e+06   5.2734375e+01
   6.8840420e+06   6.1828613e+01
   6.8851290e+06   4.4006348e+01
   6.8861140e+06   4.3395996e+01
   6.8987620e+06   4.8156738e+01
   6.9248430e+06   6.6711426e+01
   6.9788650e+06   6.3232422e+01
   6.9797300e+06   4.7302246e+01
   6.9989610e+06   5.1086426e+01
   6.9998910e+06   4.4372559e+01
   7.0002780e+06   4.2602539e+01
   7.0302490e+06   5.5114746e+01
   7.0311110e+06   6.2255859e+01
   7.0842630e+06   5.0598145e+01
   7.0848410e+06   4.9194336e+01
   7.0856370e+06   4.2541504e+01
   7.3053370e+06   5.9570312e+01
   7.3924020e+06   5.8471680e+01
   7.4268740e+06   6.4392090e+01
   7.4811840e+06   6.0058594e+01
   7.5011190e+06   6.9702148e+01
   7.5376370e+06   5.8166504e+01
   7.5387630e+06   5.4077148e+01
   7.5393150e+06   5.2917480e+01
   7.5727040e+06   5.3405762e+01
   7.6033250e+06   7.2509766e+01
   7.6039340e+06   5.3039551e+01
   7.6045910e+06   4.5715332e+01
   7.6048750e+06   4.4799805e+01
   7.6451790e+06   5.4199219e+01
   7.6652070e+06   5.5541992e+01
   7.6661990e+06   4.9499512e+01
   7.6666190e+06   4.3579102e+01
   7.8056450e+06   5.4138184e+01
   7.8837930e+06   6.4025879e+01
   7.9106960e+06   5.8410645e+01
   7.9676740e+06   6.4941406e+01
   7.9960180e+06   5.6030273e+01
   8.0268910e+06   6.2805176e+01
   8.0701250e+06   7.1777344e+01
   8.1110790e+06   5.2551270e+01
   8.1667910e+06   6.4453125e+01
   8.1784770e+06   6.6406250e+01
   8.2265910e+06   5.4016113e+01
   8.2372440e+06   5.9814453e+01
   8.2384540e+06   4.6203613e+01
   8.2388480e+06   4.3273926e+01
   8.3103200e+06   5.9143066e+01
   8.3740550e+06   5.8044434e+01
   8.3749700e+06   4.2358398e+01
   8.3752670e+06   4.5593262e+01
   8.4767010e+06   5.2185059e+01
   8.4941780e+06   5.3710938e+01
   8.5337230e+06   4.2846680e+01
   8.5341470e+06   4.4311523e+01
   8.6118990e+06   5.4931641e+01
   8.6405160e+06   4.9255371e+01
   8.6859490e+06   6.1218262e+01
   8.7039030e+06   6.5185547e+01
   8.7371950e+06   5.2368164e+01
   8.7378120e+06   5.7067871e+01
   8.7776340e+06   6.9091797e+01
   8.7783700e+06   5.1452637e+01
   8.7982390e+06   5.7434082e+01
   8.8267080e+06   5.3649902e+01
   8.8493200e+06   5.9387207e+01
   8.8498050e+06   6.3415527e+01
   8.8501200e+06   4.5471191e+01
   8.9301030e+06   6.5734863e+01
   8.9456150e+06   5.5725098e+01
