   8.9990000e+06   0.0000000e+00
   6.6151000e+04   3.6804199e+01
   6.8305000e+04   3.4484863e+01
   2.2672500e+05   3.5949707e+01
   9.8282400e+05   3.6743164e+01
   2.0492820e+06   3.4790039e+01
   2.6165090e+06   3.7048340e+01
   2.8813090e+06   3.4545898e+01
   3.2976080e+06   3.4423828e+01
   3.5544390e+06   3.4484863e+01
   3.5650510e+06   3.5217285e+01
   4.0648650e+06   3.6254883e+01
   5.4939280e+06   3.4790039e+01
   5.5867430e+06   3.7597656e+01
   5.6516520e+06   3.5156250e+01
   5.8676100e+06   4.0771484e+01
   6.0250980e+06   3.6071777e+01
   6.5147460e+06   3.4667969e+01
   7.4579310e+06   3.5278320e+01
   8.9004110e+06   3.7048340e+01
