   8.9990000e+06   0.0000000e+00
   9.5330000e+03   3.9672852e+01
   2.8964000e+04   3.9062500e+01
   5.5653000e+04   4.2358398e+01
   6.2696000e+04   4.2053223e+01
   8.6297000e+04   4.2480469e+01
   1.0630100e+05   4.7790527e+01
   1.1577400e+05   4.1625977e+01
   1.1614600e+05   4.3884277e+01
   1.3975600e+05   3.7780762e+01
   1.4180700e+05   3.9306641e+01
   1.6673300e+05   3.7536621e+01
   1.8388500e+05   3.7597656e+01
   2.0563500e+05   4.3029785e+01
   2.1600600e+05   4.1625977e+01
   2.3637700e+05   3.9184570e+01
   2.4013100e+05   3.7963867e+01
   2.4050700e+05   3.7719727e+01
   2.6101800e+05   3.9123535e+01
   2.8413300e+05   4.0405273e+01
   2.8457300e+05   4.1687012e+01
   3.1159000e+05   4.6813965e+01
   3.1199400e+05   3.8208008e+01
   3.3223500e+05   3.9611816e+01
   3.5437700e+05   4.2480469e+01
   3.5560200e+05   3.9184570e+01
   3.7832600e+05   4.5166016e+01
   4.0685900e+05   4.0771484e+01
   4.2692400e+05   3.7475586e+01
   4.3133400e+05   4.0344238e+01
   4.3160400e+05   3.9733887e+01
   4.5037600e+05   3.9611816e+01
   4.6152300e+05   4.0283203e+01
   4.7163700e+05   4.2114258e+01
   4.9484800e+05   4.5043945e+01
   5.1549900e+05   4.7302246e+01
   5.3230100e+05   4.6081543e+01
   5.6173500e+05   4.5166016e+01
   5.6224200e+05   4.0039062e+01
   5.7122500e+05   4.2968750e+01
   5.7157500e+05   3.9001465e+01
   5.9145600e+05   4.0954590e+01
   6.0617400e+05   4.0588379e+01
   6.0657500e+05   3.7414551e+01
   6.3551500e+05   3.8208008e+01
   6.4469600e+05   3.7231445e+01
   6.5719100e+05   4.2480469e+01
   6.6867300e+05   3.8574219e+01
   6.6921600e+05   3.9001465e+01
   6.8789000e+05   4.1992188e+01
   6.9599300e+05   3.7597656e+01
   7.0348500e+05   4.1381836e+01
   7.1735100e+05   4.1259766e+01
   7.2291400e+05   5.1574707e+01
   7.2347600e+05   3.7231445e+01
   7.4647000e+05   4.8156738e+01
   7.5585000e+05   3.9245605e+01
   7.6358100e+05   4.7241211e+01
   7.7023000e+05   4.6691895e+01
   7.8120200e+05   5.0598145e+01
   7.8187800e+05   4.2541504e+01
   8.0352700e+05   3.7353516e+01
   8.1398400e+05   3.7231445e+01
   8.3486900e+05   4.2236328e+01
   8.6941200e+05   4.6630859e+01
   8.8582300e+05   4.2236328e+01
   8.9600000e+05   3.7414551e+01
   9.1367200e+05   4.0954590e+01
   9.2034500e+05   3.9428711e+01
   9.4362000e+05   4.8767090e+01
   9.5217400e+05   4.4738770e+01
   9.5300800e+05   3.9245605e+01
   1.0067780e+06   3.8391113e+01
   1.0232460e+06   4.2907715e+01
   1.0549410e+06   4.7424316e+01
   1.0692550e+06   4.3151855e+01
   1.0695000e+06   4.3762207e+01
   1.0992020e+06   4.6997070e+01
   1.1345660e+06   4.0893555e+01
   1.1567810e+06   5.1513672e+01
   1.1712280e+06   4.2053223e+01
   1.1764650e+06   4.8767090e+01
   1.1991160e+06   5.1818848e+01
   1.2171400e+06   4.7424316e+01
   1.2431640e+06   4.3212891e+01
   1.2988330e+06   5.0537109e+01
   1.3239040e+06   4.5043945e+01
   1.3450770e+06   4.5532227e+01
   1.3553880e+06   4.1259766e+01
   1.3648160e+06   3.8208008e+01
   1.3734650e+06   4.2297363e+01
   1.3802130e+06   4.4677734e+01
   1.3917250e+06   3.9733887e+01
   1.3977770e+06   3.7109375e+01
   1.4044630e+06   4.6936035e+01
   1.4130070e+06   4.4189453e+01
   1.4134390e+06   5.3955078e+01
   1.4377580e+06   3.7109375e+01
   1.4695540e+06   4.0649414e+01
   1.4793720e+06   4.0161133e+01
   1.5002630e+06   3.8208008e+01
   1.5093920e+06   4.4982910e+01
   1.5295120e+06   4.5776367e+01
   1.5443240e+06   4.3701172e+01
   1.5452150e+06   3.8818359e+01
   1.5551820e+06   4.5959473e+01
   1.5656970e+06   4.4128418e+01
   1.5770440e+06   4.8583984e+01
   1.5900490e+06   3.8208008e+01
   1.6369720e+06   3.9367676e+01
   1.6529270e+06   4.4433594e+01
   1.6659210e+06   4.2419434e+01
   1.6663310e+06   4.6752930e+01
   1.7066140e+06   4.3395996e+01
   1.7265270e+06   3.9733887e+01
   1.7367380e+06   5.2673340e+01
   1.7505640e+06   4.3212891e+01
   1.7699980e+06   4.3395996e+01
   1.7705230e+06   4.9621582e+01
   1.8105790e+06   4.0222168e+01
   1.8443300e+06   4.4677734e+01
   1.8929380e+06   4.1809082e+01
   1.8932970e+06   3.7536621e+01
   1.9028490e+06   4.7302246e+01
   1.9031990e+06   4.4616699e+01
   1.9241800e+06   3.9978027e+01
   1.9455720e+06   4.5349121e+01
   1.9634070e+06   3.9916992e+01
   2.0091540e+06   4.8034668e+01
   2.0182730e+06   4.5043945e+01
   2.0263500e+06   4.6081543e+01
   2.0377400e+06   4.9133301e+01
   2.0711880e+06   4.1503906e+01
   2.1148030e+06   4.4677734e+01
   2.1157720e+06   4.5166016e+01
   2.1686070e+06   3.9306641e+01
   2.2166500e+06   5.2490234e+01
   2.2615510e+06   3.9001465e+01
   2.2708230e+06   4.1015625e+01
   2.2738350e+06   3.7719727e+01
   2.3289800e+06   4.6630859e+01
   2.3504280e+06   3.7658691e+01
   2.3715910e+06   4.4433594e+01
   2.3889480e+06   4.9194336e+01
   2.4045040e+06   3.8208008e+01
   2.4420860e+06   4.4433594e+01
   2.4426190e+06   4.3518066e+01
   2.4682470e+06   4.5715332e+01
   2.5288250e+06   4.8278809e+01
   2.5295500e+06   4.0283203e+01
   2.5500880e+06   3.8330078e+01
   2.6708330e+06   5.0598145e+01
   2.7116260e+06   4.5532227e+01
   2.7331930e+06   4.0588379e+01
   2.7488180e+06   3.9794922e+01
   2.7639180e+06   4.9987793e+01
   2.8225060e+06   4.5532227e+01
   2.8426490e+06   4.3518066e+01
   2.8551560e+06   4.4860840e+01
   2.8832060e+06   4.0954590e+01
   2.9384380e+06   4.6936035e+01
   2.9657130e+06   4.1503906e+01
   2.9882330e+06   4.8156738e+01
   3.0152730e+06   4.7668457e+01
   3.0864020e+06   4.7973633e+01
   3.1209060e+06   4.6997070e+01
   3.1479490e+06   4.6020508e+01
   3.1653340e+06   3.7170410e+01
   3.1829840e+06   4.3823242e+01
   3.1938310e+06   4.4921875e+01
   3.2004390e+06   3.9733887e+01
   3.2563610e+06   5.6152344e+01
   3.2727560e+06   4.2053223e+01
   3.2732080e+06   4.1198730e+01
   3.3251160e+06   4.4738770e+01
   3.3912160e+06   3.7353516e+01
   3.4729580e+06   3.9672852e+01
   3.4904930e+06   4.2663574e+01
   3.5318680e+06   3.9611816e+01
   3.6200820e+06   5.2062988e+01
   3.7209460e+06   4.5471191e+01
   3.7557000e+06   4.3579102e+01
   3.8063680e+06   4.8583984e+01
   3.8340140e+06   4.8461914e+01
   3.9002300e+06   4.0222168e+01
   3.9624290e+06   4.3212891e+01
   4.0304830e+06   4.3334961e+01
   4.0579020e+06   4.5898438e+01
   4.0884270e+06   4.2968750e+01
   4.1016840e+06   3.9978027e+01
   4.1257300e+06   4.4677734e+01
   4.1523870e+06   4.1320801e+01
   4.1875940e+06   5.2612305e+01
   4.2371700e+06   5.3405762e+01
   4.2469960e+06   4.1381836e+01
   4.2473660e+06   4.3762207e+01
   4.3094780e+06   4.8583984e+01
   4.3663450e+06   4.6386719e+01
   4.3673970e+06   4.6936035e+01
   4.4007610e+06   4.8339844e+01
   4.4013470e+06   4.6081543e+01
   4.4368970e+06   4.3640137e+01
   4.4497270e+06   4.9926758e+01
   4.4500640e+06   4.2541504e+01
   4.4794470e+06   4.3823242e+01
   4.5007100e+06   4.6020508e+01
   4.5013650e+06   4.1992188e+01
   4.5662380e+06   3.8757324e+01
   4.5967500e+06   4.3273926e+01
   4.6215920e+06   3.8024902e+01
   4.6369180e+06   4.6875000e+01
   4.6374530e+06   4.5104980e+01
   4.6668880e+06   4.3395996e+01
   4.6874080e+06   4.1076660e+01
   4.6937670e+06   4.3457031e+01
   4.7041740e+06   4.3395996e+01
   4.7292570e+06   4.0710449e+01
   4.7420200e+06   4.1870117e+01
   4.7626740e+06   4.5837402e+01
   4.7770120e+06   4.7424316e+01
   4.8147260e+06   4.5776367e+01
   4.8327290e+06   4.1015625e+01
   4.8335230e+06   3.7292480e+01
   4.8439300e+06   4.5654297e+01
   4.8569230e+06   4.1259766e+01
   4.8724320e+06   5.9570312e+01
   4.8895150e+06   4.3518066e+01
   4.8897700e+06   3.7597656e+01
   4.9219820e+06   5.2917480e+01
   4.9531470e+06   5.1818848e+01
   4.9630550e+06   4.0771484e+01
   4.9803470e+06   4.2053223e+01
   4.9807510e+06   3.8085938e+01
   5.0116650e+06   4.4128418e+01
   5.0229270e+06   4.1687012e+01
   5.0233190e+06   3.9306641e+01
   5.0474170e+06   4.9560547e+01
   5.0480870e+06   4.2602539e+01
   5.1036750e+06   5.0903320e+01
   5.1281260e+06   4.1320801e+01
   5.1379770e+06   4.1687012e+01
   5.1383970e+06   4.1931152e+01
   5.1880520e+06   5.5541992e+01
   5.1976960e+06   4.5715332e+01
   5.2032850e+06   3.9489746e+01
   5.2035840e+06   4.2602539e+01
   5.2039270e+06   4.2419434e+01
   5.2335720e+06   4.5532227e+01
   5.2453170e+06   5.0842285e+01
   5.2721790e+06   5.0231934e+01
   5.2871130e+06   4.2724609e+01
   5.2875920e+06   4.0527344e+01
   5.3250900e+06   4.3823242e+01
   5.3364630e+06   4.8645020e+01
   5.3367130e+06   3.9550781e+01
   5.3614200e+06   4.0405273e+01
   5.3883990e+06   4.1625977e+01
   5.4095330e+06   4.6630859e+01
   5.4263820e+06   4.2541504e+01
   5.4266330e+06   3.8146973e+01
   5.4270460e+06   3.8574219e+01
   5.4469400e+06   4.4555664e+01
   5.4782630e+06   4.3151855e+01
   5.4977190e+06   4.3701172e+01
   5.5163640e+06   4.0832520e+01
   5.5301570e+06   3.9611816e+01
   5.5305570e+06   4.2602539e+01
   5.5559670e+06   4.8522949e+01
   5.5649240e+06   4.9072266e+01
   5.5766160e+06   3.7536621e+01
   5.5906850e+06   4.0161133e+01
   5.5908950e+06   4.1809082e+01
   5.6278060e+06   3.9978027e+01
   5.6398890e+06   4.2541504e+01
   5.6667240e+06   4.1625977e+01
   5.6887110e+06   4.2663574e+01
   5.7238230e+06   4.4982910e+01
   5.7483030e+06   5.7678223e+01
   5.7566070e+06   4.2541504e+01
   5.7569390e+06   3.8818359e+01
   5.7887990e+06   4.3212891e+01
   5.7991100e+06   4.8278809e+01
   5.8177670e+06   4.4433594e+01
   5.8185750e+06   3.9184570e+01
   5.8272570e+06   4.1198730e+01
   5.8418770e+06   4.9804688e+01
   5.8703800e+06   4.3518066e+01
   5.9032990e+06   4.9072266e+01
   5.9171270e+06   4.3518066e+01
   5.9319250e+06   4.3945312e+01
   5.9408670e+06   4.2785645e+01
   5.9413400e+06   4.2480469e+01
   5.9417400e+06   4.0222168e+01
   5.9690900e+06   4.7668457e+01
   5.9693760e+06   4.8278809e+01
   6.0020700e+06   4.3884277e+01
   6.0230740e+06   4.0771484e+01
   6.0441160e+06   4.0161133e+01
   6.0760420e+06   5.0170898e+01
   6.0964200e+06   3.8513184e+01
   6.0967980e+06   4.2175293e+01
   6.1219880e+06   4.7302246e+01
   6.1225800e+06   4.0466309e+01
   6.1507210e+06   4.6813965e+01
   6.1551290e+06   4.3029785e+01
   6.1686480e+06   4.8950195e+01
   6.1943060e+06   5.1696777e+01
   6.2082090e+06   3.7658691e+01
   6.2133520e+06   4.2358398e+01
   6.2136710e+06   3.8452148e+01
   6.2414380e+06   4.4250488e+01
   6.2420740e+06   4.6386719e+01
   6.2777620e+06   4.5288086e+01
   6.2975420e+06   4.0832520e+01
   6.3150260e+06   4.6325684e+01
   6.3228680e+06   3.8452148e+01
   6.3517900e+06   4.5593262e+01
   6.3703020e+06   4.3212891e+01
   6.3705940e+06   3.9978027e+01
   6.3872090e+06   4.7851562e+01
   6.4146460e+06   3.9306641e+01
   6.4224270e+06   3.9428711e+01
   6.4226810e+06   3.9062500e+01
   6.4306640e+06   4.2846680e+01
   6.4587000e+06   5.1025391e+01
   6.4590040e+06   3.7475586e+01
   6.4799750e+06   4.4616699e+01
   6.4804970e+06   3.9489746e+01
   6.5251900e+06   4.1381836e+01
   6.5257340e+06   4.4677734e+01
   6.5568460e+06   3.7597656e+01
   6.5573170e+06   4.3090820e+01
   6.5973730e+06   4.5532227e+01
   6.5978890e+06   3.8085938e+01
   6.6294550e+06   3.8757324e+01
   6.6404300e+06   5.1025391e+01
   6.6482610e+06   4.3762207e+01
   6.6536560e+06   4.5776367e+01
   6.6663760e+06   4.5593262e+01
   6.6761930e+06   4.2663574e+01
   6.7131050e+06   4.2724609e+01
   6.7135190e+06   3.7536621e+01
   6.7376750e+06   4.8217773e+01
   6.7482140e+06   4.3640137e+01
   6.7615120e+06   4.7058105e+01
   6.7617170e+06   4.2114258e+01
   6.7932060e+06   5.1025391e+01
   6.8179930e+06   4.2297363e+01
   6.8185560e+06   4.0039062e+01
   6.8525580e+06   4.9438477e+01
   6.8528660e+06   3.9916992e+01
   6.9029590e+06   4.2297363e+01
   6.9034390e+06   4.5654297e+01
   6.9038040e+06   4.2419434e+01
   6.9368240e+06   4.3457031e+01
   6.9627240e+06   4.4433594e+01
   6.9832690e+06   4.2114258e+01
   6.9980090e+06   3.9367676e+01
   7.0121140e+06   3.8574219e+01
   7.0277050e+06   3.7597656e+01
   7.0363540e+06   4.4311523e+01
   7.0462960e+06   4.2358398e+01
   7.0466350e+06   3.8208008e+01
   7.0651720e+06   4.3212891e+01
   7.0654500e+06   4.1564941e+01
   7.0657110e+06   3.8330078e+01
   7.0903530e+06   3.9489746e+01
   7.1071540e+06   5.4992676e+01
   7.1196210e+06   4.2297363e+01
   7.1198900e+06   3.9733887e+01
   7.1586280e+06   4.9804688e+01
   7.1741810e+06   4.1381836e+01
   7.1746300e+06   4.0771484e+01
   7.1751200e+06   3.7597656e+01
   7.1913940e+06   3.9733887e+01
   7.1917710e+06   3.9611816e+01
   7.2261640e+06   3.8940430e+01
   7.2266200e+06   3.9306641e+01
   7.2603250e+06   3.8940430e+01
   7.2607030e+06   4.7119141e+01
   7.2906510e+06   4.9865723e+01
   7.3025270e+06   4.4799805e+01
   7.3086330e+06   4.3029785e+01
   7.3091260e+06   3.7597656e+01
   7.3590880e+06   4.5715332e+01
   7.3697880e+06   4.8583984e+01
   7.4173050e+06   4.1137695e+01
   7.4178920e+06   3.7231445e+01
   7.4452050e+06   4.1015625e+01
   7.4669650e+06   4.2846680e+01
   7.4751760e+06   3.8757324e+01
   7.4754220e+06   3.9367676e+01
   7.5207530e+06   3.7902832e+01
   7.5380700e+06   4.7912598e+01
   7.5391600e+06   3.8818359e+01
   7.5687790e+06   5.0598145e+01
   7.5832660e+06   4.4799805e+01
   7.5974620e+06   4.0100098e+01
   7.5977180e+06   3.8146973e+01
   7.6682890e+06   5.0048828e+01
   7.6773090e+06   3.7170410e+01
   7.7137710e+06   4.1503906e+01
   7.7404710e+06   3.7841797e+01
   7.7408960e+06   4.2846680e+01
   7.7648290e+06   4.8645020e+01
   7.7788080e+06   4.4982910e+01
   7.7949900e+06   4.5593262e+01
   7.8219480e+06   3.7658691e+01
   7.8226730e+06   4.0344238e+01
   7.8525760e+06   4.0771484e+01
   7.8682570e+06   4.6691895e+01
   7.8818240e+06   4.1015625e+01
   7.8987940e+06   5.2917480e+01
   7.9193700e+06   3.9001465e+01
   7.9401440e+06   4.4494629e+01
   7.9404490e+06   4.3457031e+01
   7.9764860e+06   4.0588379e+01
   7.9945060e+06   4.8034668e+01
   8.0090410e+06   5.9082031e+01
   8.0167820e+06   4.4616699e+01
   8.0371740e+06   3.9611816e+01
   8.0563750e+06   4.7607422e+01
   8.0662540e+06   4.9011230e+01
   8.0666600e+06   4.2724609e+01
   8.0953970e+06   3.7536621e+01
   8.0956830e+06   3.7292480e+01
   8.1316790e+06   4.6936035e+01
   8.1450220e+06   4.4616699e+01
   8.1671180e+06   4.3640137e+01
   8.1673880e+06   4.0832520e+01
   8.1862140e+06   4.5471191e+01
   8.2215390e+06   4.1625977e+01
   8.2220200e+06   3.7902832e+01
   8.2222510e+06   3.7231445e+01
   8.2672900e+06   4.0222168e+01
   8.2954930e+06   4.2114258e+01
   8.3141800e+06   4.1564941e+01
   8.3146790e+06   3.7353516e+01
   8.3308490e+06   4.0954590e+01
   8.3311110e+06   4.0832520e+01
   8.3596260e+06   4.8034668e+01
   8.3765390e+06   4.9682617e+01
   8.3811150e+06   4.5715332e+01
   8.3996130e+06   5.6152344e+01
   8.4000930e+06   4.2236328e+01
   8.4514260e+06   4.2785645e+01
   8.4978850e+06   4.3334961e+01
   8.5226410e+06   5.3161621e+01
   8.5377570e+06   5.2124023e+01
   8.5381740e+06   4.7424316e+01
   8.5556270e+06   3.9062500e+01
   8.5764810e+06   4.2785645e+01
   8.5858150e+06   4.7119141e+01
   8.5861040e+06   3.7414551e+01
   8.6064970e+06   4.7485352e+01
   8.6436960e+06   4.1564941e+01
   8.6771800e+06   5.2673340e+01
   8.7165880e+06   4.5532227e+01
   8.7169000e+06   4.0588379e+01
   8.7486770e+06   4.1503906e+01
   8.7776360e+06   4.2785645e+01
   8.7786920e+06   3.8269043e+01
   8.8086280e+06   4.8522949e+01
   8.8091720e+06   4.2053223e+01
   8.8095290e+06   3.8757324e+01
   8.8437520e+06   4.0588379e+01
   8.8439670e+06   3.8757324e+01
   8.8729430e+06   4.5349121e+01
   8.8736750e+06   4.1503906e+01
   8.9101200e+06   4.4494629e+01
   8.9510450e+06   3.8085938e+01
   8.9942890e+06   4.1625977e+01
