   8.9990000e+06   0.0000000e+00
   5.1946000e+04   4.0405273e+01
   5.2936000e+04   4.2846680e+01
   8.3939000e+04   3.9611816e+01
   1.1175900e+05   4.1320801e+01
   2.5846700e+05   4.3823242e+01
   3.6628100e+05   3.9733887e+01
   4.3129200e+05   4.0466309e+01
   4.3363800e+05   4.3273926e+01
   4.5896700e+05   4.4128418e+01
   4.9509500e+05   4.1198730e+01
   5.4018500e+05   3.9916992e+01
   5.7146900e+05   3.9794922e+01
   5.8606800e+05   4.2297363e+01
   6.2206100e+05   4.3029785e+01
   6.8593100e+05   3.9733887e+01
   7.6131400e+05   4.0100098e+01
   7.7999700e+05   4.4982910e+01
   8.0373600e+05   4.1992188e+01
   8.0923000e+05   3.9672852e+01
   8.1498400e+05   3.9794922e+01
   8.4953600e+05   4.3395996e+01
   8.7081000e+05   4.2785645e+01
   9.0308000e+05   4.0771484e+01
   1.0061690e+06   4.4677734e+01
   1.0121520e+06   4.1809082e+01
   1.1084200e+06   4.6020508e+01
   1.1159610e+06   4.3640137e+01
   1.1166320e+06   4.0344238e+01
   1.1475780e+06   4.0222168e+01
   1.2197020e+06   4.0832520e+01
   1.2556100e+06   4.0283203e+01
   1.2637920e+06   4.0466309e+01
   1.3262750e+06   4.4250488e+01
   1.3426060e+06   4.2480469e+01
   1.3876710e+06   4.4799805e+01
   1.3970520e+06   4.1381836e+01
   1.6039200e+06   5.6518555e+01
   1.6521960e+06   4.1381836e+01
   1.6889990e+06   3.9611816e+01
   1.7330230e+06   4.2236328e+01
   1.7503400e+06   4.0527344e+01
   1.7703960e+06   4.2114258e+01
   1.8088670e+06   4.2480469e+01
   1.8479390e+06   4.0466309e+01
   1.8640430e+06   4.3518066e+01
   1.8718950e+06   4.1931152e+01
   1.9389590e+06   3.9733887e+01
   1.9584040e+06   4.0710449e+01
   1.9681700e+06   3.9855957e+01
   1.9760440e+06   4.0222168e+01
   2.0397800e+06   3.9672852e+01
   2.0481470e+06   3.9611816e+01
   2.1010890e+06   4.3212891e+01
   2.1063070e+06   4.2663574e+01
   2.1216950e+06   4.5837402e+01
   2.1527270e+06   4.0222168e+01
   2.1634470e+06   4.4677734e+01
   2.2034250e+06   4.4677734e+01
   2.2346160e+06   4.0039063e+01
   2.2556800e+06   4.1809082e+01
   2.2744970e+06   4.6325684e+01
   2.2838960e+06   3.9672852e+01
   2.3174640e+06   4.3029785e+01
   2.3258810e+06   4.5349121e+01
   2.3691270e+06   4.1442871e+01
   2.3755200e+06   4.0893555e+01
   2.3888840e+06   4.1076660e+01
   2.4115180e+06   3.9733887e+01
   2.4428560e+06   3.9611816e+01
   2.4559370e+06   4.2175293e+01
   2.4702880e+06   4.1076660e+01
   2.5082700e+06   3.9611816e+01
   2.6000590e+06   4.6936035e+01
   2.6138020e+06   4.0954590e+01
   2.6402770e+06   4.0466309e+01
   2.6642470e+06   4.4433594e+01
   2.6729640e+06   4.1320801e+01
   2.7110530e+06   4.2419434e+01
   2.7520120e+06   4.4128418e+01
   2.7681730e+06   4.8461914e+01
   2.8328000e+06   4.4006348e+01
   2.8493380e+06   4.6691895e+01
   2.8939730e+06   4.1442871e+01
   2.9232550e+06   4.1076660e+01
   3.0043390e+06   3.9916992e+01
   3.1233780e+06   4.1931152e+01
   3.1412830e+06   4.0527344e+01
   3.2015610e+06   4.0100098e+01
   3.2351860e+06   3.9794922e+01
   3.2691680e+06   3.9672852e+01
   3.3002620e+06   4.1198730e+01
   3.3261410e+06   4.1564941e+01
   3.3344400e+06   4.0588379e+01
   3.3666520e+06   4.5349121e+01
   3.3822500e+06   4.3884277e+01
   3.4058670e+06   4.0222168e+01
   3.4755340e+06   4.0161133e+01
   3.4824050e+06   4.1870117e+01
   3.4928780e+06   4.0283203e+01
   3.5214070e+06   4.0588379e+01
   3.5326280e+06   4.6997070e+01
   3.5748100e+06   4.0344238e+01
   3.6393130e+06   4.2358398e+01
   3.6484920e+06   4.0100098e+01
   3.8430200e+06   4.0039062e+01
   3.8634850e+06   4.3029785e+01
   3.8814220e+06   4.2175293e+01
   3.8962790e+06   4.4738770e+01
   3.9263620e+06   4.1259766e+01
   3.9594890e+06   4.1442871e+01
   4.0273780e+06   4.1809082e+01
   4.0685070e+06   4.2053223e+01
   4.1043160e+06   4.5410156e+01
   4.1259750e+06   4.5410156e+01
   4.1607540e+06   4.5532227e+01
   4.2294900e+06   4.3945312e+01
   4.2443770e+06   4.0466309e+01
   4.2702680e+06   4.1137695e+01
   4.2814140e+06   4.0832520e+01
   4.3129050e+06   4.0710449e+01
   4.3536980e+06   4.5837402e+01
   4.3620610e+06   4.0283203e+01
   4.3825750e+06   4.0649414e+01
   4.3972680e+06   4.5471191e+01
   4.4293290e+06   4.0954590e+01
   4.4760110e+06   4.0832520e+01
   4.4793470e+06   4.0100098e+01
   4.4826870e+06   3.9672852e+01
   4.5265200e+06   4.4067383e+01
   4.5329120e+06   4.4006348e+01
   4.5475400e+06   3.9611816e+01
   4.5781460e+06   4.0588379e+01
   4.6104540e+06   4.1015625e+01
   4.6594830e+06   4.1870117e+01
   4.6707030e+06   4.1137695e+01
   4.6828500e+06   5.0231934e+01
   4.6973940e+06   4.0344238e+01
   4.7038650e+06   4.1076660e+01
   4.7342720e+06   4.6630859e+01
   4.7494620e+06   4.2602539e+01
   4.7642130e+06   4.2358398e+01
   4.7938330e+06   4.0466309e+01
   4.8027990e+06   4.0344238e+01
   4.8031340e+06   4.1381836e+01
   4.8225040e+06   4.1442871e+01
   4.8292420e+06   4.0466309e+01
   4.8351290e+06   3.9733887e+01
   4.8437880e+06   4.3029785e+01
   4.8446350e+06   4.0222168e+01
   4.8749900e+06   3.9916992e+01
   4.8760680e+06   4.0161133e+01
   4.8829400e+06   3.9916992e+01
   4.8966210e+06   3.9794922e+01
   4.9142650e+06   3.9611816e+01
   4.9380210e+06   3.9855957e+01
   4.9461540e+06   4.0283203e+01
   4.9508960e+06   3.9916992e+01
   4.9573160e+06   3.9916992e+01
   4.9605340e+06   4.3762207e+01
   4.9713590e+06   5.1757812e+01
   5.0037700e+06   4.3334961e+01
   5.0145190e+06   5.2795410e+01
   5.0160760e+06   3.9611816e+01
   5.1006340e+06   4.0100098e+01
   5.1231040e+06   4.1870117e+01
   5.1349960e+06   4.1687012e+01
   5.1570770e+06   5.3161621e+01
   5.1705770e+06   4.2480469e+01
   5.1771330e+06   5.0170898e+01
   5.1919790e+06   4.1564941e+01
   5.2005670e+06   4.3457031e+01
   5.2063700e+06   4.2907715e+01
   5.2148840e+06   4.4738770e+01
   5.2195520e+06   4.2419434e+01
   5.2487990e+06   4.1137695e+01
   5.2505930e+06   4.5166016e+01
   5.2524840e+06   4.3334961e+01
   5.2745920e+06   3.9611816e+01
   5.2804160e+06   4.3579102e+01
   5.3093380e+06   4.3334961e+01
   5.3346680e+06   3.9611816e+01
   5.3384420e+06   4.3334961e+01
   5.3469050e+06   4.1748047e+01
   5.3545800e+06   4.6752930e+01
   5.3777200e+06   4.0161133e+01
   5.3783840e+06   4.2175293e+01
   5.4157540e+06   4.5654297e+01
   5.4261230e+06   4.1381836e+01
   5.4378670e+06   4.9499512e+01
   5.4536050e+06   4.2480469e+01
   5.4580040e+06   4.0161133e+01
   5.4587140e+06   3.9855957e+01
   5.5049850e+06   4.1076660e+01
   5.5154060e+06   5.1940918e+01
   5.5288440e+06   3.9978027e+01
   5.5330040e+06   4.0039062e+01
   5.5531010e+06   4.6630859e+01
   5.5663300e+06   4.0893555e+01
   5.5921490e+06   4.4006348e+01
   5.6393410e+06   3.9794922e+01
   5.6456600e+06   3.9672852e+01
   5.6638540e+06   4.1076660e+01
   5.7061940e+06   4.3640137e+01
   5.7093500e+06   4.0222168e+01
   5.7522980e+06   4.0893555e+01
   5.7566100e+06   3.9733887e+01
   5.7711600e+06   4.8461914e+01
   5.7830170e+06   3.9611816e+01
   5.7889360e+06   4.1442871e+01
   5.8284160e+06   4.1442871e+01
   5.8662920e+06   4.2114258e+01
   5.8895870e+06   4.0649414e+01
   5.8980740e+06   4.0466309e+01
   5.9048380e+06   4.1564941e+01
   5.9050430e+06   4.0893555e+01
   5.9074710e+06   4.1442871e+01
   5.9099770e+06   4.0954590e+01
   5.9356750e+06   4.0161133e+01
   5.9833890e+06   4.0832520e+01
   5.9841560e+06   4.1870117e+01
   6.0062590e+06   4.0710449e+01
   6.0254860e+06   4.4128418e+01
   6.0264320e+06   4.1748047e+01
   6.0350980e+06   4.0466309e+01
   6.0469370e+06   4.1076660e+01
   6.0553110e+06   4.0039063e+01
   6.0591960e+06   4.0283203e+01
   6.0733990e+06   4.1137695e+01
   6.0901990e+06   4.0710449e+01
   6.0992140e+06   5.1818848e+01
   6.1294900e+06   4.3640137e+01
   6.1319960e+06   4.4738770e+01
   6.1353910e+06   3.9916992e+01
   6.1472200e+06   3.9978027e+01
   6.1479210e+06   4.0222168e+01
   6.1553540e+06   4.7851562e+01
   6.2249740e+06   4.0100098e+01
   6.2369990e+06   4.1137695e+01
   6.2395240e+06   4.4433594e+01
   6.2483490e+06   4.0832520e+01
   6.2712230e+06   4.5715332e+01
   6.2824020e+06   4.0039062e+01
   6.2839720e+06   4.0161133e+01
   6.2858710e+06   4.2114258e+01
   6.2965560e+06   4.1320801e+01
   6.3112870e+06   4.2053223e+01
   6.3681340e+06   3.9916992e+01
   6.3827010e+06   4.3945312e+01
   6.4131660e+06   4.4799805e+01
   6.4163460e+06   4.6142578e+01
   6.4375970e+06   3.9611816e+01
   6.4419740e+06   4.4128418e+01
   6.4508580e+06   5.1269531e+01
   6.4522580e+06   4.5471191e+01
   6.4658120e+06   4.1748047e+01
   6.4692070e+06   4.0222168e+01
   6.4854250e+06   3.9672852e+01
   6.4930150e+06   4.5471191e+01
   6.5029220e+06   4.6142578e+01
   6.5154200e+06   4.2785645e+01
   6.5297730e+06   4.4006348e+01
   6.5386480e+06   4.2236328e+01
   6.5418670e+06   4.3640137e+01
   6.5471520e+06   4.1015625e+01
   6.5681660e+06   4.0039062e+01
   6.5810110e+06   4.9438477e+01
   6.5883270e+06   4.2724609e+01
   6.6014340e+06   4.0466309e+01
   6.6040510e+06   4.0893555e+01
   6.6043410e+06   3.9672852e+01
   6.6111280e+06   4.2846680e+01
   6.6212990e+06   4.3151855e+01
   6.6367400e+06   4.1076660e+01
   6.6586700e+06   4.2114258e+01
   6.6723310e+06   4.2724609e+01
   6.6832500e+06   4.0649414e+01
   6.7020540e+06   3.9916992e+01
   6.7105890e+06   4.3518066e+01
   6.7166100e+06   4.3579102e+01
   6.7462760e+06   3.9916992e+01
   6.7624580e+06   4.0649414e+01
   6.7695620e+06   4.6691895e+01
   6.7846430e+06   4.3029785e+01
   6.7907990e+06   4.2053223e+01
   6.8044130e+06   4.5959473e+01
   6.8440760e+06   4.1564941e+01
   6.8648860e+06   4.2419434e+01
   6.9110260e+06   4.3884277e+01
   6.9168120e+06   4.1320801e+01
   6.9358050e+06   4.0039062e+01
   6.9382090e+06   3.9978027e+01
   6.9714200e+06   4.0405273e+01
   6.9740300e+06   4.4067383e+01
   6.9831460e+06   4.2907715e+01
   6.9970250e+06   4.1381836e+01
   7.0038800e+06   3.9794922e+01
   7.0091740e+06   4.5776367e+01
   7.0092520e+06   4.2175293e+01
   7.0323360e+06   4.6203613e+01
   7.0387940e+06   4.0649414e+01
   7.0464450e+06   3.9855957e+01
   7.0950220e+06   5.3405762e+01
   7.1256760e+06   4.3395996e+01
   7.1569480e+06   4.0222168e+01
   7.1701520e+06   4.3212891e+01
   7.2051380e+06   4.0100098e+01
   7.2095140e+06   4.2846680e+01
   7.2105960e+06   3.9672852e+01
   7.2241670e+06   4.2785645e+01
   7.2420500e+06   4.4250488e+01
   7.2502520e+06   4.1320801e+01
   7.2519510e+06   4.5227051e+01
   7.2589730e+06   4.4006348e+01
   7.2612610e+06   4.0954590e+01
   7.2744120e+06   4.1320801e+01
   7.2791700e+06   4.4433594e+01
   7.2880150e+06   4.6081543e+01
   7.3255960e+06   3.9916992e+01
   7.3874180e+06   3.9794922e+01
   7.3963100e+06   3.9916992e+01
   7.4622140e+06   4.0588379e+01
   7.4657110e+06   4.0466309e+01
   7.4735950e+06   4.1320801e+01
   7.4756570e+06   4.0405273e+01
   7.4945460e+06   4.3518066e+01
   7.5271700e+06   3.9611816e+01
   7.5348940e+06   4.1870117e+01
   7.5627770e+06   3.9978027e+01
   7.5731520e+06   4.0222168e+01
   7.5822170e+06   4.0649414e+01
   7.6017270e+06   4.0039062e+01
   7.6260440e+06   4.0405273e+01
   7.6930990e+06   4.1259766e+01
   7.7077860e+06   4.1259766e+01
   7.7115780e+06   4.1687012e+01
   7.7412300e+06   4.2968750e+01
   7.7676830e+06   4.0283203e+01
   7.7818170e+06   4.0100098e+01
   7.7935440e+06   3.9794922e+01
   7.7947690e+06   4.5532227e+01
   7.8469300e+06   4.2724609e+01
   7.8522630e+06   4.2541504e+01
   7.8981360e+06   4.0161133e+01
   7.9367020e+06   4.2602539e+01
   7.9380910e+06   4.4494629e+01
   7.9437600e+06   3.9733887e+01
   7.9496480e+06   4.1076660e+01
   7.9903190e+06   3.9733887e+01
   7.9928170e+06   4.1381836e+01
   8.0011470e+06   3.9733887e+01
   8.0147820e+06   4.8400879e+01
   8.0526700e+06   4.2297363e+01
   8.1220340e+06   4.9255371e+01
   8.1318060e+06   4.5410156e+01
   8.1699340e+06   4.2846680e+01
   8.1708770e+06   3.9978027e+01
   8.2149810e+06   4.0832520e+01
   8.2157340e+06   4.3212891e+01
   8.2329700e+06   4.3151855e+01
   8.2404240e+06   4.0283203e+01
   8.2505860e+06   3.9733887e+01
   8.2576650e+06   4.1137695e+01
   8.2588940e+06   4.3395996e+01
   8.2900530e+06   3.9978027e+01
   8.2990420e+06   4.3579102e+01
   8.3028850e+06   4.1076660e+01
   8.3099740e+06   4.0100098e+01
   8.3138820e+06   4.3823242e+01
   8.3143030e+06   4.0100098e+01
   8.3276710e+06   4.4372559e+01
   8.3412350e+06   4.0893555e+01
   8.3550710e+06   4.0466309e+01
   8.3653820e+06   4.3884277e+01
   8.3912540e+06   4.2602539e+01
   8.3987630e+06   4.0344238e+01
   8.4122880e+06   4.5410156e+01
   8.4396940e+06   4.2846680e+01
   8.4590350e+06   3.9672852e+01
   8.4765050e+06   4.6752930e+01
   8.4853830e+06   3.9916992e+01
   8.5107580e+06   4.2724609e+01
   8.5327070e+06   4.1320801e+01
   8.5368020e+06   4.3823242e+01
   8.5636130e+06   4.1198730e+01
   8.6080240e+06   4.0100098e+01
   8.6199510e+06   4.0222168e+01
   8.6518060e+06   4.3640137e+01
   8.6683060e+06   3.9733887e+01
   8.6686020e+06   4.2358398e+01
   8.6764770e+06   4.0161133e+01
   8.6830340e+06   4.7302246e+01
   8.6892010e+06   4.1992188e+01
   8.6910930e+06   4.3273926e+01
   8.7174400e+06   4.5166016e+01
   8.7667550e+06   4.0527344e+01
   8.7883930e+06   4.4616699e+01
   8.8032510e+06   4.6203613e+01
   8.8127260e+06   4.0222168e+01
   8.8202410e+06   4.1748047e+01
   8.8325280e+06   4.0283203e+01
   8.8391370e+06   4.1320801e+01
   8.8392270e+06   4.1809082e+01
   8.8702890e+06   4.0161133e+01
   8.8711880e+06   3.9733887e+01
   8.8716730e+06   4.0466309e+01
   8.8847460e+06   4.1809082e+01
   8.8970900e+06   4.5104980e+01
