   8.9990000e+06   0.0000000e+00
   3.7770000e+04   4.2602539e+01
   3.8216000e+04   3.9123535e+01
   3.8421000e+04   3.8024902e+01
   5.6623000e+04   3.8757324e+01
   7.1176000e+04   3.8635254e+01
   7.1392000e+04   4.1992188e+01
   1.0340500e+05   3.8757324e+01
   1.1816500e+05   3.9245605e+01
   1.3736200e+05   3.7841797e+01
   1.7720400e+05   4.4555664e+01
   2.1310200e+05   4.2968750e+01
   2.1365900e+05   4.5776367e+01
   2.2865500e+05   4.0771484e+01
   2.6236400e+05   4.1381836e+01
   2.7706500e+05   3.7780762e+01
   3.2443000e+05   4.0222168e+01
   3.4002000e+05   3.8146973e+01
   3.5780600e+05   4.5288086e+01
   3.8187000e+05   3.9916992e+01
   4.2531000e+05   4.7058105e+01
   4.8354800e+05   4.5288086e+01
   5.1720300e+05   4.5104980e+01
   5.4575200e+05   3.8757324e+01
   5.4647100e+05   3.8940430e+01
   5.6528500e+05   4.0527344e+01
   5.8174900e+05   3.7780762e+01
   6.0069800e+05   4.6203613e+01
   6.2179300e+05   3.8024902e+01
   6.2205500e+05   4.0100098e+01
   6.4025000e+05   4.4494629e+01
   6.5984500e+05   4.3762207e+01
   6.6003400e+05   4.2968750e+01
   6.8121800e+05   3.8269043e+01
   7.2626600e+05   3.9672852e+01
   7.4109800e+05   3.9794922e+01
   7.4158100e+05   4.5410156e+01
   7.7471300e+05   4.0771484e+01
   7.8249800e+05   4.5715332e+01
   8.0100600e+05   3.9489746e+01
   8.0120200e+05   3.9245605e+01
   8.0161600e+05   3.8696289e+01
   8.1490400e+05   3.8635254e+01
   8.3421500e+05   4.2724609e+01
   8.5162700e+05   3.8024902e+01
   8.6813300e+05   4.4860840e+01
   8.8845900e+05   4.6813965e+01
   9.0746800e+05   4.3151855e+01
   9.0766000e+05   4.1015625e+01
   9.2498200e+05   3.9978027e+01
   9.6064500e+05   3.9184570e+01
   9.7574500e+05   4.4250488e+01
   9.8864300e+05   4.3273926e+01
   1.0026430e+06   3.8879395e+01
   1.0362090e+06   4.0832520e+01
   1.0520750e+06   4.6630859e+01
   1.0669220e+06   4.2968750e+01
   1.0819790e+06   4.1809082e+01
   1.0828430e+06   3.8146973e+01
   1.1274950e+06   4.2236328e+01
   1.1763490e+06   4.1381836e+01
   1.1960860e+06   4.3884277e+01
   1.2103370e+06   3.7963867e+01
   1.2289120e+06   5.1147461e+01
   1.2556100e+06   4.7180176e+01
   1.2707000e+06   3.9916992e+01
   1.2878950e+06   3.9245605e+01
   1.3023560e+06   3.8452148e+01
   1.3148300e+06   3.8513184e+01
   1.3916790e+06   4.0588379e+01
   1.4882700e+06   4.3945312e+01
   1.5223430e+06   3.7780762e+01
   1.5228320e+06   3.9306641e+01
   1.5388340e+06   3.9550781e+01
   1.5616090e+06   3.7902832e+01
   1.5624030e+06   3.8818359e+01
   1.5794240e+06   3.9978027e+01
   1.5937780e+06   3.7963867e+01
   1.6152750e+06   4.1564941e+01
   1.6387030e+06   4.8278809e+01
   1.6695900e+06   3.8757324e+01
   1.6910510e+06   4.1198730e+01
   1.7163560e+06   4.1931152e+01
   1.7340010e+06   4.0039062e+01
   1.7459940e+06   4.3762207e+01
   1.7642020e+06   3.8574219e+01
   1.8044970e+06   4.1625977e+01
   1.8213140e+06   4.1381836e+01
   1.8529450e+06   4.2541504e+01
   1.8703480e+06   4.3457031e+01
   1.8933350e+06   4.0039062e+01
   1.9449160e+06   4.0222168e+01
   1.9643440e+06   4.1687012e+01
   1.9647650e+06   3.8269043e+01
   1.9969670e+06   3.9550781e+01
   2.0277030e+06   4.0954590e+01
   2.0422030e+06   3.9367676e+01
   2.0423970e+06   4.0649414e+01
   2.0642400e+06   4.4677734e+01
   2.0929670e+06   4.3457031e+01
   2.0935590e+06   3.8696289e+01
   2.1181600e+06   4.3334961e+01
   2.1184170e+06   4.2175293e+01
   2.1330460e+06   3.9916992e+01
   2.1454500e+06   4.0283203e+01
   2.1710440e+06   3.9733887e+01
   2.1854630e+06   4.5654297e+01
   2.2065000e+06   4.4250488e+01
   2.2291400e+06   4.2236328e+01
   2.2293330e+06   3.8024902e+01
   2.2530210e+06   3.9611816e+01
   2.2988210e+06   4.1320801e+01
   2.3407830e+06   4.1076660e+01
   2.3553850e+06   4.6203613e+01
   2.3696630e+06   3.8513184e+01
   2.4019770e+06   4.0100098e+01
   2.4027240e+06   3.8635254e+01
   2.4283230e+06   4.5166016e+01
   2.4484840e+06   3.8757324e+01
   2.5155270e+06   4.1320801e+01
   2.5315970e+06   4.0893555e+01
   2.5988710e+06   3.8452148e+01
   2.6236680e+06   4.5532227e+01
   2.6239430e+06   4.3579102e+01
   2.6242280e+06   3.9611816e+01
   2.6398670e+06   3.8757324e+01
   2.6558490e+06   3.8757324e+01
   2.6744170e+06   3.8208008e+01
   2.6898820e+06   4.6081543e+01
   2.7117990e+06   3.9062500e+01
   2.7280340e+06   4.2297363e+01
   2.7281600e+06   3.9428711e+01
   2.7500370e+06   3.9916992e+01
   2.7682630e+06   4.2541504e+01
   2.7684110e+06   3.7841797e+01
   2.7910380e+06   4.2419434e+01
   2.8283150e+06   4.3823242e+01
   2.8560490e+06   3.8024902e+01
   2.8889850e+06   4.7790527e+01
   2.8891810e+06   3.8269043e+01
   2.8894480e+06   3.9733887e+01
   2.9344550e+06   4.0344238e+01
   2.9348140e+06   3.7902832e+01
   2.9519630e+06   4.0039062e+01
   2.9521840e+06   4.0039062e+01
   2.9689010e+06   3.9184570e+01
   2.9974660e+06   4.0588379e+01
   3.0125790e+06   4.3884277e+01
   3.0131850e+06   3.8757324e+01
   3.0359370e+06   4.0527344e+01
   3.0706470e+06   4.3334961e+01
   3.0712240e+06   4.2419434e+01
   3.0919770e+06   3.8269043e+01
   3.1028650e+06   3.8146973e+01
   3.1031080e+06   3.9916992e+01
   3.1722490e+06   4.0649414e+01
   3.1723870e+06   4.3640137e+01
   3.2192780e+06   4.5166016e+01
   3.2195860e+06   3.8085938e+01
   3.2375460e+06   3.9794922e+01
   3.2644560e+06   4.0283203e+01
   3.2894580e+06   4.0893555e+01
   3.3116700e+06   3.9001465e+01
   3.3360380e+06   4.2724609e+01
   3.3511920e+06   4.2236328e+01
   3.3992750e+06   4.3273926e+01
   3.3994820e+06   3.7780762e+01
   3.4193280e+06   4.2785645e+01
   3.4201150e+06   3.8146973e+01
   3.4462620e+06   3.8574219e+01
   3.4652710e+06   3.7780762e+01
   3.4914140e+06   3.8269043e+01
   3.5341290e+06   4.1015625e+01
   3.5343670e+06   3.8024902e+01
   3.6026430e+06   3.9306641e+01
   3.6206490e+06   4.3029785e+01
   3.6208540e+06   4.4677734e+01
   3.6399690e+06   4.1564941e+01
   3.6633600e+06   3.7902832e+01
   3.6885870e+06   4.0344238e+01
   3.7084490e+06   4.4738770e+01
   3.7091440e+06   4.3151855e+01
   3.7276070e+06   4.0954590e+01
   3.7458100e+06   3.8940430e+01
   3.7459570e+06   3.8696289e+01
   3.7667960e+06   3.8696289e+01
   3.7669490e+06   3.7841797e+01
   3.7921590e+06   3.9428711e+01
   3.8431350e+06   4.2480469e+01
   3.8666180e+06   4.1809082e+01
   3.8844490e+06   3.8879395e+01
   3.9348630e+06   4.0771484e+01
   3.9658420e+06   3.8085938e+01
   3.9867370e+06   3.9001465e+01
   4.0088960e+06   4.1748047e+01
   4.0296160e+06   3.9550781e+01
   4.0483560e+06   4.1198730e+01
   4.0763580e+06   3.9306641e+01
   4.0932060e+06   4.3151855e+01
   4.1112830e+06   4.0893555e+01
   4.1581540e+06   3.9062500e+01
   4.1582970e+06   3.8879395e+01
   4.1772540e+06   3.8391113e+01
   4.2080390e+06   4.1870117e+01
   4.2264520e+06   4.4494629e+01
   4.2406340e+06   4.0039062e+01
   4.2599070e+06   3.9978027e+01
   4.2764130e+06   4.0649414e+01
   4.2977570e+06   3.9794922e+01
   4.3116550e+06   4.0832520e+01
   4.3281700e+06   4.4250488e+01
   4.3726870e+06   4.1015625e+01
   4.3732630e+06   3.7841797e+01
   4.3886760e+06   4.4738770e+01
   4.4048040e+06   4.2541504e+01
   4.4198810e+06   4.1442871e+01
   4.4540180e+06   3.8146973e+01
   4.4688340e+06   4.3762207e+01
   4.4696780e+06   4.0100098e+01
   4.4884150e+06   3.9550781e+01
   4.5203290e+06   3.8085938e+01
   4.5352790e+06   4.5288086e+01
   4.5354580e+06   4.3212891e+01
   4.5511410e+06   3.9245605e+01
   4.5693330e+06   4.5166016e+01
   4.6121740e+06   4.2541504e+01
   4.6126750e+06   4.1748047e+01
   4.6317650e+06   4.2114258e+01
   4.6452290e+06   4.3579102e+01
   4.6633400e+06   4.3029785e+01
   4.6900020e+06   4.4250488e+01
   4.7031860e+06   4.3884277e+01
   4.7041020e+06   3.9123535e+01
   4.7208270e+06   4.0100098e+01
   4.7378040e+06   4.0466309e+01
   4.7517870e+06   3.9123535e+01
   4.7626990e+06   4.0832520e+01
   4.7942660e+06   5.1025391e+01
   4.7944820e+06   4.0222168e+01
   4.8102070e+06   4.7912598e+01
   4.8440530e+06   3.8085938e+01
   4.8646640e+06   4.5959473e+01
   4.8825170e+06   3.9428711e+01
   4.9262790e+06   3.8452148e+01
   4.9264630e+06   3.8330078e+01
   4.9417890e+06   4.1015625e+01
   4.9645380e+06   4.6386719e+01
   4.9811360e+06   3.9855957e+01
   5.0078920e+06   4.6447754e+01
   5.0080050e+06   3.9916992e+01
   5.0477190e+06   3.8635254e+01
   5.0676250e+06   3.8757324e+01
   5.0843280e+06   4.3884277e+01
   5.1264090e+06   3.9672852e+01
   5.1404200e+06   3.7841797e+01
   5.1411780e+06   4.0100098e+01
   5.1571920e+06   4.3518066e+01
   5.1744210e+06   4.2846680e+01
   5.1918350e+06   4.2175293e+01
   5.2080560e+06   4.4372559e+01
   5.2280140e+06   4.1198730e+01
   5.2410910e+06   3.8330078e+01
   5.2783210e+06   3.9489746e+01
   5.2986120e+06   4.0405273e+01
   5.2987430e+06   3.7902832e+01
   5.3179850e+06   4.7058105e+01
   5.3185720e+06   3.9489746e+01
   5.3704420e+06   4.9255371e+01
   5.3885490e+06   3.9123535e+01
   5.3893870e+06   3.7963867e+01
   5.4099900e+06   4.0832520e+01
   5.4447960e+06   4.1687012e+01
   5.4628930e+06   3.8696289e+01
   5.5452100e+06   4.3151855e+01
   5.5811010e+06   4.0527344e+01
   5.5994400e+06   3.8208008e+01
   5.6141790e+06   4.2114258e+01
   5.6145490e+06   4.2358398e+01
   5.6317200e+06   4.3029785e+01
   5.6513990e+06   3.8208008e+01
   5.6707070e+06   3.8940430e+01
   5.6929340e+06   3.8085938e+01
   5.7265510e+06   4.3029785e+01
   5.7432190e+06   4.0100098e+01
   5.7436110e+06   3.8330078e+01
   5.7566900e+06   4.5166016e+01
   5.7740650e+06   3.9794922e+01
   5.7743510e+06   3.8635254e+01
   5.7748940e+06   3.8085938e+01
   5.7904630e+06   4.6508789e+01
   5.8304430e+06   4.0100098e+01
   5.8495180e+06   3.8085938e+01
   5.8760030e+06   3.9001465e+01
   5.9059320e+06   4.7241211e+01
   5.9352540e+06   4.0161133e+01
   5.9522830e+06   4.1564941e+01
   5.9671730e+06   3.8513184e+01
   5.9880740e+06   4.2663574e+01
   6.0102830e+06   3.8024902e+01
   6.0314360e+06   3.8146973e+01
   6.0567920e+06   4.6203613e+01
   6.0852020e+06   4.1870117e+01
   6.1064890e+06   3.9062500e+01
   6.1221600e+06   5.3100586e+01
   6.1370850e+06   4.7363281e+01
   6.1649410e+06   3.9733887e+01
   6.1654490e+06   3.8330078e+01
   6.1829640e+06   4.8095703e+01
   6.2399260e+06   4.1137695e+01
   6.2627810e+06   4.2419434e+01
   6.2629160e+06   4.1015625e+01
   6.2849090e+06   3.8330078e+01
   6.2858200e+06   4.3090820e+01
   6.3110300e+06   4.2968750e+01
   6.3755310e+06   4.5654297e+01
   6.3964580e+06   4.2541504e+01
   6.4548110e+06   4.6691895e+01
   6.4752970e+06   3.7841797e+01
   6.4754320e+06   4.0954590e+01
   6.4880160e+06   4.1381836e+01
   6.4883720e+06   4.6020508e+01
   6.5243610e+06   3.9978027e+01
   6.5245780e+06   4.2968750e+01
   6.5386980e+06   5.3588867e+01
   6.5630160e+06   4.1259766e+01
   6.5633010e+06   3.7780762e+01
   6.6091270e+06   4.0161133e+01
   6.6252980e+06   3.8330078e+01
   6.6258870e+06   3.9611816e+01
   6.6496590e+06   3.7841797e+01
   6.6501670e+06   4.2358398e+01
   6.6652830e+06   3.9001465e+01
   6.7324010e+06   4.4067383e+01
   6.7325370e+06   4.1137695e+01
   6.7519300e+06   4.0344238e+01
   6.7717360e+06   4.8583984e+01
   6.7911300e+06   4.1259766e+01
   6.8053990e+06   4.1259766e+01
   6.8249470e+06   4.1992188e+01
   6.8510120e+06   3.9001465e+01
   6.8894110e+06   4.5349121e+01
   6.9302340e+06   4.6081543e+01
   6.9540410e+06   3.8940430e+01
   6.9545520e+06   3.7902832e+01
   6.9747490e+06   4.7119141e+01
   6.9749000e+06   3.8513184e+01
   6.9946040e+06   3.8269043e+01
   6.9947490e+06   3.9123535e+01
   6.9949040e+06   4.3945312e+01
   7.0283680e+06   4.0832520e+01
   7.0556870e+06   3.8208008e+01
   7.0861040e+06   3.7780762e+01
   7.1022880e+06   4.4311523e+01
   7.1289080e+06   5.0842285e+01
   7.1290290e+06   3.8879395e+01
   7.1718070e+06   4.0771484e+01
   7.1855190e+06   4.2663574e+01
   7.2095030e+06   4.5959473e+01
   7.2350090e+06   3.8513184e+01
   7.2358590e+06   3.7841797e+01
   7.2527220e+06   3.7902832e+01
   7.2553580e+06   4.3640137e+01
   7.2761680e+06   4.4372559e+01
   7.2925830e+06   4.6569824e+01
   7.3244310e+06   3.9001465e+01
   7.3438330e+06   4.0649414e+01
   7.3443670e+06   3.9001465e+01
   7.3647340e+06   4.2236328e+01
   7.3879310e+06   4.1442871e+01
   7.4105960e+06   5.4870605e+01
   7.4107740e+06   4.0649414e+01
   7.4309640e+06   4.2175293e+01
   7.4481720e+06   3.9001465e+01
   7.4779610e+06   4.0954590e+01
   7.5202370e+06   4.0649414e+01
   7.5207530e+06   3.8024902e+01
   7.5212680e+06   4.6325684e+01
   7.5570080e+06   4.8583984e+01
   7.5571340e+06   4.0893555e+01
   7.5888220e+06   3.8757324e+01
   7.5889440e+06   3.8696289e+01
   7.6380830e+06   5.0964355e+01
   7.6729510e+06   4.1198730e+01
   7.6730840e+06   4.2236328e+01
   7.7214290e+06   4.5227051e+01
   7.7647550e+06   4.1931152e+01
   7.7652400e+06   3.9916992e+01
   7.8435790e+06   4.2236328e+01
   7.8437090e+06   4.1320801e+01
   7.9110420e+06   3.8269043e+01
   7.9112240e+06   4.0954590e+01
   7.9409850e+06   4.4494629e+01
   7.9728640e+06   3.8024902e+01
   7.9730040e+06   4.2602539e+01
   7.9948330e+06   4.2907715e+01
   8.0286000e+06   3.8940430e+01
   8.0294120e+06   3.9123535e+01
   8.0562900e+06   3.9184570e+01
   8.0566800e+06   3.9367676e+01
   8.1302250e+06   4.2541504e+01
   8.1303690e+06   4.1442871e+01
   8.1524920e+06   5.9570312e+01
   8.1527060e+06   4.8522949e+01
   8.1834160e+06   4.1870117e+01
   8.1836220e+06   3.9794922e+01
   8.2364950e+06   4.3701172e+01
   8.2366650e+06   3.8024902e+01
   8.2789930e+06   5.2917480e+01
   8.3031330e+06   4.2053223e+01
   8.3507700e+06   4.6875000e+01
   8.4028530e+06   4.9499512e+01
   8.4030070e+06   4.4189453e+01
   8.4137640e+06   3.9062500e+01
   8.4485850e+06   5.2978516e+01
   8.4790690e+06   3.8879395e+01
   8.4792820e+06   3.9489746e+01
   8.5453170e+06   4.7851562e+01
   8.5454940e+06   3.8574219e+01
   8.5456490e+06   3.8513184e+01
   8.6259070e+06   4.2236328e+01
   8.7371810e+06   4.7119141e+01
   8.7374230e+06   4.3457031e+01
   8.7387950e+06   4.2419434e+01
   8.7977000e+06   4.6447754e+01
   8.7978610e+06   3.9062500e+01
   8.8771870e+06   4.1076660e+01
   8.8779030e+06   4.2480469e+01
   8.9353230e+06   4.5288086e+01
   8.9355020e+06   4.0832520e+01
   8.9914600e+06   4.2907715e+01
