   8.9990000e+06   0.0000000e+00
   1.3287000e+04   4.7973633e+01
   1.3465000e+04   4.2541504e+01
   1.3316300e+05   5.0720215e+01
   3.6427700e+05   5.2795410e+01
   3.6454800e+05   5.5480957e+01
   4.2972300e+05   5.8532715e+01
   7.3780100e+05   6.2194824e+01
   7.3800900e+05   5.0842285e+01
   1.1609310e+06   4.9987793e+01
   1.1611970e+06   5.5175781e+01
   1.4220490e+06   5.4077148e+01
   1.4222450e+06   4.8889160e+01
   1.6597460e+06   5.4016113e+01
   1.6599620e+06   4.5227051e+01
   2.2046920e+06   6.0485840e+01
   2.2048370e+06   4.4860840e+01
   2.2049820e+06   4.3884277e+01
   4.0020410e+06   3.7841797e+01
   4.0631280e+06   3.9733887e+01
   6.7941670e+06   6.4331055e+01
   6.7943180e+06   4.4250488e+01
   6.7945360e+06   5.3588867e+01
   6.7948040e+06   4.3273926e+01
   6.7949560e+06   4.1748047e+01
   6.8654700e+06   6.2316895e+01
   6.8656210e+06   4.1381836e+01
   6.8659260e+06   4.6325684e+01
   6.8660720e+06   4.0405273e+01
   6.9755760e+06   5.7373047e+01
   7.1386620e+06   4.7851562e+01
   7.1388250e+06   5.5053711e+01
   7.1389700e+06   4.6813965e+01
   7.1391980e+06   4.3823242e+01
   7.1394050e+06   3.9062500e+01
   7.7327120e+06   5.6152344e+01
   7.7329140e+06   5.3039551e+01
   8.7245750e+06   5.8349609e+01
   8.7247650e+06   5.2062988e+01
   8.7866400e+06   5.2307129e+01
