   8.9990000e+06   0.0000000e+00
   1.5504850e+06   3.8024902e+01
   1.9899120e+06   3.5888672e+01
   2.5094120e+06   3.5705566e+01
   3.5661180e+06   3.6010742e+01
   3.6341850e+06   3.7048340e+01
   3.8127570e+06   3.8574219e+01
   4.0331100e+06   3.6560059e+01
   4.8940780e+06   3.6254883e+01
   5.6174650e+06   3.6682129e+01
   5.6328310e+06   3.7902832e+01
   5.6488220e+06   3.6193848e+01
   6.1415560e+06   4.2541504e+01
   6.2707990e+06   3.6193848e+01
   6.3843420e+06   3.7780762e+01
   6.4962690e+06   3.6071777e+01
   6.9995730e+06   3.5705566e+01
   7.5619790e+06   3.6926270e+01
   8.9811800e+06   3.6071777e+01
