   8.9990000e+06   0.0000000e+00
   8.3790000e+03   4.9560547e+01
   2.3374000e+04   4.2846680e+01
   3.8658000e+04   3.9916992e+01
   8.5270000e+04   4.5410156e+01
   1.0298500e+05   4.5043945e+01
   1.1842900e+05   3.9489746e+01
   1.6079900e+05   4.1625977e+01
   1.7555700e+05   5.3527832e+01
   2.1679500e+05   4.6691895e+01
   2.5269200e+05   5.8898926e+01
   2.7000800e+05   3.9733887e+01
   2.7550100e+05   4.1442871e+01
   3.4531200e+05   4.5837402e+01
   3.6289000e+05   3.9367676e+01
   3.9959700e+05   3.8879395e+01
   4.0496700e+05   4.8889160e+01
   4.2815800e+05   4.4555664e+01
   4.2867700e+05   3.9123535e+01
   4.3104100e+05   4.1320801e+01
   4.6646300e+05   5.2124023e+01
   5.4787200e+05   4.2968750e+01
   5.7288500e+05   4.4433594e+01
   5.9677200e+05   4.4189453e+01
   6.1261200e+05   4.6081543e+01
   6.3732300e+05   4.1687012e+01
   6.3790300e+05   4.8828125e+01
   6.5389100e+05   5.4504395e+01
   6.6777800e+05   4.6875000e+01
   6.6815800e+05   4.0771484e+01
   7.1023600e+05   4.8645020e+01
   7.9267300e+05   4.4372559e+01
   8.0000300e+05   5.3222656e+01
   8.2273600e+05   4.0344238e+01
   8.4052400e+05   5.1635742e+01
   8.5039400e+05   5.0354004e+01
   8.8448300e+05   4.6264648e+01
   8.9375300e+05   4.7851563e+01
   9.0428100e+05   4.8278809e+01
   9.1128600e+05   4.5776367e+01
   9.5123900e+05   4.3579102e+01
   9.5174000e+05   4.2907715e+01
   9.5212900e+05   3.9062500e+01
   9.8145300e+05   6.2683105e+01
   9.8809900e+05   4.6875000e+01
   1.0076070e+06   4.1748047e+01
   1.0482870e+06   5.1757812e+01
   1.0627790e+06   4.3395996e+01
   1.0646640e+06   4.0100098e+01
   1.0852500e+06   4.9499512e+01
   1.1195610e+06   4.3457031e+01
   1.1719740e+06   5.2551270e+01
   1.1800610e+06   4.7180176e+01
   1.2004180e+06   5.6762695e+01
   1.2163130e+06   4.0771484e+01
   1.2370650e+06   4.4860840e+01
   1.2626910e+06   5.2795410e+01
   1.3446980e+06   5.6518555e+01
   1.3451200e+06   4.7485352e+01
   1.4187720e+06   4.1931152e+01
   1.4833640e+06   5.2124023e+01
   1.5132030e+06   4.5593262e+01
   1.5624370e+06   5.7495117e+01
   1.6238710e+06   5.1696777e+01
   1.7457850e+06   5.8654785e+01
   1.7793850e+06   3.8879395e+01
   1.8180250e+06   5.4260254e+01
   1.8371180e+06   4.4738770e+01
   1.8759080e+06   5.6762695e+01
   1.8933340e+06   5.3649902e+01
   1.9609060e+06   4.4555664e+01
   1.9675370e+06   3.9306641e+01
   1.9806730e+06   4.8156738e+01
   2.0161270e+06   4.1992188e+01
   2.0359590e+06   5.0903320e+01
   2.0373270e+06   4.8889160e+01
   2.0707810e+06   4.6569824e+01
   2.0712810e+06   4.7058105e+01
   2.0892160e+06   4.9865723e+01
   2.1133880e+06   4.9072266e+01
   2.1442930e+06   5.6213379e+01
   2.1641210e+06   5.9692383e+01
   2.1644230e+06   4.0283203e+01
   2.1788220e+06   4.9987793e+01
   2.1855880e+06   4.2480469e+01
   2.2271440e+06   4.8828125e+01
   2.2278060e+06   4.3334961e+01
   2.2426820e+06   5.3405762e+01
   2.2736480e+06   4.4067383e+01
   2.2839600e+06   4.8645020e+01
   2.2985290e+06   5.3466797e+01
   2.3514140e+06   6.2438965e+01
   2.3964150e+06   5.5969238e+01
   2.4188010e+06   5.1635742e+01
   2.4191540e+06   4.1381836e+01
   2.4743620e+06   5.0720215e+01
   2.5325540e+06   6.0852051e+01
   2.5719600e+06   4.1198730e+01
   2.6007590e+06   4.8767090e+01
   2.6668690e+06   5.4626465e+01
   2.6677010e+06   4.4433594e+01
   2.6899780e+06   5.3955078e+01
   2.7352500e+06   4.3395996e+01
   2.7356450e+06   4.4128418e+01
   2.7540460e+06   5.4504395e+01
   2.7678730e+06   5.4626465e+01
   2.8002530e+06   4.9072266e+01
   2.8006690e+06   4.2358398e+01
   2.8121200e+06   3.8818359e+01
   2.8680940e+06   4.7302246e+01
   2.8836500e+06   6.2622070e+01
   2.9018160e+06   4.9926758e+01
   2.9123860e+06   5.5480957e+01
   2.9353130e+06   4.7851562e+01
   2.9707780e+06   5.3710938e+01
   2.9850410e+06   5.4748535e+01
   2.9909150e+06   5.0598145e+01
   3.0115660e+06   3.9062500e+01
   3.0217010e+06   6.1523438e+01
   3.0221030e+06   3.9611816e+01
   3.0463490e+06   4.5288086e+01
   3.0531460e+06   5.4565430e+01
   3.0746780e+06   4.8217773e+01
   3.0810490e+06   5.3955078e+01
   3.0949330e+06   3.9367676e+01
   3.0966520e+06   5.1208496e+01
   3.1218450e+06   5.0354004e+01
   3.1468870e+06   5.5603027e+01
   3.1915660e+06   4.5654297e+01
   3.2035800e+06   4.9804688e+01
   3.2110300e+06   4.3395996e+01
   3.2295380e+06   5.7250977e+01
   3.2413770e+06   5.1940918e+01
   3.2513690e+06   4.5837402e+01
   3.2594480e+06   4.6142578e+01
   3.2765680e+06   4.2236328e+01
   3.2980880e+06   4.7546387e+01
   3.3163760e+06   4.9133301e+01
   3.3433920e+06   4.9621582e+01
   3.3618500e+06   5.4809570e+01
   3.3837920e+06   5.7556152e+01
   3.4052460e+06   5.8715820e+01
   3.4155580e+06   3.9184570e+01
   3.4157770e+06   4.5043945e+01
   3.4320890e+06   5.6335449e+01
   3.4448290e+06   4.4860840e+01
   3.4644860e+06   5.0903320e+01
   3.4813560e+06   5.7250977e+01
   3.4953080e+06   4.6569824e+01
   3.4954160e+06   4.1748047e+01
   3.5109490e+06   4.8339844e+01
   3.5304550e+06   5.1330566e+01
   3.5307150e+06   3.8940430e+01
   3.5391700e+06   3.9123535e+01
   3.5560190e+06   5.1635742e+01
   3.5686630e+06   4.7302246e+01
   3.5689020e+06   3.9916992e+01
   3.5866860e+06   4.9011230e+01
   3.6167590e+06   3.9916992e+01
   3.6169520e+06   4.8706055e+01
   3.6176110e+06   4.5166016e+01
   3.6351210e+06   6.2133789e+01
   3.6387210e+06   5.6518555e+01
   3.6550670e+06   4.0039063e+01
   3.6627940e+06   4.5654297e+01
   3.6940140e+06   5.1330566e+01
   3.7078070e+06   4.0832520e+01
   3.7300830e+06   4.7180176e+01
   3.7303850e+06   4.5410156e+01
   3.7360030e+06   3.8879395e+01
   3.7567950e+06   5.5114746e+01
   3.7633250e+06   4.5593262e+01
   3.7760200e+06   4.9011230e+01
   3.7763000e+06   4.4006348e+01
   3.7921680e+06   3.9916992e+01
   3.8003070e+06   6.4575195e+01
   3.8078240e+06   4.0832520e+01
   3.8176920e+06   5.2185059e+01
   3.8179120e+06   4.0466309e+01
   3.8307100e+06   5.3710938e+01
   3.8370510e+06   5.2978516e+01
   3.8597340e+06   5.2734375e+01
   3.8601460e+06   4.0832520e+01
   3.8690740e+06   4.2297363e+01
   3.8810990e+06   5.2856445e+01
   3.8909770e+06   4.9438477e+01
   3.9084140e+06   4.0588379e+01
   3.9304890e+06   5.5725098e+01
   3.9359710e+06   5.2307129e+01
   3.9583290e+06   5.2368164e+01
   3.9585940e+06   3.9245605e+01
   3.9828930e+06   5.2612305e+01
   3.9899460e+06   5.7312012e+01
   4.0124650e+06   4.7363281e+01
   4.0491790e+06   5.5053711e+01
   4.0495200e+06   4.4982910e+01
   4.0751720e+06   4.4982910e+01
   4.0764310e+06   6.1218262e+01
   4.1012670e+06   4.0893555e+01
   4.1263650e+06   5.2917480e+01
   4.1537740e+06   5.5236816e+01
   4.1810160e+06   4.8645020e+01
   4.1904590e+06   4.6997070e+01
   4.2087840e+06   5.6884766e+01
   4.2091080e+06   4.7180176e+01
   4.2370080e+06   6.1096191e+01
   4.2524970e+06   4.1931152e+01
   4.2578690e+06   5.6274414e+01
   4.2581110e+06   4.0832520e+01
   4.2802570e+06   5.3771973e+01
   4.3332000e+06   4.9560547e+01
   4.3338000e+06   4.1992188e+01
   4.3643270e+06   5.0781250e+01
   4.3978290e+06   4.7302246e+01
   4.4136720e+06   4.6630859e+01
   4.4538070e+06   4.2175293e+01
   4.4688530e+06   5.2612305e+01
   4.4693220e+06   4.7119141e+01
   4.4855930e+06   5.8959961e+01
   4.5036220e+06   6.5307617e+01
   4.5109460e+06   4.5166016e+01
   4.5202920e+06   5.5114746e+01
   4.5394180e+06   5.5053711e+01
   4.5396550e+06   4.6752930e+01
   4.5589490e+06   5.4504395e+01
   4.5657710e+06   3.9428711e+01
   4.5970980e+06   5.4992676e+01
   4.5984210e+06   4.1503906e+01
   4.6178170e+06   3.8940430e+01
   4.6342200e+06   5.9265137e+01
   4.6512340e+06   4.7485352e+01
   4.6683770e+06   5.2185059e+01
   4.7109180e+06   5.2062988e+01
   4.7113740e+06   3.9794922e+01
   4.7146160e+06   4.4128418e+01
   4.7429780e+06   5.0231934e+01
   4.7432550e+06   4.8583984e+01
   4.7531760e+06   4.5837402e+01
   4.7534530e+06   4.2358398e+01
   4.7621660e+06   6.2011719e+01
   4.7625260e+06   4.5898438e+01
   4.7672700e+06   4.3395996e+01
   4.7951760e+06   4.5166016e+01
   4.8263700e+06   4.1748047e+01
   4.8516210e+06   4.1381836e+01
   4.8518940e+06   5.2734375e+01
   4.8525630e+06   4.0161133e+01
   4.8733590e+06   5.3161621e+01
   4.8849470e+06   4.9377441e+01
   4.8911410e+06   4.0344238e+01
   4.9087120e+06   6.0485840e+01
   4.9089200e+06   3.9428711e+01
   4.9453150e+06   5.4870605e+01
   4.9580860e+06   5.2551270e+01
   4.9587010e+06   4.9560547e+01
   4.9713910e+06   5.1757812e+01
   4.9927120e+06   4.4677734e+01
   4.9934250e+06   5.6945801e+01
   5.0070180e+06   4.5349121e+01
   5.0289540e+06   4.3273926e+01
   5.0351840e+06   6.4392090e+01
   5.0354590e+06   4.1198730e+01
   5.0604700e+06   4.4372559e+01
   5.0642860e+06   5.7189941e+01
   5.1330480e+06   5.3222656e+01
   5.1333650e+06   4.2602539e+01
   5.1526900e+06   6.1035156e+01
   5.1544550e+06   4.0283203e+01
   5.1625090e+06   4.8461914e+01
   5.1627580e+06   4.1992188e+01
   5.1829330e+06   5.5419922e+01
   5.2006610e+06   4.6203613e+01
   5.2009100e+06   3.9367676e+01
   5.2140220e+06   4.2846680e+01
   5.2332000e+06   6.3232422e+01
   5.2437230e+06   4.1992188e+01
   5.2518670e+06   5.2978516e+01
   5.2759240e+06   5.0659180e+01
   5.2867450e+06   4.4311523e+01
   5.3007720e+06   4.1198730e+01
   5.3008320e+06   5.0659180e+01
   5.3220760e+06   5.8105469e+01
   5.3224330e+06   4.0405273e+01
   5.3506380e+06   6.3110352e+01
   5.3508800e+06   4.7546387e+01
   5.3700310e+06   5.9753418e+01
   5.3777390e+06   3.9245605e+01
   5.4024580e+06   5.7800293e+01
   5.4103330e+06   4.0527344e+01
   5.4310540e+06   5.6213379e+01
   5.4313550e+06   4.6081543e+01
   5.4402060e+06   5.8593750e+01
   5.4528970e+06   4.7058105e+01
   5.4652170e+06   4.3579102e+01
   5.4694440e+06   5.3833008e+01
   5.4836310e+06   5.6518555e+01
   5.4838790e+06   4.0893555e+01
   5.4954450e+06   4.7180176e+01
   5.5178370e+06   4.7058105e+01
   5.5399340e+06   4.9316406e+01
   5.5565140e+06   5.9020996e+01
   5.5845650e+06   5.3833008e+01
   5.5848320e+06   4.0710449e+01
   5.6071860e+06   5.7067871e+01
   5.6074300e+06   4.0222168e+01
   5.6075690e+06   4.1931152e+01
   5.6356860e+06   6.4697266e+01
   5.6392150e+06   4.4372559e+01
   5.6533270e+06   5.1269531e+01
   5.6536890e+06   3.9306641e+01
   5.6742690e+06   5.9753418e+01
   5.6844060e+06   5.4138184e+01
   5.6897330e+06   3.8879395e+01
   5.7141980e+06   4.9499512e+01
   5.7366550e+06   4.7729492e+01
   5.7463440e+06   4.6508789e+01
   5.7469280e+06   3.9001465e+01
   5.7616020e+06   4.5715332e+01
   5.7713400e+06   4.5654297e+01
   5.8187630e+06   5.8837891e+01
   5.8199760e+06   4.3334961e+01
   5.8255830e+06   4.3151855e+01
   5.8502120e+06   5.8837891e+01
   5.8608660e+06   3.9733887e+01
   5.8623130e+06   5.0109863e+01
   5.8812280e+06   4.4372559e+01
   5.8935250e+06   5.7861328e+01
   5.8974590e+06   5.2001953e+01
   5.9440220e+06   5.2795410e+01
   5.9552750e+06   5.9997559e+01
   5.9556270e+06   3.8879395e+01
   5.9703050e+06   6.4331055e+01
   5.9707370e+06   4.7363281e+01
   5.9789890e+06   4.1015625e+01
   5.9887150e+06   4.9682617e+01
   6.0132990e+06   5.2551270e+01
   6.0417510e+06   5.6396484e+01
   6.0561300e+06   4.4860840e+01
   6.1072440e+06   6.2622070e+01
   6.1195670e+06   5.5175781e+01
   6.1537490e+06   5.7922363e+01
   6.1539610e+06   3.9001465e+01
   6.1791760e+06   5.8898926e+01
   6.2197730e+06   3.9306641e+01
   6.2202440e+06   5.9143066e+01
   6.2204920e+06   3.9855957e+01
   6.2583750e+06   6.9458008e+01
   6.2640610e+06   4.4372559e+01
   6.2833350e+06   6.2805176e+01
   6.2838400e+06   4.8645020e+01
   6.2928570e+06   3.9916992e+01
   6.3274550e+06   4.2663574e+01
   6.3276780e+06   5.9143066e+01
   6.3813960e+06   5.3100586e+01
   6.3816500e+06   4.1320801e+01
   6.3820060e+06   4.0649414e+01
   6.4083280e+06   6.9091797e+01
   6.4163140e+06   4.3884277e+01
   6.4307190e+06   3.9062500e+01
   6.5024650e+06   5.6640625e+01
   6.5026570e+06   4.4006348e+01
   6.5134940e+06   6.3720703e+01
   6.5137780e+06   4.4250488e+01
   6.5358970e+06   5.0842285e+01
   6.5414520e+06   5.6091309e+01
   6.5468890e+06   6.0424805e+01
   6.5601090e+06   5.7617188e+01
   6.5933580e+06   5.0476074e+01
   6.6648900e+06   6.1279297e+01
   6.6931500e+06   5.8837891e+01
   6.7236060e+06   4.0771484e+01
   6.7662490e+06   4.5227051e+01
   6.7748880e+06   5.2978516e+01
   6.7752010e+06   4.1625977e+01
   6.7903950e+06   5.6396484e+01
   6.7907910e+06   4.7912598e+01
   6.8396160e+06   5.4199219e+01
   6.8626590e+06   6.4270020e+01
   6.8629570e+06   4.4494629e+01
   6.8884120e+06   5.8105469e+01
   6.9167320e+06   3.9978027e+01
   6.9298440e+06   4.1625977e+01
   6.9444670e+06   3.9001465e+01
   6.9625410e+06   4.8645020e+01
   6.9636640e+06   4.9865723e+01
   6.9766370e+06   3.9672852e+01
   6.9906860e+06   6.3903809e+01
   6.9913460e+06   4.4006348e+01
   7.0257260e+06   4.5654297e+01
   7.0260640e+06   4.1931152e+01
   7.0793420e+06   5.5175781e+01
   7.0796980e+06   4.1198730e+01
   7.1104060e+06   6.6650391e+01
   7.1235840e+06   5.8410645e+01
   7.1239920e+06   3.9306641e+01
   7.1296610e+06   5.3161621e+01
   7.1452650e+06   5.6213379e+01
   7.1592320e+06   5.3344727e+01
   7.1823620e+06   5.4382324e+01
   7.1908860e+06   3.8879395e+01
   7.2054620e+06   5.6274414e+01
   7.2060080e+06   3.9428711e+01
   7.2251750e+06   6.7199707e+01
   7.2536790e+06   5.0354004e+01
   7.2760760e+06   4.8889160e+01
   7.2798970e+06   5.7800293e+01
   7.2801500e+06   3.9916992e+01
   7.3069300e+06   5.3283691e+01
   7.3072160e+06   4.4616699e+01
   7.3268690e+06   6.2744141e+01
   7.3657100e+06   4.8461914e+01
   7.3660830e+06   4.9011230e+01
   7.3878980e+06   6.0913086e+01
   7.3879470e+06   5.3405762e+01
   7.3880990e+06   4.1320801e+01
   7.4110560e+06   5.8898926e+01
   7.4113130e+06   4.0100098e+01
   7.4116510e+06   4.1748047e+01
   7.4301700e+06   4.1931152e+01
   7.4545950e+06   5.4260254e+01
   7.4706370e+06   5.2062988e+01
   7.4709410e+06   4.3701172e+01
   7.4921990e+06   5.8715820e+01
   7.5055930e+06   5.5236816e+01
   7.5058310e+06   4.1931152e+01
   7.5625490e+06   5.3405762e+01
   7.5751930e+06   4.2419434e+01
   7.5951700e+06   4.1870117e+01
   7.5966480e+06   5.8410645e+01
   7.6118880e+06   6.4819336e+01
   7.6230130e+06   4.1748047e+01
   7.6351810e+06   5.5114746e+01
   7.6354650e+06   4.0710449e+01
   7.6581190e+06   4.3457031e+01
   7.6878840e+06   5.7312012e+01
   7.6942280e+06   4.3518066e+01
   7.6958240e+06   5.5419922e+01
   7.7027590e+06   5.1940918e+01
   7.7139160e+06   4.8461914e+01
   7.7156020e+06   4.4067383e+01
   7.7166830e+06   3.9245605e+01
   7.7385480e+06   6.6467285e+01
   7.7447130e+06   4.2236328e+01
   7.7594000e+06   5.3161621e+01
   7.7764670e+06   4.3518066e+01
   7.7767060e+06   4.2968750e+01
   7.7768840e+06   4.1687012e+01
   7.7878950e+06   5.7617188e+01
   7.8158990e+06   4.2968750e+01
   7.8240640e+06   6.6406250e+01
   7.8752820e+06   5.7128906e+01
   7.8755720e+06   3.9611816e+01
   7.8951060e+06   4.9682617e+01
   7.8953230e+06   4.0100098e+01
   7.9319620e+06   5.7983398e+01
   7.9324330e+06   4.0649414e+01
   7.9400970e+06   4.4311523e+01
   7.9768950e+06   5.3955078e+01
   7.9776450e+06   4.2053223e+01
   8.0169370e+06   4.8828125e+01
   8.0174700e+06   4.0283203e+01
   8.0318770e+06   3.9245605e+01
   8.0504000e+06   4.4860840e+01
   8.0506440e+06   4.0832520e+01
   8.0580980e+06   4.1381836e+01
   8.0789220e+06   5.9326172e+01
   8.0792070e+06   4.3395996e+01
   8.0800470e+06   4.1381836e+01
   8.0983620e+06   5.4321289e+01
   8.1252920e+06   5.1879883e+01
   8.1310800e+06   4.0039062e+01
   8.1332800e+06   5.7495117e+01
   8.1523010e+06   4.4738770e+01
   8.1527710e+06   5.1818848e+01
   8.1530090e+06   4.5043945e+01
   8.1989480e+06   5.3100586e+01
   8.2003340e+06   4.5715332e+01
   8.2014350e+06   3.9184570e+01
   8.2184360e+06   4.7668457e+01
   8.2236180e+06   4.2907715e+01
   8.2514000e+06   3.9916992e+01
   8.2679710e+06   5.3344727e+01
   8.2684730e+06   5.2795410e+01
   8.3042900e+06   5.4626465e+01
   8.3046210e+06   4.2175293e+01
   8.3523860e+06   5.2368164e+01
   8.3526610e+06   4.1381836e+01
   8.3867950e+06   4.7363281e+01
   8.3928340e+06   5.8105469e+01
   8.3931620e+06   5.0903320e+01
   8.4085860e+06   4.0710449e+01
   8.4233420e+06   5.5297852e+01
   8.4236960e+06   4.1503906e+01
   8.4404650e+06   4.2236328e+01
   8.4468890e+06   5.4748535e+01
   8.4564970e+06   5.4931641e+01
   8.4624580e+06   4.0588379e+01
   8.4809370e+06   4.6386719e+01
   8.4932980e+06   5.1635742e+01
   8.4940230e+06   4.6997070e+01
   8.5210150e+06   4.7546387e+01
   8.5212210e+06   4.0710449e+01
   8.5432280e+06   5.0231934e+01
   8.5630040e+06   3.9978027e+01
   8.5712460e+06   4.9621582e+01
   8.5714720e+06   3.8940430e+01
   8.5974540e+06   5.6396484e+01
   8.6128400e+06   4.2175293e+01
   8.6295510e+06   5.4443359e+01
   8.6298470e+06   3.9001465e+01
   8.6484400e+06   6.0546875e+01
   8.6495470e+06   4.3090820e+01
   8.6637470e+06   5.3771973e+01
   8.6749210e+06   4.3151855e+01
   8.6893590e+06   4.5532227e+01
   8.6905570e+06   6.4270020e+01
   8.7001060e+06   5.2795410e+01
   8.7302960e+06   6.5124512e+01
   8.7524280e+06   4.4738770e+01
   8.7771110e+06   5.5541992e+01
   8.7993680e+06   5.6091309e+01
   8.8247410e+06   5.2673340e+01
   8.8322110e+06   6.1462402e+01
   8.8345330e+06   3.9733887e+01
   8.8572920e+06   4.8645020e+01
   8.8576880e+06   3.9550781e+01
   8.8723020e+06   4.1198730e+01
   8.8983450e+06   4.2175293e+01
   8.8984910e+06   5.4565430e+01
   8.9115130e+06   5.4992676e+01
   8.9118500e+06   3.9306641e+01
   8.9213760e+06   5.2978516e+01
   8.9396450e+06   5.8349609e+01
   8.9399400e+06   4.0954590e+01
   8.9621520e+06   5.4931641e+01
   8.9700090e+06   4.5227051e+01
   8.9706460e+06   5.3100586e+01
