   8.9990000e+06   0.0000000e+00
   1.7429900e+05   4.0588379e+01
   5.4397800e+05   3.8818359e+01
   8.0305600e+05   3.8391113e+01
   8.8356800e+05   4.1442871e+01
   9.4981800e+05   3.7963867e+01
   1.5580030e+06   3.9733887e+01
   2.0592950e+06   4.1748047e+01
   2.8724960e+06   3.8635254e+01
   3.0397050e+06   3.8452148e+01
   3.0482780e+06   3.8391113e+01
   3.2196360e+06   3.7658691e+01
   3.3302940e+06   3.7902832e+01
   3.3739840e+06   3.8513184e+01
   3.4886720e+06   3.8269043e+01
   3.4992830e+06   3.9550781e+01
   4.3276400e+06   3.8452148e+01
   4.4797180e+06   3.8757324e+01
   4.6267850e+06   3.8208008e+01
   4.6822510e+06   3.9306641e+01
   4.8536910e+06   4.1503906e+01
   4.9702890e+06   3.8208008e+01
   5.0546170e+06   4.1809082e+01
   5.3322010e+06   3.8757324e+01
   5.4257640e+06   3.9916992e+01
   5.4951810e+06   3.8513184e+01
   5.6465160e+06   3.8635254e+01
   5.6956620e+06   4.0344238e+01
   5.7232830e+06   4.0161133e+01
   5.8104960e+06   4.3090820e+01
   5.9321700e+06   3.7841797e+01
   5.9402920e+06   3.8208008e+01
   6.2403580e+06   3.7658691e+01
   6.2588480e+06   3.9978027e+01
   6.2839250e+06   3.8024902e+01
   6.4532770e+06   4.0039062e+01
   6.5904210e+06   3.8818359e+01
   6.6781740e+06   3.8879395e+01
   6.7235310e+06   3.8146973e+01
   6.7401220e+06   3.8574219e+01
   6.7940820e+06   4.0832520e+01
   7.5667290e+06   3.8146973e+01
   7.6808280e+06   3.8085938e+01
   7.9274630e+06   3.8024902e+01
   7.9842460e+06   4.0649414e+01
   8.0067790e+06   4.2480469e+01
   8.4319900e+06   4.2419434e+01
   8.4393630e+06   3.7902832e+01
   8.4754210e+06   3.8269043e+01
   8.9278540e+06   3.9245605e+01
