   8.9990000e+06   0.0000000e+00
   1.1190000e+04   3.5339355e+01
   8.1618000e+04   3.5217285e+01
   1.8215800e+05   3.6254883e+01
   2.2937500e+05   3.6376953e+01
   3.9552300e+05   3.5583496e+01
   5.0169400e+05   3.5339355e+01
   6.7743100e+05   3.7170410e+01
   9.5714200e+05   3.5034180e+01
   9.6710900e+05   3.8024902e+01
   1.0376370e+06   3.5400391e+01
   1.6683280e+06   3.6315918e+01
   1.9764590e+06   4.1076660e+01
   2.0582840e+06   3.5583496e+01
   2.2396460e+06   3.5827637e+01
   2.3178970e+06   3.7048340e+01
   2.3947420e+06   3.8513184e+01
   2.5477680e+06   3.6010742e+01
   3.1674970e+06   3.5339355e+01
   3.2208090e+06   3.5949707e+01
   3.3693300e+06   3.6560059e+01
   4.0491770e+06   3.5949707e+01
   4.0897490e+06   3.5583496e+01
   4.1738940e+06   3.5461426e+01
   4.2677490e+06   3.8696289e+01
   5.1030970e+06   4.0649414e+01
   5.8087140e+06   3.5766602e+01
   5.8916380e+06   3.8391113e+01
   6.0514450e+06   3.5034180e+01
   6.4505070e+06   3.5095215e+01
   6.7037420e+06   3.6193848e+01
   6.7542480e+06   3.7536621e+01
   7.0817330e+06   3.6132812e+01
   7.2943000e+06   3.7109375e+01
   7.3236340e+06   3.5034180e+01
   7.8709740e+06   3.7719727e+01
   7.8916570e+06   3.7475586e+01
   7.9815030e+06   3.5644531e+01
   7.9860170e+06   3.7048340e+01
   8.1939640e+06   3.5766602e+01
   8.9514290e+06   3.7292480e+01
