   8.9990000e+06   0.0000000e+00
   8.2390000e+03   7.5683594e+01
   2.0512000e+04   7.0556641e+01
   2.7629000e+04   7.2448730e+01
   2.7990000e+04   6.4392090e+01
   2.8384000e+04   4.5471191e+01
   2.8778000e+04   4.1870117e+01
   5.6064000e+04   5.5541992e+01
   6.5111000e+04   5.9936523e+01
   6.7424000e+04   4.3029785e+01
   6.9872000e+04   4.3579102e+01
   7.3884000e+04   7.2265625e+01
   8.4031000e+04   6.5612793e+01
   1.0171800e+05   7.6416016e+01
   1.0288400e+05   5.3649902e+01
   1.0328600e+05   6.0607910e+01
   1.0349000e+05   4.5654297e+01
   1.0573800e+05   4.2602539e+01
   1.3163500e+05   7.3730469e+01
   1.3185300e+05   5.5969238e+01
   1.3229300e+05   7.1228027e+01
   1.6358700e+05   7.3730469e+01
   1.6413700e+05   6.4147949e+01
   1.7379100e+05   7.7575684e+01
   1.7513700e+05   4.2114258e+01
   1.7532700e+05   5.5297852e+01
   1.7587000e+05   7.4157715e+01
   1.7674500e+05   4.1503906e+01
   1.8933500e+05   6.9396973e+01
   2.0659300e+05   7.1594238e+01
   2.1036200e+05   5.7250977e+01
   2.1945700e+05   9.1674805e+01
   2.3324300e+05   4.3518066e+01
   2.3490900e+05   8.1542969e+01
   2.4833800e+05   6.1096191e+01
   2.5096200e+05   6.3781738e+01
   2.7187500e+05   6.9335938e+01
   2.8851800e+05   7.7819824e+01
   3.0430000e+05   7.3669434e+01
   3.0466000e+05   6.7626953e+01
   3.1925500e+05   4.1931152e+01
   3.2576200e+05   8.4106445e+01
   3.3152800e+05   7.5256348e+01
   3.3211600e+05   6.6162109e+01
   3.3249300e+05   5.7067871e+01
   3.6834000e+05   6.9580078e+01
   3.8429100e+05   8.5327148e+01
   4.0147200e+05   4.4311523e+01
   4.0891800e+05   6.7382812e+01
   4.1056200e+05   6.9091797e+01
   4.1092700e+05   5.1879883e+01
   4.1152300e+05   5.5480957e+01
   4.1269400e+05   5.1635742e+01
   4.4304300e+05   7.7392578e+01
   4.4390600e+05   6.1889648e+01
   4.4675800e+05   6.8847656e+01
   4.4724100e+05   6.2255859e+01
   4.7198600e+05   6.3720703e+01
   4.7216500e+05   6.7443848e+01
   4.7243200e+05   5.8471680e+01
   5.0044400e+05   7.0495605e+01
   5.1681900e+05   7.2509766e+01
   5.1713800e+05   7.1899414e+01
   5.1743700e+05   5.5847168e+01
   5.2511600e+05   4.3457031e+01
   5.3303800e+05   4.3823242e+01
   5.4651800e+05   4.3579102e+01
   5.5274900e+05   7.4035645e+01
   5.6388900e+05   6.6772461e+01
   5.6535800e+05   5.9020996e+01
   5.6730200e+05   6.1645508e+01
   5.8250100e+05   7.2692871e+01
   5.9143200e+05   6.2805176e+01
   6.0655500e+05   7.8063965e+01
   6.1076000e+05   6.9274902e+01
   6.1103600e+05   5.3771973e+01
   6.3401500e+05   7.0251465e+01
   6.3933900e+05   7.5073242e+01
   6.4156600e+05   6.4575195e+01
   6.4199300e+05   6.2133789e+01
   6.5503600e+05   8.7097168e+01
   6.6114300e+05   6.5063477e+01
   6.6146800e+05   6.5917969e+01
   6.6179700e+05   4.6752930e+01
   6.8561700e+05   6.0424805e+01
   6.8614300e+05   7.1594238e+01
   6.8656200e+05   6.1828613e+01
   6.8725400e+05   6.0791016e+01
   7.1491100e+05   4.6447754e+01
   7.1699000e+05   7.0251465e+01
   7.3011600e+05   7.2998047e+01
   7.3108500e+05   6.8786621e+01
   7.4760600e+05   7.2448730e+01
   7.5690300e+05   4.3518066e+01
   7.7858500e+05   7.7087402e+01
   7.7896300e+05   6.3415527e+01
   7.7954200e+05   5.3771973e+01
   7.8008500e+05   5.2307129e+01
   7.9980700e+05   6.6894531e+01
   8.0018200e+05   5.5358887e+01
   8.0044500e+05   5.3222656e+01
   8.0068900e+05   5.0537109e+01
   8.3012200e+05   7.2021484e+01
   8.3340100e+05   7.4462891e+01
   8.3395200e+05   7.1594238e+01
   8.6401500e+05   8.6303711e+01
   8.7864000e+05   4.7485352e+01
   8.7943200e+05   7.4035645e+01
   8.8812700e+05   4.3701172e+01
   9.0531500e+05   7.5683594e+01
   9.0547300e+05   6.5856934e+01
   9.0618800e+05   6.9152832e+01
   9.0767000e+05   6.2561035e+01
   9.0902300e+05   4.4128418e+01
   9.2252300e+05   4.1992188e+01
   9.3316900e+05   7.7880859e+01
   9.4530600e+05   7.1533203e+01
   9.4917600e+05   4.4677734e+01
   9.6636900e+05   7.1166992e+01
   9.6682000e+05   7.5012207e+01
   9.6734200e+05   6.5856934e+01
   9.6780200e+05   5.1269531e+01
   9.8019500e+05   4.8461914e+01
   9.8250200e+05   7.4157715e+01
   9.9779400e+05   7.5378418e+01
   1.0135070e+06   4.3701172e+01
   1.0137440e+06   7.5073242e+01
   1.0138830e+06   4.3151855e+01
   1.0143910e+06   7.3486328e+01
   1.0150130e+06   6.5063477e+01
   1.0153920e+06   4.8339844e+01
   1.0226860e+06   4.1687012e+01
   1.0446720e+06   7.2204590e+01
   1.0451740e+06   7.0251465e+01
   1.0454900e+06   6.4697266e+01
   1.0463180e+06   4.6264648e+01
   1.0598980e+06   7.0617676e+01
   1.0765210e+06   9.2346191e+01
   1.0773240e+06   6.5307617e+01
   1.0774730e+06   4.2358398e+01
   1.0779620e+06   5.8044434e+01
   1.0782480e+06   4.7851562e+01
   1.0812740e+06   4.4311523e+01
   1.1051820e+06   6.7932129e+01
   1.1061320e+06   7.5744629e+01
   1.1064870e+06   5.1208496e+01
   1.1067390e+06   5.4138184e+01
   1.1387710e+06   6.4147949e+01
   1.1450750e+06   4.3640137e+01
   1.1655310e+06   6.8725586e+01
   1.1706490e+06   4.4128418e+01
   1.1734520e+06   7.7453613e+01
   1.1741910e+06   4.1931152e+01
   1.1890320e+06   7.0068359e+01
   1.1903690e+06   6.3537598e+01
   1.1908060e+06   6.4025879e+01
   1.1916770e+06   6.0180664e+01
   1.1925370e+06   6.1889648e+01
   1.1929610e+06   4.5349121e+01
   1.2100810e+06   5.2978516e+01
   1.2260670e+06   7.2448730e+01
   1.2371740e+06   5.8715820e+01
   1.2538970e+06   7.9467773e+01
   1.2543260e+06   7.4645996e+01
   1.2553740e+06   6.3415527e+01
   1.2555000e+06   4.8156738e+01
   1.2825100e+06   4.1564941e+01
   1.2857120e+06   4.3640137e+01
   1.3016760e+06   7.9528809e+01
   1.3024500e+06   6.7077637e+01
   1.3031650e+06   5.1818848e+01
   1.3327190e+06   7.6477051e+01
   1.3336050e+06   6.5124512e+01
   1.3410540e+06   4.1809082e+01
   1.3488660e+06   6.5917969e+01
   1.3494090e+06   5.9753418e+01
   1.3507460e+06   5.6396484e+01
   1.3512170e+06   4.7973633e+01
   1.3516640e+06   4.8339844e+01
   1.3647710e+06   4.3090820e+01
   1.3767670e+06   4.2785645e+01
   1.3771740e+06   7.0922852e+01
   1.3774040e+06   6.3049316e+01
   1.3779390e+06   5.6640625e+01
   1.3990860e+06   7.1899414e+01
   1.4010900e+06   6.8542480e+01
   1.4018090e+06   5.8715820e+01
   1.4019500e+06   5.0842285e+01
   1.4061400e+06   4.3579102e+01
   1.4350560e+06   7.7697754e+01
   1.4420900e+06   4.4494629e+01
   1.4485510e+06   6.6772461e+01
   1.4491640e+06   6.6406250e+01
   1.4584230e+06   4.2541504e+01
   1.4625200e+06   4.6569824e+01
   1.4632350e+06   4.2053223e+01
   1.4738550e+06   7.3608398e+01
   1.4744540e+06   8.7097168e+01
   1.4749590e+06   6.8664551e+01
   1.4753010e+06   6.7749023e+01
   1.4811770e+06   4.1687012e+01
   1.5030210e+06   8.5937500e+01
   1.5032550e+06   7.0800781e+01
   1.5035010e+06   5.2795410e+01
   1.5037510e+06   4.2175293e+01
   1.5043980e+06   6.8664551e+01
   1.5059330e+06   4.1442871e+01
   1.5264730e+06   4.2114258e+01
   1.5291300e+06   6.6528320e+01
   1.5421150e+06   4.2236328e+01
   1.5446570e+06   8.1115723e+01
   1.5451360e+06   6.8298340e+01
   1.5456750e+06   6.3964844e+01
   1.5459850e+06   6.3049316e+01
   1.5461800e+06   5.2490234e+01
   1.5613730e+06   4.1809082e+01
   1.5627380e+06   8.8378906e+01
   1.5631780e+06   6.3964844e+01
   1.5641740e+06   5.7373047e+01
   1.5734970e+06   6.9335938e+01
   1.5956760e+06   5.6274414e+01
   1.5963470e+06   7.0922852e+01
   1.5979400e+06   7.5134277e+01
   1.5985260e+06   5.3833008e+01
   1.6120360e+06   6.5002441e+01
   1.6122390e+06   6.3659668e+01
   1.6127280e+06   6.0058594e+01
   1.6146390e+06   4.5654297e+01
   1.6267090e+06   4.6386719e+01
   1.6374370e+06   4.2236328e+01
   1.6453590e+06   7.5500488e+01
   1.6461150e+06   6.6223145e+01
   1.6463170e+06   6.2194824e+01
   1.6466090e+06   4.7668457e+01
   1.6511700e+06   4.7180176e+01
   1.6546900e+06   4.4616699e+01
   1.6726790e+06   6.2805176e+01
   1.6762850e+06   7.9589844e+01
   1.6898810e+06   7.3547363e+01
   1.6902240e+06   7.4035645e+01
   1.7079420e+06   7.8063965e+01
   1.7187170e+06   7.6110840e+01
   1.7298470e+06   9.1430664e+01
   1.7380480e+06   4.3029785e+01
   1.7471760e+06   7.1044922e+01
   1.7487450e+06   7.0190430e+01
   1.7684770e+06   4.2602539e+01
   1.7690040e+06   7.5439453e+01
   1.7763830e+06   7.5866699e+01
   1.7864550e+06   4.1809082e+01
   1.7869030e+06   7.3974609e+01
   1.7959910e+06   7.7697754e+01
   1.7965280e+06   7.2082520e+01
   1.8313360e+06   6.6345215e+01
   1.8378590e+06   4.1564941e+01
   1.8394460e+06   8.4289551e+01
   1.8400660e+06   7.8979492e+01
   1.8519960e+06   4.1503906e+01
   1.8542420e+06   6.6467285e+01
   1.8546860e+06   6.7199707e+01
   1.8551430e+06   5.7922363e+01
   1.8557810e+06   6.3049316e+01
   1.8561220e+06   4.2663574e+01
   1.8853790e+06   4.1748047e+01
   1.8893360e+06   7.9528809e+01
   1.8897600e+06   6.8542480e+01
   1.8901380e+06   6.6101074e+01
   1.8908870e+06   6.6040039e+01
   1.9039000e+06   7.5988770e+01
   1.9054200e+06   8.3923340e+01
   1.9064930e+06   6.0607910e+01
   1.9068790e+06   6.4147949e+01
   1.9073160e+06   5.7617188e+01
   1.9299460e+06   6.3476562e+01
   1.9468740e+06   6.7993164e+01
   1.9477370e+06   6.6406250e+01
   1.9479940e+06   6.8786621e+01
   1.9516960e+06   4.1564941e+01
   1.9610680e+06   4.3884277e+01
   1.9616140e+06   7.5500488e+01
   1.9623810e+06   7.3120117e+01
   1.9741870e+06   7.1044922e+01
   1.9931150e+06   7.7880859e+01
   2.0000430e+06   8.1542969e+01
   2.0056120e+06   4.2724609e+01
   2.0142120e+06   7.7331543e+01
   2.0172890e+06   7.7209473e+01
   2.0180130e+06   7.7148438e+01
   2.0421040e+06   6.9702148e+01
   2.0438460e+06   8.5266113e+01
   2.0464310e+06   4.4128418e+01
   2.0545720e+06   4.4250488e+01
   2.0663910e+06   4.6508789e+01
   2.0680150e+06   8.4472656e+01
   2.0702690e+06   7.8552246e+01
   2.0708320e+06   6.2927246e+01
   2.0712800e+06   6.9641113e+01
   2.0901990e+06   7.1716309e+01
   2.0905130e+06   6.5490723e+01
   2.0911120e+06   7.7758789e+01
   2.0914060e+06   6.9946289e+01
   2.0968350e+06   7.0617676e+01
   2.1192310e+06   7.2448730e+01
   2.1260040e+06   8.3801270e+01
   2.1349430e+06   8.3435059e+01
   2.1424240e+06   7.9528809e+01
   2.1425950e+06   6.6406250e+01
   2.1430310e+06   5.9936523e+01
   2.1433440e+06   5.2917480e+01
   2.1716410e+06   4.1503906e+01
   2.1716880e+06   7.2509766e+01
   2.1828310e+06   7.3364258e+01
   2.1840780e+06   8.0261230e+01
   2.1852180e+06   5.2246094e+01
   2.1920010e+06   4.3884277e+01
   2.2005500e+06   7.8918457e+01
   2.2031960e+06   4.3945312e+01
   2.2057200e+06   8.2641602e+01
   2.2060760e+06   4.3518066e+01
   2.2062850e+06   7.2082520e+01
   2.2066740e+06   7.1044922e+01
   2.2071590e+06   5.6152344e+01
   2.2214930e+06   4.1870117e+01
   2.2395570e+06   4.8889160e+01
   2.2404190e+06   7.4890137e+01
   2.2406160e+06   7.0556641e+01
   2.2410150e+06   5.0354004e+01
   2.2413680e+06   5.1513672e+01
   2.2417000e+06   4.3273926e+01
   2.2433000e+06   4.1931152e+01
   2.2490960e+06   4.1809082e+01
   2.2655480e+06   7.8735352e+01
   2.2659230e+06   6.2133789e+01
   2.2678080e+06   4.1748047e+01
   2.2703000e+06   6.2133789e+01
   2.2756150e+06   4.6081543e+01
   2.2982860e+06   7.4584961e+01
   2.3009410e+06   4.4677734e+01
   2.3212990e+06   4.1687012e+01
   2.3255360e+06   9.0454102e+01
   2.3470730e+06   7.3791504e+01
   2.3475710e+06   6.6101074e+01
   2.3481760e+06   7.1838379e+01
   2.3628160e+06   4.1625977e+01
   2.3754830e+06   7.1777344e+01
   2.3786490e+06   4.3701172e+01
   2.3943260e+06   6.0607910e+01
   2.3944900e+06   4.4433594e+01
   2.3948580e+06   5.5053711e+01
   2.3951780e+06   5.4565430e+01
   2.4203530e+06   7.5317383e+01
   2.4232390e+06   4.5654297e+01
   2.4260640e+06   4.1992188e+01
   2.4268080e+06   7.7087402e+01
   2.4358900e+06   4.2358398e+01
   2.4402540e+06   4.5776367e+01
   2.4418390e+06   7.3242188e+01
   2.4441360e+06   4.7119141e+01
   2.4579390e+06   7.5561523e+01
   2.4659480e+06   7.7941895e+01
   2.4663800e+06   6.5002441e+01
   2.4667600e+06   7.3852539e+01
   2.4674460e+06   6.3537598e+01
   2.4678800e+06   4.5715332e+01
   2.4689520e+06   4.2175293e+01
   2.4846660e+06   7.0312500e+01
   2.4862180e+06   6.6528320e+01
   2.4882690e+06   6.5856934e+01
   2.4892380e+06   4.7912598e+01
   2.4923640e+06   6.2316895e+01
   2.4928800e+06   6.1462402e+01
   2.4932000e+06   4.1931152e+01
   2.4932710e+06   5.5847168e+01
   2.5091230e+06   7.8186035e+01
   2.5095260e+06   7.3913574e+01
   2.5098120e+06   4.3212891e+01
   2.5098940e+06   6.2805176e+01
   2.5102440e+06   4.9072266e+01
   2.5105290e+06   4.8828125e+01
   2.5366930e+06   7.2021484e+01
   2.5369100e+06   6.3110352e+01
   2.5375500e+06   6.7504883e+01
   2.5382170e+06   7.5256348e+01
   2.5501430e+06   6.9946289e+01
   2.5508300e+06   6.8603516e+01
   2.5689620e+06   6.8786621e+01
   2.5702880e+06   6.1157227e+01
   2.5713200e+06   6.9213867e+01
   2.5722670e+06   4.3945312e+01
   2.5854500e+06   7.2143555e+01
   2.5970270e+06   7.9467773e+01
   2.6143200e+06   7.9589844e+01
   2.6160520e+06   7.0983887e+01
   2.6207830e+06   4.3945312e+01
   2.6310350e+06   7.6171875e+01
   2.6347430e+06   8.6975098e+01
   2.6350320e+06   6.7687988e+01
   2.6359330e+06   7.4707031e+01
   2.6361860e+06   6.2316895e+01
   2.6517850e+06   6.9885254e+01
   2.6553670e+06   4.4250488e+01
   2.6713730e+06   4.1748047e+01
   2.6778940e+06   7.9895020e+01
   2.6802570e+06   4.3701172e+01
   2.6912080e+06   4.1442871e+01
   2.7001480e+06   7.8369141e+01
   2.7105880e+06   8.2092285e+01
   2.7120850e+06   6.9580078e+01
   2.7191130e+06   4.3457031e+01
   2.7196710e+06   4.9072266e+01
   2.7224280e+06   9.0820312e+01
   2.7227750e+06   7.2143555e+01
   2.7230530e+06   5.7983398e+01
   2.7232520e+06   5.1025391e+01
   2.7535660e+06   7.9650879e+01
   2.7537870e+06   7.4279785e+01
   2.7775570e+06   7.3120117e+01
   2.7822010e+06   6.7199707e+01
   2.7832940e+06   7.6293945e+01
   2.7835860e+06   7.7636719e+01
   2.7838980e+06   5.0170898e+01
   2.7964650e+06   4.1748047e+01
   2.7967350e+06   4.6020508e+01
   2.8040160e+06   4.3273926e+01
   2.8088560e+06   8.5937500e+01
   2.8089770e+06   5.2368164e+01
   2.8099450e+06   6.7138672e+01
   2.8103810e+06   5.1452637e+01
   2.8239170e+06   7.4890137e+01
   2.8376090e+06   8.4350586e+01
   2.8377450e+06   6.8054199e+01
   2.8381730e+06   6.9519043e+01
   2.8384870e+06   5.3771973e+01
   2.8388950e+06   4.6997070e+01
   2.8464880e+06   4.6997070e+01
   2.8638430e+06   6.7443848e+01
   2.8642560e+06   4.2846680e+01
   2.8646820e+06   6.9274902e+01
   2.8651540e+06   5.6152344e+01
   2.8655100e+06   5.7006836e+01
   2.8660120e+06   5.2734375e+01
   2.8853180e+06   7.6232910e+01
   2.8980440e+06   8.0200195e+01
   2.8989150e+06   7.1411133e+01
   2.8992730e+06   6.9091797e+01
   2.8996600e+06   6.0607910e+01
   2.9002630e+06   5.6518555e+01
   2.9187660e+06   4.1809082e+01
   2.9301490e+06   1.0382080e+02
   2.9337930e+06   7.7575684e+01
   2.9343600e+06   6.3293457e+01
   2.9481880e+06   6.4575195e+01
   2.9486260e+06   6.5490723e+01
   2.9494170e+06   6.4086914e+01
   2.9498180e+06   5.5847168e+01
   2.9668470e+06   6.9580078e+01
   2.9712210e+06   6.7749023e+01
   2.9752830e+06   6.8054199e+01
   2.9925160e+06   4.1687012e+01
   2.9957720e+06   8.1970215e+01
   3.0331340e+06   7.2326660e+01
   3.0335360e+06   7.1960449e+01
   3.0339630e+06   7.4829102e+01
   3.0343420e+06   5.6823730e+01
   3.0349480e+06   5.4260254e+01
   3.0602910e+06   6.5429688e+01
   3.0609230e+06   6.3842773e+01
   3.0739580e+06   6.9519043e+01
   3.0740860e+06   6.2011719e+01
   3.0798690e+06   4.2175293e+01
   3.0842160e+06   7.5744629e+01
   3.0925850e+06   5.3955078e+01
   3.1143910e+06   6.1584473e+01
   3.1146150e+06   8.0810547e+01
   3.1151270e+06   6.8054199e+01
   3.1153520e+06   5.5664062e+01
   3.1287510e+06   4.1809082e+01
   3.1404550e+06   4.3884277e+01
   3.1479020e+06   7.8369141e+01
   3.1483770e+06   8.4594727e+01
   3.1489860e+06   7.6171875e+01
   3.1535830e+06   7.4768066e+01
   3.1696420e+06   7.7209473e+01
   3.1848190e+06   7.6110840e+01
   3.1854390e+06   7.0251465e+01
   3.1861330e+06   5.5969238e+01
   3.1865840e+06   4.5898438e+01
   3.2034340e+06   4.3334961e+01
   3.2185900e+06   8.2641602e+01
   3.2328660e+06   8.6303711e+01
   3.2336840e+06   7.3364258e+01
   3.2400390e+06   7.5195312e+01
   3.2405130e+06   6.5856934e+01
   3.2514690e+06   7.6477051e+01
   3.2569340e+06   7.1838379e+01
   3.2578340e+06   6.8420410e+01
   3.2581180e+06   6.4514160e+01
   3.2738230e+06   4.2053223e+01
   3.2751890e+06   4.7119141e+01
   3.2797930e+06   7.9650879e+01
   3.2803360e+06   7.1289062e+01
   3.3024190e+06   9.8999023e+01
   3.3163520e+06   8.3435059e+01
   3.3185240e+06   6.8054199e+01
   3.3284550e+06   8.1115723e+01
   3.3288620e+06   7.2448730e+01
   3.3295490e+06   5.2917480e+01
   3.3303530e+06   6.4758301e+01
   3.3379840e+06   4.7119141e+01
   3.3443330e+06   8.4045410e+01
   3.3502500e+06   6.4819336e+01
   3.3507080e+06   6.5795898e+01
   3.3513490e+06   5.3833008e+01
   3.3517240e+06   4.8583984e+01
   3.3702930e+06   4.2358398e+01
   3.3768970e+06   8.4838867e+01
   3.3774290e+06   6.5979004e+01
   3.3859730e+06   4.7912598e+01
   3.3867350e+06   7.2448730e+01
   3.3870860e+06   4.2358398e+01
   3.3871610e+06   6.8664551e+01
   3.3885590e+06   8.9782715e+01
   3.3891850e+06   5.0170898e+01
   3.3894680e+06   4.5898438e+01
   3.4041530e+06   4.2297363e+01
   3.4055640e+06   4.1442871e+01
   3.4100940e+06   7.7941895e+01
   3.4111260e+06   6.3476562e+01
   3.4185000e+06   4.3212891e+01
   3.4285770e+06   4.2846680e+01
   3.4333920e+06   4.2236328e+01
   3.4360120e+06   7.1777344e+01
   3.4401160e+06   7.2326660e+01
   3.4471190e+06   4.1564941e+01
   3.4486670e+06   7.3913574e+01
   3.4493650e+06   6.1157227e+01
   3.4500510e+06   5.9936523e+01
   3.4624290e+06   7.3547363e+01
   3.4626920e+06   8.2580566e+01
   3.4632240e+06   5.4443359e+01
   3.4634160e+06   4.4067383e+01
   3.4641760e+06   4.3090820e+01
   3.4884770e+06   4.2785645e+01
   3.4955850e+06   8.0322266e+01
   3.5010660e+06   7.2875977e+01
   3.5079090e+06   7.2875977e+01
   3.5080250e+06   6.5429688e+01
   3.5083880e+06   5.5480957e+01
   3.5086350e+06   4.3701172e+01
   3.5088700e+06   4.2968750e+01
   3.5274650e+06   7.3608398e+01
   3.5277470e+06   5.3100586e+01
   3.5341070e+06   6.5246582e+01
   3.5472710e+06   7.2631836e+01
   3.5499380e+06   7.1166992e+01
   3.5509380e+06   6.4758301e+01
   3.5606840e+06   6.5063477e+01
   3.5731770e+06   6.8420410e+01
   3.5913010e+06   8.2580566e+01
   3.5916190e+06   5.7556152e+01
   3.5918720e+06   6.0241699e+01
   3.5922540e+06   5.1330566e+01
   3.5937860e+06   4.9072266e+01
   3.5942230e+06   4.5288086e+01
   3.6191630e+06   5.8166504e+01
   3.6358070e+06   8.3374023e+01
   3.6531400e+06   7.3120117e+01
   3.6535460e+06   7.2509766e+01
   3.6638090e+06   6.7138672e+01
   3.6642860e+06   7.3425293e+01
   3.6754290e+06   4.4067383e+01
   3.6863250e+06   7.9406738e+01
   3.6864920e+06   6.0852051e+01
   3.6867090e+06   5.8227539e+01
   3.7113380e+06   8.9416504e+01
   3.7141460e+06   6.4514160e+01
   3.7250280e+06   7.2204590e+01
   3.7253840e+06   7.1899414e+01
   3.7441460e+06   4.3579102e+01
   3.7488080e+06   7.5622559e+01
   3.7498330e+06   8.0383301e+01
   3.7588090e+06   7.3547363e+01
   3.7591440e+06   6.7016602e+01
   3.7599510e+06   6.4270020e+01
   3.7682490e+06   6.2438965e+01
   3.7691460e+06   5.9204102e+01
   3.7694760e+06   4.7851562e+01
   3.7973600e+06   4.2419434e+01
   3.8004530e+06   8.8073730e+01
   3.8012610e+06   7.0007324e+01
   3.8018060e+06   6.0424805e+01
   3.8051210e+06   6.5490723e+01
   3.8134190e+06   8.2153320e+01
   3.8211420e+06   4.8828125e+01
   3.8212480e+06   7.6354980e+01
   3.8223730e+06   6.7993164e+01
   3.8225790e+06   4.7851563e+01
   3.8289280e+06   4.2724609e+01
   3.8442340e+06   4.1687012e+01
   3.8497330e+06   4.7485352e+01
   3.8542930e+06   7.5012207e+01
   3.8548990e+06   6.7077637e+01
   3.8621200e+06   8.1726074e+01
   3.8625410e+06   6.8054199e+01
   3.8627650e+06   5.5725098e+01
   3.8629570e+06   4.3640137e+01
   3.8826860e+06   6.8664551e+01
   3.8833110e+06   7.4462891e+01
   3.8835200e+06   4.9743652e+01
   3.8838430e+06   5.2185059e+01
   3.8840800e+06   4.2785645e+01
   3.9012580e+06   7.4340820e+01
   3.9015980e+06   6.7016602e+01
   3.9018380e+06   4.9194336e+01
   3.9020270e+06   4.2297363e+01
   3.9270870e+06   6.8481445e+01
   3.9275070e+06   6.5673828e+01
   3.9282650e+06   7.2326660e+01
   3.9335920e+06   6.9641113e+01
   3.9421610e+06   6.9763184e+01
   3.9424250e+06   6.4086914e+01
   3.9427010e+06   6.8542480e+01
   3.9561720e+06   7.7392578e+01
   3.9574040e+06   6.3903809e+01
   3.9620690e+06   7.4035645e+01
   3.9632470e+06   6.0180664e+01
   3.9638690e+06   6.4819336e+01
   3.9702560e+06   4.4189453e+01
   3.9762520e+06   5.7067871e+01
   3.9814200e+06   7.3730469e+01
   3.9816310e+06   6.7749023e+01
   3.9818490e+06   4.6142578e+01
   3.9956450e+06   5.7922363e+01
   3.9958000e+06   4.8461914e+01
   3.9965120e+06   6.2255859e+01
   4.0118890e+06   4.3090820e+01
   4.0124630e+06   7.0800781e+01
   4.0137350e+06   6.2011719e+01
   4.0140690e+06   5.2978516e+01
   4.0145060e+06   5.7434082e+01
   4.0156160e+06   4.2724609e+01
   4.0290030e+06   5.9143066e+01
   4.0296470e+06   4.1687012e+01
   4.0297230e+06   6.6711426e+01
   4.0301660e+06   5.2001953e+01
   4.0303890e+06   4.7729492e+01
   4.0383060e+06   4.1625977e+01
   4.0483730e+06   6.9824219e+01
   4.0506460e+06   5.6823730e+01
   4.0593210e+06   6.6223145e+01
   4.0601220e+06   6.6711426e+01
   4.0605670e+06   5.5969238e+01
   4.0649240e+06   4.1503906e+01
   4.0790430e+06   6.1340332e+01
   4.0792820e+06   5.8105469e+01
   4.0819930e+06   4.2175293e+01
   4.0913150e+06   7.4340820e+01
   4.1093650e+06   6.4392090e+01
   4.1099920e+06   6.5063477e+01
   4.1101870e+06   5.8288574e+01
   4.1104750e+06   4.3762207e+01
   4.1276270e+06   7.0617676e+01
   4.1280470e+06   6.4758301e+01
   4.1283380e+06   5.7983398e+01
   4.1285690e+06   4.4494629e+01
   4.1415370e+06   4.2480469e+01
   4.1458210e+06   7.0373535e+01
   4.1461260e+06   6.1401367e+01
   4.1468940e+06   6.0546875e+01
   4.1471950e+06   5.2429199e+01
   4.1475560e+06   5.3039551e+01
   4.1475770e+06   4.3579102e+01
   4.1479510e+06   4.1687012e+01
   4.1501500e+06   4.2541504e+01
   4.1636390e+06   6.7382813e+01
   4.1690610e+06   4.2175293e+01
   4.1822230e+06   7.2387695e+01
   4.1829150e+06   7.6660156e+01
   4.1871190e+06   4.6569824e+01
   4.2007600e+06   7.1289062e+01
   4.2012530e+06   6.4880371e+01
   4.2015360e+06   6.5917969e+01
   4.2017550e+06   5.4687500e+01
   4.2192500e+06   8.5571289e+01
   4.2199510e+06   8.8562012e+01
   4.2261220e+06   4.2541504e+01
   4.2262320e+06   7.5134277e+01
   4.2265800e+06   5.2185059e+01
   4.2362610e+06   6.6406250e+01
   4.2469100e+06   5.9631348e+01
   4.2480310e+06   4.4799805e+01
   4.2613080e+06   9.2102051e+01
   4.2670710e+06   7.7392578e+01
   4.2673490e+06   5.8471680e+01
   4.2675840e+06   5.4504395e+01
   4.2679420e+06   4.8217773e+01
   4.2850760e+06   4.4982910e+01
   4.2884440e+06   7.3242188e+01
   4.2894840e+06   6.5246582e+01
   4.2896630e+06   5.3833008e+01
   4.2900170e+06   5.8654785e+01
   4.2944650e+06   4.5593262e+01
   4.3085350e+06   7.0434570e+01
   4.3190130e+06   8.6853027e+01
   4.3275600e+06   8.0261230e+01
   4.3284940e+06   6.4392090e+01
   4.3289950e+06   6.5246582e+01
   4.3307630e+06   4.5349121e+01
   4.3380410e+06   4.2114258e+01
   4.3433160e+06   6.6223145e+01
   4.3480620e+06   4.7729492e+01
   4.3494230e+06   5.9020996e+01
   4.3497270e+06   5.9875488e+01
   4.3501080e+06   5.0231934e+01
   4.3638490e+06   4.2053223e+01
   4.3641430e+06   8.1542969e+01
   4.3829220e+06   8.0627441e+01
   4.3874210e+06   6.3415527e+01
   4.3876580e+06   5.0415039e+01
   4.4040830e+06   4.1748047e+01
   4.4132410e+06   4.2358398e+01
   4.4138370e+06   7.3059082e+01
   4.4143750e+06   6.0119629e+01
   4.4148150e+06   5.8654785e+01
   4.4150710e+06   4.5471191e+01
   4.4292950e+06   4.3884277e+01
   4.4354130e+06   4.9011230e+01
   4.4450290e+06   9.8510742e+01
   4.4499920e+06   7.1289063e+01
   4.4540170e+06   4.2785645e+01
   4.4572770e+06   6.6284180e+01
   4.4613310e+06   6.8115234e+01
   4.4617750e+06   5.2978516e+01
   4.4739650e+06   6.3781738e+01
   4.4746690e+06   6.2866211e+01
   4.4753110e+06   5.6823730e+01
   4.4760800e+06   4.7607422e+01
   4.4943780e+06   4.1564941e+01
   4.5064190e+06   7.9284668e+01
   4.5141580e+06   4.5776367e+01
   4.5169770e+06   6.5429688e+01
   4.5178380e+06   6.0058594e+01
   4.5181180e+06   5.1330566e+01
   4.5268400e+06   6.9885254e+01
   4.5303150e+06   4.5166016e+01
   4.5309770e+06   7.6354980e+01
   4.5314450e+06   6.0363770e+01
   4.5316570e+06   6.0180664e+01
   4.5323050e+06   4.3945312e+01
   4.5361800e+06   4.1687012e+01
   4.5504770e+06   4.1442871e+01
   4.5547900e+06   7.7697754e+01
   4.5551810e+06   5.8410645e+01
   4.5559290e+06   5.6884766e+01
   4.5579630e+06   4.3090820e+01
   4.5680680e+06   8.1909180e+01
   4.5690980e+06   5.6274414e+01
   4.5694300e+06   4.8278809e+01
   4.5954800e+06   4.2419434e+01
   4.5973660e+06   6.3720703e+01
   4.5979850e+06   6.6223145e+01
   4.6126520e+06   8.6914062e+01
   4.6202290e+06   7.1899414e+01
   4.6204920e+06   6.5612793e+01
   4.6208460e+06   5.4504395e+01
   4.6295780e+06   4.1442871e+01
   4.6619360e+06   7.4279785e+01
   4.6687000e+06   6.5002441e+01
   4.6690180e+06   7.9284668e+01
   4.6694250e+06   5.8044434e+01
   4.6696430e+06   4.9865723e+01
   4.6824880e+06   4.2541504e+01
   4.6830100e+06   4.3640137e+01
   4.6831270e+06   8.2153320e+01
   4.6837560e+06   6.1523438e+01
   4.6840190e+06   5.8044434e+01
   4.6845550e+06   5.1574707e+01
   4.6852030e+06   5.5725098e+01
   4.6995370e+06   6.5917969e+01
   4.6996580e+06   5.4443359e+01
   4.7000810e+06   5.9692383e+01
   4.7005180e+06   5.1269531e+01
   4.7299460e+06   7.0861816e+01
   4.7301590e+06   6.2133789e+01
   4.7304520e+06   4.4860840e+01
   4.7389670e+06   4.3273926e+01
   4.7445150e+06   4.1809082e+01
   4.7516370e+06   7.1960449e+01
   4.7521450e+06   5.6396484e+01
   4.7584410e+06   4.2114258e+01
   4.7661990e+06   7.1472168e+01
   4.7669000e+06   7.1105957e+01
   4.7706950e+06   4.1992188e+01
   4.7873560e+06   4.1809082e+01
   4.7933810e+06   7.0190430e+01
   4.7947490e+06   6.0546875e+01
   4.7982260e+06   7.8308105e+01
   4.7988190e+06   7.2753906e+01
   4.7998640e+06   6.6284180e+01
   4.8024840e+06   4.4494629e+01
   4.8129770e+06   5.5114746e+01
   4.8153310e+06   4.2053223e+01
   4.8155850e+06   4.6264648e+01
   4.8316720e+06   6.7443848e+01
   4.8330570e+06   6.9335938e+01
   4.8336660e+06   5.3955078e+01
   4.8339480e+06   5.8715820e+01
   4.8426990e+06   4.7912598e+01
   4.8521790e+06   6.8298340e+01
   4.8538330e+06   5.9814453e+01
   4.8650820e+06   6.7077637e+01
   4.8665120e+06   6.1706543e+01
   4.8668200e+06   5.6823730e+01
   4.8813680e+06   4.5715332e+01
   4.8857320e+06   6.1950684e+01
   4.8860370e+06   6.5063477e+01
   4.8870180e+06   6.0668945e+01
   4.8873780e+06   4.5104980e+01
   4.8879350e+06   5.3710938e+01
   4.9107980e+06   5.3039551e+01
   4.9111630e+06   7.3486328e+01
   4.9116870e+06   6.9702148e+01
   4.9118600e+06   6.7199707e+01
   4.9174150e+06   4.2480469e+01
   4.9267130e+06   4.1564941e+01
   4.9340880e+06   7.7270508e+01
   4.9347850e+06   7.3181152e+01
   4.9356910e+06   6.0424805e+01
   4.9358210e+06   4.3151855e+01
   4.9514250e+06   6.6589355e+01
   4.9659670e+06   8.2580566e+01
   4.9665010e+06   6.5063477e+01
   4.9721610e+06   6.9946289e+01
   4.9725760e+06   6.4147949e+01
   4.9729500e+06   6.2316895e+01
   4.9873370e+06   6.8420410e+01
   4.9880900e+06   6.6833496e+01
   4.9884800e+06   5.0842285e+01
   4.9887820e+06   5.7617188e+01
   5.0053050e+06   6.7016602e+01
   5.0225050e+06   7.3974609e+01
   5.0226320e+06   4.8706055e+01
   5.0229360e+06   6.7810059e+01
   5.0230990e+06   4.3457031e+01
   5.0329540e+06   4.2541504e+01
   5.0403360e+06   6.9580078e+01
   5.0406240e+06   6.2255859e+01
   5.0409810e+06   5.8593750e+01
   5.0413360e+06   5.0048828e+01
   5.0460000e+06   4.2358398e+01
   5.0571410e+06   4.3273926e+01
   5.0582060e+06   6.8542480e+01
   5.0657690e+06   8.7524414e+01
   5.0734920e+06   7.2753906e+01
   5.0743470e+06   4.5166016e+01
   5.0755450e+06   4.2236328e+01
   5.0793980e+06   4.2724609e+01
   5.0800730e+06   7.1350098e+01
   5.0846000e+06   6.8481445e+01
   5.0950070e+06   4.1870117e+01
   5.0969330e+06   4.4311523e+01
   5.0970650e+06   6.8908691e+01
   5.0975810e+06   6.2927246e+01
   5.0977060e+06   4.5715332e+01
   5.1173930e+06   4.3762207e+01
   5.1237660e+06   8.4594727e+01
   5.1248080e+06   6.2255859e+01
   5.1250570e+06   7.2021484e+01
   5.1254360e+06   5.2856445e+01
   5.1428100e+06   6.8115234e+01
   5.1493880e+06   4.2358398e+01
   5.1494750e+06   7.6660156e+01
   5.1521860e+06   6.7626953e+01
   5.1630580e+06   5.8227539e+01
   5.1638820e+06   6.6467285e+01
   5.1643090e+06   4.2541504e+01
   5.1644710e+06   6.7871094e+01
   5.1649140e+06   6.1035156e+01
   5.1659780e+06   4.1992188e+01
   5.1724370e+06   4.8095703e+01
   5.1799510e+06   6.5734863e+01
   5.1808530e+06   6.2988281e+01
   5.1812680e+06   6.1401367e+01
   5.1917730e+06   5.1696777e+01
   5.1941000e+06   7.7270508e+01
   5.1942980e+06   6.1279297e+01
   5.1945870e+06   7.1289062e+01
   5.2006980e+06   4.2480469e+01
   5.2131850e+06   7.6049805e+01
   5.2135580e+06   5.2856445e+01
   5.2141410e+06   5.9631348e+01
   5.2263280e+06   8.2519531e+01
   5.2400820e+06   6.5734863e+01
   5.2404930e+06   7.3486328e+01
   5.2407290e+06   5.3771973e+01
   5.2409070e+06   4.3579102e+01
   5.2470050e+06   4.2297363e+01
   5.2523520e+06   4.1931152e+01
   5.2525960e+06   6.7199707e+01
   5.2645360e+06   4.2602539e+01
   5.2647120e+06   6.6040039e+01
   5.2650400e+06   5.8166504e+01
   5.2655830e+06   6.7810059e+01
   5.2745400e+06   7.2387695e+01
   5.2906630e+06   7.7026367e+01
   5.2910230e+06   6.7260742e+01
   5.2912440e+06   4.6203613e+01
   5.2984520e+06   4.5471191e+01
   5.3008030e+06   4.4555664e+01
   5.3152610e+06   7.7514648e+01
   5.3159130e+06   6.3415527e+01
   5.3167320e+06   7.2387695e+01
   5.3168940e+06   4.2602539e+01
   5.3359530e+06   4.2541504e+01
   5.3403830e+06   6.8725586e+01
   5.3405890e+06   5.2673340e+01
   5.3415110e+06   7.3181152e+01
   5.3419280e+06   6.2500000e+01
   5.3421970e+06   4.5166016e+01
   5.3649530e+06   7.0617676e+01
   5.3652360e+06   6.3171387e+01
   5.3656130e+06   5.9448242e+01
   5.3859480e+06   4.5288086e+01
   5.3966960e+06   6.5429688e+01
   5.4035510e+06   8.3435059e+01
   5.4042110e+06   6.3842773e+01
   5.4046670e+06   6.7504883e+01
   5.4052080e+06   4.8767090e+01
   5.4273580e+06   4.6081543e+01
   5.4339050e+06   8.3984375e+01
   5.4434230e+06   4.9743652e+01
   5.4482470e+06   6.9824219e+01
   5.4488120e+06   6.5368652e+01
   5.4490810e+06   5.8959961e+01
   5.4493020e+06   4.2907715e+01
   5.4643410e+06   4.3395996e+01
   5.4810950e+06   7.9895020e+01
   5.4884980e+06   7.2326660e+01
   5.4975680e+06   7.2692871e+01
   5.5112260e+06   6.6772461e+01
   5.5116610e+06   5.9143066e+01
   5.5126480e+06   4.3579102e+01
   5.5132540e+06   6.7687988e+01
   5.5141000e+06   5.1574707e+01
   5.5143740e+06   6.7138672e+01
   5.5367370e+06   7.2875977e+01
   5.5399930e+06   6.6101074e+01
   5.5407360e+06   6.3842773e+01
   5.5411610e+06   5.9509277e+01
   5.5412220e+06   4.2358398e+01
   5.5552770e+06   4.1442871e+01
   5.5623480e+06   6.5429688e+01
   5.5625380e+06   7.0922852e+01
   5.5628870e+06   5.8044434e+01
   5.5630990e+06   4.1442871e+01
   5.5856000e+06   4.8034668e+01
   5.5878440e+06   7.7087402e+01
   5.5896320e+06   6.2561035e+01
   5.5899980e+06   7.0922852e+01
   5.5905430e+06   6.0363770e+01
   5.5910920e+06   5.4992676e+01
   5.5938460e+06   4.2907715e+01
   5.6161640e+06   6.5246582e+01
   5.6166080e+06   5.8715820e+01
   5.6169140e+06   5.4077148e+01
   5.6172440e+06   5.4382324e+01
   5.6450750e+06   7.4340820e+01
   5.6454460e+06   6.5002441e+01
   5.6460480e+06   5.8715820e+01
   5.6464550e+06   5.8349609e+01
   5.6466240e+06   4.3579102e+01
   5.6518080e+06   4.3579102e+01
   5.6551550e+06   4.3029785e+01
   5.6643900e+06   7.3913574e+01
   5.6731720e+06   6.0668945e+01
   5.6797560e+06   6.2805176e+01
   5.6815660e+06   6.4208984e+01
   5.6820650e+06   5.9814453e+01
   5.6824990e+06   5.9387207e+01
   5.7081180e+06   4.3090820e+01
   5.7116770e+06   8.1909180e+01
   5.7150260e+06   7.0495605e+01
   5.7164100e+06   6.2133789e+01
   5.7170710e+06   6.0607910e+01
   5.7175580e+06   5.7312012e+01
   5.7177340e+06   4.8339844e+01
   5.7372520e+06   7.4707031e+01
   5.7377020e+06   6.1157227e+01
   5.7379980e+06   5.1269531e+01
   5.7383030e+06   4.6752930e+01
   5.7392530e+06   4.5166016e+01
   5.7394740e+06   4.1748047e+01
   5.7610740e+06   7.5744629e+01
   5.7616310e+06   6.4941406e+01
   5.7617700e+06   4.6936035e+01
   5.7620030e+06   4.5532227e+01
   5.7893910e+06   7.8552246e+01
   5.8006920e+06   7.5073242e+01
   5.8067020e+06   7.0495605e+01
   5.8072210e+06   7.5073242e+01
   5.8075290e+06   4.7119141e+01
   5.8318340e+06   7.1105957e+01
   5.8323280e+06   7.2875977e+01
   5.8327800e+06   7.0129395e+01
   5.8573400e+06   8.3129883e+01
   5.8581470e+06   7.5805664e+01
   5.8590810e+06   7.6049805e+01
   5.8593340e+06   5.4382324e+01
   5.8777750e+06   6.7871094e+01
   5.8880040e+06   7.7392578e+01
   5.8921040e+06   4.3640137e+01
   5.8957710e+06   7.0434570e+01
   5.9019710e+06   6.9824219e+01
   5.9105320e+06   6.9335938e+01
   5.9136510e+06   6.7810059e+01
   5.9277230e+06   7.6354980e+01
   5.9280300e+06   7.2387695e+01
   5.9338300e+06   6.9274902e+01
   5.9342190e+06   6.4331055e+01
   5.9343680e+06   4.1625977e+01
   5.9462400e+06   4.8706055e+01
   5.9591710e+06   6.8664551e+01
   5.9594290e+06   7.0129395e+01
   5.9605400e+06   4.2175293e+01
   5.9698260e+06   7.2753906e+01
   5.9765440e+06   6.6223145e+01
   5.9770850e+06   6.8298340e+01
   5.9780670e+06   5.3222656e+01
   5.9786480e+06   5.1574707e+01
   5.9993470e+06   7.1105957e+01
   6.0019700e+06   6.1645508e+01
   6.0021620e+06   5.3710938e+01
   6.0024490e+06   4.2663574e+01
   6.0240080e+06   4.8889160e+01
   6.0278310e+06   6.9641113e+01
   6.0325530e+06   4.1748047e+01
   6.0369720e+06   7.9711914e+01
   6.0390670e+06   6.4880371e+01
   6.0504790e+06   7.7026367e+01
   6.0592040e+06   7.1166992e+01
   6.0736470e+06   7.0617676e+01
   6.0739120e+06   6.9091797e+01
   6.0741350e+06   5.3283691e+01
   6.0790020e+06   4.5104980e+01
   6.0896460e+06   4.5532227e+01
   6.0975220e+06   7.2875977e+01
   6.0978470e+06   6.4819336e+01
   6.0986270e+06   5.2124023e+01
   6.0988860e+06   4.1625977e+01
   6.1276730e+06   7.1044922e+01
   6.1284220e+06   4.4372559e+01
   6.1294600e+06   6.7687988e+01
   6.1298940e+06   7.4523926e+01
   6.1473750e+06   7.9101562e+01
   6.1488290e+06   6.3659668e+01
   6.1490580e+06   5.3771973e+01
   6.1688420e+06   6.8298340e+01
   6.1693940e+06   5.6762695e+01
   6.1811340e+06   6.7260742e+01
   6.1830010e+06   6.4819336e+01
   6.2005260e+06   6.4880371e+01
   6.2006270e+06   5.1086426e+01
   6.2008830e+06   5.8166504e+01
   6.2012060e+06   5.9143066e+01
   6.2293080e+06   7.4584961e+01
   6.2296520e+06   7.1228027e+01
   6.2302270e+06   6.1889648e+01
   6.2306290e+06   5.6091309e+01
   6.2309420e+06   4.1564941e+01
   6.2547130e+06   8.1237793e+01
   6.2552050e+06   7.7270508e+01
   6.2569930e+06   7.1838379e+01
   6.2728110e+06   8.1359863e+01
   6.2735730e+06   5.8410645e+01
   6.2738970e+06   5.4565430e+01
   6.2773120e+06   4.2785645e+01
   6.2916130e+06   6.4270020e+01
   6.2979450e+06   7.3669434e+01
   6.3092170e+06   4.4799805e+01
   6.3114050e+06   7.2387695e+01
   6.3127700e+06   6.5429688e+01
   6.3134250e+06   6.6772461e+01
   6.3354520e+06   8.1542969e+01
   6.3357700e+06   6.8054199e+01
   6.3360520e+06   5.6701660e+01
   6.3361910e+06   4.3334961e+01
   6.3365770e+06   5.3039551e+01
   6.3378710e+06   4.3090820e+01
   6.3578720e+06   6.2683105e+01
   6.3585350e+06   6.3842773e+01
   6.3715520e+06   6.6284180e+01
   6.3826090e+06   6.6040039e+01
   6.3831380e+06   6.3110352e+01
   6.3833520e+06   4.6752930e+01
   6.4079030e+06   7.1594238e+01
   6.4226280e+06   7.0495605e+01
   6.4231010e+06   6.0424805e+01
   6.4342050e+06   7.4401855e+01
   6.4344360e+06   6.2255859e+01
   6.4347100e+06   5.7556152e+01
   6.4349120e+06   4.4189453e+01
   6.4563660e+06   7.5256348e+01
   6.4655530e+06   6.8908691e+01
   6.4660300e+06   7.6354980e+01
   6.4793030e+06   7.7026367e+01
   6.4810720e+06   7.1655273e+01
   6.4917290e+06   8.0566406e+01
   6.5007090e+06   8.1420898e+01
   6.5104750e+06   6.9458008e+01
   6.5112180e+06   4.4494629e+01
   6.5141740e+06   5.9570313e+01
   6.5237180e+06   4.9560547e+01
   6.5269400e+06   7.6599121e+01
   6.5276750e+06   7.0739746e+01
   6.5281580e+06   7.6171875e+01
   6.5284260e+06   5.2490234e+01
   6.5502590e+06   4.8156738e+01
   6.5640770e+06   7.2570801e+01
   6.5707680e+06   7.6965332e+01
   6.5713940e+06   7.1350098e+01
   6.5716080e+06   4.5593262e+01
   6.5732600e+06   4.6875000e+01
   6.5937080e+06   6.6528320e+01
   6.5985760e+06   6.3049316e+01
   6.5988610e+06   5.0781250e+01
   6.5993710e+06   7.2570801e+01
   6.5996600e+06   4.8706055e+01
   6.6279820e+06   4.2785645e+01
   6.6285590e+06   7.7331543e+01
   6.6289930e+06   5.4321289e+01
   6.6292150e+06   4.6630859e+01
   6.6410070e+06   4.4250488e+01
   6.6449910e+06   6.5673828e+01
   6.6455170e+06   5.2307129e+01
   6.6458810e+06   6.6589355e+01
   6.6461980e+06   4.5471191e+01
   6.6735340e+06   8.3068848e+01
   6.6736950e+06   5.3527832e+01
   6.6743280e+06   6.7932129e+01
   6.6747330e+06   5.2429199e+01
   6.7018730e+06   7.5134277e+01
   6.7022090e+06   6.9824219e+01
   6.7025720e+06   5.4992676e+01
   6.7028190e+06   4.3212891e+01
   6.7032410e+06   4.6264648e+01
   6.7189970e+06   4.7790527e+01
   6.7265050e+06   7.4462891e+01
   6.7271020e+06   7.1655273e+01
   6.7395740e+06   6.7810059e+01
   6.7461160e+06   7.1716309e+01
   6.7463910e+06   6.8420410e+01
   6.7466080e+06   5.5541992e+01
   6.7498110e+06   4.2724609e+01
   6.7687740e+06   7.9162598e+01
   6.7742860e+06   6.2866211e+01
   6.7746820e+06   7.1899414e+01
   6.7749240e+06   6.1035156e+01
   6.7919030e+06   8.8500977e+01
   6.7951600e+06   7.3120117e+01
   6.7953810e+06   4.7973633e+01
   6.7956430e+06   4.5593262e+01
   6.7963910e+06   5.1025391e+01
   6.8082480e+06   4.4433594e+01
   6.8169520e+06   7.5683594e+01
   6.8174390e+06   7.0983887e+01
   6.8176780e+06   5.6884766e+01
   6.8178920e+06   4.6569824e+01
   6.8332440e+06   4.3701172e+01
   6.8456150e+06   8.5632324e+01
   6.8459240e+06   6.0546875e+01
   6.8463580e+06   5.9753418e+01
   6.8728700e+06   8.2702637e+01
   6.8731560e+06   6.8847656e+01
   6.8744900e+06   6.6650391e+01
   6.8751310e+06   5.8593750e+01
   6.8758330e+06   5.6274414e+01
   6.8899780e+06   7.9528809e+01
   6.8986110e+06   7.2326660e+01
   6.9125110e+06   8.9477539e+01
   6.9259810e+06   8.4411621e+01
   6.9271570e+06   5.7739258e+01
   6.9276510e+06   6.6284180e+01
   6.9445400e+06   7.0800781e+01
   6.9456860e+06   7.4035645e+01
   6.9463100e+06   4.1687012e+01
   6.9545750e+06   6.9702148e+01
   6.9636690e+06   7.1044922e+01
   6.9652590e+06   8.6181641e+01
   6.9700570e+06   7.0251465e+01
   6.9704300e+06   7.3120117e+01
   6.9853720e+06   4.8828125e+01
   7.0016680e+06   7.2753906e+01
   7.0026390e+06   6.3720703e+01
   7.0029710e+06   6.2866211e+01
   7.0032690e+06   4.9682617e+01
   7.0241360e+06   7.3303223e+01
   7.0248760e+06   7.3669434e+01
   7.0254900e+06   5.9570313e+01
   7.0257820e+06   5.5541992e+01
   7.0325840e+06   4.1809082e+01
   7.0509830e+06   7.1655273e+01
   7.0516620e+06   6.6894531e+01
   7.0518150e+06   5.1513672e+01
   7.0696800e+06   7.5439453e+01
   7.0780990e+06   7.5561523e+01
   7.0782680e+06   7.2021484e+01
   7.0784960e+06   4.5715332e+01
   7.0787680e+06   5.1513672e+01
   7.0958940e+06   7.1472168e+01
   7.1112690e+06   6.8359375e+01
   7.1260270e+06   7.6721191e+01
   7.1267150e+06   7.0922852e+01
   7.1270150e+06   5.0170898e+01
   7.1272020e+06   4.2663574e+01
   7.1607500e+06   6.4941406e+01
   7.1675310e+06   7.6904297e+01
   7.1677290e+06   6.6406250e+01
   7.1679510e+06   4.9255371e+01
   7.1825250e+06   6.7016602e+01
   7.1955870e+06   4.1503906e+01
   7.1982810e+06   7.0800781e+01
   7.1987800e+06   7.8063965e+01
   7.1992080e+06   7.0007324e+01
   7.1995830e+06   4.5288086e+01
   7.1997280e+06   4.7485352e+01
   7.2114850e+06   4.3701172e+01
   7.2162860e+06   4.7607422e+01
   7.2308480e+06   4.2663574e+01
   7.2376290e+06   6.7199707e+01
   7.2502400e+06   9.1003418e+01
   7.2507990e+06   4.3273926e+01
   7.2537800e+06   7.4523926e+01
   7.2541500e+06   7.5012207e+01
   7.2547260e+06   6.7565918e+01
   7.2648740e+06   7.4462891e+01
   7.2803390e+06   4.5593262e+01
   7.3001210e+06   8.0200195e+01
   7.3004300e+06   6.6406250e+01
   7.3006140e+06   4.5837402e+01
   7.3008470e+06   4.9377441e+01
   7.3010890e+06   4.1870117e+01
   7.3318760e+06   8.2275391e+01
   7.3390790e+06   4.2785645e+01
   7.3439930e+06   7.2814941e+01
   7.3749930e+06   8.0871582e+01
   7.3808300e+06   8.2458496e+01
   7.3971090e+06   7.8979492e+01
   7.4123900e+06   4.1748047e+01
   7.4145860e+06   8.0261230e+01
   7.4259060e+06   7.2937012e+01
   7.4406900e+06   7.8674316e+01
   7.4422630e+06   6.1950684e+01
   7.4428440e+06   6.7871094e+01
   7.4431080e+06   4.9621582e+01
   7.4436540e+06   4.7424316e+01
   7.4655110e+06   7.7209473e+01
   7.4860860e+06   7.3364258e+01
   7.4864280e+06   6.8664551e+01
   7.4977510e+06   8.5266113e+01
   7.5071160e+06   4.7790527e+01
   7.5193010e+06   9.0942383e+01
   7.5199030e+06   7.7331543e+01
   7.5203890e+06   4.3518066e+01
   7.5207400e+06   5.2551270e+01
   7.5209120e+06   4.5104980e+01
   7.5521570e+06   4.2663574e+01
   7.5547430e+06   7.7697754e+01
   7.5629510e+06   6.6650391e+01
   7.5642370e+06   4.5776367e+01
   7.5715740e+06   4.2114258e+01
   7.5852810e+06   4.1931152e+01
   7.6184220e+06   8.2397461e+01
   7.6187310e+06   7.5439453e+01
   7.6189920e+06   5.3405762e+01
   7.6770730e+06   8.5327148e+01
   7.7237870e+06   7.0983887e+01
   7.7347450e+06   4.1564941e+01
   7.7480000e+06   8.2336426e+01
   7.7568220e+06   4.5593262e+01
   7.7654010e+06   4.1442871e+01
   7.7657620e+06   7.8491211e+01
   7.7705300e+06   4.3395996e+01
   7.7772990e+06   4.4372559e+01
   7.7773160e+06   7.6721191e+01
   7.7914890e+06   7.5012207e+01
   7.8011260e+06   8.3862305e+01
   7.8229900e+06   7.5988770e+01
   7.8311020e+06   4.5410156e+01
   7.8322960e+06   8.1420898e+01
   7.8611860e+06   8.1359863e+01
   7.8651440e+06   7.4890137e+01
   7.8659120e+06   6.0729980e+01
   7.8983760e+06   7.6782227e+01
   7.8988380e+06   8.6242676e+01
   7.9108190e+06   4.3884277e+01
   7.9204360e+06   8.5205078e+01
   7.9321480e+06   4.8217773e+01
   7.9696730e+06   7.8857422e+01
   7.9779460e+06   7.7514648e+01
   7.9824850e+06   4.4311523e+01
   8.0252200e+06   7.8247070e+01
   8.0487920e+06   8.4716797e+01
   8.0490760e+06   7.4951172e+01
   8.0501900e+06   6.3903809e+01
   8.0508630e+06   7.3486328e+01
   8.1123250e+06   4.1687012e+01
   8.1131440e+06   4.5959473e+01
   8.1231110e+06   4.1809082e+01
   8.1495310e+06   4.1748047e+01
   8.1643740e+06   8.3374023e+01
   8.1653790e+06   4.2480469e+01
   8.1820030e+06   9.0881348e+01
   8.1822790e+06   7.3791504e+01
   8.1828040e+06   6.5429688e+01
   8.1831530e+06   5.9753418e+01
   8.1834050e+06   5.2917480e+01
   8.1837330e+06   5.7434082e+01
   8.2498360e+06   6.7871094e+01
   8.2641900e+06   4.3579102e+01
   8.2809380e+06   4.2968750e+01
   8.3054920e+06   8.3740234e+01
   8.3062780e+06   7.4523926e+01
   8.3392380e+06   4.1442871e+01
   8.3468840e+06   7.6416016e+01
   8.3874700e+06   4.2419434e+01
   8.4056150e+06   8.7829590e+01
   8.4064580e+06   7.6599121e+01
   8.4195200e+06   4.5043945e+01
   8.4439520e+06   7.0068359e+01
   8.4635090e+06   8.4533691e+01
   8.4907680e+06   4.4128418e+01
   8.4942420e+06   9.4604492e+01
   8.5002630e+06   4.1442871e+01
   8.5009850e+06   7.2570801e+01
   8.5160320e+06   8.7463379e+01
   8.5376680e+06   8.9965820e+01
   8.5381960e+06   7.6416016e+01
   8.5482610e+06   7.2998047e+01
   8.5586950e+06   7.5378418e+01
   8.5674300e+06   7.3242188e+01
   8.5703220e+06   6.7871094e+01
   8.5705510e+06   7.4829102e+01
   8.5894930e+06   4.3518066e+01
   8.5956850e+06   4.2358398e+01
   8.6230240e+06   7.6171875e+01
   8.6515850e+06   7.6110840e+01
   8.6516020e+06   4.3029785e+01
   8.6520830e+06   8.0322266e+01
   8.6602680e+06   4.2236328e+01
   8.6622650e+06   8.6303711e+01
   8.6845770e+06   8.1176758e+01
   8.6851200e+06   7.9162598e+01
   8.7069780e+06   4.1931152e+01
   8.7180250e+06   8.7951660e+01
   8.7321090e+06   4.5959473e+01
   8.7369730e+06   8.2885742e+01
   8.7545360e+06   8.7158203e+01
   8.7723450e+06   8.1542969e+01
   8.7990740e+06   4.4616699e+01
   8.8052080e+06   4.7790527e+01
   8.8154660e+06   8.7219238e+01
   8.8290580e+06   8.0566406e+01
   8.8472920e+06   8.7341309e+01
   8.8484500e+06   1.1010742e+02
   8.8529680e+06   1.0144043e+02
   8.8550770e+06   7.7209473e+01
   8.8651840e+06   4.3884277e+01
   8.8736590e+06   6.6833496e+01
   8.8752560e+06   4.2175293e+01
   8.8759740e+06   7.5561523e+01
   8.8764650e+06   8.1542969e+01
   8.8774840e+06   6.4392090e+01
   8.8780070e+06   5.6518555e+01
   8.9136260e+06   6.8786621e+01
   8.9480230e+06   8.5266113e+01
   8.9484570e+06   6.8359375e+01
   8.9489840e+06   6.7565918e+01
   8.9654230e+06   7.5317383e+01
   8.9656400e+06   7.5378418e+01
   8.9661130e+06   5.7495117e+01
   8.9663830e+06   6.4819336e+01
   8.9678760e+06   4.1503906e+01
   8.9701480e+06   4.4433594e+01
