   8.9990000e+06   0.0000000e+00
   2.8159200e+05   3.8757324e+01
   3.8097800e+05   3.9367676e+01
   4.0068800e+05   3.8574219e+01
   4.4018700e+05   3.9672852e+01
   6.1710800e+05   4.6142578e+01
   6.7274300e+05   4.3151855e+01
   9.2399400e+05   4.4067383e+01
   9.2426500e+05   4.1076660e+01
   1.0201570e+06   3.8452148e+01
   1.0634610e+06   4.2358398e+01
   1.0722590e+06   4.0832520e+01
   1.1049300e+06   3.8818359e+01
   1.1693590e+06   3.9184570e+01
   1.2818220e+06   3.9306641e+01
   1.4473480e+06   4.2297363e+01
   1.5147150e+06   4.0222168e+01
   1.5718010e+06   4.1748047e+01
   1.6476620e+06   4.0527344e+01
   1.6948030e+06   4.1625977e+01
   1.7790820e+06   3.8635254e+01
   1.7964770e+06   3.8391113e+01
   1.8021270e+06   3.8330078e+01
   1.9327640e+06   4.0527344e+01
   2.0066470e+06   3.9916992e+01
   2.0269900e+06   3.8879395e+01
   2.0392260e+06   3.9794922e+01
   2.1540000e+06   3.8574219e+01
   2.2248120e+06   4.0344238e+01
   2.3095440e+06   3.9978027e+01
   2.3383080e+06   3.9611816e+01
   2.4204640e+06   3.9794922e+01
   2.4337020e+06   3.9794922e+01
   2.4450420e+06   4.2419434e+01
   2.5286570e+06   4.0100098e+01
   2.6473630e+06   3.8818359e+01
   2.6644270e+06   4.4311523e+01
   2.7406440e+06   4.4860840e+01
   3.0569500e+06   3.8635254e+01
   3.0579350e+06   3.8330078e+01
   3.0758340e+06   3.8452148e+01
   3.1801720e+06   4.1503906e+01
   3.1905100e+06   4.1564941e+01
   3.4357480e+06   3.9245605e+01
   3.4662480e+06   4.2236328e+01
   3.5613830e+06   3.9184570e+01
   3.7349190e+06   4.1870117e+01
   3.7626910e+06   4.0954590e+01
   3.8062290e+06   4.3151855e+01
   3.8152680e+06   4.1259766e+01
   3.8306010e+06   3.8574219e+01
   3.8355750e+06   4.1992188e+01
   3.8616650e+06   3.9123535e+01
   3.9423630e+06   4.0466309e+01
   4.0114150e+06   4.0222168e+01
   4.0281380e+06   4.1259766e+01
   4.0292790e+06   3.9001465e+01
   4.0525900e+06   4.1564941e+01
   4.0706530e+06   4.9316406e+01
   4.0918240e+06   4.5837402e+01
   4.1269870e+06   3.9672852e+01
   4.1583710e+06   4.3212891e+01
   4.1622640e+06   4.0893555e+01
   4.1709380e+06   3.8879395e+01
   4.1894710e+06   3.8696289e+01
   4.2006760e+06   4.6630859e+01
   4.2334540e+06   3.8330078e+01
   4.2386050e+06   4.1442871e+01
   4.2466660e+06   3.8574219e+01
   4.2569290e+06   3.9001465e+01
   4.3314380e+06   4.3090820e+01
   4.3915150e+06   3.8940430e+01
   4.4076470e+06   4.0405273e+01
   4.4475600e+06   3.8330078e+01
   4.4787860e+06   4.4494629e+01
   4.4877690e+06   3.9062500e+01
   4.5202180e+06   3.8574219e+01
   4.5310010e+06   4.3762207e+01
   4.5355570e+06   4.0893555e+01
   4.5424660e+06   3.8330078e+01
   4.6078300e+06   4.0832520e+01
   4.6327390e+06   4.3090820e+01
   4.6522060e+06   4.0527344e+01
   4.6579700e+06   3.8391113e+01
   4.6644480e+06   4.0710449e+01
   4.6686000e+06   3.8757324e+01
   4.7078710e+06   3.9367676e+01
   4.7575470e+06   4.2480469e+01
   4.7615590e+06   4.3334961e+01
   4.7731930e+06   3.9123535e+01
   4.7834700e+06   4.4677734e+01
   4.7899500e+06   5.2551270e+01
   4.7902820e+06   4.1809082e+01
   4.7945310e+06   3.8696289e+01
   4.8025960e+06   4.0283203e+01
   4.8461960e+06   4.0527344e+01
   4.8692770e+06   4.5532227e+01
   4.8730240e+06   3.9245605e+01
   4.8871520e+06   3.8635254e+01
   4.9065290e+06   4.4128418e+01
   4.9738920e+06   3.8574219e+01
   4.9900930e+06   4.4128418e+01
   5.0158510e+06   3.9794922e+01
   5.0482100e+06   3.9306641e+01
   5.0577840e+06   3.8696289e+01
   5.0608050e+06   3.9916992e+01
   5.0651370e+06   3.9733887e+01
   5.0912620e+06   3.9611816e+01
   5.1017810e+06   4.6691895e+01
   5.1083580e+06   4.2785645e+01
   5.1125710e+06   4.0100098e+01
   5.1145870e+06   4.0222168e+01
   5.1516550e+06   4.4799805e+01
   5.1843490e+06   3.9733887e+01
   5.1919850e+06   3.9001465e+01
   5.2096030e+06   3.8574219e+01
   5.2154470e+06   3.9733887e+01
   5.2636600e+06   3.8757324e+01
   5.2687680e+06   3.8879395e+01
   5.2707330e+06   3.8513184e+01
   5.2905650e+06   4.1259766e+01
   5.2923290e+06   4.2297363e+01
   5.3322470e+06   4.3334961e+01
   5.3461540e+06   3.8574219e+01
   5.3575330e+06   3.8452148e+01
   5.3733210e+06   4.9316406e+01
   5.3958980e+06   4.8034668e+01
   5.4013120e+06   3.9306641e+01
   5.4265150e+06   4.1015625e+01
   5.4346450e+06   3.9611816e+01
   5.4843730e+06   4.0466309e+01
   5.5206680e+06   3.8696289e+01
   5.5512170e+06   3.8574219e+01
   5.5781660e+06   4.0527344e+01
   5.6291840e+06   3.8574219e+01
   5.6374860e+06   4.4860840e+01
   5.6447550e+06   3.9245605e+01
   5.6621390e+06   4.1870117e+01
   5.6820330e+06   5.0292969e+01
   5.6911400e+06   3.9367676e+01
   5.7360540e+06   3.8757324e+01
   5.7405910e+06   4.3884277e+01
   5.7710240e+06   3.9672852e+01
   5.7799740e+06   4.0283203e+01
   5.7898580e+06   4.2724609e+01
   5.8022320e+06   4.6936035e+01
   5.8220250e+06   3.8513184e+01
   5.8427060e+06   3.9306641e+01
   5.8590750e+06   4.0283203e+01
   5.8622850e+06   3.8574219e+01
   5.8743060e+06   4.0405273e+01
   5.8832980e+06   4.1442871e+01
   5.9034060e+06   4.2297363e+01
   5.9367280e+06   4.3151855e+01
   5.9453780e+06   3.9123535e+01
   5.9857910e+06   4.0527344e+01
   5.9936210e+06   4.1259766e+01
   6.0116790e+06   4.0283203e+01
   6.0250750e+06   4.0466309e+01
   6.0424680e+06   4.4921875e+01
   6.0470970e+06   4.3640137e+01
   6.0503610e+06   4.0405273e+01
   6.0518930e+06   3.8757324e+01
   6.0711150e+06   4.1748047e+01
   6.1130390e+06   4.6325684e+01
   6.1291450e+06   4.2907715e+01
   6.1448690e+06   4.0161133e+01
   6.1550500e+06   3.9062500e+01
   6.1648220e+06   4.4067383e+01
   6.1811520e+06   4.1748047e+01
   6.1859620e+06   3.8574219e+01
   6.2018260e+06   4.4738770e+01
   6.2091800e+06   4.4982910e+01
   6.2094540e+06   4.0954590e+01
   6.2116520e+06   4.5471191e+01
   6.2142040e+06   4.3334961e+01
   6.2643220e+06   3.8940430e+01
   6.2786140e+06   3.9428711e+01
   6.2992880e+06   4.0039062e+01
   6.3113030e+06   3.9001465e+01
   6.3126210e+06   5.0048828e+01
   6.3137570e+06   4.3334961e+01
   6.3178860e+06   4.0588379e+01
   6.3214200e+06   4.0832520e+01
   6.3604690e+06   4.4128418e+01
   6.3673310e+06   4.0405273e+01
   6.3785580e+06   3.8818359e+01
   6.3846010e+06   4.0527344e+01
   6.3867710e+06   4.3640137e+01
   6.4039300e+06   4.2053223e+01
   6.4500320e+06   3.9184570e+01
   6.4841640e+06   4.0771484e+01
   6.4968410e+06   3.8940430e+01
   6.5044090e+06   3.9001465e+01
   6.5238650e+06   3.8940430e+01
   6.5248180e+06   3.9062500e+01
   6.5314260e+06   3.9367676e+01
   6.5325190e+06   3.8635254e+01
   6.5542240e+06   3.9611816e+01
   6.5575800e+06   3.9306641e+01
   6.5795110e+06   3.8757324e+01
   6.5797200e+06   4.1564941e+01
   6.5845050e+06   4.0222168e+01
   6.6155300e+06   4.2358398e+01
   6.6286290e+06   4.0161133e+01
   6.6356500e+06   4.0588379e+01
   6.6389590e+06   3.9672852e+01
   6.6478150e+06   3.8757324e+01
   6.6558710e+06   3.8757324e+01
   6.6651600e+06   4.2602539e+01
   6.6665720e+06   3.9062500e+01
   6.7092390e+06   3.8635254e+01
   6.7356110e+06   3.9184570e+01
   6.7452860e+06   3.8330078e+01
   6.7557790e+06   3.9184570e+01
   6.7611960e+06   4.2297363e+01
   6.7847250e+06   4.2358398e+01
   6.7981390e+06   4.2968750e+01
   6.7991120e+06   4.5898438e+01
   6.8374510e+06   4.1320801e+01
   6.8475970e+06   4.8217773e+01
   6.8632070e+06   4.4067383e+01
   6.8981290e+06   4.1076660e+01
   6.9161560e+06   3.8818359e+01
   6.9343320e+06   4.1137695e+01
   6.9528420e+06   4.2297363e+01
   6.9587670e+06   3.8940430e+01
   6.9728110e+06   4.0283203e+01
   6.9814550e+06   3.8818359e+01
   6.9817350e+06   4.1442871e+01
   6.9837730e+06   4.2480469e+01
   7.0016940e+06   3.8696289e+01
   7.0060580e+06   4.2663574e+01
   7.0159980e+06   4.2053223e+01
   7.0174270e+06   4.0527344e+01
   7.0220900e+06   4.0588379e+01
   7.0373280e+06   4.1748047e+01
   7.0576930e+06   5.1879883e+01
   7.0690420e+06   3.9367676e+01
   7.0765770e+06   4.3640137e+01
   7.0782010e+06   4.3029785e+01
   7.0792180e+06   4.1015625e+01
   7.0890860e+06   3.8574219e+01
   7.1293890e+06   4.0100098e+01
   7.1674590e+06   4.2602539e+01
   7.1747880e+06   3.9367676e+01
   7.1906280e+06   3.9916992e+01
   7.2263880e+06   3.8635254e+01
   7.2295370e+06   4.4433594e+01
   7.2778800e+06   4.4189453e+01
   7.2836670e+06   3.9062500e+01
   7.2981660e+06   4.0649414e+01
   7.3031840e+06   3.8513184e+01
   7.3106860e+06   4.2785645e+01
   7.3181070e+06   3.8879395e+01
   7.3251510e+06   3.8696289e+01
   7.3301350e+06   4.2907715e+01
   7.3360160e+06   3.9428711e+01
   7.3501310e+06   4.1076660e+01
   7.3537350e+06   4.0893555e+01
   7.3614720e+06   3.8635254e+01
   7.3940750e+06   3.9733887e+01
   7.3952670e+06   4.1931152e+01
   7.4128310e+06   4.3090820e+01
   7.4152780e+06   4.0954590e+01
   7.4631830e+06   3.8879395e+01
   7.4646690e+06   3.8574219e+01
   7.4786110e+06   3.9550781e+01
   7.4927420e+06   4.0527344e+01
   7.4962150e+06   4.5959473e+01
   7.5200900e+06   3.8940430e+01
   7.5366000e+06   4.6813965e+01
   7.5539860e+06   3.9733887e+01
   7.5759950e+06   3.9184570e+01
   7.5848560e+06   3.8818359e+01
   7.5887870e+06   3.9550781e+01
   7.5888790e+06   3.9794922e+01
   7.5961800e+06   3.8330078e+01
   7.5980310e+06   4.2114258e+01
   7.6035150e+06   4.4494629e+01
   7.6207650e+06   3.8330078e+01
   7.6261960e+06   4.4189453e+01
   7.6354250e+06   4.2175293e+01
   7.6391730e+06   3.8940430e+01
   7.6505350e+06   3.9916992e+01
   7.6727860e+06   4.0283203e+01
   7.6805940e+06   4.1748047e+01
   7.6822900e+06   3.9062500e+01
   7.6840250e+06   3.9184570e+01
   7.6866060e+06   3.9123535e+01
   7.7306600e+06   3.9855957e+01
   7.7550970e+06   4.0771484e+01
   7.7571270e+06   3.8696289e+01
   7.7646680e+06   4.0100098e+01
   7.7765230e+06   3.9306641e+01
   7.7777890e+06   4.1381836e+01
   7.7813800e+06   4.1015625e+01
   7.7949280e+06   3.8452148e+01
   7.7985440e+06   4.2907715e+01
   7.8128220e+06   3.9489746e+01
   7.8224310e+06   4.0771484e+01
   7.8239800e+06   3.9367676e+01
   7.8252990e+06   3.8635254e+01
   7.8303270e+06   4.0771484e+01
   7.8358240e+06   3.8879395e+01
   7.8697810e+06   3.8940430e+01
   7.8755900e+06   3.9001465e+01
   7.8805130e+06   3.8757324e+01
   7.9229400e+06   3.9001465e+01
   7.9363870e+06   3.9611816e+01
   7.9469910e+06   4.1320801e+01
   7.9491320e+06   4.0649414e+01
   7.9711500e+06   4.0100098e+01
   7.9897040e+06   3.9855957e+01
   7.9986410e+06   3.8330078e+01
   8.0302970e+06   3.9855957e+01
   8.0664220e+06   4.0771484e+01
   8.0679620e+06   4.1992188e+01
   8.0699700e+06   5.1391602e+01
   8.0826450e+06   4.0954590e+01
   8.1033410e+06   3.9184570e+01
   8.1122910e+06   3.9001465e+01
   8.1213090e+06   4.0283203e+01
   8.1383540e+06   4.2785645e+01
   8.1407990e+06   4.0527344e+01
   8.1449810e+06   4.1931152e+01
   8.1639050e+06   4.0954590e+01
   8.1673530e+06   4.0100098e+01
   8.1683460e+06   3.9672852e+01
   8.1711400e+06   4.3701172e+01
   8.1725170e+06   4.4250488e+01
   8.2103380e+06   3.9672852e+01
   8.2144020e+06   4.0344238e+01
   8.2233410e+06   3.8391113e+01
   8.2413420e+06   4.1198730e+01
   8.2418990e+06   4.4799805e+01
   8.2493480e+06   3.9062500e+01
   8.2570800e+06   4.0344238e+01
   8.2699710e+06   4.0649414e+01
   8.2718910e+06   3.9855957e+01
   8.2822440e+06   4.0527344e+01
   8.2839530e+06   3.9306641e+01
   8.2969790e+06   3.8513184e+01
   8.3011810e+06   4.1870117e+01
   8.3256890e+06   4.4982910e+01
   8.3466690e+06   4.0039062e+01
   8.3521210e+06   3.8452148e+01
   8.3710590e+06   4.1503906e+01
   8.3749940e+06   3.9306641e+01
   8.3899290e+06   3.9306641e+01
   8.3914460e+06   3.9794922e+01
   8.3914910e+06   4.2358398e+01
   8.3955100e+06   4.0344238e+01
   8.4186990e+06   4.1137695e+01
   8.4220750e+06   4.1870117e+01
   8.4331610e+06   3.8940430e+01
   8.4398490e+06   4.2480469e+01
   8.4443510e+06   3.9184570e+01
   8.4457940e+06   4.3151855e+01
   8.4492060e+06   3.8635254e+01
   8.4608170e+06   4.2785645e+01
   8.5011170e+06   4.3212891e+01
   8.5067500e+06   3.8513184e+01
   8.5090680e+06   3.8391113e+01
   8.5128800e+06   4.2358398e+01
   8.5155000e+06   3.9489746e+01
   8.5407700e+06   4.0649414e+01
   8.5522140e+06   3.8757324e+01
   8.5548220e+06   4.2480469e+01
   8.5586240e+06   4.2602539e+01
   8.5629320e+06   4.0405273e+01
   8.5648740e+06   4.0283203e+01
   8.5726970e+06   4.2358398e+01
   8.5753200e+06   3.9611816e+01
   8.5767270e+06   3.9855957e+01
   8.5804640e+06   3.8696289e+01
   8.5866620e+06   4.1320801e+01
   8.5918750e+06   4.1259766e+01
   8.5935850e+06   4.0527344e+01
   8.5976650e+06   4.3762207e+01
   8.6169120e+06   3.8879395e+01
   8.6216240e+06   4.2236328e+01
   8.6276000e+06   3.8940430e+01
   8.6289330e+06   3.9245605e+01
   8.6530040e+06   3.8574219e+01
   8.6764250e+06   4.0405273e+01
   8.6981290e+06   4.2175293e+01
   8.6986580e+06   3.8330078e+01
   8.7016750e+06   3.9611816e+01
   8.7082550e+06   3.9001465e+01
   8.7144080e+06   3.9611816e+01
   8.7262220e+06   3.9062500e+01
   8.7320790e+06   4.2907715e+01
   8.7373680e+06   3.8879395e+01
   8.7421260e+06   4.1748047e+01
   8.7998640e+06   3.9001465e+01
   8.8022340e+06   4.0466309e+01
   8.8067180e+06   3.9123535e+01
   8.8170400e+06   4.0649414e+01
   8.8211660e+06   4.0527344e+01
   8.8813190e+06   4.1076660e+01
   8.8864920e+06   3.9855957e+01
   8.8924340e+06   4.1625977e+01
   8.9192200e+06   3.9184570e+01
   8.9313000e+06   4.1076660e+01
   8.9404450e+06   5.4321289e+01
   8.9462020e+06   4.2297363e+01
   8.9481520e+06   3.9916992e+01
   8.9490460e+06   3.9916992e+01
   8.9523070e+06   3.8574219e+01
   8.9581890e+06   3.9611816e+01
   8.9630500e+06   4.3395996e+01
   8.9842160e+06   4.2236328e+01
   8.9946400e+06   4.2358398e+01
