   8.9990000e+06   0.0000000e+00
   4.9050000e+03   3.7414551e+01
   5.4310000e+04   4.0649414e+01
   1.2970100e+05   3.5583496e+01
   3.2366500e+05   3.5034180e+01
   3.6713500e+05   3.4973145e+01
   3.9380900e+05   3.6987305e+01
   4.0029800e+05   3.4484863e+01
   4.3785400e+05   3.6499023e+01
   5.0396600e+05   3.8574219e+01
   6.0451100e+05   3.8635254e+01
   6.8568900e+05   3.4667969e+01
   6.9739300e+05   3.5400391e+01
   7.5830500e+05   3.9123535e+01
   8.7283000e+05   3.8146973e+01
   9.5131300e+05   3.5705566e+01
   9.6835000e+05   3.7902832e+01
   1.0508640e+06   3.5766602e+01
   1.1915160e+06   3.5339355e+01
   1.2043120e+06   4.8278809e+01
   1.2260170e+06   3.6499023e+01
   1.2887020e+06   3.7353516e+01
   1.3658820e+06   3.8146973e+01
   1.3954550e+06   3.6254883e+01
   1.4462010e+06   3.6682129e+01
   1.4754960e+06   3.5034180e+01
   1.5683540e+06   3.7170410e+01
   1.7008870e+06   3.5888672e+01
   1.7248800e+06   3.5461426e+01
   1.7970300e+06   3.4912109e+01
   1.8793340e+06   3.6315918e+01
   2.1689380e+06   3.4973145e+01
   2.1829960e+06   3.9733887e+01
   2.2706290e+06   3.7109375e+01
   2.3089030e+06   3.4606934e+01
   2.3189130e+06   3.6865234e+01
   2.3603230e+06   3.4790039e+01
   2.3893580e+06   3.4851074e+01
   2.4172670e+06   4.0039062e+01
   2.5043210e+06   3.8391113e+01
   2.5664740e+06   3.5888672e+01
   2.6373050e+06   3.9001465e+01
   2.6716060e+06   3.7414551e+01
   2.6828660e+06   3.5217285e+01
   2.7413600e+06   3.4667969e+01
   2.7481790e+06   3.5644531e+01
   2.8445120e+06   3.7841797e+01
   2.8613860e+06   3.5034180e+01
   2.9016590e+06   3.4545898e+01
   2.9490110e+06   3.5888672e+01
   2.9748290e+06   3.4790039e+01
   2.9801220e+06   3.5156250e+01
   2.9932910e+06   3.6010742e+01
   3.0236030e+06   3.8513184e+01
   3.0762430e+06   4.0405273e+01
   3.1617170e+06   3.7292480e+01
   3.2654120e+06   3.5705566e+01
   3.2654920e+06   3.6499023e+01
   3.2921120e+06   3.7719727e+01
   3.3443900e+06   4.4860840e+01
   3.3699510e+06   3.6804199e+01
   3.4089600e+06   3.5034180e+01
   3.4554720e+06   3.5827637e+01
   3.4725380e+06   3.5217285e+01
   3.4781110e+06   3.4912109e+01
   3.4957880e+06   3.9367676e+01
   3.5449500e+06   3.7109375e+01
   3.5452490e+06   3.5522461e+01
   3.5457100e+06   3.5461426e+01
   3.5501000e+06   3.7109375e+01
   3.5693270e+06   4.6936035e+01
   3.5757720e+06   3.5949707e+01
   3.6236150e+06   3.5644531e+01
   3.6451640e+06   3.4912109e+01
   3.6489660e+06   3.4545898e+01
   3.7062740e+06   3.6621094e+01
   3.7113550e+06   3.4973145e+01
   3.7320300e+06   3.7170410e+01
   3.7459240e+06   3.6743164e+01
   3.7867240e+06   3.6071777e+01
   3.8052050e+06   3.8452148e+01
   3.8523360e+06   3.7658691e+01
   3.8804630e+06   3.8330078e+01
   3.9042940e+06   4.0954590e+01
   3.9245210e+06   3.7048340e+01
   3.9788610e+06   3.5034180e+01
   3.9878050e+06   3.4729004e+01
   3.9952890e+06   3.8085938e+01
   4.0085440e+06   3.8635254e+01
   4.0089080e+06   3.4606934e+01
   4.0880930e+06   3.6193848e+01
   4.0890270e+06   3.7109375e+01
   4.1239610e+06   3.8146973e+01
   4.1465630e+06   3.7475586e+01
   4.1500700e+06   3.4729004e+01
   4.1682330e+06   3.4484863e+01
   4.1704270e+06   3.4423828e+01
   4.1833410e+06   4.1625977e+01
   4.3336160e+06   3.5949707e+01
   4.3368000e+06   3.4545898e+01
   4.3412120e+06   3.9123535e+01
   4.3649050e+06   3.6865234e+01
   4.3677030e+06   3.5278320e+01
   4.3792070e+06   3.5522461e+01
   4.4006320e+06   3.6743164e+01
   4.4032920e+06   3.5644531e+01
   4.4107540e+06   3.5461426e+01
   4.4424550e+06   3.8696289e+01
   4.4881430e+06   3.5156250e+01
   4.5262470e+06   4.0588379e+01
   4.5687490e+06   4.2785645e+01
   4.5699810e+06   3.5400391e+01
   4.5947400e+06   3.8635254e+01
   4.6080990e+06   3.5034180e+01
   4.6273980e+06   3.5278320e+01
   4.6309470e+06   3.6865234e+01
   4.6384190e+06   3.5461426e+01
   4.6390930e+06   3.7719727e+01
   4.6512840e+06   3.7231445e+01
   4.6663950e+06   3.5705566e+01
   4.6838030e+06   3.5827637e+01
   4.6919190e+06   3.7292480e+01
   4.7201290e+06   3.5400391e+01
   4.7319930e+06   3.9489746e+01
   4.7682060e+06   3.5278320e+01
   4.7695120e+06   3.7353516e+01
   4.7933340e+06   3.7292480e+01
   4.8189420e+06   3.6926270e+01
   4.8678340e+06   3.4851074e+01
   4.8883800e+06   3.9428711e+01
   4.9121630e+06   3.5095215e+01
   4.9637180e+06   3.7902832e+01
   4.9639100e+06   3.4667969e+01
   4.9827530e+06   3.6132812e+01
   5.0159370e+06   3.5827637e+01
   5.0581290e+06   3.7841797e+01
   5.1015990e+06   3.4606934e+01
   5.1041270e+06   3.7597656e+01
   5.1126340e+06   4.0832520e+01
   5.1208360e+06   3.6254883e+01
   5.1947310e+06   4.2053223e+01
   5.1965360e+06   3.7597656e+01
   5.2417510e+06   3.4606934e+01
   5.2803700e+06   3.5156250e+01
   5.2820900e+06   3.6865234e+01
   5.2916190e+06   3.5339355e+01
   5.3015730e+06   3.4667969e+01
   5.3125860e+06   3.6193848e+01
   5.3652210e+06   3.4790039e+01
   5.3874890e+06   3.7597656e+01
   5.4049010e+06   3.6560059e+01
   5.4719260e+06   3.4790039e+01
   5.4822120e+06   3.5583496e+01
   5.5132480e+06   3.4790039e+01
   5.5245020e+06   3.6987305e+01
   5.5459840e+06   3.8452148e+01
   5.5587120e+06   3.7536621e+01
   5.5590180e+06   3.4729004e+01
   5.5612160e+06   3.5888672e+01
   5.5754490e+06   3.5461426e+01
   5.5835160e+06   3.7231445e+01
   5.5907850e+06   3.5339355e+01
   5.6483950e+06   3.5766602e+01
   5.6801470e+06   3.4790039e+01
   5.7660930e+06   4.2053223e+01
   5.8225030e+06   3.4606934e+01
   5.8958710e+06   3.6010742e+01
   5.9555580e+06   3.9733887e+01
   5.9864860e+06   3.8024902e+01
   5.9993790e+06   3.9062500e+01
   6.1137570e+06   4.0954590e+01
   6.1275550e+06   3.6682129e+01
   6.1378550e+06   3.7536621e+01
   6.1631650e+06   3.5095215e+01
   6.1654320e+06   3.6315918e+01
   6.2056540e+06   3.5156250e+01
   6.2102580e+06   3.6437988e+01
   6.3102010e+06   3.6621094e+01
   6.3364750e+06   3.4729004e+01
   6.3642690e+06   3.5949707e+01
   6.4086000e+06   4.1687012e+01
   6.4344980e+06   3.5278320e+01
   6.4491050e+06   3.4545898e+01
   6.4531180e+06   3.7414551e+01
   6.4669230e+06   3.9184570e+01
   6.4774170e+06   3.4851074e+01
   6.4839180e+06   3.6804199e+01
   6.5189580e+06   3.4606934e+01
   6.5544320e+06   3.4667969e+01
   6.6385020e+06   3.6071777e+01
   6.6669020e+06   3.4545898e+01
   6.6892640e+06   3.4729004e+01
   6.7110380e+06   3.7109375e+01
   6.7210260e+06   4.4921875e+01
   6.7693100e+06   3.5400391e+01
   6.9058450e+06   3.6621094e+01
   7.0211700e+06   3.5766602e+01
   7.0233110e+06   3.7353516e+01
   7.0456280e+06   3.6376953e+01
   7.0676440e+06   3.7780762e+01
   7.1054730e+06   3.7780762e+01
   7.1482900e+06   3.5217285e+01
   7.1709110e+06   3.4973145e+01
   7.1863420e+06   3.8330078e+01
   7.2309010e+06   3.8574219e+01
   7.2618850e+06   3.5156250e+01
   7.3766700e+06   3.6560059e+01
   7.3818910e+06   3.5034180e+01
   7.4008540e+06   3.6193848e+01
   7.4180800e+06   3.4729004e+01
   7.4394630e+06   3.5339355e+01
   7.4805490e+06   3.6254883e+01
   7.5362270e+06   3.5888672e+01
   7.5914030e+06   3.7170410e+01
   7.6509970e+06   3.6499023e+01
   7.6699990e+06   4.0283203e+01
   7.7012280e+06   3.4423828e+01
   7.7081190e+06   3.8940430e+01
   7.7414330e+06   3.5034180e+01
   7.7607900e+06   3.5278320e+01
   7.7668830e+06   3.6865234e+01
   7.9483080e+06   3.6682129e+01
   7.9891580e+06   4.0954590e+01
   7.9946200e+06   3.7475586e+01
   8.0031240e+06   3.6132812e+01
   8.0201780e+06   4.1687012e+01
   8.0873480e+06   3.6071777e+01
   8.1119400e+06   3.7292480e+01
   8.1210760e+06   3.5156250e+01
   8.1413420e+06   3.4667969e+01
   8.1649350e+06   3.5217285e+01
   8.2275050e+06   3.6132812e+01
   8.2570340e+06   3.6926270e+01
   8.2753040e+06   3.4973145e+01
   8.2903770e+06   3.4912109e+01
   8.3024150e+06   3.5156250e+01
   8.3140750e+06   4.9865723e+01
   8.3400080e+06   3.8635254e+01
   8.3447850e+06   4.1320801e+01
   8.3621450e+06   3.6682129e+01
   8.3699680e+06   3.8818359e+01
   8.3980020e+06   3.4606934e+01
   8.3980530e+06   3.5156250e+01
   8.3994280e+06   4.3762207e+01
   8.4099710e+06   3.5705566e+01
   8.4585780e+06   3.7658691e+01
   8.4811570e+06   3.5888672e+01
   8.4941610e+06   3.6193848e+01
   8.5056350e+06   3.6071777e+01
   8.5209860e+06   3.5095215e+01
   8.5500340e+06   3.7841797e+01
   8.5860630e+06   3.9855957e+01
   8.6493960e+06   3.6926270e+01
   8.6525530e+06   3.7231445e+01
   8.6600400e+06   3.7292480e+01
   8.6672940e+06   3.5217285e+01
   8.6783990e+06   3.8696289e+01
   8.6790260e+06   3.7231445e+01
   8.7097980e+06   3.8146973e+01
   8.7307550e+06   3.5766602e+01
   8.8288040e+06   3.6804199e+01
   8.8601350e+06   3.6743164e+01
   8.8834840e+06   4.3273926e+01
   8.9049230e+06   3.5217285e+01
   8.9315590e+06   3.4973145e+01
   8.9525580e+06   3.5156250e+01
