   8.9990000e+06   0.0000000e+00
   2.5120800e+05   3.9916992e+01
   5.0723800e+05   3.9245605e+01
   5.6336700e+05   3.6743164e+01
   1.4393620e+06   3.8024902e+01
   1.4518340e+06   4.1809082e+01
   1.7003170e+06   3.7170410e+01
   2.0889640e+06   3.6437988e+01
   2.1854100e+06   3.6254883e+01
   2.1942820e+06   3.6621094e+01
   2.4387790e+06   3.6560059e+01
   2.8727600e+06   3.7170410e+01
   3.0980330e+06   3.6743164e+01
   3.4883070e+06   3.7109375e+01
   3.6010410e+06   3.7170410e+01
   3.6589700e+06   3.8024902e+01
   3.7558740e+06   3.8635254e+01
   3.8567360e+06   3.6743164e+01
   3.8785860e+06   3.7780762e+01
   3.8925610e+06   3.7170410e+01
   4.2392730e+06   3.7231445e+01
   4.3046320e+06   3.6987305e+01
   4.3418860e+06   3.9367676e+01
   4.6065950e+06   3.8635254e+01
   4.6981770e+06   4.0283203e+01
   4.7359810e+06   3.8146973e+01
   4.9928000e+06   3.8635254e+01
   5.0231380e+06   4.3762207e+01
   5.0698410e+06   3.6682129e+01
   5.1118000e+06   4.3884277e+01
   5.1451580e+06   3.7841797e+01
   5.2871860e+06   3.7475586e+01
   5.3044550e+06   3.7658691e+01
   5.3538520e+06   4.1442871e+01
   5.4392990e+06   1.0144043e+02
   5.5448640e+06   3.6560059e+01
   5.5783300e+06   3.6437988e+01
   5.8745460e+06   3.7109375e+01
   5.9629990e+06   3.7109375e+01
   5.9686200e+06   4.0039062e+01
   5.9803580e+06   4.0222168e+01
   6.0127080e+06   3.7841797e+01
   6.0295300e+06   3.9245605e+01
   6.0736200e+06   3.7048340e+01
   6.1621150e+06   4.0222168e+01
   6.2874440e+06   4.2419434e+01
   6.2912200e+06   1.0369873e+02
   6.6540630e+06   3.6682129e+01
   6.6599760e+06   4.0161133e+01
   6.6914210e+06   4.1931152e+01
   6.7363510e+06   3.8085938e+01
   6.7476300e+06   3.8940430e+01
   7.1440430e+06   3.7597656e+01
   7.1445480e+06   3.9489746e+01
   7.1641240e+06   3.7048340e+01
   7.1988360e+06   4.3457031e+01
   7.2148450e+06   3.7048340e+01
   7.2335320e+06   3.6621094e+01
   7.2465260e+06   3.8696289e+01
   7.2891510e+06   3.9489746e+01
   7.3008850e+06   3.7170410e+01
   7.3744970e+06   4.7180176e+01
   7.8063200e+06   3.6499023e+01
   7.8335770e+06   3.9062500e+01
   8.1002680e+06   4.1809082e+01
   8.1554060e+06   4.2114258e+01
   8.2335070e+06   3.8146973e+01
   8.2883020e+06   4.1870117e+01
   8.3842220e+06   3.7109375e+01
   8.4457230e+06   3.7475586e+01
   8.5722400e+06   3.9855957e+01
   8.6587610e+06   4.9804688e+01
   8.9755780e+06   3.7719727e+01
