   8.9990000e+06   0.0000000e+00
   6.9981400e+05   3.7841797e+01
   8.8462300e+05   3.6865234e+01
   9.6079200e+05   3.7536621e+01
   1.3787360e+06   3.7841797e+01
   1.7662020e+06   3.8269043e+01
   1.9450020e+06   3.7170410e+01
   2.4474180e+06   3.8513184e+01
   2.5417960e+06   3.6804199e+01
   2.7939550e+06   3.8269043e+01
   3.0704520e+06   3.7475586e+01
   3.2724170e+06   3.6987305e+01
   3.4339700e+06   3.8085938e+01
   3.4532330e+06   3.6987305e+01
   4.2658770e+06   3.6987305e+01
   4.5438520e+06   3.7963867e+01
   4.6495780e+06   3.7963867e+01
   4.7033900e+06   3.7475586e+01
   4.7299060e+06   3.8818359e+01
   5.0187380e+06   4.1076660e+01
   5.1809080e+06   3.7719727e+01
   5.8827010e+06   3.6804199e+01
   5.9621450e+06   3.6987305e+01
   6.0165300e+06   3.7780762e+01
   6.1687200e+06   4.0466309e+01
   6.2724540e+06   3.9123535e+01
   7.1826220e+06   3.7414551e+01
   7.4129550e+06   3.7048340e+01
   7.4950080e+06   3.7414551e+01
   7.5777650e+06   3.7353516e+01
   7.9936420e+06   3.8208008e+01
   8.3555360e+06   3.8391113e+01
   8.3988930e+06   3.8330078e+01
   8.5000620e+06   4.0405273e+01
   8.5231020e+06   3.6865234e+01
