   8.9990000e+06   0.0000000e+00
   6.1200000e+02   3.9367676e+01
   1.6203000e+04   3.6132812e+01
   2.8591000e+04   3.8085938e+01
   8.0664000e+04   3.8391113e+01
   1.2968000e+05   3.8879395e+01
   1.4450300e+05   4.3212891e+01
   1.4695800e+05   3.7231445e+01
   1.5830700e+05   4.0649414e+01
   1.6757500e+05   3.9001465e+01
   2.5604600e+05   3.7353516e+01
   2.6391000e+05   4.1137695e+01
   2.7816800e+05   3.8269043e+01
   3.0243900e+05   3.7719727e+01
   3.2726300e+05   3.9916992e+01
   3.4070200e+05   3.8635254e+01
   3.7614100e+05   4.0405273e+01
   4.0991400e+05   3.6743164e+01
   4.2095600e+05   3.8574219e+01
   4.4305000e+05   4.0466309e+01
   4.5780400e+05   3.8513184e+01
   4.7255800e+05   3.7109375e+01
   4.8974600e+05   3.9672852e+01
   5.3445800e+05   4.2846680e+01
   5.5771900e+05   3.8391113e+01
   5.9144000e+05   4.2480469e+01
   6.0775300e+05   3.7597656e+01
   6.1995000e+05   3.7170410e+01
   6.3646800e+05   3.6437988e+01
   6.7137100e+05   3.6560059e+01
   6.8250900e+05   3.6865234e+01
   6.8648300e+05   3.6499023e+01
   6.9842400e+05   3.8574219e+01
   7.2506200e+05   3.6743164e+01
   7.5520900e+05   3.9550781e+01
   7.6991400e+05   3.7231445e+01
   7.9068900e+05   3.7170410e+01
   8.3079600e+05   3.6254883e+01
   8.4270400e+05   4.1381836e+01
   8.5649700e+05   4.1687012e+01
   8.5658900e+05   4.0710449e+01
   8.5698100e+05   3.6682129e+01
   8.8318200e+05   4.1625977e+01
   8.9997700e+05   4.0283203e+01
   9.0650600e+05   3.9306641e+01
   9.1422100e+05   4.3029785e+01
   9.1682700e+05   3.8024902e+01
   9.5031400e+05   3.7902832e+01
   9.6415700e+05   4.2724609e+01
   9.8462500e+05   3.7048340e+01
   9.9919000e+05   3.7353516e+01
   1.0156660e+06   3.7780762e+01
   1.0317130e+06   3.7292480e+01
   1.0482540e+06   4.3273926e+01
   1.0660870e+06   3.8208008e+01
   1.0809730e+06   3.7414551e+01
   1.1261620e+06   4.0466309e+01
   1.1368630e+06   4.1381836e+01
   1.1561050e+06   3.8085938e+01
   1.1677390e+06   4.2175293e+01
   1.1772490e+06   3.6743164e+01
   1.1909500e+06   3.7292480e+01
   1.2009550e+06   3.9855957e+01
   1.2016620e+06   3.8513184e+01
   1.2485500e+06   4.1015625e+01
   1.2628890e+06   4.0893555e+01
   1.2657480e+06   3.8574219e+01
   1.2824980e+06   3.6437988e+01
   1.2980940e+06   3.7292480e+01
   1.3140860e+06   4.0649414e+01
   1.3274160e+06   4.2175293e+01
   1.3315940e+06   3.9489746e+01
   1.3572630e+06   3.7170410e+01
   1.3807930e+06   3.6132812e+01
   1.3940370e+06   4.3457031e+01
   1.3957690e+06   3.9306641e+01
   1.4228880e+06   3.7597656e+01
   1.4438250e+06   3.8330078e+01
   1.4581800e+06   3.9001465e+01
   1.4760970e+06   4.2236328e+01
   1.5151960e+06   4.0161133e+01
   1.5552040e+06   3.6071777e+01
   1.5579590e+06   4.5593262e+01
   1.5805780e+06   3.6621094e+01
   1.6142480e+06   3.6071777e+01
   1.6479040e+06   3.7231445e+01
   1.6641180e+06   3.7536621e+01
   1.6729310e+06   3.7475586e+01
   1.6774680e+06   3.6743164e+01
   1.7074530e+06   3.8391113e+01
   1.7254780e+06   3.6193848e+01
   1.7366630e+06   3.9184570e+01
   1.7371530e+06   3.6804199e+01
   1.7510240e+06   4.3029785e+01
   1.7637460e+06   4.3701172e+01
   1.7841160e+06   3.6071777e+01
   1.7872240e+06   4.0588379e+01
   1.7877860e+06   3.7109375e+01
   1.8133270e+06   3.8513184e+01
   1.8178140e+06   3.7231445e+01
   1.8351750e+06   3.9428711e+01
   1.8517330e+06   3.6193848e+01
   1.8711270e+06   4.1381836e+01
   1.8864980e+06   4.1076660e+01
   1.9038200e+06   3.9245605e+01
   1.9209460e+06   3.9489746e+01
   1.9260580e+06   3.8696289e+01
   1.9505730e+06   3.9367676e+01
   1.9646390e+06   3.8513184e+01
   1.9688190e+06   4.0222168e+01
   1.9741810e+06   3.6437988e+01
   1.9841140e+06   4.3090820e+01
   1.9999560e+06   3.8818359e+01
   2.0178180e+06   3.9001465e+01
   2.0387470e+06   3.7292480e+01
   2.0475350e+06   3.7597656e+01
   2.0630510e+06   3.8940430e+01
   2.0677990e+06   3.8635254e+01
   2.1029850e+06   4.6020508e+01
   2.1180800e+06   4.0222168e+01
   2.1316600e+06   4.8889160e+01
   2.1402240e+06   4.1320801e+01
   2.1560670e+06   4.1015625e+01
   2.2183100e+06   3.6621094e+01
   2.2347930e+06   4.5898438e+01
   2.2632320e+06   3.6193848e+01
   2.2811940e+06   4.2297363e+01
   2.3037360e+06   3.7597656e+01
   2.3125390e+06   3.7170410e+01
   2.3321480e+06   3.7475586e+01
   2.3431040e+06   3.6865234e+01
   2.3707380e+06   4.7302246e+01
   2.3738400e+06   3.6926270e+01
   2.3971380e+06   3.8940430e+01
   2.4009600e+06   4.3334961e+01
   2.4135510e+06   4.4738770e+01
   2.4222620e+06   3.7414551e+01
   2.4418130e+06   3.9916992e+01
   2.4448650e+06   3.6621094e+01
   2.4578240e+06   4.1442871e+01
   2.4979380e+06   4.2907715e+01
   2.5056390e+06   3.6315918e+01
   2.5189560e+06   3.7963867e+01
   2.5279600e+06   3.6315918e+01
   2.5334770e+06   3.7048340e+01
   2.5502860e+06   3.7414551e+01
   2.5619390e+06   4.1381836e+01
   2.5827360e+06   3.7170410e+01
   2.5963990e+06   4.1320801e+01
   2.6126600e+06   3.6682129e+01
   2.6603790e+06   4.2480469e+01
   2.6659210e+06   4.2968750e+01
   2.6809390e+06   3.8146973e+01
   2.7026260e+06   3.6926270e+01
   2.7593110e+06   4.4494629e+01
   2.8265020e+06   4.1992188e+01
   2.8331860e+06   4.0649414e+01
   2.8392490e+06   3.8146973e+01
   2.8541440e+06   4.3334961e+01
   2.8544390e+06   3.6254883e+01
   2.8674300e+06   3.9978027e+01
   2.8785890e+06   3.9062500e+01
   2.8909570e+06   3.7475586e+01
   2.9031740e+06   3.9306641e+01
   2.9056220e+06   3.8818359e+01
   2.9183980e+06   4.0893555e+01
   2.9341050e+06   3.6499023e+01
   2.9670840e+06   3.7353516e+01
   2.9693840e+06   3.8513184e+01
   2.9784300e+06   4.1870117e+01
   2.9940650e+06   4.4250488e+01
   2.9952800e+06   3.6804199e+01
   3.0127140e+06   3.8024902e+01
   3.0299370e+06   4.2175293e+01
   3.0397590e+06   3.6560059e+01
   3.0453420e+06   3.6254883e+01
   3.0615270e+06   4.2114258e+01
   3.0710150e+06   3.7109375e+01
   3.0775800e+06   4.1015625e+01
   3.1351500e+06   3.9306641e+01
   3.1482350e+06   3.6682129e+01
   3.1505270e+06   4.4738770e+01
   3.1669780e+06   4.4616699e+01
   3.1701060e+06   3.9428711e+01
   3.1883630e+06   4.4982910e+01
   3.2008710e+06   3.7597656e+01
   3.2032110e+06   4.5532227e+01
   3.2131780e+06   3.7231445e+01
   3.2310090e+06   3.8635254e+01
   3.2408760e+06   4.0100098e+01
   3.2411130e+06   3.6804199e+01
   3.2461730e+06   4.5227051e+01
   3.2628810e+06   3.8879395e+01
   3.2758570e+06   3.6193848e+01
   3.2928950e+06   3.6865234e+01
   3.3063750e+06   4.3884277e+01
   3.3083990e+06   3.7475586e+01
   3.3415260e+06   4.3090820e+01
   3.3416050e+06   3.6071777e+01
   3.3583680e+06   3.9245605e+01
   3.3799800e+06   4.2602539e+01
   3.3967130e+06   3.7719727e+01
   3.4125780e+06   4.8706055e+01
   3.4206890e+06   3.7780762e+01
   3.4309980e+06   3.8513184e+01
   3.4357020e+06   4.1809082e+01
   3.4394450e+06   4.5043945e+01
   3.4506310e+06   4.3457031e+01
   3.4552800e+06   4.0649414e+01
   3.4693870e+06   3.7536621e+01
   3.4824420e+06   4.3762207e+01
   3.4892780e+06   3.6987305e+01
   3.4919800e+06   3.6071777e+01
   3.5061830e+06   3.7414551e+01
   3.5081070e+06   3.7292480e+01
   3.5209140e+06   3.9733887e+01
   3.5366380e+06   3.9306641e+01
   3.5508150e+06   4.0771484e+01
   3.5511870e+06   3.6926270e+01
   3.5663660e+06   3.8146973e+01
   3.5774550e+06   4.2236328e+01
   3.5952910e+06   4.0588379e+01
   3.5984250e+06   3.6132812e+01
   3.6042500e+06   3.7780762e+01
   3.6217320e+06   4.0832520e+01
   3.6225710e+06   3.8146973e+01
   3.6340300e+06   3.6987305e+01
   3.6387080e+06   3.9428711e+01
   3.6522210e+06   4.1137695e+01
   3.6922520e+06   3.6499023e+01
   3.7037820e+06   3.6926270e+01
   3.7039140e+06   3.6071777e+01
   3.7171610e+06   4.4311523e+01
   3.7199870e+06   4.1442871e+01
   3.7406650e+06   4.1198730e+01
   3.7524770e+06   4.0466309e+01
   3.7996850e+06   4.0893555e+01
   3.8151990e+06   4.1076660e+01
   3.8374120e+06   3.9123535e+01
   3.8521010e+06   4.4250488e+01
   3.8676170e+06   3.9001465e+01
   3.9089980e+06   3.7475586e+01
   3.9222740e+06   3.8940430e+01
   3.9323380e+06   3.7109375e+01
   3.9521370e+06   3.6254883e+01
   3.9733050e+06   3.8818359e+01
   3.9861080e+06   4.0710449e+01
   4.0026580e+06   4.1320801e+01
   4.0100940e+06   3.7292480e+01
   4.0119330e+06   3.8635254e+01
   4.0246040e+06   3.6499023e+01
   4.0327040e+06   3.6193848e+01
   4.0376310e+06   3.9367676e+01
   4.0534010e+06   3.6621094e+01
   4.0697720e+06   4.6142578e+01
   4.0849630e+06   4.5166016e+01
   4.0986640e+06   4.2541504e+01
   4.1136520e+06   4.4616699e+01
   4.1144550e+06   3.6499023e+01
   4.1246480e+06   3.9978027e+01
   4.1286160e+06   3.6132812e+01
   4.1553980e+06   3.8513184e+01
   4.1699420e+06   3.6376953e+01
   4.1864950e+06   3.9550781e+01
   4.1964960e+06   3.7902832e+01
   4.2096480e+06   3.7048340e+01
   4.2119540e+06   4.6691895e+01
   4.2197500e+06   3.8024902e+01
   4.2483490e+06   4.8645020e+01
   4.2546790e+06   3.7536621e+01
   4.2669190e+06   4.0100098e+01
   4.2825560e+06   3.7414551e+01
   4.2938260e+06   3.9611816e+01
   4.3116060e+06   4.0527344e+01
   4.3246070e+06   4.2297363e+01
   4.3317150e+06   3.6315918e+01
   4.3659190e+06   4.0100098e+01
   4.3821270e+06   3.8452148e+01
   4.3868510e+06   3.7536621e+01
   4.3974340e+06   4.4982910e+01
   4.4108000e+06   3.6926270e+01
   4.4390660e+06   3.7048340e+01
   4.4558620e+06   4.0344238e+01
   4.4720450e+06   3.6132812e+01
   4.4996390e+06   4.7119141e+01
   4.5002240e+06   3.7536621e+01
   4.5345360e+06   4.1442871e+01
   4.5467900e+06   3.9550781e+01
   4.5472300e+06   3.9428711e+01
   4.5573110e+06   3.8024902e+01
   4.5599580e+06   4.1137695e+01
   4.5734310e+06   3.7597656e+01
   4.5751000e+06   4.0771484e+01
   4.5820160e+06   4.1809082e+01
   4.5958740e+06   3.9062500e+01
   4.6097420e+06   4.4616699e+01
   4.6168410e+06   3.9794922e+01
   4.6258410e+06   4.1198730e+01
   4.6394280e+06   4.2663574e+01
   4.6399630e+06   3.6621094e+01
   4.6538170e+06   3.6193848e+01
   4.6668740e+06   3.8208008e+01
   4.6670780e+06   3.9550781e+01
   4.6923670e+06   4.3701172e+01
   4.7045160e+06   4.5776367e+01
   4.7286690e+06   3.6437988e+01
   4.7472070e+06   4.0771484e+01
   4.7638740e+06   4.1809082e+01
   4.7643850e+06   3.6743164e+01
   4.7800270e+06   3.8146973e+01
   4.7939540e+06   4.5166016e+01
   4.8036550e+06   3.8818359e+01
   4.8158350e+06   3.6804199e+01
   4.8237650e+06   3.7475586e+01
   4.8388310e+06   4.0893555e+01
   4.8538000e+06   3.7414551e+01
   4.8686770e+06   4.7058105e+01
   4.8962130e+06   3.7536621e+01
   4.9254570e+06   5.1879883e+01
   4.9424450e+06   3.7170410e+01
   4.9546080e+06   3.7048340e+01
   4.9598160e+06   3.8879395e+01
   4.9873910e+06   3.8330078e+01
   5.0036930e+06   3.7658691e+01
   5.0197330e+06   3.7414551e+01
   5.0355750e+06   4.2907715e+01
   5.0520830e+06   4.1687012e+01
   5.0679230e+06   4.6997070e+01
   5.0834080e+06   3.6254883e+01
   5.1024900e+06   3.8574219e+01
   5.1145490e+06   4.2053223e+01
   5.1217420e+06   4.1198730e+01
   5.1241190e+06   4.0039062e+01
   5.1394820e+06   3.8940430e+01
   5.1504310e+06   4.0832520e+01
   5.1702940e+06   3.7658691e+01
   5.1887290e+06   3.8269043e+01
   5.2012270e+06   3.8452148e+01
   5.2232990e+06   3.7109375e+01
   5.2357870e+06   3.8269043e+01
   5.2502220e+06   3.8940430e+01
   5.2644040e+06   4.0100098e+01
   5.2798630e+06   4.0222168e+01
   5.2954650e+06   3.9855957e+01
   5.2964360e+06   4.0893555e+01
   5.2989960e+06   3.7048340e+01
   5.3094860e+06   3.7719727e+01
   5.3245100e+06   3.7353516e+01
   5.3246990e+06   3.8513184e+01
   5.3647980e+06   3.7414551e+01
   5.3680550e+06   4.0710449e+01
   5.3830660e+06   4.0039062e+01
   5.3991290e+06   4.9682617e+01
   5.3999380e+06   4.2053223e+01
   5.4146570e+06   5.1513672e+01
   5.4281230e+06   3.6315918e+01
   5.4298160e+06   4.0893555e+01
   5.4452620e+06   3.9672852e+01
   5.4453290e+06   4.1198730e+01
   5.4633420e+06   3.6132812e+01
   5.4869180e+06   4.3701172e+01
   5.4955330e+06   3.6254883e+01
   5.4982400e+06   3.8330078e+01
   5.5016170e+06   3.7048340e+01
   5.5089860e+06   4.1931152e+01
   5.5272390e+06   3.6376953e+01
   5.5386110e+06   4.2358398e+01
   5.5393290e+06   3.6071777e+01
   5.5579380e+06   4.0771484e+01
   5.5715950e+06   3.8513184e+01
   5.5877800e+06   3.8879395e+01
   5.6010950e+06   3.7597656e+01
   5.6264380e+06   3.9794922e+01
   5.6286800e+06   4.0588379e+01
   5.6338700e+06   3.6315918e+01
   5.6400260e+06   3.6743164e+01
   5.6582470e+06   3.9367676e+01
   5.6634110e+06   3.8330078e+01
   5.6770420e+06   4.1503906e+01
   5.6861060e+06   4.0283203e+01
   5.7152830e+06   3.8879395e+01
   5.7271620e+06   4.5471191e+01
   5.7391000e+06   3.8269043e+01
   5.7419540e+06   4.1870117e+01
   5.7548600e+06   3.8330078e+01
   5.7565440e+06   4.0100098e+01
   5.7729230e+06   3.8024902e+01
   5.7991770e+06   4.5654297e+01
   5.8193380e+06   3.7963867e+01
   5.8268760e+06   5.3405762e+01
   5.8654990e+06   3.8879395e+01
   5.8940250e+06   3.8146973e+01
   5.9109860e+06   4.0344238e+01
   5.9263450e+06   4.0405273e+01
   5.9381580e+06   3.8513184e+01
   5.9713750e+06   4.0283203e+01
   5.9729920e+06   3.7536621e+01
   5.9845720e+06   4.1870117e+01
   5.9902610e+06   3.6437988e+01
   6.0217310e+06   3.8024902e+01
   6.0304370e+06   3.9672852e+01
   6.0306530e+06   3.7536621e+01
   6.0377340e+06   4.9682617e+01
   6.0435530e+06   3.9916992e+01
   6.0468590e+06   4.7363281e+01
   6.0634330e+06   3.7109375e+01
   6.0919390e+06   3.7658691e+01
   6.1147440e+06   4.8400879e+01
   6.1152420e+06   3.9062500e+01
   6.1304100e+06   3.6865234e+01
   6.1312130e+06   3.9550781e+01
   6.1427700e+06   4.1564941e+01
   6.1578020e+06   3.6987305e+01
   6.1593050e+06   4.3090820e+01
   6.1595970e+06   3.6376953e+01
   6.1752910e+06   4.5349121e+01
   6.1776330e+06   4.0588379e+01
   6.2112150e+06   3.6376953e+01
   6.2167560e+06   3.9489746e+01
   6.2422240e+06   3.6743164e+01
   6.2507880e+06   3.8940430e+01
   6.2654820e+06   4.1748047e+01
   6.3085260e+06   4.1625977e+01
   6.3253910e+06   3.6987305e+01
   6.3428260e+06   3.9672852e+01
   6.3586660e+06   3.6437988e+01
   6.3677080e+06   3.9001465e+01
   6.3733310e+06   5.1818848e+01
   6.3901620e+06   3.9489746e+01
   6.3968870e+06   4.3579102e+01
   6.4312230e+06   4.2480469e+01
   6.4433880e+06   3.9672852e+01
   6.4665030e+06   4.2907715e+01
   6.5127840e+06   3.6071777e+01
   6.5134480e+06   3.6071777e+01
   6.5273780e+06   4.5898438e+01
   6.5565040e+06   4.2907715e+01
   6.5712960e+06   4.2602539e+01
   6.5880460e+06   4.0222168e+01
   6.6038540e+06   4.0405273e+01
   6.6113660e+06   3.7658691e+01
   6.6192530e+06   4.6936035e+01
   6.6197660e+06   3.9794922e+01
   6.6272160e+06   3.8330078e+01
   6.6447910e+06   3.6987305e+01
   6.6521200e+06   3.8391113e+01
   6.6669450e+06   4.2846680e+01
   6.6844370e+06   3.6376953e+01
   6.6901650e+06   3.6376953e+01
   6.6960380e+06   3.6743164e+01
   6.7036670e+06   3.9611816e+01
   6.7201270e+06   4.0893555e+01
   6.7349840e+06   4.0710449e+01
   6.7507190e+06   3.9489746e+01
   6.7645780e+06   3.7048340e+01
   6.7809510e+06   3.7414551e+01
   6.7813030e+06   3.8513184e+01
   6.7967410e+06   3.9916992e+01
   6.8027660e+06   4.0771484e+01
   6.8169670e+06   3.7597656e+01
   6.8427040e+06   4.7424316e+01
   6.8533840e+06   3.6987305e+01
   6.8604750e+06   4.4982910e+01
   6.8664440e+06   3.7048340e+01
   6.8759860e+06   4.2724609e+01
   6.8792240e+06   3.7963867e+01
   6.8892570e+06   3.8635254e+01
   6.8896470e+06   3.9001465e+01
   6.9015780e+06   3.8208008e+01
   6.9151860e+06   3.9672852e+01
   6.9323310e+06   4.3273926e+01
   6.9339240e+06   3.7902832e+01
   6.9364110e+06   3.7048340e+01
   6.9539080e+06   3.8574219e+01
   6.9697270e+06   3.8818359e+01
   6.9885820e+06   3.8085938e+01
   6.9999420e+06   4.6508789e+01
   7.0161720e+06   5.0842285e+01
   7.0343250e+06   3.7902832e+01
   7.0530480e+06   3.6682129e+01
   7.0719470e+06   3.7963867e+01
   7.0784490e+06   4.0161133e+01
   7.0807530e+06   3.7780762e+01
   7.0855460e+06   4.8950195e+01
   7.1026180e+06   4.2846680e+01
   7.1184450e+06   3.6193848e+01
   7.1185530e+06   4.2419434e+01
   7.1187280e+06   3.6804199e+01
   7.1373570e+06   3.9428711e+01
   7.1540240e+06   4.0161133e+01
   7.2018210e+06   3.7841797e+01
   7.2131250e+06   3.8452148e+01
   7.2139260e+06   3.6621094e+01
   7.2199860e+06   4.2236328e+01
   7.2251950e+06   3.6560059e+01
   7.2374700e+06   4.0161133e+01
   7.2421180e+06   4.0832520e+01
   7.2525000e+06   4.3090820e+01
   7.2697500e+06   3.6071777e+01
   7.2860050e+06   4.7485352e+01
   7.2888050e+06   3.6254883e+01
   7.2948160e+06   3.8391113e+01
   7.3094990e+06   4.4128418e+01
   7.3202900e+06   4.2968750e+01
   7.3429960e+06   3.8940430e+01
   7.3599800e+06   4.3151855e+01
   7.3745410e+06   4.1381836e+01
   7.3965650e+06   4.2236328e+01
   7.3980050e+06   3.6376953e+01
   7.4172010e+06   3.8330078e+01
   7.4365780e+06   4.0649414e+01
   7.4531940e+06   4.2419434e+01
   7.4666390e+06   4.0344238e+01
   7.4721980e+06   3.7658691e+01
   7.4726450e+06   3.6315918e+01
   7.4870200e+06   3.8513184e+01
   7.5028870e+06   3.9611816e+01
   7.5069160e+06   3.8696289e+01
   7.5176060e+06   4.3273926e+01
   7.5205170e+06   3.6132812e+01
   7.5220240e+06   4.3640137e+01
   7.5695350e+06   4.1015625e+01
   7.5826130e+06   4.1870117e+01
   7.5973680e+06   3.6499023e+01
   7.6372390e+06   4.8095703e+01
   7.6519380e+06   3.7902832e+01
   7.6545650e+06   4.0771484e+01
   7.6740060e+06   4.2724609e+01
   7.6897680e+06   3.8391113e+01
   7.6992510e+06   4.0039062e+01
   7.7036100e+06   4.2724609e+01
   7.7073460e+06   4.0954590e+01
   7.7213690e+06   4.0466309e+01
   7.7371300e+06   3.6193848e+01
   7.7408710e+06   3.7719727e+01
   7.7558320e+06   3.6315918e+01
   7.7730880e+06   3.9123535e+01
   7.7748520e+06   3.6621094e+01
   7.7846450e+06   4.6997070e+01
   7.7962080e+06   4.1870117e+01
   7.8035780e+06   3.9306641e+01
   7.8305110e+06   4.1748047e+01
   7.8434910e+06   3.9672852e+01
   7.8649590e+06   4.6264648e+01
   7.8868620e+06   4.6386719e+01
   7.9072410e+06   3.9489746e+01
   7.9237410e+06   5.1452637e+01
   7.9385720e+06   4.0100098e+01
   7.9505730e+06   3.6437988e+01
   7.9658450e+06   4.3823242e+01
   7.9819690e+06   3.7536621e+01
   7.9965640e+06   4.2785645e+01
   8.0109620e+06   3.6132812e+01
   8.0144440e+06   4.7424316e+01
   8.0319590e+06   4.2541504e+01
   8.0506830e+06   4.8950195e+01
   8.0673910e+06   4.0588379e+01
   8.0898220e+06   4.4494629e+01
   8.0906730e+06   3.6560059e+01
   8.1077530e+06   4.0588379e+01
   8.1227840e+06   4.7058105e+01
   8.1236710e+06   3.9489746e+01
   8.1332070e+06   3.8208008e+01
   8.1432610e+06   4.2236328e+01
   8.1608240e+06   4.7058105e+01
   8.1820810e+06   4.3395996e+01
   8.2013390e+06   4.2053223e+01
   8.2018160e+06   4.0222168e+01
   8.2145210e+06   3.9672852e+01
   8.2196850e+06   4.2419434e+01
   8.2263180e+06   3.8330078e+01
   8.2347370e+06   3.7353516e+01
   8.2469000e+06   3.6499023e+01
   8.2529600e+06   4.8522949e+01
   8.2532160e+06   3.6437988e+01
   8.2588080e+06   3.7048340e+01
   8.2698050e+06   3.9428711e+01
   8.2703400e+06   4.0222168e+01
   8.2870550e+06   3.9062500e+01
   8.2938550e+06   3.8574219e+01
   8.3232370e+06   3.7353516e+01
   8.3416450e+06   3.7048340e+01
   8.3451820e+06   3.9978027e+01
   8.3779650e+06   4.0039063e+01
   8.3783610e+06   3.6071777e+01
   8.3976670e+06   3.6621094e+01
   8.4014080e+06   3.8330078e+01
   8.4110910e+06   3.6682129e+01
   8.4178630e+06   4.1137695e+01
   8.4332680e+06   3.8330078e+01
   8.4510610e+06   3.8757324e+01
   8.4683660e+06   3.7780762e+01
   8.4860460e+06   5.0048828e+01
   8.5031720e+06   3.7536621e+01
   8.5158880e+06   3.6743164e+01
   8.5231410e+06   3.7658691e+01
   8.5362480e+06   3.9367676e+01
   8.5513740e+06   4.2480469e+01
   8.5636250e+06   5.1208496e+01
   8.5905610e+06   3.8146973e+01
   8.6075250e+06   4.1564941e+01
   8.6239580e+06   3.8330078e+01
   8.6412650e+06   3.6193848e+01
   8.6444270e+06   3.7231445e+01
   8.6600460e+06   3.6437988e+01
   8.6906540e+06   3.8818359e+01
   8.6909570e+06   3.9062500e+01
   8.7041170e+06   4.0832520e+01
   8.7189610e+06   3.9001465e+01
   8.7215590e+06   3.8879395e+01
   8.7305590e+06   4.7546387e+01
   8.7559720e+06   4.1381836e+01
   8.7751680e+06   3.6804199e+01
   8.7815370e+06   3.8269043e+01
   8.7820060e+06   4.5898438e+01
   8.8134730e+06   4.1320801e+01
   8.8334140e+06   4.2907715e+01
   8.8510910e+06   4.3518066e+01
   8.8538470e+06   3.7841797e+01
   8.8877510e+06   3.6254883e+01
   8.8992490e+06   3.6437988e+01
   8.9024630e+06   3.9611816e+01
   8.9089360e+06   3.7292480e+01
   8.9146370e+06   4.4738770e+01
   8.9249820e+06   3.8635254e+01
   8.9415370e+06   4.2785645e+01
   8.9579600e+06   4.3334961e+01
   8.9864560e+06   4.1503906e+01
