   8.9990000e+06   0.0000000e+00
   5.6200000e+02   7.7697754e+01
   8.5900000e+02   5.4687500e+01
   1.1876000e+04   5.4016113e+01
   2.0551000e+04   9.0881348e+01
   2.1351000e+04   7.5378418e+01
   3.6683000e+04   4.5349121e+01
   4.3828000e+04   9.0576172e+01
   4.4292000e+04   6.7138672e+01
   4.4592000e+04   2.8259277e+01
   6.2134000e+04   2.8503418e+01
   6.4660000e+04   4.7790527e+01
   6.5130000e+04   6.2011719e+01
   6.5194000e+04   4.7485352e+01
   6.5532000e+04   6.2927246e+01
   7.0058000e+04   7.1716309e+01
   7.0459000e+04   5.3405762e+01
   7.4263000e+04   2.8686523e+01
   7.4489000e+04   4.7668457e+01
   9.0576000e+04   8.5021973e+01
   9.1308000e+04   7.0434570e+01
   1.1018200e+05   4.6691895e+01
   1.1087000e+05   8.5205078e+01
   1.1120900e+05   4.9621582e+01
   1.3221700e+05   8.2702637e+01
   1.3262800e+05   6.7504883e+01
   1.5493300e+05   9.5275879e+01
   1.5546700e+05   7.6965332e+01
   1.5574100e+05   2.8259277e+01
   1.7375800e+05   8.4228516e+01
   1.7708900e+05   5.0781250e+01
   1.8046000e+05   8.3374023e+01
   1.8073000e+05   5.1330566e+01
   1.8487900e+05   2.7893066e+01
   2.0174200e+05   8.0383301e+01
   2.0183300e+05   2.9602051e+01
   2.0519300e+05   7.8979492e+01
   2.0542200e+05   3.7109375e+01
   2.1095000e+05   4.2053223e+01
   2.1120400e+05   4.9377441e+01
   2.2689200e+05   9.3750000e+01
   2.2733300e+05   7.3547363e+01
   2.2759700e+05   3.1250000e+01
   2.3277100e+05   2.8076172e+01
   2.3611900e+05   4.8461914e+01
   2.3710300e+05   4.6081543e+01
   2.4590100e+05   9.3383789e+01
   2.4668300e+05   6.9946289e+01
   2.5592700e+05   5.1147461e+01
   2.5618800e+05   4.4860840e+01
   2.6781000e+05   8.5205078e+01
   2.6846000e+05   4.2419434e+01
   2.6877300e+05   3.1677246e+01
   2.7793300e+05   3.1372070e+01
   2.9001900e+05   9.5703125e+01
   2.9042100e+05   6.8664551e+01
   2.9075600e+05   3.5827637e+01
   2.9170500e+05   4.6508789e+01
   2.9209400e+05   4.1442871e+01
   2.9235300e+05   3.3813477e+01
   3.0893700e+05   8.2519531e+01
   3.0965700e+05   6.3415527e+01
   3.0994100e+05   2.9052734e+01
   3.2548900e+05   2.8015137e+01
   3.2764000e+05   5.7861328e+01
   3.3049500e+05   8.2214355e+01
   3.3119700e+05   6.8420410e+01
   3.3150900e+05   4.5104980e+01
   3.5159600e+05   9.9243164e+01
   3.5243700e+05   5.9143066e+01
   3.5271900e+05   3.2409668e+01
   3.6045600e+05   5.4626465e+01
   3.7104800e+05   7.9162598e+01
   3.7156100e+05   6.8054199e+01
   3.7182400e+05   3.1860352e+01
   3.7743600e+05   5.2062988e+01
   3.7777200e+05   3.9306641e+01
   3.7796400e+05   2.8503418e+01
   3.9258100e+05   1.1236572e+02
   3.9307100e+05   7.2082520e+01
   3.9330300e+05   3.1188965e+01
   3.9342500e+05   4.7912598e+01
   4.1226300e+05   5.7617188e+01
   4.1506900e+05   8.9355469e+01
   4.1601500e+05   8.2885742e+01
   4.1623200e+05   2.8686523e+01
   4.1669800e+05   4.3334961e+01
   4.3826300e+05   8.4838867e+01
   4.3876200e+05   6.1645508e+01
   4.3902800e+05   3.1982422e+01
   4.4603900e+05   4.3212891e+01
   4.4665500e+05   4.4677734e+01
   4.4687700e+05   2.7893066e+01
   4.4708900e+05   3.2348633e+01
   4.5974200e+05   9.2590332e+01
   4.6014500e+05   7.5195312e+01
   4.6041200e+05   2.9846191e+01
   4.8070500e+05   8.2458496e+01
   4.8100600e+05   6.3354492e+01
   4.8936900e+05   5.2368164e+01
   4.8995300e+05   4.0893555e+01
   4.9019200e+05   3.3752441e+01
   5.0008600e+05   8.2092285e+01
   5.0091900e+05   6.8908691e+01
   5.0122000e+05   4.8339844e+01
   5.2390800e+05   8.7524414e+01
   5.2428900e+05   7.5866699e+01
   5.2458000e+05   3.7109375e+01
   5.2907900e+05   5.3894043e+01
   5.4463000e+05   2.8198242e+01
   5.4725400e+05   8.6486816e+01
   5.4802000e+05   7.7392578e+01
   5.4831600e+05   3.4057617e+01
   5.4840400e+05   5.4016113e+01
   5.4859000e+05   4.6203613e+01
   5.5584300e+05   2.8015137e+01
   5.6214300e+05   4.9194336e+01
   5.6880600e+05   4.9499512e+01
   5.6890400e+05   8.1359863e+01
   5.6937300e+05   8.6059570e+01
   5.6965700e+05   3.8024902e+01
   5.7573700e+05   4.9316406e+01
   5.7602900e+05   4.3945312e+01
   5.7628500e+05   2.8076172e+01
   5.7725500e+05   3.0761719e+01
   5.9902600e+05   1.0333252e+02
   6.0127600e+05   8.1054688e+01
   6.0154900e+05   5.5847168e+01
   6.1774000e+05   2.8625488e+01
   6.1802300e+05   4.9499512e+01
   6.1950500e+05   2.8015137e+01
   6.2628200e+05   9.3566895e+01
   6.2669900e+05   2.8808594e+01
   6.2692900e+05   2.8198242e+01
   6.3279800e+05   2.9785156e+01
   6.4549000e+05   9.5886230e+01
   6.4584100e+05   7.2387695e+01
   6.4660600e+05   3.1494141e+01
   6.4763200e+05   5.2246094e+01
   6.4805700e+05   5.2978516e+01
   6.4863300e+05   3.9489746e+01
   6.4940100e+05   2.7893066e+01
   6.5020200e+05   3.2958984e+01
   6.6553300e+05   8.8012695e+01
   6.6602600e+05   7.7392578e+01
   6.6639700e+05   4.4067383e+01
   6.8496600e+05   9.4299316e+01
   6.8536300e+05   7.0617676e+01
   6.8559600e+05   3.4301758e+01
   6.8619400e+05   5.2429199e+01
   6.9138300e+05   4.6936035e+01
   6.9186400e+05   4.2724609e+01
   6.9215000e+05   3.0944824e+01
   7.0963800e+05   1.0583496e+02
   7.1381500e+05   9.1003418e+01
   7.1413500e+05   6.1035156e+01
   7.1929200e+05   4.8095703e+01
   7.2286100e+05   4.6875000e+01
   7.3450900e+05   9.8815918e+01
   7.3520000e+05   8.3007812e+01
   7.3541600e+05   3.5766602e+01
   7.5555200e+05   8.6242676e+01
   7.5615500e+05   5.6579590e+01
   7.5647400e+05   3.1066895e+01
   7.7219000e+05   5.8898926e+01
   7.7830900e+05   9.2224121e+01
   7.7862500e+05   7.0800781e+01
   7.7884900e+05   2.8991699e+01
   7.8380300e+05   4.8034668e+01
   8.0339100e+05   9.4726562e+01
   8.0383800e+05   8.2519531e+01
   8.0408200e+05   2.8564453e+01
   8.2274500e+05   5.3161621e+01
   8.2300800e+05   4.6020508e+01
   8.2450600e+05   9.3261719e+01
   8.2494900e+05   7.5012207e+01
   8.2527000e+05   3.2226562e+01
   8.4479100e+05   9.6252441e+01
   8.4489000e+05   5.3161621e+01
   8.4531800e+05   7.9040527e+01
   8.4563200e+05   4.3823242e+01
   8.4760700e+05   4.7058105e+01
   8.4788900e+05   4.3029785e+01
   8.6934500e+05   1.0101318e+02
   8.6967000e+05   7.3303223e+01
   8.7744200e+05   7.0373535e+01
   8.7776600e+05   6.3171387e+01
   8.8344000e+05   5.1513672e+01
   8.8386600e+05   4.2907715e+01
   8.9037300e+05   2.8015137e+01
   9.0161700e+05   8.7585449e+01
   9.0202200e+05   6.9152832e+01
   9.0233500e+05   3.0456543e+01
   9.0785300e+05   5.8898926e+01
   9.1927400e+05   2.8442383e+01
   9.2366800e+05   9.6191406e+01
   9.2406500e+05   7.9650879e+01
   9.3183500e+05   8.3679199e+01
   9.3228000e+05   7.0007324e+01
   9.3756500e+05   5.4870605e+01
   9.3789200e+05   4.4067383e+01
   9.3809100e+05   3.3325195e+01
   9.4342200e+05   3.3935547e+01
   9.5236300e+05   9.4787598e+01
   9.5278000e+05   7.8369141e+01
   9.5303000e+05   3.0090332e+01
   9.7114500e+05   5.0170898e+01
   9.7826300e+05   8.6242676e+01
   9.7855700e+05   4.4799805e+01
   9.8430600e+05   4.6569824e+01
   9.8647600e+05   7.7636719e+01
   9.8693500e+05   8.0200195e+01
   9.8717600e+05   2.9907227e+01
   9.9979900e+05   5.1391602e+01
   1.0001540e+06   4.6203613e+01
   1.0100610e+06   3.0029297e+01
   1.0105090e+06   8.8806152e+01
   1.0149350e+06   7.3120117e+01
   1.0154720e+06   5.9997559e+01
   1.0377410e+06   4.4860840e+01
   1.0380590e+06   4.6325684e+01
   1.0384310e+06   3.4545898e+01
   1.0388610e+06   1.1053467e+02
   1.0393780e+06   7.3303223e+01
   1.0396610e+06   3.2409668e+01
   1.0636150e+06   8.7402344e+01
   1.0640240e+06   7.6049805e+01
   1.0643160e+06   4.8095703e+01
   1.0811770e+06   5.2673340e+01
   1.0815360e+06   4.4738770e+01
   1.0815990e+06   2.8564453e+01
   1.0817270e+06   2.8747559e+01
   1.0818300e+06   3.1616211e+01
   1.0861540e+06   1.0546875e+02
   1.0865160e+06   7.5805664e+01
   1.1112080e+06   5.0109863e+01
   1.1112910e+06   3.7658691e+01
   1.1150800e+06   9.6435547e+01
   1.1154360e+06   6.4025879e+01
   1.1257190e+06   5.7556152e+01
   1.1259810e+06   4.7607422e+01
   1.1263560e+06   3.0273438e+01
   1.1333580e+06   9.0087891e+01
   1.1338090e+06   7.0434570e+01
   1.1340630e+06   3.5095215e+01
   1.1530020e+06   9.7595215e+01
   1.1535290e+06   8.4655762e+01
   1.1538500e+06   3.0151367e+01
   1.1658720e+06   4.9560547e+01
   1.1751040e+06   8.3129883e+01
   1.1756430e+06   7.7392578e+01
   1.1759270e+06   2.8015137e+01
   1.1939460e+06   5.6030273e+01
   1.1981520e+06   1.0034180e+02
   1.1987260e+06   5.6457520e+01
   1.1989370e+06   7.1228027e+01
   1.2026620e+06   8.5388184e+01
   1.2027430e+06   2.8381348e+01
   1.2033860e+06   5.2062988e+01
   1.2166710e+06   4.7424316e+01
   1.2240930e+06   9.5703125e+01
   1.2244200e+06   7.4401855e+01
   1.2250120e+06   5.6884766e+01
   1.2385780e+06   5.3283691e+01
   1.2457110e+06   9.1308594e+01
   1.2464120e+06   7.4279785e+01
   1.2467010e+06   4.1687012e+01
   1.2494100e+06   5.2001953e+01
   1.2651980e+06   4.8034668e+01
   1.2654990e+06   4.5959473e+01
   1.2680970e+06   3.2653809e+01
   1.2688030e+06   1.1273193e+02
   1.2692100e+06   8.1726074e+01
   1.2694930e+06   4.1320801e+01
   1.2910110e+06   9.3688965e+01
   1.2914120e+06   7.8186035e+01
   1.2916900e+06   4.3701172e+01
   1.3129720e+06   8.1359863e+01
   1.3135380e+06   4.9133301e+01
   1.3143900e+06   7.1899414e+01
   1.3146540e+06   4.3151855e+01
   1.3191890e+06   4.9194336e+01
   1.3383530e+06   8.9538574e+01
   1.3388450e+06   7.1105957e+01
   1.3391970e+06   6.3415527e+01
   1.3433840e+06   5.3466797e+01
   1.3436960e+06   4.7119141e+01
   1.3438840e+06   2.9357910e+01
   1.3443220e+06   4.0649414e+01
   1.3451100e+06   2.9968262e+01
   1.3598760e+06   9.3994141e+01
   1.3617590e+06   8.0566406e+01
   1.3621760e+06   5.4687500e+01
   1.3858280e+06   9.4665527e+01
   1.3862930e+06   3.3264160e+01
   1.3866350e+06   3.9306641e+01
   1.3971660e+06   2.8137207e+01
   1.4095950e+06   8.1604004e+01
   1.4106910e+06   8.3740234e+01
   1.4109190e+06   4.4250488e+01
   1.4262400e+06   6.4208984e+01
   1.4265940e+06   5.2124023e+01
   1.4267970e+06   3.0334473e+01
   1.4325990e+06   2.8076172e+01
   1.4372560e+06   9.5642090e+01
   1.4375930e+06   8.3984375e+01
   1.4378390e+06   3.4851074e+01
   1.4553690e+06   2.8442383e+01
   1.4614380e+06   1.0162354e+02
   1.4621780e+06   4.4860840e+01
   1.4622330e+06   8.1115723e+01
   1.4624180e+06   5.2246094e+01
   1.4626790e+06   3.3691406e+01
   1.4626990e+06   6.6284180e+01
   1.4840380e+06   9.4848633e+01
   1.4847740e+06   9.2163086e+01
   1.4850350e+06   4.7180176e+01
   1.4887070e+06   2.8625488e+01
   1.4915320e+06   2.9052734e+01
   1.4950890e+06   2.8442383e+01
   1.5019820e+06   2.8869629e+01
   1.5025070e+06   5.7373047e+01
   1.5115700e+06   1.0095215e+02
   1.5121120e+06   7.1289062e+01
   1.5128570e+06   5.5175781e+01
   1.5340460e+06   4.9194336e+01
   1.5350860e+06   4.4677734e+01
   1.5353940e+06   3.0273438e+01
   1.5375620e+06   9.6191406e+01
   1.5379520e+06   8.6975098e+01
   1.5382720e+06   4.5654297e+01
   1.5524770e+06   2.7954102e+01
   1.5634800e+06   1.0968018e+02
   1.5635250e+06   5.6396484e+01
   1.5666120e+06   8.1420898e+01
   1.5668930e+06   6.0241699e+01
   1.5861830e+06   3.4118652e+01
   1.5880070e+06   1.0095215e+02
   1.5883370e+06   7.8186035e+01
   1.5885980e+06   4.0039062e+01
   1.5916670e+06   5.0537109e+01
   1.5922150e+06   4.8095703e+01
   1.5923850e+06   2.9296875e+01
   1.6117010e+06   9.0026855e+01
   1.6124210e+06   8.1176758e+01
   1.6127260e+06   4.8583984e+01
   1.6379050e+06   4.8400879e+01
   1.6383490e+06   5.6518555e+01
   1.6385730e+06   3.0639648e+01
   1.6396230e+06   9.6496582e+01
   1.6396520e+06   4.9865723e+01
   1.6400500e+06   7.9895020e+01
   1.6403390e+06   5.5053711e+01
   1.6528730e+06   2.8137207e+01
   1.6626300e+06   9.4848633e+01
   1.6632330e+06   7.6904297e+01
   1.6635690e+06   5.2307129e+01
   1.6638980e+06   3.1982422e+01
   1.6886750e+06   9.8937988e+01
   1.6892350e+06   8.7219238e+01
   1.6895550e+06   4.5166016e+01
   1.6909710e+06   2.7893066e+01
   1.7122760e+06   9.2712402e+01
   1.7127720e+06   7.6782227e+01
   1.7130320e+06   4.1076660e+01
   1.7277560e+06   5.2124023e+01
   1.7280090e+06   5.6945801e+01
   1.7385600e+06   8.7768555e+01
   1.7390740e+06   9.0393066e+01
   1.7397620e+06   7.1289062e+01
   1.7643220e+06   9.9243164e+01
   1.7649400e+06   8.6425781e+01
   1.7652150e+06   5.2185059e+01
   1.7868230e+06   4.8034668e+01
   1.7869720e+06   1.0028076e+02
   1.7873250e+06   8.4472656e+01
   1.7875790e+06   3.6743164e+01
   1.8016040e+06   2.8747559e+01
   1.8091300e+06   3.0273438e+01
   1.8110190e+06   8.7341309e+01
   1.8115730e+06   8.3862305e+01
   1.8119310e+06   5.3833008e+01
   1.8121700e+06   4.8217773e+01
   1.8125290e+06   3.7658691e+01
   1.8127260e+06   2.9785156e+01
   1.8353730e+06   8.5327148e+01
   1.8401720e+06   5.6030273e+01
   1.8408880e+06   8.7280273e+01
   1.8412660e+06   6.9519043e+01
   1.8415050e+06   3.8635254e+01
   1.8615550e+06   5.0720215e+01
   1.8658530e+06   2.8442383e+01
   1.8703550e+06   1.0430908e+02
   1.8710200e+06   9.2102051e+01
   1.8713070e+06   5.6640625e+01
   1.8757100e+06   2.9663086e+01
   1.8878570e+06   5.2612305e+01
   1.8881330e+06   4.4311523e+01
   1.8883050e+06   3.1738281e+01
   1.8946110e+06   2.9846191e+01
   1.8955560e+06   9.4421387e+01
   1.8959940e+06   8.5205078e+01
   1.9013290e+06   8.0200195e+01
   1.9016490e+06   6.5368652e+01
   1.9026530e+06   2.9541016e+01
   1.9218480e+06   8.3679199e+01
   1.9234390e+06   4.8706055e+01
   1.9235070e+06   8.6181641e+01
   1.9237670e+06   4.6142578e+01
   1.9239440e+06   5.1940918e+01
   1.9471320e+06   9.9243164e+01
   1.9475550e+06   7.5439453e+01
   1.9478830e+06   6.0668945e+01
   1.9480290e+06   2.8991699e+01
   1.9566740e+06   5.2856445e+01
   1.9696370e+06   1.0308838e+02
   1.9701750e+06   7.4279785e+01
   1.9705420e+06   4.5776367e+01
   1.9783180e+06   4.5837402e+01
   1.9929050e+06   1.1322021e+02
   1.9934560e+06   7.3974609e+01
   1.9937120e+06   3.9855957e+01
   2.0000710e+06   5.2490234e+01
   2.0160710e+06   1.1468506e+02
   2.0197660e+06   1.0162354e+02
   2.0202360e+06   3.0883789e+01
   2.0204940e+06   3.4118652e+01
   2.0352050e+06   4.7546387e+01
   2.0355350e+06   4.7912598e+01
   2.0360610e+06   3.3630371e+01
   2.0442570e+06   1.0729980e+02
   2.0447600e+06   7.7148438e+01
   2.0450820e+06   4.4677734e+01
   2.0635850e+06   2.8198242e+01
   2.0708420e+06   1.0559082e+02
   2.0711930e+06   8.1359863e+01
   2.0714700e+06   5.2917480e+01
   2.0881990e+06   5.2490234e+01
   2.0890560e+06   5.3588867e+01
   2.0893170e+06   4.2663574e+01
   2.0897910e+06   3.2531738e+01
   2.0936950e+06   1.0046387e+02
   2.0941950e+06   8.2763672e+01
   2.0944410e+06   3.6682129e+01
   2.1117010e+06   2.8381348e+01
   2.1171250e+06   9.1857910e+01
   2.1177590e+06   8.0322266e+01
   2.1236950e+06   5.2551270e+01
   2.1239460e+06   3.9611816e+01
   2.1242830e+06   4.4067383e+01
   2.1319450e+06   1.0522461e+02
   2.1321960e+06   6.6345215e+01
   2.1542170e+06   9.8510742e+01
   2.1586970e+06   9.3933105e+01
   2.1591550e+06   6.9641113e+01
   2.1594270e+06   2.9907227e+01
   2.1602720e+06   2.8808594e+01
   2.1826140e+06   1.1157227e+02
   2.1829760e+06   8.5632324e+01
   2.1832250e+06   3.8085938e+01
   2.1866220e+06   5.8105469e+01
   2.1868950e+06   4.0100098e+01
   2.1871500e+06   3.0578613e+01
   2.1873500e+06   2.9296875e+01
   2.2086170e+06   1.0076904e+02
   2.2091090e+06   7.7392578e+01
   2.2093480e+06   4.0222168e+01
   2.2327650e+06   9.4482422e+01
   2.2336400e+06   8.2275391e+01
   2.2339710e+06   5.1879883e+01
   2.2551530e+06   3.0151367e+01
   2.2571570e+06   9.3994141e+01
   2.2572740e+06   5.4992676e+01
   2.2575520e+06   5.0781250e+01
   2.2626160e+06   9.8510742e+01
   2.2633840e+06   7.6660156e+01
   2.2694090e+06   8.1176758e+01
   2.2698250e+06   6.5063477e+01
   2.2698440e+06   3.4301758e+01
   2.2833470e+06   4.4128418e+01
   2.2942000e+06   1.0742188e+02
   2.3005250e+06   8.3435059e+01
   2.3009770e+06   7.9223633e+01
   2.3205460e+06   8.8806152e+01
   2.3210670e+06   8.0200195e+01
   2.3214000e+06   5.0781250e+01
   2.3247750e+06   6.3964844e+01
   2.3252280e+06   3.9367676e+01
   2.3255510e+06   3.5217285e+01
   2.3467670e+06   9.6069336e+01
   2.3476610e+06   7.5134277e+01
   2.3481310e+06   6.1096191e+01
   2.3577080e+06   3.1982422e+01
   2.3783390e+06   1.0083008e+02
   2.3787790e+06   8.7768555e+01
   2.3790490e+06   4.4921875e+01
   2.3801510e+06   5.6945801e+01
   2.3834840e+06   5.6030273e+01
   2.3841270e+06   4.8095703e+01
   2.3845430e+06   3.7231445e+01
   2.3852110e+06   4.3701172e+01
   2.4023420e+06   7.3425293e+01
   2.4029170e+06   8.0566406e+01
   2.4032550e+06   5.1940918e+01
   2.4307610e+06   9.2407227e+01
   2.4313610e+06   9.1674805e+01
   2.4316660e+06   5.2001953e+01
   2.4520560e+06   2.9846191e+01
   2.4560240e+06   1.0095215e+02
   2.4592320e+06   1.0668945e+02
   2.4595090e+06   4.9865723e+01
   2.4619180e+06   5.3222656e+01
   2.4815730e+06   1.1132812e+02
   2.4819440e+06   9.4055176e+01
   2.4822600e+06   5.2978516e+01
   2.4843920e+06   3.0090332e+01
   2.5067480e+06   1.1364746e+02
   2.5076780e+06   9.7045898e+01
   2.5080060e+06   6.5551758e+01
   2.5149350e+06   5.2856445e+01
   2.5154430e+06   4.6325684e+01
   2.5156480e+06   3.6621094e+01
   2.5158850e+06   3.3020020e+01
   2.5163570e+06   2.8503418e+01
   2.5168500e+06   3.7841797e+01
   2.5296480e+06   1.1285400e+02
   2.5300580e+06   8.1787109e+01
   2.5303810e+06   3.5034180e+01
   2.5307200e+06   3.6376953e+01
   2.5528710e+06   1.1145020e+02
   2.5546060e+06   8.5632324e+01
   2.5549220e+06   6.0241699e+01
   2.5551830e+06   2.8930664e+01
   2.5787690e+06   1.1126709e+02
   2.5793640e+06   8.3068848e+01
   2.5796220e+06   3.1066895e+01
   2.6017660e+06   5.7678223e+01
   2.6029480e+06   1.0711670e+02
   2.6035270e+06   7.8796387e+01
   2.6037930e+06   5.9204102e+01
   2.6117180e+06   5.3649902e+01
   2.6289360e+06   9.6984863e+01
   2.6297760e+06   9.0332031e+01
   2.6301700e+06   7.0739746e+01
   2.6304080e+06   2.8930664e+01
   2.6314460e+06   4.4799805e+01
   2.6511440e+06   1.1419678e+02
   2.6521200e+06   8.7341309e+01
   2.6524740e+06   5.7434082e+01
   2.6758770e+06   1.0278320e+02
   2.6767130e+06   9.1857910e+01
   2.6770660e+06   6.7443848e+01
   2.6956130e+06   4.9621582e+01
   2.6961810e+06   4.5104980e+01
   2.6964490e+06   3.4790039e+01
   2.7019190e+06   1.1047363e+02
   2.7023270e+06   5.7373047e+01
   2.7023560e+06   3.0761719e+01
   2.7026190e+06   4.8339844e+01
   2.7133520e+06   2.9907227e+01
   2.7291540e+06   2.7954102e+01
   2.7298910e+06   9.7351074e+01
   2.7307670e+06   8.6547852e+01
   2.7310600e+06   6.1096191e+01
   2.7493670e+06   2.8381348e+01
   2.7540720e+06   1.0198975e+02
   2.7546880e+06   9.0454102e+01
   2.7548930e+06   3.2165527e+01
   2.7666630e+06   4.9316406e+01
   2.7838370e+06   1.1193848e+02
   2.7842690e+06   8.6425781e+01
   2.7845320e+06   5.0170898e+01
   2.7910750e+06   2.8869629e+01
   2.7918590e+06   5.8532715e+01
   2.8037800e+06   2.8381348e+01
   2.8038030e+06   3.0334473e+01
   2.8056290e+06   5.0109863e+01
   2.8100780e+06   9.4543457e+01
   2.8103790e+06   6.9152832e+01
   2.8264310e+06   5.8593750e+01
   2.8267970e+06   5.0170898e+01
   2.8348590e+06   9.8144531e+01
   2.8406620e+06   9.5275879e+01
   2.8410510e+06   7.4707031e+01
   2.8413040e+06   3.9184570e+01
   2.8427480e+06   2.8015137e+01
   2.8428540e+06   5.2307129e+01
   2.8501360e+06   3.2287598e+01
   2.8700430e+06   9.8632812e+01
   2.8707780e+06   8.4838867e+01
   2.8710250e+06   5.0537109e+01
   2.8727140e+06   5.2490234e+01
   2.8953480e+06   1.1065674e+02
   2.8957120e+06   8.6608887e+01
   2.8961030e+06   6.9763184e+01
   2.9228990e+06   1.0723877e+02
   2.9234820e+06   8.5754395e+01
   2.9237200e+06   3.3447266e+01
   2.9244730e+06   5.2124023e+01
   2.9247940e+06   4.7729492e+01
   2.9467110e+06   1.1090088e+02
   2.9482420e+06   8.9660645e+01
   2.9485440e+06   6.3537598e+01
   2.9578490e+06   5.1086426e+01
   2.9582970e+06   4.4555664e+01
   2.9584870e+06   2.7954102e+01
   2.9588810e+06   4.2907715e+01
   2.9687010e+06   1.0144043e+02
   2.9691070e+06   8.7097168e+01
   2.9694490e+06   5.1391602e+01
   2.9752120e+06   3.0456543e+01
   2.9947510e+06   1.0467529e+02
   2.9955900e+06   9.4177246e+01
   2.9974990e+06   7.6538086e+01
   2.9977250e+06   3.5278320e+01
   3.0036880e+06   5.9204102e+01
   3.0043970e+06   4.4555664e+01
   3.0049490e+06   2.8747559e+01
   3.0215290e+06   1.1297607e+02
   3.0252290e+06   1.0192871e+02
   3.0295160e+06   9.4604492e+01
   3.0308560e+06   3.1860352e+01
   3.0369060e+06   5.0537109e+01
   3.0372160e+06   7.0312500e+01
   3.0373770e+06   2.9235840e+01
   3.0600220e+06   8.5205078e+01
   3.0628050e+06   5.4626465e+01
   3.0631480e+06   5.1269531e+01
   3.0633610e+06   3.9672852e+01
   3.0646230e+06   9.2346191e+01
   3.0650950e+06   8.3374023e+01
   3.0653180e+06   3.4851074e+01
   3.0718000e+06   3.1372070e+01
   3.0846350e+06   1.1651611e+02
   3.0851790e+06   8.0383301e+01
   3.0855520e+06   4.0039063e+01
   3.0855620e+06   3.0334473e+01
   3.0982370e+06   2.8503418e+01
   3.1036110e+06   4.1931152e+01
   3.1116380e+06   1.1328125e+02
   3.1124540e+06   1.0040283e+02
   3.1127470e+06   6.4331055e+01
   3.1148410e+06   5.5969238e+01
   3.1153120e+06   4.4494629e+01
   3.1354330e+06   1.0858154e+02
   3.1359550e+06   8.8867188e+01
   3.1363180e+06   6.6650391e+01
   3.1600030e+06   9.5520020e+01
   3.1613280e+06   8.5205078e+01
   3.1616480e+06   6.5856934e+01
   3.1620430e+06   3.2836914e+01
   3.1692500e+06   3.0090332e+01
   3.1700140e+06   2.8564453e+01
   3.1837190e+06   1.1657715e+02
   3.1877010e+06   1.0620117e+02
   3.1881720e+06   7.2387695e+01
   3.1884280e+06   4.0161133e+01
   3.1918100e+06   5.7006836e+01
   3.2054150e+06   5.9631348e+01
   3.2119670e+06   9.0148926e+01
   3.2127130e+06   8.3251953e+01
   3.2130320e+06   5.7373047e+01
   3.2312550e+06   4.7607422e+01
   3.2317210e+06   4.5715332e+01
   3.2319230e+06   3.7597656e+01
   3.2322920e+06   2.8625488e+01
   3.2349620e+06   4.2846680e+01
   3.2353470e+06   8.4167480e+01
   3.2356280e+06   4.1809082e+01
   3.2608090e+06   1.0626221e+02
   3.2622410e+06   1.0046387e+02
   3.2627130e+06   7.2326660e+01
   3.2662930e+06   4.8706055e+01
   3.2666030e+06   4.9316406e+01
   3.2669820e+06   3.8513184e+01
   3.2841880e+06   4.9682617e+01
   3.2844260e+06   3.3264160e+01
   3.2846630e+06   2.8564453e+01
   3.2856420e+06   1.0845947e+02
   3.2866150e+06   8.7524414e+01
   3.2869630e+06   6.0852051e+01
   3.3090470e+06   1.0614014e+02
   3.3095650e+06   8.7646484e+01
   3.3098540e+06   5.4626465e+01
   3.3107260e+06   3.1250000e+01
   3.3330740e+06   9.9670410e+01
   3.3334630e+06   8.4228516e+01
   3.3337140e+06   3.8146973e+01
   3.3339690e+06   4.8400879e+01
   3.3343880e+06   4.0466309e+01
   3.3345780e+06   3.3447266e+01
   3.3367850e+06   2.8381348e+01
   3.3564010e+06   9.9121094e+01
   3.3570440e+06   8.9477539e+01
   3.3574650e+06   6.6223145e+01
   3.3823800e+06   1.0620117e+02
   3.3828480e+06   8.4228516e+01
   3.3830860e+06   5.1818848e+01
   3.4010070e+06   1.0028076e+02
   3.4014280e+06   9.0637207e+01
   3.4016250e+06   3.3264160e+01
   3.4126010e+06   6.1462402e+01
   3.4215550e+06   3.1433105e+01
   3.4234640e+06   1.0357666e+02
   3.4239980e+06   8.8195801e+01
   3.4243980e+06   6.7871094e+01
   3.4246920e+06   3.1616211e+01
   3.4453830e+06   1.0192871e+02
   3.4455990e+06   6.3537598e+01
   3.4460180e+06   8.6425781e+01
   3.4463330e+06   5.9265137e+01
   3.4467200e+06   5.6152344e+01
   3.4470610e+06   4.7729492e+01
   3.4473380e+06   4.1870117e+01
   3.4480790e+06   4.4860840e+01
   3.4483210e+06   2.8198242e+01
   3.4556870e+06   2.8564453e+01
   3.4671530e+06   1.1578369e+02
   3.4717450e+06   8.9660645e+01
   3.4769960e+06   8.8928223e+01
   3.4773600e+06   7.2753906e+01
   3.5032560e+06   9.6740723e+01
   3.5038510e+06   9.1918945e+01
   3.5043150e+06   3.5217285e+01
   3.5047790e+06   5.1086426e+01
   3.5124240e+06   6.2316895e+01
   3.5302730e+06   1.0577393e+02
   3.5309640e+06   8.5021973e+01
   3.5312320e+06   5.1757812e+01
   3.5393930e+06   3.2958984e+01
   3.5524150e+06   9.5458984e+01
   3.5527840e+06   9.4604492e+01
   3.5530390e+06   4.9133301e+01
   3.5760250e+06   5.1452637e+01
   3.5761930e+06   3.7780762e+01
   3.5767860e+06   3.8635254e+01
   3.5791330e+06   1.0296631e+02
   3.5795580e+06   8.0749512e+01
   3.5797990e+06   4.6813965e+01
   3.6028970e+06   9.7717285e+01
   3.6036210e+06   8.5021973e+01
   3.6039680e+06   4.9682617e+01
   3.6272420e+06   9.8327637e+01
   3.6278750e+06   8.5021973e+01
   3.6282620e+06   5.4504395e+01
   3.6286430e+06   4.0344238e+01
   3.6503410e+06   6.7871094e+01
   3.6520590e+06   1.1322021e+02
   3.6525270e+06   8.5876465e+01
   3.6528070e+06   4.4433594e+01
   3.6539010e+06   3.3630371e+01
   3.6770840e+06   1.0339355e+02
   3.6823940e+06   9.8632813e+01
   3.6827750e+06   7.8491211e+01
   3.7030190e+06   1.1230469e+02
   3.7037520e+06   5.0170898e+01
   3.7041060e+06   8.0627441e+01
   3.7044450e+06   6.5368652e+01
   3.7204820e+06   4.2785645e+01
   3.7207190e+06   4.6386719e+01
   3.7208780e+06   1.0766602e+02
   3.7212200e+06   7.5500488e+01
   3.7215500e+06   6.5551758e+01
   3.7438230e+06   1.0180664e+02
   3.7443590e+06   8.8073730e+01
   3.7445820e+06   3.8635254e+01
   3.7639630e+06   2.9907227e+01
   3.7655920e+06   9.7290039e+01
   3.7669570e+06   8.4594727e+01
   3.7673040e+06   5.8410645e+01
   3.7691600e+06   6.0058594e+01
   3.7885780e+06   1.0137939e+02
   3.7893210e+06   8.8806152e+01
   3.7896030e+06   5.6823730e+01
   3.8089380e+06   9.8571777e+01
   3.8128620e+06   8.3740234e+01
   3.8134070e+06   8.5327148e+01
   3.8136390e+06   2.8625488e+01
   3.8177760e+06   4.6569824e+01
   3.8181520e+06   4.8217773e+01
   3.8183130e+06   3.0029297e+01
   3.8186930e+06   2.9846191e+01
   3.8332450e+06   2.8564453e+01
   3.8342960e+06   2.7893066e+01
   3.8367890e+06   9.7412109e+01
   3.8372210e+06   7.6599121e+01
   3.8375150e+06   5.6823730e+01
   3.8609220e+06   1.0272217e+02
   3.8613600e+06   8.6730957e+01
   3.8615890e+06   2.9113770e+01
   3.8644930e+06   2.8625488e+01
   3.8732390e+06   4.8034668e+01
   3.8773430e+06   4.6203613e+01
   3.8866860e+06   8.9782715e+01
   3.8874390e+06   9.4238281e+01
   3.8877180e+06   5.8105469e+01
   3.8894190e+06   4.0222168e+01
   3.8903310e+06   4.3334961e+01
   3.8905680e+06   3.1677246e+01
   3.9105340e+06   9.3139648e+01
   3.9111050e+06   8.6547852e+01
   3.9113990e+06   6.0607910e+01
   3.9190340e+06   5.1269531e+01
   3.9292290e+06   2.9968262e+01
   3.9300670e+06   9.7717285e+01
   3.9306880e+06   7.1472168e+01
   3.9309230e+06   3.2958984e+01
   3.9519040e+06   1.1853027e+02
   3.9542070e+06   9.8510742e+01
   3.9542790e+06   5.6579590e+01
   3.9547600e+06   4.8217773e+01
   3.9547910e+06   6.7565918e+01
   3.9549440e+06   3.0273438e+01
   3.9550170e+06   2.9174805e+01
   3.9711130e+06   2.8503418e+01
   3.9745920e+06   8.7951660e+01
   3.9750610e+06   7.6477051e+01
   3.9752930e+06   2.9541016e+01
   3.9767330e+06   3.2287598e+01
   3.9934750e+06   2.9296875e+01
   3.9971950e+06   9.2834473e+01
   3.9980850e+06   8.5266113e+01
   3.9984380e+06   5.6640625e+01
   4.0008810e+06   5.7800293e+01
   4.0012340e+06   4.9926758e+01
   4.0014710e+06   3.8391113e+01
   4.0018070e+06   3.9306641e+01
   4.0190720e+06   9.1552734e+01
   4.0198610e+06   8.9721680e+01
   4.0201020e+06   5.1147461e+01
   4.0238800e+06   2.8442383e+01
   4.0408810e+06   9.3933105e+01
   4.0411850e+06   5.1208496e+01
   4.0414360e+06   7.3120117e+01
   4.0417020e+06   4.1687012e+01
   4.0517390e+06   5.0476074e+01
   4.0639580e+06   1.0961914e+02
   4.0645630e+06   8.9477539e+01
   4.0648510e+06   5.7556152e+01
   4.0650850e+06   2.8137207e+01
   4.0687980e+06   4.8400879e+01
   4.0691780e+06   4.8400879e+01
   4.0697570e+06   3.1799316e+01
   4.0830690e+06   9.6374512e+01
   4.0834850e+06   7.5866699e+01
   4.0837120e+06   3.7841797e+01
   4.1012380e+06   8.7097168e+01
   4.1017990e+06   7.8796387e+01
   4.1094910e+06   8.4533691e+01
   4.1098160e+06   6.2500000e+01
   4.1110810e+06   4.9865723e+01
   4.1123450e+06   4.7180176e+01
   4.1125600e+06   3.3569336e+01
   4.1188080e+06   2.8015137e+01
   4.1297410e+06   1.0699463e+02
   4.1316250e+06   8.7341309e+01
   4.1319420e+06   5.9936523e+01
   4.1535920e+06   8.2458496e+01
   4.1540820e+06   7.8002930e+01
   4.1546110e+06   7.5561523e+01
   4.1583900e+06   2.8442383e+01
   4.1586150e+06   3.1555176e+01
   4.1742960e+06   1.0186768e+02
   4.1747180e+06   8.9660645e+01
   4.1749830e+06   4.0954590e+01
   4.1812050e+06   4.7668457e+01
   4.1814190e+06   4.2541504e+01
   4.1816240e+06   2.8198242e+01
   4.1818130e+06   2.7954102e+01
   4.1954940e+06   3.7841797e+01
   4.1960350e+06   8.0444336e+01
   4.1962900e+06   3.3508301e+01
   4.1963180e+06   3.1188965e+01
   4.2022400e+06   2.8808594e+01
   4.2119880e+06   5.1818848e+01
   4.2122620e+06   4.6875000e+01
   4.2123030e+06   2.8930664e+01
   4.2127060e+06   4.0344238e+01
   4.2157260e+06   1.0424805e+02
   4.2161580e+06   9.2468262e+01
   4.2163780e+06   3.4057617e+01
   4.2202230e+06   2.9907227e+01
   4.2367040e+06   1.0418701e+02
   4.2372450e+06   8.3374023e+01
   4.2376070e+06   5.8959961e+01
   4.2517620e+06   5.4870605e+01
   4.2520720e+06   5.0903320e+01
   4.2523990e+06   4.7790527e+01
   4.2566440e+06   8.9111328e+01
   4.2613040e+06   9.8388672e+01
   4.2617360e+06   6.8542480e+01
   4.2806340e+06   9.3566895e+01
   4.2813880e+06   8.4289551e+01
   4.2816470e+06   3.1066895e+01
   4.2948980e+06   5.1330566e+01
   4.3025540e+06   9.4909668e+01
   4.3025850e+06   2.8015137e+01
   4.3030150e+06   8.3801270e+01
   4.3032310e+06   2.9541016e+01
   4.3053250e+06   5.4138184e+01
   4.3055620e+06   4.5837402e+01
   4.3057550e+06   3.1799316e+01
   4.3236420e+06   9.2285156e+01
   4.3239850e+06   7.1289062e+01
   4.3242090e+06   3.6376953e+01
   4.3447000e+06   2.9968262e+01
   4.3452210e+06   8.8195801e+01
   4.3456580e+06   8.6853027e+01
   4.3459260e+06   5.6213379e+01
   4.3616300e+06   5.0659180e+01
   4.3631260e+06   5.2551270e+01
   4.3633170e+06   4.0771484e+01
   4.3640200e+06   1.0119629e+02
   4.3644090e+06   7.7270508e+01
   4.3646530e+06   3.2653809e+01
   4.3860130e+06   9.9975586e+01
   4.3863280e+06   8.1542969e+01
   4.3865960e+06   5.5358887e+01
   4.3944910e+06   2.7893066e+01
   4.3955800e+06   6.3781738e+01
   4.3966160e+06   4.4494629e+01
   4.3968690e+06   4.2541504e+01
   4.4071330e+06   9.0698242e+01
   4.4075530e+06   8.7097168e+01
   4.4077750e+06   3.2531738e+01
   4.4270410e+06   9.1857910e+01
   4.4274620e+06   6.9763184e+01
   4.4276910e+06   2.9724121e+01
   4.4343610e+06   5.2246094e+01
   4.4348400e+06   4.8645020e+01
   4.4353420e+06   3.1188965e+01
   4.4456250e+06   4.5532227e+01
   4.4459630e+06   7.9833984e+01
   4.4461940e+06   3.6254883e+01
   4.4601720e+06   2.8808594e+01
   4.4671470e+06   9.3994141e+01
   4.4675200e+06   7.3791504e+01
   4.4677740e+06   4.3395996e+01
   4.4684490e+06   5.1696777e+01
   4.4687420e+06   4.6997070e+01
   4.4689100e+06   2.9479980e+01
   4.4694540e+06   3.3325195e+01
   4.4856310e+06   9.1186523e+01
   4.4860780e+06   8.0078125e+01
   4.4863120e+06   2.8076172e+01
   4.5052570e+06   8.9843750e+01
   4.5057320e+06   8.3435059e+01
   4.5059480e+06   3.0700684e+01
   4.5117160e+06   5.4809570e+01
   4.5122910e+06   5.2368164e+01
   4.5184920e+06   2.9052734e+01
   4.5254720e+06   9.1613770e+01
   4.5257720e+06   7.2753906e+01
   4.5260090e+06   2.8503418e+01
   4.5435720e+06   9.7839355e+01
   4.5441050e+06   9.2834473e+01
   4.5443780e+06   5.3649902e+01
   4.5561280e+06   2.9052734e+01
   4.5565170e+06   5.5908203e+01
   4.5572140e+06   4.4494629e+01
   4.5574440e+06   3.4912109e+01
   4.5659120e+06   1.0699463e+02
   4.5663570e+06   8.6730957e+01
   4.5665600e+06   2.8259277e+01
   4.5807640e+06   5.0903320e+01
   4.5812600e+06   4.8217773e+01
   4.5814450e+06   3.0212402e+01
   4.5816090e+06   2.9479980e+01
   4.5820110e+06   2.8076172e+01
   4.5829710e+06   3.1066895e+01
   4.5842080e+06   9.6069336e+01
   4.5846360e+06   7.2631836e+01
   4.5849410e+06   4.8400879e+01
   4.6003330e+06   9.5886230e+01
   4.6006840e+06   7.4401855e+01
   4.6203000e+06   1.1181641e+02
   4.6206630e+06   8.0566406e+01
   4.6388120e+06   9.6740723e+01
   4.6404140e+06   8.9294434e+01
   4.6409130e+06   7.2631836e+01
   4.6413080e+06   3.8269043e+01
   4.6482420e+06   5.7617188e+01
   4.6540040e+06   2.8320312e+01
   4.6593710e+06   9.1003418e+01
   4.6596720e+06   8.1359863e+01
   4.6748390e+06   9.8815918e+01
   4.6753330e+06   7.9833984e+01
   4.6757650e+06   3.8146973e+01
   4.6868770e+06   5.2551270e+01
   4.6875310e+06   5.1452637e+01
   4.6877200e+06   3.6682129e+01
   4.6881590e+06   4.4982910e+01
   4.6883820e+06   2.9602051e+01
   4.6929470e+06   9.9182129e+01
   4.6932160e+06   6.4575195e+01
   4.6934620e+06   3.1433105e+01
   4.7129010e+06   1.1096191e+02
   4.7135700e+06   9.5275879e+01
   4.7138050e+06   4.4372559e+01
   4.7239840e+06   5.0170898e+01
   4.7242520e+06   4.7058105e+01
   4.7244360e+06   3.0151367e+01
   4.7252810e+06   4.7241211e+01
   4.7257470e+06   3.6315918e+01
   4.7321960e+06   9.0698242e+01
   4.7328500e+06   7.7758789e+01
   4.7331030e+06   3.9306641e+01
   4.7388280e+06   3.1433105e+01
   4.7510170e+06   1.0192871e+02
   4.7512950e+06   7.2937012e+01
   4.7515480e+06   3.5095215e+01
   4.7593830e+06   5.4016113e+01
   4.7596660e+06   4.2419434e+01
   4.7598290e+06   3.2348633e+01
   4.7606250e+06   4.4677734e+01
   4.7676550e+06   3.0822754e+01
   4.7695030e+06   1.0577393e+02
   4.7699180e+06   7.9833984e+01
   4.7701420e+06   3.6804199e+01
   4.7893940e+06   1.0223389e+02
   4.7896890e+06   7.1105957e+01
   4.7899310e+06   2.8686523e+01
   4.7917920e+06   4.9682617e+01
   4.7921910e+06   3.9184570e+01
   4.7924430e+06   3.2409668e+01
   4.7934850e+06   3.1433105e+01
   4.8100920e+06   1.1193848e+02
   4.8109710e+06   7.6721191e+01
   4.8112240e+06   4.0649414e+01
   4.8174200e+06   4.4372559e+01
   4.8269090e+06   5.0292969e+01
   4.8273620e+06   4.2907715e+01
   4.8275520e+06   3.3874512e+01
   4.8285380e+06   3.3508301e+01
   4.8289590e+06   9.2346191e+01
   4.8293990e+06   7.7209473e+01
   4.8465620e+06   1.0327148e+02
   4.8480570e+06   9.1918945e+01
   4.8482850e+06   3.5583496e+01
   4.8599080e+06   6.6406250e+01
   4.8604690e+06   5.8288574e+01
   4.8609730e+06   4.7851563e+01
   4.8665980e+06   9.8327637e+01
   4.8670870e+06   8.7219238e+01
   4.8673020e+06   3.0334473e+01
   4.8805850e+06   2.9052734e+01
   4.8875790e+06   9.8388672e+01
   4.8881330e+06   8.0322266e+01
   4.8883670e+06   4.5349121e+01
   4.8904050e+06   3.0883789e+01
   4.8949350e+06   4.4921875e+01
   4.8952500e+06   4.7912598e+01
   4.8954170e+06   3.0334473e+01
   4.8956370e+06   3.4912109e+01
   4.9046990e+06   9.2041016e+01
   4.9050420e+06   7.4768066e+01
   4.9052620e+06   3.4118652e+01
   4.9196390e+06   9.9609375e+01
   4.9200210e+06   7.3303223e+01
   4.9202540e+06   3.7292480e+01
   4.9263130e+06   3.2714844e+01
   4.9310570e+06   5.9631348e+01
   4.9389150e+06   1.0485840e+02
   4.9393430e+06   8.3862305e+01
   4.9395740e+06   3.9611816e+01
   4.9563650e+06   9.2956543e+01
   4.9568060e+06   8.0566406e+01
   4.9571410e+06   5.2185059e+01
   4.9582760e+06   4.6325684e+01
   4.9585380e+06   5.6030273e+01
   4.9674700e+06   5.3466797e+01
   4.9676360e+06   3.6804199e+01
   4.9681230e+06   2.8442383e+01
   4.9687560e+06   2.8076172e+01
   4.9696350e+06   2.9418945e+01
   4.9757060e+06   1.1145020e+02
   4.9760980e+06   8.2153320e+01
   4.9762970e+06   2.9541016e+01
   4.9947110e+06   1.0540771e+02
   4.9971280e+06   9.3017578e+01
   4.9973890e+06   6.6894531e+01
   5.0045390e+06   5.5480957e+01
   5.0048910e+06   5.1086426e+01
   5.0052090e+06   3.8146973e+01
   5.0150370e+06   9.7412109e+01
   5.0154100e+06   7.4157715e+01
   5.0156670e+06   4.3762207e+01
   5.0314150e+06   9.6862793e+01
   5.0319180e+06   7.2326660e+01
   5.0322230e+06   4.8400879e+01
   5.0345990e+06   5.1208496e+01
   5.0348040e+06   4.6203613e+01
   5.0349770e+06   3.3996582e+01
   5.0360700e+06   2.7954102e+01
   5.0504450e+06   9.3994141e+01
   5.0509410e+06   7.5683594e+01
   5.0512170e+06   4.8339844e+01
   5.0670450e+06   1.1157227e+02
   5.0673190e+06   7.2204590e+01
   5.0675580e+06   3.4301758e+01
   5.0813740e+06   4.7729492e+01
   5.0847910e+06   8.8989258e+01
   5.0851350e+06   7.3974609e+01
   5.0853370e+06   2.9296875e+01
   5.1020510e+06   5.4382324e+01
   5.1022620e+06   4.7973633e+01
   5.1024250e+06   2.9357910e+01
   5.1024740e+06   9.9487305e+01
   5.1026750e+06   3.4484863e+01
   5.1029760e+06   7.5500488e+01
   5.1033110e+06   4.3762207e+01
   5.1033610e+06   5.3771973e+01
   5.1041650e+06   3.3874512e+01
   5.1189040e+06   1.0314941e+02
   5.1210060e+06   7.8063965e+01
   5.1212640e+06   6.1462402e+01
   5.1340800e+06   5.2673340e+01
   5.1390090e+06   1.1096191e+02
   5.1393180e+06   8.3862305e+01
   5.1395800e+06   3.3081055e+01
   5.1420440e+06   4.8095703e+01
   5.1424550e+06   4.4921875e+01
   5.1426320e+06   3.0944824e+01
   5.1427970e+06   2.8320312e+01
   5.1573570e+06   1.0009766e+02
   5.1578860e+06   7.4279785e+01
   5.1581310e+06   3.0761719e+01
   5.1739870e+06   1.1193848e+02
   5.1744020e+06   7.7209473e+01
   5.1745070e+06   5.3283691e+01
   5.1746150e+06   3.0334473e+01
   5.1747690e+06   4.5227051e+01
   5.1954160e+06   1.1151123e+02
   5.1957710e+06   7.5256348e+01
   5.1959900e+06   3.3325195e+01
   5.2145110e+06   9.9792480e+01
   5.2148810e+06   7.2570801e+01
   5.2160250e+06   5.4321289e+01
   5.2350780e+06   9.5397949e+01
   5.2354300e+06   8.2580566e+01
   5.2357310e+06   4.3884277e+01
   5.2388290e+06   4.7485352e+01
   5.2391840e+06   4.6936035e+01
   5.2393630e+06   3.0761719e+01
   5.2395710e+06   2.8930664e+01
   5.2407340e+06   2.8930664e+01
   5.2469650e+06   3.2226562e+01
   5.2513830e+06   9.1979980e+01
   5.2516290e+06   5.9692383e+01
   5.2677190e+06   5.4748535e+01
   5.2690870e+06   9.8632812e+01
   5.2695790e+06   8.8623047e+01
   5.2721720e+06   4.8034668e+01
   5.2864140e+06   9.3994141e+01
   5.2869320e+06   7.8186035e+01
   5.2871630e+06   3.5949707e+01
   5.2877850e+06   5.0170898e+01
   5.2925260e+06   5.1208496e+01
   5.2933080e+06   4.3395996e+01
   5.2934710e+06   3.0151367e+01
   5.3044390e+06   9.8571777e+01
   5.3052360e+06   3.2714844e+01
   5.3054940e+06   5.8105469e+01
   5.3173780e+06   2.7893066e+01
   5.3214230e+06   2.8625488e+01
   5.3217880e+06   1.0021973e+02
   5.3221750e+06   7.5927734e+01
   5.3225350e+06   6.0424805e+01
   5.3295470e+06   4.9804688e+01
   5.3387920e+06   9.7229004e+01
   5.3391600e+06   7.7453613e+01
   5.3425350e+06   4.9926758e+01
   5.3427810e+06   3.9550781e+01
   5.3429480e+06   3.0578613e+01
   5.3571940e+06   1.0894775e+02
   5.3574260e+06   3.8391113e+01
   5.3576420e+06   2.9113770e+01
   5.3734980e+06   5.5175781e+01
   5.3745110e+06   1.0815430e+02
   5.3749320e+06   8.3923340e+01
   5.3751550e+06   3.3325195e+01
   5.3888630e+06   4.8217773e+01
   5.3890860e+06   4.4067383e+01
   5.3892620e+06   3.0517578e+01
   5.3899090e+06   3.1188965e+01
   5.3966870e+06   1.0913086e+02
   5.3969600e+06   7.6477051e+01
   5.3972990e+06   7.2082520e+01
   5.3975820e+06   3.0944824e+01
   5.4152980e+06   5.4016113e+01
   5.4161680e+06   9.5886230e+01
   5.4167720e+06   7.4523926e+01
   5.4169810e+06   3.4545898e+01
   5.4338260e+06   9.6313477e+01
   5.4345990e+06   8.6364746e+01
   5.4349040e+06   4.0893555e+01
   5.4355550e+06   2.9052734e+01
   5.4395720e+06   5.4748535e+01
   5.4401440e+06   5.2246094e+01
   5.4403270e+06   3.9062500e+01
   5.4405860e+06   2.8991699e+01
   5.4506490e+06   2.8442383e+01
   5.4531810e+06   9.6740723e+01
   5.4535360e+06   8.0505371e+01
   5.4538220e+06   4.7058105e+01
   5.4710700e+06   9.8022461e+01
   5.4714080e+06   5.4870605e+01
   5.4717940e+06   6.2133789e+01
   5.4718610e+06   5.3161621e+01
   5.4720970e+06   3.9733887e+01
   5.4722590e+06   3.3996582e+01
   5.4736400e+06   3.9916992e+01
   5.4875160e+06   8.9355469e+01
   5.4881230e+06   8.7097168e+01
   5.4884050e+06   5.0598145e+01
   5.4973010e+06   5.2124023e+01
   5.4976940e+06   5.1391602e+01
   5.4985460e+06   4.6203613e+01
   5.4987410e+06   2.9785156e+01
   5.5021120e+06   2.8076172e+01
   5.5054220e+06   8.9172363e+01
   5.5058430e+06   7.2021484e+01
   5.5221010e+06   9.2895508e+01
   5.5225780e+06   8.0688477e+01
   5.5228470e+06   4.1625977e+01
   5.5294740e+06   2.8015137e+01
   5.5377080e+06   9.2834473e+01
   5.5378980e+06   4.9438477e+01
   5.5381220e+06   3.6437988e+01
   5.5381820e+06   7.9345703e+01
   5.5384020e+06   2.8442383e+01
   5.5386840e+06   3.5766602e+01
   5.5511450e+06   4.8950195e+01
   5.5513620e+06   4.2541504e+01
   5.5582270e+06   8.6914063e+01
   5.5585830e+06   7.4035645e+01
   5.5587980e+06   3.1921387e+01
   5.5745090e+06   9.5642090e+01
   5.5751180e+06   7.2265625e+01
   5.5753500e+06   3.0944824e+01
   5.5757750e+06   3.9306641e+01
   5.5842600e+06   2.8198242e+01
   5.5844610e+06   5.5969238e+01
   5.5847390e+06   4.0100098e+01
   5.5850220e+06   4.2480469e+01
   5.5859940e+06   3.5827637e+01
   5.5940390e+06   9.5886230e+01
   5.5944500e+06   8.7585449e+01
   5.5946990e+06   4.4433594e+01
   5.5982500e+06   3.1005859e+01
   5.6046940e+06   3.1188965e+01
   5.6088060e+06   5.4992676e+01
   5.6090970e+06   4.8339844e+01
   5.6122440e+06   9.3017578e+01
   5.6125460e+06   6.6650391e+01
   5.6127560e+06   3.1311035e+01
   5.6305090e+06   9.4116211e+01
   5.6312750e+06   5.1940918e+01
   5.6315820e+06   4.2602539e+01
   5.6316770e+06   8.8195801e+01
   5.6317650e+06   2.8076172e+01
   5.6320150e+06   5.4016113e+01
   5.6324750e+06   3.8391113e+01
   5.6337990e+06   2.8076172e+01
   5.6482630e+06   8.6975098e+01
   5.6487100e+06   8.2580566e+01
   5.6489490e+06   3.6193848e+01
   5.6668830e+06   1.0327148e+02
   5.6672070e+06   7.4035645e+01
   5.6675000e+06   3.7353516e+01
   5.6692410e+06   4.6997070e+01
   5.6858800e+06   1.0632324e+02
   5.6862820e+06   8.9172363e+01
   5.6865430e+06   3.9367676e+01
   5.6871640e+06   5.9143066e+01
   5.6875710e+06   5.2368164e+01
   5.6877300e+06   3.3264160e+01
   5.6892490e+06   3.9550781e+01
   5.6919380e+06   2.9724121e+01
   5.7053180e+06   1.0162354e+02
   5.7056680e+06   8.0688477e+01
   5.7058820e+06   3.0578613e+01
   5.7229260e+06   1.0412598e+02
   5.7236510e+06   8.2824707e+01
   5.7239830e+06   6.0852051e+01
   5.7272470e+06   3.0761719e+01
   5.7280870e+06   5.5297852e+01
   5.7282880e+06   4.8645020e+01
   5.7418320e+06   9.5825195e+01
   5.7421950e+06   8.0810547e+01
   5.7425880e+06   5.4138184e+01
   5.7495230e+06   5.2551270e+01
   5.7497390e+06   5.2490234e+01
   5.7500490e+06   3.8269043e+01
   5.7614620e+06   1.0748291e+02
   5.7618230e+06   6.0913086e+01
   5.7620690e+06   3.2653809e+01
   5.7788540e+06   2.8625488e+01
   5.7791820e+06   9.6923828e+01
   5.7795820e+06   8.4960938e+01
   5.7797960e+06   3.0639648e+01
   5.7895400e+06   5.3466797e+01
   5.7941150e+06   2.9174805e+01
   5.7958280e+06   9.5703125e+01
   5.7959490e+06   5.1757812e+01
   5.7964510e+06   8.3679199e+01
   5.7967100e+06   3.2409668e+01
   5.8137670e+06   9.1308594e+01
   5.8140990e+06   7.5683594e+01
   5.8143190e+06   2.8076172e+01
   5.8196520e+06   5.2795410e+01
   5.8228900e+06   5.0659180e+01
   5.8304920e+06   8.9660645e+01
   5.8309250e+06   7.5439453e+01
   5.8312740e+06   6.5612793e+01
   5.8485570e+06   6.0974121e+01
   5.8487180e+06   9.6191406e+01
   5.8488030e+06   4.8583984e+01
   5.8489770e+06   2.8808594e+01
   5.8492380e+06   8.1481934e+01
   5.8494640e+06   3.4973145e+01
   5.8500250e+06   2.8381348e+01
   5.8506430e+06   3.3203125e+01
   5.8702000e+06   8.8500977e+01
   5.8705040e+06   7.6416016e+01
   5.8707210e+06   3.1433105e+01
   5.8860890e+06   9.7290039e+01
   5.8863690e+06   6.4697266e+01
   5.8866030e+06   3.0212402e+01
   5.8878080e+06   6.4392090e+01
   5.8913520e+06   4.3090820e+01
   5.8947960e+06   2.7954102e+01
   5.9051470e+06   1.1145020e+02
   5.9059280e+06   8.4777832e+01
   5.9061330e+06   2.8137207e+01
   5.9076770e+06   4.8095703e+01
   5.9080060e+06   4.3701172e+01
   5.9081640e+06   2.8686523e+01
   5.9236700e+06   9.2834473e+01
   5.9241390e+06   7.9406738e+01
   5.9243680e+06   4.2297363e+01
   5.9417750e+06   5.7006836e+01
   5.9422000e+06   4.4860840e+01
   5.9424120e+06   3.2348633e+01
   5.9428130e+06   3.7292480e+01
   5.9431730e+06   9.2773438e+01
   5.9437490e+06   7.3669434e+01
   5.9440030e+06   4.0405273e+01
   5.9619860e+06   1.0296631e+02
   5.9624330e+06   3.2836914e+01
   5.9624430e+06   3.1738281e+01
   5.9657380e+06   8.5083008e+01
   5.9660020e+06   5.6091309e+01
   5.9773500e+06   5.1452637e+01
   5.9777800e+06   4.8522949e+01
   5.9780300e+06   2.8869629e+01
   5.9847570e+06   9.7473145e+01
   5.9851000e+06   7.9284668e+01
   5.9853680e+06   5.9509277e+01
   6.0015930e+06   1.0809326e+02
   6.0021370e+06   8.2824707e+01
   6.0023830e+06   4.5227051e+01
   6.0082810e+06   5.1452637e+01
   6.0085290e+06   3.6804199e+01
   6.0088860e+06   2.7954102e+01
   6.0197520e+06   9.7778320e+01
   6.0211460e+06   9.8999023e+01
   6.0215050e+06   5.4748535e+01
   6.0347090e+06   9.1308594e+01
   6.0350200e+06   8.1848145e+01
   6.0352900e+06   4.9438477e+01
   6.0429140e+06   4.1625977e+01
   6.0540300e+06   9.3261719e+01
   6.0544460e+06   8.0932617e+01
   6.0546830e+06   3.7109375e+01
   6.0605650e+06   4.9926758e+01
   6.0635740e+06   4.8400879e+01
   6.0637740e+06   3.7780762e+01
   6.0722450e+06   1.1169434e+02
   6.0726500e+06   7.4340820e+01
   6.0728790e+06   3.3325195e+01
   6.0854790e+06   5.2795410e+01
   6.0857590e+06   4.0771484e+01
   6.0866810e+06   4.6569824e+01
   6.0875870e+06   2.9663086e+01
   6.0916510e+06   1.2017822e+02
   6.0921130e+06   8.3557129e+01
   6.0923770e+06   4.7119141e+01
   6.1096530e+06   9.4116211e+01
   6.1099720e+06   7.2937012e+01
   6.1102160e+06   2.8137207e+01
   6.1104910e+06   2.8320312e+01
   6.1168100e+06   4.5898438e+01
   6.1172120e+06   4.8095703e+01
   6.1175750e+06   3.0883789e+01
   6.1293100e+06   9.5214844e+01
   6.1296210e+06   8.1298828e+01
   6.1298690e+06   3.6926270e+01
   6.1443060e+06   2.9785156e+01
   6.1447770e+06   8.8562012e+01
   6.1452750e+06   8.1726074e+01
   6.1455760e+06   3.9794922e+01
   6.1532520e+06   5.8471680e+01
   6.1535690e+06   5.0415039e+01
   6.1537490e+06   2.8259277e+01
   6.1557980e+06   2.8381348e+01
   6.1641840e+06   1.0211182e+02
   6.1676200e+06   8.8317871e+01
   6.1679560e+06   7.3181152e+01
   6.1787210e+06   5.4138184e+01
   6.1792800e+06   4.5166016e+01
   6.1794890e+06   2.9846191e+01
   6.1797170e+06   3.6926270e+01
   6.1810460e+06   2.8381348e+01
   6.1866920e+06   1.1218262e+02
   6.1872030e+06   8.2458496e+01
   6.1874730e+06   5.1025391e+01
   6.2063630e+06   1.0229492e+02
   6.2067300e+06   7.8125000e+01
   6.2069710e+06   4.0466309e+01
   6.2072400e+06   2.8503418e+01
   6.2183430e+06   5.0903320e+01
   6.2260180e+06   7.6293945e+01
   6.2264740e+06   7.5378418e+01
   6.2267060e+06   3.5949707e+01
   6.2483170e+06   1.0968018e+02
   6.2487460e+06   4.6569824e+01
   6.2490150e+06   4.9499512e+01
   6.2491650e+06   1.1193848e+02
   6.2494110e+06   3.3996582e+01
   6.2494400e+06   4.8461914e+01
   6.2498010e+06   4.0527344e+01
   6.2507250e+06   4.5776367e+01
   6.2664450e+06   8.8378906e+01
   6.2669810e+06   8.9355469e+01
   6.2673160e+06   3.3386230e+01
   6.2740600e+06   4.7302246e+01
   6.2763370e+06   5.2368164e+01
   6.2872780e+06   9.8693848e+01
   6.2879230e+06   7.9956055e+01
   6.2882180e+06   5.4260254e+01
   6.2888630e+06   6.3293457e+01
   6.2943750e+06   2.9541016e+01
   6.3094980e+06   9.8388672e+01
   6.3099870e+06   8.0871582e+01
   6.3102250e+06   4.5349121e+01
   6.3113790e+06   4.5532227e+01
   6.3131160e+06   4.5410156e+01
   6.3283810e+06   9.5886230e+01
   6.3290460e+06   8.5632324e+01
   6.3292830e+06   2.8137207e+01
   6.3453920e+06   5.1513672e+01
   6.3456430e+06   4.5959473e+01
   6.3490100e+06   1.0113525e+02
   6.3494200e+06   7.5195313e+01
   6.3496970e+06   4.6691895e+01
   6.3584680e+06   4.9987793e+01
   6.3586790e+06   4.3212891e+01
   6.3588360e+06   2.9846191e+01
   6.3608910e+06   2.8381348e+01
   6.3702740e+06   9.7595215e+01
   6.3707450e+06   7.9528809e+01
   6.3710260e+06   5.3833008e+01
   6.3920740e+06   1.2133789e+02
   6.3945490e+06   9.7167969e+01
   6.3949230e+06   8.6120605e+01
   6.4144930e+06   1.1584473e+02
   6.4150120e+06   5.2734375e+01
   6.4151790e+06   7.9345703e+01
   6.4155490e+06   5.0170898e+01
   6.4226040e+06   4.9926758e+01
   6.4229940e+06   4.6508789e+01
   6.4233150e+06   3.3142090e+01
   6.4235110e+06   3.2836914e+01
   6.4398450e+06   1.0809326e+02
   6.4428010e+06   8.8867188e+01
   6.4431210e+06   7.5866699e+01
   6.4433220e+06   3.0212402e+01
   6.4594520e+06   1.0284424e+02
   6.4596800e+06   2.8137207e+01
   6.4598250e+06   8.0749512e+01
   6.4690410e+06   5.7678223e+01
   6.4694680e+06   5.3039551e+01
   6.4695900e+06   2.8747559e+01
   6.4702480e+06   5.0048828e+01
   6.4797330e+06   2.8869629e+01
   6.4809350e+06   1.0937500e+02
   6.4813330e+06   9.3933105e+01
   6.4816770e+06   6.4636230e+01
   6.4908910e+06   2.8686523e+01
   6.5031870e+06   1.0095215e+02
   6.5035550e+06   8.7158203e+01
   6.5037790e+06   3.5400391e+01
   6.5040200e+06   3.0212402e+01
   6.5043550e+06   5.6884766e+01
   6.5240920e+06   1.1987305e+02
   6.5245130e+06   8.8745117e+01
   6.5316830e+06   8.3557129e+01
   6.5319460e+06   6.4880371e+01
   6.5321830e+06   3.0029297e+01
   6.5478430e+06   5.6762695e+01
   6.5515480e+06   9.4177246e+01
   6.5523910e+06   8.6608887e+01
   6.5526690e+06   3.3691406e+01
   6.5637450e+06   5.1452637e+01
   6.5639900e+06   4.8889160e+01
   6.5643810e+06   1.0223389e+02
   6.5648670e+06   7.6171875e+01
   6.5651100e+06   3.2775879e+01
   6.5821490e+06   5.4199219e+01
   6.5834690e+06   8.9843750e+01
   6.5842070e+06   8.2641602e+01
   6.5844650e+06   4.8278809e+01
   6.5907420e+06   4.9316406e+01
   6.5918700e+06   4.5837402e+01
   6.5920680e+06   3.9550781e+01
   6.6038960e+06   9.5031738e+01
   6.6042010e+06   6.9702148e+01
   6.6044390e+06   4.1198730e+01
   6.6219830e+06   9.9243164e+01
   6.6223850e+06   8.3251953e+01
   6.6225260e+06   5.4260254e+01
   6.6226300e+06   3.2958984e+01
   6.6226420e+06   3.0578613e+01
   6.6227780e+06   5.7800293e+01
   6.6230310e+06   3.5461426e+01
   6.6232580e+06   2.9113770e+01
   6.6305770e+06   3.6987305e+01
   6.6414250e+06   9.6130371e+01
   6.6448600e+06   1.0461426e+02
   6.6451570e+06   8.0993652e+01
   6.6458300e+06   5.9875488e+01
   6.6509360e+06   2.8442383e+01
   6.6531770e+06   2.8808594e+01
   6.6602150e+06   8.9904785e+01
   6.6605990e+06   8.9172363e+01
   6.6615950e+06   5.3039551e+01
   6.6626290e+06   4.9072266e+01
   6.6793700e+06   1.1102295e+02
   6.6799410e+06   8.2214355e+01
   6.6801450e+06   3.1555176e+01
   6.6998650e+06   1.0668945e+02
   6.7001810e+06   7.6843262e+01
   6.7004260e+06   4.6447754e+01
   6.7202180e+06   9.4848633e+01
   6.7206270e+06   8.2824707e+01
   6.7208320e+06   2.8503418e+01
   6.7209560e+06   7.2204590e+01
   6.7240870e+06   5.6518555e+01
   6.7301880e+06   5.3894043e+01
   6.7303980e+06   4.6508789e+01
   6.7422820e+06   9.8876953e+01
   6.7470430e+06   9.9426270e+01
   6.7475620e+06   8.7097168e+01
   6.7477800e+06   3.6926270e+01
   6.7483240e+06   4.5837402e+01
   6.7495730e+06   3.0456543e+01
   6.7668190e+06   1.0089111e+02
   6.7677790e+06   2.8991699e+01
   6.7684240e+06   8.7524414e+01
   6.7686700e+06   5.2246094e+01
   6.7688930e+06   2.7893066e+01
   6.7693660e+06   5.3161621e+01
   6.7881760e+06   9.3933105e+01
   6.7889390e+06   8.8317871e+01
   6.7892020e+06   5.3710938e+01
   6.7902060e+06   5.9509277e+01
   6.7906220e+06   4.6630859e+01
   6.8070570e+06   5.7739258e+01
   6.8111250e+06   2.8198242e+01
   6.8111470e+06   3.0822754e+01
   6.8116010e+06   8.8928223e+01
   6.8118260e+06   5.4748535e+01
   6.8196440e+06   2.9846191e+01
   6.8294540e+06   1.1322021e+02
   6.8298390e+06   8.8500977e+01
   6.8301250e+06   5.0415039e+01
   6.8301540e+06   6.5429688e+01
   6.8302990e+06   3.2043457e+01
   6.8313410e+06   4.0649414e+01
   6.8369790e+06   2.9357910e+01
   6.8519920e+06   1.0278320e+02
   6.8526690e+06   9.1857910e+01
   6.8529630e+06   6.8664551e+01
   6.8543740e+06   2.8015137e+01
   6.8733390e+06   4.9621582e+01
   6.8737860e+06   8.7402344e+01
   6.8740510e+06   5.4321289e+01
   6.8955180e+06   9.7473145e+01
   6.8959630e+06   8.2275391e+01
   6.8961990e+06   4.2602539e+01
   6.8964300e+06   2.9968262e+01
   6.8966590e+06   5.3833008e+01
   6.8969390e+06   5.1208496e+01
   6.8971050e+06   2.7893066e+01
   6.8974650e+06   3.6071777e+01
   6.9182950e+06   9.8144531e+01
   6.9188520e+06   9.1186523e+01
   6.9191230e+06   5.7983398e+01
   6.9257400e+06   2.8991699e+01
   6.9313000e+06   2.9907227e+01
   6.9371530e+06   6.0913086e+01
   6.9373020e+06   1.0980225e+02
   6.9415030e+06   9.6008301e+01
   6.9420650e+06   7.8674316e+01
   6.9422760e+06   3.8269043e+01
   6.9496030e+06   2.8076172e+01
   6.9571430e+06   5.3710938e+01
   6.9578880e+06   5.2368164e+01
   6.9580960e+06   3.3874512e+01
   6.9582690e+06   3.0456543e+01
   6.9640420e+06   1.0974121e+02
   6.9645600e+06   9.1979980e+01
   6.9648260e+06   5.6823730e+01
   6.9656590e+06   3.4545898e+01
   6.9844010e+06   1.1212158e+02
   6.9850600e+06   9.3017578e+01
   6.9853180e+06   5.0292969e+01
   6.9998800e+06   2.9541016e+01
   7.0100930e+06   3.1188965e+01
   7.0107590e+06   8.5144043e+01
   7.0109830e+06   4.6020508e+01
   7.0159560e+06   5.8593750e+01
   7.0318380e+06   2.8015137e+01
   7.0364230e+06   1.0479736e+02
   7.0367350e+06   8.7524414e+01
   7.0370690e+06   5.8532715e+01
   7.0383650e+06   5.2795410e+01
   7.0435850e+06   5.5419922e+01
   7.0439000e+06   4.9377441e+01
   7.0441290e+06   3.4057617e+01
   7.0596250e+06   1.1816406e+02
   7.0600230e+06   8.5388184e+01
   7.0602630e+06   4.7790527e+01
   7.0833040e+06   1.0046387e+02
   7.0838160e+06   9.5947266e+01
   7.0841350e+06   6.3354492e+01
   7.0844100e+06   4.0405273e+01
   7.0845360e+06   4.8522949e+01
   7.1020780e+06   1.0125732e+02
   7.1024640e+06   8.6181641e+01
   7.1026660e+06   3.0883789e+01
   7.1266990e+06   1.2054443e+02
   7.1271510e+06   1.0162354e+02
   7.1274490e+06   6.6345215e+01
   7.1519520e+06   1.0986328e+02
   7.1524960e+06   9.6557617e+01
   7.1527570e+06   4.1503906e+01
   7.1534900e+06   6.1218262e+01
   7.1588310e+06   2.8381348e+01
   7.1604480e+06   4.7241211e+01
   7.1608710e+06   4.2053223e+01
   7.1610670e+06   3.2104492e+01
   7.1612220e+06   3.5949707e+01
   7.1615700e+06   3.0700684e+01
   7.1753430e+06   1.0992432e+02
   7.1773780e+06   9.6801758e+01
   7.1802640e+06   9.6374512e+01
   7.1807070e+06   7.1411133e+01
   7.1809080e+06   2.9174805e+01
   7.1809180e+06   2.8198242e+01
   7.1812890e+06   2.8015137e+01
   7.2021000e+06   1.0998535e+02
   7.2025500e+06   8.1970215e+01
   7.2027860e+06   6.3903809e+01
   7.2030230e+06   2.9357910e+01
   7.2034810e+06   2.8869629e+01
   7.2101770e+06   2.9174805e+01
   7.2151160e+06   5.2734375e+01
   7.2213940e+06   1.1004639e+02
   7.2226520e+06   8.3679199e+01
   7.2228830e+06   4.8706055e+01
   7.2290810e+06   5.2307129e+01
   7.2293540e+06   4.4006348e+01
   7.2295190e+06   2.9724121e+01
   7.2482400e+06   1.0638428e+02
   7.2492270e+06   1.0137939e+02
   7.2495500e+06   7.8063965e+01
   7.2497630e+06   3.9611816e+01
   7.2559770e+06   5.0903320e+01
   7.2562380e+06   4.2236328e+01
   7.2698080e+06   2.8198242e+01
   7.2739940e+06   1.1492920e+02
   7.2744760e+06   1.0058594e+02
   7.2746950e+06   5.3894043e+01
   7.2758100e+06   2.7954102e+01
   7.2838620e+06   5.6396484e+01
   7.2842910e+06   4.9804688e+01
   7.2845130e+06   4.0649414e+01
   7.2846780e+06   3.1738281e+01
   7.3037760e+06   8.9721680e+01
   7.3042920e+06   9.6130371e+01
   7.3045740e+06   6.4086914e+01
   7.3048220e+06   3.3752441e+01
   7.3293210e+06   1.0339355e+02
   7.3293620e+06   6.3415527e+01
   7.3296740e+06   9.2163086e+01
   7.3299990e+06   5.2246094e+01
   7.3300460e+06   6.8603516e+01
   7.3302850e+06   3.0273437e+01
   7.3539690e+06   1.0839844e+02
   7.3545640e+06   8.4716797e+01
   7.3549950e+06   7.9345703e+01
   7.3552160e+06   3.1188965e+01
   7.3695580e+06   5.2917480e+01
   7.3708290e+06   4.9804688e+01
   7.3714490e+06   2.8381348e+01
   7.3773230e+06   3.1005859e+01
   7.3805040e+06   1.0961914e+02
   7.3820400e+06   1.1285400e+02
   7.3825040e+06   8.1909180e+01
   7.3827540e+06   4.0649414e+01
   7.4067120e+06   9.8266602e+01
   7.4075100e+06   8.5388184e+01
   7.4077350e+06   4.8217773e+01
   7.4079630e+06   3.1860352e+01
   7.4114800e+06   5.2429199e+01
   7.4362270e+06   9.9243164e+01
   7.4366790e+06   9.3383789e+01
   7.4374770e+06   8.7890625e+01
   7.4377910e+06   5.4199219e+01
   7.4537800e+06   5.0903320e+01
   7.4553950e+06   1.0601807e+02
   7.4559410e+06   9.5886230e+01
   7.4561820e+06   4.5288086e+01
   7.4565370e+06   6.5979004e+01
   7.4568230e+06   3.3081055e+01
   7.4780820e+06   9.9914551e+01
   7.4794290e+06   5.8654785e+01
   7.4796600e+06   4.8889160e+01
   7.4798240e+06   3.0090332e+01
   7.4834600e+06   1.0424805e+02
   7.4840930e+06   9.0820312e+01
   7.4844100e+06   5.8288574e+01
   7.4854540e+06   3.0761719e+01
   7.4928090e+06   3.1250000e+01
   7.5063040e+06   1.1889648e+02
   7.5066740e+06   4.7851562e+01
   7.5068270e+06   3.4667969e+01
   7.5069950e+06   2.9968262e+01
   7.5071420e+06   8.4350586e+01
   7.5074070e+06   5.5297852e+01
   7.5076580e+06   4.3212891e+01
   7.5118900e+06   3.0029297e+01
   7.5262570e+06   2.8381348e+01
   7.5318960e+06   1.1688232e+02
   7.5329490e+06   8.8745117e+01
   7.5332630e+06   6.2866211e+01
   7.5334920e+06   2.9907227e+01
   7.5439050e+06   4.8828125e+01
   7.5598630e+06   1.2493896e+02
   7.5604920e+06   9.7106934e+01
   7.5608310e+06   6.8664551e+01
   7.5610930e+06   4.1809082e+01
   7.5665920e+06   4.7058105e+01
   7.5670780e+06   4.6386719e+01
   7.5673480e+06   4.0344238e+01
   7.5838060e+06   1.0772705e+02
   7.5848230e+06   9.7595215e+01
   7.5857010e+06   8.4472656e+01
   7.5860110e+06   4.6997070e+01
   7.5990270e+06   6.4147949e+01
   7.5993760e+06   4.0161133e+01
   7.5995500e+06   3.2592773e+01
   7.5997290e+06   2.9296875e+01
   7.6097950e+06   1.1437988e+02
   7.6101940e+06   1.0076904e+02
   7.6104450e+06   6.3171387e+01
   7.6106680e+06   3.5705566e+01
   7.6309880e+06   1.0412598e+02
   7.6310030e+06   5.1086426e+01
   7.6318830e+06   4.8400879e+01
   7.6321550e+06   3.8940430e+01
   7.6324570e+06   3.5156250e+01
   7.6326820e+06   2.8564453e+01
   7.6401840e+06   9.8632812e+01
   7.6408350e+06   8.5998535e+01
   7.6411370e+06   6.5734863e+01
   7.6413600e+06   4.1625977e+01
   7.6609690e+06   9.7534180e+01
   7.6612930e+06   8.8256836e+01
   7.6615460e+06   5.7006836e+01
   7.6617890e+06   2.9174805e+01
   7.6618470e+06   5.0292969e+01
   7.6627010e+06   5.4687500e+01
   7.6629070e+06   3.0273438e+01
   7.6634280e+06   4.5532227e+01
   7.6849510e+06   1.1798096e+02
   7.6854400e+06   9.5520020e+01
   7.6857720e+06   6.9152832e+01
   7.6860660e+06   5.2429199e+01
   7.6929530e+06   2.9724121e+01
   7.7001670e+06   4.8706055e+01
   7.7009260e+06   5.8654785e+01
   7.7010870e+06   3.3935547e+01
   7.7013270e+06   3.1066895e+01
   7.7086530e+06   1.1334229e+02
   7.7092110e+06   1.0040283e+02
   7.7095370e+06   8.0871582e+01
   7.7097440e+06   3.0395508e+01
   7.7338020e+06   1.0485840e+02
   7.7354590e+06   9.0759277e+01
   7.7406550e+06   1.0589600e+02
   7.7411980e+06   7.6232910e+01
   7.7414620e+06   4.1870117e+01
   7.7499730e+06   5.3100586e+01
   7.7664900e+06   1.0162354e+02
   7.7669120e+06   8.8195801e+01
   7.7747000e+06   2.8442383e+01
   7.7768160e+06   1.0247803e+02
   7.7771690e+06   8.2214355e+01
   7.7774060e+06   4.1625977e+01
   7.7822470e+06   5.3649902e+01
   7.7972840e+06   1.0333252e+02
   7.7978380e+06   8.2946777e+01
   7.7982350e+06   5.4748535e+01
   7.7984830e+06   3.3874512e+01
   7.8264750e+06   1.0461426e+02
   7.8269330e+06   9.6862793e+01
   7.8271470e+06   5.5297852e+01
   7.8301040e+06   4.9072266e+01
   7.8304190e+06   5.0659180e+01
   7.8306010e+06   3.2409668e+01
   7.8477970e+06   1.0705566e+02
   7.8482760e+06   9.9060059e+01
   7.8485420e+06   6.2744141e+01
   7.8487530e+06   3.0273438e+01
   7.8670440e+06   1.0498047e+02
   7.8675960e+06   9.6130371e+01
   7.8680450e+06   7.4462891e+01
   7.8683070e+06   3.5583496e+01
   7.8744660e+06   5.7922363e+01
   7.8812130e+06   4.6264648e+01
   7.8916070e+06   1.1682129e+02
   7.8920800e+06   9.6008301e+01
   7.8924710e+06   7.2448730e+01
   7.8927920e+06   4.2236328e+01
   7.8989940e+06   5.2551270e+01
   7.9015840e+06   4.7363281e+01
   7.9018430e+06   3.0578613e+01
   7.9032310e+06   4.5288086e+01
   7.9126080e+06   2.8015137e+01
   7.9131890e+06   1.0144043e+02
   7.9136180e+06   9.8876953e+01
   7.9139350e+06   7.0434570e+01
   7.9141740e+06   3.4606934e+01
   7.9316740e+06   5.1513672e+01
   7.9326090e+06   4.7058105e+01
   7.9328080e+06   3.7231445e+01
   7.9330630e+06   3.4729004e+01
   7.9413480e+06   1.1376953e+02
   7.9419840e+06   1.0089111e+02
   7.9422570e+06   6.6162109e+01
   7.9626160e+06   2.9235840e+01
   7.9636650e+06   1.0675049e+02
   7.9641370e+06   8.5144043e+01
   7.9644430e+06   6.8237305e+01
   7.9647290e+06   3.6621094e+01
   7.9849060e+06   9.7473145e+01
   7.9852850e+06   8.8500977e+01
   7.9855050e+06   4.7851562e+01
   8.0066950e+06   1.1590576e+02
   8.0075560e+06   8.8500977e+01
   8.0078160e+06   6.7199707e+01
   8.0081130e+06   4.0954590e+01
   8.0194850e+06   5.1025391e+01
   8.0223620e+06   2.8015137e+01
   8.0368540e+06   1.1083984e+02
   8.0373530e+06   1.0711670e+02
   8.0376870e+06   4.3762207e+01
   8.0379290e+06   4.2785645e+01
   8.0391020e+06   4.9377441e+01
   8.0507620e+06   2.8320312e+01
   8.0610970e+06   4.5471191e+01
   8.0648290e+06   1.0479736e+02
   8.0654690e+06   8.8928223e+01
   8.0657590e+06   7.0922852e+01
   8.0659890e+06   2.8564453e+01
   8.0736460e+06   5.9509277e+01
   8.0740330e+06   6.1218262e+01
   8.0742410e+06   3.9367676e+01
   8.0744070e+06   2.9113770e+01
   8.0790360e+06   2.9724121e+01
   8.0855320e+06   9.9914551e+01
   8.0861480e+06   1.0015869e+02
   8.0864280e+06   5.8288574e+01
   8.1113960e+06   1.0540771e+02
   8.1118310e+06   9.5397949e+01
   8.1121420e+06   6.5734863e+01
   8.1124390e+06   4.6997070e+01
   8.1311970e+06   1.1273193e+02
   8.1316860e+06   9.2041016e+01
   8.1320530e+06   6.9519043e+01
   8.1324150e+06   4.4555664e+01
   8.1452550e+06   4.1320801e+01
   8.1454920e+06   4.3334961e+01
   8.1526540e+06   1.0388184e+02
   8.1571270e+06   8.5083008e+01
   8.1575070e+06   8.4472656e+01
   8.1577540e+06   4.1809082e+01
   8.1750980e+06   3.1250000e+01
   8.1782640e+06   3.1372070e+01
   8.1798240e+06   1.0302734e+02
   8.1827720e+06   9.2529297e+01
   8.1832600e+06   7.5500488e+01
   8.1834510e+06   2.8686523e+01
   8.1840490e+06   5.4016113e+01
   8.1843660e+06   4.5043945e+01
   8.1850450e+06   5.4382324e+01
   8.1851750e+06   2.9907227e+01
   8.2068350e+06   1.0015869e+02
   8.2075060e+06   1.0144043e+02
   8.2130550e+06   9.4543457e+01
   8.2134370e+06   7.4279785e+01
   8.2136870e+06   3.8146973e+01
   8.2160070e+06   5.0842285e+01
   8.2169340e+06   4.8828125e+01
   8.2172390e+06   4.1564941e+01
   8.2176020e+06   3.5705566e+01
   8.2177960e+06   2.9541016e+01
   8.2261330e+06   9.8999023e+01
   8.2301320e+06   9.8937988e+01
   8.2304600e+06   7.5317383e+01
   8.2522360e+06   5.5114746e+01
   8.2525060e+06   4.3151855e+01
   8.2526810e+06   2.7893066e+01
   8.2528430e+06   3.2043457e+01
   8.2534860e+06   9.9853516e+01
   8.2548050e+06   9.9243164e+01
   8.2550980e+06   6.4941406e+01
   8.2771200e+06   1.0443115e+02
   8.2804680e+06   1.0498047e+02
   8.2807850e+06   5.1574707e+01
   8.2809980e+06   3.8269043e+01
   8.3008610e+06   1.0168457e+02
   8.3014270e+06   8.6547852e+01
   8.3017120e+06   6.8237305e+01
   8.3030020e+06   2.8015137e+01
   8.3031250e+06   5.3222656e+01
   8.3225700e+06   9.5703125e+01
   8.3234010e+06   8.5754395e+01
   8.3236770e+06   5.0781250e+01
   8.3344460e+06   5.1147461e+01
   8.3434720e+06   1.0748291e+02
   8.3438150e+06   9.4787598e+01
   8.3440520e+06   4.7241211e+01
   8.3672870e+06   4.6997070e+01
   8.3692760e+06   1.0144043e+02
   8.3723790e+06   1.0388184e+02
   8.3727710e+06   7.9406738e+01
   8.3728840e+06   5.4199219e+01
   8.3729960e+06   3.1494141e+01
   8.3730970e+06   4.4189453e+01
   8.3736320e+06   4.2419434e+01
   8.3738120e+06   2.8381348e+01
   8.3922680e+06   9.6679688e+01
   8.3926000e+06   8.1420898e+01
   8.3929710e+06   5.5603027e+01
   8.3931930e+06   3.5583496e+01
   8.4083320e+06   5.0842285e+01
   8.4085550e+06   4.7607422e+01
   8.4087000e+06   3.0395508e+01
   8.4093120e+06   2.8930664e+01
   8.4168310e+06   1.0198975e+02
   8.4177180e+06   9.6679688e+01
   8.4180140e+06   6.8420410e+01
   8.4182370e+06   3.3935547e+01
   8.4331130e+06   9.1796875e+01
   8.4341670e+06   8.2580566e+01
   8.4344520e+06   6.7565918e+01
   8.4347310e+06   3.6254883e+01
   8.4561990e+06   9.3566895e+01
   8.4567750e+06   9.4543457e+01
   8.4570960e+06   6.2072754e+01
   8.4817740e+06   1.0687256e+02
   8.4818270e+06   5.4382324e+01
   8.4821540e+06   8.9843750e+01
   8.4822160e+06   5.7312012e+01
   8.4824170e+06   3.9184570e+01
   8.4824520e+06   6.2316895e+01
   8.4827080e+06   3.2470703e+01
   8.4827530e+06   2.9602051e+01
   8.4829660e+06   3.1005859e+01
   8.4883360e+06   2.7893066e+01
   8.5064430e+06   1.0784912e+02
   8.5069610e+06   9.0576172e+01
   8.5072760e+06   7.4218750e+01
   8.5075200e+06   3.0273438e+01
   8.5078300e+06   3.2592773e+01
   8.5295980e+06   1.0437012e+02
   8.5324710e+06   9.7290039e+01
   8.5331650e+06   9.1735840e+01
   8.5333820e+06   3.2470703e+01
   8.5490260e+06   2.8991699e+01
   8.5598200e+06   1.2207031e+02
   8.5598740e+06   3.3691406e+01
   8.5602550e+06   9.0759277e+01
   8.5604750e+06   3.6010742e+01
   8.5607090e+06   2.9479980e+01
   8.5712370e+06   5.3100586e+01
   8.5715120e+06   5.1635742e+01
   8.5717090e+06   3.0883789e+01
   8.5718820e+06   2.9785156e+01
   8.5720830e+06   2.8442383e+01
   8.5727430e+06   2.9846191e+01
   8.5841790e+06   9.6801758e+01
   8.5846170e+06   8.9477539e+01
   8.5850020e+06   7.1594238e+01
   8.5852440e+06   3.0761719e+01
   8.6076070e+06   1.1975098e+02
   8.6081060e+06   1.0095215e+02
   8.6081900e+06   6.0546875e+01
   8.6083610e+06   5.9997559e+01
   8.6085850e+06   2.8259277e+01
   8.6286250e+06   1.0498047e+02
   8.6296210e+06   8.9599609e+01
   8.6299330e+06   6.4086914e+01
   8.6301550e+06   3.0822754e+01
   8.6372710e+06   2.7954102e+01
   8.6527230e+06   1.0388184e+02
   8.6530140e+06   8.5754395e+01
   8.6532860e+06   5.7128906e+01
   8.6548330e+06   5.3466797e+01
   8.6675790e+06   4.8828125e+01
   8.6678130e+06   4.4616699e+01
   8.6765600e+06   1.0400391e+02
   8.6775740e+06   8.9050293e+01
   8.6779130e+06   9.2468262e+01
   8.6781580e+06   4.0222168e+01
   8.6869220e+06   3.0395508e+01
   8.6957100e+06   5.0109863e+01
   8.6964280e+06   4.8706055e+01
   8.6966700e+06   4.4921875e+01
   8.6968590e+06   3.0578613e+01
   8.7010800e+06   1.0711670e+02
   8.7016110e+06   1.0278320e+02
   8.7019150e+06   6.7749023e+01
   8.7179790e+06   2.8686523e+01
   8.7196310e+06   1.0528564e+02
   8.7204090e+06   8.0383301e+01
   8.7208800e+06   4.8339844e+01
   8.7344800e+06   5.5297852e+01
   8.7444350e+06   1.0003662e+02
   8.7449840e+06   8.7585449e+01
   8.7452910e+06   6.1706543e+01
   8.7499400e+06   2.8442383e+01
   8.7529720e+06   4.9682617e+01
   8.7532180e+06   4.6325684e+01
   8.7535860e+06   3.9245605e+01
   8.7538090e+06   3.2043457e+01
   8.7659130e+06   1.1218262e+02
   8.7663150e+06   7.9589844e+01
   8.7666340e+06   6.9335938e+01
   8.7669120e+06   3.3203125e+01
   8.7778320e+06   2.8259277e+01
   8.7832950e+06   9.1979980e+01
   8.7836670e+06   8.1909180e+01
   8.7838780e+06   3.8146973e+01
   8.8086760e+06   1.0913086e+02
   8.8096280e+06   9.5581055e+01
   8.8098610e+06   4.0649414e+01
   8.8101090e+06   3.3020020e+01
   8.8218320e+06   3.0395508e+01
   8.8219580e+06   5.5480957e+01
   8.8270880e+06   2.9357910e+01
   8.8299760e+06   1.0607910e+02
   8.8304930e+06   9.4909668e+01
   8.8309380e+06   7.2753906e+01
   8.8311970e+06   3.4423828e+01
   8.8444390e+06   5.7556152e+01
   8.8495360e+06   2.8198242e+01
   8.8509570e+06   1.1767578e+02
   8.8538510e+06   9.2956543e+01
   8.8541820e+06   7.3486328e+01
   8.8544100e+06   3.1066895e+01
   8.8751430e+06   1.0607910e+02
   8.8756490e+06   8.6364746e+01
   8.8760480e+06   6.1218262e+01
   8.8763020e+06   3.0090332e+01
   8.8954830e+06   4.8522949e+01
   8.8959020e+06   9.6130371e+01
   8.8962790e+06   9.1491699e+01
   8.9031220e+06   8.9721680e+01
   8.9036120e+06   7.9711914e+01
   8.9038710e+06   3.3813477e+01
   8.9092920e+06   5.3039551e+01
   8.9223610e+06   4.2907715e+01
   8.9258580e+06   8.4777832e+01
   8.9263730e+06   8.8500977e+01
   8.9266640e+06   6.5612793e+01
   8.9269880e+06   4.8034668e+01
   8.9428060e+06   5.6030273e+01
   8.9431290e+06   3.5522461e+01
   8.9434330e+06   2.9602051e+01
   8.9485580e+06   9.4238281e+01
   8.9538450e+06   9.5764160e+01
   8.9542310e+06   8.2031250e+01
   8.9544820e+06   3.7414551e+01
   8.9769420e+06   9.9853516e+01
   8.9778180e+06   9.3994141e+01
   8.9782150e+06   8.6730957e+01
   8.9784320e+06   3.0639648e+01
   8.9960340e+06   5.3344727e+01
   8.9965780e+06   5.4931641e+01
   8.9967280e+06   3.3325195e+01
   8.9972230e+06   3.4729004e+01
   8.9977700e+06   1.0559082e+02
