   8.9990000e+06   0.0000000e+00
   6.3350000e+03   4.5288086e+01
   1.1924000e+04   4.2541504e+01
   2.1181000e+04   4.7058105e+01
   2.9519000e+04   4.1503906e+01
   3.9028000e+04   4.6203613e+01
   3.9197000e+04   4.5349121e+01
   3.9357000e+04   4.7485352e+01
   3.9414000e+04   4.4860840e+01
   3.9470000e+04   4.4189453e+01
   3.9560000e+04   4.5410156e+01
   3.9600000e+04   4.7180176e+01
   3.9782000e+04   4.2419434e+01
   3.9917000e+04   4.5227051e+01
   4.0374000e+04   4.1748047e+01
   4.0445000e+04   4.4799805e+01
   4.2177000e+04   4.2724609e+01
   5.2572000e+04   4.5776367e+01
   6.4046000e+04   4.2236328e+01
   6.6470000e+04   4.1809082e+01
   6.7637000e+04   4.2053223e+01
   6.8802000e+04   4.6264648e+01
   7.0050000e+04   4.5410156e+01
   7.9027000e+04   4.1809082e+01
   9.2582000e+04   4.2541504e+01
   9.9709000e+04   4.9926758e+01
   1.0757600e+05   4.6325684e+01
   1.3236600e+05   4.5471191e+01
   1.3398900e+05   4.1564941e+01
   1.4482400e+05   4.4067383e+01
   1.4683300e+05   4.6752930e+01
   1.7183700e+05   4.1625977e+01
   2.1391100e+05   4.6142578e+01
   2.1710500e+05   4.3029785e+01
   2.1896700e+05   4.4189453e+01
   2.2793800e+05   4.2541504e+01
   2.3956300e+05   4.4494629e+01
   2.4535500e+05   4.1748047e+01
   2.5500000e+05   4.1687012e+01
   2.6056500e+05   4.1809082e+01
   2.6319200e+05   4.4433594e+01
   2.8053200e+05   4.2785645e+01
   3.1736300e+05   4.6875000e+01
   3.3864300e+05   4.2602539e+01
   3.4326000e+05   4.2053223e+01
   3.4499700e+05   4.4921875e+01
   3.5646600e+05   4.5532227e+01
   3.7142800e+05   4.1564941e+01
   3.7411000e+05   4.4555664e+01
   3.7501000e+05   4.1748047e+01
   3.8463900e+05   4.2297363e+01
   4.1447100e+05   4.2236328e+01
   4.1861400e+05   4.2053223e+01
   4.2260700e+05   4.1564941e+01
   4.2687600e+05   4.2968750e+01
   4.2957100e+05   4.2236328e+01
   4.3326600e+05   4.6264648e+01
   4.4458700e+05   4.2114258e+01
   4.5179900e+05   4.2724609e+01
   4.5615800e+05   4.2175293e+01
   4.6556400e+05   4.2724609e+01
   4.8469200e+05   4.1809082e+01
   4.9756100e+05   4.6020508e+01
   5.2483100e+05   4.4250488e+01
   5.3388200e+05   4.1625977e+01
   5.5199500e+05   4.4250488e+01
   5.5498500e+05   4.4799805e+01
   5.6944200e+05   4.6997070e+01
   5.8538900e+05   4.6875000e+01
   5.9142100e+05   4.2053223e+01
   6.0616600e+05   4.7973633e+01
   6.2777500e+05   4.6264648e+01
   6.3486000e+05   4.5959473e+01
   6.4065600e+05   4.2114258e+01
   6.4073200e+05   4.7363281e+01
   6.4096700e+05   5.5725098e+01
   6.4109400e+05   4.3701172e+01
   6.4124100e+05   4.7241211e+01
   6.4137800e+05   4.1625977e+01
   6.4184800e+05   4.2175293e+01
   6.4301800e+05   4.5837402e+01
   6.5572900e+05   4.2785645e+01
   6.5755800e+05   4.9072266e+01
   6.6715900e+05   4.3212891e+01
   6.6762500e+05   4.5104980e+01
   6.6787900e+05   4.3395996e+01
   6.6799500e+05   4.6630859e+01
   6.6812500e+05   4.3212891e+01
   6.6816500e+05   4.8645020e+01
   6.6846300e+05   4.7607422e+01
   6.6847900e+05   4.2053223e+01
   6.6904700e+05   4.6875000e+01
   6.7063900e+05   4.4738770e+01
   6.7121100e+05   4.2663574e+01
   6.8000600e+05   4.6752930e+01
   6.9772100e+05   4.3457031e+01
   6.9810800e+05   4.6508789e+01
   6.9820100e+05   4.2602539e+01
   7.1152800e+05   4.5227051e+01
   7.1238900e+05   4.6569824e+01
   7.1244000e+05   4.2114258e+01
   7.1463400e+05   4.2541504e+01
   7.2642800e+05   4.3762207e+01
   7.4695200e+05   4.4799805e+01
   7.5083400e+05   4.2846680e+01
   7.5145000e+05   4.3090820e+01
   7.5397400e+05   4.1503906e+01
   7.6736100e+05   4.4372559e+01
   7.9458700e+05   4.1625977e+01
   8.2675200e+05   4.8034668e+01
   8.3052800e+05   4.1931152e+01
   8.3983900e+05   4.2175293e+01
   8.5045800e+05   4.3029785e+01
   8.5198900e+05   4.1809082e+01
   9.1623000e+05   4.2175293e+01
   9.5705700e+05   4.7119141e+01
   9.9471900e+05   4.4250488e+01
   1.0046700e+06   4.3518066e+01
   1.0053170e+06   4.1809082e+01
   1.0115430e+06   4.5532227e+01
   1.0184070e+06   4.3029785e+01
   1.0185410e+06   4.1870117e+01
   1.0245720e+06   4.6813965e+01
   1.0339010e+06   4.2602539e+01
   1.0454980e+06   4.4799805e+01
   1.0750960e+06   4.5166016e+01
   1.0842490e+06   5.0354004e+01
   1.0895970e+06   4.4433594e+01
   1.0951470e+06   4.2114258e+01
   1.1029820e+06   4.3945312e+01
   1.1140090e+06   4.7668457e+01
   1.1203270e+06   4.9499512e+01
   1.1235620e+06   4.3151855e+01
   1.1565810e+06   4.5043945e+01
   1.1614750e+06   4.3334961e+01
   1.1957170e+06   4.1992188e+01
   1.2107210e+06   4.3823242e+01
   1.2156100e+06   4.6447754e+01
   1.2309360e+06   4.3518066e+01
   1.2610300e+06   4.1687012e+01
   1.2719520e+06   4.3823242e+01
   1.2785990e+06   4.6386719e+01
   1.3137810e+06   4.2053223e+01
   1.3230300e+06   4.2602539e+01
   1.3286580e+06   4.3518066e+01
   1.3400440e+06   4.2602539e+01
   1.3411500e+06   4.2419434e+01
   1.3440210e+06   4.5593262e+01
   1.3515340e+06   4.4128418e+01
   1.3687740e+06   4.4372559e+01
   1.3703870e+06   4.4494629e+01
   1.3779270e+06   4.3640137e+01
   1.3890660e+06   4.4006348e+01
   1.4055970e+06   4.6142578e+01
   1.4058920e+06   4.8400879e+01
   1.4060160e+06   4.2297363e+01
   1.4061570e+06   4.6447754e+01
   1.4064690e+06   4.1809082e+01
   1.4065260e+06   4.3151855e+01
   1.4065810e+06   4.1931152e+01
   1.4066080e+06   4.5776367e+01
   1.4067620e+06   4.6386719e+01
   1.4080440e+06   4.3640137e+01
   1.4095630e+06   4.3090820e+01
   1.4274130e+06   4.7241211e+01
   1.4275420e+06   4.9072266e+01
   1.4543510e+06   4.3395996e+01
   1.4937230e+06   4.1809082e+01
   1.4948040e+06   4.3334961e+01
   1.4953160e+06   4.6691895e+01
   1.5072010e+06   4.1625977e+01
   1.5283860e+06   4.3640137e+01
   1.5349640e+06   4.1625977e+01
   1.5442680e+06   4.1564941e+01
   1.5502740e+06   4.1687012e+01
   1.5640430e+06   4.3029785e+01
   1.5700690e+06   4.4311523e+01
   1.5906470e+06   4.1625977e+01
   1.5941020e+06   4.7851562e+01
   1.6098740e+06   4.3029785e+01
   1.6246120e+06   5.2490234e+01
   1.6272650e+06   4.1625977e+01
   1.6300300e+06   4.1687012e+01
   1.6514800e+06   4.1625977e+01
   1.6638530e+06   5.0048828e+01
   1.6713770e+06   4.5288086e+01
   1.6994620e+06   4.3762207e+01
   1.7251190e+06   4.2175293e+01
   1.7350380e+06   4.7607422e+01
   1.7482550e+06   4.6203613e+01
   1.7607710e+06   4.3518066e+01
   1.7696860e+06   4.4799805e+01
   1.7716490e+06   4.2480469e+01
   1.7763570e+06   4.3701172e+01
   1.7886220e+06   4.1992188e+01
   1.7940670e+06   4.3334961e+01
   1.8001140e+06   4.7058105e+01
   1.8087570e+06   4.4128418e+01
   1.8120600e+06   4.1748047e+01
   1.8334120e+06   4.2663574e+01
   1.8397530e+06   4.3334961e+01
   1.8415450e+06   4.3090820e+01
   1.8597960e+06   4.4738770e+01
   1.8692410e+06   4.4860840e+01
   1.8767130e+06   4.4311523e+01
   1.8960660e+06   4.2724609e+01
   1.9122750e+06   4.1748047e+01
   1.9136130e+06   4.3579102e+01
   1.9182720e+06   4.1503906e+01
   1.9235280e+06   4.2663574e+01
   1.9272470e+06   4.3518066e+01
   1.9514060e+06   4.4006348e+01
   1.9595060e+06   4.1931152e+01
   1.9699490e+06   4.2053223e+01
   1.9724590e+06   4.2236328e+01
   2.0118230e+06   4.5227051e+01
   2.0187130e+06   4.9682617e+01
   2.0203840e+06   4.6691895e+01
   2.0222180e+06   4.1931152e+01
   2.0588950e+06   4.7607422e+01
   2.0623770e+06   4.3212891e+01
   2.0630970e+06   4.5898438e+01
   2.0952980e+06   4.6325684e+01
   2.0988340e+06   4.6447754e+01
   2.1014600e+06   4.4738770e+01
   2.1101680e+06   4.5532227e+01
   2.1275580e+06   4.4982910e+01
   2.1415490e+06   4.5776367e+01
   2.1415740e+06   4.1625977e+01
   2.1417040e+06   5.0415039e+01
   2.1556910e+06   4.5166016e+01
   2.1620730e+06   5.4931641e+01
   2.1655390e+06   4.6447754e+01
   2.1708280e+06   4.6020508e+01
   2.1788650e+06   4.5654297e+01
   2.1853220e+06   4.3701172e+01
   2.1900160e+06   4.1687012e+01
   2.1969140e+06   4.2236328e+01
   2.2133650e+06   5.5419922e+01
   2.2258430e+06   4.5837402e+01
   2.2270580e+06   4.5349121e+01
   2.2431630e+06   4.6875000e+01
   2.2481710e+06   4.5104980e+01
   2.2566290e+06   4.3457031e+01
   2.2632680e+06   4.5349121e+01
   2.2698050e+06   4.4128418e+01
   2.2723250e+06   4.4921875e+01
   2.2732110e+06   4.2175293e+01
   2.3074360e+06   4.1625977e+01
   2.3171710e+06   4.2114258e+01
   2.3430200e+06   4.3029785e+01
   2.3547980e+06   4.3029785e+01
   2.3752580e+06   4.4311523e+01
   2.3793310e+06   4.1564941e+01
   2.3827940e+06   4.5104980e+01
   2.4009720e+06   4.3151855e+01
   2.4072740e+06   4.2358398e+01
   2.4186590e+06   4.2785645e+01
   2.4247300e+06   4.4067383e+01
   2.4349920e+06   4.3151855e+01
   2.4450120e+06   4.1809082e+01
   2.4451120e+06   4.4067383e+01
   2.4453660e+06   4.3945312e+01
   2.4572230e+06   4.2175293e+01
   2.4587130e+06   4.7302246e+01
   2.4634680e+06   4.4250488e+01
   2.4919530e+06   4.5837402e+01
   2.4933500e+06   4.4311523e+01
   2.5005500e+06   4.2968750e+01
   2.5104020e+06   4.2297363e+01
   2.5434690e+06   4.2663574e+01
   2.5675710e+06   4.2968750e+01
   2.5690010e+06   4.2968750e+01
   2.5848080e+06   4.2785645e+01
   2.5891820e+06   4.1992188e+01
   2.5925140e+06   4.4860840e+01
   2.5940680e+06   4.2602539e+01
   2.6075280e+06   4.1564941e+01
   2.6197170e+06   4.3151855e+01
   2.6245500e+06   4.3273926e+01
   2.6791280e+06   4.4372559e+01
   2.6812630e+06   4.3457031e+01
   2.6961310e+06   4.1809082e+01
   2.7185980e+06   4.7912598e+01
   2.7336070e+06   4.4067383e+01
   2.7478230e+06   4.3518066e+01
   2.7496680e+06   4.2175293e+01
   2.7588210e+06   4.2846680e+01
   2.7591690e+06   4.4311523e+01
   2.7656100e+06   4.1931152e+01
   2.7661910e+06   5.0476074e+01
   2.7750320e+06   4.9438477e+01
   2.7797340e+06   4.4067383e+01
   2.7856350e+06   4.1931152e+01
   2.7939820e+06   4.8461914e+01
   2.7995700e+06   4.2663574e+01
   2.8019840e+06   4.3090820e+01
   2.8049610e+06   4.7180176e+01
   2.8076440e+06   4.4799805e+01
   2.8145790e+06   4.1625977e+01
   2.8679700e+06   4.3823242e+01
   2.8702780e+06   4.1931152e+01
   2.8753920e+06   4.2724609e+01
   2.8876090e+06   4.2236328e+01
   2.8921070e+06   4.1564941e+01
   2.8968590e+06   4.2968750e+01
   2.9015890e+06   4.1625977e+01
   2.9116580e+06   4.7973633e+01
   2.9145790e+06   4.1687012e+01
   2.9191940e+06   4.1931152e+01
   2.9344820e+06   4.1931152e+01
   2.9500460e+06   4.1870117e+01
   2.9524410e+06   4.3090820e+01
   2.9538610e+06   4.2175293e+01
   2.9694450e+06   4.3762207e+01
   2.9774390e+06   4.1809082e+01
   2.9777850e+06   4.2724609e+01
   2.9788830e+06   4.3518066e+01
   2.9855280e+06   4.1564941e+01
   2.9946070e+06   4.1931152e+01
   2.9975190e+06   4.3701172e+01
   3.0172240e+06   4.2541504e+01
   3.0249420e+06   5.2307129e+01
   3.0250920e+06   5.2856445e+01
   3.0251680e+06   4.5837402e+01
   3.0252380e+06   4.3273926e+01
   3.0259500e+06   5.2124023e+01
   3.0284750e+06   4.1503906e+01
   3.0457050e+06   4.5104980e+01
   3.0466010e+06   4.3884277e+01
   3.0475880e+06   4.3395996e+01
   3.0497260e+06   4.2663574e+01
   3.0554250e+06   4.3212891e+01
   3.0608270e+06   4.7485352e+01
   3.0677520e+06   4.8767090e+01
   3.0695190e+06   4.5410156e+01
   3.0733630e+06   4.2419434e+01
   3.0753910e+06   4.3640137e+01
   3.0765870e+06   4.5227051e+01
   3.0906610e+06   4.1809082e+01
   3.1049500e+06   5.1391602e+01
   3.1072000e+06   4.7851562e+01
   3.1102160e+06   4.6508789e+01
   3.1107720e+06   4.2541504e+01
   3.1118360e+06   4.1687012e+01
   3.1129480e+06   4.7790527e+01
   3.1471890e+06   4.2053223e+01
   3.1484550e+06   4.2114258e+01
   3.1493490e+06   4.4982910e+01
   3.1497210e+06   4.2175293e+01
   3.1551790e+06   4.5288086e+01
   3.1673670e+06   4.7973633e+01
   3.1763170e+06   4.1931152e+01
   3.1873170e+06   4.3701172e+01
   3.1971990e+06   4.6569824e+01
   3.2220770e+06   4.8095703e+01
   3.2616870e+06   4.2175293e+01
   3.2648870e+06   4.2236328e+01
   3.3069360e+06   4.8156738e+01
   3.3221430e+06   4.6752930e+01
   3.3583110e+06   4.1625977e+01
   3.3618470e+06   4.2602539e+01
   3.3654210e+06   4.1931152e+01
   3.3791890e+06   4.5715332e+01
   3.3933010e+06   4.4677734e+01
   3.4309520e+06   4.2785645e+01
   3.4575610e+06   4.4006348e+01
   3.4598620e+06   4.9316406e+01
   3.4729080e+06   4.1687012e+01
   3.4852630e+06   4.1503906e+01
   3.5048730e+06   4.2419434e+01
   3.5287840e+06   4.1687012e+01
   3.5331110e+06   4.6081543e+01
   3.5381050e+06   4.4433594e+01
   3.5595390e+06   4.5043945e+01
   3.5625910e+06   4.2785645e+01
   3.5748390e+06   4.2663574e+01
   3.5837750e+06   4.5532227e+01
   3.5936080e+06   4.2602539e+01
   3.6098510e+06   4.3640137e+01
   3.6132280e+06   4.2663574e+01
   3.6341840e+06   4.6447754e+01
   3.6508130e+06   4.3884277e+01
   3.6617180e+06   4.2663574e+01
   3.6696860e+06   4.2480469e+01
   3.6759130e+06   4.4799805e+01
   3.6837390e+06   4.2480469e+01
   3.6909040e+06   4.4372559e+01
   3.7351270e+06   4.5837402e+01
   3.7375280e+06   4.1687012e+01
   3.7512660e+06   4.2602539e+01
   3.7542780e+06   4.3640137e+01
   3.7577700e+06   4.3945312e+01
   3.7770290e+06   4.1992188e+01
   3.7825250e+06   4.5471191e+01
   3.7831520e+06   5.0415039e+01
   3.7983700e+06   4.2785645e+01
   3.8051050e+06   4.6997070e+01
   3.8357300e+06   5.3405762e+01
   3.8391810e+06   4.1564941e+01
   3.8402290e+06   4.2968750e+01
   3.8414420e+06   4.4128418e+01
   3.8475220e+06   4.4860840e+01
   3.8591260e+06   4.4189453e+01
   3.8599530e+06   4.2419434e+01
   3.8965550e+06   4.3579102e+01
   3.9003440e+06   4.3457031e+01
   3.9067600e+06   4.3701172e+01
   3.9121040e+06   4.1870117e+01
   3.9125620e+06   4.5043945e+01
   3.9128430e+06   4.4494629e+01
   3.9129690e+06   4.1687012e+01
   3.9130100e+06   4.9804688e+01
   3.9131600e+06   5.0903320e+01
   3.9134010e+06   4.3273926e+01
   3.9234560e+06   4.2846680e+01
   3.9298160e+06   4.4921875e+01
   3.9348710e+06   4.1931152e+01
   3.9455740e+06   4.1992188e+01
   3.9459510e+06   4.3701172e+01
   3.9503210e+06   4.5532227e+01
   3.9577700e+06   4.3579102e+01
   3.9614800e+06   4.8583984e+01
   3.9686970e+06   4.1931152e+01
   3.9699080e+06   4.7058105e+01
   3.9702710e+06   4.3457031e+01
   3.9722660e+06   4.4006348e+01
   3.9988960e+06   4.4738770e+01
   4.0058540e+06   4.2907715e+01
   4.0236350e+06   4.4555664e+01
   4.0425990e+06   4.2297363e+01
   4.0443080e+06   4.2785645e+01
   4.0468770e+06   4.2358398e+01
   4.0558770e+06   4.7241211e+01
   4.0670670e+06   4.3640137e+01
   4.0787800e+06   4.4738770e+01
   4.0946140e+06   4.2114258e+01
   4.0971520e+06   4.2724609e+01
   4.1295190e+06   4.2114258e+01
   4.1338570e+06   4.2053223e+01
   4.1439870e+06   4.1503906e+01
   4.1485930e+06   4.7302246e+01
   4.1513870e+06   4.2480469e+01
   4.1743760e+06   4.5837402e+01
   4.1837080e+06   4.2053223e+01
   4.1919170e+06   4.1687012e+01
   4.1976870e+06   4.4738770e+01
   4.1996680e+06   4.1809082e+01
   4.2151250e+06   4.1870117e+01
   4.2487490e+06   4.2785645e+01
   4.2554400e+06   4.3701172e+01
   4.2561450e+06   4.3457031e+01
   4.2631770e+06   4.1870117e+01
   4.2796920e+06   4.3273926e+01
   4.2858200e+06   4.3090820e+01
   4.2882060e+06   4.5471191e+01
   4.2897010e+06   4.1503906e+01
   4.2909890e+06   4.5166016e+01
   4.2934650e+06   4.6875000e+01
   4.3001360e+06   4.2846680e+01
   4.3230200e+06   4.8034668e+01
   4.3268550e+06   4.1931152e+01
   4.3320620e+06   4.4799805e+01
   4.3444110e+06   4.3029785e+01
   4.3530450e+06   4.3518066e+01
   4.3650310e+06   4.6630859e+01
   4.3682150e+06   4.3518066e+01
   4.3698930e+06   4.3884277e+01
   4.3788970e+06   4.4494629e+01
   4.3876620e+06   4.2785645e+01
   4.4000150e+06   4.4372559e+01
   4.4088380e+06   4.1564941e+01
   4.4142540e+06   4.3273926e+01
   4.4221340e+06   4.4128418e+01
   4.4378350e+06   4.3395996e+01
   4.4505620e+06   4.1809082e+01
   4.4529270e+06   4.2968750e+01
   4.4604560e+06   4.6936035e+01
   4.4616240e+06   4.2175293e+01
   4.4632400e+06   4.4494629e+01
   4.4656820e+06   4.4860840e+01
   4.4698100e+06   5.5297852e+01
   4.4736840e+06   4.3884277e+01
   4.4752870e+06   4.3457031e+01
   4.4805700e+06   4.7546387e+01
   4.4885270e+06   4.5166016e+01
   4.5106310e+06   4.6875000e+01
   4.5149450e+06   4.2419434e+01
   4.5187480e+06   4.6020508e+01
   4.5196960e+06   4.8034668e+01
   4.5283510e+06   4.1870117e+01
   4.5413230e+06   4.5593262e+01
   4.5517940e+06   4.2175293e+01
   4.5633560e+06   4.3945312e+01
   4.5844700e+06   4.5837402e+01
   4.5875420e+06   4.2480469e+01
   4.5987510e+06   4.1687012e+01
   4.6051320e+06   4.8217773e+01
   4.6143390e+06   4.2053223e+01
   4.6169610e+06   5.0903320e+01
   4.6172950e+06   4.2175293e+01
   4.6175750e+06   4.3762207e+01
   4.6176510e+06   5.2062988e+01
   4.6178790e+06   4.4738770e+01
   4.6185020e+06   4.4128418e+01
   4.6360160e+06   5.1696777e+01
   4.6390520e+06   4.5349121e+01
   4.6411170e+06   4.3029785e+01
   4.6414100e+06   4.7302246e+01
   4.6416330e+06   4.3823242e+01
   4.6419500e+06   4.5715332e+01
   4.6426770e+06   4.2541504e+01
   4.6430180e+06   4.5166016e+01
   4.6488130e+06   4.3395996e+01
   4.6540500e+06   5.2368164e+01
   4.6543870e+06   4.1564941e+01
   4.6671150e+06   4.8889160e+01
   4.6794470e+06   4.1748047e+01
   4.6823250e+06   4.3334961e+01
   4.6824510e+06   4.4006348e+01
   4.6826950e+06   5.5480957e+01
   4.6831290e+06   4.2297363e+01
   4.6832360e+06   4.3395996e+01
   4.6853430e+06   4.2968750e+01
   4.6988040e+06   4.3212891e+01
   4.7036230e+06   4.3029785e+01
   4.7136760e+06   4.2480469e+01
   4.7160250e+06   4.4189453e+01
   4.7166130e+06   4.4799805e+01
   4.7172500e+06   4.9682617e+01
   4.7253490e+06   4.5288086e+01
   4.7374820e+06   5.2612305e+01
   4.7380850e+06   4.2663574e+01
   4.7490100e+06   4.4555664e+01
   4.7491570e+06   4.1625977e+01
   4.7549620e+06   4.1870117e+01
   4.7871940e+06   4.4250488e+01
   4.7986650e+06   4.2419434e+01
   4.8263600e+06   4.2785645e+01
   4.8294030e+06   4.4921875e+01
   4.8546140e+06   4.5227051e+01
   4.8642850e+06   4.1625977e+01
   4.8775480e+06   4.3457031e+01
   4.8804720e+06   4.2480469e+01
   4.9044540e+06   4.2297363e+01
   4.9082090e+06   4.3090820e+01
   4.9199430e+06   4.4799805e+01
   4.9397640e+06   4.1503906e+01
   4.9464110e+06   4.6569824e+01
   4.9586090e+06   4.1870117e+01
   5.0018030e+06   4.3579102e+01
   5.0041480e+06   4.7546387e+01
   5.0174180e+06   4.5104980e+01
   5.0540360e+06   4.2846680e+01
   5.0632400e+06   4.2907715e+01
   5.0680410e+06   4.1625977e+01
   5.0825730e+06   5.0415039e+01
   5.0891400e+06   4.2724609e+01
   5.0903040e+06   4.3884277e+01
   5.0986110e+06   4.2907715e+01
   5.1095730e+06   4.3395996e+01
   5.1134000e+06   4.2236328e+01
   5.1211400e+06   4.1809082e+01
   5.1330200e+06   4.3762207e+01
   5.1476840e+06   4.3518066e+01
   5.1493800e+06   4.2785645e+01
   5.1512560e+06   4.5349121e+01
   5.1602890e+06   4.1625977e+01
   5.1730810e+06   4.1503906e+01
   5.1732350e+06   4.6142578e+01
   5.1829430e+06   4.3212891e+01
   5.1874010e+06   4.3457031e+01
   5.1964040e+06   4.5959473e+01
   5.2061620e+06   4.1625977e+01
   5.2114330e+06   4.2602539e+01
   5.2149200e+06   4.3395996e+01
   5.2192090e+06   4.2907715e+01
   5.2206780e+06   4.2663574e+01
   5.2313730e+06   4.2785645e+01
   5.2605720e+06   4.3273926e+01
   5.2788950e+06   4.6508789e+01
   5.2798910e+06   4.1687012e+01
   5.2917250e+06   4.6081543e+01
   5.3062260e+06   4.8339844e+01
   5.3214870e+06   4.5349121e+01
   5.3317110e+06   4.5043945e+01
   5.3373660e+06   4.2480469e+01
   5.3410690e+06   4.3518066e+01
   5.3449590e+06   4.4128418e+01
   5.3466570e+06   4.1503906e+01
   5.3506530e+06   4.7546387e+01
   5.3526800e+06   4.5410156e+01
   5.3730490e+06   4.6264648e+01
   5.3946820e+06   4.2968750e+01
   5.4031930e+06   5.3344727e+01
   5.4114850e+06   4.1870117e+01
   5.4462680e+06   4.2724609e+01
   5.4481150e+06   4.4616699e+01
   5.4560450e+06   4.2236328e+01
   5.4724850e+06   4.1748047e+01
   5.4732880e+06   4.1748047e+01
   5.4834130e+06   4.4433594e+01
   5.5165480e+06   4.5776367e+01
   5.5198500e+06   4.1503906e+01
   5.5217840e+06   4.3640137e+01
   5.5324110e+06   4.4372559e+01
   5.5360320e+06   4.4067383e+01
   5.5477510e+06   4.2785645e+01
   5.5602640e+06   4.2968750e+01
   5.5669160e+06   4.2297363e+01
   5.5690820e+06   4.7912598e+01
   5.5699350e+06   4.4555664e+01
   5.5759530e+06   4.2663574e+01
   5.6056730e+06   4.3823242e+01
   5.6139300e+06   4.2236328e+01
   5.6146490e+06   4.9011230e+01
   5.6173830e+06   4.1809082e+01
   5.6274660e+06   4.1625977e+01
   5.6328780e+06   4.6081543e+01
   5.6383520e+06   4.1809082e+01
   5.6537500e+06   4.4372559e+01
   5.6559500e+06   4.2297363e+01
   5.6572740e+06   4.2297363e+01
   5.6630530e+06   4.2968750e+01
   5.6649830e+06   4.1809082e+01
   5.6682500e+06   4.6875000e+01
   5.6685250e+06   4.4799805e+01
   5.6689170e+06   4.5837402e+01
   5.6858560e+06   4.7485352e+01
   5.6912560e+06   4.1931152e+01
   5.6934910e+06   4.4616699e+01
   5.7055380e+06   4.3823242e+01
   5.7128670e+06   4.3151855e+01
   5.7142440e+06   4.3518066e+01
   5.7149220e+06   4.6752930e+01
   5.7175370e+06   4.3029785e+01
   5.7184730e+06   4.2541504e+01
   5.7195710e+06   4.2480469e+01
   5.7196380e+06   4.9926758e+01
   5.7204110e+06   4.3395996e+01
   5.7277780e+06   4.3945312e+01
   5.7358550e+06   4.2297363e+01
   5.7456630e+06   4.3518066e+01
   5.7474500e+06   4.5104980e+01
   5.7500790e+06   4.5959473e+01
   5.7655990e+06   4.2541504e+01
   5.7784520e+06   4.2053223e+01
   5.7826060e+06   4.4433594e+01
   5.7836830e+06   4.7973633e+01
   5.7896090e+06   4.2053223e+01
   5.8048760e+06   4.4677734e+01
   5.8100110e+06   4.2175293e+01
   5.8188350e+06   4.5104980e+01
   5.8299190e+06   4.1503906e+01
   5.8306210e+06   4.8645020e+01
   5.8309560e+06   4.5227051e+01
   5.8311930e+06   4.2114258e+01
   5.8315570e+06   4.4372559e+01
   5.8447520e+06   4.2724609e+01
   5.8526030e+06   4.2297363e+01
   5.8570580e+06   4.2968750e+01
   5.8593460e+06   4.2358398e+01
   5.8678240e+06   4.3273926e+01
   5.9076550e+06   5.0537109e+01
   5.9269520e+06   5.2612305e+01
   5.9322950e+06   4.2541504e+01
   5.9420730e+06   4.2663574e+01
   5.9682450e+06   4.3762207e+01
   5.9850110e+06   4.2114258e+01
   5.9874330e+06   4.7729492e+01
   5.9894270e+06   4.6691895e+01
   5.9894870e+06   4.2663574e+01
   5.9975830e+06   4.3457031e+01
   6.0034290e+06   4.9072266e+01
   6.0148900e+06   4.2114258e+01
   6.0222020e+06   4.8156738e+01
   6.0323280e+06   4.1809082e+01
   6.0565760e+06   4.1931152e+01
   6.0662390e+06   4.4616699e+01
   6.0702770e+06   4.1992188e+01
   6.0738930e+06   4.2175293e+01
   6.1145040e+06   4.6325684e+01
   6.1394180e+06   4.5104980e+01
   6.1396330e+06   4.4982910e+01
   6.1431170e+06   4.3640137e+01
   6.1552060e+06   4.2724609e+01
   6.1575640e+06   4.5288086e+01
   6.1809640e+06   4.2907715e+01
   6.1830510e+06   4.1809082e+01
   6.1871790e+06   4.8400879e+01
   6.1933900e+06   4.1503906e+01
   6.1949690e+06   4.6081543e+01
   6.2009840e+06   4.2907715e+01
   6.2214790e+06   4.3884277e+01
   6.2273440e+06   4.4128418e+01
   6.2421490e+06   4.1625977e+01
   6.2426120e+06   4.6020508e+01
   6.2512660e+06   4.3151855e+01
   6.2526720e+06   4.2419434e+01
   6.2603890e+06   4.2968750e+01
   6.2673640e+06   4.4738770e+01
   6.2754190e+06   4.1564941e+01
   6.2780520e+06   4.8461914e+01
   6.3098710e+06   5.1269531e+01
   6.3177090e+06   4.3518066e+01
   6.3183010e+06   4.4128418e+01
   6.3286450e+06   5.0292969e+01
   6.3306500e+06   4.6386719e+01
   6.3730940e+06   4.2053223e+01
   6.3787740e+06   4.4128418e+01
   6.3857320e+06   4.2724609e+01
   6.4082720e+06   4.2602539e+01
   6.4258440e+06   4.1931152e+01
   6.4323840e+06   4.3273926e+01
   6.4486670e+06   4.2602539e+01
   6.4574710e+06   4.1748047e+01
   6.4581150e+06   4.5471191e+01
   6.4583470e+06   4.7546387e+01
   6.4585700e+06   4.5349121e+01
   6.4586640e+06   4.2053223e+01
   6.4587540e+06   4.7180176e+01
   6.4588100e+06   4.6508789e+01
   6.4592240e+06   4.5593262e+01
   6.4616700e+06   4.1503906e+01
   6.4736180e+06   4.5349121e+01
   6.4775810e+06   4.1931152e+01
   6.4794100e+06   4.4799805e+01
   6.4795840e+06   4.5654297e+01
   6.4798810e+06   4.9743652e+01
   6.4799220e+06   4.9255371e+01
   6.4937170e+06   4.1870117e+01
   6.4958470e+06   4.1625977e+01
   6.4960790e+06   4.3762207e+01
   6.4975400e+06   4.3701172e+01
   6.5025170e+06   4.4555664e+01
   6.5025470e+06   4.2785645e+01
   6.5095030e+06   5.0109863e+01
   6.5352100e+06   4.1564941e+01
   6.5371120e+06   4.3884277e+01
   6.5429610e+06   4.2968750e+01
   6.5527060e+06   4.5593262e+01
   6.5547030e+06   4.7119141e+01
   6.5737430e+06   4.8156738e+01
   6.5795730e+06   4.2541504e+01
   6.6469580e+06   4.2297363e+01
   6.6593980e+06   4.6569824e+01
   6.6622640e+06   4.4677734e+01
   6.6783640e+06   4.6020508e+01
   6.7054160e+06   4.3884277e+01
   6.7114060e+06   4.3151855e+01
   6.7197570e+06   4.3212891e+01
   6.7354750e+06   4.5349121e+01
   6.7390170e+06   4.1992188e+01
   6.7444700e+06   4.2846680e+01
   6.7495270e+06   4.2968750e+01
   6.7649490e+06   4.3457031e+01
   6.7683110e+06   5.1879883e+01
   6.7716870e+06   4.2663574e+01
   6.7835460e+06   4.2236328e+01
   6.7911530e+06   4.2236328e+01
   6.7950370e+06   4.2663574e+01
   6.8017530e+06   4.3029785e+01
   6.8172850e+06   4.2175293e+01
   6.8328080e+06   4.1809082e+01
   6.8346970e+06   4.2602539e+01
   6.8359890e+06   4.5532227e+01
   6.8437180e+06   4.9743652e+01
   6.8437850e+06   4.9743652e+01
   6.8550380e+06   4.8461914e+01
   6.8581160e+06   4.3334961e+01
   6.8627360e+06   4.6020508e+01
   6.9029700e+06   4.1564941e+01
   6.9198000e+06   4.2297363e+01
   6.9339660e+06   5.1147461e+01
   6.9370000e+06   4.3640137e+01
   6.9505570e+06   4.2785645e+01
   6.9530820e+06   4.2907715e+01
   6.9550950e+06   4.4250488e+01
   6.9574500e+06   4.4433594e+01
   6.9682190e+06   4.6203613e+01
   6.9777030e+06   4.9926758e+01
   6.9936730e+06   4.1503906e+01
   7.0024660e+06   4.2419434e+01
   7.0235360e+06   4.5654297e+01
   7.0267270e+06   4.6142578e+01
   7.0272190e+06   5.6823730e+01
   7.0274250e+06   4.3640137e+01
   7.0275220e+06   4.4311523e+01
   7.0276640e+06   4.4067383e+01
   7.0643200e+06   4.4189453e+01
   7.0652900e+06   5.2429199e+01
   7.0656130e+06   5.0415039e+01
   7.0658420e+06   4.5898438e+01
   7.0658940e+06   4.5471191e+01
   7.0659260e+06   5.0170898e+01
   7.0661120e+06   4.2297363e+01
   7.0662110e+06   4.3701172e+01
   7.0681150e+06   4.4006348e+01
   7.0805000e+06   4.4433594e+01
   7.0830850e+06   4.3029785e+01
   7.0845610e+06   4.2480469e+01
   7.0876790e+06   4.4006348e+01
   7.0887380e+06   4.5654297e+01
   7.0889800e+06   4.7180176e+01
   7.0890230e+06   5.4016113e+01
   7.0893530e+06   4.1809082e+01
   7.0901230e+06   4.7546387e+01
   7.0976550e+06   4.6447754e+01
   7.1021890e+06   4.4067383e+01
   7.1040780e+06   4.5593262e+01
   7.1046250e+06   4.1625977e+01
   7.1118480e+06   4.1748047e+01
   7.1162140e+06   4.8950195e+01
   7.1171470e+06   4.1748047e+01
   7.1171770e+06   4.5837402e+01
   7.1174610e+06   4.1931152e+01
   7.1184290e+06   4.4799805e+01
   7.1194890e+06   4.5349121e+01
   7.1207060e+06   4.4616699e+01
   7.1213000e+06   4.8034668e+01
   7.1471500e+06   4.1870117e+01
   7.1779560e+06   4.4250488e+01
   7.1972970e+06   4.2602539e+01
   7.2060430e+06   4.2297363e+01
   7.2072600e+06   4.5593262e+01
   7.2088800e+06   4.1992188e+01
   7.2174220e+06   4.4006348e+01
   7.2198030e+06   4.1687012e+01
   7.2276570e+06   4.1503906e+01
   7.2301170e+06   4.5593262e+01
   7.2407810e+06   4.2053223e+01
   7.2421710e+06   4.8828125e+01
   7.2460700e+06   4.5043945e+01
   7.2511400e+06   4.4433594e+01
   7.2658340e+06   4.6997070e+01
   7.2903560e+06   4.3823242e+01
   7.3088630e+06   4.4921875e+01
   7.3152480e+06   4.4372559e+01
   7.3182420e+06   4.3395996e+01
   7.3210700e+06   4.2175293e+01
   7.3255140e+06   4.3640137e+01
   7.3302810e+06   4.2541504e+01
   7.3399650e+06   4.5104980e+01
   7.3602710e+06   4.5104980e+01
   7.3719180e+06   4.3090820e+01
   7.3837480e+06   4.1564941e+01
   7.4292010e+06   4.6264648e+01
   7.4398750e+06   4.9255371e+01
   7.4508360e+06   4.1564941e+01
   7.4559740e+06   4.2663574e+01
   7.4669000e+06   4.3579102e+01
   7.4711210e+06   5.1330566e+01
   7.4837940e+06   4.4982910e+01
   7.4896420e+06   4.1870117e+01
   7.5012880e+06   4.1870117e+01
   7.5090290e+06   4.5043945e+01
   7.5218360e+06   4.5959473e+01
   7.5348220e+06   4.3640137e+01
   7.5467120e+06   4.1748047e+01
   7.5526050e+06   4.1809082e+01
   7.5539230e+06   4.9560547e+01
   7.5657250e+06   4.4616699e+01
   7.5714710e+06   4.2114258e+01
   7.5827090e+06   4.2175293e+01
   7.5876290e+06   4.5227051e+01
   7.5913250e+06   4.1687012e+01
   7.5968560e+06   4.3334961e+01
   7.6005520e+06   4.4372559e+01
   7.6042200e+06   4.1992188e+01
   7.6119310e+06   4.1564941e+01
   7.6253720e+06   4.1503906e+01
   7.6292210e+06   4.6447754e+01
   7.6355420e+06   4.9072266e+01
   7.6364900e+06   4.2419434e+01
   7.6421720e+06   4.3701172e+01
   7.6529250e+06   4.3823242e+01
   7.6540010e+06   4.3395996e+01
   7.6560440e+06   4.8828125e+01
   7.6665160e+06   4.2907715e+01
   7.6693670e+06   4.3334961e+01
   7.6971060e+06   4.4738770e+01
   7.7070530e+06   5.3161621e+01
   7.7174000e+06   4.5593262e+01
   7.7210190e+06   4.2480469e+01
   7.7211240e+06   4.6813965e+01
   7.7211660e+06   6.3659668e+01
   7.7211980e+06   4.1931152e+01
   7.7213870e+06   4.3579102e+01
   7.7214460e+06   4.7363281e+01
   7.7214960e+06   4.2114258e+01
   7.7218370e+06   5.4748535e+01
   7.7221300e+06   4.1748047e+01
   7.7238450e+06   4.4677734e+01
   7.7365390e+06   4.1748047e+01
   7.7425840e+06   4.1992188e+01
   7.7433340e+06   4.3579102e+01
   7.7441530e+06   4.1809082e+01
   7.7449560e+06   4.2724609e+01
   7.7452480e+06   4.5349121e+01
   7.7481900e+06   4.3579102e+01
   7.7566260e+06   4.3823242e+01
   7.7578150e+06   4.2236328e+01
   7.7610080e+06   4.3151855e+01
   7.7614590e+06   4.2724609e+01
   7.7621030e+06   4.2419434e+01
   7.7629310e+06   4.3090820e+01
   7.7645680e+06   4.3701172e+01
   7.7666550e+06   4.4433594e+01
   7.7731220e+06   4.7119141e+01
   7.7851100e+06   4.5898438e+01
   7.7868800e+06   4.1748047e+01
   7.7918630e+06   4.2297363e+01
   7.7929210e+06   4.2968750e+01
   7.7953720e+06   4.5715332e+01
   7.8083250e+06   4.3945312e+01
   7.8103840e+06   4.4372559e+01
   7.8165900e+06   4.5776367e+01
   7.8372870e+06   4.2907715e+01
   7.8460860e+06   4.4128418e+01
   7.8571540e+06   4.8767090e+01
   7.8697290e+06   4.2114258e+01
   7.8863570e+06   5.1574707e+01
   7.8985890e+06   4.4677734e+01
   7.9002780e+06   4.3090820e+01
   7.9103260e+06   4.3640137e+01
   7.9152340e+06   4.2236328e+01
   7.9211010e+06   4.4860840e+01
   7.9327310e+06   4.1564941e+01
   7.9341370e+06   4.2968750e+01
   7.9397130e+06   4.3212891e+01
   7.9684490e+06   4.2724609e+01
   7.9765420e+06   4.4677734e+01
   7.9819100e+06   4.8950195e+01
   7.9955830e+06   4.2724609e+01
   8.0174160e+06   4.3701172e+01
   8.0192930e+06   4.8522949e+01
   8.0430300e+06   4.1870117e+01
   8.0606450e+06   4.2663574e+01
   8.0703370e+06   4.2785645e+01
   8.0755240e+06   4.7241211e+01
   8.0793820e+06   4.4128418e+01
   8.0833930e+06   4.4250488e+01
   8.0878960e+06   4.2358398e+01
   8.0887760e+06   4.3457031e+01
   8.0993600e+06   4.1687012e+01
   8.1204420e+06   4.1809082e+01
   8.1211580e+06   4.3151855e+01
   8.1252090e+06   4.5532227e+01
   8.1262250e+06   4.1564941e+01
   8.1285310e+06   4.2358398e+01
   8.1495500e+06   4.6264648e+01
   8.1516770e+06   4.7119141e+01
   8.1543670e+06   4.1625977e+01
   8.1771760e+06   4.2236328e+01
   8.1792870e+06   4.3945312e+01
   8.1853330e+06   4.6691895e+01
   8.1970730e+06   4.3457031e+01
   8.2062650e+06   4.3762207e+01
   8.2075030e+06   4.4006348e+01
   8.2407970e+06   4.4189453e+01
   8.2439260e+06   4.2602539e+01
   8.2530460e+06   4.2907715e+01
   8.2573780e+06   4.2480469e+01
   8.2646510e+06   4.3029785e+01
   8.2670300e+06   4.5288086e+01
   8.2687660e+06   4.2114258e+01
   8.2697200e+06   4.4616699e+01
   8.2749320e+06   5.1452637e+01
   8.2855900e+06   4.2419434e+01
   8.2883490e+06   4.1503906e+01
   8.2927170e+06   4.2358398e+01
   8.2958920e+06   4.6264648e+01
   8.3001670e+06   4.1625977e+01
   8.3031930e+06   4.7546387e+01
   8.3068760e+06   4.1503906e+01
   8.3131690e+06   4.4433594e+01
   8.3232670e+06   4.3701172e+01
   8.3341160e+06   4.4433594e+01
   8.3407520e+06   4.1870117e+01
   8.3486970e+06   4.3823242e+01
   8.3573610e+06   4.1809082e+01
   8.3642590e+06   4.7668457e+01
   8.3655120e+06   4.5288086e+01
   8.3879950e+06   4.4250488e+01
   8.3980730e+06   5.0720215e+01
   8.4018910e+06   4.1809082e+01
   8.4020940e+06   5.0964355e+01
   8.4195720e+06   4.1625977e+01
   8.4227960e+06   4.2724609e+01
   8.4250490e+06   4.1870117e+01
   8.4306020e+06   4.6997070e+01
   8.4371260e+06   4.5593262e+01
   8.4407790e+06   4.2602539e+01
   8.4428050e+06   5.1513672e+01
   8.4478940e+06   4.1564941e+01
   8.4602460e+06   4.5898438e+01
   8.4734870e+06   4.5349121e+01
   8.4759570e+06   4.1870117e+01
   8.4772130e+06   4.5715332e+01
   8.4858630e+06   4.7851562e+01
   8.4962510e+06   4.6447754e+01
   8.5057080e+06   4.9316406e+01
   8.5081710e+06   4.2724609e+01
   8.5145350e+06   4.2785645e+01
   8.5186870e+06   4.2358398e+01
   8.5189100e+06   5.0231934e+01
   8.5191620e+06   5.2429199e+01
   8.5192530e+06   4.7119141e+01
   8.5195950e+06   4.2175293e+01
   8.5203770e+06   4.3457031e+01
   8.5206710e+06   4.3273926e+01
   8.5279420e+06   4.3701172e+01
   8.5316860e+06   4.5043945e+01
   8.5356910e+06   4.2114258e+01
   8.5365570e+06   4.2663574e+01
   8.5413020e+06   5.3833008e+01
   8.5418290e+06   4.4067383e+01
   8.5420890e+06   4.5837402e+01
   8.5421170e+06   5.6152344e+01
   8.5423300e+06   4.1625977e+01
   8.5424290e+06   5.0354004e+01
   8.5432000e+06   6.1157227e+01
   8.5443550e+06   4.1687012e+01
   8.5510650e+06   4.6447754e+01
   8.5539910e+06   4.2907715e+01
   8.5566440e+06   4.8095703e+01
   8.5571870e+06   4.1870117e+01
   8.5632430e+06   4.3273926e+01
   8.5637050e+06   4.1748047e+01
   8.5661470e+06   5.1513672e+01
   8.5772120e+06   4.2297363e+01
   8.5893380e+06   4.6264648e+01
   8.5919160e+06   4.5471191e+01
   8.5922250e+06   4.1687012e+01
   8.5933940e+06   4.3029785e+01
   8.5948490e+06   4.6325684e+01
   8.6101050e+06   4.2663574e+01
   8.6150330e+06   4.4677734e+01
   8.6181400e+06   4.5654297e+01
   8.6235330e+06   4.3029785e+01
   8.6265070e+06   4.4311523e+01
   8.6280520e+06   4.5654297e+01
   8.6287070e+06   4.5654297e+01
   8.6293480e+06   4.2297363e+01
   8.6295620e+06   4.1992188e+01
   8.6299020e+06   5.7373047e+01
   8.6302660e+06   4.9438477e+01
   8.6310830e+06   4.4677734e+01
   8.6315290e+06   4.6630859e+01
   8.6386490e+06   4.4982910e+01
   8.6432010e+06   4.3823242e+01
   8.6462430e+06   4.2846680e+01
   8.6712170e+06   4.2480469e+01
   8.6792090e+06   4.4677734e+01
   8.6866530e+06   4.1564941e+01
   8.6927540e+06   4.2480469e+01
   8.7000670e+06   4.2236328e+01
   8.7042730e+06   4.4189453e+01
   8.7166250e+06   4.2968750e+01
   8.7258820e+06   4.8278809e+01
   8.7292660e+06   4.2053223e+01
   8.7428920e+06   4.4006348e+01
   8.7478470e+06   4.3334961e+01
   8.7518350e+06   4.4494629e+01
   8.7541350e+06   4.2480469e+01
   8.7629530e+06   4.5288086e+01
   8.7643300e+06   4.3273926e+01
   8.7699810e+06   4.2053223e+01
   8.7901090e+06   4.4250488e+01
   8.7954400e+06   4.2419434e+01
   8.7974940e+06   4.3029785e+01
   8.8014690e+06   4.3395996e+01
   8.8121800e+06   4.4372559e+01
   8.8133050e+06   4.5043945e+01
   8.8288160e+06   4.4616699e+01
   8.8381200e+06   4.8156738e+01
   8.8463900e+06   4.1564941e+01
   8.8565350e+06   4.2053223e+01
   8.8748350e+06   4.1809082e+01
   8.8952390e+06   4.6752930e+01
   8.8997540e+06   4.1870117e+01
   8.9017920e+06   4.1687012e+01
   8.9078880e+06   4.2968750e+01
   8.9101000e+06   4.4311523e+01
   8.9144920e+06   4.2175293e+01
   8.9167880e+06   4.6997070e+01
   8.9202730e+06   4.7912598e+01
   8.9274360e+06   4.1870117e+01
   8.9356000e+06   4.1564941e+01
   8.9389990e+06   4.9438477e+01
   8.9471140e+06   4.4372559e+01
   8.9513890e+06   4.3823242e+01
   8.9545190e+06   4.2907715e+01
   8.9609200e+06   4.2175293e+01
   8.9686110e+06   4.2602539e+01
   8.9795210e+06   4.2785645e+01
   8.9819850e+06   4.5837402e+01
   8.9877920e+06   4.6203613e+01
   8.9922070e+06   4.2358398e+01
   8.9941230e+06   4.7119141e+01
