   8.9990000e+06   0.0000000e+00
   2.3101000e+04   5.2490234e+01
   3.9688000e+04   4.4555664e+01
   3.9788000e+04   4.5776367e+01
   3.9940000e+04   4.4799805e+01
   4.0387000e+04   5.3588867e+01
   6.9400000e+04   4.6020508e+01
   1.0219000e+05   4.4494629e+01
   1.0998500e+05   4.3762207e+01
   1.3738500e+05   4.6325684e+01
   1.4912100e+05   4.4372559e+01
   2.7702800e+05   4.5410156e+01
   4.5607000e+05   5.2795410e+01
   5.6369500e+05   4.5288086e+01
   5.7170600e+05   4.4860840e+01
   6.4077000e+05   4.5715332e+01
   6.4106000e+05   4.9926758e+01
   6.4113200e+05   5.1696777e+01
   6.4164700e+05   4.8767090e+01
   6.6130000e+05   4.4860840e+01
   6.6843600e+05   4.5837402e+01
   6.6905300e+05   5.3955078e+01
   6.7012800e+05   4.6203613e+01
   7.0731600e+05   4.5654297e+01
   7.1302600e+05   6.3598633e+01
   7.1327000e+05   4.5654297e+01
   7.1377000e+05   4.5166016e+01
   7.1397500e+05   4.6020508e+01
   7.1412300e+05   5.5236816e+01
   7.1421400e+05   4.3701172e+01
   7.1570700e+05   4.6752930e+01
   7.5412100e+05   5.1025391e+01
   7.9483200e+05   4.5593262e+01
   8.4586700e+05   4.4006348e+01
   8.5803000e+05   4.4616699e+01
   8.8864500e+05   4.5959473e+01
   9.6092600e+05   4.7363281e+01
   9.7067200e+05   4.4799805e+01
   1.1076700e+06   4.8034668e+01
   1.3570610e+06   4.5715332e+01
   1.3963780e+06   4.4372559e+01
   1.4065060e+06   5.5664062e+01
   1.4066000e+06   5.4260254e+01
   1.4067950e+06   4.6997070e+01
   1.4078260e+06   4.4006348e+01
   1.4105860e+06   4.5349121e+01
   1.4387980e+06   4.5043945e+01
   1.4465590e+06   4.4982910e+01
   1.4634560e+06   4.4494629e+01
   1.4941830e+06   4.3945312e+01
   1.4943300e+06   4.9438477e+01
   1.4952710e+06   4.4677734e+01
   1.6455840e+06   4.5410156e+01
   1.6628780e+06   4.4738770e+01
   1.8479020e+06   4.3884277e+01
   1.8676400e+06   4.4982910e+01
   1.8774720e+06   4.3823242e+01
   1.9160160e+06   4.4311523e+01
   1.9266710e+06   4.4372559e+01
   2.0019490e+06   4.5898438e+01
   2.0193520e+06   4.5593262e+01
   2.0366570e+06   4.3701172e+01
   2.0921730e+06   4.4799805e+01
   2.1059160e+06   4.3762207e+01
   2.1412240e+06   6.2500000e+01
   2.1412680e+06   4.8034668e+01
   2.1414620e+06   4.6386719e+01
   2.1415540e+06   4.4982910e+01
   2.1417360e+06   4.4738770e+01
   2.1427850e+06   4.4555664e+01
   2.1616470e+06   4.3701172e+01
   2.1625860e+06   5.4382324e+01
   2.1631380e+06   4.9438477e+01
   2.1953730e+06   4.9377441e+01
   2.2179980e+06   4.4860840e+01
   2.2257020e+06   4.3701172e+01
   2.2262950e+06   5.1635742e+01
   2.2268460e+06   4.6813965e+01
   2.2277720e+06   4.4799805e+01
   2.3156240e+06   5.0231934e+01
   2.3538470e+06   4.5715332e+01
   2.6045160e+06   4.4738770e+01
   2.6211580e+06   4.3762207e+01
   2.6547150e+06   4.4738770e+01
   2.7335160e+06   4.4067383e+01
   2.8148750e+06   4.5043945e+01
   2.8290990e+06   5.0964355e+01
   2.8652910e+06   5.2368164e+01
   2.9495120e+06   4.5288086e+01
   3.0246590e+06   5.5725098e+01
   3.0248000e+06   4.4860840e+01
   3.0248850e+06   5.1147461e+01
   3.0250460e+06   5.5175781e+01
   3.0251550e+06   5.4870605e+01
   3.0252530e+06   4.5227051e+01
   3.0253120e+06   4.4250488e+01
   3.0254800e+06   4.8400879e+01
   3.0257040e+06   4.4494629e+01
   3.0257380e+06   4.9743652e+01
   3.0466290e+06   4.7180176e+01
   3.0474180e+06   5.4931641e+01
   3.0526570e+06   4.5166016e+01
   3.0583080e+06   4.5288086e+01
   3.0691850e+06   4.4067383e+01
   3.0962060e+06   4.5227051e+01
   3.1094400e+06   4.3823242e+01
   3.1097530e+06   5.4321289e+01
   3.1098770e+06   4.7302246e+01
   3.1155290e+06   4.4311523e+01
   3.1161180e+06   4.3823242e+01
   3.4013760e+06   4.8889160e+01
   3.4867250e+06   4.4311523e+01
   3.7066570e+06   4.3884277e+01
   3.7125810e+06   5.1757813e+01
   3.8072080e+06   4.3884277e+01
   3.9113660e+06   4.7119141e+01
   3.9127310e+06   5.5786133e+01
   3.9128150e+06   4.6386719e+01
   3.9131350e+06   4.4128418e+01
   3.9131570e+06   5.1940918e+01
   3.9132040e+06   5.4504395e+01
   3.9133010e+06   5.0292969e+01
   3.9133270e+06   4.4250488e+01
   3.9134170e+06   4.5654297e+01
   3.9141350e+06   4.4860840e+01
   3.9154460e+06   4.6813965e+01
   3.9348580e+06   4.7973633e+01
   3.9350650e+06   4.8583984e+01
   3.9357770e+06   4.8950195e+01
   3.9365280e+06   5.1147461e+01
   3.9698190e+06   5.0048828e+01
   4.0018700e+06   4.6691895e+01
   4.0024120e+06   4.6081543e+01
   4.0026330e+06   4.7180176e+01
   4.0028060e+06   5.0903320e+01
   4.1899340e+06   4.3945312e+01
   4.3837670e+06   4.5959473e+01
   4.5229860e+06   4.6386719e+01
   4.5781490e+06   4.8889160e+01
   4.6173310e+06   4.8767090e+01
   4.6173810e+06   4.7424316e+01
   4.6176260e+06   8.3618164e+01
   4.6177660e+06   4.7729492e+01
   4.6178680e+06   4.6081543e+01
   4.6184600e+06   4.5593262e+01
   4.6193500e+06   4.5288086e+01
   4.6289170e+06   4.4067383e+01
   4.6417660e+06   5.3283691e+01
   4.6421090e+06   4.6020508e+01
   4.6428240e+06   4.4006348e+01
   4.6463170e+06   4.4067383e+01
   4.6838670e+06   4.4494629e+01
   4.6839800e+06   4.7729492e+01
   4.9840590e+06   5.4565430e+01
   5.0615010e+06   4.4921875e+01
   5.0748630e+06   4.8828125e+01
   5.0766760e+06   4.4738770e+01
   5.2539290e+06   4.4494629e+01
   5.2716360e+06   4.8278809e+01
   5.3567330e+06   4.4799805e+01
   5.5430420e+06   4.4494629e+01
   5.5836330e+06   4.5471191e+01
   5.5991740e+06   4.5288086e+01
   5.6241190e+06   4.7485352e+01
   5.6683160e+06   4.6203613e+01
   5.6683870e+06   6.1279297e+01
   5.6684130e+06   5.5175781e+01
   5.6684480e+06   4.6142578e+01
   5.6686100e+06   4.5898438e+01
   5.6686430e+06   4.4067383e+01
   5.6687780e+06   4.3884277e+01
   5.6701670e+06   4.8645020e+01
   5.6882500e+06   4.7729492e+01
   5.7033050e+06   4.6936035e+01
   5.7200100e+06   4.4616699e+01
   5.7202510e+06   5.5725098e+01
   5.7205590e+06   4.6081543e+01
   5.7207410e+06   4.5715332e+01
   5.7828830e+06   7.5378418e+01
   5.7909100e+06   4.8034668e+01
   5.8211110e+06   4.5715332e+01
   5.8316370e+06   4.9987793e+01
   5.8325150e+06   5.6640625e+01
   5.8330860e+06   4.5410156e+01
   6.0251650e+06   4.5532227e+01
   6.1240070e+06   4.7607422e+01
   6.1295630e+06   4.9682617e+01
   6.1685340e+06   4.5471191e+01
   6.2674590e+06   4.4860840e+01
   6.3303860e+06   4.4433594e+01
   6.3706200e+06   4.6325684e+01
   6.4088690e+06   4.5532227e+01
   6.4423680e+06   4.6447754e+01
   6.4581740e+06   4.5104980e+01
   6.4583220e+06   5.0964355e+01
   6.4586280e+06   4.9438477e+01
   6.4586620e+06   4.7912598e+01
   6.4587520e+06   4.9194336e+01
   6.4588700e+06   4.6325684e+01
   6.4590670e+06   5.6396484e+01
   6.4591650e+06   4.5043945e+01
   6.4598090e+06   4.9865723e+01
   6.4866660e+06   4.5593262e+01
   6.4890480e+06   4.5166016e+01
   6.6884470e+06   4.3823242e+01
   7.0039680e+06   4.8339844e+01
   7.0655530e+06   5.2307129e+01
   7.0656280e+06   4.7180176e+01
   7.0656930e+06   4.8400879e+01
   7.0658040e+06   4.8889160e+01
   7.0660040e+06   5.9753418e+01
   7.0661650e+06   4.3823242e+01
   7.0662880e+06   4.5043945e+01
   7.0666130e+06   4.7363281e+01
   7.0677830e+06   4.6508789e+01
   7.0795120e+06   4.3884277e+01
   7.0895920e+06   4.5043945e+01
   7.1163770e+06   4.4128418e+01
   7.1186380e+06   4.4067383e+01
   7.1783950e+06   4.4128418e+01
   7.2233710e+06   4.8400879e+01
   7.3590020e+06   4.4433594e+01
   7.4471100e+06   4.6386719e+01
   7.4849540e+06   4.5776367e+01
   7.5491320e+06   4.3762207e+01
   7.6136870e+06   4.5166016e+01
   7.7155100e+06   4.6386719e+01
   7.7210230e+06   5.3955078e+01
   7.7211630e+06   6.2133789e+01
   7.7211930e+06   6.7138672e+01
   7.7212140e+06   5.5969238e+01
   7.7212530e+06   4.9865723e+01
   7.7212910e+06   4.5654297e+01
   7.7213420e+06   4.5654297e+01
   7.7214580e+06   4.8522949e+01
   7.7218050e+06   4.4738770e+01
   7.7229840e+06   4.3701172e+01
   7.7236180e+06   4.9499512e+01
   7.7236930e+06   4.9255371e+01
   7.7437220e+06   4.6325684e+01
   7.8094480e+06   4.4128418e+01
   8.0796950e+06   4.5593262e+01
   8.2061690e+06   4.4860840e+01
   8.2956850e+06   4.4494629e+01
   8.3881100e+06   4.6386719e+01
   8.3951140e+06   4.3823242e+01
   8.4276250e+06   4.8461914e+01
   8.4742050e+06   4.3945312e+01
   8.5137510e+06   4.4189453e+01
   8.5190850e+06   4.4372559e+01
   8.5191930e+06   4.7180176e+01
   8.5192820e+06   5.4748535e+01
   8.5193530e+06   5.0903320e+01
   8.5343350e+06   4.9072266e+01
   8.5417630e+06   4.4677734e+01
   8.5420670e+06   4.8583984e+01
   8.5439240e+06   4.5532227e+01
   8.5631530e+06   4.5959473e+01
   8.5935100e+06   4.5959473e+01
   8.5942690e+06   4.3884277e+01
   8.6286310e+06   4.3701172e+01
   8.6290930e+06   4.6691895e+01
   8.6301990e+06   4.7302246e+01
   8.6304570e+06   4.4616699e+01
   8.8428530e+06   4.4738770e+01
   8.8825930e+06   4.5349121e+01
   8.9982970e+06   4.3823242e+01
