   8.9990000e+06   0.0000000e+00
   3.9351000e+04   4.4860840e+01
   3.9455000e+04   4.4311523e+01
   6.4102200e+05   4.2785645e+01
   7.1371200e+05   4.2480469e+01
   7.5434300e+05   5.2490234e+01
   2.1415370e+06   5.2062988e+01
   3.0247360e+06   5.0781250e+01
   3.0249080e+06   4.2846680e+01
   3.0249290e+06   4.2480469e+01
   3.0249550e+06   4.8828125e+01
   3.0492300e+06   4.3945312e+01
   3.1255030e+06   4.5104980e+01
   3.9129580e+06   4.2480469e+01
   3.9131400e+06   4.3579102e+01
   4.2192700e+06   4.4555664e+01
   4.5513190e+06   4.2846680e+01
   4.5680320e+06   4.5349121e+01
   4.6841730e+06   4.5593262e+01
   4.7600390e+06   4.3395996e+01
   5.1094430e+06   4.2846680e+01
   5.2347240e+06   4.3640137e+01
   5.2797670e+06   4.2480469e+01
   5.3483220e+06   4.4494629e+01
   5.6691090e+06   4.4372559e+01
   5.9646560e+06   4.4372559e+01
   6.1836140e+06   4.4616699e+01
   6.4782790e+06   4.7973633e+01
   7.0876570e+06   4.5715332e+01
   7.0882820e+06   4.2663574e+01
   7.0892020e+06   4.2785645e+01
   7.1193860e+06   4.6203613e+01
   7.4839220e+06   4.4311523e+01
   7.7210600e+06   4.2419434e+01
   7.7652850e+06   4.5410156e+01
   7.9887790e+06   4.2724609e+01
   8.5138280e+06   4.5166016e+01
   8.5195790e+06   4.2846680e+01
   8.5414950e+06   4.5166016e+01
