   8.9990000e+06   0.0000000e+00
   1.9494000e+04   4.8706055e+01
   2.5636000e+04   5.9997559e+01
   2.6419000e+04   4.4494629e+01
   3.9212000e+04   5.5725098e+01
   3.9322000e+04   4.9560547e+01
   3.9408000e+04   4.3212891e+01
   3.9643000e+04   4.1442871e+01
   4.0411000e+04   7.3181152e+01
   4.1038000e+04   4.2297363e+01
   4.1195000e+04   4.0893555e+01
   6.4381000e+04   4.6569824e+01
   6.5332000e+04   4.0222168e+01
   6.7730000e+04   5.6091309e+01
   6.7979000e+04   4.5471191e+01
   6.9030000e+04   5.6457520e+01
   9.3559000e+04   4.0161133e+01
   1.0384000e+05   4.9682617e+01
   1.0396300e+05   4.3395996e+01
   1.0411200e+05   4.5288086e+01
   1.3560100e+05   4.8034668e+01
   1.3594700e+05   4.4189453e+01
   1.4034200e+05   4.5166016e+01
   1.5139500e+05   4.4799805e+01
   2.0388900e+05   4.1442871e+01
   2.3513800e+05   4.4677734e+01
   2.3989100e+05   4.0283203e+01
   2.5764900e+05   5.5480957e+01
   2.6215800e+05   4.8156738e+01
   2.9551200e+05   5.9082031e+01
   3.2321000e+05   4.7424316e+01
   3.2523400e+05   4.4067383e+01
   3.3137800e+05   5.8166504e+01
   3.3282700e+05   4.4555664e+01
   3.6015900e+05   4.8583984e+01
   3.7153400e+05   5.5847168e+01
   3.7818800e+05   4.3212891e+01
   3.8798100e+05   4.2968750e+01
   3.9291800e+05   4.2236328e+01
   4.1139200e+05   4.3334961e+01
   4.1705500e+05   4.2358398e+01
   4.3110100e+05   4.4616699e+01
   4.5145600e+05   4.1625977e+01
   4.6603100e+05   5.1330566e+01
   4.6778300e+05   4.4006348e+01
   4.6952100e+05   4.3823242e+01
   4.9378200e+05   4.0588379e+01
   5.1436500e+05   4.5227051e+01
   5.2288400e+05   4.3029785e+01
   5.3192100e+05   4.7668457e+01
   5.3316400e+05   4.2907715e+01
   5.4545000e+05   4.5837402e+01
   5.6803700e+05   5.7800293e+01
   5.6923000e+05   4.3151855e+01
   5.8395100e+05   5.6945801e+01
   5.8478200e+05   4.2297363e+01
   6.4056500e+05   5.5358887e+01
   6.4063600e+05   4.6630859e+01
   6.4068200e+05   5.7189941e+01
   6.4076900e+05   4.2236328e+01
   6.4089800e+05   4.0527344e+01
   6.4115800e+05   5.0720215e+01
   6.4193500e+05   4.7546387e+01
   6.4205400e+05   4.3579102e+01
   6.4425800e+05   4.2785645e+01
   6.6784800e+05   4.3823242e+01
   6.6820100e+05   4.8645020e+01
   6.6845900e+05   4.3029785e+01
   6.6880900e+05   4.3151855e+01
   6.7631000e+05   4.3762207e+01
   7.1199100e+05   5.5358887e+01
   7.1280600e+05   5.4748535e+01
   7.1331000e+05   4.5410156e+01
   7.1374100e+05   4.2114258e+01
   7.4635300e+05   4.1748047e+01
   7.4713100e+05   5.1330566e+01
   7.5385000e+05   4.6203613e+01
   7.5405100e+05   5.0659180e+01
   7.5435200e+05   5.0292969e+01
   7.8344800e+05   5.7983398e+01
   8.0946900e+05   4.5043945e+01
   8.4305200e+05   4.5898438e+01
   8.5791800e+05   5.6091309e+01
   8.6159200e+05   5.3344727e+01
   8.7511700e+05   4.1625977e+01
   9.2258200e+05   5.5786133e+01
   9.3966200e+05   4.9499512e+01
   9.6589600e+05   4.2358398e+01
   9.6661900e+05   4.9499512e+01
   9.7715000e+05   4.3945312e+01
   9.8098500e+05   4.5776367e+01
   9.8453200e+05   4.1320801e+01
   9.9558900e+05   4.2541504e+01
   1.0016660e+06   5.2246094e+01
   1.0192060e+06   4.9133301e+01
   1.0207930e+06   4.0222168e+01
   1.0216490e+06   4.1870117e+01
   1.0358070e+06   5.4504395e+01
   1.0364500e+06   4.1076660e+01
   1.0367140e+06   4.1687012e+01
   1.0414820e+06   4.1748047e+01
   1.0656760e+06   5.1879883e+01
   1.0798910e+06   4.0527344e+01
   1.0825600e+06   5.0231934e+01
   1.0895910e+06   4.6081543e+01
   1.1305680e+06   4.0649414e+01
   1.1395090e+06   4.3640137e+01
   1.1471100e+06   5.1635742e+01
   1.1760640e+06   4.0222168e+01
   1.1867040e+06   4.6936035e+01
   1.1882420e+06   4.2297363e+01
   1.2155180e+06   4.6203613e+01
   1.2304680e+06   4.2175293e+01
   1.2453190e+06   4.1137695e+01
   1.2587440e+06   4.5288086e+01
   1.2594270e+06   4.6081543e+01
   1.2716360e+06   5.3466797e+01
   1.2916060e+06   4.0832520e+01
   1.3121760e+06   4.0344238e+01
   1.3127970e+06   5.4992676e+01
   1.3235780e+06   4.7363281e+01
   1.3331520e+06   4.6447754e+01
   1.3407280e+06   4.6691895e+01
   1.3500610e+06   5.7006836e+01
   1.3524340e+06   4.4555664e+01
   1.3639860e+06   4.5043945e+01
   1.3725510e+06   5.2490234e+01
   1.3731030e+06   4.0405273e+01
   1.3733830e+06   4.1015625e+01
   1.3736350e+06   4.2297363e+01
   1.3737100e+06   4.1076660e+01
   1.3912000e+06   5.9509277e+01
   1.4060190e+06   4.0832520e+01
   1.4061160e+06   4.6569824e+01
   1.4062820e+06   4.7607422e+01
   1.4067260e+06   5.0354004e+01
   1.4072120e+06   5.8837891e+01
   1.4101980e+06   4.5349121e+01
   1.4260450e+06   4.0771484e+01
   1.4275170e+06   4.7851562e+01
   1.4358540e+06   4.2663574e+01
   1.4591260e+06   4.4311523e+01
   1.4596190e+06   4.1992188e+01
   1.4604910e+06   5.0598145e+01
   1.4705040e+06   4.2907715e+01
   1.4745070e+06   4.6875000e+01
   1.4868220e+06   4.5471191e+01
   1.4906880e+06   4.0588379e+01
   1.4922360e+06   4.1992188e+01
   1.4936530e+06   6.2255859e+01
   1.4941230e+06   5.3833008e+01
   1.4943280e+06   4.3884277e+01
   1.4945690e+06   4.5166016e+01
   1.4956310e+06   4.9377441e+01
   1.5037150e+06   4.3334961e+01
   1.5039440e+06   4.6813965e+01
   1.5043580e+06   4.2785645e+01
   1.5381920e+06   4.4860840e+01
   1.5447600e+06   5.8898926e+01
   1.5928910e+06   4.6264648e+01
   1.6105730e+06   4.0588379e+01
   1.6439420e+06   6.0424805e+01
   1.6446230e+06   4.8645020e+01
   1.6535740e+06   4.0588379e+01
   1.6560980e+06   4.9011230e+01
   1.6732040e+06   4.3945312e+01
   1.6755410e+06   4.4006348e+01
   1.6964020e+06   4.6508789e+01
   1.7291800e+06   4.3579102e+01
   1.7296590e+06   4.9682617e+01
   1.7551520e+06   5.6091309e+01
   1.7634820e+06   4.9743652e+01
   1.7843750e+06   4.2602539e+01
   1.8123090e+06   4.1931152e+01
   1.8139470e+06   5.6152344e+01
   1.8255120e+06   5.2978516e+01
   1.8383450e+06   4.9255371e+01
   1.8674480e+06   5.0109863e+01
   1.8807220e+06   4.2724609e+01
   1.9009690e+06   4.4921875e+01
   1.9019320e+06   4.8889160e+01
   1.9027560e+06   5.2185059e+01
   1.9140760e+06   6.4025879e+01
   1.9207310e+06   4.2968750e+01
   1.9359060e+06   4.0588379e+01
   1.9420240e+06   5.5297852e+01
   1.9425890e+06   4.2297363e+01
   1.9844420e+06   4.0527344e+01
   1.9856730e+06   5.1269531e+01
   1.9857470e+06   4.4555664e+01
   1.9864430e+06   5.0781250e+01
   1.9868090e+06   4.4616699e+01
   1.9869850e+06   4.6691895e+01
   1.9871230e+06   4.3884277e+01
   2.0032370e+06   4.8278809e+01
   2.0038590e+06   4.1687012e+01
   2.0246820e+06   4.7302246e+01
   2.0720440e+06   4.1259766e+01
   2.0778980e+06   4.0283203e+01
   2.0943740e+06   4.1259766e+01
   2.0994280e+06   4.4677734e+01
   2.1247140e+06   4.5654297e+01
   2.1393060e+06   4.3395996e+01
   2.1402480e+06   5.1696777e+01
   2.1405760e+06   4.0283203e+01
   2.1411550e+06   4.1137695e+01
   2.1412810e+06   4.8278809e+01
   2.1424310e+06   4.6386719e+01
   2.1431680e+06   4.4433594e+01
   2.1544540e+06   4.9682617e+01
   2.1624620e+06   4.9377441e+01
   2.1627690e+06   4.0161133e+01
   2.1640330e+06   4.0405273e+01
   2.1730740e+06   4.1687012e+01
   2.1892890e+06   4.3579102e+01
   2.2007640e+06   5.0903320e+01
   2.2028350e+06   4.1809082e+01
   2.2093350e+06   5.0231934e+01
   2.2257900e+06   5.8837891e+01
   2.2261250e+06   5.1818848e+01
   2.2269950e+06   4.4433594e+01
   2.2402050e+06   5.6091309e+01
   2.2409400e+06   4.5288086e+01
   2.2528200e+06   4.5349121e+01
   2.2722770e+06   4.3579102e+01
   2.2723480e+06   5.2734375e+01
   2.2726940e+06   4.1503906e+01
   2.2729720e+06   4.1870117e+01
   2.2732590e+06   4.3151855e+01
   2.2734060e+06   4.0649414e+01
   2.2915440e+06   4.5593262e+01
   2.2920160e+06   4.2968750e+01
   2.3038800e+06   4.4189453e+01
   2.3064960e+06   4.7729492e+01
   2.3134860e+06   4.4372559e+01
   2.3607790e+06   4.3334961e+01
   2.3780640e+06   4.3090820e+01
   2.4489380e+06   4.7302246e+01
   2.4682250e+06   5.2551270e+01
   2.5041030e+06   6.0119629e+01
   2.5174870e+06   4.4860840e+01
   2.5264220e+06   4.3090820e+01
   2.5457650e+06   6.6162109e+01
   2.5477170e+06   4.4067383e+01
   2.5677510e+06   4.6569824e+01
   2.5865470e+06   4.5532227e+01
   2.6294710e+06   4.0832520e+01
   2.6304860e+06   4.2541504e+01
   2.6607660e+06   4.2053223e+01
   2.6769290e+06   6.2866211e+01
   2.7297810e+06   4.4494629e+01
   2.7463360e+06   5.0354004e+01
   2.7581350e+06   4.4433594e+01
   2.7789490e+06   4.4311523e+01
   2.7824200e+06   4.6081543e+01
   2.7915040e+06   4.4372559e+01
   2.8075350e+06   4.5471191e+01
   2.8233080e+06   5.1391602e+01
   2.8758260e+06   5.2001953e+01
   2.8782110e+06   4.3701172e+01
   2.9041130e+06   4.7912598e+01
   2.9102380e+06   5.3100586e+01
   2.9504350e+06   5.4260254e+01
   2.9638360e+06   5.2612305e+01
   2.9962530e+06   4.3395996e+01
   3.0242110e+06   4.5654297e+01
   3.0244030e+06   5.0842285e+01
   3.0245420e+06   4.3151855e+01
   3.0246880e+06   4.0466309e+01
   3.0257500e+06   5.2185059e+01
   3.0259040e+06   4.1625977e+01
   3.0261880e+06   4.2968750e+01
   3.0264050e+06   4.1076660e+01
   3.0287760e+06   4.0710449e+01
   3.0424870e+06   4.2297363e+01
   3.0457330e+06   5.1757812e+01
   3.0467060e+06   4.9560547e+01
   3.0471150e+06   6.3964844e+01
   3.0829050e+06   4.1015625e+01
   3.1018190e+06   4.1320801e+01
   3.1041030e+06   5.4199219e+01
   3.1069840e+06   5.0659180e+01
   3.1085060e+06   4.0649414e+01
   3.1098980e+06   5.8715820e+01
   3.1134510e+06   4.3212891e+01
   3.1221500e+06   4.2602539e+01
   3.1235520e+06   6.6284180e+01
   3.1239540e+06   5.0476074e+01
   3.1242990e+06   4.0344238e+01
   3.1317810e+06   4.6447754e+01
   3.1479040e+06   4.5288086e+01
   3.1483430e+06   4.1259766e+01
   3.1486600e+06   4.0466309e+01
   3.1772770e+06   4.8706055e+01
   3.1825160e+06   4.6997070e+01
   3.1876330e+06   4.3273926e+01
   3.1884160e+06   5.5358887e+01
   3.1891430e+06   4.9316406e+01
   3.2067380e+06   4.0527344e+01
   3.2363370e+06   4.6691895e+01
   3.2653240e+06   4.2724609e+01
   3.2877710e+06   4.2114258e+01
   3.3526520e+06   5.4748535e+01
   3.3558060e+06   4.4128418e+01
   3.4017830e+06   4.2663574e+01
   3.4039760e+06   4.1076660e+01
   3.4258320e+06   4.6081543e+01
   3.4265160e+06   4.2053223e+01
   3.4450270e+06   4.1931152e+01
   3.4731630e+06   5.0048828e+01
   3.4783320e+06   5.7067871e+01
   3.4864890e+06   6.3354492e+01
   3.4978790e+06   5.3527832e+01
   3.5326050e+06   4.2724609e+01
   3.5410870e+06   5.2246094e+01
   3.5490960e+06   4.6264648e+01
   3.5564650e+06   4.0649414e+01
   3.5803150e+06   5.2429199e+01
   3.5937200e+06   4.4433594e+01
   3.6195010e+06   6.0485840e+01
   3.6333000e+06   4.8706055e+01
   3.6367050e+06   5.1452637e+01
   3.6841120e+06   4.0527344e+01
   3.6860040e+06   4.6081543e+01
   3.6906910e+06   5.3405762e+01
   3.6913530e+06   4.8767090e+01
   3.7046820e+06   4.8767090e+01
   3.7259420e+06   4.6447754e+01
   3.7582630e+06   5.0048828e+01
   3.7587480e+06   5.8593750e+01
   3.7609140e+06   4.1320801e+01
   3.7651800e+06   4.6508789e+01
   3.7662670e+06   4.0283203e+01
   3.7840630e+06   5.0354004e+01
   3.8124270e+06   4.1992188e+01
   3.8154810e+06   4.1137695e+01
   3.8167530e+06   4.4189453e+01
   3.8455790e+06   4.5288086e+01
   3.8464050e+06   4.8278809e+01
   3.8656570e+06   4.6447754e+01
   3.8658200e+06   4.8095703e+01
   3.8662350e+06   5.4504395e+01
   3.8742590e+06   4.0710449e+01
   3.8757910e+06   5.4443359e+01
   3.8758890e+06   4.7973633e+01
   3.8763110e+06   4.2236328e+01
   3.9024180e+06   5.2246094e+01
   3.9052200e+06   4.1809082e+01
   3.9125920e+06   6.7016602e+01
   3.9126570e+06   4.3518066e+01
   3.9127530e+06   4.1137695e+01
   3.9128220e+06   4.3884277e+01
   3.9134980e+06   4.3395996e+01
   3.9139300e+06   5.5480957e+01
   3.9323620e+06   4.2480469e+01
   3.9348740e+06   4.1625977e+01
   3.9351810e+06   5.1086426e+01
   3.9358270e+06   4.3945312e+01
   3.9376390e+06   4.0771484e+01
   3.9461400e+06   4.1381836e+01
   3.9521790e+06   5.2429199e+01
   3.9643100e+06   4.6691895e+01
   3.9649190e+06   4.3090820e+01
   3.9701890e+06   4.5654297e+01
   3.9704580e+06   4.2663574e+01
   3.9709960e+06   4.4616699e+01
   3.9766580e+06   5.1025391e+01
   3.9769910e+06   4.2480469e+01
   3.9788600e+06   4.4250488e+01
   4.0029930e+06   5.9570312e+01
   4.0125440e+06   4.5959473e+01
   4.0126500e+06   4.5837402e+01
   4.0137490e+06   4.2968750e+01
   4.0142560e+06   5.0170898e+01
   4.0144240e+06   4.2236328e+01
   4.0163480e+06   4.1259766e+01
   4.0225620e+06   5.5236816e+01
   4.0296230e+06   4.1931152e+01
   4.0397710e+06   4.6875000e+01
   4.0408260e+06   4.3579102e+01
   4.0484630e+06   4.3273926e+01
   4.0682050e+06   5.6457520e+01
   4.0802610e+06   5.2124023e+01
   4.0808180e+06   4.4738770e+01
   4.0832110e+06   4.4982910e+01
   4.0989240e+06   4.9438477e+01
   4.1213250e+06   4.0954590e+01
   4.1242550e+06   4.3823242e+01
   4.1807210e+06   4.6997070e+01
   4.1979630e+06   5.3771973e+01
   4.2067030e+06   5.0415039e+01
   4.2079630e+06   4.4128418e+01
   4.2147070e+06   4.5349121e+01
   4.2192920e+06   4.2114258e+01
   4.2592000e+06   5.6335449e+01
   4.2633030e+06   4.2724609e+01
   4.2880170e+06   4.2175293e+01
   4.3163710e+06   4.2419434e+01
   4.3303690e+06   5.6457520e+01
   4.3456840e+06   5.2062988e+01
   4.3625860e+06   5.7983398e+01
   4.3858750e+06   5.0598145e+01
   4.3880020e+06   4.4555664e+01
   4.4074600e+06   4.5104980e+01
   4.4128410e+06   5.9265137e+01
   4.4134650e+06   5.5419922e+01
   4.4396810e+06   5.5786133e+01
   4.4727290e+06   4.2175293e+01
   4.4837380e+06   5.9814453e+01
   4.4839120e+06   4.6569824e+01
   4.4922140e+06   4.2480469e+01
   4.5160280e+06   5.5480957e+01
   4.5233970e+06   4.1503906e+01
   4.5491970e+06   5.9387207e+01
   4.5626290e+06   5.0659180e+01
   4.5693510e+06   4.9621582e+01
   4.5764500e+06   5.6335449e+01
   4.5844640e+06   4.0527344e+01
   4.6172800e+06   5.3833008e+01
   4.6173910e+06   5.5541992e+01
   4.6174850e+06   4.6630859e+01
   4.6175610e+06   4.5349121e+01
   4.6184920e+06   4.3762207e+01
   4.6186570e+06   4.2785645e+01
   4.6379920e+06   4.6813965e+01
   4.6412750e+06   5.5358887e+01
   4.6415500e+06   4.2114258e+01
   4.6419940e+06   5.1391602e+01
   4.6479990e+06   4.1625977e+01
   4.6484720e+06   4.2541504e+01
   4.6509300e+06   5.1452637e+01
   4.6829040e+06   5.0415039e+01
   4.6833390e+06   4.4006348e+01
   4.6837810e+06   4.3395996e+01
   4.6839920e+06   5.3710938e+01
   4.6842650e+06   4.0893555e+01
   4.6914840e+06   4.1992188e+01
   4.6966700e+06   4.5593262e+01
   4.6970240e+06   4.8583984e+01
   4.7158600e+06   5.8410645e+01
   4.7160130e+06   4.3701172e+01
   4.7165390e+06   4.6508789e+01
   4.7175060e+06   4.7546387e+01
   4.7336080e+06   4.0649414e+01
   4.7899240e+06   4.2968750e+01
   4.7971820e+06   4.3701172e+01
   4.8297440e+06   4.0771484e+01
   4.8491860e+06   4.3273926e+01
   4.8617280e+06   5.1818848e+01
   4.8693280e+06   5.3527832e+01
   4.8729340e+06   4.3457031e+01
   4.8990440e+06   4.4372559e+01
   4.9069740e+06   4.8278809e+01
   4.9254870e+06   5.0231934e+01
   4.9532650e+06   4.8278809e+01
   4.9561720e+06   4.2602539e+01
   4.9798760e+06   5.7312012e+01
   4.9940970e+06   5.1269531e+01
   4.9946690e+06   4.0405273e+01
   4.9961920e+06   5.5419922e+01
   5.0202140e+06   5.3955078e+01
   5.0226940e+06   4.2541504e+01
   5.0234170e+06   4.9499512e+01
   5.0344320e+06   4.8583984e+01
   5.0453010e+06   4.3457031e+01
   5.0608940e+06   4.9621582e+01
   5.0835230e+06   5.5175781e+01
   5.0840090e+06   4.1076660e+01
   5.0854870e+06   4.5227051e+01
   5.0891580e+06   5.4138184e+01
   5.0893440e+06   4.0466309e+01
   5.0899930e+06   4.3334961e+01
   5.1215130e+06   4.2236328e+01
   5.1423330e+06   5.8532715e+01
   5.1432710e+06   4.9377441e+01
   5.1435100e+06   5.3283691e+01
   5.1903620e+06   4.8889160e+01
   5.1911190e+06   4.5532227e+01
   5.2192880e+06   5.4321289e+01
   5.2631190e+06   4.4433594e+01
   5.2637610e+06   5.4565430e+01
   5.2722740e+06   4.6447754e+01
   5.2798720e+06   4.4128418e+01
   5.2869630e+06   5.8227539e+01
   5.3358840e+06   4.7973633e+01
   5.3365190e+06   5.2429199e+01
   5.3475590e+06   4.4006348e+01
   5.3569960e+06   4.1076660e+01
   5.3753190e+06   4.6936035e+01
   5.3755230e+06   4.3395996e+01
   5.3817290e+06   5.1147461e+01
   5.3854390e+06   4.2968750e+01
   5.4202510e+06   4.2846680e+01
   5.4338510e+06   5.3894043e+01
   5.4344660e+06   5.5603027e+01
   5.4378780e+06   5.0903320e+01
   5.4553460e+06   4.4067383e+01
   5.4649910e+06   5.4809570e+01
   5.4650630e+06   4.5410156e+01
   5.4844360e+06   4.2968750e+01
   5.4982510e+06   5.7373047e+01
   5.5113630e+06   4.3701172e+01
   5.5699040e+06   7.3852539e+01
   5.5751370e+06   4.4738770e+01
   5.5925350e+06   5.2185059e+01
   5.5970450e+06   4.9926758e+01
   5.5975230e+06   5.1269531e+01
   5.5976630e+06   5.3344727e+01
   5.6066580e+06   4.3945312e+01
   5.6107580e+06   4.5043945e+01
   5.6392500e+06   4.1748047e+01
   5.6679860e+06   4.7729492e+01
   5.6681760e+06   5.3527832e+01
   5.6686520e+06   4.1015625e+01
   5.6689220e+06   4.1076660e+01
   5.6692140e+06   4.6142578e+01
   5.6711230e+06   4.0649414e+01
   5.6719290e+06   4.1137695e+01
   5.6872220e+06   4.5776367e+01
   5.6947930e+06   4.8034668e+01
   5.6952370e+06   4.1503906e+01
   5.6954020e+06   4.8461914e+01
   5.6965970e+06   4.8828125e+01
   5.6972610e+06   5.5908203e+01
   5.6976340e+06   4.1748047e+01
   5.7193950e+06   4.7790527e+01
   5.7199400e+06   4.2846680e+01
   5.7203810e+06   4.3151855e+01
   5.7208840e+06   4.1381836e+01
   5.7216560e+06   4.0466309e+01
   5.7255030e+06   4.0161133e+01
   5.7272970e+06   4.1809082e+01
   5.7281470e+06   4.0405273e+01
   5.7397800e+06   5.3588867e+01
   5.7490730e+06   5.1513672e+01
   5.7494740e+06   4.0283203e+01
   5.7496220e+06   4.5593262e+01
   5.7585320e+06   4.8400879e+01
   5.7585540e+06   5.1818848e+01
   5.7667330e+06   5.0903320e+01
   5.7811690e+06   4.1198730e+01
   5.7820870e+06   5.1818848e+01
   5.7825650e+06   4.8828125e+01
   5.7827950e+06   5.3466797e+01
   5.7830240e+06   4.6997070e+01
   5.7965410e+06   4.2968750e+01
   5.7976640e+06   4.2419434e+01
   5.7982040e+06   4.2053223e+01
   5.7987040e+06   4.1076660e+01
   5.8295110e+06   5.2551270e+01
   5.8296030e+06   4.4555664e+01
   5.8302300e+06   5.1208496e+01
   5.8311050e+06   4.8400879e+01
   5.8315630e+06   4.3640137e+01
   5.8658670e+06   5.2856445e+01
   5.8806230e+06   5.6579590e+01
   5.8812240e+06   4.9133301e+01
   5.9041720e+06   5.7006836e+01
   5.9055180e+06   4.7790527e+01
   5.9063400e+06   5.1208496e+01
   5.9251500e+06   5.3405762e+01
   5.9257860e+06   4.0283203e+01
   5.9645540e+06   4.2968750e+01
   5.9705600e+06   5.8105469e+01
   5.9707360e+06   4.4555664e+01
   5.9880660e+06   5.2795410e+01
   5.9962400e+06   4.0893555e+01
   6.0058120e+06   4.1015625e+01
   6.0127900e+06   4.2785645e+01
   6.0209490e+06   5.0903320e+01
   6.0386340e+06   4.1076660e+01
   6.0507760e+06   4.2846680e+01
   6.0641530e+06   5.7434082e+01
   6.0908030e+06   5.7434082e+01
   6.0973010e+06   4.1687012e+01
   6.1085200e+06   4.1015625e+01
   6.1646290e+06   4.1137695e+01
   6.1648050e+06   5.1391602e+01
   6.1652170e+06   4.8767090e+01
   6.1685130e+06   5.3527832e+01
   6.1864010e+06   4.3395996e+01
   6.1991190e+06   4.3640137e+01
   6.2259390e+06   6.0180664e+01
   6.2395720e+06   4.5166016e+01
   6.2568040e+06   4.2724609e+01
   6.2736160e+06   4.4189453e+01
   6.2740950e+06   7.1594238e+01
   6.2854750e+06   4.6997070e+01
   6.2856750e+06   4.7485352e+01
   6.2991020e+06   4.2724609e+01
   6.3526960e+06   4.2907715e+01
   6.3577160e+06   5.4931641e+01
   6.3805900e+06   5.2490234e+01
   6.3830460e+06   4.9621582e+01
   6.3857090e+06   4.4189453e+01
   6.3860880e+06   4.2480469e+01
   6.3902760e+06   4.0161133e+01
   6.3979500e+06   4.1687012e+01
   6.4059490e+06   4.6447754e+01
   6.4182320e+06   4.4860840e+01
   6.4316900e+06   4.6081543e+01
   6.4353270e+06   4.9011230e+01
   6.4583610e+06   5.0170898e+01
   6.4584200e+06   4.5959473e+01
   6.4584950e+06   5.4138184e+01
   6.4586410e+06   4.2541504e+01
   6.4592030e+06   4.6813965e+01
   6.4592430e+06   4.3029785e+01
   6.4793160e+06   4.8645020e+01
   6.4798730e+06   4.7851562e+01
   6.4863110e+06   4.1076660e+01
   6.4878120e+06   4.3457031e+01
   6.5202820e+06   4.2297363e+01
   6.5380650e+06   4.1015625e+01
   6.5393780e+06   4.0893555e+01
   6.5655240e+06   4.6081543e+01
   6.5869960e+06   4.0710449e+01
   6.5957890e+06   4.3884277e+01
   6.6069300e+06   4.8400879e+01
   6.6172350e+06   4.1564941e+01
   6.6279980e+06   4.4311523e+01
   6.6558880e+06   4.5227051e+01
   6.6563910e+06   4.4433594e+01
   6.6801500e+06   5.5541992e+01
   6.6921950e+06   4.7607422e+01
   6.6936810e+06   4.2968750e+01
   6.7049340e+06   4.2114258e+01
   6.7559520e+06   5.0659180e+01
   6.8109300e+06   5.7250977e+01
   6.8126190e+06   4.8583984e+01
   6.8263180e+06   4.3151855e+01
   6.8845920e+06   5.8837891e+01
   6.8897700e+06   4.4250488e+01
   6.8907170e+06   5.3344727e+01
   6.9104640e+06   4.8461914e+01
   6.9559270e+06   4.0527344e+01
   6.9743190e+06   5.8349609e+01
   6.9885980e+06   5.9509277e+01
   6.9934230e+06   4.4860840e+01
   6.9976870e+06   5.5786133e+01
   7.0257950e+06   5.4870605e+01
   7.0267280e+06   5.4443359e+01
   7.0268430e+06   5.1513672e+01
   7.0278630e+06   4.2297363e+01
   7.0359640e+06   5.7800293e+01
   7.0360830e+06   4.2663574e+01
   7.0528060e+06   4.8339844e+01
   7.0575780e+06   5.5480957e+01
   7.0654750e+06   4.6386719e+01
   7.0656040e+06   4.9194336e+01
   7.0659440e+06   4.4677734e+01
   7.0661850e+06   4.3579102e+01
   7.0666480e+06   4.2297363e+01
   7.0678310e+06   4.4372559e+01
   7.0883300e+06   4.9499512e+01
   7.0894600e+06   4.1625977e+01
   7.0977910e+06   4.7302246e+01
   7.1019690e+06   4.7058105e+01
   7.1180230e+06   5.0354004e+01
   7.1186720e+06   4.6752930e+01
   7.1272440e+06   4.6386719e+01
   7.1274280e+06   4.0832520e+01
   7.1281490e+06   4.2785645e+01
   7.1289170e+06   4.0283203e+01
   7.1293730e+06   4.2724609e+01
   7.1526790e+06   5.3161621e+01
   7.1529500e+06   4.9743652e+01
   7.1553450e+06   5.3894043e+01
   7.1557750e+06   4.4128418e+01
   7.1572340e+06   4.1564941e+01
   7.1743790e+06   4.0893555e+01
   7.1837190e+06   4.5837402e+01
   7.1892280e+06   4.1687012e+01
   7.1898650e+06   4.3029785e+01
   7.2153510e+06   4.2297363e+01
   7.2485820e+06   4.0649414e+01
   7.2853470e+06   4.0161133e+01
   7.2942210e+06   4.2175293e+01
   7.3125380e+06   4.6081543e+01
   7.3294950e+06   4.0283203e+01
   7.3311110e+06   4.7607422e+01
   7.3321110e+06   4.5898438e+01
   7.3561990e+06   6.0302734e+01
   7.3627340e+06   5.3466797e+01
   7.3915470e+06   4.3701172e+01
   7.3920300e+06   4.1076660e+01
   7.4177680e+06   4.1137695e+01
   7.4181030e+06   4.4433594e+01
   7.4208340e+06   4.9865723e+01
   7.4216950e+06   5.1574707e+01
   7.4554280e+06   5.0781250e+01
   7.4560510e+06   5.7373047e+01
   7.4828030e+06   5.0720215e+01
   7.4832330e+06   4.4860840e+01
   7.4833900e+06   5.0720215e+01
   7.4843850e+06   4.3701172e+01
   7.4932730e+06   5.0720215e+01
   7.5335410e+06   4.9255371e+01
   7.5539390e+06   5.1574707e+01
   7.5556610e+06   5.7434082e+01
   7.5562220e+06   5.1269531e+01
   7.5600900e+06   4.6447754e+01
   7.5605030e+06   4.0527344e+01
   7.5859090e+06   4.1931152e+01
   7.6034900e+06   7.0556641e+01
   7.6402780e+06   4.3518066e+01
   7.6412470e+06   5.4687500e+01
   7.6416190e+06   4.0710449e+01
   7.6604120e+06   4.2114258e+01
   7.6617450e+06   5.2551270e+01
   7.7028440e+06   4.1931152e+01
   7.7049860e+06   5.3955078e+01
   7.7116000e+06   6.2133789e+01
   7.7208680e+06   5.4931641e+01
   7.7209820e+06   4.9499512e+01
   7.7210970e+06   4.6813965e+01
   7.7216610e+06   4.6447754e+01
   7.7218150e+06   4.1687012e+01
   7.7232860e+06   4.4128418e+01
   7.7235100e+06   4.3029785e+01
   7.7418470e+06   4.2236328e+01
   7.7427090e+06   4.1076660e+01
   7.7432850e+06   4.9011230e+01
   7.7435320e+06   4.3273926e+01
   7.7443930e+06   4.9682617e+01
   7.7740320e+06   5.5419922e+01
   7.7779610e+06   4.3090820e+01
   7.7993140e+06   4.1870117e+01
   7.7998810e+06   4.9072266e+01
   7.8002450e+06   4.1809082e+01
   7.8041030e+06   5.6457520e+01
   7.8187290e+06   4.3151855e+01
   7.8266170e+06   4.3701172e+01
   7.8415340e+06   5.6640625e+01
   7.8415870e+06   4.0466309e+01
   7.8420160e+06   4.7241211e+01
   7.8426090e+06   5.2062988e+01
   7.8629070e+06   4.7363281e+01
   7.8847910e+06   5.5969238e+01
   7.8857820e+06   4.9072266e+01
   7.9064810e+06   4.7180176e+01
   7.9072430e+06   4.1503906e+01
   7.9509760e+06   4.1259766e+01
   7.9697400e+06   4.7546387e+01
   8.0045970e+06   5.5297852e+01
   8.0056130e+06   4.2236328e+01
   8.0064840e+06   5.2429199e+01
   8.0071170e+06   4.2846680e+01
   8.0072680e+06   4.5288086e+01
   8.0537370e+06   4.8095703e+01
   8.0575210e+06   4.1748047e+01
   8.0764130e+06   4.8889160e+01
   8.0801570e+06   4.8400879e+01
   8.0984520e+06   5.2001953e+01
   8.1003660e+06   5.8227539e+01
   8.1016900e+06   4.2236328e+01
   8.1363230e+06   4.3884277e+01
   8.1365510e+06   4.3945312e+01
   8.1367450e+06   5.2551270e+01
   8.1368750e+06   4.2846680e+01
   8.1650410e+06   4.0527344e+01
   8.1781700e+06   5.8532715e+01
   8.2103640e+06   5.0781250e+01
   8.2125570e+06   4.3518066e+01
   8.2468800e+06   5.1147461e+01
   8.2493540e+06   5.1086426e+01
   8.2591110e+06   4.7424316e+01
   8.2795530e+06   4.2114258e+01
   8.2969390e+06   4.8889160e+01
   8.3096230e+06   4.4616699e+01
   8.3141450e+06   4.2907715e+01
   8.3287240e+06   4.5776367e+01
   8.3628350e+06   4.7119141e+01
   8.3655480e+06   4.6081543e+01
   8.3897180e+06   4.4189453e+01
   8.3898360e+06   5.3894043e+01
   8.3903380e+06   4.6020508e+01
   8.4318860e+06   5.2856445e+01
   8.4644460e+06   4.7058105e+01
   8.4676920e+06   4.3884277e+01
   8.4679470e+06   4.4433594e+01
   8.4682910e+06   4.4860840e+01
   8.5067790e+06   4.2053223e+01
   8.5123200e+06   4.5593262e+01
   8.5133150e+06   4.7851562e+01
   8.5133990e+06   5.0903320e+01
   8.5137110e+06   4.2663574e+01
   8.5138760e+06   4.2846680e+01
   8.5181590e+06   4.2236328e+01
   8.5184700e+06   4.7302246e+01
   8.5186840e+06   4.3640137e+01
   8.5192040e+06   4.4311523e+01
   8.5204010e+06   4.2297363e+01
   8.5363410e+06   4.3823242e+01
   8.5377600e+06   4.0405273e+01
   8.5410230e+06   5.4748535e+01
   8.5415920e+06   4.6875000e+01
   8.5419390e+06   4.1931152e+01
   8.5424670e+06   5.1574707e+01
   8.5426510e+06   4.2907715e+01
   8.5427930e+06   4.2419434e+01
   8.5515170e+06   4.3395996e+01
   8.5578500e+06   4.0283203e+01
   8.5612460e+06   4.0893555e+01
   8.5641780e+06   4.6630859e+01
   8.5646080e+06   5.1269531e+01
   8.5708140e+06   4.5288086e+01
   8.5723290e+06   4.7363281e+01
   8.5726850e+06   5.0415039e+01
   8.5881320e+06   4.4799805e+01
   8.5929100e+06   5.3405762e+01
   8.5932790e+06   4.1687012e+01
   8.5934590e+06   4.3701172e+01
   8.5944450e+06   4.0222168e+01
   8.6024560e+06   4.8461914e+01
   8.6070780e+06   4.8034668e+01
   8.6082960e+06   4.3457031e+01
   8.6218900e+06   4.1320801e+01
   8.6284410e+06   4.1687012e+01
   8.6286080e+06   4.2419434e+01
   8.6287280e+06   5.1086426e+01
   8.6289860e+06   5.1452637e+01
   8.6292560e+06   4.1748047e+01
   8.6449900e+06   4.0222168e+01
   8.6599600e+06   5.0354004e+01
   8.6621240e+06   5.0415039e+01
   8.6686310e+06   4.1259766e+01
   8.7050090e+06   4.1442871e+01
   8.7242600e+06   4.4067383e+01
   8.7395680e+06   5.1879883e+01
   8.7535570e+06   4.4921875e+01
   8.7795590e+06   4.1198730e+01
   8.7933270e+06   4.6813965e+01
   8.7987580e+06   5.5480957e+01
   8.8228090e+06   5.0109863e+01
   8.8229640e+06   5.7495117e+01
   8.8511290e+06   4.4250488e+01
   8.8515820e+06   4.4128418e+01
   8.8545740e+06   4.8095703e+01
   8.8551530e+06   5.0170898e+01
   8.8803160e+06   4.3334961e+01
   8.9014310e+06   5.4504395e+01
   8.9323630e+06   4.8583984e+01
   8.9390410e+06   4.8400879e+01
   8.9758310e+06   4.0710449e+01
   8.9771530e+06   4.8034668e+01
