   8.9990000e+06   0.0000000e+00
   6.9100000e+02   4.7302246e+01
   7.2400000e+02   3.8330078e+01
   1.2270000e+03   4.2480469e+01
   2.0684000e+04   3.9367676e+01
   2.1632000e+04   3.7658691e+01
   3.7647000e+04   4.0405273e+01
   3.8791000e+04   4.1015625e+01
   3.8970000e+04   4.7973633e+01
   3.9050000e+04   4.0161133e+01
   3.9191000e+04   4.7302246e+01
   3.9237000e+04   3.9245605e+01
   3.9341000e+04   5.3894043e+01
   3.9387000e+04   4.0588379e+01
   3.9491000e+04   4.4555664e+01
   3.9509000e+04   4.7302246e+01
   3.9525000e+04   4.3457031e+01
   3.9583000e+04   5.7067871e+01
   3.9633000e+04   4.2114258e+01
   3.9646000e+04   7.1228027e+01
   3.9697000e+04   3.8574219e+01
   3.9777000e+04   3.7841797e+01
   3.9865000e+04   3.8208008e+01
   3.9920000e+04   4.1381836e+01
   3.9964000e+04   4.0405273e+01
   4.0110000e+04   4.4006348e+01
   4.0180000e+04   3.8330078e+01
   4.0368000e+04   5.0415039e+01
   4.0599000e+04   4.0527344e+01
   4.0733000e+04   4.0405273e+01
   4.0921000e+04   4.1442871e+01
   4.1084000e+04   3.8146973e+01
   6.1282000e+04   3.9001465e+01
   6.2731000e+04   4.9743652e+01
   6.3665000e+04   3.8696289e+01
   6.5123000e+04   4.6325684e+01
   6.6090000e+04   4.5471191e+01
   6.7316000e+04   4.8339844e+01
   6.7840000e+04   5.1269531e+01
   6.8064000e+04   4.1442871e+01
   6.8272000e+04   4.1137695e+01
   6.8602000e+04   5.3222656e+01
   6.8739000e+04   5.8044434e+01
   6.8846000e+04   3.8513184e+01
   6.8960000e+04   4.0893555e+01
   6.9093000e+04   4.3457031e+01
   6.9163000e+04   5.2673340e+01
   6.9340000e+04   4.2724609e+01
   6.9563000e+04   4.9499512e+01
   7.0361000e+04   3.9184570e+01
   7.1136000e+04   3.9733887e+01
   8.0512000e+04   3.8208008e+01
   8.4612000e+04   3.8024902e+01
   8.6129000e+04   4.0161133e+01
   8.9596000e+04   3.9245605e+01
   9.0473000e+04   4.2114258e+01
   9.3321000e+04   3.8879395e+01
   9.7218000e+04   3.8757324e+01
   9.8240000e+04   3.8879395e+01
   1.0219500e+05   3.7780762e+01
   1.0357500e+05   3.8085938e+01
   1.0429700e+05   4.2724609e+01
   1.0529700e+05   4.0405273e+01
   1.0596300e+05   4.3090820e+01
   1.0614100e+05   4.2480469e+01
   1.0676500e+05   3.7841797e+01
   1.1854900e+05   3.7536621e+01
   1.2273800e+05   4.4616699e+01
   1.4152500e+05   3.7658691e+01
   1.4662000e+05   4.0588379e+01
   1.6025500e+05   3.7536621e+01
   1.9532200e+05   3.9733887e+01
   2.0196400e+05   3.7780762e+01
   2.2528600e+05   3.8879395e+01
   2.4282700e+05   3.8391113e+01
   2.4868800e+05   3.8635254e+01
   2.5968000e+05   3.7841797e+01
   2.6514100e+05   4.2236328e+01
   2.7991600e+05   3.9733887e+01
   2.9373300e+05   4.2785645e+01
   2.9995900e+05   3.9672852e+01
   3.0535500e+05   3.8757324e+01
   3.1376800e+05   4.2907715e+01
   3.4181300e+05   4.0710449e+01
   3.4768100e+05   4.3701172e+01
   3.6053800e+05   3.9489746e+01
   3.6413000e+05   4.0771484e+01
   3.7410200e+05   4.2602539e+01
   3.7599600e+05   4.0466309e+01
   4.0559600e+05   3.7841797e+01
   4.0759800e+05   4.3151855e+01
   4.1281600e+05   3.9611816e+01
   4.2748900e+05   4.4250488e+01
   4.3713200e+05   4.4067383e+01
   4.3790000e+05   5.2612305e+01
   4.4388000e+05   4.0466309e+01
   4.4620600e+05   4.3273926e+01
   4.5747000e+05   4.4311523e+01
   4.5994600e+05   5.2795410e+01
   4.6377400e+05   4.2785645e+01
   4.7993200e+05   3.8330078e+01
   4.8395600e+05   4.7912598e+01
   4.8844900e+05   3.8513184e+01
   4.8919500e+05   4.0649414e+01
   4.9509800e+05   4.1625977e+01
   5.0150500e+05   3.9062500e+01
   5.0585000e+05   4.5104980e+01
   5.1741400e+05   4.0100098e+01
   5.2291900e+05   4.3029785e+01
   5.2903100e+05   4.5104980e+01
   5.2908300e+05   3.8024902e+01
   5.3450100e+05   4.2053223e+01
   5.4489800e+05   3.8330078e+01
   5.5149900e+05   4.4738770e+01
   5.6185700e+05   5.1513672e+01
   5.7464700e+05   4.1687012e+01
   5.7975400e+05   4.4250488e+01
   5.8423300e+05   3.7658691e+01
   5.8972100e+05   3.9672852e+01
   5.9273100e+05   3.8635254e+01
   6.0507200e+05   4.3212891e+01
   6.0903300e+05   3.7597656e+01
   6.1058400e+05   3.8391113e+01
   6.1119100e+05   4.4555664e+01
   6.1176200e+05   3.7719727e+01
   6.2720500e+05   3.9367676e+01
   6.3420700e+05   4.0283203e+01
   6.3653400e+05   3.8696289e+01
   6.3822200e+05   4.6142578e+01
   6.4017900e+05   4.0588379e+01
   6.4057500e+05   5.3710938e+01
   6.4074100e+05   4.2053223e+01
   6.4075300e+05   4.3884277e+01
   6.4081400e+05   4.4738770e+01
   6.4092400e+05   4.1809082e+01
   6.4099800e+05   3.7963867e+01
   6.4107400e+05   4.6264648e+01
   6.4109000e+05   4.5715332e+01
   6.4114900e+05   4.0039062e+01
   6.4119000e+05   4.0161133e+01
   6.4125200e+05   3.9306641e+01
   6.4130700e+05   3.8024902e+01
   6.4137000e+05   4.4189453e+01
   6.4141700e+05   4.0771484e+01
   6.4157400e+05   4.1564941e+01
   6.4185300e+05   4.4311523e+01
   6.4196000e+05   4.6447754e+01
   6.4224100e+05   4.0771484e+01
   6.4240700e+05   4.8339844e+01
   6.4421900e+05   4.1564941e+01
   6.6416200e+05   4.2602539e+01
   6.6495500e+05   4.6325684e+01
   6.6560400e+05   3.9245605e+01
   6.6650500e+05   4.2114258e+01
   6.6704000e+05   4.6081543e+01
   6.6758000e+05   5.0537109e+01
   6.6781600e+05   4.0466309e+01
   6.6785700e+05   4.1870117e+01
   6.6812500e+05   3.8085938e+01
   6.6818400e+05   4.1503906e+01
   6.6834000e+05   4.6752930e+01
   6.6901500e+05   4.5715332e+01
   6.6906600e+05   3.8452148e+01
   6.7800300e+05   3.8818359e+01
   6.8150800e+05   4.5593262e+01
   6.8341400e+05   3.7536621e+01
   6.8881400e+05   4.1748047e+01
   6.9131600e+05   3.9611816e+01
   6.9801400e+05   3.7536621e+01
   6.9887100e+05   4.2419434e+01
   6.9966300e+05   4.1320801e+01
   7.0048700e+05   3.8696289e+01
   7.0730100e+05   3.7536621e+01
   7.1000700e+05   3.8208008e+01
   7.1017000e+05   3.9855957e+01
   7.1171500e+05   3.8330078e+01
   7.1238900e+05   3.8085938e+01
   7.1247600e+05   3.8818359e+01
   7.1263300e+05   3.9916992e+01
   7.1333300e+05   4.2175293e+01
   7.1355800e+05   4.6508789e+01
   7.1368600e+05   4.0344238e+01
   7.1402900e+05   4.1320801e+01
   7.1433700e+05   4.3273926e+01
   7.1452200e+05   4.1870117e+01
   7.2967000e+05   3.7536621e+01
   7.3115900e+05   4.0283203e+01
   7.3208900e+05   3.7963867e+01
   7.3321700e+05   4.0039062e+01
   7.3562700e+05   3.7841797e+01
   7.4414200e+05   3.7536621e+01
   7.4561300e+05   4.5043945e+01
   7.4672800e+05   4.0039063e+01
   7.4736000e+05   3.8391113e+01
   7.5207300e+05   4.1503906e+01
   7.5253600e+05   4.0222168e+01
   7.5274700e+05   3.9245605e+01
   7.5359900e+05   3.7841797e+01
   7.5393000e+05   4.1870117e+01
   7.5414000e+05   5.0476074e+01
   7.5454800e+05   6.4514160e+01
   7.5498400e+05   4.6630859e+01
   7.7631600e+05   3.8146973e+01
   8.0799200e+05   3.8452148e+01
   8.2402400e+05   4.4372559e+01
   8.2700100e+05   4.0405273e+01
   8.3121300e+05   4.0161133e+01
   8.5363400e+05   4.0649414e+01
   8.6060200e+05   3.9978027e+01
   8.6199900e+05   3.9001465e+01
   8.6922800e+05   4.5837402e+01
   8.8189400e+05   5.0354004e+01
   8.9410800e+05   3.9062500e+01
   9.0239700e+05   3.9672852e+01
   9.2330000e+05   4.4433594e+01
   9.2984900e+05   3.9916992e+01
   9.4464800e+05   4.4982910e+01
   9.7575300e+05   4.0832520e+01
   1.0066210e+06   4.6325684e+01
   1.0622610e+06   3.8146973e+01
   1.0657220e+06   4.2602539e+01
   1.0832310e+06   3.9123535e+01
   1.0896280e+06   4.1137695e+01
   1.0912020e+06   3.8879395e+01
   1.0921440e+06   4.4860840e+01
   1.0954890e+06   3.8391113e+01
   1.1010170e+06   4.1259766e+01
   1.1063280e+06   3.7780762e+01
   1.1143230e+06   4.2053223e+01
   1.1163530e+06   3.8452148e+01
   1.1187050e+06   3.8085938e+01
   1.1221430e+06   3.9123535e+01
   1.1297350e+06   4.0588379e+01
   1.1356750e+06   4.7180176e+01
   1.1386660e+06   4.3518066e+01
   1.1554020e+06   3.9306641e+01
   1.1616970e+06   4.0100098e+01
   1.1665950e+06   3.8208008e+01
   1.1747980e+06   3.8391113e+01
   1.1868480e+06   4.2419434e+01
   1.1873790e+06   3.9855957e+01
   1.1913950e+06   3.8146973e+01
   1.1984070e+06   3.8391113e+01
   1.2025180e+06   4.4311523e+01
   1.2078660e+06   3.8574219e+01
   1.2193490e+06   4.6386719e+01
   1.2247840e+06   4.3457031e+01
   1.2338970e+06   3.8146973e+01
   1.2484030e+06   4.1381836e+01
   1.2528010e+06   3.9916992e+01
   1.2532230e+06   4.3334961e+01
   1.2588120e+06   4.1870117e+01
   1.2614250e+06   4.3029785e+01
   1.2684900e+06   3.7536621e+01
   1.2732060e+06   3.7963867e+01
   1.2749170e+06   4.4860840e+01
   1.2841220e+06   4.2358398e+01
   1.2944930e+06   3.9367676e+01
   1.2996240e+06   3.7841797e+01
   1.3095940e+06   3.8269043e+01
   1.3102620e+06   3.9672852e+01
   1.3180160e+06   5.1574707e+01
   1.3331850e+06   3.8330078e+01
   1.3346020e+06   4.1687012e+01
   1.3398490e+06   4.3395996e+01
   1.3431980e+06   4.3579102e+01
   1.3447340e+06   3.9978027e+01
   1.3550330e+06   4.1992188e+01
   1.3680300e+06   4.0283203e+01
   1.3694000e+06   4.0954590e+01
   1.3820580e+06   4.3151855e+01
   1.3895920e+06   5.1086426e+01
   1.4052430e+06   3.8574219e+01
   1.4056930e+06   3.8208008e+01
   1.4057630e+06   3.9428711e+01
   1.4059420e+06   4.5349121e+01
   1.4059930e+06   4.8828125e+01
   1.4060130e+06   3.9184570e+01
   1.4061070e+06   4.3212891e+01
   1.4061330e+06   5.1391602e+01
   1.4061710e+06   3.8879395e+01
   1.4062610e+06   4.0588379e+01
   1.4063510e+06   4.0039062e+01
   1.4063640e+06   4.1137695e+01
   1.4064860e+06   4.0161133e+01
   1.4065270e+06   4.1687012e+01
   1.4066070e+06   3.8391113e+01
   1.4066790e+06   4.8645020e+01
   1.4067180e+06   4.1625977e+01
   1.4067760e+06   4.2663574e+01
   1.4068070e+06   3.8696289e+01
   1.4068290e+06   4.1992188e+01
   1.4069370e+06   3.8513184e+01
   1.4069860e+06   3.9733887e+01
   1.4070760e+06   3.9672852e+01
   1.4071690e+06   4.3701172e+01
   1.4072450e+06   3.8696289e+01
   1.4073750e+06   4.0466309e+01
   1.4075370e+06   5.0415039e+01
   1.4240790e+06   4.0161133e+01
   1.4252440e+06   4.6264648e+01
   1.4259830e+06   4.4799805e+01
   1.4271010e+06   4.1076660e+01
   1.4275870e+06   3.8879395e+01
   1.4277330e+06   4.7851563e+01
   1.4283770e+06   4.6508789e+01
   1.4285870e+06   4.2968750e+01
   1.4295370e+06   4.6081543e+01
   1.4357130e+06   4.2541504e+01
   1.4388860e+06   4.5227051e+01
   1.4401400e+06   4.2175293e+01
   1.4422080e+06   3.8879395e+01
   1.4425690e+06   3.9001465e+01
   1.4458910e+06   4.6020508e+01
   1.4477660e+06   3.9978027e+01
   1.4486940e+06   3.7597656e+01
   1.4509470e+06   4.0100098e+01
   1.4519070e+06   4.1625977e+01
   1.4544920e+06   4.1992188e+01
   1.4578560e+06   3.9733887e+01
   1.4585440e+06   4.1809082e+01
   1.4587740e+06   3.7841797e+01
   1.4588910e+06   5.2368164e+01
   1.4591920e+06   3.8940430e+01
   1.4595010e+06   5.6762695e+01
   1.4599160e+06   4.1259766e+01
   1.4602020e+06   4.1870117e+01
   1.4602210e+06   3.8330078e+01
   1.4616110e+06   4.0832520e+01
   1.4624640e+06   3.8024902e+01
   1.4641340e+06   4.1137695e+01
   1.4802410e+06   3.9489746e+01
   1.4814170e+06   3.8024902e+01
   1.4816960e+06   4.0527344e+01
   1.4827640e+06   3.9672852e+01
   1.4891210e+06   4.1564941e+01
   1.4915100e+06   4.1503906e+01
   1.4935320e+06   3.9245605e+01
   1.4937790e+06   3.8757324e+01
   1.4940390e+06   4.2297363e+01
   1.4948480e+06   3.9550781e+01
   1.4954750e+06   4.2297363e+01
   1.4986800e+06   3.9123535e+01
   1.5153470e+06   4.1625977e+01
   1.5196680e+06   4.0222168e+01
   1.5483960e+06   4.4433594e+01
   1.6376420e+06   4.4067383e+01
   1.6437960e+06   3.7963867e+01
   1.6439250e+06   4.4677734e+01
   1.6442410e+06   4.0222168e+01
   1.6442710e+06   4.3640137e+01
   1.6446240e+06   3.8635254e+01
   1.6449360e+06   4.0466309e+01
   1.6755290e+06   3.8940430e+01
   1.6856160e+06   3.8757324e+01
   1.7011970e+06   4.5166016e+01
   1.7204780e+06   3.8574219e+01
   1.7333090e+06   3.9184570e+01
   1.7468970e+06   4.1198730e+01
   1.7662080e+06   3.7536621e+01
   1.7935360e+06   4.1992188e+01
   1.7984100e+06   3.8391113e+01
   1.8017420e+06   3.8391113e+01
   1.8031750e+06   3.8940430e+01
   1.8142480e+06   4.0649414e+01
   1.8254580e+06   4.3029785e+01
   1.8531520e+06   3.9428711e+01
   1.8586020e+06   4.0527344e+01
   1.8633250e+06   4.2297363e+01
   1.8684410e+06   4.6142578e+01
   1.8794090e+06   4.5898438e+01
   1.8920790e+06   4.3701172e+01
   1.9178880e+06   4.9194336e+01
   1.9198260e+06   4.1015625e+01
   1.9383800e+06   3.7719727e+01
   1.9391530e+06   3.7658691e+01
   1.9456830e+06   4.5410156e+01
   1.9688910e+06   4.1381836e+01
   1.9783220e+06   4.8889160e+01
   1.9811140e+06   4.7607422e+01
   2.0007230e+06   4.0954590e+01
   2.0029860e+06   4.2480469e+01
   2.0215650e+06   4.5166016e+01
   2.0263670e+06   3.9916992e+01
   2.0313710e+06   4.1931152e+01
   2.0639710e+06   3.8146973e+01
   2.0743590e+06   3.8635254e+01
   2.0862060e+06   4.1809082e+01
   2.1027670e+06   3.8269043e+01
   2.1070980e+06   3.8024902e+01
   2.1186920e+06   4.4555664e+01
   2.1353010e+06   4.2175293e+01
   2.1408520e+06   4.0771484e+01
   2.1408810e+06   4.1564941e+01
   2.1411230e+06   4.6875000e+01
   2.1412230e+06   3.8757324e+01
   2.1412720e+06   5.2307129e+01
   2.1413450e+06   4.9804688e+01
   2.1414240e+06   4.4738770e+01
   2.1415840e+06   5.0964355e+01
   2.1415980e+06   4.0832520e+01
   2.1416380e+06   4.2907715e+01
   2.1417490e+06   4.3701172e+01
   2.1417750e+06   4.1809082e+01
   2.1418010e+06   3.9367676e+01
   2.1418690e+06   4.6875000e+01
   2.1419100e+06   3.8879395e+01
   2.1419760e+06   3.9184570e+01
   2.1420280e+06   3.9245605e+01
   2.1420710e+06   3.8269043e+01
   2.1421250e+06   4.1320801e+01
   2.1421710e+06   4.2907715e+01
   2.1422870e+06   5.0048828e+01
   2.1423120e+06   3.9428711e+01
   2.1424660e+06   3.9550781e+01
   2.1425440e+06   3.8635254e+01
   2.1426000e+06   5.9997559e+01
   2.1427670e+06   4.3273926e+01
   2.1428190e+06   3.9672852e+01
   2.1429870e+06   4.3823242e+01
   2.1436390e+06   3.8146973e+01
   2.1599420e+06   4.1015625e+01
   2.1610070e+06   3.9123535e+01
   2.1619470e+06   3.7597656e+01
   2.1622000e+06   4.5166016e+01
   2.1622940e+06   3.7536621e+01
   2.1627760e+06   4.2541504e+01
   2.1629600e+06   4.1748047e+01
   2.1634810e+06   4.6569824e+01
   2.1635900e+06   3.8818359e+01
   2.1636970e+06   3.9184570e+01
   2.1640270e+06   4.5349121e+01
   2.1642260e+06   4.1809082e+01
   2.1644410e+06   3.8818359e+01
   2.1752900e+06   3.8330078e+01
   2.1762920e+06   4.1259766e+01
   2.1770360e+06   4.0405273e+01
   2.1808350e+06   3.7963867e+01
   2.1812910e+06   3.7963867e+01
   2.1827010e+06   3.9001465e+01
   2.1839290e+06   3.9489746e+01
   2.1847050e+06   4.1931152e+01
   2.1874230e+06   3.8391113e+01
   2.1884070e+06   4.1442871e+01
   2.1913970e+06   3.9611816e+01
   2.1923430e+06   3.9428711e+01
   2.1927060e+06   4.1137695e+01
   2.1930670e+06   4.7973633e+01
   2.1932080e+06   3.8024902e+01
   2.1933370e+06   4.1748047e+01
   2.1936310e+06   3.9550781e+01
   2.1940580e+06   3.9123535e+01
   2.1943460e+06   3.9062500e+01
   2.1951530e+06   3.8879395e+01
   2.1954710e+06   4.0466309e+01
   2.1961680e+06   4.0832520e+01
   2.2042960e+06   3.7719727e+01
   2.2203430e+06   3.8330078e+01
   2.2215960e+06   3.8208008e+01
   2.2220780e+06   3.7780762e+01
   2.2221190e+06   4.1259766e+01
   2.2233520e+06   3.8269043e+01
   2.2238930e+06   4.1564941e+01
   2.2244350e+06   4.4067383e+01
   2.2251210e+06   4.1015625e+01
   2.2253780e+06   3.9733887e+01
   2.2255970e+06   3.9978027e+01
   2.2257570e+06   4.2419434e+01
   2.2260380e+06   3.9245605e+01
   2.2261140e+06   3.8757324e+01
   2.2263490e+06   4.0161133e+01
   2.2264590e+06   3.7719727e+01
   2.2267730e+06   3.8940430e+01
   2.2268270e+06   4.0527344e+01
   2.2269200e+06   3.8635254e+01
   2.2271270e+06   3.9733887e+01
   2.2274710e+06   4.4616699e+01
   2.2276300e+06   3.8452148e+01
   2.2333050e+06   4.0161133e+01
   2.2493970e+06   3.8330078e+01
   2.2548690e+06   4.1870117e+01
   2.2677110e+06   4.0283203e+01
   2.2704330e+06   3.7780762e+01
   2.2710500e+06   4.7973633e+01
   2.2714420e+06   4.0222168e+01
   2.2715820e+06   3.7536621e+01
   2.2717290e+06   4.2053223e+01
   2.2721300e+06   4.5227051e+01
   2.2722700e+06   4.5104980e+01
   2.2724760e+06   4.2480469e+01
   2.2727600e+06   3.7780762e+01
   2.2728960e+06   4.0161133e+01
   2.2730630e+06   4.1442871e+01
   2.2733620e+06   4.5593262e+01
   2.3066670e+06   4.5837402e+01
   2.3090860e+06   3.7719727e+01
   2.3129860e+06   3.9184570e+01
   2.3322720e+06   5.2612305e+01
   2.3369020e+06   3.8391113e+01
   2.3607740e+06   4.2602539e+01
   2.4117450e+06   5.0170898e+01
   2.4210780e+06   4.3090820e+01
   2.4692500e+06   3.7658691e+01
   2.4977950e+06   4.2663574e+01
   2.5019500e+06   3.8146973e+01
   2.5170730e+06   3.7658691e+01
   2.5176090e+06   3.9306641e+01
   2.5452000e+06   4.2602539e+01
   2.5833220e+06   3.8146973e+01
   2.5855740e+06   3.7841797e+01
   2.6044760e+06   3.9062500e+01
   2.6166220e+06   4.4250488e+01
   2.6478120e+06   3.9794922e+01
   2.6831080e+06   3.8146973e+01
   2.6897080e+06   4.2053223e+01
   2.6974360e+06   4.3395996e+01
   2.7029710e+06   4.3457031e+01
   2.7253990e+06   4.7424316e+01
   2.7401100e+06   3.9672852e+01
   2.7507410e+06   3.8208008e+01
   2.7559920e+06   3.8146973e+01
   2.7590110e+06   4.0954590e+01
   2.7748540e+06   3.8940430e+01
   2.8009480e+06   4.2907715e+01
   2.8226980e+06   4.0832520e+01
   2.8311500e+06   4.6691895e+01
   2.8364800e+06   3.9001465e+01
   2.8446710e+06   4.1320801e+01
   2.8586330e+06   3.8024902e+01
   2.8639940e+06   4.0283203e+01
   2.8831580e+06   3.9550781e+01
   2.9062590e+06   3.9306641e+01
   2.9313150e+06   3.8513184e+01
   2.9338830e+06   4.4555664e+01
   2.9365320e+06   4.9804688e+01
   2.9415400e+06   3.9978027e+01
   2.9454280e+06   4.1687012e+01
   2.9476320e+06   5.3466797e+01
   2.9719600e+06   4.3884277e+01
   2.9780420e+06   3.8940430e+01
   2.9979650e+06   3.8635254e+01
   2.9997290e+06   4.3395996e+01
   3.0007970e+06   3.9978027e+01
   3.0210710e+06   4.0100098e+01
   3.0243640e+06   4.1198730e+01
   3.0245250e+06   4.5715332e+01
   3.0246800e+06   4.1442871e+01
   3.0247560e+06   6.2133789e+01
   3.0248050e+06   6.5368652e+01
   3.0250110e+06   3.9306641e+01
   3.0250880e+06   4.2846680e+01
   3.0251780e+06   4.1381836e+01
   3.0253060e+06   3.7536621e+01
   3.0253720e+06   4.1137695e+01
   3.0254600e+06   6.4697266e+01
   3.0255270e+06   4.1687012e+01
   3.0255800e+06   4.7180176e+01
   3.0256400e+06   4.0771484e+01
   3.0256840e+06   4.6508789e+01
   3.0259860e+06   3.7719727e+01
   3.0261110e+06   3.7658691e+01
   3.0263140e+06   4.0222168e+01
   3.0264500e+06   4.1748047e+01
   3.0401510e+06   3.8879395e+01
   3.0433770e+06   4.4616699e+01
   3.0447070e+06   3.7963867e+01
   3.0453250e+06   4.7180176e+01
   3.0457640e+06   4.5898438e+01
   3.0458710e+06   4.3212891e+01
   3.0459720e+06   3.9123535e+01
   3.0461250e+06   3.8818359e+01
   3.0461480e+06   4.5166016e+01
   3.0464830e+06   4.9743652e+01
   3.0465330e+06   4.2785645e+01
   3.0466210e+06   3.8452148e+01
   3.0468070e+06   3.8085938e+01
   3.0470190e+06   4.1992188e+01
   3.0471230e+06   4.1870117e+01
   3.0471770e+06   4.3212891e+01
   3.0474050e+06   4.4189453e+01
   3.0476070e+06   4.1809082e+01
   3.0476870e+06   4.0527344e+01
   3.0480080e+06   3.9062500e+01
   3.0590480e+06   3.7719727e+01
   3.0596410e+06   4.6630859e+01
   3.0609980e+06   3.7719727e+01
   3.0614620e+06   4.5593262e+01
   3.0655830e+06   3.8452148e+01
   3.0679330e+06   3.9001465e+01
   3.0692680e+06   3.8024902e+01
   3.0701570e+06   3.9489746e+01
   3.0704920e+06   4.0710449e+01
   3.0719650e+06   3.7658691e+01
   3.0732420e+06   3.7841797e+01
   3.0754790e+06   4.3457031e+01
   3.0761510e+06   3.8574219e+01
   3.0765080e+06   3.8818359e+01
   3.0767380e+06   3.8330078e+01
   3.0791090e+06   5.0476074e+01
   3.0796520e+06   3.9978027e+01
   3.0797990e+06   3.8208008e+01
   3.0887500e+06   4.3579102e+01
   3.0921800e+06   3.9123535e+01
   3.1043240e+06   4.3029785e+01
   3.1087430e+06   4.0954590e+01
   3.1087830e+06   4.0466309e+01
   3.1097020e+06   3.7902832e+01
   3.1097940e+06   5.9020996e+01
   3.1100320e+06   3.8757324e+01
   3.1103450e+06   3.8269043e+01
   3.1109280e+06   4.0893555e+01
   3.1123400e+06   3.8391113e+01
   3.1126360e+06   3.8085938e+01
   3.1151210e+06   4.6081543e+01
   3.1158190e+06   3.9367676e+01
   3.1167840e+06   4.3762207e+01
   3.1168000e+06   3.8269043e+01
   3.1176630e+06   3.9428711e+01
   3.1307130e+06   3.8085938e+01
   3.1310740e+06   3.9672852e+01
   3.1453440e+06   5.6091309e+01
   3.1481780e+06   5.9570312e+01
   3.1490470e+06   3.9916992e+01
   3.1496530e+06   4.3701172e+01
   3.1498140e+06   3.9489746e+01
   3.1501050e+06   4.7851562e+01
   3.1509050e+06   4.1198730e+01
   3.1557870e+06   3.7719727e+01
   3.1765880e+06   3.7963867e+01
   3.1769620e+06   4.2297363e+01
   3.1947370e+06   3.8269043e+01
   3.2100740e+06   3.7536621e+01
   3.2634520e+06   4.4311523e+01
   3.2762160e+06   4.3151855e+01
   3.2939590e+06   3.9428711e+01
   3.3020490e+06   3.8269043e+01
   3.3149650e+06   4.0710449e+01
   3.3230680e+06   3.8574219e+01
   3.3297350e+06   3.9245605e+01
   3.3528230e+06   3.9062500e+01
   3.3645040e+06   3.9428711e+01
   3.3789980e+06   3.8513184e+01
   3.3824350e+06   3.7597656e+01
   3.3995180e+06   3.9367676e+01
   3.4252560e+06   3.9123535e+01
   3.4298670e+06   3.9062500e+01
   3.4740790e+06   3.7780762e+01
   3.4867520e+06   3.9306641e+01
   3.5030410e+06   4.2480469e+01
   3.5344700e+06   3.9794922e+01
   3.5446820e+06   3.9733887e+01
   3.5494800e+06   3.9978027e+01
   3.5497100e+06   4.0344238e+01
   3.5582790e+06   3.8085938e+01
   3.5939030e+06   3.9367676e+01
   3.5998510e+06   4.2297363e+01
   3.6179080e+06   4.1381836e+01
   3.6305990e+06   3.8513184e+01
   3.6630200e+06   4.5959473e+01
   3.6711730e+06   4.0527344e+01
   3.6784510e+06   3.8085938e+01
   3.6999240e+06   4.0100098e+01
   3.7176870e+06   4.5043945e+01
   3.7219430e+06   3.9733887e+01
   3.7291420e+06   4.2236328e+01
   3.7309400e+06   3.9062500e+01
   3.7396320e+06   3.9794922e+01
   3.7527270e+06   3.8024902e+01
   3.7733010e+06   4.0588379e+01
   3.7972400e+06   3.9611816e+01
   3.8050750e+06   4.9255371e+01
   3.8132290e+06   3.8269043e+01
   3.8372070e+06   4.3945312e+01
   3.8424330e+06   4.2663574e+01
   3.8501060e+06   4.2785645e+01
   3.8562560e+06   4.2236328e+01
   3.8611120e+06   4.5043945e+01
   3.9077240e+06   3.7536621e+01
   3.9097380e+06   4.3945312e+01
   3.9124660e+06   4.3762207e+01
   3.9125870e+06   3.9001465e+01
   3.9126150e+06   4.0588379e+01
   3.9126390e+06   4.4006348e+01
   3.9127030e+06   4.1381836e+01
   3.9127240e+06   3.8330078e+01
   3.9128600e+06   4.5898438e+01
   3.9128910e+06   4.2663574e+01
   3.9129250e+06   4.1931152e+01
   3.9129900e+06   3.8269043e+01
   3.9130650e+06   4.2053223e+01
   3.9131400e+06   4.3701172e+01
   3.9132170e+06   4.3945312e+01
   3.9132290e+06   4.6264648e+01
   3.9133270e+06   5.1452637e+01
   3.9133600e+06   3.8146973e+01
   3.9133910e+06   4.9926758e+01
   3.9135470e+06   4.6630859e+01
   3.9135860e+06   4.7912598e+01
   3.9136040e+06   4.0100098e+01
   3.9137180e+06   4.1320801e+01
   3.9155650e+06   3.7841797e+01
   3.9326990e+06   3.8391113e+01
   3.9329330e+06   3.8940430e+01
   3.9332750e+06   3.7780762e+01
   3.9339920e+06   4.2297363e+01
   3.9342870e+06   3.7780762e+01
   3.9345390e+06   5.9936523e+01
   3.9347200e+06   4.1931152e+01
   3.9348480e+06   5.0354004e+01
   3.9348840e+06   3.8574219e+01
   3.9351830e+06   3.9489746e+01
   3.9353860e+06   7.2326660e+01
   3.9356130e+06   3.8330078e+01
   3.9356440e+06   3.8879395e+01
   3.9356770e+06   4.2419434e+01
   3.9359260e+06   4.4128418e+01
   3.9361990e+06   4.3518066e+01
   3.9363160e+06   3.7780762e+01
   3.9372250e+06   4.1259766e+01
   3.9376120e+06   4.0527344e+01
   3.9376510e+06   4.0405273e+01
   3.9451150e+06   3.7597656e+01
   3.9462130e+06   3.7963867e+01
   3.9487750e+06   4.5959473e+01
   3.9497050e+06   3.8085938e+01
   3.9530400e+06   3.9611816e+01
   3.9542490e+06   3.8330078e+01
   3.9550720e+06   3.9367676e+01
   3.9560090e+06   3.9550781e+01
   3.9588020e+06   5.0170898e+01
   3.9634590e+06   3.8391113e+01
   3.9672680e+06   3.8513184e+01
   3.9686320e+06   4.8645020e+01
   3.9692970e+06   4.3151855e+01
   3.9695240e+06   4.0405273e+01
   3.9697720e+06   3.8452148e+01
   3.9699170e+06   3.9062500e+01
   3.9701990e+06   3.8940430e+01
   3.9705250e+06   4.0588379e+01
   3.9705670e+06   4.1809082e+01
   3.9708660e+06   3.8879395e+01
   3.9713060e+06   4.2968750e+01
   3.9715940e+06   3.7719727e+01
   3.9924510e+06   4.1076660e+01
   3.9968930e+06   3.7536621e+01
   4.0009650e+06   5.0354004e+01
   4.0010390e+06   5.1757812e+01
   4.0017680e+06   4.2724609e+01
   4.0023770e+06   3.9794922e+01
   4.0026550e+06   4.6691895e+01
   4.0038010e+06   4.6325684e+01
   4.0046760e+06   4.1564941e+01
   4.0212070e+06   4.2968750e+01
   4.0801820e+06   4.2053223e+01
   4.0875900e+06   4.0527344e+01
   4.1752610e+06   3.8208008e+01
   4.1768650e+06   4.0832520e+01
   4.1901610e+06   3.7536621e+01
   4.2084250e+06   3.8757324e+01
   4.2515490e+06   3.9794922e+01
   4.2608350e+06   3.9794922e+01
   4.2746540e+06   4.2724609e+01
   4.2841480e+06   4.0283203e+01
   4.3111680e+06   5.0354004e+01
   4.3525940e+06   3.9550781e+01
   4.3564000e+06   3.8574219e+01
   4.3774550e+06   4.0466309e+01
   4.3863910e+06   4.3151855e+01
   4.3995050e+06   4.6997070e+01
   4.4016090e+06   3.8208008e+01
   4.4139260e+06   4.1503906e+01
   4.4205680e+06   3.9733887e+01
   4.4263820e+06   3.8940430e+01
   4.4351190e+06   4.3212891e+01
   4.4409780e+06   4.2053223e+01
   4.4593040e+06   4.5776367e+01
   4.4605360e+06   4.0954590e+01
   4.4871860e+06   4.3701172e+01
   4.5010280e+06   3.7536621e+01
   4.5363260e+06   4.3151855e+01
   4.5868740e+06   4.1564941e+01
   4.5957300e+06   4.0527344e+01
   4.5967700e+06   4.2358398e+01
   4.6046450e+06   3.8452148e+01
   4.6169430e+06   4.4616699e+01
   4.6171910e+06   4.3273926e+01
   4.6173120e+06   3.9367676e+01
   4.6173270e+06   4.1992188e+01
   4.6173630e+06   4.5471191e+01
   4.6174680e+06   5.6396484e+01
   4.6175160e+06   3.7719727e+01
   4.6175750e+06   4.0771484e+01
   4.6176320e+06   4.6142578e+01
   4.6176540e+06   3.7841797e+01
   4.6176830e+06   4.0222168e+01
   4.6177520e+06   3.8940430e+01
   4.6178280e+06   4.7546387e+01
   4.6178650e+06   4.1076660e+01
   4.6179400e+06   5.1879883e+01
   4.6179580e+06   4.0283203e+01
   4.6180010e+06   4.9865723e+01
   4.6180350e+06   4.2053223e+01
   4.6180900e+06   4.4006348e+01
   4.6181800e+06   4.2785645e+01
   4.6182880e+06   3.8085938e+01
   4.6183230e+06   3.8818359e+01
   4.6183900e+06   4.3273926e+01
   4.6184520e+06   4.2968750e+01
   4.6187210e+06   3.9306641e+01
   4.6187730e+06   4.1198730e+01
   4.6191320e+06   4.4738770e+01
   4.6375230e+06   4.2968750e+01
   4.6395760e+06   3.9184570e+01
   4.6403270e+06   3.8696289e+01
   4.6403620e+06   4.5837402e+01
   4.6407980e+06   3.9978027e+01
   4.6411810e+06   3.7963867e+01
   4.6413640e+06   4.7302246e+01
   4.6414070e+06   4.0039062e+01
   4.6417340e+06   5.1269531e+01
   4.6418250e+06   3.9611816e+01
   4.6419010e+06   4.2480469e+01
   4.6419550e+06   4.5410156e+01
   4.6421510e+06   4.1687012e+01
   4.6424720e+06   4.0405273e+01
   4.6424970e+06   3.9672852e+01
   4.6429440e+06   4.2236328e+01
   4.6551330e+06   4.4128418e+01
   4.6570050e+06   3.8452148e+01
   4.6610840e+06   4.2053223e+01
   4.6655050e+06   4.1625977e+01
   4.6716310e+06   4.0893555e+01
   4.6789060e+06   3.8208008e+01
   4.6810650e+06   4.0527344e+01
   4.6819650e+06   4.0222168e+01
   4.6825730e+06   3.8696289e+01
   4.6829460e+06   3.7963867e+01
   4.6830410e+06   4.9743652e+01
   4.6831880e+06   3.7658691e+01
   4.6833650e+06   4.1625977e+01
   4.6835360e+06   3.8024902e+01
   4.6835690e+06   3.7841797e+01
   4.6836370e+06   5.2490234e+01
   4.6837650e+06   3.9550781e+01
   4.6839980e+06   5.8105469e+01
   4.6840150e+06   3.9794922e+01
   4.6841700e+06   3.8513184e+01
   4.6842550e+06   4.3395996e+01
   4.6842980e+06   4.4006348e+01
   4.6844850e+06   4.0771484e+01
   4.6846490e+06   4.0039062e+01
   4.6850020e+06   3.9184570e+01
   4.7121790e+06   3.8269043e+01
   4.7136140e+06   3.9733887e+01
   4.7144640e+06   4.3029785e+01
   4.7150780e+06   4.3701172e+01
   4.7154120e+06   4.0954590e+01
   4.7156300e+06   4.0039062e+01
   4.7156650e+06   3.9672852e+01
   4.7159840e+06   5.2124023e+01
   4.7167600e+06   3.8391113e+01
   4.7174470e+06   3.7658691e+01
   4.7797780e+06   4.0893555e+01
   4.8292230e+06   3.9916992e+01
   4.8403160e+06   4.0710449e+01
   4.8720140e+06   4.3579102e+01
   4.9050720e+06   4.0222168e+01
   4.9051320e+06   4.4189453e+01
   4.9081970e+06   3.7658691e+01
   4.9490230e+06   3.9062500e+01
   4.9583270e+06   4.4982910e+01
   5.0009070e+06   3.8146973e+01
   5.0107000e+06   4.3640137e+01
   5.0180550e+06   3.8085938e+01
   5.0343960e+06   4.2175293e+01
   5.0497120e+06   4.3334961e+01
   5.0542540e+06   4.2602539e+01
   5.0671360e+06   3.8146973e+01
   5.0683030e+06   3.8879395e+01
   5.0878200e+06   4.2236328e+01
   5.0891360e+06   4.1381836e+01
   5.0894310e+06   4.3640137e+01
   5.0895050e+06   4.1259766e+01
   5.0900760e+06   3.7719727e+01
   5.1049460e+06   4.2663574e+01
   5.1116460e+06   3.8146973e+01
   5.1148680e+06   4.1809082e+01
   5.1311790e+06   3.9428711e+01
   5.1325350e+06   3.7963867e+01
   5.1373530e+06   4.5104980e+01
   5.2217880e+06   3.7536621e+01
   5.2254710e+06   3.9306641e+01
   5.2383230e+06   4.3884277e+01
   5.2524140e+06   4.4982910e+01
   5.2542710e+06   3.9428711e+01
   5.2593600e+06   3.8085938e+01
   5.2713360e+06   3.8757324e+01
   5.2831600e+06   4.1076660e+01
   5.3095180e+06   4.1931152e+01
   5.3468010e+06   4.0588379e+01
   5.3704130e+06   5.2856445e+01
   5.3760560e+06   3.8208008e+01
   5.4226010e+06   3.7658691e+01
   5.4306860e+06   3.8696289e+01
   5.4419150e+06   3.8330078e+01
   5.4451780e+06   3.8208008e+01
   5.4510090e+06   4.1015625e+01
   5.4845900e+06   3.8879395e+01
   5.5075830e+06   5.1391602e+01
   5.5123830e+06   3.7719727e+01
   5.5398610e+06   3.8696289e+01
   5.5467160e+06   3.7536621e+01
   5.5586300e+06   4.2785645e+01
   5.5622340e+06   3.8146973e+01
   5.5683300e+06   4.1931152e+01
   5.5709870e+06   4.6691895e+01
   5.5752420e+06   4.6813965e+01
   5.5895840e+06   4.1931152e+01
   5.5897510e+06   3.8146973e+01
   5.6046510e+06   4.0649414e+01
   5.6059790e+06   3.9916992e+01
   5.6082410e+06   4.0771484e+01
   5.6129970e+06   3.7536621e+01
   5.6238940e+06   4.0161133e+01
   5.6540760e+06   3.9794922e+01
   5.6592920e+06   3.7963867e+01
   5.6675250e+06   4.9377441e+01
   5.6679230e+06   4.2114258e+01
   5.6680980e+06   4.1625977e+01
   5.6682070e+06   3.9611816e+01
   5.6683270e+06   8.0383301e+01
   5.6683480e+06   4.5715332e+01
   5.6683760e+06   4.0039062e+01
   5.6683920e+06   4.1748047e+01
   5.6684120e+06   4.1748047e+01
   5.6684470e+06   5.8959961e+01
   5.6685820e+06   4.0527344e+01
   5.6686080e+06   4.0466309e+01
   5.6686990e+06   3.8024902e+01
   5.6687200e+06   3.8330078e+01
   5.6687940e+06   3.8146973e+01
   5.6688270e+06   4.5410156e+01
   5.6688600e+06   4.9560547e+01
   5.6689250e+06   4.2785645e+01
   5.6689730e+06   4.1992188e+01
   5.6690200e+06   4.0100098e+01
   5.6690910e+06   4.3029785e+01
   5.6692580e+06   3.7719727e+01
   5.6693310e+06   3.8330078e+01
   5.6694930e+06   3.7597656e+01
   5.6696810e+06   3.9123535e+01
   5.6699370e+06   4.0100098e+01
   5.6701740e+06   3.7902832e+01
   5.6712420e+06   3.7902832e+01
   5.6855270e+06   4.1076660e+01
   5.6861790e+06   3.7963867e+01
   5.6867200e+06   4.0161133e+01
   5.6882340e+06   4.0893555e+01
   5.6884740e+06   3.9001465e+01
   5.6887940e+06   3.8635254e+01
   5.6890580e+06   4.0405273e+01
   5.6893540e+06   3.8818359e+01
   5.6894880e+06   4.0161133e+01
   5.6901160e+06   4.4555664e+01
   5.6905440e+06   3.8879395e+01
   5.6992030e+06   3.9489746e+01
   5.7002380e+06   4.0893555e+01
   5.7036430e+06   3.9306641e+01
   5.7057570e+06   4.0405273e+01
   5.7081370e+06   3.8818359e+01
   5.7119830e+06   3.7658691e+01
   5.7127570e+06   4.6020508e+01
   5.7136310e+06   4.2175293e+01
   5.7143530e+06   4.1076660e+01
   5.7152490e+06   3.8635254e+01
   5.7170330e+06   4.0283203e+01
   5.7183180e+06   4.0039062e+01
   5.7187110e+06   3.9611816e+01
   5.7187350e+06   3.7658691e+01
   5.7188220e+06   5.1269531e+01
   5.7189270e+06   4.1931152e+01
   5.7190230e+06   3.8879395e+01
   5.7190720e+06   3.8940430e+01
   5.7193700e+06   3.8757324e+01
   5.7194040e+06   6.2194824e+01
   5.7195090e+06   4.0039062e+01
   5.7197830e+06   4.3029785e+01
   5.7199580e+06   4.6142578e+01
   5.7202960e+06   3.9916992e+01
   5.7204080e+06   3.8085938e+01
   5.7206620e+06   4.3457031e+01
   5.7210440e+06   4.1870117e+01
   5.7415820e+06   3.8269043e+01
   5.7434980e+06   3.7963867e+01
   5.7436360e+06   4.0344238e+01
   5.7451750e+06   3.9672852e+01
   5.7476660e+06   3.9733887e+01
   5.7482030e+06   3.8269043e+01
   5.7482160e+06   4.3090820e+01
   5.7487470e+06   3.8330078e+01
   5.7488490e+06   3.7536621e+01
   5.7491590e+06   4.9072266e+01
   5.7496440e+06   5.0415039e+01
   5.7496620e+06   3.9672852e+01
   5.7499240e+06   3.8085938e+01
   5.7501450e+06   3.7841797e+01
   5.7508490e+06   4.8645020e+01
   5.7515030e+06   3.9001465e+01
   5.7553960e+06   4.4921875e+01
   5.7705290e+06   3.7963867e+01
   5.7798340e+06   4.5715332e+01
   5.7817870e+06   4.7485352e+01
   5.7821950e+06   4.0222168e+01
   5.7827510e+06   3.8452148e+01
   5.7833290e+06   4.4738770e+01
   5.7834370e+06   3.9794922e+01
   5.7843160e+06   3.9855957e+01
   5.7851050e+06   4.5471191e+01
   5.7864920e+06   3.7719727e+01
   5.7867090e+06   4.4860840e+01
   5.7899650e+06   4.2724609e+01
   5.7905280e+06   4.0100098e+01
   5.8146790e+06   3.9184570e+01
   5.8295560e+06   4.5166016e+01
   5.8301240e+06   4.1198730e+01
   5.8308790e+06   3.7719727e+01
   5.8312580e+06   3.8818359e+01
   5.8313650e+06   4.3334961e+01
   5.8316320e+06   3.7536621e+01
   5.8318090e+06   4.1198730e+01
   5.8319000e+06   4.9926758e+01
   5.8320670e+06   3.8696289e+01
   5.8320970e+06   4.3029785e+01
   5.8323600e+06   4.0527344e+01
   5.8329260e+06   4.0161133e+01
   5.9587190e+06   3.9550781e+01
   5.9633330e+06   3.9184570e+01
   5.9962390e+06   3.7902832e+01
   6.0213260e+06   4.3701172e+01
   6.0348440e+06   3.7597656e+01
   6.0522770e+06   4.7302246e+01
   6.0578320e+06   3.8513184e+01
   6.0843580e+06   3.8696289e+01
   6.1578320e+06   4.9072266e+01
   6.1674080e+06   4.5227051e+01
   6.1682970e+06   3.9855957e+01
   6.1823720e+06   4.5166016e+01
   6.2116110e+06   3.9062500e+01
   6.2333350e+06   5.5053711e+01
   6.2637770e+06   3.8146973e+01
   6.2823670e+06   3.8024902e+01
   6.2993550e+06   4.1076660e+01
   6.3053630e+06   3.7841797e+01
   6.3143040e+06   3.8635254e+01
   6.3298300e+06   5.5480957e+01
   6.3310550e+06   4.1198730e+01
   6.3802410e+06   4.3884277e+01
   6.4064170e+06   4.3640137e+01
   6.4283470e+06   3.7841797e+01
   6.4317040e+06   3.8330078e+01
   6.4466450e+06   3.9123535e+01
   6.4479840e+06   3.9794922e+01
   6.4518460e+06   4.1870117e+01
   6.4580470e+06   4.1198730e+01
   6.4583500e+06   5.0292969e+01
   6.4583700e+06   4.7058105e+01
   6.4584900e+06   4.7119141e+01
   6.4585700e+06   5.5725098e+01
   6.4586350e+06   6.4880371e+01
   6.4587160e+06   4.5532227e+01
   6.4587610e+06   7.6843262e+01
   6.4588040e+06   4.0466309e+01
   6.4588670e+06   3.9611816e+01
   6.4588910e+06   4.2419434e+01
   6.4589520e+06   5.4687500e+01
   6.4589620e+06   3.9855957e+01
   6.4592100e+06   4.2175293e+01
   6.4592380e+06   6.1157227e+01
   6.4593670e+06   5.4077148e+01
   6.4593910e+06   3.8940430e+01
   6.4596000e+06   4.0039062e+01
   6.4596300e+06   4.4494629e+01
   6.4597720e+06   4.6203613e+01
   6.4600020e+06   4.0100098e+01
   6.4606170e+06   3.9855957e+01
   6.4633330e+06   3.8513184e+01
   6.4769600e+06   3.9245605e+01
   6.4774780e+06   3.9550781e+01
   6.4780410e+06   4.3640137e+01
   6.4785100e+06   3.7963867e+01
   6.4786690e+06   3.9184570e+01
   6.4789590e+06   4.2846680e+01
   6.4795530e+06   5.4565430e+01
   6.4796570e+06   3.8391113e+01
   6.4800320e+06   4.3518066e+01
   6.4801040e+06   4.1870117e+01
   6.4802110e+06   4.1687012e+01
   6.4803520e+06   4.0100098e+01
   6.4807000e+06   3.8024902e+01
   6.4811030e+06   3.7963867e+01
   6.4819860e+06   4.8522949e+01
   6.4912850e+06   3.8208008e+01
   6.4925900e+06   4.6569824e+01
   6.4944410e+06   4.0161133e+01
   6.4951290e+06   4.0283203e+01
   6.4971200e+06   4.1442871e+01
   6.4980530e+06   3.8696289e+01
   6.5002280e+06   4.1381836e+01
   6.5022560e+06   4.2968750e+01
   6.5073420e+06   3.8818359e+01
   6.5085660e+06   3.9978027e+01
   6.5089440e+06   3.8085938e+01
   6.5092960e+06   4.1198730e+01
   6.5096820e+06   3.7963867e+01
   6.5099750e+06   4.1442871e+01
   6.5104420e+06   4.4067383e+01
   6.5107380e+06   4.0954590e+01
   6.5108580e+06   4.1320801e+01
   6.5118330e+06   4.4189453e+01
   6.5216880e+06   3.9916992e+01
   6.5416290e+06   3.7963867e+01
   6.5440080e+06   3.8940430e+01
   6.5652260e+06   4.1870117e+01
   6.5708000e+06   4.0344238e+01
   6.5729390e+06   4.0649414e+01
   6.5892050e+06   3.8452148e+01
   6.5892710e+06   4.7607422e+01
   6.6634300e+06   3.8696289e+01
   6.7222530e+06   3.8574219e+01
   6.7302180e+06   3.7841797e+01
   6.7386760e+06   5.1147461e+01
   6.7723010e+06   4.1015625e+01
   6.8011730e+06   4.0893555e+01
   6.8120390e+06   3.8391113e+01
   6.8220650e+06   3.9855957e+01
   6.8388720e+06   4.2114258e+01
   6.8501820e+06   3.8208008e+01
   6.9141870e+06   4.2663574e+01
   6.9220760e+06   3.8940430e+01
   6.9467110e+06   4.5043945e+01
   6.9988580e+06   3.8024902e+01
   7.0057130e+06   4.2541504e+01
   7.0121260e+06   3.9367676e+01
   7.0261570e+06   3.8269043e+01
   7.0271020e+06   4.4250488e+01
   7.0275500e+06   4.6691895e+01
   7.0285790e+06   3.8513184e+01
   7.0417420e+06   3.7963867e+01
   7.0538540e+06   4.0649414e+01
   7.0650880e+06   3.9611816e+01
   7.0653810e+06   4.4311523e+01
   7.0655240e+06   3.9306641e+01
   7.0655550e+06   4.6936035e+01
   7.0656610e+06   4.7851562e+01
   7.0656750e+06   4.2724609e+01
   7.0657420e+06   4.2419434e+01
   7.0657520e+06   3.8269043e+01
   7.0657680e+06   3.9062500e+01
   7.0657900e+06   3.9489746e+01
   7.0658050e+06   3.8085938e+01
   7.0658430e+06   4.0466309e+01
   7.0658800e+06   4.0100098e+01
   7.0659020e+06   3.9123535e+01
   7.0659370e+06   5.4138184e+01
   7.0659770e+06   3.9184570e+01
   7.0660400e+06   5.3771973e+01
   7.0660630e+06   3.8208008e+01
   7.0660990e+06   4.1137695e+01
   7.0661320e+06   4.0405273e+01
   7.0661990e+06   5.4748535e+01
   7.0662770e+06   4.8217773e+01
   7.0664220e+06   3.9428711e+01
   7.0664700e+06   4.0893555e+01
   7.0665330e+06   4.0954590e+01
   7.0666290e+06   3.8696289e+01
   7.0668230e+06   3.8024902e+01
   7.0670550e+06   4.1198730e+01
   7.0670870e+06   3.8757324e+01
   7.0783710e+06   3.8574219e+01
   7.0867680e+06   4.5593262e+01
   7.0871660e+06   4.0771484e+01
   7.0875150e+06   4.2419434e+01
   7.0879290e+06   4.4860840e+01
   7.0879670e+06   3.8879395e+01
   7.0880240e+06   3.7536621e+01
   7.0881470e+06   4.3090820e+01
   7.0882630e+06   4.2846680e+01
   7.0883420e+06   5.3222656e+01
   7.0887960e+06   3.7536621e+01
   7.0888630e+06   3.7780762e+01
   7.0890100e+06   4.2907715e+01
   7.0892360e+06   3.8024902e+01
   7.0898370e+06   4.8339844e+01
   7.0903420e+06   3.7902832e+01
   7.1001400e+06   4.6691895e+01
   7.1022050e+06   4.0222168e+01
   7.1034620e+06   3.9855957e+01
   7.1035490e+06   3.8696289e+01
   7.1052780e+06   4.3945312e+01
   7.1067650e+06   4.9133301e+01
   7.1127520e+06   3.9489746e+01
   7.1156740e+06   4.2785645e+01
   7.1162090e+06   4.6875000e+01
   7.1162350e+06   4.1992188e+01
   7.1168780e+06   4.3151855e+01
   7.1174740e+06   3.7780762e+01
   7.1176500e+06   4.4677734e+01
   7.1178010e+06   3.8146973e+01
   7.1182260e+06   3.8391113e+01
   7.1182680e+06   4.0344238e+01
   7.1185100e+06   4.1015625e+01
   7.1187210e+06   4.8461914e+01
   7.1189050e+06   3.7719727e+01
   7.1190240e+06   3.8696289e+01
   7.1190590e+06   4.4006348e+01
   7.1190980e+06   4.0405273e+01
   7.1199510e+06   3.7597656e+01
   7.1201830e+06   3.9428711e+01
   7.1328780e+06   3.9001465e+01
   7.1458230e+06   3.9245605e+01
   7.1546970e+06   4.4982910e+01
   7.1661310e+06   4.1320801e+01
   7.1749780e+06   3.7536621e+01
   7.1782100e+06   4.0100098e+01
   7.2403720e+06   4.3640137e+01
   7.2641600e+06   3.7841797e+01
   7.2968900e+06   3.9428711e+01
   7.3252220e+06   3.9489746e+01
   7.3691370e+06   3.9794922e+01
   7.4236690e+06   3.7780762e+01
   7.4274460e+06   4.3945312e+01
   7.4563230e+06   3.9550781e+01
   7.4627710e+06   3.8635254e+01
   7.4796870e+06   3.8879395e+01
   7.4828040e+06   4.7912598e+01
   7.4831530e+06   3.8085938e+01
   7.4833980e+06   4.5898438e+01
   7.4835270e+06   4.4799805e+01
   7.4839000e+06   3.9733887e+01
   7.4839210e+06   3.9611816e+01
   7.4840480e+06   4.0832520e+01
   7.4990630e+06   3.9489746e+01
   7.5224030e+06   3.8940430e+01
   7.5453640e+06   3.8391113e+01
   7.6115940e+06   3.8269043e+01
   7.6315570e+06   4.9194336e+01
   7.6565720e+06   4.4067383e+01
   7.6674240e+06   3.7658691e+01
   7.6715780e+06   3.7780762e+01
   7.7089140e+06   3.8269043e+01
   7.7206690e+06   4.2358398e+01
   7.7207080e+06   3.8452148e+01
   7.7207820e+06   3.7536621e+01
   7.7208580e+06   5.3283691e+01
   7.7209650e+06   7.0312500e+01
   7.7210440e+06   4.6325684e+01
   7.7210650e+06   4.8828125e+01
   7.7210990e+06   3.9978027e+01
   7.7211450e+06   3.9672852e+01
   7.7211700e+06   4.8278809e+01
   7.7211880e+06   4.6020508e+01
   7.7212000e+06   5.7739258e+01
   7.7212840e+06   4.2907715e+01
   7.7213420e+06   4.2785645e+01
   7.7213660e+06   4.3884277e+01
   7.7214030e+06   5.6030273e+01
   7.7214580e+06   4.0344238e+01
   7.7214780e+06   4.0344238e+01
   7.7215140e+06   3.8146973e+01
   7.7215300e+06   3.8879395e+01
   7.7215850e+06   4.5532227e+01
   7.7216040e+06   3.8146973e+01
   7.7216880e+06   3.8818359e+01
   7.7217520e+06   4.3212891e+01
   7.7217660e+06   4.4067383e+01
   7.7218150e+06   4.4738770e+01
   7.7218810e+06   3.8391113e+01
   7.7219010e+06   3.8513184e+01
   7.7220290e+06   4.4982910e+01
   7.7221550e+06   3.9428711e+01
   7.7224550e+06   3.9245605e+01
   7.7230340e+06   4.1198730e+01
   7.7414140e+06   3.8574219e+01
   7.7423830e+06   3.7536621e+01
   7.7428100e+06   3.8269043e+01
   7.7429770e+06   4.9743652e+01
   7.7433930e+06   3.9733887e+01
   7.7435290e+06   4.7424316e+01
   7.7436190e+06   4.0283203e+01
   7.7436700e+06   3.7963867e+01
   7.7437940e+06   4.1442871e+01
   7.7439360e+06   4.9194336e+01
   7.7440220e+06   4.6752930e+01
   7.7441690e+06   4.7912598e+01
   7.7443680e+06   3.9123535e+01
   7.7445100e+06   3.8635254e+01
   7.7446030e+06   5.6274414e+01
   7.7447000e+06   3.7719727e+01
   7.7451890e+06   3.7597656e+01
   7.7572260e+06   4.3945312e+01
   7.7573390e+06   3.7902832e+01
   7.7580890e+06   4.9316406e+01
   7.7600990e+06   4.6203613e+01
   7.7610320e+06   3.8818359e+01
   7.7622090e+06   3.7963867e+01
   7.7626670e+06   4.2236328e+01
   7.7656380e+06   3.8818359e+01
   7.7669340e+06   4.3334961e+01
   7.7679210e+06   4.7180176e+01
   7.7684750e+06   3.7719727e+01
   7.7696140e+06   3.8146973e+01
   7.7699350e+06   4.1870117e+01
   7.7707180e+06   4.3579102e+01
   7.7812730e+06   4.1503906e+01
   7.7834270e+06   4.1442871e+01
   7.7905580e+06   4.2175293e+01
   7.7978000e+06   3.9672852e+01
   7.7989420e+06   3.9001465e+01
   7.7994260e+06   3.8513184e+01
   7.8000790e+06   3.7719727e+01
   7.8009830e+06   4.0405273e+01
   7.8060070e+06   4.3457031e+01
   7.8174510e+06   3.7658691e+01
   7.8261160e+06   3.7963867e+01
   7.8376960e+06   4.1076660e+01
   7.8393140e+06   4.4067383e+01
   7.8504660e+06   3.8757324e+01
   7.8823510e+06   3.8879395e+01
   7.8903260e+06   3.9550781e+01
   7.8945760e+06   4.2724609e+01
   7.9402690e+06   4.2663574e+01
   7.9403410e+06   3.8757324e+01
   8.0166630e+06   3.9916992e+01
   8.0252210e+06   3.7963867e+01
   8.0434420e+06   3.8696289e+01
   8.0659800e+06   4.0649414e+01
   8.0870930e+06   4.0405273e+01
   8.0973110e+06   3.9062500e+01
   8.1046180e+06   3.7658691e+01
   8.1225730e+06   3.7597656e+01
   8.1226670e+06   3.9428711e+01
   8.1298180e+06   4.1564941e+01
   8.1364220e+06   4.7302246e+01
   8.1369530e+06   4.5715332e+01
   8.1485290e+06   3.9428711e+01
   8.1581000e+06   3.8452148e+01
   8.1656310e+06   4.9438477e+01
   8.1728100e+06   4.6081543e+01
   8.1878820e+06   4.2297363e+01
   8.2545990e+06   3.9550781e+01
   8.2620430e+06   3.8635254e+01
   8.2717400e+06   3.8635254e+01
   8.3254750e+06   3.8696289e+01
   8.3295870e+06   4.1503906e+01
   8.3296560e+06   4.0344238e+01
   8.3446520e+06   3.9184570e+01
   8.3485250e+06   4.0710449e+01
   8.3585560e+06   3.7963867e+01
   8.3637180e+06   3.8024902e+01
   8.3957850e+06   3.9855957e+01
   8.3996900e+06   4.3884277e+01
   8.4135890e+06   4.3945313e+01
   8.4236000e+06   3.7597656e+01
   8.4388910e+06   3.9611816e+01
   8.4526300e+06   4.0039062e+01
   8.4612890e+06   3.8391113e+01
   8.5139480e+06   4.8217773e+01
   8.5140230e+06   3.8696289e+01
   8.5142890e+06   3.9123535e+01
   8.5143160e+06   3.7719727e+01
   8.5145870e+06   4.0588379e+01
   8.5148060e+06   3.9001465e+01
   8.5148620e+06   3.9245605e+01
   8.5184060e+06   4.2724609e+01
   8.5186510e+06   4.0344238e+01
   8.5186890e+06   4.8522949e+01
   8.5187140e+06   4.2785645e+01
   8.5187800e+06   4.6752930e+01
   8.5188460e+06   4.0893555e+01
   8.5189440e+06   3.8879395e+01
   8.5190960e+06   3.8452148e+01
   8.5192500e+06   4.9377441e+01
   8.5193590e+06   5.4931641e+01
   8.5194190e+06   3.9428711e+01
   8.5195130e+06   3.8940430e+01
   8.5195610e+06   4.2541504e+01
   8.5196070e+06   4.2419434e+01
   8.5196860e+06   3.7963867e+01
   8.5197350e+06   4.5959473e+01
   8.5198020e+06   4.1137695e+01
   8.5198320e+06   4.3823242e+01
   8.5200280e+06   3.8879395e+01
   8.5202600e+06   3.7780762e+01
   8.5202720e+06   3.8574219e+01
   8.5204390e+06   4.0771484e+01
   8.5401980e+06   3.8513184e+01
   8.5408950e+06   3.9367676e+01
   8.5412220e+06   5.1452637e+01
   8.5412320e+06   5.3833008e+01
   8.5413730e+06   4.7302246e+01
   8.5413920e+06   4.1259766e+01
   8.5416020e+06   3.7536621e+01
   8.5417360e+06   4.1198730e+01
   8.5419060e+06   4.1870117e+01
   8.5419160e+06   3.8146973e+01
   8.5420250e+06   4.1809082e+01
   8.5420860e+06   4.3457031e+01
   8.5422890e+06   4.8767090e+01
   8.5424950e+06   4.9438477e+01
   8.5425500e+06   4.3701172e+01
   8.5426580e+06   4.6020508e+01
   8.5427950e+06   3.9367676e+01
   8.5428220e+06   3.9062500e+01
   8.5434560e+06   4.1015625e+01
   8.5441020e+06   4.5532227e+01
   8.5443950e+06   3.9855957e+01
   8.5450290e+06   4.0405273e+01
   8.5585740e+06   3.9916992e+01
   8.5590890e+06   4.0039063e+01
   8.5602370e+06   4.5410156e+01
   8.5619220e+06   4.0893555e+01
   8.5621230e+06   3.8940430e+01
   8.5630330e+06   4.0405273e+01
   8.5634490e+06   4.4799805e+01
   8.5635070e+06   4.3273926e+01
   8.5637650e+06   3.9245605e+01
   8.5640860e+06   4.4250488e+01
   8.5643500e+06   4.5410156e+01
   8.5645660e+06   4.4738770e+01
   8.5648720e+06   4.0649414e+01
   8.5651690e+06   3.9306641e+01
   8.5654850e+06   3.7841797e+01
   8.5774760e+06   3.9245605e+01
   8.5840410e+06   4.2236328e+01
   8.5884610e+06   3.8269043e+01
   8.5893700e+06   4.2297363e+01
   8.5905480e+06   4.0832520e+01
   8.5912490e+06   3.8940430e+01
   8.5924920e+06   4.0222168e+01
   8.5926690e+06   4.0649414e+01
   8.5927310e+06   4.4982910e+01
   8.5928220e+06   5.0842285e+01
   8.5929150e+06   3.8757324e+01
   8.5930300e+06   3.9367676e+01
   8.5932460e+06   5.1452637e+01
   8.5934930e+06   3.8085938e+01
   8.5936070e+06   3.8574219e+01
   8.5936340e+06   4.8095703e+01
   8.5938750e+06   4.0649414e+01
   8.5940560e+06   4.5532227e+01
   8.5943250e+06   4.0649414e+01
   8.5947020e+06   3.8146973e+01
   8.5952680e+06   4.1625977e+01
   8.6142940e+06   3.8513184e+01
   8.6183250e+06   3.7658691e+01
   8.6259750e+06   4.0893555e+01
   8.6267280e+06   3.8757324e+01
   8.6271020e+06   3.9489746e+01
   8.6279260e+06   4.7668457e+01
   8.6279440e+06   4.5227051e+01
   8.6282600e+06   4.0344238e+01
   8.6285640e+06   3.9123535e+01
   8.6288950e+06   3.7536621e+01
   8.6293830e+06   4.5349121e+01
   8.6294070e+06   3.8635254e+01
   8.6302770e+06   4.1564941e+01
   8.6305210e+06   4.2785645e+01
   8.6317720e+06   4.0344238e+01
   8.6523020e+06   3.8879395e+01
   8.6553920e+06   3.8635254e+01
   8.6623530e+06   3.8330078e+01
   8.6662840e+06   4.3823242e+01
   8.6793030e+06   3.7841797e+01
   8.7126810e+06   4.2480469e+01
   8.7237610e+06   4.5349121e+01
   8.7364060e+06   4.2724609e+01
   8.7742690e+06   4.0649414e+01
   8.7833520e+06   4.2846680e+01
   8.8122680e+06   4.0344238e+01
   8.8189840e+06   3.8452148e+01
   8.8491330e+06   3.7963867e+01
   8.9073550e+06   4.3762207e+01
   8.9227920e+06   3.9855957e+01
   8.9296650e+06   3.7902832e+01
   8.9328970e+06   4.2114258e+01
   8.9489860e+06   3.8146973e+01
   8.9529530e+06   4.0832520e+01
   8.9546650e+06   3.7780762e+01
   8.9561160e+06   4.0405273e+01
