   8.9990000e+06   0.0000000e+00
   7.7200000e+03   5.4260254e+01
   7.9210000e+03   4.5104980e+01
   8.6480000e+03   4.1992188e+01
   8.8700000e+03   4.2846680e+01
   1.0288000e+04   4.6508789e+01
   3.9132000e+04   4.1748047e+01
   3.9253000e+04   4.3762207e+01
   3.9315000e+04   4.6752930e+01
   3.9407000e+04   4.8400879e+01
   3.9456000e+04   4.4616699e+01
   3.9480000e+04   8.1359863e+01
   3.9509000e+04   4.0771484e+01
   3.9562000e+04   4.7180176e+01
   3.9747000e+04   4.7241211e+01
   4.0288000e+04   5.4504395e+01
   4.0678000e+04   4.2846680e+01
   5.5938000e+04   4.1320801e+01
   5.5994000e+04   4.0710449e+01
   6.1951000e+04   4.1625977e+01
   6.4315000e+04   4.4006348e+01
   6.7620000e+04   4.4433594e+01
   6.7763000e+04   4.3640137e+01
   6.8643000e+04   4.5166016e+01
   6.8800000e+04   4.2541504e+01
   6.9316000e+04   4.2785645e+01
   8.8060000e+04   4.9194336e+01
   8.8406000e+04   4.1198730e+01
   9.9445000e+04   4.3151855e+01
   1.0212500e+05   4.7180176e+01
   1.0298200e+05   4.1992188e+01
   1.0309100e+05   4.3334961e+01
   1.0329100e+05   4.1198730e+01
   1.0354200e+05   4.9011230e+01
   1.0394900e+05   4.3884277e+01
   1.0505700e+05   4.1442871e+01
   1.1125100e+05   4.0954590e+01
   1.2801600e+05   5.1147461e+01
   1.3953400e+05   4.2663574e+01
   1.4919000e+05   4.2846680e+01
   1.6131600e+05   4.1992188e+01
   1.7147700e+05   4.5776367e+01
   2.2034700e+05   4.5715332e+01
   2.3357800e+05   4.1442871e+01
   2.4156100e+05   4.6203613e+01
   2.4495300e+05   4.1687012e+01
   2.5069000e+05   4.4067383e+01
   2.7873700e+05   4.0466309e+01
   2.9891300e+05   4.2480469e+01
   3.1537600e+05   4.2053223e+01
   3.3806900e+05   4.3457031e+01
   3.3862900e+05   4.7363281e+01
   3.4590000e+05   4.2785645e+01
   3.4621700e+05   4.0771484e+01
   3.4855100e+05   4.6875000e+01
   3.4910000e+05   4.1381836e+01
   3.7792800e+05   4.4006348e+01
   3.8701800e+05   4.1320801e+01
   3.8707100e+05   4.2358398e+01
   3.8944900e+05   4.0527344e+01
   3.9027400e+05   4.2602539e+01
   3.9372800e+05   4.4372559e+01
   3.9565600e+05   4.2846680e+01
   4.2795100e+05   4.0832520e+01
   4.3661500e+05   4.2663574e+01
   4.3707700e+05   5.3466797e+01
   4.3775700e+05   4.1992188e+01
   4.4367300e+05   4.3029785e+01
   4.4605000e+05   4.1015625e+01
   4.4682900e+05   4.5104980e+01
   4.6479600e+05   4.5104980e+01
   4.6744200e+05   4.5288086e+01
   4.9781300e+05   5.5664062e+01
   5.0991000e+05   4.4921875e+01
   5.2986200e+05   4.1687012e+01
   5.3750200e+05   4.1564941e+01
   5.3855200e+05   4.3212891e+01
   5.4080300e+05   4.7363281e+01
   5.4156300e+05   4.3212891e+01
   5.5836500e+05   4.7912598e+01
   5.6566700e+05   4.6203613e+01
   5.6664000e+05   4.2419434e+01
   5.7840600e+05   4.1198730e+01
   6.0020800e+05   4.6691895e+01
   6.0101600e+05   4.4494629e+01
   6.0202700e+05   4.3334961e+01
   6.0292100e+05   4.1381836e+01
   6.0575200e+05   4.6691895e+01
   6.4066700e+05   4.8461914e+01
   6.4085800e+05   7.0739746e+01
   6.4089900e+05   4.5166016e+01
   6.4092600e+05   4.5104980e+01
   6.4094500e+05   4.3029785e+01
   6.4138700e+05   5.3527832e+01
   6.4140100e+05   4.8217773e+01
   6.4160800e+05   4.3640137e+01
   6.4200500e+05   4.0954590e+01
   6.4909800e+05   4.1931152e+01
   6.5592200e+05   4.1870117e+01
   6.6172500e+05   4.5166016e+01
   6.6313500e+05   4.5959473e+01
   6.6366500e+05   4.4311523e+01
   6.6471600e+05   4.1076660e+01
   6.6522100e+05   4.1259766e+01
   6.6657800e+05   4.1870117e+01
   6.6801200e+05   4.1381836e+01
   6.8894600e+05   5.2307129e+01
   6.9280700e+05   4.1931152e+01
   6.9362900e+05   4.2785645e+01
   6.9850400e+05   4.3640137e+01
   6.9920500e+05   6.3842773e+01
   7.0189100e+05   4.1687012e+01
   7.1106000e+05   4.2907715e+01
   7.1158400e+05   4.8156738e+01
   7.1279800e+05   4.2236328e+01
   7.1357800e+05   4.9011230e+01
   7.1369100e+05   4.4555664e+01
   7.1375700e+05   4.1931152e+01
   7.1478700e+05   4.2297363e+01
   7.3171300e+05   5.5358887e+01
   7.3538000e+05   4.5043945e+01
   7.4153100e+05   4.2175293e+01
   7.4655300e+05   4.9194336e+01
   7.4738300e+05   4.1931152e+01
   7.4741500e+05   4.5471191e+01
   7.4819000e+05   4.2663574e+01
   7.5277200e+05   4.3457031e+01
   7.5421900e+05   4.2175293e+01
   7.5551700e+05   4.4799805e+01
   7.6097800e+05   4.2053223e+01
   7.6825200e+05   4.2602539e+01
   7.6903800e+05   4.6264648e+01
   7.7152900e+05   4.3762207e+01
   7.7946500e+05   4.6203613e+01
   7.8533400e+05   4.4616699e+01
   8.0839300e+05   4.2846680e+01
   8.1773900e+05   4.1442871e+01
   8.2189900e+05   4.8461914e+01
   8.5576400e+05   4.1503906e+01
   8.6592800e+05   4.5410156e+01
   8.6983700e+05   4.3395996e+01
   8.8895800e+05   4.2602539e+01
   8.9211300e+05   4.5532227e+01
   9.1169100e+05   4.3273926e+01
   9.6980800e+05   4.5654297e+01
   1.0199270e+06   4.5837402e+01
   1.0262120e+06   4.0527344e+01
   1.0680020e+06   4.4982910e+01
   1.0689800e+06   4.5532227e+01
   1.0699230e+06   4.3701172e+01
   1.0893220e+06   4.0771484e+01
   1.0898080e+06   5.1025391e+01
   1.0961560e+06   4.1076660e+01
   1.1076980e+06   4.3029785e+01
   1.1152920e+06   4.8889160e+01
   1.1296990e+06   4.0527344e+01
   1.1390090e+06   4.2785645e+01
   1.1393510e+06   4.3823242e+01
   1.1422610e+06   4.6875000e+01
   1.1432730e+06   4.0466309e+01
   1.1439010e+06   5.0354004e+01
   1.1443020e+06   4.0527344e+01
   1.1448940e+06   4.4189453e+01
   1.1508500e+06   4.6691895e+01
   1.1758220e+06   4.8278809e+01
   1.2015810e+06   4.6081543e+01
   1.2363370e+06   5.1025391e+01
   1.2385840e+06   4.5043945e+01
   1.2400720e+06   4.0466309e+01
   1.2499460e+06   4.7302246e+01
   1.2584400e+06   4.0588379e+01
   1.2675580e+06   5.2246094e+01
   1.2681460e+06   4.3945312e+01
   1.2747850e+06   4.2053223e+01
   1.2773110e+06   4.2907715e+01
   1.2776230e+06   4.1381836e+01
   1.2817260e+06   4.1748047e+01
   1.2835640e+06   4.2907715e+01
   1.2928870e+06   4.0527344e+01
   1.2999480e+06   4.5410156e+01
   1.3109460e+06   4.5349121e+01
   1.3113980e+06   4.4433594e+01
   1.3214170e+06   4.5593262e+01
   1.3361330e+06   4.1931152e+01
   1.3485360e+06   4.5532227e+01
   1.3523910e+06   4.8706055e+01
   1.3530250e+06   4.4067383e+01
   1.3542230e+06   4.3273926e+01
   1.3827520e+06   4.4616699e+01
   1.3859350e+06   4.1015625e+01
   1.3908660e+06   4.3395996e+01
   1.3967790e+06   4.1015625e+01
   1.3971670e+06   4.1992188e+01
   1.3972820e+06   5.1025391e+01
   1.3976380e+06   4.4433594e+01
   1.3986970e+06   4.2724609e+01
   1.4006880e+06   4.1076660e+01
   1.4033070e+06   4.0710449e+01
   1.4059250e+06   4.4555664e+01
   1.4061140e+06   4.2602539e+01
   1.4063040e+06   6.2683105e+01
   1.4065830e+06   5.7434082e+01
   1.4066730e+06   4.3212891e+01
   1.4070810e+06   4.6203613e+01
   1.4261880e+06   4.3212891e+01
   1.4264750e+06   4.9743652e+01
   1.4269750e+06   4.9255371e+01
   1.4273950e+06   4.5166016e+01
   1.4315160e+06   4.0527344e+01
   1.4584530e+06   4.5532227e+01
   1.4584830e+06   4.0466309e+01
   1.4591230e+06   4.1259766e+01
   1.4813130e+06   4.7668457e+01
   1.4925200e+06   6.0424805e+01
   1.4929840e+06   4.3212891e+01
   1.4933970e+06   4.4799805e+01
   1.4943850e+06   4.3334961e+01
   1.4992780e+06   4.1137695e+01
   1.5078540e+06   4.1198730e+01
   1.5088500e+06   4.0649414e+01
   1.5128510e+06   4.4799805e+01
   1.5369900e+06   4.9194336e+01
   1.5378500e+06   4.4982910e+01
   1.5598220e+06   4.1503906e+01
   1.5630420e+06   4.0405273e+01
   1.6129740e+06   5.1818848e+01
   1.6185310e+06   4.7424316e+01
   1.6440400e+06   4.0649414e+01
   1.6442650e+06   4.3579102e+01
   1.6446000e+06   4.2175293e+01
   1.6672430e+06   4.3090820e+01
   1.7992100e+06   4.0466309e+01
   1.8265950e+06   4.7851562e+01
   1.8328130e+06   4.2114258e+01
   1.8439080e+06   4.1320801e+01
   1.8905930e+06   4.9804688e+01
   1.9034740e+06   4.4799805e+01
   1.9461050e+06   4.6508789e+01
   1.9474520e+06   4.1503906e+01
   2.0006890e+06   4.0588379e+01
   2.0020620e+06   4.9743652e+01
   2.0024590e+06   5.2185059e+01
   2.0034600e+06   4.3945313e+01
   2.0042950e+06   4.0649414e+01
   2.0051850e+06   4.4067383e+01
   2.0159880e+06   4.5410156e+01
   2.0734240e+06   4.2541504e+01
   2.0818010e+06   4.8339844e+01
   2.1021670e+06   4.1748047e+01
   2.1412360e+06   4.5654297e+01
   2.1413470e+06   5.1757812e+01
   2.1414170e+06   4.0527344e+01
   2.1415970e+06   5.6884766e+01
   2.1462000e+06   4.2663574e+01
   2.1567100e+06   4.0893555e+01
   2.1579180e+06   4.5104980e+01
   2.1612740e+06   4.4799805e+01
   2.1617480e+06   5.2429199e+01
   2.1620160e+06   4.0466309e+01
   2.1624040e+06   4.4494629e+01
   2.1625710e+06   4.0649414e+01
   2.1627470e+06   4.9499512e+01
   2.1630950e+06   4.0466309e+01
   2.1636270e+06   4.5654297e+01
   2.1749060e+06   4.2419434e+01
   2.1758610e+06   4.2541504e+01
   2.1826620e+06   4.1442871e+01
   2.1889020e+06   4.1259766e+01
   2.1896220e+06   4.5654297e+01
   2.1918930e+06   4.8461914e+01
   2.1921090e+06   4.3395996e+01
   2.1925390e+06   4.3884277e+01
   2.1925630e+06   4.3457031e+01
   2.1931590e+06   4.6752930e+01
   2.1947710e+06   4.1564941e+01
   2.2203670e+06   4.1015625e+01
   2.2253530e+06   4.8156738e+01
   2.2267690e+06   4.0527344e+01
   2.2320430e+06   5.1208496e+01
   2.2461880e+06   4.3640137e+01
   2.2611920e+06   4.0466309e+01
   2.2652260e+06   4.3090820e+01
   2.2712870e+06   5.6518555e+01
   2.2718910e+06   4.2480469e+01
   2.2719550e+06   4.1931152e+01
   2.2720230e+06   4.9682617e+01
   2.2723060e+06   4.2114258e+01
   2.2723640e+06   4.3395996e+01
   2.2727610e+06   4.0893555e+01
   2.2879840e+06   4.9255371e+01
   2.2882900e+06   4.2175293e+01
   2.2935980e+06   4.2785645e+01
   2.2963210e+06   4.6081543e+01
   2.3035210e+06   5.6213379e+01
   2.3361010e+06   4.6875000e+01
   2.3437910e+06   4.6386719e+01
   2.3610860e+06   4.9255371e+01
   2.3613370e+06   4.0466309e+01
   2.3831310e+06   4.1381836e+01
   2.3943050e+06   4.2785645e+01
   2.3947310e+06   4.0710449e+01
   2.4658460e+06   4.4677734e+01
   2.4938880e+06   4.5043945e+01
   2.5028260e+06   4.1259766e+01
   2.5106990e+06   4.2419434e+01
   2.5110680e+06   4.3945312e+01
   2.5224490e+06   4.1320801e+01
   2.5257260e+06   4.2663574e+01
   2.5299410e+06   4.2724609e+01
   2.6834580e+06   4.2419434e+01
   2.6910550e+06   4.4433594e+01
   2.7052860e+06   4.0405273e+01
   2.7095900e+06   4.3640137e+01
   2.7152350e+06   4.1015625e+01
   2.7479940e+06   4.9194336e+01
   2.7793010e+06   4.5410156e+01
   2.7895390e+06   4.5043945e+01
   2.7960700e+06   4.2114258e+01
   2.8054390e+06   4.8645020e+01
   2.8146790e+06   4.3701172e+01
   2.8205530e+06   4.4616699e+01
   2.8311010e+06   4.6203613e+01
   2.8496730e+06   4.9682617e+01
   2.8500230e+06   4.2175293e+01
   2.8603620e+06   4.9560547e+01
   2.8760590e+06   4.4982910e+01
   2.8866190e+06   4.1564941e+01
   2.8930370e+06   4.1076660e+01
   2.8937040e+06   4.2297363e+01
   2.9188300e+06   4.6447754e+01
   2.9286500e+06   4.7424316e+01
   2.9352530e+06   5.4199219e+01
   2.9357040e+06   4.5532227e+01
   2.9363680e+06   4.5837402e+01
   2.9370940e+06   5.1208496e+01
   2.9377790e+06   4.4189453e+01
   2.9390320e+06   4.1503906e+01
   2.9415380e+06   4.3029785e+01
   2.9854730e+06   4.6142578e+01
   2.9964320e+06   4.2419434e+01
   3.0006770e+06   4.9072266e+01
   3.0243440e+06   4.6447754e+01
   3.0246870e+06   4.8217773e+01
   3.0247880e+06   4.9316406e+01
   3.0248000e+06   8.8562012e+01
   3.0248560e+06   4.4372559e+01
   3.0249700e+06   4.5227051e+01
   3.0250080e+06   5.4626465e+01
   3.0250320e+06   4.1992188e+01
   3.0250980e+06   5.8654785e+01
   3.0252920e+06   4.8706055e+01
   3.0253310e+06   4.4433594e+01
   3.0258770e+06   4.2236328e+01
   3.0260720e+06   4.1442871e+01
   3.0263220e+06   4.0466309e+01
   3.0299790e+06   4.9987793e+01
   3.0414380e+06   4.0771484e+01
   3.0430760e+06   4.2114258e+01
   3.0443190e+06   4.0405273e+01
   3.0447910e+06   4.3640137e+01
   3.0458460e+06   4.6081543e+01
   3.0461390e+06   4.2968750e+01
   3.0463130e+06   4.2236328e+01
   3.0465170e+06   4.5837402e+01
   3.0470310e+06   4.8095703e+01
   3.0610670e+06   4.7851562e+01
   3.0614410e+06   4.4006348e+01
   3.0617830e+06   4.1809082e+01
   3.0621540e+06   4.2175293e+01
   3.0634900e+06   4.9133301e+01
   3.0668070e+06   4.3518066e+01
   3.0680370e+06   4.1015625e+01
   3.0683220e+06   4.4128418e+01
   3.0690390e+06   4.1931152e+01
   3.0692660e+06   4.2053223e+01
   3.0706610e+06   4.2602539e+01
   3.0730650e+06   4.4860840e+01
   3.0768050e+06   5.1574707e+01
   3.0973360e+06   4.0588379e+01
   3.0976470e+06   4.5349121e+01
   3.1089400e+06   4.2236328e+01
   3.1089880e+06   5.0720215e+01
   3.1092290e+06   4.9926758e+01
   3.1092660e+06   4.7302246e+01
   3.1093470e+06   4.3212891e+01
   3.1102400e+06   4.1076660e+01
   3.1108380e+06   4.2663574e+01
   3.1143040e+06   4.4738770e+01
   3.1153300e+06   4.3945312e+01
   3.1160180e+06   4.0527344e+01
   3.1313890e+06   4.0893555e+01
   3.1481850e+06   4.8767090e+01
   3.1482940e+06   4.7912598e+01
   3.1485570e+06   4.7485352e+01
   3.1486460e+06   4.2358398e+01
   3.1487800e+06   4.4616699e+01
   3.1493250e+06   4.4982910e+01
   3.1497780e+06   4.0649414e+01
   3.1498190e+06   4.5776367e+01
   3.1506050e+06   4.1809082e+01
   3.1510530e+06   4.2724609e+01
   3.1710620e+06   4.7973633e+01
   3.1835510e+06   4.0527344e+01
   3.2213630e+06   4.1381836e+01
   3.2331350e+06   4.6386719e+01
   3.2433150e+06   4.0527344e+01
   3.2528220e+06   4.0649414e+01
   3.3269910e+06   4.1564941e+01
   3.3922250e+06   4.3640137e+01
   3.3926320e+06   4.4982910e+01
   3.3933050e+06   4.0588379e+01
   3.4445650e+06   4.4372559e+01
   3.4864090e+06   4.4677734e+01
   3.5088520e+06   4.4738770e+01
   3.5200870e+06   4.1870117e+01
   3.5778460e+06   4.0771484e+01
   3.5785180e+06   4.0649414e+01
   3.5962590e+06   4.2480469e+01
   3.6785000e+06   5.0781250e+01
   3.6793080e+06   4.0649414e+01
   3.6799870e+06   4.7546387e+01
   3.6805470e+06   4.3151855e+01
   3.7046730e+06   4.4616699e+01
   3.7081950e+06   4.0954590e+01
   3.7149490e+06   4.2419434e+01
   3.7195560e+06   4.5471191e+01
   3.7197820e+06   4.2358398e+01
   3.7273300e+06   4.2541504e+01
   3.7352110e+06   4.4982910e+01
   3.7414350e+06   4.3029785e+01
   3.7498890e+06   4.5410156e+01
   3.7500690e+06   4.2663574e+01
   3.7504660e+06   4.6081543e+01
   3.7516530e+06   4.0893555e+01
   3.7630860e+06   4.3518066e+01
   3.7657620e+06   4.5227051e+01
   3.7793700e+06   4.1870117e+01
   3.7971450e+06   4.0832520e+01
   3.8359100e+06   4.1259766e+01
   3.8467100e+06   4.4616699e+01
   3.8605940e+06   4.3457031e+01
   3.8629800e+06   4.2297363e+01
   3.8804220e+06   4.0954590e+01
   3.8935460e+06   4.8339844e+01
   3.9049020e+06   4.4738770e+01
   3.9051760e+06   4.3579102e+01
   3.9065180e+06   4.1320801e+01
   3.9104930e+06   4.1198730e+01
   3.9123480e+06   4.5043945e+01
   3.9127070e+06   4.2846680e+01
   3.9128170e+06   4.4250488e+01
   3.9128380e+06   6.3293457e+01
   3.9129170e+06   4.1259766e+01
   3.9131430e+06   4.7302246e+01
   3.9132030e+06   4.2541504e+01
   3.9133940e+06   4.0771484e+01
   3.9134290e+06   4.2541504e+01
   3.9134600e+06   4.4677734e+01
   3.9136460e+06   4.5288086e+01
   3.9140340e+06   6.3720703e+01
   3.9248430e+06   4.1748047e+01
   3.9295440e+06   4.6386719e+01
   3.9309150e+06   4.1931152e+01
   3.9315650e+06   4.4433594e+01
   3.9333540e+06   4.2724609e+01
   3.9341600e+06   4.4982910e+01
   3.9341700e+06   5.3344727e+01
   3.9347730e+06   4.7668457e+01
   3.9349070e+06   4.2236328e+01
   3.9351210e+06   5.3466797e+01
   3.9353170e+06   4.3151855e+01
   3.9353850e+06   4.1870117e+01
   3.9394530e+06   4.0466309e+01
   3.9496630e+06   4.2419434e+01
   3.9501110e+06   4.8034668e+01
   3.9504700e+06   5.6884766e+01
   3.9536370e+06   4.0771484e+01
   3.9554490e+06   4.1687012e+01
   3.9605920e+06   4.2724609e+01
   3.9679040e+06   4.0466309e+01
   3.9683330e+06   4.3395996e+01
   3.9687740e+06   4.7363281e+01
   3.9687960e+06   4.3273926e+01
   3.9694450e+06   4.8339844e+01
   3.9698040e+06   4.4860840e+01
   3.9706470e+06   4.0527344e+01
   3.9706910e+06   4.4616699e+01
   3.9876790e+06   4.5837402e+01
   3.9903410e+06   4.0771484e+01
   3.9936910e+06   4.0893555e+01
   3.9979390e+06   4.4860840e+01
   4.0007220e+06   4.6386719e+01
   4.0009510e+06   4.1625977e+01
   4.0025200e+06   4.2663574e+01
   4.0028890e+06   4.7607422e+01
   4.0030300e+06   4.5104980e+01
   4.0051080e+06   4.5532227e+01
   4.0359090e+06   5.2368164e+01
   4.2071800e+06   5.1147461e+01
   4.2074260e+06   4.8583984e+01
   4.2079970e+06   5.1574707e+01
   4.2080960e+06   4.1442871e+01
   4.2086300e+06   4.3273926e+01
   4.2090610e+06   4.1931152e+01
   4.2284140e+06   4.7241211e+01
   4.2325470e+06   4.6142578e+01
   4.2576760e+06   4.5166016e+01
   4.4060780e+06   4.4799805e+01
   4.4062810e+06   4.2541504e+01
   4.4147840e+06   4.5715332e+01
   4.4153650e+06   4.1076660e+01
   4.4249610e+06   4.4494629e+01
   4.4288330e+06   4.0954590e+01
   4.4446700e+06   4.2358398e+01
   4.4534240e+06   4.0405273e+01
   4.4670600e+06   4.7607422e+01
   4.4673170e+06   4.3762207e+01
   4.4674370e+06   4.3029785e+01
   4.5023210e+06   4.9743652e+01
   4.5027020e+06   4.9194336e+01
   4.5037470e+06   4.0405273e+01
   4.5056280e+06   4.1259766e+01
   4.5693080e+06   4.3090820e+01
   4.5846370e+06   4.1015625e+01
   4.6173380e+06   4.5654297e+01
   4.6175830e+06   6.5246582e+01
   4.6175990e+06   4.6447754e+01
   4.6176130e+06   5.6884766e+01
   4.6176880e+06   4.5593262e+01
   4.6177210e+06   4.3823242e+01
   4.6178020e+06   4.1442871e+01
   4.6178450e+06   4.3701172e+01
   4.6178790e+06   5.2429199e+01
   4.6179910e+06   4.6630859e+01
   4.6180070e+06   4.6936035e+01
   4.6181670e+06   4.3884277e+01
   4.6183490e+06   4.1442871e+01
   4.6183930e+06   4.0771484e+01
   4.6257260e+06   4.0954590e+01
   4.6371270e+06   5.2551270e+01
   4.6380570e+06   4.0710449e+01
   4.6390510e+06   4.3395996e+01
   4.6395810e+06   4.6142578e+01
   4.6402170e+06   4.2480469e+01
   4.6409800e+06   4.2175293e+01
   4.6416480e+06   5.3100586e+01
   4.6424810e+06   5.3771973e+01
   4.6628140e+06   4.2968750e+01
   4.6641640e+06   4.4860840e+01
   4.6650450e+06   4.3090820e+01
   4.6800830e+06   4.7912598e+01
   4.6824370e+06   4.2724609e+01
   4.6827040e+06   4.3823242e+01
   4.6827830e+06   4.0893555e+01
   4.6829980e+06   5.7373047e+01
   4.6830530e+06   4.3212891e+01
   4.6831480e+06   4.1503906e+01
   4.6832770e+06   4.0588379e+01
   4.6837190e+06   4.1687012e+01
   4.6841830e+06   4.4067383e+01
   4.6844490e+06   4.3029785e+01
   4.6849950e+06   4.8828125e+01
   4.6971040e+06   4.5349121e+01
   4.7156740e+06   4.2114258e+01
   4.7157170e+06   4.8522949e+01
   4.7158650e+06   4.9377441e+01
   4.7159060e+06   4.6508789e+01
   4.7160090e+06   4.1320801e+01
   4.7160210e+06   4.3395996e+01
   4.7161010e+06   4.2114258e+01
   4.7169350e+06   4.4982910e+01
   4.7171900e+06   4.6875000e+01
   4.7172820e+06   4.3273926e+01
   4.7189100e+06   4.2541504e+01
   4.7420600e+06   5.9936523e+01
   4.7589660e+06   4.0466309e+01
   4.8186560e+06   4.0771484e+01
   4.9161100e+06   4.4677734e+01
   5.0734630e+06   4.2968750e+01
   5.0766510e+06   4.5227051e+01
   5.0805240e+06   4.4006348e+01
   5.0812490e+06   4.3823242e+01
   5.0891180e+06   6.5734863e+01
   5.0895520e+06   5.3344727e+01
   5.0901610e+06   4.7058105e+01
   5.0915530e+06   4.2297363e+01
   5.1059790e+06   4.9011230e+01
   5.1064260e+06   4.5959473e+01
   5.1872370e+06   5.0109863e+01
   5.1961250e+06   4.2846680e+01
   5.1964390e+06   4.6752930e+01
   5.1995330e+06   4.2297363e+01
   5.2083890e+06   4.5471191e+01
   5.2308860e+06   4.5410156e+01
   5.2311970e+06   4.7851562e+01
   5.2402570e+06   4.6142578e+01
   5.2451970e+06   4.1809082e+01
   5.2469220e+06   4.3029785e+01
   5.2544880e+06   4.4372559e+01
   5.2675510e+06   4.4677734e+01
   5.2688220e+06   4.1076660e+01
   5.3664980e+06   4.3701172e+01
   5.3778900e+06   4.6264648e+01
   5.3850940e+06   4.0832520e+01
   5.3973490e+06   4.3090820e+01
   5.4030350e+06   4.2602539e+01
   5.4114250e+06   4.8095703e+01
   5.4269970e+06   4.4311523e+01
   5.4661750e+06   4.6020508e+01
   5.5228730e+06   4.2480469e+01
   5.6019110e+06   5.2246094e+01
   5.6116650e+06   4.3457031e+01
   5.6184060e+06   4.5043945e+01
   5.6188320e+06   4.5715332e+01
   5.6192830e+06   5.0476074e+01
   5.6205480e+06   4.0954590e+01
   5.6213880e+06   4.2358398e+01
   5.6244960e+06   4.0588379e+01
   5.6251200e+06   4.3029785e+01
   5.6265270e+06   4.4311523e+01
   5.6373380e+06   4.0649414e+01
   5.6431390e+06   4.1564941e+01
   5.6613080e+06   4.5410156e+01
   5.6670740e+06   4.3701172e+01
   5.6682180e+06   5.5053711e+01
   5.6684150e+06   5.2246094e+01
   5.6685710e+06   4.4311523e+01
   5.6689320e+06   6.3537598e+01
   5.6689730e+06   4.1381836e+01
   5.6689870e+06   4.2968750e+01
   5.6690070e+06   4.5532227e+01
   5.6691960e+06   4.7119141e+01
   5.6692290e+06   4.3029785e+01
   5.6695470e+06   4.1320801e+01
   5.6699220e+06   4.7973633e+01
   5.6842900e+06   4.0832520e+01
   5.6853840e+06   4.3518066e+01
   5.6856540e+06   4.1809082e+01
   5.6859670e+06   4.1503906e+01
   5.6867110e+06   4.4067383e+01
   5.6868800e+06   4.0466309e+01
   5.6873740e+06   4.9316406e+01
   5.6874250e+06   4.0893555e+01
   5.6891590e+06   4.0466309e+01
   5.6996290e+06   4.0649414e+01
   5.7009590e+06   4.1137695e+01
   5.7032240e+06   4.3273926e+01
   5.7178390e+06   4.4555664e+01
   5.7182070e+06   4.0466309e+01
   5.7189660e+06   5.1635742e+01
   5.7192710e+06   4.5898438e+01
   5.7193690e+06   4.2663574e+01
   5.7198350e+06   4.2419434e+01
   5.7198490e+06   4.3273926e+01
   5.7396900e+06   4.2358398e+01
   5.7477370e+06   4.4006348e+01
   5.7480500e+06   5.1208496e+01
   5.7483190e+06   5.3344727e+01
   5.7483840e+06   4.3457031e+01
   5.7489830e+06   4.2602539e+01
   5.7490770e+06   4.1748047e+01
   5.7495380e+06   4.6813965e+01
   5.7517110e+06   4.3334961e+01
   5.7710100e+06   5.1330566e+01
   5.7743600e+06   4.2236328e+01
   5.7821870e+06   4.3212891e+01
   5.7823070e+06   4.2053223e+01
   5.7824680e+06   4.5227051e+01
   5.7825070e+06   4.5959473e+01
   5.7828120e+06   4.2114258e+01
   5.7828810e+06   4.0771484e+01
   5.7830270e+06   4.2480469e+01
   5.7835790e+06   4.9682617e+01
   5.7846710e+06   4.4311523e+01
   5.7971540e+06   4.6081543e+01
   5.8096960e+06   4.0588379e+01
   5.8312130e+06   5.3955078e+01
   5.8313160e+06   4.5593262e+01
   5.8314200e+06   4.3701172e+01
   5.8316900e+06   6.4392090e+01
   5.8318530e+06   5.2978516e+01
   5.8320000e+06   5.4077148e+01
   5.8323210e+06   4.8522949e+01
   5.8329590e+06   4.3945312e+01
   5.8330500e+06   4.1015625e+01
   5.8452400e+06   4.6325684e+01
   5.8511050e+06   4.7241211e+01
   5.8563370e+06   4.1564941e+01
   5.9729180e+06   4.6875000e+01
   6.0397200e+06   4.3579102e+01
   6.0400840e+06   4.0954590e+01
   6.1528310e+06   4.1137695e+01
   6.1531330e+06   4.1625977e+01
   6.1535480e+06   4.3640137e+01
   6.1540190e+06   4.3884277e+01
   6.1683220e+06   5.3283691e+01
   6.1683850e+06   4.2724609e+01
   6.1690620e+06   4.4006348e+01
   6.2268660e+06   4.6691895e+01
   6.3183990e+06   4.3518066e+01
   6.3288740e+06   4.3395996e+01
   6.4582930e+06   4.2419434e+01
   6.4583590e+06   5.1879883e+01
   6.4585350e+06   5.2429199e+01
   6.4585520e+06   7.2509766e+01
   6.4587260e+06   4.8034668e+01
   6.4587940e+06   6.2927246e+01
   6.4588590e+06   4.7424316e+01
   6.4589400e+06   4.0405273e+01
   6.4590620e+06   4.3395996e+01
   6.4591330e+06   4.1137695e+01
   6.4592160e+06   5.6213379e+01
   6.4725620e+06   4.7485352e+01
   6.4756430e+06   5.3649902e+01
   6.4759920e+06   4.4982910e+01
   6.4768290e+06   4.3212891e+01
   6.4783300e+06   4.0954590e+01
   6.4789730e+06   4.2480469e+01
   6.4792160e+06   4.5837402e+01
   6.4792280e+06   5.1757813e+01
   6.4806460e+06   5.1086426e+01
   6.4936360e+06   4.2419434e+01
   6.4957970e+06   4.1687012e+01
   6.4962470e+06   4.3457031e+01
   6.5029420e+06   4.3334961e+01
   6.5031180e+06   4.5532227e+01
   6.5055840e+06   4.2846680e+01
   6.5060500e+06   4.0710449e+01
   6.5082940e+06   4.8645020e+01
   6.5083040e+06   4.3334961e+01
   6.5085570e+06   4.3029785e+01
   6.5088700e+06   4.2297363e+01
   6.5092770e+06   4.1564941e+01
   6.5092980e+06   5.2551270e+01
   6.5096960e+06   4.5715332e+01
   6.5099790e+06   4.4067383e+01
   6.5100880e+06   4.1259766e+01
   6.5109290e+06   4.2968750e+01
   6.5135690e+06   4.3334961e+01
   6.5366840e+06   4.7119141e+01
   6.5385720e+06   4.3334961e+01
   6.5395960e+06   4.6569824e+01
   6.5532010e+06   4.7363281e+01
   6.5895080e+06   4.9377441e+01
   6.5897490e+06   4.1137695e+01
   6.6172390e+06   4.4555664e+01
   6.6517550e+06   4.2663574e+01
   6.6910280e+06   4.5104980e+01
   6.7074050e+06   4.5715332e+01
   6.7100070e+06   4.6386719e+01
   6.7170850e+06   4.2480469e+01
   6.8083450e+06   4.1137695e+01
   6.9145230e+06   5.5419922e+01
   6.9227100e+06   4.1687012e+01
   6.9362910e+06   4.3884277e+01
   6.9442210e+06   4.4616699e+01
   6.9474350e+06   4.2480469e+01
   6.9693470e+06   4.2114258e+01
   7.0268220e+06   4.4311523e+01
   7.0269980e+06   4.4799805e+01
   7.0271790e+06   5.3527832e+01
   7.0275970e+06   4.2602539e+01
   7.0277200e+06   4.2480469e+01
   7.0573560e+06   4.3334961e+01
   7.0655010e+06   5.1696777e+01
   7.0656850e+06   8.1237793e+01
   7.0657190e+06   5.0109863e+01
   7.0657960e+06   4.4860840e+01
   7.0658240e+06   4.1381836e+01
   7.0659080e+06   6.5551758e+01
   7.0659610e+06   5.8166504e+01
   7.0662060e+06   4.5104980e+01
   7.0663460e+06   4.1625977e+01
   7.0664900e+06   4.2541504e+01
   7.0666650e+06   5.2185059e+01
   7.0810530e+06   5.2978516e+01
   7.0816980e+06   4.0527344e+01
   7.0834680e+06   4.1015625e+01
   7.0844280e+06   4.1748047e+01
   7.0878880e+06   4.5715332e+01
   7.0880300e+06   4.2785645e+01
   7.0887350e+06   4.2846680e+01
   7.0903570e+06   4.2175293e+01
   7.1080790e+06   4.4067383e+01
   7.1164610e+06   4.7546387e+01
   7.1166140e+06   4.6813965e+01
   7.1168670e+06   5.1025391e+01
   7.1172630e+06   4.3884277e+01
   7.1178080e+06   4.0649414e+01
   7.1178310e+06   4.1320801e+01
   7.1178780e+06   4.3090820e+01
   7.1186830e+06   5.1696777e+01
   7.1336560e+06   4.3945312e+01
   7.1378020e+06   4.1748047e+01
   7.1428870e+06   4.8583984e+01
   7.1439780e+06   4.1259766e+01
   7.1528670e+06   4.1015625e+01
   7.1533390e+06   4.3701172e+01
   7.1584560e+06   4.3334961e+01
   7.1850660e+06   4.1442871e+01
   7.1923300e+06   4.0832520e+01
   7.3915310e+06   5.5236816e+01
   7.4409130e+06   4.5349121e+01
   7.4832580e+06   5.2612305e+01
   7.4836360e+06   5.0537109e+01
   7.4836580e+06   4.6325684e+01
   7.4840280e+06   5.4565430e+01
   7.4843300e+06   4.3334961e+01
   7.5143180e+06   4.2663574e+01
   7.5146110e+06   4.0527344e+01
   7.5148970e+06   4.3762207e+01
   7.5184500e+06   4.1870117e+01
   7.5250440e+06   4.1320801e+01
   7.5290270e+06   4.4799805e+01
   7.5398070e+06   4.3945312e+01
   7.5443270e+06   4.2053223e+01
   7.5455420e+06   4.0832520e+01
   7.5513070e+06   4.9194336e+01
   7.5684930e+06   4.1809082e+01
   7.5688260e+06   4.5837402e+01
   7.5754030e+06   4.0527344e+01
   7.5765250e+06   4.3579102e+01
   7.5908620e+06   4.2602539e+01
   7.6090200e+06   4.2175293e+01
   7.6096290e+06   4.9621582e+01
   7.6171200e+06   4.2968750e+01
   7.6366490e+06   4.2053223e+01
   7.6778580e+06   4.2968750e+01
   7.6781650e+06   4.2663574e+01
   7.6785100e+06   5.1818848e+01
   7.6954180e+06   4.2968750e+01
   7.6961080e+06   4.7180176e+01
   7.6975720e+06   4.8400879e+01
   7.6982820e+06   4.2541504e+01
   7.6989380e+06   4.1381836e+01
   7.6999320e+06   4.6142578e+01
   7.7049340e+06   4.1748047e+01
   7.7051690e+06   4.3212891e+01
   7.7209450e+06   4.3945312e+01
   7.7210370e+06   4.1076660e+01
   7.7210990e+06   6.2316895e+01
   7.7211190e+06   6.2988281e+01
   7.7212650e+06   4.2907715e+01
   7.7213720e+06   5.9387207e+01
   7.7214120e+06   4.0649414e+01
   7.7214450e+06   5.1818848e+01
   7.7214620e+06   5.7312012e+01
   7.7215030e+06   4.4067383e+01
   7.7216600e+06   6.0668945e+01
   7.7217120e+06   4.6203613e+01
   7.7217480e+06   4.3640137e+01
   7.7220200e+06   6.2988281e+01
   7.7225300e+06   4.6936035e+01
   7.7405570e+06   4.5471191e+01
   7.7415260e+06   4.1503906e+01
   7.7418980e+06   4.4189453e+01
   7.7427430e+06   5.1452637e+01
   7.7432020e+06   4.2602539e+01
   7.7432370e+06   4.7668457e+01
   7.7435400e+06   5.0598145e+01
   7.7436300e+06   5.2856445e+01
   7.7442860e+06   4.0893555e+01
   7.7444610e+06   4.1137695e+01
   7.7591120e+06   5.2307129e+01
   7.7599450e+06   4.7973633e+01
   7.7622970e+06   4.1076660e+01
   7.7638840e+06   4.0527344e+01
   7.7694370e+06   4.2297363e+01
   7.7705230e+06   5.9875488e+01
   7.7718160e+06   4.2480469e+01
   7.7859740e+06   4.1137695e+01
   7.7986370e+06   4.6813965e+01
   7.7987780e+06   4.1015625e+01
   7.7988650e+06   4.0893555e+01
   7.7994950e+06   4.2663574e+01
   7.8011790e+06   4.2358398e+01
   7.8017450e+06   4.2663574e+01
   7.8117650e+06   4.2480469e+01
   7.8655220e+06   4.3029785e+01
   7.8658060e+06   4.7302246e+01
   7.8779900e+06   4.1625977e+01
   7.9738220e+06   4.2846680e+01
   7.9742340e+06   4.4189453e+01
   7.9745010e+06   4.6630859e+01
   7.9806460e+06   4.3884277e+01
   8.0118870e+06   4.1870117e+01
   8.0121690e+06   4.5776367e+01
   8.0224140e+06   5.4443359e+01
   8.0288720e+06   4.1137695e+01
   8.0428430e+06   4.2541504e+01
   8.0480010e+06   4.3273926e+01
   8.0891550e+06   4.7790527e+01
   8.0943000e+06   4.6936035e+01
   8.0945110e+06   4.0588379e+01
   8.1240240e+06   6.0119629e+01
   8.1368490e+06   5.5847168e+01
   8.1368910e+06   4.1870117e+01
   8.1372500e+06   4.0954590e+01
   8.1372880e+06   4.1076660e+01
   8.1376590e+06   4.0405273e+01
   8.1384220e+06   4.3212891e+01
   8.1620600e+06   4.0405273e+01
   8.2423870e+06   4.3457031e+01
   8.2447970e+06   4.6569824e+01
   8.2450900e+06   4.0588379e+01
   8.2951660e+06   4.0588379e+01
   8.2977420e+06   4.4372559e+01
   8.3213770e+06   4.5532227e+01
   8.3270370e+06   4.1076660e+01
   8.3332500e+06   4.4738770e+01
   8.3384400e+06   4.6386719e+01
   8.3386870e+06   4.6020508e+01
   8.3390620e+06   4.3273926e+01
   8.3393540e+06   4.6020508e+01
   8.3424920e+06   4.6020508e+01
   8.3436960e+06   4.5043945e+01
   8.4309990e+06   4.3151855e+01
   8.4568390e+06   4.3273926e+01
   8.4575420e+06   4.4372559e+01
   8.4841520e+06   4.1137695e+01
   8.4844550e+06   4.2541504e+01
   8.4927000e+06   4.2175293e+01
   8.5020460e+06   4.4860840e+01
   8.5024440e+06   4.2663574e+01
   8.5133130e+06   4.8461914e+01
   8.5139220e+06   4.9682617e+01
   8.5139990e+06   5.2001953e+01
   8.5142580e+06   5.2429199e+01
   8.5143020e+06   4.5837402e+01
   8.5150080e+06   4.8522949e+01
   8.5157080e+06   4.1687012e+01
   8.5183250e+06   4.4982910e+01
   8.5187140e+06   4.8095703e+01
   8.5188300e+06   4.7851562e+01
   8.5189640e+06   4.2297363e+01
   8.5193990e+06   4.2602539e+01
   8.5197140e+06   4.3212891e+01
   8.5222610e+06   5.3649902e+01
   8.5377890e+06   4.4433594e+01
   8.5380920e+06   4.5166016e+01
   8.5399570e+06   4.5959473e+01
   8.5404230e+06   4.4311523e+01
   8.5411640e+06   4.0710449e+01
   8.5413340e+06   6.5124512e+01
   8.5419090e+06   4.4799805e+01
   8.5420110e+06   4.5532227e+01
   8.5422010e+06   5.1818848e+01
   8.5435430e+06   4.6508789e+01
   8.5605960e+06   4.6142578e+01
   8.5609080e+06   4.1259766e+01
   8.5614460e+06   4.6325684e+01
   8.5627850e+06   4.5166016e+01
   8.5631130e+06   4.3701172e+01
   8.5635250e+06   4.8217773e+01
   8.5638100e+06   4.5410156e+01
   8.5641560e+06   4.3151855e+01
   8.5644830e+06   4.2846680e+01
   8.5654330e+06   4.2663574e+01
   8.5809710e+06   4.3029785e+01
   8.5812960e+06   4.6691895e+01
   8.5884160e+06   4.1931152e+01
   8.5892480e+06   4.6813965e+01
   8.5899140e+06   4.1015625e+01
   8.5909980e+06   4.3151855e+01
   8.5913190e+06   4.1687012e+01
   8.5924560e+06   4.1992188e+01
   8.5929010e+06   5.1574707e+01
   8.5940030e+06   4.2785645e+01
   8.5944140e+06   4.2114258e+01
   8.5944750e+06   4.0710449e+01
   8.5992390e+06   4.0771484e+01
   8.6235310e+06   5.2062988e+01
   8.6273220e+06   5.7189941e+01
   8.6278810e+06   4.1687012e+01
   8.6279200e+06   4.1076660e+01
   8.6281830e+06   4.4311523e+01
   8.6282830e+06   4.1503906e+01
   8.6285670e+06   4.4921875e+01
   8.6299040e+06   4.2541504e+01
   8.6302150e+06   4.1137695e+01
   8.6303360e+06   4.3029785e+01
   8.6421180e+06   4.7485352e+01
   8.6425660e+06   4.5227051e+01
   8.6473080e+06   4.0466309e+01
   8.6750660e+06   4.4677734e+01
   8.6873750e+06   4.4494629e+01
   8.6941150e+06   4.2114258e+01
   8.6946090e+06   4.0649414e+01
   8.7015040e+06   4.5898438e+01
   8.7150930e+06   4.1076660e+01
   8.7266550e+06   4.0405273e+01
   8.7585580e+06   4.2297363e+01
   8.7694100e+06   4.5410156e+01
   8.7749790e+06   4.6264648e+01
   8.8069590e+06   5.4138184e+01
   8.8072180e+06   4.0405273e+01
   8.8087020e+06   4.2236328e+01
   8.8253930e+06   4.7607422e+01
   8.9192240e+06   4.1748047e+01
   8.9320450e+06   5.1818848e+01
   8.9382150e+06   4.5959473e+01
   8.9426230e+06   4.2419434e+01
   8.9645710e+06   4.5959473e+01
   8.9681560e+06   4.5043945e+01
   8.9820030e+06   4.1625977e+01
   8.9836750e+06   4.6997070e+01
   8.9946600e+06   4.1931152e+01
