   8.9990000e+06   0.0000000e+00
   3.8993000e+04   4.8095703e+01
   3.9308000e+04   4.6752930e+01
   3.9505000e+04   4.4006348e+01
   3.9727000e+04   4.6081543e+01
   3.9822000e+04   4.7302246e+01
   3.9854000e+04   5.5358887e+01
   4.0025000e+04   5.2856445e+01
   4.0144000e+04   4.7180176e+01
   4.0462000e+04   6.7321777e+01
   4.0653000e+04   4.6875000e+01
   6.8151000e+04   4.3945312e+01
   2.3629800e+05   4.8583984e+01
   2.8015200e+05   4.5166016e+01
   3.8856700e+05   5.6091309e+01
   3.9001600e+05   5.5175781e+01
   3.9167500e+05   5.4199219e+01
   3.9419800e+05   5.0231934e+01
   4.0453000e+05   5.0659180e+01
   4.1178600e+05   4.7668457e+01
   4.2591100e+05   4.5776367e+01
   6.0203500e+05   5.3955078e+01
   6.0848300e+05   4.7973633e+01
   6.0948500e+05   4.6691895e+01
   6.1097000e+05   5.1513672e+01
   6.4081400e+05   4.7424316e+01
   6.4136200e+05   4.5288086e+01
   6.4144800e+05   5.1269531e+01
   6.4145800e+05   4.8034668e+01
   6.4166100e+05   4.7241211e+01
   6.4169400e+05   4.5471191e+01
   6.4228500e+05   4.4860840e+01
   7.0034100e+05   4.5227051e+01
   7.3251500e+05   6.1401367e+01
   8.9487000e+05   4.3823242e+01
   9.1126900e+05   4.6447754e+01
   9.8955500e+05   4.9499512e+01
   9.9014000e+05   5.5419922e+01
   1.0095670e+06   4.4616699e+01
   1.1082990e+06   4.3823242e+01
   1.1414110e+06   4.9255371e+01
   1.1499170e+06   5.9997559e+01
   1.1501180e+06   4.5532227e+01
   1.2349200e+06   5.2490234e+01
   1.2398220e+06   6.6162109e+01
   1.2406860e+06   5.1330566e+01
   1.2428170e+06   5.1391602e+01
   1.2627180e+06   4.5898438e+01
   1.3492300e+06   5.0048828e+01
   1.3517760e+06   6.2011719e+01
   1.3520080e+06   4.5166016e+01
   1.3982690e+06   4.5288086e+01
   1.4059790e+06   4.3884277e+01
   1.4061810e+06   4.4189453e+01
   1.4064800e+06   4.5715332e+01
   1.4065090e+06   5.1208496e+01
   1.4065750e+06   4.7424316e+01
   1.4067440e+06   4.3762207e+01
   1.4068630e+06   4.7668457e+01
   1.4072800e+06   5.4260254e+01
   1.4078110e+06   4.6447754e+01
   1.4492060e+06   4.3945312e+01
   1.4729380e+06   4.5715332e+01
   1.4741100e+06   4.8706055e+01
   1.5200250e+06   4.9316406e+01
   1.5652710e+06   5.3527832e+01
   1.5655320e+06   5.0292969e+01
   1.6417150e+06   5.2795410e+01
   1.6423310e+06   4.8706055e+01
   1.6429070e+06   4.5288086e+01
   1.6434440e+06   4.7912598e+01
   1.7241050e+06   5.2978516e+01
   1.7579920e+06   6.0424805e+01
   1.7583590e+06   4.4860840e+01
   1.7926800e+06   5.5725098e+01
   1.7957560e+06   5.0659180e+01
   1.8002570e+06   4.9133301e+01
   1.8022150e+06   4.5898438e+01
   1.8739930e+06   4.4738770e+01
   2.0004790e+06   5.3771973e+01
   2.0012390e+06   5.0720215e+01
   2.0017090e+06   4.6997070e+01
   2.0025040e+06   4.6752930e+01
   2.0037140e+06   5.2368164e+01
   2.1413080e+06   4.8583984e+01
   2.1414510e+06   4.6752930e+01
   2.1416110e+06   4.7546387e+01
   2.1416420e+06   4.8461914e+01
   2.1418650e+06   5.0048828e+01
   2.1419120e+06   5.1025391e+01
   2.1419410e+06   4.6325684e+01
   2.1422500e+06   5.1757812e+01
   2.1424660e+06   5.1391602e+01
   2.1427960e+06   4.6875000e+01
   2.1429190e+06   4.6813965e+01
   2.1736850e+06   4.3823242e+01
   2.1776780e+06   4.4921875e+01
   2.1921510e+06   5.5603027e+01
   2.2115630e+06   5.0842285e+01
   2.2117420e+06   4.3762207e+01
   2.2124730e+06   4.6142578e+01
   2.2475060e+06   5.3161621e+01
   2.2503420e+06   4.4738770e+01
   2.2509490e+06   4.4372559e+01
   2.2727160e+06   4.4555664e+01
   2.2895090e+06   5.4931641e+01
   2.2905290e+06   4.7180176e+01
   2.2913290e+06   4.5532227e+01
   2.4239330e+06   5.2246094e+01
   2.4386960e+06   4.4372559e+01
   2.4817750e+06   6.2072754e+01
   2.5490860e+06   6.1157227e+01
   2.5776120e+06   5.9753418e+01
   2.6070860e+06   4.5654297e+01
   2.6705180e+06   5.1147461e+01
   2.7574870e+06   5.1269531e+01
   2.7577970e+06   4.5837402e+01
   2.7584400e+06   5.2917480e+01
   2.7588130e+06   4.8828125e+01
   2.7593210e+06   4.6203613e+01
   2.8927010e+06   5.0720215e+01
   2.9095540e+06   4.6936035e+01
   2.9099350e+06   5.3222656e+01
   2.9321940e+06   4.8522949e+01
   2.9655520e+06   4.5349121e+01
   2.9952260e+06   4.6081543e+01
   2.9961360e+06   4.9377441e+01
   2.9965950e+06   4.9438477e+01
   3.0246760e+06   4.9316406e+01
   3.0251720e+06   5.3222656e+01
   3.0253560e+06   4.3579102e+01
   3.0257750e+06   4.6630859e+01
   3.0262690e+06   4.4128418e+01
   3.0262970e+06   4.3701172e+01
   3.0457980e+06   4.9316406e+01
   3.0463370e+06   4.4067383e+01
   3.0466040e+06   4.3579102e+01
   3.0753160e+06   4.4189453e+01
   3.0753850e+06   4.6752930e+01
   3.0758260e+06   4.8400879e+01
   3.0883860e+06   5.4626465e+01
   3.0892810e+06   4.7912598e+01
   3.0898940e+06   5.2917480e+01
   3.1263900e+06   6.1889648e+01
   3.1277200e+06   5.5236816e+01
   3.1284400e+06   4.9438477e+01
   3.1357860e+06   4.8522949e+01
   3.1372790e+06   4.6203613e+01
   3.1674940e+06   4.6325684e+01
   3.1989290e+06   4.8706055e+01
   3.2744000e+06   5.4870605e+01
   3.3033420e+06   5.0109863e+01
   3.4692260e+06   6.0791016e+01
   3.4848050e+06   6.3110352e+01
   3.4853350e+06   5.0903320e+01
   3.4867580e+06   5.1757812e+01
   3.5606420e+06   4.4250488e+01
   3.5694040e+06   4.9865723e+01
   3.6078600e+06   5.1025391e+01
   3.7704740e+06   4.4555664e+01
   3.7822020e+06   5.3405762e+01
   3.7829100e+06   4.9987793e+01
   3.7834910e+06   4.5959473e+01
   3.7847320e+06   4.8461914e+01
   3.7867330e+06   4.9804688e+01
   3.8865450e+06   4.4433594e+01
   3.9126170e+06   4.8278809e+01
   3.9126630e+06   4.9865723e+01
   3.9127630e+06   4.4494629e+01
   3.9127820e+06   4.4311523e+01
   3.9129030e+06   5.2429199e+01
   3.9131680e+06   4.3884277e+01
   3.9132070e+06   4.9377441e+01
   3.9133810e+06   4.6508789e+01
   3.9135890e+06   6.0058594e+01
   3.9151150e+06   4.7241211e+01
   3.9155160e+06   4.8278809e+01
   3.9271250e+06   4.3579102e+01
   3.9538050e+06   4.9682617e+01
   3.9683080e+06   4.3823242e+01
   3.9687830e+06   4.5410156e+01
   3.9701710e+06   4.3518066e+01
   3.9702670e+06   5.2185059e+01
   3.9888720e+06   5.8898926e+01
   3.9898070e+06   6.0485840e+01
   4.0176060e+06   4.5043945e+01
   4.0187080e+06   5.1696777e+01
   4.0189250e+06   4.3945312e+01
   4.0197100e+06   5.2124023e+01
   4.1153740e+06   5.0781250e+01
   4.2052480e+06   5.5847168e+01
   4.2065780e+06   5.0048828e+01
   4.3177870e+06   4.6997070e+01
   4.3464290e+06   5.3405762e+01
   4.4010580e+06   4.4433594e+01
   4.4036960e+06   5.6091309e+01
   4.4738590e+06   4.4189453e+01
   4.4841280e+06   4.7607422e+01
   4.5191310e+06   6.2316895e+01
   4.5308780e+06   5.0109863e+01
   4.5572240e+06   4.5532227e+01
   4.6180380e+06   4.7668457e+01
   4.6181370e+06   4.4982910e+01
   4.6183120e+06   5.9875488e+01
   4.6185900e+06   4.8095703e+01
   4.6403530e+06   4.5715332e+01
   4.6638480e+06   4.7424316e+01
   4.7021180e+06   5.2612305e+01
   4.7495570e+06   5.1391602e+01
   4.8434820e+06   5.5725098e+01
   4.8437920e+06   4.9255371e+01
   5.0124190e+06   5.9143066e+01
   5.0818580e+06   5.7556152e+01
   5.0820170e+06   4.6447754e+01
   5.0879200e+06   4.5654297e+01
   5.1600630e+06   4.5104980e+01
   5.2410480e+06   4.6875000e+01
   5.2517100e+06   4.6203613e+01
   5.2526800e+06   4.6081543e+01
   5.2529920e+06   4.9804688e+01
   5.2531010e+06   4.5288086e+01
   5.2536140e+06   4.3823242e+01
   5.3031370e+06   5.4748535e+01
   5.3036930e+06   4.4677734e+01
   5.3209680e+06   4.4189453e+01
   5.3700170e+06   4.7119141e+01
   5.4030980e+06   5.6274414e+01
   5.4041370e+06   5.2917480e+01
   5.4050150e+06   4.5776367e+01
   5.4057990e+06   4.5898437e+01
   5.5380430e+06   4.5349121e+01
   5.6138670e+06   4.3762207e+01
   5.6677850e+06   4.7058105e+01
   5.6681410e+06   4.3640137e+01
   5.6684980e+06   5.2856445e+01
   5.6686980e+06   4.5715332e+01
   5.6687570e+06   5.4138184e+01
   5.6688930e+06   5.0476074e+01
   5.6690590e+06   6.1218262e+01
   5.6692270e+06   6.2500000e+01
   5.6698480e+06   5.0415039e+01
   5.6858740e+06   4.4006348e+01
   5.7033740e+06   5.2673340e+01
   5.7170590e+06   4.4555664e+01
   5.7186690e+06   4.4189453e+01
   5.7202220e+06   4.3579102e+01
   5.7306280e+06   5.0292969e+01
   5.7330030e+06   4.4738770e+01
   5.7642580e+06   6.5795898e+01
   5.7645210e+06   5.0537109e+01
   5.7696990e+06   4.3762207e+01
   5.7828740e+06   4.8095703e+01
   5.7899580e+06   4.5410156e+01
   5.8010240e+06   5.7250977e+01
   5.8051650e+06   4.4799805e+01
   5.8087480e+06   5.6091309e+01
   5.8322450e+06   4.9926758e+01
   5.9262710e+06   4.4250488e+01
   6.0908480e+06   4.4555664e+01
   6.0943620e+06   5.0048828e+01
   6.1147750e+06   4.3884277e+01
   6.1643890e+06   6.9641113e+01
   6.1652250e+06   4.3884277e+01
   6.1666590e+06   6.2438965e+01
   6.1675270e+06   4.6630859e+01
   6.2871910e+06   4.3518066e+01
   6.3161000e+06   5.3771973e+01
   6.3169810e+06   5.7434082e+01
   6.3176650e+06   5.6457520e+01
   6.3179870e+06   4.7851562e+01
   6.3188590e+06   4.9377441e+01
   6.3286190e+06   4.6752930e+01
   6.3293340e+06   4.6386719e+01
   6.3300280e+06   4.9560547e+01
   6.3312010e+06   4.4738770e+01
   6.3819520e+06   4.7302246e+01
   6.3974090e+06   4.4250488e+01
   6.4030710e+06   4.8706055e+01
   6.4586910e+06   4.7912598e+01
   6.4588580e+06   4.7851562e+01
   6.4588920e+06   5.1391602e+01
   6.4589520e+06   4.7790527e+01
   6.4589800e+06   4.7546387e+01
   6.4590950e+06   4.5471191e+01
   6.4592590e+06   5.4565430e+01
   6.4592870e+06   4.7241211e+01
   6.4594290e+06   4.9011230e+01
   6.4599970e+06   4.6691895e+01
   6.4610850e+06   4.9743652e+01
   6.4797040e+06   4.6264648e+01
   6.4806800e+06   4.4494629e+01
   6.5351140e+06   5.5664062e+01
   6.5377620e+06   5.1269531e+01
   6.6680720e+06   5.9997559e+01
   6.7222640e+06   5.3649902e+01
   6.7442200e+06   4.7241211e+01
   6.7915910e+06   4.6752930e+01
   6.9359100e+06   6.1889648e+01
   6.9845580e+06   4.3640137e+01
   7.0001390e+06   4.3884277e+01
   7.0122290e+06   5.0170898e+01
   7.0249870e+06   7.5134277e+01
   7.0257390e+06   6.3720703e+01
   7.0266090e+06   5.3955078e+01
   7.0653850e+06   4.4067383e+01
   7.0655690e+06   4.6813965e+01
   7.0656270e+06   5.2978516e+01
   7.0658520e+06   4.6264648e+01
   7.0660550e+06   4.4067383e+01
   7.0661320e+06   4.4250488e+01
   7.0661570e+06   4.5654297e+01
   7.0662630e+06   4.5410156e+01
   7.0664290e+06   5.9631348e+01
   7.0666590e+06   6.4270020e+01
   7.0670420e+06   4.9377441e+01
   7.0873580e+06   5.2734375e+01
   7.1172710e+06   4.7302246e+01
   7.1174970e+06   4.7851562e+01
   7.1184560e+06   4.3945312e+01
   7.1321310e+06   6.6101074e+01
   7.1350420e+06   4.5043945e+01
   7.1358640e+06   4.5288086e+01
   7.1708070e+06   4.5227051e+01
   7.2099280e+06   6.5307617e+01
   7.2317170e+06   5.8837891e+01
   7.3127510e+06   4.6569824e+01
   7.3602480e+06   5.2429199e+01
   7.4167670e+06   5.9020996e+01
   7.4822460e+06   5.9448242e+01
   7.4826700e+06   4.8767090e+01
   7.4831920e+06   5.1757812e+01
   7.4833420e+06   4.7668457e+01
   7.4836720e+06   4.9255371e+01
   7.4965520e+06   5.4382324e+01
   7.4966190e+06   4.7546387e+01
   7.5615850e+06   7.4035645e+01
   7.5979350e+06   4.6264648e+01
   7.6082760e+06   4.9011230e+01
   7.6144070e+06   4.8583984e+01
   7.6146440e+06   4.7607422e+01
   7.6733890e+06   5.7434082e+01
   7.6761840e+06   4.4067383e+01
   7.6772850e+06   4.8095703e+01
   7.7208780e+06   5.1025391e+01
   7.7211310e+06   4.8889160e+01
   7.7213160e+06   4.4616699e+01
   7.7214110e+06   4.3884277e+01
   7.7216380e+06   4.8400879e+01
   7.7217700e+06   5.8349609e+01
   7.7219320e+06   4.5043945e+01
   7.7221280e+06   4.4494629e+01
   7.7223200e+06   4.4128418e+01
   7.7229990e+06   4.5043945e+01
   7.7244440e+06   4.8339844e+01
   7.7436800e+06   4.6264648e+01
   7.7566680e+06   4.3579102e+01
   7.7689080e+06   4.6142578e+01
   7.7807320e+06   4.5104980e+01
   7.7809820e+06   4.5776367e+01
   7.7987540e+06   4.8217773e+01
   7.7997340e+06   4.5166016e+01
   7.8333750e+06   5.9143066e+01
   7.8500350e+06   4.7973633e+01
   7.8504950e+06   4.8767090e+01
   7.8513210e+06   4.5593262e+01
   7.9545350e+06   4.4677734e+01
   7.9659160e+06   5.1574707e+01
   7.9840200e+06   4.3579102e+01
   8.0859440e+06   5.2734375e+01
   8.1311220e+06   4.7363281e+01
   8.1346290e+06   4.6936035e+01
   8.1357900e+06   5.5297852e+01
   8.1371590e+06   4.6264648e+01
   8.1483390e+06   5.3955078e+01
   8.1781770e+06   4.3518066e+01
   8.1786970e+06   4.5104980e+01
   8.1961400e+06   4.9011230e+01
   8.2510590e+06   4.4311523e+01
   8.3250890e+06   4.4982910e+01
   8.4096080e+06   4.8400879e+01
   8.4880840e+06   5.7617188e+01
   8.5032000e+06   4.5288086e+01
   8.5037900e+06   5.5175781e+01
   8.5116510e+06   4.3640137e+01
   8.5127870e+06   4.5104980e+01
   8.5128720e+06   4.6020508e+01
   8.5138480e+06   5.2368164e+01
   8.5192020e+06   5.4870605e+01
   8.5202030e+06   5.1025391e+01
   8.5203470e+06   4.5043945e+01
   8.5278340e+06   4.4067383e+01
   8.5418110e+06   4.6569824e+01
   8.5772040e+06   5.3771973e+01
   8.5792510e+06   4.5532227e+01
   8.5801350e+06   5.5114746e+01
   8.6074840e+06   4.9316406e+01
   8.6113660e+06   4.5532227e+01
   8.6276200e+06   4.5898438e+01
   8.6303430e+06   4.4921875e+01
   8.6758210e+06   4.6081543e+01
   8.7108370e+06   4.3945312e+01
   8.7722360e+06   4.3823242e+01
   8.7726740e+06   5.3466797e+01
   8.9551820e+06   5.4870605e+01
   8.9711610e+06   4.5410156e+01
