   8.9990000e+06   0.0000000e+00
   3.8340000e+04   4.1931152e+01
   3.9709000e+04   4.4921875e+01
   4.0593000e+04   4.3884277e+01
   4.1016000e+04   4.7424316e+01
   7.0658000e+04   4.9743652e+01
   9.5273000e+04   4.6325684e+01
   9.5672000e+04   4.2785645e+01
   9.6175000e+04   5.2368164e+01
   9.7474000e+04   4.4311523e+01
   1.0473700e+05   4.7485352e+01
   1.0525800e+05   4.2968750e+01
   1.1770600e+05   4.3029785e+01
   1.3560700e+05   4.2114258e+01
   1.4845700e+05   4.6386719e+01
   1.6171300e+05   4.5776367e+01
   1.6784300e+05   4.2480469e+01
   1.7016700e+05   4.5471191e+01
   2.3454100e+05   4.2480469e+01
   2.5289000e+05   4.3212891e+01
   2.8971600e+05   4.6203613e+01
   3.8199600e+05   4.4006348e+01
   3.8503800e+05   4.4250488e+01
   4.0532500e+05   5.0659180e+01
   4.0632300e+05   4.4250488e+01
   4.2883400e+05   4.3273926e+01
   4.5538300e+05   4.4494629e+01
   4.5964500e+05   4.2602539e+01
   4.6563200e+05   4.8522949e+01
   4.7706100e+05   4.9499512e+01
   4.8382800e+05   4.4738770e+01
   4.9716400e+05   4.2724609e+01
   5.3116200e+05   4.2419434e+01
   5.4913400e+05   4.6691895e+01
   5.5975400e+05   4.2785645e+01
   5.6497300e+05   4.7180176e+01
   5.6587400e+05   4.7119141e+01
   5.6657500e+05   4.3151855e+01
   6.6146700e+05   4.2358398e+01
   6.7754500e+05   4.3945312e+01
   6.8129000e+05   4.4311523e+01
   6.8986800e+05   4.6264648e+01
   6.9320100e+05   4.2114258e+01
   7.3121200e+05   5.1574707e+01
   7.3210200e+05   4.5349121e+01
   7.3319700e+05   4.3457031e+01
   7.4606900e+05   4.3029785e+01
   7.5697900e+05   5.1574707e+01
   7.6065900e+05   4.2724609e+01
   7.7157100e+05   4.3579102e+01
   8.2605800e+05   4.1992188e+01
   8.2703500e+05   4.4189453e+01
   8.3738300e+05   4.4067383e+01
   8.6995400e+05   4.2907715e+01
   8.8436800e+05   4.4738770e+01
   8.9468600e+05   4.3457031e+01
   9.2715100e+05   4.4128418e+01
   9.6857600e+05   4.4250488e+01
   9.8755400e+05   4.4738770e+01
   1.0318650e+06   4.4921875e+01
   1.0485370e+06   4.2358398e+01
   1.0960770e+06   4.8889160e+01
   1.1215990e+06   4.2297363e+01
   1.1511200e+06   4.3334961e+01
   1.1617910e+06   4.2785645e+01
   1.2452190e+06   4.3579102e+01
   1.2936210e+06   4.2663574e+01
   1.3201530e+06   4.9438477e+01
   1.3351280e+06   4.7119141e+01
   1.3393930e+06   4.2053223e+01
   1.3614900e+06   4.5654297e+01
   1.3859620e+06   5.0170898e+01
   1.3987010e+06   4.2175293e+01
   1.4059780e+06   4.4616699e+01
   1.4064910e+06   4.5532227e+01
   1.4330560e+06   4.1931152e+01
   1.4449700e+06   4.9926758e+01
   1.4454490e+06   5.7556152e+01
   1.4539340e+06   4.2480469e+01
   1.4751380e+06   4.6264648e+01
   1.4862060e+06   4.2541504e+01
   1.4882150e+06   4.3640137e+01
   1.4888090e+06   4.2663574e+01
   1.5203220e+06   4.4006348e+01
   1.5220360e+06   4.6875000e+01
   1.5570070e+06   4.6264648e+01
   1.5639280e+06   4.2785645e+01
   1.5908950e+06   4.4677734e+01
   1.6329830e+06   4.1992188e+01
   1.6548340e+06   4.5898438e+01
   1.6858740e+06   4.3762207e+01
   1.7010750e+06   4.2663574e+01
   1.7251280e+06   4.3762207e+01
   1.7318510e+06   4.2114258e+01
   1.7331050e+06   4.5410156e+01
   1.7989820e+06   4.5593262e+01
   1.8295120e+06   4.3151855e+01
   1.8400500e+06   4.2480469e+01
   1.8470280e+06   4.2358398e+01
   1.8483890e+06   4.1992188e+01
   1.8984130e+06   4.2602539e+01
   1.9144780e+06   4.2602539e+01
   1.9152110e+06   4.7241211e+01
   1.9165360e+06   4.4738770e+01
   1.9443640e+06   4.1931152e+01
   1.9600430e+06   4.2541504e+01
   2.0414760e+06   4.5043945e+01
   2.0463030e+06   4.2663574e+01
   2.1304420e+06   4.3457031e+01
   2.1542150e+06   4.2480469e+01
   2.1559580e+06   4.3395996e+01
   2.1615670e+06   4.1931152e+01
   2.1620330e+06   4.3029785e+01
   2.1738200e+06   4.2419434e+01
   2.2061970e+06   4.3762207e+01
   2.2065690e+06   4.2724609e+01
   2.2217280e+06   4.3884277e+01
   2.2224620e+06   4.2236328e+01
   2.2230790e+06   4.4250488e+01
   2.3046120e+06   4.2907715e+01
   2.3080170e+06   4.2297363e+01
   2.3143120e+06   4.8889160e+01
   2.3814000e+06   4.2724609e+01
   2.3930810e+06   5.0720215e+01
   2.4031870e+06   4.6936035e+01
   2.4446030e+06   4.2480469e+01
   2.4616000e+06   4.2541504e+01
   2.4880380e+06   4.6020508e+01
   2.5248840e+06   4.2297363e+01
   2.5257880e+06   4.2846680e+01
   2.5374280e+06   4.5471191e+01
   2.5617120e+06   4.6752930e+01
   2.5896920e+06   4.2114258e+01
   2.6577140e+06   4.4128418e+01
   2.6803020e+06   4.2297363e+01
   2.7589950e+06   4.4067383e+01
   2.7601510e+06   4.3762207e+01
   2.8195070e+06   4.2419434e+01
   2.8753740e+06   4.3640137e+01
   2.8914320e+06   4.3945312e+01
   2.9191100e+06   4.4921875e+01
   2.9207060e+06   4.3640137e+01
   2.9278550e+06   4.4006348e+01
   2.9677000e+06   4.9499512e+01
   3.0110030e+06   4.2419434e+01
   3.0117360e+06   4.2846680e+01
   3.0247200e+06   4.6081543e+01
   3.0248660e+06   4.6386719e+01
   3.0256790e+06   4.5104980e+01
   3.0263320e+06   4.3518066e+01
   3.0395470e+06   4.2541504e+01
   3.0570360e+06   4.1992188e+01
   3.0680240e+06   4.6936035e+01
   3.0693900e+06   4.6325684e+01
   3.0718440e+06   4.4982910e+01
   3.0948810e+06   4.2663574e+01
   3.1293060e+06   4.2663574e+01
   3.1371880e+06   4.4555664e+01
   3.1541700e+06   4.5104980e+01
   3.1620150e+06   4.4067383e+01
   3.1656450e+06   4.5104980e+01
   3.1976170e+06   4.3395996e+01
   3.2652220e+06   4.3151855e+01
   3.2867390e+06   4.3823242e+01
   3.2928020e+06   4.5043945e+01
   3.2956380e+06   4.3457031e+01
   3.3353610e+06   4.8095703e+01
   3.3550800e+06   4.1931152e+01
   3.3878930e+06   4.6203613e+01
   3.4207720e+06   4.4067383e+01
   3.4472760e+06   4.5837402e+01
   3.4848830e+06   4.7912598e+01
   3.5110830e+06   4.2236328e+01
   3.5215860e+06   4.3579102e+01
   3.5357820e+06   4.3823242e+01
   3.5571290e+06   4.9377441e+01
   3.5886070e+06   4.3457031e+01
   3.6333080e+06   4.3579102e+01
   3.6428100e+06   4.3701172e+01
   3.6534320e+06   4.3395996e+01
   3.6703740e+06   4.3762207e+01
   3.6898170e+06   4.5532227e+01
   3.7489590e+06   4.3457031e+01
   3.7535120e+06   4.6386719e+01
   3.7656690e+06   4.2907715e+01
   3.7909630e+06   4.3212891e+01
   3.8164590e+06   4.5593262e+01
   3.8639340e+06   4.3457031e+01
   3.8762770e+06   4.5959473e+01
   3.8848040e+06   4.2480469e+01
   3.9120980e+06   4.7363281e+01
   3.9390070e+06   4.8950195e+01
   3.9649260e+06   4.6875000e+01
   3.9658150e+06   4.2053223e+01
   3.9779900e+06   4.4738770e+01
   3.9816590e+06   4.5410156e+01
   3.9932440e+06   4.2175293e+01
   4.0022750e+06   4.7363281e+01
   4.0490120e+06   4.5959473e+01
   4.0500460e+06   4.2236328e+01
   4.0841520e+06   4.3518066e+01
   4.1085390e+06   4.2724609e+01
   4.1168470e+06   4.4921875e+01
   4.1322200e+06   4.4128418e+01
   4.1795940e+06   4.4921875e+01
   4.2009720e+06   4.2907715e+01
   4.2072940e+06   4.2053223e+01
   4.2177960e+06   4.3212891e+01
   4.2261320e+06   4.2541504e+01
   4.2584260e+06   4.3701172e+01
   4.2592990e+06   4.5715332e+01
   4.2786070e+06   4.3884277e+01
   4.2836130e+06   4.1931152e+01
   4.2939030e+06   4.5410156e+01
   4.3221560e+06   4.3457031e+01
   4.3233280e+06   4.3701172e+01
   4.3752950e+06   4.2236328e+01
   4.4247030e+06   4.3579102e+01
   4.4338740e+06   4.5288086e+01
   4.4386020e+06   4.2602539e+01
   4.4447530e+06   4.2114258e+01
   4.4655400e+06   4.5410156e+01
   4.4772520e+06   4.3945312e+01
   4.4826440e+06   4.5410156e+01
   4.5195920e+06   4.4311523e+01
   4.5773140e+06   4.3395996e+01
   4.5842030e+06   4.6630859e+01
   4.6060260e+06   4.1931152e+01
   4.6168690e+06   4.2541504e+01
   4.6174700e+06   4.4250488e+01
   4.6184870e+06   5.2185059e+01
   4.6411780e+06   4.2053223e+01
   4.6419650e+06   4.3273926e+01
   4.6626650e+06   4.4067383e+01
   4.6631850e+06   4.4738770e+01
   4.6826460e+06   4.2053223e+01
   4.7016230e+06   4.3090820e+01
   4.7120670e+06   4.7668457e+01
   4.7142220e+06   4.2907715e+01
   4.7146340e+06   4.7607422e+01
   4.7150690e+06   4.4738770e+01
   4.7162100e+06   4.4860840e+01
   4.7171950e+06   4.4433594e+01
   4.7184780e+06   4.2541504e+01
   4.7236640e+06   4.3395996e+01
   4.7627810e+06   4.1992188e+01
   4.7687390e+06   4.3334961e+01
   4.7816740e+06   4.5959473e+01
   4.8012900e+06   4.2419434e+01
   4.8187920e+06   4.2419434e+01
   4.8919110e+06   4.3762207e+01
   4.8990550e+06   5.4382324e+01
   4.9090060e+06   4.2846680e+01
   4.9248370e+06   4.2602539e+01
   4.9267800e+06   4.2236328e+01
   5.0022960e+06   4.8889160e+01
   5.0488830e+06   4.2297363e+01
   5.0660710e+06   4.5471191e+01
   5.0891250e+06   4.2602539e+01
   5.1306910e+06   4.2419434e+01
   5.1397250e+06   4.3029785e+01
   5.1433400e+06   4.5349121e+01
   5.1974600e+06   4.3457031e+01
   5.1983340e+06   4.3273926e+01
   5.2111020e+06   4.3701172e+01
   5.2513090e+06   4.2785645e+01
   5.2678980e+06   4.5349121e+01
   5.2868540e+06   4.1931152e+01
   5.2924170e+06   4.5776367e+01
   5.3370110e+06   4.2175293e+01
   5.3521860e+06   4.3640137e+01
   5.3754450e+06   4.2846680e+01
   5.3789640e+06   4.4799805e+01
   5.4181320e+06   4.2114258e+01
   5.4290990e+06   4.4250488e+01
   5.4471400e+06   4.3273926e+01
   5.4476020e+06   5.0842285e+01
   5.4670060e+06   4.2114258e+01
   5.5138280e+06   4.3457031e+01
   5.5841760e+06   4.3884277e+01
   5.6141820e+06   4.1992188e+01
   5.6471070e+06   4.4311523e+01
   5.6681750e+06   4.6813965e+01
   5.6685000e+06   4.3212891e+01
   5.6687840e+06   5.4809570e+01
   5.6691140e+06   4.2053223e+01
   5.7043810e+06   4.2907715e+01
   5.7117080e+06   5.0476074e+01
   5.7121500e+06   4.4677734e+01
   5.7125270e+06   5.2734375e+01
   5.7490300e+06   4.4982910e+01
   5.7664230e+06   4.2236328e+01
   5.7694490e+06   5.1452637e+01
   5.7877920e+06   4.4616699e+01
   5.8300230e+06   4.1931152e+01
   5.8551920e+06   4.2297363e+01
   5.8682800e+06   4.4067383e+01
   5.8841300e+06   4.5227051e+01
   5.9055440e+06   4.2907715e+01
   5.9429260e+06   4.5715332e+01
   5.9723730e+06   4.8400879e+01
   6.0090240e+06   4.9560547e+01
   6.0205520e+06   4.3273926e+01
   6.0259990e+06   4.3518066e+01
   6.0445050e+06   4.5043945e+01
   6.0561810e+06   4.5410156e+01
   6.0632980e+06   4.2907715e+01
   6.0882150e+06   4.3212891e+01
   6.1121940e+06   4.2175293e+01
   6.1548350e+06   4.6325684e+01
   6.1674080e+06   4.3945312e+01
   6.2396390e+06   4.2419434e+01
   6.2546410e+06   4.4555664e+01
   6.3388170e+06   4.5043945e+01
   6.3439850e+06   4.5776367e+01
   6.3453760e+06   4.2663574e+01
   6.4307410e+06   4.3395996e+01
   6.4326170e+06   4.1992188e+01
   6.4583460e+06   4.2114258e+01
   6.4584010e+06   5.1696777e+01
   6.4593670e+06   5.8471680e+01
   6.4708390e+06   4.5471191e+01
   6.4820600e+06   4.5715332e+01
   6.5068050e+06   4.3212891e+01
   6.5075690e+06   4.2846680e+01
   6.5126780e+06   4.5898438e+01
   6.5358090e+06   4.5043945e+01
   6.5367770e+06   4.4494629e+01
   6.5387350e+06   4.5043945e+01
   6.5395270e+06   4.2846680e+01
   6.5449670e+06   4.2907715e+01
   6.6480860e+06   4.4799805e+01
   6.6619470e+06   4.3762207e+01
   6.6688280e+06   4.2968750e+01
   6.7006800e+06   4.4433594e+01
   6.7675180e+06   4.5410156e+01
   6.7789170e+06   4.3029785e+01
   6.7932750e+06   4.5654297e+01
   6.8007860e+06   4.2785645e+01
   6.8286850e+06   4.4799805e+01
   6.8359170e+06   4.2724609e+01
   6.9007950e+06   4.5166016e+01
   7.0253950e+06   4.5959473e+01
   7.0261880e+06   4.4494629e+01
   7.0267330e+06   5.0537109e+01
   7.0273190e+06   4.2907715e+01
   7.0431540e+06   4.3579102e+01
   7.0658750e+06   5.0476074e+01
   7.0661440e+06   5.9509277e+01
   7.0665690e+06   5.3161621e+01
   7.0865680e+06   5.3955078e+01
   7.0888600e+06   4.2175293e+01
   7.1117790e+06   4.6752930e+01
   7.1403530e+06   4.9743652e+01
   7.1413390e+06   4.6630859e+01
   7.1419840e+06   4.6081543e+01
   7.1436120e+06   5.1696777e+01
   7.1538560e+06   4.2175293e+01
   7.1683180e+06   4.2053223e+01
   7.1997520e+06   4.4067383e+01
   7.2195080e+06   4.2724609e+01
   7.3201820e+06   4.5898438e+01
   7.3223000e+06   4.4128418e+01
   7.4036390e+06   4.2358398e+01
   7.4283740e+06   4.3029785e+01
   7.4491550e+06   4.4250488e+01
   7.4517250e+06   5.7495117e+01
   7.4545080e+06   4.4494629e+01
   7.4834430e+06   5.2673340e+01
   7.4836500e+06   4.7424316e+01
   7.5268050e+06   4.4738770e+01
   7.5884900e+06   4.2724609e+01
   7.6209330e+06   4.2053223e+01
   7.6290080e+06   4.5959473e+01
   7.7209000e+06   4.6142578e+01
   7.7210770e+06   5.3466797e+01
   7.7219680e+06   6.4453125e+01
   7.7426000e+06   4.5104980e+01
   7.7507920e+06   4.3090820e+01
   7.7686670e+06   4.3579102e+01
   7.7709140e+06   5.2185059e+01
   7.7713970e+06   4.4799805e+01
   7.7719190e+06   4.7912598e+01
   7.7878560e+06   4.3395996e+01
   7.7986230e+06   4.2541504e+01
   7.8058770e+06   4.5349121e+01
   7.8760360e+06   4.4006348e+01
   7.8956300e+06   4.2663574e+01
   7.9342510e+06   4.2236328e+01
   8.0863580e+06   4.3457031e+01
   8.1426760e+06   4.1931152e+01
   8.1989680e+06   4.9377441e+01
   8.2419450e+06   4.1992188e+01
   8.3082590e+06   4.2724609e+01
   8.3346670e+06   4.3884277e+01
   8.3870200e+06   5.0476074e+01
   8.3967520e+06   4.2236328e+01
   8.4230380e+06   4.4860840e+01
   8.4325210e+06   4.3518066e+01
   8.4568520e+06   4.4433594e+01
   8.4954070e+06   4.2236328e+01
   8.4958060e+06   4.3762207e+01
   8.4973460e+06   4.4128418e+01
   8.5049440e+06   4.5654297e+01
   8.5075700e+06   4.1992188e+01
   8.5185880e+06   4.2907715e+01
   8.5608290e+06   5.3833008e+01
   8.5613710e+06   5.2917480e+01
   8.5618260e+06   5.1330566e+01
   8.5627850e+06   4.4311523e+01
   8.5631150e+06   4.2297363e+01
   8.5871170e+06   4.9011230e+01
   8.5934770e+06   4.6997070e+01
   8.6041510e+06   4.7790527e+01
   8.6102110e+06   4.3334961e+01
   8.6268120e+06   4.2480469e+01
   8.6277860e+06   4.6264648e+01
   8.6420120e+06   4.4250488e+01
   8.6627900e+06   4.8828125e+01
   8.7875080e+06   4.6203613e+01
   8.8152560e+06   4.4738770e+01
   8.8276050e+06   4.6752930e+01
   8.8315450e+06   4.2175293e+01
   8.8423030e+06   4.6142578e+01
   8.8501360e+06   4.2297363e+01
   8.8508080e+06   4.6203613e+01
   8.8742020e+06   4.7790527e+01
   8.8857350e+06   4.9316406e+01
   8.9190960e+06   4.3457031e+01
   8.9311640e+06   4.6997070e+01
   8.9494770e+06   4.4921875e+01
   8.9522060e+06   4.3823242e+01
   8.9586880e+06   4.5776367e+01
   8.9683580e+06   4.8156738e+01
   8.9692920e+06   4.6264648e+01
   8.9709270e+06   4.2846680e+01
