   8.9990000e+06   0.0000000e+00
   7.2900000e+02   4.2480469e+01
   2.9710000e+03   4.1442871e+01
   3.3650000e+03   4.3212891e+01
   1.0794000e+04   4.2968750e+01
   1.2904000e+04   1.1608887e+02
   1.4321000e+04   4.0832520e+01
   1.6302000e+04   4.1625977e+01
   1.9452000e+04   4.3090820e+01
   1.9753000e+04   4.2968750e+01
   2.8195000e+04   4.1381836e+01
   3.3284000e+04   4.0832520e+01
   3.8692000e+04   4.2602539e+01
   3.8949000e+04   4.4128418e+01
   3.9104000e+04   4.3457031e+01
   3.9349000e+04   4.3640137e+01
   3.9411000e+04   6.4514160e+01
   3.9532000e+04   4.7058105e+01
   3.9722000e+04   4.4067383e+01
   4.0111000e+04   4.9255371e+01
   4.0434000e+04   1.0266113e+02
   4.0801000e+04   9.4299316e+01
   5.2205000e+04   4.1320801e+01
   5.5505000e+04   4.1625977e+01
   5.9185000e+04   4.4982910e+01
   6.0371000e+04   4.3212891e+01
   6.6915000e+04   4.2724609e+01
   6.7424000e+04   5.3100586e+01
   6.7449000e+04   4.3701172e+01
   6.7726000e+04   4.2724609e+01
   6.8637000e+04   4.1137695e+01
   6.9324000e+04   4.1015625e+01
   7.4721000e+04   4.5410156e+01
   7.5388000e+04   4.4128418e+01
   7.6657000e+04   4.2724609e+01
   7.9193000e+04   4.1381836e+01
   8.0053000e+04   4.1564941e+01
   8.0960000e+04   4.1809082e+01
   8.1936000e+04   4.0954590e+01
   8.5846000e+04   4.2846680e+01
   8.6361000e+04   4.4921875e+01
   8.7544000e+04   4.4372559e+01
   8.8282000e+04   4.3823242e+01
   9.1082000e+04   4.2724609e+01
   9.8055000e+04   4.3151855e+01
   9.8679000e+04   4.2053223e+01
   1.0007900e+05   1.1737061e+02
   1.0010800e+05   5.1879883e+01
   1.0059500e+05   1.0137939e+02
   1.0088600e+05   8.0993652e+01
   1.0194700e+05   4.4494629e+01
   1.0450400e+05   4.6386719e+01
   1.0469100e+05   9.5886230e+01
   1.0567500e+05   7.8491211e+01
   1.0920600e+05   4.1931152e+01
   1.1144500e+05   4.7973633e+01
   1.1321300e+05   4.1748047e+01
   1.2265500e+05   4.3701172e+01
   1.3238200e+05   4.7912598e+01
   1.3386800e+05   4.1320801e+01
   1.3457000e+05   4.1137695e+01
   1.3993000e+05   1.1004639e+02
   1.4534100e+05   4.4189453e+01
   1.4730600e+05   4.2053223e+01
   1.4969000e+05   4.2968750e+01
   1.5218900e+05   4.2663574e+01
   1.5718100e+05   4.6936035e+01
   1.5753600e+05   4.2785645e+01
   1.6043500e+05   4.2236328e+01
   1.6211400e+05   4.7363281e+01
   1.6318800e+05   4.2602539e+01
   1.6480900e+05   4.2724609e+01
   1.6598100e+05   1.0766602e+02
   1.6649500e+05   9.5947266e+01
   1.6971600e+05   4.7241211e+01
   1.7027300e+05   4.8278809e+01
   1.7036500e+05   4.1259766e+01
   1.7224000e+05   9.5397949e+01
   1.7430400e+05   4.1381836e+01
   1.8012700e+05   4.6325684e+01
   1.9029800e+05   4.5104980e+01
   1.9454600e+05   4.4555664e+01
   1.9988500e+05   4.1381836e+01
   2.0007900e+05   9.5092773e+01
   2.0200200e+05   4.5654297e+01
   2.0890400e+05   4.1320801e+01
   2.1098600e+05   1.0125732e+02
   2.1172700e+05   8.6059570e+01
   2.1193700e+05   5.0842285e+01
   2.1292000e+05   6.3903809e+01
   2.1425000e+05   4.1809082e+01
   2.1478400e+05   5.0292969e+01
   2.1538900e+05   4.1259766e+01
   2.1771100e+05   4.1137695e+01
   2.2060200e+05   4.7607422e+01
   2.2154900e+05   4.6447754e+01
   2.2378600e+05   4.2419434e+01
   2.3085700e+05   4.1076660e+01
   2.3693800e+05   4.3457031e+01
   2.4147000e+05   4.9926758e+01
   2.4267600e+05   4.0832520e+01
   2.4661700e+05   4.3395996e+01
   2.5227000e+05   4.2663574e+01
   2.5572300e+05   4.3395996e+01
   2.5751300e+05   4.4128418e+01
   2.6438600e+05   4.5104980e+01
   2.6953600e+05   4.1992188e+01
   2.7560600e+05   4.1076660e+01
   2.7713400e+05   4.0832520e+01
   2.7900500e+05   4.9255371e+01
   2.8621300e+05   4.2907715e+01
   2.8714600e+05   4.4311523e+01
   3.0167400e+05   4.1320801e+01
   3.0860200e+05   4.0710449e+01
   3.1877900e+05   4.2846680e+01
   3.2559800e+05   5.0659180e+01
   3.4255200e+05   4.1687012e+01
   3.4716900e+05   4.9438477e+01
   3.5711400e+05   4.6386719e+01
   3.7722500e+05   4.4006348e+01
   3.7944800e+05   4.3334961e+01
   3.8273600e+05   4.3884277e+01
   3.8354000e+05   4.1137695e+01
   3.8409800e+05   4.5043945e+01
   3.9357500e+05   4.4860840e+01
   3.9713900e+05   4.7912598e+01
   3.9985600e+05   1.0772705e+02
   4.0251700e+05   4.1931152e+01
   4.0521500e+05   4.4555664e+01
   4.0523500e+05   4.0832520e+01
   4.1305300e+05   4.3579102e+01
   4.1316400e+05   4.2846680e+01
   4.1421900e+05   4.4250488e+01
   4.1789300e+05   4.4921875e+01
   4.2373700e+05   4.0893555e+01
   4.3153400e+05   4.7729492e+01
   4.3946300e+05   4.3579102e+01
   4.4128700e+05   4.1503906e+01
   4.4457100e+05   4.3029785e+01
   4.4720300e+05   4.1625977e+01
   4.4815800e+05   6.2683105e+01
   4.5300800e+05   5.3466797e+01
   4.5412100e+05   4.4189453e+01
   4.5626400e+05   1.0070801e+02
   4.5949700e+05   4.2358398e+01
   4.6254600e+05   4.1259766e+01
   4.7280400e+05   4.6508789e+01
   4.7450900e+05   4.1687012e+01
   4.7822300e+05   4.5532227e+01
   4.9055000e+05   4.2236328e+01
   4.9299000e+05   5.7800293e+01
   4.9351200e+05   9.0270996e+01
   4.9477200e+05   4.3334961e+01
   4.9668200e+05   4.6203613e+01
   4.9814400e+05   4.1198730e+01
   5.1293400e+05   4.3212891e+01
   5.2658200e+05   4.1931152e+01
   5.3003000e+05   4.2236328e+01
   5.3115000e+05   4.1381836e+01
   5.3262200e+05   4.1259766e+01
   5.3732300e+05   1.0467529e+02
   5.4438400e+05   4.1625977e+01
   5.6063200e+05   4.1748047e+01
   5.6325200e+05   4.5471191e+01
   5.6856000e+05   9.7778320e+01
   5.7890800e+05   4.1137695e+01
   5.7938200e+05   4.2358398e+01
   5.8105200e+05   4.2785645e+01
   5.8370000e+05   4.5959473e+01
   5.8643200e+05   4.3701172e+01
   5.8967600e+05   4.1259766e+01
   5.9655400e+05   4.2785645e+01
   6.0089400e+05   4.5227051e+01
   6.0743500e+05   4.3701172e+01
   6.1372900e+05   4.6875000e+01
   6.1480900e+05   4.2053223e+01
   6.1978000e+05   4.4738770e+01
   6.1985100e+05   4.4494629e+01
   6.2013100e+05   5.0598145e+01
   6.2062900e+05   4.3518066e+01
   6.3076900e+05   4.4494629e+01
   6.3109300e+05   4.8828125e+01
   6.3492200e+05   4.4982910e+01
   6.3977200e+05   1.1077881e+02
   6.4020300e+05   4.5715332e+01
   6.4059800e+05   5.3405762e+01
   6.4062900e+05   4.1503906e+01
   6.4082100e+05   4.7363281e+01
   6.4092300e+05   4.1748047e+01
   6.4096000e+05   6.4147949e+01
   6.4116000e+05   4.1870117e+01
   6.4145500e+05   4.6813965e+01
   6.4191900e+05   9.2346191e+01
   6.4206400e+05   4.2907715e+01
   6.4212300e+05   4.5471191e+01
   6.4221900e+05   7.6782227e+01
   6.4255600e+05   7.5134277e+01
   6.4293300e+05   5.1696777e+01
   6.4367800e+05   6.0791016e+01
   6.5182300e+05   4.2846680e+01
   6.5799700e+05   4.1076660e+01
   6.6041700e+05   5.0231934e+01
   6.6057100e+05   4.1076660e+01
   6.6393600e+05   4.3212891e+01
   6.6724000e+05   4.2663574e+01
   6.6781200e+05   5.8166504e+01
   6.6788300e+05   4.1931152e+01
   6.6835100e+05   4.1748047e+01
   6.6895500e+05   4.5043945e+01
   6.7455500e+05   4.4433594e+01
   6.7463900e+05   4.3151855e+01
   6.7762000e+05   5.6518555e+01
   6.7804900e+05   4.6630859e+01
   6.8120700e+05   4.1687012e+01
   6.8221200e+05   4.1809082e+01
   6.8460800e+05   4.3518066e+01
   6.9369500e+05   4.3701172e+01
   6.9639000e+05   4.1748047e+01
   6.9768000e+05   4.2480469e+01
   6.9841000e+05   4.6752930e+01
   6.9859700e+05   1.0986328e+02
   7.0207300e+05   4.1625977e+01
   7.0446500e+05   4.6997070e+01
   7.0532500e+05   4.3273926e+01
   7.1012700e+05   4.1564941e+01
   7.1246100e+05   4.2114258e+01
   7.1253900e+05   4.3579102e+01
   7.1928600e+05   4.4006348e+01
   7.1989200e+05   4.2053223e+01
   7.2288400e+05   4.5104980e+01
   7.2367300e+05   4.3334961e+01
   7.2434100e+05   4.4250488e+01
   7.3941800e+05   4.3823242e+01
   7.4030200e+05   4.0832520e+01
   7.4064000e+05   1.1047363e+02
   7.4086300e+05   8.5327148e+01
   7.4111500e+05   6.2805176e+01
   7.4185500e+05   6.2561035e+01
   7.4205300e+05   4.7546387e+01
   7.4244200e+05   7.2143555e+01
   7.4309700e+05   5.8776855e+01
   7.4390200e+05   4.2541504e+01
   7.4938900e+05   4.9377441e+01
   7.5111800e+05   4.1442871e+01
   7.5275900e+05   4.1809082e+01
   7.6308800e+05   4.1625977e+01
   7.6361200e+05   4.2663574e+01
   7.6387700e+05   4.3579102e+01
   7.6533500e+05   4.2846680e+01
   7.7120900e+05   5.1391602e+01
   7.7471700e+05   4.1992188e+01
   7.7673400e+05   4.3457031e+01
   7.8021200e+05   4.2114258e+01
   7.8038200e+05   4.4372559e+01
   7.8196000e+05   4.5288086e+01
   7.8202700e+05   4.1015625e+01
   7.8653700e+05   4.1076660e+01
   7.8721900e+05   1.0278320e+02
   7.8771800e+05   8.9904785e+01
   7.8794500e+05   6.7687988e+01
   7.8849000e+05   8.0810547e+01
   7.8916400e+05   4.2663574e+01
   7.8969300e+05   6.5856934e+01
   7.9006400e+05   4.4738770e+01
   7.9339600e+05   4.6630859e+01
   8.0783400e+05   4.1076660e+01
   8.1969100e+05   4.7180176e+01
   8.2429600e+05   4.5532227e+01
   8.2679400e+05   4.6386719e+01
   8.2873100e+05   4.3029785e+01
   8.2933300e+05   1.0211182e+02
   8.3085400e+05   9.0087891e+01
   8.3301400e+05   4.0954590e+01
   8.4604800e+05   4.2480469e+01
   8.5173700e+05   4.3823242e+01
   8.5591300e+05   4.3395996e+01
   8.5898400e+05   4.1992188e+01
   8.6932900e+05   4.3945312e+01
   8.7685100e+05   4.2175293e+01
   8.7759800e+05   4.3273926e+01
   8.8225000e+05   4.3029785e+01
   8.8524400e+05   4.2358398e+01
   8.8621100e+05   4.2480469e+01
   8.8833500e+05   4.3518066e+01
   8.8840700e+05   1.1248779e+02
   8.9170100e+05   4.2724609e+01
   8.9377700e+05   1.0168457e+02
   8.9812400e+05   4.0710449e+01
   8.9868000e+05   4.2724609e+01
   9.0686300e+05   4.2114258e+01
   9.0987100e+05   4.6020508e+01
   9.1560300e+05   4.7302246e+01
   9.1613300e+05   4.4860840e+01
   9.2011200e+05   4.8156738e+01
   9.2256800e+05   4.1931152e+01
   9.2774200e+05   4.9499512e+01
   9.3013600e+05   4.1137695e+01
   9.3607300e+05   4.3640137e+01
   9.3869200e+05   5.4321289e+01
   9.3898000e+05   1.0845947e+02
   9.4152200e+05   4.2968750e+01
   9.4258700e+05   4.1320801e+01
   9.4518700e+05   4.3945312e+01
   9.4796100e+05   4.1992188e+01
   9.5435700e+05   4.2663574e+01
   9.6222700e+05   4.3151855e+01
   9.6719200e+05   4.2846680e+01
   9.7129200e+05   4.2724609e+01
   9.7925300e+05   1.1389160e+02
   9.7974100e+05   4.4494629e+01
   9.7999900e+05   9.9121094e+01
   9.8359500e+05   4.2846680e+01
   9.9099500e+05   4.1687012e+01
   9.9499800e+05   4.6264648e+01
   1.0000300e+06   4.1687012e+01
   1.0008570e+06   4.1015625e+01
   1.0038850e+06   4.5776367e+01
   1.0061930e+06   4.6569824e+01
   1.0085540e+06   4.4982910e+01
   1.0119210e+06   4.6752930e+01
   1.0180530e+06   4.9133301e+01
   1.0201850e+06   4.2297363e+01
   1.0217410e+06   4.2907715e+01
   1.0241190e+06   4.3945312e+01
   1.0247710e+06   9.5947266e+01
   1.0361500e+06   4.0954590e+01
   1.0368790e+06   4.5104980e+01
   1.0402240e+06   4.1992188e+01
   1.0458230e+06   4.1198730e+01
   1.0526820e+06   4.1076660e+01
   1.0540500e+06   4.7973633e+01
   1.0662350e+06   4.2175293e+01
   1.0667130e+06   1.0076904e+02
   1.0727020e+06   4.3334961e+01
   1.0738900e+06   4.2663574e+01
   1.0791470e+06   5.0842285e+01
   1.0810370e+06   4.0771484e+01
   1.0822970e+06   1.0498047e+02
   1.0826610e+06   9.7229004e+01
   1.1084050e+06   9.8999023e+01
   1.1104530e+06   4.6447754e+01
   1.1140470e+06   4.3090820e+01
   1.1161280e+06   4.4128418e+01
   1.1169550e+06   4.5410156e+01
   1.1187710e+06   4.2114258e+01
   1.1196530e+06   4.1625977e+01
   1.1226770e+06   4.4616699e+01
   1.1311040e+06   4.0832520e+01
   1.1324820e+06   4.1931152e+01
   1.1333990e+06   1.0693359e+02
   1.1339540e+06   7.7148438e+01
   1.1341800e+06   6.3903809e+01
   1.1352240e+06   7.0922852e+01
   1.1367270e+06   4.2297363e+01
   1.1446430e+06   4.8339844e+01
   1.1455490e+06   4.8828125e+01
   1.1467080e+06   4.1381836e+01
   1.1486120e+06   4.1198730e+01
   1.1544880e+06   4.7180176e+01
   1.1579310e+06   4.3457031e+01
   1.1583410e+06   1.0388184e+02
   1.1610360e+06   4.4006348e+01
   1.1631070e+06   4.3701172e+01
   1.1668810e+06   4.2602539e+01
   1.1683930e+06   4.5166016e+01
   1.1853640e+06   4.2053223e+01
   1.1862530e+06   4.1015625e+01
   1.1868860e+06   4.2724609e+01
   1.1903040e+06   5.5053711e+01
   1.1929190e+06   9.2041016e+01
   1.1933910e+06   8.2336426e+01
   1.1958910e+06   4.1503906e+01
   1.1979000e+06   4.7058105e+01
   1.2027100e+06   4.3212891e+01
   1.2057540e+06   4.1931152e+01
   1.2100260e+06   4.6997070e+01
   1.2138220e+06   4.5043945e+01
   1.2191680e+06   4.4799805e+01
   1.2273180e+06   4.7119141e+01
   1.2285510e+06   4.0832520e+01
   1.2290440e+06   4.4494629e+01
   1.2297110e+06   4.5104980e+01
   1.2331140e+06   4.2358398e+01
   1.2355370e+06   4.1320801e+01
   1.2383450e+06   4.5898438e+01
   1.2431070e+06   1.0858154e+02
   1.2453500e+06   4.2602539e+01
   1.2471730e+06   4.9682617e+01
   1.2516380e+06   4.8645020e+01
   1.2676100e+06   4.3273926e+01
   1.2701590e+06   4.2785645e+01
   1.2742920e+06   1.0412598e+02
   1.2797760e+06   4.2846680e+01
   1.2827420e+06   4.6447754e+01
   1.2831240e+06   4.3029785e+01
   1.2856180e+06   4.6691895e+01
   1.2917070e+06   4.5593262e+01
   1.2935710e+06   4.3640137e+01
   1.2940900e+06   4.8034668e+01
   1.2953720e+06   9.8632812e+01
   1.2956540e+06   4.2968750e+01
   1.2990740e+06   4.1076660e+01
   1.3010480e+06   4.0954590e+01
   1.3076350e+06   4.3395996e+01
   1.3083840e+06   1.0791016e+02
   1.3128960e+06   4.4738770e+01
   1.3140860e+06   4.8400879e+01
   1.3157420e+06   4.2480469e+01
   1.3181510e+06   9.0332031e+01
   1.3181770e+06   4.9865723e+01
   1.3185470e+06   6.3659668e+01
   1.3185860e+06   7.8979492e+01
   1.3196060e+06   4.8217773e+01
   1.3276070e+06   4.0893555e+01
   1.3286970e+06   4.2541504e+01
   1.3291050e+06   4.3212891e+01
   1.3297430e+06   4.3090820e+01
   1.3388030e+06   4.2297363e+01
   1.3450340e+06   4.1564941e+01
   1.3457260e+06   4.6203613e+01
   1.3505250e+06   4.1687012e+01
   1.3534960e+06   6.8908691e+01
   1.3552750e+06   5.2673340e+01
   1.3565940e+06   9.5703125e+01
   1.3576220e+06   4.5227051e+01
   1.3589410e+06   4.1625977e+01
   1.3614500e+06   4.2907715e+01
   1.3698370e+06   4.0954590e+01
   1.3782120e+06   5.1025391e+01
   1.3820810e+06   9.2407227e+01
   1.3829500e+06   4.2297363e+01
   1.3848100e+06   4.5715332e+01
   1.3850070e+06   4.1015625e+01
   1.3868750e+06   4.6020508e+01
   1.3906410e+06   1.0333252e+02
   1.3941230e+06   4.1198730e+01
   1.3962410e+06   4.9072266e+01
   1.3979840e+06   4.1503906e+01
   1.4010280e+06   9.1979980e+01
   1.4039850e+06   4.3090820e+01
   1.4041570e+06   8.5083008e+01
   1.4047550e+06   7.3974609e+01
   1.4057640e+06   4.9011230e+01
   1.4058830e+06   4.6752930e+01
   1.4062510e+06   5.1391602e+01
   1.4066210e+06   4.7973633e+01
   1.4067050e+06   5.1208496e+01
   1.4068880e+06   6.2500000e+01
   1.4075490e+06   6.2988281e+01
   1.4078940e+06   4.5593262e+01
   1.4085940e+06   4.3090820e+01
   1.4135640e+06   4.4616699e+01
   1.4147940e+06   5.0659180e+01
   1.4160960e+06   4.0710449e+01
   1.4168710e+06   4.5715332e+01
   1.4187120e+06   4.5166016e+01
   1.4191660e+06   4.2541504e+01
   1.4199230e+06   4.1442871e+01
   1.4270110e+06   4.4860840e+01
   1.4287050e+06   4.8522949e+01
   1.4300000e+06   9.0759277e+01
   1.4345850e+06   4.8278809e+01
   1.4421840e+06   9.7778320e+01
   1.4435810e+06   7.5988770e+01
   1.4438210e+06   4.2175293e+01
   1.4451300e+06   4.0771484e+01
   1.4457160e+06   6.1218262e+01
   1.4515470e+06   4.9377441e+01
   1.4540660e+06   4.1870117e+01
   1.4590850e+06   4.1809082e+01
   1.4596510e+06   4.1076660e+01
   1.4610100e+06   4.2175293e+01
   1.4634470e+06   4.6813965e+01
   1.4648030e+06   4.2419434e+01
   1.4675660e+06   4.0893555e+01
   1.4736410e+06   5.8654785e+01
   1.4775310e+06   8.7463379e+01
   1.4843400e+06   4.1870117e+01
   1.4861800e+06   4.1076660e+01
   1.4937040e+06   4.4982910e+01
   1.4967690e+06   9.0393066e+01
   1.5017840e+06   4.2968750e+01
   1.5071170e+06   9.2529297e+01
   1.5076640e+06   8.2153320e+01
   1.5081930e+06   4.2846680e+01
   1.5083500e+06   4.9865723e+01
   1.5099480e+06   4.2114258e+01
   1.5136370e+06   4.4677734e+01
   1.5222460e+06   4.7363281e+01
   1.5226900e+06   4.1748047e+01
   1.5297340e+06   4.3701172e+01
   1.5333070e+06   4.1076660e+01
   1.5386380e+06   4.7485352e+01
   1.5429350e+06   4.1687012e+01
   1.5442260e+06   8.7158203e+01
   1.5444310e+06   4.1748047e+01
   1.5451270e+06   8.5815430e+01
   1.5458800e+06   6.6955566e+01
   1.5460640e+06   4.0954590e+01
   1.5504180e+06   4.1931152e+01
   1.5623370e+06   4.2419434e+01
   1.5772480e+06   4.1687012e+01
   1.5804600e+06   4.3395996e+01
   1.5815690e+06   4.2541504e+01
   1.5913130e+06   9.0759277e+01
   1.5929710e+06   4.4250488e+01
   1.5944150e+06   4.2785645e+01
   1.5981510e+06   4.2602539e+01
   1.6017810e+06   4.4799805e+01
   1.6065000e+06   4.1442871e+01
   1.6139920e+06   4.4006348e+01
   1.6156280e+06   4.8156738e+01
   1.6190470e+06   4.4982910e+01
   1.6233200e+06   5.1940918e+01
   1.6259930e+06   4.0771484e+01
   1.6277130e+06   8.5998535e+01
   1.6282870e+06   4.2297363e+01
   1.6291100e+06   4.2724609e+01
   1.6333010e+06   8.0505371e+01
   1.6339690e+06   1.0223389e+02
   1.6371740e+06   4.1137695e+01
   1.6391390e+06   4.5227051e+01
   1.6411580e+06   4.1931152e+01
   1.6429210e+06   4.2175293e+01
   1.6441640e+06   4.4677734e+01
   1.6483970e+06   4.1809082e+01
   1.6540000e+06   4.2114258e+01
   1.6594010e+06   9.3139648e+01
   1.6671330e+06   4.4677734e+01
   1.6800770e+06   4.2968750e+01
   1.6804180e+06   1.0076904e+02
   1.6951230e+06   4.2846680e+01
   1.7016180e+06   4.2663574e+01
   1.7132450e+06   4.9255371e+01
   1.7339410e+06   4.1076660e+01
   1.7405960e+06   4.3823242e+01
   1.7482870e+06   4.4799805e+01
   1.7527510e+06   4.3762207e+01
   1.7532290e+06   1.1029053e+02
   1.7555410e+06   5.0720215e+01
   1.7623700e+06   4.6997070e+01
   1.7631350e+06   4.0954590e+01
   1.7716240e+06   4.0771484e+01
   1.7773120e+06   4.8461914e+01
   1.7782090e+06   4.0710449e+01
   1.7806510e+06   4.1381836e+01
   1.7893560e+06   4.3395996e+01
   1.7907140e+06   4.3029785e+01
   1.7973870e+06   4.3029785e+01
   1.8003250e+06   4.1992188e+01
   1.8022360e+06   4.1381836e+01
   1.8059790e+06   4.0954590e+01
   1.8071620e+06   4.1809082e+01
   1.8106720e+06   4.7485352e+01
   1.8135440e+06   4.4189453e+01
   1.8197410e+06   4.2663574e+01
   1.8200490e+06   4.1748047e+01
   1.8214560e+06   9.1125488e+01
   1.8249670e+06   4.0954590e+01
   1.8294500e+06   9.0942383e+01
   1.8297570e+06   7.2021484e+01
   1.8301270e+06   7.0373535e+01
   1.8376760e+06   4.1381836e+01
   1.8384020e+06   4.1076660e+01
   1.8434720e+06   4.3090820e+01
   1.8462460e+06   4.0832520e+01
   1.8503250e+06   4.4555664e+01
   1.8515100e+06   4.1198730e+01
   1.8552540e+06   5.1269531e+01
   1.8556800e+06   4.5837402e+01
   1.8632730e+06   4.2114258e+01
   1.8665410e+06   4.4860840e+01
   1.8689400e+06   4.2907715e+01
   1.8703390e+06   9.1125488e+01
   1.8734650e+06   4.0710449e+01
   1.8766510e+06   4.1381836e+01
   1.8801110e+06   4.5166016e+01
   1.8957370e+06   4.3823242e+01
   1.9040140e+06   9.4299316e+01
   1.9040550e+06   5.0903320e+01
   1.9088590e+06   4.2785645e+01
   1.9273480e+06   4.1320801e+01
   1.9282240e+06   4.9133301e+01
   1.9343740e+06   5.0354004e+01
   1.9361400e+06   4.4677734e+01
   1.9400520e+06   9.5825195e+01
   1.9404690e+06   7.9528809e+01
   1.9439990e+06   4.6447754e+01
   1.9480820e+06   4.2785645e+01
   1.9532520e+06   4.3701172e+01
   1.9604170e+06   4.4128418e+01
   1.9651630e+06   4.5410156e+01
   1.9712790e+06   4.1015625e+01
   1.9766240e+06   8.8195801e+01
   1.9784220e+06   4.0710449e+01
   1.9796600e+06   4.7790527e+01
   1.9817620e+06   9.6252441e+01
   1.9818900e+06   4.4982910e+01
   1.9820560e+06   5.8227539e+01
   1.9861400e+06   4.0954590e+01
   1.9898260e+06   4.1076660e+01
   1.9958540e+06   4.1625977e+01
   1.9961480e+06   4.7607422e+01
   2.0030550e+06   4.1259766e+01
   2.0098380e+06   4.6997070e+01
   2.0100150e+06   9.3017578e+01
   2.0121320e+06   4.1564941e+01
   2.0144850e+06   4.1625977e+01
   2.0155260e+06   1.0693359e+02
   2.0159540e+06   8.0383301e+01
   2.0173530e+06   4.6447754e+01
   2.0221070e+06   4.3151855e+01
   2.0230960e+06   4.1748047e+01
   2.0270070e+06   4.4311523e+01
   2.0298380e+06   8.9172363e+01
   2.0403660e+06   9.7229004e+01
   2.0413890e+06   8.4960938e+01
   2.0497980e+06   9.3872070e+01
   2.0502440e+06   7.6721191e+01
   2.0504800e+06   4.6142578e+01
   2.0553960e+06   4.2785645e+01
   2.0585480e+06   4.1320801e+01
   2.0628240e+06   4.2907715e+01
   2.0706270e+06   4.2907715e+01
   2.0745350e+06   4.0710449e+01
   2.0766240e+06   5.5541992e+01
   2.0770070e+06   4.3579102e+01
   2.0775930e+06   4.5288086e+01
   2.0791040e+06   4.1015625e+01
   2.0804440e+06   1.0266113e+02
   2.0806100e+06   4.5532227e+01
   2.0806770e+06   5.0537109e+01
   2.0806940e+06   9.0820312e+01
   2.0854460e+06   4.7424316e+01
   2.0955150e+06   4.1259766e+01
   2.0979940e+06   4.3823242e+01
   2.1006130e+06   5.2368164e+01
   2.1092340e+06   4.4494629e+01
   2.1110360e+06   4.0771484e+01
   2.1165340e+06   4.2541504e+01
   2.1189260e+06   5.8898926e+01
   2.1223490e+06   1.0284424e+02
   2.1236690e+06   4.3090820e+01
   2.1347970e+06   5.3405762e+01
   2.1355060e+06   4.7729492e+01
   2.1365590e+06   4.5471191e+01
   2.1385740e+06   4.2968750e+01
   2.1404870e+06   4.2541504e+01
   2.1411540e+06   4.5959473e+01
   2.1422480e+06   1.0095215e+02
   2.1425250e+06   6.7626953e+01
   2.1427680e+06   8.5937500e+01
   2.1431280e+06   5.7800293e+01
   2.1439470e+06   4.3273926e+01
   2.1448860e+06   5.2368164e+01
   2.1454100e+06   4.1259766e+01
   2.1479650e+06   4.5471191e+01
   2.1517450e+06   5.2185059e+01
   2.1521210e+06   4.6142578e+01
   2.1528760e+06   4.5776367e+01
   2.1545690e+06   4.6386719e+01
   2.1609720e+06   4.2480469e+01
   2.1619200e+06   4.1931152e+01
   2.1622200e+06   4.2175293e+01
   2.1622440e+06   4.1442871e+01
   2.1640150e+06   4.7973633e+01
   2.1682360e+06   4.1992188e+01
   2.1689330e+06   4.7668457e+01
   2.1692960e+06   4.3151855e+01
   2.1700600e+06   4.1625977e+01
   2.1790430e+06   5.3222656e+01
   2.1847300e+06   4.1137695e+01
   2.1854800e+06   4.2663574e+01
   2.1863430e+06   4.3090820e+01
   2.1871160e+06   9.0087891e+01
   2.1914580e+06   4.3823242e+01
   2.1958700e+06   8.5083008e+01
   2.1967650e+06   5.1269531e+01
   2.1997600e+06   4.2480469e+01
   2.2064410e+06   4.2175293e+01
   2.2083370e+06   4.1137695e+01
   2.2103430e+06   9.7717285e+01
   2.2111010e+06   7.7087402e+01
   2.2115700e+06   8.2885742e+01
   2.2118190e+06   4.2541504e+01
   2.2183160e+06   4.4555664e+01
   2.2198310e+06   4.9255371e+01
   2.2214560e+06   4.1015625e+01
   2.2234540e+06   4.2358398e+01
   2.2240710e+06   4.1381836e+01
   2.2258050e+06   4.0893555e+01
   2.2261260e+06   4.3701172e+01
   2.2403960e+06   4.3884277e+01
   2.2411140e+06   4.1748047e+01
   2.2446550e+06   4.5227051e+01
   2.2454590e+06   4.5349121e+01
   2.2528020e+06   9.8815918e+01
   2.2533110e+06   7.3425293e+01
   2.2569270e+06   4.3029785e+01
   2.2573740e+06   4.0710449e+01
   2.2574640e+06   4.0832520e+01
   2.2577480e+06   4.5593262e+01
   2.2605300e+06   4.4860840e+01
   2.2641030e+06   6.8664551e+01
   2.2646280e+06   7.4829102e+01
   2.2649610e+06   4.6020508e+01
   2.2651280e+06   6.3049316e+01
   2.2654800e+06   4.6020508e+01
   2.2660200e+06   4.1809082e+01
   2.2685590e+06   4.1931152e+01
   2.2691530e+06   4.4982910e+01
   2.2724610e+06   4.4006348e+01
   2.2831660e+06   4.6997070e+01
   2.2861030e+06   4.2053223e+01
   2.2961000e+06   4.1320801e+01
   2.2987900e+06   4.4738770e+01
   2.3009320e+06   4.3701172e+01
   2.3050250e+06   4.1320801e+01
   2.3052830e+06   4.6203613e+01
   2.3061460e+06   9.0026855e+01
   2.3098710e+06   8.6975098e+01
   2.3101580e+06   6.2683105e+01
   2.3105580e+06   5.0231934e+01
   2.3111020e+06   5.7495117e+01
   2.3119730e+06   6.1096191e+01
   2.3215980e+06   4.4616699e+01
   2.3225000e+06   4.8583984e+01
   2.3263640e+06   4.4494629e+01
   2.3286920e+06   4.1076660e+01
   2.3322980e+06   4.3457031e+01
   2.3367620e+06   4.3701172e+01
   2.3464440e+06   4.4677734e+01
   2.3477340e+06   4.0893555e+01
   2.3513470e+06   4.7546387e+01
   2.3545930e+06   4.2053223e+01
   2.3564420e+06   4.5776367e+01
   2.3646430e+06   4.2480469e+01
   2.3669310e+06   4.4067383e+01
   2.3676980e+06   9.2102051e+01
   2.3682060e+06   8.6364746e+01
   2.3731560e+06   4.5471191e+01
   2.3747410e+06   4.0893555e+01
   2.3803700e+06   4.4067383e+01
   2.3840430e+06   8.9538574e+01
   2.3855570e+06   7.7758789e+01
   2.3857500e+06   4.5227051e+01
   2.4100940e+06   4.0954590e+01
   2.4136610e+06   4.4311523e+01
   2.4254850e+06   4.1320801e+01
   2.4270760e+06   1.0125732e+02
   2.4275440e+06   8.9904785e+01
   2.4277820e+06   6.5673828e+01
   2.4282470e+06   5.1696777e+01
   2.4287130e+06   4.1748047e+01
   2.4291320e+06   5.5664062e+01
   2.4305300e+06   4.1870117e+01
   2.4369010e+06   4.0832520e+01
   2.4447840e+06   4.4616699e+01
   2.4531490e+06   4.7302246e+01
   2.4575340e+06   4.2480469e+01
   2.4620160e+06   4.2419434e+01
   2.4641390e+06   4.0954590e+01
   2.4652680e+06   4.0893555e+01
   2.4679680e+06   9.8205566e+01
   2.4778350e+06   4.1015625e+01
   2.4806520e+06   4.3945312e+01
   2.4808500e+06   9.7717285e+01
   2.4846260e+06   4.1687012e+01
   2.4887030e+06   4.8889160e+01
   2.4988970e+06   4.4555664e+01
   2.5022470e+06   4.1442871e+01
   2.5047040e+06   4.2175293e+01
   2.5168340e+06   4.6875000e+01
   2.5175190e+06   4.3701172e+01
   2.5296640e+06   4.4982910e+01
   2.5325480e+06   4.2419434e+01
   2.5330130e+06   4.3640137e+01
   2.5364780e+06   4.6997070e+01
   2.5399300e+06   4.0710449e+01
   2.5511500e+06   4.6569824e+01
   2.5586700e+06   4.5654297e+01
   2.5677510e+06   5.0292969e+01
   2.5696150e+06   4.2358398e+01
   2.5715980e+06   4.5288086e+01
   2.5733430e+06   4.3090820e+01
   2.5809290e+06   4.2114258e+01
   2.5813470e+06   1.0113525e+02
   2.5916730e+06   4.2236328e+01
   2.5939590e+06   5.2490234e+01
   2.5946560e+06   4.8095703e+01
   2.5949090e+06   4.4860840e+01
   2.5954550e+06   4.0710449e+01
   2.6001160e+06   4.1687012e+01
   2.6044650e+06   4.4128418e+01
   2.6048120e+06   4.7363281e+01
   2.6063690e+06   4.0893555e+01
   2.6130360e+06   4.7424316e+01
   2.6229170e+06   4.4982910e+01
   2.6279180e+06   9.6618652e+01
   2.6286310e+06   4.0954590e+01
   2.6315710e+06   4.2846680e+01
   2.6380730e+06   4.1442871e+01
   2.6393020e+06   4.1320801e+01
   2.6423650e+06   4.6203613e+01
   2.6454370e+06   4.7851562e+01
   2.6483250e+06   4.2114258e+01
   2.6578380e+06   4.3395996e+01
   2.6609080e+06   1.0632324e+02
   2.6838260e+06   1.0241699e+02
   2.6858050e+06   4.2297363e+01
   2.6891420e+06   4.1625977e+01
   2.6906280e+06   4.3701172e+01
   2.7017790e+06   4.3640137e+01
   2.7077240e+06   4.7729492e+01
   2.7079330e+06   4.8767090e+01
   2.7201820e+06   4.0893555e+01
   2.7215200e+06   4.2541504e+01
   2.7244660e+06   1.0595703e+02
   2.7289680e+06   4.2663574e+01
   2.7330870e+06   4.1076660e+01
   2.7369190e+06   4.6264648e+01
   2.7394980e+06   4.1381836e+01
   2.7410400e+06   4.5776367e+01
   2.7483300e+06   4.2907715e+01
   2.7587020e+06   4.4372559e+01
   2.7684170e+06   5.5175781e+01
   2.7754860e+06   4.2114258e+01
   2.7849400e+06   4.4189453e+01
   2.7910330e+06   9.9060059e+01
   2.7914190e+06   8.4594727e+01
   2.7916340e+06   5.8593750e+01
   2.8025630e+06   4.0771484e+01
   2.8057400e+06   4.0954590e+01
   2.8082980e+06   4.1198730e+01
   2.8147990e+06   4.1870117e+01
   2.8204400e+06   4.0832520e+01
   2.8228610e+06   4.1320801e+01
   2.8287280e+06   4.3579102e+01
   2.8309910e+06   5.0354004e+01
   2.8330070e+06   4.0893555e+01
   2.8397840e+06   4.2175293e+01
   2.8415690e+06   4.2114258e+01
   2.8467700e+06   4.5166016e+01
   2.8477800e+06   4.5532227e+01
   2.8484710e+06   4.6691895e+01
   2.8517740e+06   4.6325684e+01
   2.8528100e+06   1.0675049e+02
   2.8545420e+06   4.2236328e+01
   2.8620990e+06   1.0681152e+02
   2.8651200e+06   4.3334961e+01
   2.8776680e+06   4.1076660e+01
   2.8795580e+06   4.5166016e+01
   2.8799870e+06   4.2175293e+01
   2.8808090e+06   4.1992188e+01
   2.8811620e+06   4.4677734e+01
   2.8838210e+06   9.7106934e+01
   2.8915440e+06   4.7790527e+01
   2.8952600e+06   4.0771484e+01
   2.9004630e+06   9.1613770e+01
   2.9004870e+06   4.8950195e+01
   2.9010400e+06   7.8247070e+01
   2.9091660e+06   4.5715332e+01
   2.9209600e+06   4.2541504e+01
   2.9235730e+06   4.7912598e+01
   2.9272730e+06   4.6020508e+01
   2.9293580e+06   4.3518066e+01
   2.9416590e+06   4.3029785e+01
   2.9541360e+06   5.1818848e+01
   2.9592620e+06   4.1870117e+01
   2.9649200e+06   4.4677734e+01
   2.9730640e+06   4.5776367e+01
   2.9747820e+06   4.4372559e+01
   2.9797550e+06   4.4799805e+01
   2.9807220e+06   4.7119141e+01
   2.9893420e+06   4.6997070e+01
   2.9939830e+06   4.4250488e+01
   3.0030170e+06   4.1992188e+01
   3.0047730e+06   4.0710449e+01
   3.0062160e+06   4.3457031e+01
   3.0080990e+06   4.0771484e+01
   3.0108600e+06   4.7363281e+01
   3.0155710e+06   4.4189453e+01
   3.0235010e+06   4.2419434e+01
   3.0235950e+06   5.5175781e+01
   3.0245610e+06   4.3029785e+01
   3.0246160e+06   4.4128418e+01
   3.0246920e+06   5.0354004e+01
   3.0252150e+06   4.6020508e+01
   3.0252740e+06   4.3151855e+01
   3.0254680e+06   5.0292969e+01
   3.0255950e+06   1.0223389e+02
   3.0256790e+06   4.1625977e+01
   3.0258170e+06   7.3547363e+01
   3.0260380e+06   5.6457520e+01
   3.0263950e+06   5.2124023e+01
   3.0266710e+06   5.2734375e+01
   3.0270280e+06   4.1625977e+01
   3.0357280e+06   4.3395996e+01
   3.0361290e+06   4.6020508e+01
   3.0364840e+06   4.6386719e+01
   3.0367920e+06   4.4738770e+01
   3.0386830e+06   4.2663574e+01
   3.0394950e+06   4.2541504e+01
   3.0399300e+06   4.5898438e+01
   3.0426340e+06   4.2907715e+01
   3.0460460e+06   4.0832520e+01
   3.0460880e+06   4.6630859e+01
   3.0520540e+06   4.0771484e+01
   3.0598370e+06   4.1320801e+01
   3.0668320e+06   9.8388672e+01
   3.0674240e+06   8.4777832e+01
   3.0721810e+06   8.4594727e+01
   3.0743160e+06   4.4616699e+01
   3.0752390e+06   4.3579102e+01
   3.0757990e+06   4.1503906e+01
   3.0781940e+06   4.4921875e+01
   3.0852710e+06   4.5410156e+01
   3.0879270e+06   4.1992188e+01
   3.0900220e+06   4.7973633e+01
   3.0914330e+06   4.1076660e+01
   3.0918260e+06   1.0955811e+02
   3.0963440e+06   5.0354004e+01
   3.0995590e+06   4.4860840e+01
   3.1031970e+06   4.8461914e+01
   3.1033610e+06   4.3457031e+01
   3.1076910e+06   4.4311523e+01
   3.1094910e+06   4.0710449e+01
   3.1096460e+06   4.1381836e+01
   3.1113880e+06   9.8205566e+01
   3.1136450e+06   4.2419434e+01
   3.1157100e+06   5.1757813e+01
   3.1168290e+06   8.0261230e+01
   3.1305420e+06   4.6081543e+01
   3.1344000e+06   4.4128418e+01
   3.1347640e+06   1.0473633e+02
   3.1379840e+06   4.0771484e+01
   3.1407760e+06   4.1442871e+01
   3.1409010e+06   4.0954590e+01
   3.1432180e+06   7.6660156e+01
   3.1434480e+06   6.7382812e+01
   3.1437730e+06   6.0180664e+01
   3.1440350e+06   4.6752930e+01
   3.1444860e+06   4.1625977e+01
   3.1448120e+06   7.3242188e+01
   3.1456250e+06   5.6579590e+01
   3.1459940e+06   4.5471191e+01
   3.1467090e+06   5.5725098e+01
   3.1530600e+06   4.6142578e+01
   3.1588880e+06   4.1076660e+01
   3.1593220e+06   4.6264648e+01
   3.1626610e+06   4.4067383e+01
   3.1711990e+06   4.4799805e+01
   3.1728310e+06   5.0720215e+01
   3.1766540e+06   5.7067871e+01
   3.1878610e+06   4.2724609e+01
   3.1919020e+06   9.8815918e+01
   3.1943550e+06   4.2175293e+01
   3.1983010e+06   9.1003418e+01
   3.2045220e+06   4.4250488e+01
   3.2109920e+06   4.4555664e+01
   3.2137480e+06   4.3945313e+01
   3.2143320e+06   4.1564941e+01
   3.2169520e+06   4.4799805e+01
   3.2210410e+06   4.4616699e+01
   3.2212790e+06   4.3457031e+01
   3.2231730e+06   4.6447754e+01
   3.2321360e+06   4.1503906e+01
   3.2339910e+06   4.5166016e+01
   3.2359290e+06   4.2541504e+01
   3.2444750e+06   4.2053223e+01
   3.2454390e+06   4.4128418e+01
   3.2470040e+06   4.3334961e+01
   3.2573770e+06   4.4128418e+01
   3.2583480e+06   4.5410156e+01
   3.2604280e+06   1.0040283e+02
   3.2622950e+06   1.0229492e+02
   3.2626030e+06   6.5307617e+01
   3.2670860e+06   4.5043945e+01
   3.2755460e+06   4.6997070e+01
   3.2806190e+06   4.4250488e+01
   3.2823210e+06   4.1259766e+01
   3.2832960e+06   4.4006348e+01
   3.2855120e+06   4.1931152e+01
   3.2951030e+06   4.2846680e+01
   3.2967730e+06   4.0710449e+01
   3.3019220e+06   4.2419434e+01
   3.3035690e+06   4.3518066e+01
   3.3088260e+06   4.1748047e+01
   3.3156100e+06   4.2236328e+01
   3.3171260e+06   4.9804688e+01
   3.3200210e+06   4.3518066e+01
   3.3245620e+06   4.1870117e+01
   3.3256830e+06   4.7119141e+01
   3.3343800e+06   4.5532227e+01
   3.3482730e+06   4.0954590e+01
   3.3520930e+06   4.4128418e+01
   3.3553510e+06   4.0832520e+01
   3.3583850e+06   4.7973633e+01
   3.3618290e+06   4.4677734e+01
   3.3623930e+06   1.0644531e+02
   3.3677650e+06   5.0964355e+01
   3.3737190e+06   4.1015625e+01
   3.3769640e+06   4.6813965e+01
   3.3877580e+06   1.0449219e+02
   3.3930930e+06   4.3884277e+01
   3.3969270e+06   4.6020508e+01
   3.4073950e+06   4.4128418e+01
   3.4161900e+06   4.6020508e+01
   3.4257660e+06   4.2724609e+01
   3.4266400e+06   4.2541504e+01
   3.4329700e+06   4.1259766e+01
   3.4379590e+06   4.6691895e+01
   3.4439410e+06   4.6752930e+01
   3.4512760e+06   4.2236328e+01
   3.4604210e+06   4.8400879e+01
   3.4616590e+06   4.0710449e+01
   3.4655340e+06   4.2541504e+01
   3.4670260e+06   4.5166016e+01
   3.4704150e+06   4.4006348e+01
   3.4758120e+06   5.2368164e+01
   3.4770270e+06   4.5227051e+01
   3.4789660e+06   4.2297363e+01
   3.4899810e+06   4.1259766e+01
   3.4917270e+06   1.0400391e+02
   3.5000720e+06   4.4921875e+01
   3.5010380e+06   4.4006348e+01
   3.5060200e+06   5.0537109e+01
   3.5157830e+06   4.0832520e+01
   3.5163890e+06   5.2307129e+01
   3.5187050e+06   4.6020508e+01
   3.5287640e+06   4.1503906e+01
   3.5334430e+06   5.0537109e+01
   3.5358210e+06   4.3395996e+01
   3.5419340e+06   4.2663574e+01
   3.5442340e+06   4.7119141e+01
   3.5482070e+06   4.2663574e+01
   3.5535700e+06   4.1992188e+01
   3.5572250e+06   4.3151855e+01
   3.5612220e+06   4.1076660e+01
   3.5683230e+06   4.5837402e+01
   3.5722340e+06   4.2480469e+01
   3.5748270e+06   4.1564941e+01
   3.5777050e+06   4.9194336e+01
   3.6012050e+06   4.1503906e+01
   3.6027540e+06   4.4067383e+01
   3.6049980e+06   4.3457031e+01
   3.6067780e+06   4.2663574e+01
   3.6150810e+06   4.2419434e+01
   3.6164710e+06   4.2419434e+01
   3.6403180e+06   5.1147461e+01
   3.6428170e+06   4.9255371e+01
   3.6514830e+06   4.1748047e+01
   3.6586480e+06   4.1076660e+01
   3.6669760e+06   4.8889160e+01
   3.6720710e+06   4.1931152e+01
   3.6752330e+06   4.3273926e+01
   3.6810760e+06   4.1198730e+01
   3.6842390e+06   4.1564941e+01
   3.6856050e+06   4.2541504e+01
   3.6901770e+06   4.9438477e+01
   3.6959860e+06   4.1748047e+01
   3.7079860e+06   4.4433594e+01
   3.7100860e+06   4.2846680e+01
   3.7112520e+06   4.5288086e+01
   3.7120620e+06   4.2297363e+01
   3.7130860e+06   4.1076660e+01
   3.7226190e+06   4.7607422e+01
   3.7243590e+06   4.3762207e+01
   3.7255980e+06   4.1381836e+01
   3.7348490e+06   5.0231934e+01
   3.7435770e+06   4.6447754e+01
   3.7459460e+06   4.1503906e+01
   3.7462420e+06   4.1259766e+01
   3.7484330e+06   4.1442871e+01
   3.7497970e+06   4.5410156e+01
   3.7525060e+06   4.2419434e+01
   3.7544720e+06   4.2602539e+01
   3.7585520e+06   4.0954590e+01
   3.7606980e+06   4.4372559e+01
   3.7609130e+06   4.1748047e+01
   3.7656170e+06   4.1198730e+01
   3.7764980e+06   1.0980225e+02
   3.7843910e+06   4.7912598e+01
   3.7901000e+06   4.3762207e+01
   3.7933880e+06   4.1381836e+01
   3.7956600e+06   4.1809082e+01
   3.7986700e+06   4.8461914e+01
   3.7994380e+06   4.3273926e+01
   3.8059500e+06   4.0771484e+01
   3.8274490e+06   4.1748047e+01
   3.8333770e+06   4.1015625e+01
   3.8348430e+06   4.3762207e+01
   3.8367730e+06   4.1320801e+01
   3.8369820e+06   1.0754395e+02
   3.8401950e+06   4.4067383e+01
   3.8422850e+06   4.7851562e+01
   3.8466480e+06   4.2968750e+01
   3.8475930e+06   4.1015625e+01
   3.8505050e+06   4.5715332e+01
   3.8520830e+06   4.6875000e+01
   3.8571860e+06   4.5776367e+01
   3.8605170e+06   4.1259766e+01
   3.8619380e+06   4.1931152e+01
   3.8640960e+06   4.2419434e+01
   3.8670890e+06   4.3884277e+01
   3.8698950e+06   4.5776367e+01
   3.8751510e+06   4.4311523e+01
   3.8792740e+06   4.7546387e+01
   3.8827260e+06   4.0710449e+01
   3.8954510e+06   4.0710449e+01
   3.8964020e+06   7.4462891e+01
   3.8965000e+06   4.4067383e+01
   3.8983210e+06   4.4189453e+01
   3.9110720e+06   4.4311523e+01
   3.9124750e+06   4.2602539e+01
   3.9126300e+06   4.6508789e+01
   3.9130200e+06   4.4067383e+01
   3.9133520e+06   1.0327148e+02
   3.9133930e+06   4.3273926e+01
   3.9135710e+06   8.9843750e+01
   3.9138860e+06   6.8420410e+01
   3.9142090e+06   6.3293457e+01
   3.9155260e+06   4.2053223e+01
   3.9223670e+06   4.4433594e+01
   3.9230470e+06   5.6396484e+01
   3.9234750e+06   4.5471191e+01
   3.9240680e+06   4.2236328e+01
   3.9273450e+06   4.1687012e+01
   3.9305650e+06   4.2602539e+01
   3.9309240e+06   4.0893555e+01
   3.9314210e+06   4.2236328e+01
   3.9336290e+06   4.3640137e+01
   3.9344160e+06   4.1503906e+01
   3.9345580e+06   5.2368164e+01
   3.9349420e+06   4.4311523e+01
   3.9350360e+06   4.3579102e+01
   3.9362240e+06   4.2724609e+01
   3.9427820e+06   4.7058105e+01
   3.9431840e+06   4.0832520e+01
   3.9437650e+06   4.7668457e+01
   3.9447750e+06   4.3518066e+01
   3.9463650e+06   4.5532227e+01
   3.9522120e+06   9.7106934e+01
   3.9538410e+06   4.1870117e+01
   3.9551200e+06   4.0954590e+01
   3.9552080e+06   4.2724609e+01
   3.9615270e+06   4.3518066e+01
   3.9625660e+06   9.0576172e+01
   3.9628270e+06   6.6467285e+01
   3.9629350e+06   4.1076660e+01
   3.9632280e+06   6.9274902e+01
   3.9634980e+06   5.5541992e+01
   3.9640720e+06   6.6101074e+01
   3.9643830e+06   5.1025391e+01
   3.9655290e+06   4.4799805e+01
   3.9661020e+06   5.2917480e+01
   3.9667870e+06   4.9377441e+01
   3.9676660e+06   4.1015625e+01
   3.9683380e+06   4.1198730e+01
   3.9687860e+06   4.2480469e+01
   3.9699410e+06   4.6813965e+01
   3.9837890e+06   4.2114258e+01
   3.9844270e+06   4.6630859e+01
   3.9847920e+06   4.2846680e+01
   3.9848040e+06   4.3945312e+01
   3.9851360e+06   4.2114258e+01
   3.9874150e+06   4.5349121e+01
   3.9876470e+06   5.0781250e+01
   3.9900330e+06   4.9255371e+01
   3.9924410e+06   4.8583984e+01
   3.9946840e+06   4.0832520e+01
   3.9959940e+06   4.1748047e+01
   3.9967400e+06   4.1625977e+01
   3.9988300e+06   4.1015625e+01
   4.0013760e+06   4.4677734e+01
   4.0018560e+06   4.2053223e+01
   4.0033760e+06   4.5227051e+01
   4.0151980e+06   5.0964355e+01
   4.0173790e+06   4.2846680e+01
   4.0227610e+06   9.9914551e+01
   4.0233230e+06   8.2702637e+01
   4.0237020e+06   7.8613281e+01
   4.0241470e+06   4.0954590e+01
   4.0270120e+06   4.1015625e+01
   4.0305960e+06   4.4189453e+01
   4.0330360e+06   4.6813965e+01
   4.0398900e+06   4.6264648e+01
   4.0405910e+06   4.3151855e+01
   4.0477380e+06   4.6203613e+01
   4.0514560e+06   4.1625977e+01
   4.0525760e+06   4.2297363e+01
   4.0690540e+06   4.5715332e+01
   4.0755850e+06   9.2285156e+01
   4.0760270e+06   9.7778320e+01
   4.0766420e+06   8.7463379e+01
   4.0768710e+06   5.6640625e+01
   4.0776270e+06   6.3903809e+01
   4.0779760e+06   4.6752930e+01
   4.0829220e+06   4.0710449e+01
   4.0875690e+06   4.3212891e+01
   4.0925870e+06   4.1076660e+01
   4.0951730e+06   4.1870117e+01
   4.0971500e+06   4.5104980e+01
   4.1100020e+06   4.1015625e+01
   4.1148280e+06   4.2846680e+01
   4.1171200e+06   4.3640137e+01
   4.1182710e+06   4.0710449e+01
   4.1255030e+06   4.1442871e+01
   4.1333190e+06   4.1748047e+01
   4.1394780e+06   4.1992188e+01
   4.1407830e+06   5.0231934e+01
   4.1502140e+06   4.6203613e+01
   4.1515770e+06   4.4860840e+01
   4.1522990e+06   4.3579102e+01
   4.1621170e+06   4.1748047e+01
   4.1657310e+06   4.0771484e+01
   4.1687390e+06   4.1015625e+01
   4.1722370e+06   5.2185059e+01
   4.1742490e+06   7.8674316e+01
   4.1749750e+06   1.0162354e+02
   4.1752270e+06   7.3913574e+01
   4.1756870e+06   4.5166016e+01
   4.1807570e+06   4.2480469e+01
   4.1999590e+06   4.2663574e+01
   4.2054760e+06   4.3640137e+01
   4.2074800e+06   4.4921875e+01
   4.2176110e+06   4.7973633e+01
   4.2209730e+06   4.0893555e+01
   4.2233150e+06   4.5654297e+01
   4.2326250e+06   4.4250488e+01
   4.2353870e+06   1.1785889e+02
   4.2388590e+06   4.2053223e+01
   4.2464960e+06   4.1076660e+01
   4.2493590e+06   4.1198730e+01
   4.2506030e+06   4.2907715e+01
   4.2541030e+06   8.7463379e+01
   4.2632990e+06   4.5227051e+01
   4.2686630e+06   4.3884277e+01
   4.2845770e+06   4.1076660e+01
   4.2882730e+06   5.0354004e+01
   4.2892430e+06   4.6569824e+01
   4.2917680e+06   4.7729492e+01
   4.2994720e+06   4.3090820e+01
   4.3101600e+06   4.1198730e+01
   4.3175390e+06   4.4189453e+01
   4.3287010e+06   4.4372559e+01
   4.3314680e+06   4.1809082e+01
   4.3338280e+06   4.1870117e+01
   4.3365040e+06   4.5166016e+01
   4.3379550e+06   4.1564941e+01
   4.3443420e+06   4.2114258e+01
   4.3487260e+06   4.5410156e+01
   4.3526910e+06   4.4494629e+01
   4.3579060e+06   4.5471191e+01
   4.3616230e+06   4.9194336e+01
   4.3725930e+06   4.3884277e+01
   4.3750250e+06   4.2663574e+01
   4.3766230e+06   1.0870361e+02
   4.3846250e+06   4.2175293e+01
   4.3855120e+06   4.0832520e+01
   4.3897310e+06   4.0893555e+01
   4.3918790e+06   4.2053223e+01
   4.3928670e+06   1.0559082e+02
   4.4159520e+06   4.0771484e+01
   4.4182640e+06   4.0832520e+01
   4.4223330e+06   4.3518066e+01
   4.4265400e+06   4.5227051e+01
   4.4282240e+06   4.3701172e+01
   4.4315900e+06   4.8400879e+01
   4.4392560e+06   1.0577393e+02
   4.4429830e+06   9.4055176e+01
   4.4437130e+06   4.5166016e+01
   4.4478500e+06   5.0292969e+01
   4.4485700e+06   4.5410156e+01
   4.4539850e+06   4.1076660e+01
   4.4559420e+06   4.1137695e+01
   4.4588980e+06   4.2236328e+01
   4.4666110e+06   1.0205078e+02
   4.4700870e+06   4.2297363e+01
   4.4719860e+06   4.2846680e+01
   4.4774000e+06   4.2480469e+01
   4.4779060e+06   1.0107422e+02
   4.4793040e+06   4.2419434e+01
   4.4829100e+06   4.1381836e+01
   4.4893320e+06   4.3945312e+01
   4.4939860e+06   4.1503906e+01
   4.4996660e+06   4.4433594e+01
   4.5022790e+06   4.4555664e+01
   4.5036030e+06   5.4565430e+01
   4.5082770e+06   1.0455322e+02
   4.5085420e+06   8.2763672e+01
   4.5102780e+06   4.1748047e+01
   4.5119020e+06   4.3334961e+01
   4.5229470e+06   4.0893555e+01
   4.5305230e+06   4.7058105e+01
   4.5339120e+06   4.2602539e+01
   4.5377740e+06   4.1503906e+01
   4.5567250e+06   4.9438477e+01
   4.5599650e+06   1.1846924e+02
   4.5635690e+06   4.6203613e+01
   4.5668050e+06   1.0565186e+02
   4.5671690e+06   9.6313477e+01
   4.5674420e+06   6.2744141e+01
   4.5676970e+06   4.6936035e+01
   4.5679670e+06   4.0710449e+01
   4.5715960e+06   4.2114258e+01
   4.5765620e+06   4.7058105e+01
   4.5771980e+06   4.6875000e+01
   4.5804560e+06   4.2968750e+01
   4.5855890e+06   4.3640137e+01
   4.5889670e+06   4.4677734e+01
   4.6034090e+06   4.6386719e+01
   4.6080170e+06   4.0954590e+01
   4.6130770e+06   5.1818848e+01
   4.6168240e+06   4.8583984e+01
   4.6172640e+06   5.3466797e+01
   4.6174550e+06   4.3151855e+01
   4.6175140e+06   4.3762207e+01
   4.6175300e+06   4.5532227e+01
   4.6182300e+06   1.0784912e+02
   4.6182750e+06   4.7119141e+01
   4.6185030e+06   9.2224121e+01
   4.6187710e+06   5.0415039e+01
   4.6189820e+06   4.1259766e+01
   4.6261000e+06   4.4921875e+01
   4.6297750e+06   4.2785645e+01
   4.6305350e+06   4.8217773e+01
   4.6311010e+06   4.9804688e+01
   4.6321390e+06   4.2785645e+01
   4.6339600e+06   4.3334961e+01
   4.6351520e+06   4.5715332e+01
   4.6405080e+06   4.8950195e+01
   4.6408560e+06   4.3273926e+01
   4.6412510e+06   5.0292969e+01
   4.6415370e+06   4.5349121e+01
   4.6481250e+06   4.1687012e+01
   4.6587700e+06   4.1320801e+01
   4.6634250e+06   4.1931152e+01
   4.6658200e+06   4.3823242e+01
   4.6667420e+06   9.9975586e+01
   4.6808620e+06   4.0832520e+01
   4.6813630e+06   4.2114258e+01
   4.6818790e+06   4.3273926e+01
   4.6823270e+06   4.5776367e+01
   4.6824910e+06   4.8583984e+01
   4.6830370e+06   4.3090820e+01
   4.6831990e+06   4.4860840e+01
   4.6835330e+06   4.6569824e+01
   4.6887990e+06   4.2785645e+01
   4.6970290e+06   4.1748047e+01
   4.6983310e+06   4.3334961e+01
   4.6989790e+06   1.0156250e+02
   4.6995680e+06   4.2297363e+01
   4.7000650e+06   9.8876953e+01
   4.7003210e+06   8.3984375e+01
   4.7005310e+06   4.2846680e+01
   4.7007350e+06   4.2846680e+01
   4.7025180e+06   4.2419434e+01
   4.7033120e+06   4.5227051e+01
   4.7052300e+06   4.4494629e+01
   4.7054350e+06   4.2175293e+01
   4.7060670e+06   4.5166016e+01
   4.7063460e+06   4.2846680e+01
   4.7075730e+06   4.2663574e+01
   4.7076670e+06   4.4677734e+01
   4.7078810e+06   4.7180176e+01
   4.7155760e+06   4.4677734e+01
   4.7164390e+06   4.1809082e+01
   4.7305280e+06   4.6020508e+01
   4.7311650e+06   4.5104980e+01
   4.7317480e+06   4.5043945e+01
   4.7329800e+06   4.2480469e+01
   4.7417370e+06   4.2846680e+01
   4.7441590e+06   4.5410156e+01
   4.7444700e+06   1.0650635e+02
   4.7454560e+06   9.0026855e+01
   4.7470930e+06   4.1931152e+01
   4.7544070e+06   4.1625977e+01
   4.7562930e+06   4.4738770e+01
   4.7580320e+06   5.1208496e+01
   4.7599730e+06   4.2053223e+01
   4.7721620e+06   4.1381836e+01
   4.7747460e+06   4.6264648e+01
   4.7810020e+06   4.6142578e+01
   4.7825520e+06   4.0893555e+01
   4.7865330e+06   4.2053223e+01
   4.7964120e+06   4.0710449e+01
   4.8010740e+06   4.5471191e+01
   4.8031530e+06   4.4250488e+01
   4.8063210e+06   1.1010742e+02
   4.8072390e+06   4.3579102e+01
   4.8098050e+06   4.1625977e+01
   4.8144470e+06   4.4921875e+01
   4.8146230e+06   1.0083008e+02
   4.8240570e+06   4.1748047e+01
   4.8269890e+06   4.0893555e+01
   4.8283680e+06   4.3212891e+01
   4.8297080e+06   4.2541504e+01
   4.8299950e+06   4.6813965e+01
   4.8414650e+06   4.0893555e+01
   4.8488590e+06   4.9865723e+01
   4.8522430e+06   4.3640137e+01
   4.8522540e+06   1.0864258e+02
   4.8544870e+06   4.2053223e+01
   4.8697650e+06   4.6325684e+01
   4.8718440e+06   4.2297363e+01
   4.8734350e+06   4.1625977e+01
   4.8764700e+06   4.6020508e+01
   4.8796870e+06   4.4006348e+01
   4.8827900e+06   4.1931152e+01
   4.8874820e+06   1.0461426e+02
   4.8965570e+06   4.4738770e+01
   4.8978820e+06   4.1381836e+01
   4.8996390e+06   4.1320801e+01
   4.9075540e+06   4.5776367e+01
   4.9105660e+06   4.1870117e+01
   4.9247800e+06   5.2734375e+01
   4.9290810e+06   4.6630859e+01
   4.9428050e+06   4.3762207e+01
   4.9450450e+06   4.3273926e+01
   4.9481220e+06   4.0710449e+01
   4.9544750e+06   4.1198730e+01
   4.9583070e+06   4.3273926e+01
   4.9643790e+06   4.2480469e+01
   4.9785010e+06   4.7424316e+01
   4.9812330e+06   4.1442871e+01
   4.9878110e+06   4.2968750e+01
   4.9904260e+06   4.5715332e+01
   4.9922690e+06   4.3579102e+01
   4.9975830e+06   4.3457031e+01
   5.0131730e+06   4.1076660e+01
   5.0170140e+06   4.0710449e+01
   5.0251180e+06   4.4250488e+01
   5.0272510e+06   4.1198730e+01
   5.0353380e+06   4.4067383e+01
   5.0454270e+06   4.4372559e+01
   5.0513370e+06   4.2968750e+01
   5.0549360e+06   5.0659180e+01
   5.0660820e+06   4.3884277e+01
   5.0736830e+06   5.2124023e+01
   5.0779400e+06   4.6264648e+01
   5.0843330e+06   4.0954590e+01
   5.0885470e+06   4.3212891e+01
   5.0890310e+06   4.1687012e+01
   5.1031880e+06   4.3273926e+01
   5.1084530e+06   4.0832520e+01
   5.1129610e+06   4.7546387e+01
   5.1207660e+06   5.0842285e+01
   5.1266670e+06   4.8767090e+01
   5.1389200e+06   4.1442871e+01
   5.1462140e+06   4.2907715e+01
   5.1571930e+06   4.4006348e+01
   5.1603170e+06   4.9011230e+01
   5.1766390e+06   4.7241211e+01
   5.1832550e+06   4.1137695e+01
   5.1843880e+06   1.1193848e+02
   5.1866640e+06   4.0832520e+01
   5.1914510e+06   5.2551270e+01
   5.2033950e+06   4.1137695e+01
   5.2080660e+06   4.0893555e+01
   5.2126290e+06   4.4250488e+01
   5.2227620e+06   4.1870117e+01
   5.2408600e+06   4.1625977e+01
   5.2452940e+06   4.1564941e+01
   5.2499470e+06   4.1259766e+01
   5.2513980e+06   4.2968750e+01
   5.2540660e+06   4.3457031e+01
   5.2555620e+06   4.0710449e+01
   5.2584930e+06   4.6264648e+01
   5.2625290e+06   4.3090820e+01
   5.2645230e+06   4.2968750e+01
   5.2649960e+06   4.4738770e+01
   5.2707420e+06   4.3273926e+01
   5.2740550e+06   5.0720215e+01
   5.2785560e+06   4.2114258e+01
   5.2853810e+06   4.3457031e+01
   5.2904550e+06   4.2114258e+01
   5.2924640e+06   4.1015625e+01
   5.2947630e+06   4.3395996e+01
   5.2962430e+06   4.2541504e+01
   5.3029190e+06   4.9926758e+01
   5.3092270e+06   4.0954590e+01
   5.3151260e+06   5.1574707e+01
   5.3233680e+06   4.1931152e+01
   5.3357360e+06   4.1076660e+01
   5.3397500e+06   4.1748047e+01
   5.3415560e+06   4.6691895e+01
   5.3445480e+06   4.4067383e+01
   5.3519210e+06   4.8706055e+01
   5.3554040e+06   4.1442871e+01
   5.3619090e+06   4.3945313e+01
   5.3657140e+06   4.1748047e+01
   5.3698900e+06   4.0771484e+01
   5.3726820e+06   4.1992188e+01
   5.3774250e+06   5.1330566e+01
   5.3786610e+06   4.6386719e+01
   5.3808560e+06   4.2602539e+01
   5.3868100e+06   4.6325684e+01
   5.3927850e+06   4.4189453e+01
   5.3949710e+06   4.8645020e+01
   5.3974440e+06   4.7912598e+01
   5.4101510e+06   4.4616699e+01
   5.4114330e+06   4.5349121e+01
   5.4130540e+06   4.4372559e+01
   5.4213600e+06   4.1809082e+01
   5.4243570e+06   4.4372559e+01
   5.4265920e+06   4.5227051e+01
   5.4293280e+06   4.4311523e+01
   5.4338950e+06   4.0832520e+01
   5.4371930e+06   4.1503906e+01
   5.4503660e+06   4.2907715e+01
   5.4575080e+06   4.1625977e+01
   5.4594390e+06   4.4433594e+01
   5.4605700e+06   4.2907715e+01
   5.4784490e+06   4.1503906e+01
   5.4832770e+06   1.1706543e+02
   5.4836570e+06   5.3771973e+01
   5.4838930e+06   4.2724609e+01
   5.4852170e+06   4.3457031e+01
   5.4953560e+06   4.8095703e+01
   5.5031990e+06   4.3212891e+01
   5.5058020e+06   4.1320801e+01
   5.5196150e+06   4.1259766e+01
   5.5256690e+06   4.7302246e+01
   5.5308420e+06   4.6875000e+01
   5.5311260e+06   4.3457031e+01
   5.5364520e+06   4.9316406e+01
   5.5454250e+06   4.5776367e+01
   5.5493810e+06   4.0832520e+01
   5.5547950e+06   4.3945312e+01
   5.5577340e+06   4.3579102e+01
   5.5733440e+06   4.1687012e+01
   5.5792190e+06   4.4067383e+01
   5.5793350e+06   4.1931152e+01
   5.5853850e+06   4.1809082e+01
   5.5869690e+06   4.4006348e+01
   5.5904840e+06   4.1870117e+01
   5.5916130e+06   4.3884277e+01
   5.5933630e+06   4.4738770e+01
   5.5956240e+06   4.0710449e+01
   5.6033580e+06   4.3029785e+01
   5.6061640e+06   4.4372559e+01
   5.6080440e+06   4.1198730e+01
   5.6110350e+06   4.0893555e+01
   5.6162730e+06   5.3649902e+01
   5.6174640e+06   1.0705566e+02
   5.6203200e+06   4.8156738e+01
   5.6220130e+06   4.5837402e+01
   5.6235610e+06   5.1208496e+01
   5.6269730e+06   4.4799805e+01
   5.6363600e+06   4.1137695e+01
   5.6392880e+06   4.5043945e+01
   5.6446850e+06   4.5776367e+01
   5.6479520e+06   4.3151855e+01
   5.6495650e+06   4.4067383e+01
   5.6556770e+06   4.4677734e+01
   5.6601850e+06   4.5654297e+01
   5.6618050e+06   4.3457031e+01
   5.6647130e+06   4.6813965e+01
   5.6681320e+06   4.4433594e+01
   5.6681450e+06   6.4514160e+01
   5.6682680e+06   4.4738770e+01
   5.6682940e+06   6.1096191e+01
   5.6684890e+06   4.3945312e+01
   5.6686210e+06   5.0292969e+01
   5.6689830e+06   4.9621582e+01
   5.6691840e+06   6.9580078e+01
   5.6692530e+06   4.5654297e+01
   5.6694350e+06   5.7739258e+01
   5.6696090e+06   4.4128418e+01
   5.6696500e+06   4.7912598e+01
   5.6696630e+06   6.2194824e+01
   5.6699910e+06   4.0893555e+01
   5.6702650e+06   5.7312012e+01
   5.6715810e+06   4.9743652e+01
   5.6779070e+06   4.1992188e+01
   5.6790230e+06   5.2673340e+01
   5.6794430e+06   4.4128418e+01
   5.6814110e+06   4.1992188e+01
   5.6843100e+06   4.3701172e+01
   5.6848250e+06   4.1564941e+01
   5.6854660e+06   4.2907715e+01
   5.6855240e+06   4.1320801e+01
   5.6872490e+06   4.3884277e+01
   5.6873170e+06   4.5654297e+01
   5.6876620e+06   4.1442871e+01
   5.6879220e+06   4.1015625e+01
   5.6886800e+06   4.4250488e+01
   5.6911330e+06   4.1198730e+01
   5.6925760e+06   4.1442871e+01
   5.7057770e+06   4.0771484e+01
   5.7060270e+06   1.1138916e+02
   5.7080620e+06   4.1442871e+01
   5.7158270e+06   4.1259766e+01
   5.7172770e+06   4.2846680e+01
   5.7179730e+06   4.0893555e+01
   5.7180090e+06   4.2602539e+01
   5.7188630e+06   4.7058105e+01
   5.7194390e+06   4.0954590e+01
   5.7223070e+06   7.5500488e+01
   5.7323160e+06   4.9255371e+01
   5.7369340e+06   4.4250488e+01
   5.7402150e+06   4.1748047e+01
   5.7471900e+06   4.2907715e+01
   5.7475270e+06   4.4128418e+01
   5.7480330e+06   4.2175293e+01
   5.7481270e+06   4.4921875e+01
   5.7487900e+06   4.0832520e+01
   5.7492450e+06   4.2480469e+01
   5.7505330e+06   8.9843750e+01
   5.7645940e+06   4.2724609e+01
   5.7673590e+06   4.6142578e+01
   5.7775650e+06   4.7973633e+01
   5.7784110e+06   4.3518066e+01
   5.7794170e+06   4.2785645e+01
   5.7798300e+06   4.1809082e+01
   5.7808510e+06   4.2114258e+01
   5.7811550e+06   4.9133301e+01
   5.7814990e+06   4.0954590e+01
   5.7827410e+06   4.5227051e+01
   5.7828330e+06   4.1564941e+01
   5.7852890e+06   6.7443848e+01
   5.7896600e+06   4.0954590e+01
   5.7906810e+06   4.1748047e+01
   5.7920970e+06   4.2480469e+01
   5.7927720e+06   4.2724609e+01
   5.7938820e+06   4.1625977e+01
   5.7976400e+06   4.4555664e+01
   5.8039450e+06   9.6191406e+01
   5.8071630e+06   9.3566895e+01
   5.8087890e+06   4.4494629e+01
   5.8174380e+06   4.5654297e+01
   5.8190170e+06   4.7363281e+01
   5.8217140e+06   4.3640137e+01
   5.8263660e+06   4.0771484e+01
   5.8305110e+06   4.1137695e+01
   5.8313320e+06   4.1320801e+01
   5.8316730e+06   4.1076660e+01
   5.8449730e+06   4.0893555e+01
   5.8543190e+06   5.1452637e+01
   5.8585310e+06   4.5837402e+01
   5.8693090e+06   4.4067383e+01
   5.8723180e+06   4.6142578e+01
   5.8763330e+06   4.6875000e+01
   5.8774770e+06   4.2236328e+01
   5.8818380e+06   4.5288086e+01
   5.8887270e+06   9.4604492e+01
   5.8939300e+06   4.2053223e+01
   5.8971380e+06   4.3945312e+01
   5.9007740e+06   4.2724609e+01
   5.9081450e+06   4.1931152e+01
   5.9155410e+06   4.0893555e+01
   5.9314020e+06   1.0333252e+02
   5.9336760e+06   4.3151855e+01
   5.9398800e+06   4.6630859e+01
   5.9419410e+06   4.8645020e+01
   5.9501600e+06   4.4555664e+01
   5.9533890e+06   1.0150146e+02
   5.9578690e+06   4.1687012e+01
   5.9657420e+06   4.5288086e+01
   5.9669500e+06   4.4189453e+01
   5.9686390e+06   4.1076660e+01
   5.9715140e+06   4.1503906e+01
   5.9742730e+06   4.0832520e+01
   5.9780580e+06   4.1748047e+01
   5.9798240e+06   4.3640137e+01
   5.9820480e+06   4.5349121e+01
   5.9895530e+06   4.1381836e+01
   5.9972670e+06   4.2602539e+01
   6.0145930e+06   4.1931152e+01
   6.0181940e+06   4.1137695e+01
   6.0253860e+06   4.2663574e+01
   6.0272730e+06   4.5104980e+01
   6.0310220e+06   4.0710449e+01
   6.0384990e+06   4.7729492e+01
   6.0490150e+06   4.2724609e+01
   6.0612330e+06   4.0771484e+01
   6.0646140e+06   4.5043945e+01
   6.0659210e+06   4.4067383e+01
   6.0715560e+06   9.3444824e+01
   6.0731380e+06   4.0710449e+01
   6.0741630e+06   4.3090820e+01
   6.0875280e+06   4.2358398e+01
   6.0889100e+06   4.1198730e+01
   6.0903830e+06   4.1442871e+01
   6.0912690e+06   4.3701172e+01
   6.1048430e+06   4.0893555e+01
   6.1096320e+06   4.2541504e+01
   6.1164150e+06   4.1809082e+01
   6.1210090e+06   4.2297363e+01
   6.1270130e+06   4.5288086e+01
   6.1338220e+06   4.7668457e+01
   6.1500510e+06   4.7302246e+01
   6.1526150e+06   4.2907715e+01
   6.1554510e+06   4.2907715e+01
   6.1657420e+06   4.1992188e+01
   6.1677610e+06   4.2114258e+01
   6.1696710e+06   4.8828125e+01
   6.1734770e+06   4.2846680e+01
   6.1769810e+06   4.2297363e+01
   6.1817160e+06   4.1137695e+01
   6.1829390e+06   4.5166016e+01
   6.1905870e+06   4.2297363e+01
   6.1924540e+06   4.3395996e+01
   6.1971510e+06   4.4250488e+01
   6.2035340e+06   4.5043945e+01
   6.2142120e+06   4.1992188e+01
   6.2171020e+06   4.3884277e+01
   6.2200750e+06   4.7851562e+01
   6.2273780e+06   4.6691895e+01
   6.2459650e+06   4.4250488e+01
   6.2489920e+06   4.3334961e+01
   6.2542020e+06   4.1137695e+01
   6.2571980e+06   4.4494629e+01
   6.2621330e+06   4.2175293e+01
   6.2777590e+06   4.3640137e+01
   6.2810640e+06   4.2724609e+01
   6.2921950e+06   4.5227051e+01
   6.2935210e+06   4.1137695e+01
   6.2964790e+06   4.6997070e+01
   6.3070690e+06   4.1992188e+01
   6.3141810e+06   4.3395996e+01
   6.3174850e+06   4.3945312e+01
   6.3212300e+06   4.2785645e+01
   6.3288060e+06   4.2358398e+01
   6.3315580e+06   4.1015625e+01
   6.3323530e+06   4.3151855e+01
   6.3352130e+06   1.1840820e+02
   6.3354290e+06   4.1076660e+01
   6.3398460e+06   4.1564941e+01
   6.3419780e+06   4.2968750e+01
   6.3480050e+06   4.3395996e+01
   6.3523490e+06   4.2175293e+01
   6.3640440e+06   4.3945313e+01
   6.3752600e+06   4.1687012e+01
   6.3780930e+06   4.7058105e+01
   6.3832320e+06   4.1687012e+01
   6.3884850e+06   4.1809082e+01
   6.3907970e+06   4.5898438e+01
   6.3968710e+06   4.5166016e+01
   6.4012600e+06   4.1381836e+01
   6.4058030e+06   4.1076660e+01
   6.4061440e+06   1.3122559e+02
   6.4102160e+06   4.1992188e+01
   6.4159800e+06   4.2480469e+01
   6.4187470e+06   4.4799805e+01
   6.4195340e+06   4.3579102e+01
   6.4286660e+06   4.2724609e+01
   6.4315440e+06   4.2358398e+01
   6.4355610e+06   4.4372559e+01
   6.4369660e+06   4.2785645e+01
   6.4480330e+06   4.6264648e+01
   6.4501670e+06   4.1687012e+01
   6.4539770e+06   4.4311523e+01
   6.4552550e+06   4.4921875e+01
   6.4584520e+06   4.1625977e+01
   6.4584760e+06   5.1391602e+01
   6.4585290e+06   6.2805176e+01
   6.4586390e+06   4.2419434e+01
   6.4588240e+06   4.3334961e+01
   6.4588530e+06   4.3151855e+01
   6.4589570e+06   4.5532227e+01
   6.4590860e+06   1.0723877e+02
   6.4591690e+06   5.4870605e+01
   6.4593650e+06   9.4238281e+01
   6.4597260e+06   8.5510254e+01
   6.4597550e+06   4.3701172e+01
   6.4599080e+06   5.0842285e+01
   6.4603370e+06   5.1818848e+01
   6.4606870e+06   4.7607422e+01
   6.4611620e+06   4.4372559e+01
   6.4615440e+06   5.2185059e+01
   6.4673630e+06   5.2856445e+01
   6.4677140e+06   4.1442871e+01
   6.4679230e+06   4.2236328e+01
   6.4688620e+06   4.3029785e+01
   6.4702170e+06   4.1442871e+01
   6.4779420e+06   4.1442871e+01
   6.4787190e+06   5.7189941e+01
   6.4789070e+06   6.3903809e+01
   6.4791280e+06   4.4555664e+01
   6.4793600e+06   4.0832520e+01
   6.4808940e+06   4.1137695e+01
   6.4886060e+06   4.3945312e+01
   6.4893100e+06   4.1503906e+01
   6.4914290e+06   4.5837402e+01
   6.4924560e+06   5.1757812e+01
   6.4949220e+06   4.1198730e+01
   6.4983030e+06   5.1818848e+01
   6.5015390e+06   4.3884277e+01
   6.5017670e+06   4.5837402e+01
   6.5024390e+06   4.1809082e+01
   6.5052060e+06   4.8645020e+01
   6.5068710e+06   4.3884277e+01
   6.5073670e+06   4.3701172e+01
   6.5083270e+06   4.0710449e+01
   6.5086830e+06   4.4189453e+01
   6.5165240e+06   4.2419434e+01
   6.5173710e+06   4.1625977e+01
   6.5176650e+06   4.3029785e+01
   6.5242260e+06   4.5654297e+01
   6.5325910e+06   4.2724609e+01
   6.5357650e+06   4.1137695e+01
   6.5360000e+06   4.9255371e+01
   6.5374860e+06   4.3884277e+01
   6.5406210e+06   1.0260010e+02
   6.5413520e+06   4.0893555e+01
   6.5418040e+06   9.5642090e+01
   6.5423260e+06   7.3364258e+01
   6.5426580e+06   6.6711426e+01
   6.5430940e+06   7.2021484e+01
   6.5447220e+06   5.0476074e+01
   6.5535190e+06   4.0893555e+01
   6.5592460e+06   4.4555664e+01
   6.5643280e+06   4.6020508e+01
   6.5737030e+06   4.2907715e+01
   6.5770290e+06   4.4921875e+01
   6.5792360e+06   4.5410156e+01
   6.5817240e+06   4.3212891e+01
   6.5901960e+06   1.2097168e+02
   6.5946660e+06   4.5410156e+01
   6.5960740e+06   4.5410156e+01
   6.6074610e+06   4.0832520e+01
   6.6096320e+06   4.1320801e+01
   6.6129200e+06   4.5654297e+01
   6.6191400e+06   4.6142578e+01
   6.6337100e+06   4.0832520e+01
   6.6442240e+06   4.4433594e+01
   6.6483180e+06   4.0954590e+01
   6.6543910e+06   4.5410156e+01
   6.6564530e+06   4.3334961e+01
   6.6587490e+06   4.1931152e+01
   6.6663010e+06   4.1259766e+01
   6.6725840e+06   4.3334961e+01
   6.6744840e+06   4.9377441e+01
   6.6760840e+06   1.1547852e+02
   6.6771190e+06   4.3701172e+01
   6.6774320e+06   6.8359375e+01
   6.6835970e+06   4.1564941e+01
   6.6860320e+06   4.1320801e+01
   6.6943900e+06   4.4799805e+01
   6.7092150e+06   4.0832520e+01
   6.7135720e+06   5.7434082e+01
   6.7161920e+06   1.2426758e+02
   6.7164080e+06   8.7219238e+01
   6.7169720e+06   4.1564941e+01
   6.7193160e+06   4.1870117e+01
   6.7235230e+06   4.3823242e+01
   6.7291580e+06   1.0681152e+02
   6.7305120e+06   4.4555664e+01
   6.7388670e+06   4.1137695e+01
   6.7488350e+06   4.4250488e+01
   6.7497940e+06   4.4067383e+01
   6.7516660e+06   4.3273926e+01
   6.7562680e+06   4.1625977e+01
   6.7662750e+06   4.3334961e+01
   6.7675340e+06   4.8156738e+01
   6.7737920e+06   4.2785645e+01
   6.7801210e+06   4.1259766e+01
   6.7908040e+06   4.4006348e+01
   6.7937700e+06   4.2968750e+01
   6.8000780e+06   4.2968750e+01
   6.8008460e+06   4.4311523e+01
   6.8009450e+06   4.9377441e+01
   6.8139760e+06   5.2490234e+01
   6.8151260e+06   5.0537109e+01
   6.8169630e+06   4.1259766e+01
   6.8191840e+06   4.5471191e+01
   6.8309650e+06   4.2907715e+01
   6.8392400e+06   4.8278809e+01
   6.8400400e+06   1.0998535e+02
   6.8493310e+06   4.8767090e+01
   6.8565410e+06   4.4799805e+01
   6.8621290e+06   4.3395996e+01
   6.8663470e+06   4.8767090e+01
   6.8689700e+06   4.4067383e+01
   6.8725400e+06   4.1259766e+01
   6.8771040e+06   4.4189453e+01
   6.8794010e+06   4.1992188e+01
   6.8825450e+06   4.6569824e+01
   6.8891440e+06   4.2236328e+01
   6.8921040e+06   4.0832520e+01
   6.8936810e+06   4.0771484e+01
   6.9069380e+06   4.2602539e+01
   6.9125320e+06   4.2541504e+01
   6.9251450e+06   5.0720215e+01
   6.9305030e+06   4.1381836e+01
   6.9373970e+06   4.2053223e+01
   6.9389850e+06   4.2297363e+01
   6.9454470e+06   4.1381836e+01
   6.9472150e+06   5.5908203e+01
   6.9523260e+06   4.5410156e+01
   6.9526360e+06   1.1016846e+02
   6.9545170e+06   4.2968750e+01
   6.9564340e+06   4.1381836e+01
   6.9572600e+06   4.5837402e+01
   6.9701220e+06   4.1625977e+01
   6.9802440e+06   4.7424316e+01
   6.9858280e+06   4.0954590e+01
   6.9882520e+06   4.1503906e+01
   6.9910750e+06   5.1025391e+01
   6.9943850e+06   4.2541504e+01
   6.9973380e+06   4.2114258e+01
   7.0011650e+06   4.4372559e+01
   7.0022690e+06   4.4128418e+01
   7.0044630e+06   4.1503906e+01
   7.0057870e+06   4.1015625e+01
   7.0142600e+06   4.3701172e+01
   7.0207070e+06   4.5043945e+01
   7.0268620e+06   4.1198730e+01
   7.0365970e+06   4.6936035e+01
   7.0422110e+06   4.2419434e+01
   7.0488470e+06   4.2297363e+01
   7.0502910e+06   4.6630859e+01
   7.0621030e+06   4.6386719e+01
   7.0639370e+06   4.3029785e+01
   7.0656150e+06   5.8532715e+01
   7.0656480e+06   7.4890137e+01
   7.0659030e+06   4.0771484e+01
   7.0661380e+06   4.1198730e+01
   7.0662870e+06   1.1285400e+02
   7.0664260e+06   4.1076660e+01
   7.0665410e+06   8.3984375e+01
   7.0667420e+06   8.2275391e+01
   7.0672240e+06   8.3374023e+01
   7.0675520e+06   5.5419922e+01
   7.0679580e+06   4.6264648e+01
   7.0683660e+06   4.0893555e+01
   7.0769830e+06   4.5959473e+01
   7.0783440e+06   4.8583984e+01
   7.0801530e+06   4.3518066e+01
   7.0808560e+06   4.1198730e+01
   7.0852050e+06   4.6997070e+01
   7.0872660e+06   5.1147461e+01
   7.0873870e+06   4.9438477e+01
   7.0878720e+06   4.4006348e+01
   7.0879270e+06   4.1381836e+01
   7.0890710e+06   4.1931152e+01
   7.0906280e+06   4.1198730e+01
   7.0947290e+06   4.4433594e+01
   7.0956110e+06   4.3212891e+01
   7.0975390e+06   4.4067383e+01
   7.1000670e+06   4.6264648e+01
   7.1027370e+06   4.2358398e+01
   7.1123620e+06   4.1992188e+01
   7.1129990e+06   4.1687012e+01
   7.1168380e+06   4.2541504e+01
   7.1171590e+06   4.7546387e+01
   7.1178610e+06   4.2114258e+01
   7.1183410e+06   5.3649902e+01
   7.1217350e+06   9.1735840e+01
   7.1253690e+06   4.1625977e+01
   7.1279320e+06   4.7912598e+01
   7.1285350e+06   4.1259766e+01
   7.1315890e+06   4.1076660e+01
   7.1333470e+06   4.5104980e+01
   7.1341530e+06   4.2785645e+01
   7.1350830e+06   4.1809082e+01
   7.1355900e+06   1.1206055e+02
   7.1366100e+06   8.4472656e+01
   7.1369080e+06   6.7138672e+01
   7.1371700e+06   4.1625977e+01
   7.1376290e+06   6.6162109e+01
   7.1388700e+06   4.3945312e+01
   7.1405600e+06   4.1748047e+01
   7.1412920e+06   5.1391602e+01
   7.1475050e+06   4.7973633e+01
   7.1484060e+06   4.0893555e+01
   7.1518290e+06   4.4311523e+01
   7.1543820e+06   4.0954590e+01
   7.1556440e+06   4.0710449e+01
   7.1585510e+06   4.0893555e+01
   7.1650480e+06   4.3823242e+01
   7.1679620e+06   4.2541504e+01
   7.1688760e+06   4.3273926e+01
   7.1775540e+06   5.0964355e+01
   7.1814930e+06   4.5349121e+01
   7.1895390e+06   4.3212891e+01
   7.1918750e+06   4.5593262e+01
   7.1939210e+06   1.0455322e+02
   7.1947510e+06   9.1247559e+01
   7.1950400e+06   7.3547363e+01
   7.1953020e+06   5.6945801e+01
   7.1955450e+06   4.1381836e+01
   7.1974990e+06   4.4677734e+01
   7.2001420e+06   4.5227051e+01
   7.2059890e+06   5.0781250e+01
   7.2100370e+06   4.1870117e+01
   7.2107770e+06   4.3762207e+01
   7.2113570e+06   4.1442871e+01
   7.2176560e+06   4.4860840e+01
   7.2190700e+06   4.8217773e+01
   7.2213790e+06   4.8217773e+01
   7.2276410e+06   4.1870117e+01
   7.2365970e+06   4.2480469e+01
   7.2445910e+06   4.3151855e+01
   7.2481200e+06   5.2185059e+01
   7.2564730e+06   4.5410156e+01
   7.2591630e+06   4.5166016e+01
   7.2693310e+06   4.2297363e+01
   7.2732880e+06   4.1931152e+01
   7.2770410e+06   4.8400879e+01
   7.2837600e+06   4.2663574e+01
   7.2922470e+06   4.3518066e+01
   7.3001220e+06   4.3273926e+01
   7.3009420e+06   4.5043945e+01
   7.3098390e+06   4.0832520e+01
   7.3188950e+06   4.1076660e+01
   7.3254080e+06   4.5715332e+01
   7.3293940e+06   4.2358398e+01
   7.3304110e+06   4.1931152e+01
   7.3367940e+06   4.3151855e+01
   7.3413300e+06   4.9682617e+01
   7.3475500e+06   4.3701172e+01
   7.3672840e+06   4.1259766e+01
   7.3691380e+06   4.3762207e+01
   7.3760020e+06   4.2541504e+01
   7.3770870e+06   4.8645020e+01
   7.3865280e+06   4.6997070e+01
   7.3934580e+06   4.3518066e+01
   7.3953240e+06   4.1748047e+01
   7.3970120e+06   4.0710449e+01
   7.4026930e+06   4.1015625e+01
   7.4069180e+06   4.1503906e+01
   7.4170960e+06   4.7241211e+01
   7.4202850e+06   4.1748047e+01
   7.4216630e+06   4.1137695e+01
   7.4282330e+06   4.0832520e+01
   7.4317350e+06   4.4494629e+01
   7.4369160e+06   4.7180176e+01
   7.4415320e+06   1.1163330e+02
   7.4424440e+06   4.4860840e+01
   7.4444580e+06   4.1748047e+01
   7.4599350e+06   4.3884277e+01
   7.4647390e+06   4.7180176e+01
   7.4678610e+06   4.1015625e+01
   7.4700830e+06   4.5532227e+01
   7.4733010e+06   4.2541504e+01
   7.4828890e+06   4.1992188e+01
   7.4837320e+06   4.1564941e+01
   7.5051230e+06   4.4311523e+01
   7.5068200e+06   4.6691895e+01
   7.5096270e+06   4.3457031e+01
   7.5146480e+06   4.5104980e+01
   7.5203040e+06   4.4372559e+01
   7.5227390e+06   4.3762207e+01
   7.5267010e+06   4.1625977e+01
   7.5308960e+06   9.7900391e+01
   7.5310770e+06   4.0771484e+01
   7.5311900e+06   9.1064453e+01
   7.5314250e+06   7.4401855e+01
   7.5318850e+06   7.2814941e+01
   7.5323760e+06   6.0058594e+01
   7.5343190e+06   4.5104980e+01
   7.5345210e+06   4.3212891e+01
   7.5383020e+06   4.5227051e+01
   7.5462080e+06   4.0832520e+01
   7.5489180e+06   4.3884277e+01
   7.5571450e+06   4.5715332e+01
   7.5595850e+06   4.1748047e+01
   7.5647930e+06   4.7668457e+01
   7.5673300e+06   4.2846680e+01
   7.5749660e+06   5.0659180e+01
   7.5772950e+06   4.2175293e+01
   7.5798670e+06   4.3579102e+01
   7.5815470e+06   4.4006348e+01
   7.5841880e+06   4.5410156e+01
   7.5961360e+06   4.2358398e+01
   7.5967770e+06   1.0052490e+02
   7.6063120e+06   5.2551270e+01
   7.6105250e+06   4.2419434e+01
   7.6126800e+06   4.4860840e+01
   7.6146610e+06   4.5654297e+01
   7.6192310e+06   4.7485352e+01
   7.6223820e+06   4.1015625e+01
   7.6267370e+06   4.3334961e+01
   7.6280270e+06   4.2297363e+01
   7.6341830e+06   4.6936035e+01
   7.6489950e+06   4.0954590e+01
   7.6500340e+06   6.1096191e+01
   7.6645620e+06   4.4006348e+01
   7.6748330e+06   4.1320801e+01
   7.6764890e+06   4.0771484e+01
   7.6819470e+06   4.7058105e+01
   7.7126570e+06   4.1748047e+01
   7.7156670e+06   4.6325684e+01
   7.7163740e+06   4.1870117e+01
   7.7207960e+06   4.0893555e+01
   7.7209530e+06   4.1625977e+01
   7.7210650e+06   4.3395996e+01
   7.7212160e+06   6.3537598e+01
   7.7213690e+06   6.0424805e+01
   7.7216230e+06   4.6386719e+01
   7.7217690e+06   1.1901855e+02
   7.7218660e+06   4.2114258e+01
   7.7219480e+06   5.1574707e+01
   7.7219840e+06   8.1420898e+01
   7.7222030e+06   6.3110352e+01
   7.7222310e+06   4.1137695e+01
   7.7224230e+06   4.7302246e+01
   7.7226260e+06   4.1870117e+01
   7.7230390e+06   6.0424805e+01
   7.7233510e+06   4.0893555e+01
   7.7243750e+06   4.4128418e+01
   7.7314590e+06   4.0893555e+01
   7.7325250e+06   4.3579102e+01
   7.7392800e+06   4.2480469e+01
   7.7399610e+06   4.6936035e+01
   7.7419700e+06   4.2602539e+01
   7.7429850e+06   5.5419922e+01
   7.7436720e+06   4.1137695e+01
   7.7447070e+06   4.1259766e+01
   7.7455570e+06   4.1015625e+01
   7.7497790e+06   4.4372559e+01
   7.7571550e+06   4.4433594e+01
   7.7616700e+06   4.2846680e+01
   7.7636220e+06   4.1931152e+01
   7.7639440e+06   4.3212891e+01
   7.7643520e+06   4.5104980e+01
   7.7661070e+06   5.2246094e+01
   7.7715160e+06   4.0893555e+01
   7.7721880e+06   4.4250488e+01
   7.7733580e+06   4.1809082e+01
   7.7779990e+06   4.2419434e+01
   7.7789460e+06   4.3334961e+01
   7.7798010e+06   4.2846680e+01
   7.7836420e+06   5.0781250e+01
   7.7841340e+06   1.0577393e+02
   7.7844690e+06   9.2102051e+01
   7.7847320e+06   6.6894531e+01
   7.7852810e+06   7.3852539e+01
   7.7875980e+06   4.3945312e+01
   7.7880490e+06   4.1320801e+01
   7.7982050e+06   4.2419434e+01
   7.7984630e+06   4.0771484e+01
   7.7992720e+06   4.3762207e+01
   7.8013110e+06   4.3701172e+01
   7.8063930e+06   4.1809082e+01
   7.8073090e+06   4.6264648e+01
   7.8078880e+06   4.4738770e+01
   7.8106720e+06   4.1564941e+01
   7.8127150e+06   4.7180176e+01
   7.8127440e+06   4.1625977e+01
   7.8163890e+06   4.1198730e+01
   7.8181260e+06   4.1198730e+01
   7.8209140e+06   4.2602539e+01
   7.8218210e+06   4.2663574e+01
   7.8276430e+06   4.0893555e+01
   7.8375960e+06   1.1340332e+02
   7.8516490e+06   4.0893555e+01
   7.8521150e+06   4.2358398e+01
   7.8635980e+06   9.9975586e+01
   7.8644720e+06   9.6435547e+01
   7.8648270e+06   6.4270020e+01
   7.8657570e+06   7.2631836e+01
   7.8659520e+06   4.5898438e+01
   7.8669450e+06   4.4738770e+01
   7.8671440e+06   4.4006348e+01
   7.8674070e+06   5.0842285e+01
   7.8708690e+06   4.3029785e+01
   7.8723250e+06   4.3640137e+01
   7.8732520e+06   5.0231934e+01
   7.8829560e+06   4.1625977e+01
   7.8879890e+06   4.6081543e+01
   7.8891920e+06   4.1564941e+01
   7.8902340e+06   4.7485352e+01
   7.8906430e+06   4.3945312e+01
   7.8959340e+06   4.2053223e+01
   7.8995550e+06   4.2297363e+01
   7.9058200e+06   4.6997070e+01
   7.9094940e+06   4.7912598e+01
   7.9177440e+06   4.3640137e+01
   7.9274360e+06   4.2602539e+01
   7.9353960e+06   4.1931152e+01
   7.9378360e+06   9.4665527e+01
   7.9388640e+06   1.0101318e+02
   7.9390970e+06   7.1777344e+01
   7.9392710e+06   4.1015625e+01
   7.9440510e+06   4.3151855e+01
   7.9457240e+06   4.1687012e+01
   7.9487770e+06   4.6752930e+01
   7.9507410e+06   4.6081543e+01
   7.9552260e+06   4.4494629e+01
   7.9580980e+06   4.5043945e+01
   7.9618610e+06   4.6203613e+01
   7.9639660e+06   4.4067383e+01
   7.9699220e+06   4.2846680e+01
   7.9714370e+06   4.3884277e+01
   7.9813110e+06   4.1137695e+01
   7.9835450e+06   4.2053223e+01
   7.9919220e+06   4.3579102e+01
   7.9956080e+06   4.3395996e+01
   8.0055650e+06   4.1015625e+01
   8.0093710e+06   4.1198730e+01
   8.0121040e+06   4.0710449e+01
   8.0145180e+06   4.0954590e+01
   8.0203230e+06   4.1992188e+01
   8.0238510e+06   4.0771484e+01
   8.0259780e+06   1.1029053e+02
   8.0260340e+06   4.4738770e+01
   8.0331230e+06   1.0125732e+02
   8.0341900e+06   4.0893555e+01
   8.0354730e+06   4.0893555e+01
   8.0379950e+06   4.4738770e+01
   8.0392280e+06   4.4982910e+01
   8.0416730e+06   4.6691895e+01
   8.0492550e+06   4.3640137e+01
   8.0507520e+06   4.1381836e+01
   8.0560540e+06   4.6691895e+01
   8.0581740e+06   4.3212891e+01
   8.0637740e+06   4.2968750e+01
   8.0659240e+06   4.2419434e+01
   8.0701800e+06   4.1931152e+01
   8.0787950e+06   5.0048828e+01
   8.0923030e+06   4.5837402e+01
   8.0974020e+06   4.0771484e+01
   8.0994120e+06   4.3334961e+01
   8.1011310e+06   4.2358398e+01
   8.1034150e+06   4.2053223e+01
   8.1095400e+06   1.1010742e+02
   8.1107560e+06   4.1809082e+01
   8.1150120e+06   4.1259766e+01
   8.1196700e+06   4.4128418e+01
   8.1219130e+06   4.8156738e+01
   8.1276450e+06   4.2602539e+01
   8.1358050e+06   4.4372559e+01
   8.1371930e+06   4.4433594e+01
   8.1381780e+06   4.1198730e+01
   8.1406810e+06   4.0832520e+01
   8.1448260e+06   4.4006348e+01
   8.1495920e+06   4.4921875e+01
   8.1583860e+06   4.5898438e+01
   8.1608790e+06   4.9560547e+01
   8.1655170e+06   5.2001953e+01
   8.1680810e+06   4.8461914e+01
   8.1720130e+06   4.4006348e+01
   8.1728630e+06   4.0771484e+01
   8.1748150e+06   4.1259766e+01
   8.1793980e+06   4.0832520e+01
   8.1813850e+06   4.1748047e+01
   8.1867890e+06   4.2541504e+01
   8.2026360e+06   4.4006348e+01
   8.2089990e+06   4.0771484e+01
   8.2101200e+06   4.3518066e+01
   8.2150010e+06   4.1259766e+01
   8.2179570e+06   4.1137695e+01
   8.2236650e+06   4.4799805e+01
   8.2265750e+06   9.8632812e+01
   8.2283170e+06   4.2541504e+01
   8.2322000e+06   4.1564941e+01
   8.2491150e+06   4.5227051e+01
   8.2520570e+06   4.7851562e+01
   8.2585030e+06   4.2053223e+01
   8.2604040e+06   4.7546387e+01
   8.2644910e+06   1.0522461e+02
   8.2651820e+06   4.1809082e+01
   8.2666360e+06   4.2297363e+01
   8.2770330e+06   4.6691895e+01
   8.2800230e+06   4.2175293e+01
   8.2845610e+06   4.6752930e+01
   8.2906540e+06   4.1381836e+01
   8.2926900e+06   4.2907715e+01
   8.2938700e+06   4.0771484e+01
   8.2997930e+06   4.0710449e+01
   8.3049750e+06   4.0771484e+01
   8.3107500e+06   4.6508789e+01
   8.3186250e+06   4.4494629e+01
   8.3263840e+06   4.4372559e+01
   8.3297560e+06   4.2846680e+01
   8.3318810e+06   4.0893555e+01
   8.3437600e+06   4.1992188e+01
   8.3459200e+06   4.2602539e+01
   8.3518750e+06   4.3579102e+01
   8.3553120e+06   4.3945312e+01
   8.3579960e+06   4.9804688e+01
   8.3620920e+06   4.1564941e+01
   8.3666250e+06   4.1198730e+01
   8.3697660e+06   4.8767090e+01
   8.3790980e+06   4.7119141e+01
   8.3805300e+06   4.0710449e+01
   8.3951000e+06   6.2988281e+01
   8.3974060e+06   4.3029785e+01
   8.4051040e+06   4.5288086e+01
   8.4081590e+06   4.3823242e+01
   8.4126930e+06   4.4494629e+01
   8.4193250e+06   4.3518066e+01
   8.4213350e+06   4.3151855e+01
   8.4242110e+06   4.8522949e+01
   8.4320100e+06   4.1015625e+01
   8.4428240e+06   4.3579102e+01
   8.4459210e+06   4.1503906e+01
   8.4496530e+06   4.4616699e+01
   8.4510880e+06   4.4616699e+01
   8.4556940e+06   4.1625977e+01
   8.4576460e+06   4.3090820e+01
   8.4611720e+06   4.1687012e+01
   8.4749780e+06   4.5837402e+01
   8.4778110e+06   4.3884277e+01
   8.4804330e+06   4.4067383e+01
   8.4833370e+06   4.6386719e+01
   8.4900810e+06   4.0710449e+01
   8.4938600e+06   4.9621582e+01
   8.4975030e+06   4.0893555e+01
   8.4995780e+06   4.1870117e+01
   8.5032840e+06   4.3945312e+01
   8.5134140e+06   4.3518066e+01
   8.5139520e+06   4.1870117e+01
   8.5153340e+06   4.2968750e+01
   8.5186500e+06   8.7463379e+01
   8.5187630e+06   4.0832520e+01
   8.5188710e+06   4.2968750e+01
   8.5190350e+06   4.8339844e+01
   8.5193330e+06   1.0522461e+02
   8.5201130e+06   8.4838867e+01
   8.5206160e+06   7.6477051e+01
   8.5300320e+06   4.1809082e+01
   8.5310530e+06   5.2795410e+01
   8.5322190e+06   4.4372559e+01
   8.5323820e+06   4.3334961e+01
   8.5393360e+06   5.1940918e+01
   8.5406620e+06   4.1442871e+01
   8.5413460e+06   4.4250488e+01
   8.5414360e+06   4.9316406e+01
   8.5414810e+06   4.1259766e+01
   8.5415730e+06   4.4799805e+01
   8.5418830e+06   4.1992188e+01
   8.5421380e+06   4.4982910e+01
   8.5428280e+06   9.3994141e+01
   8.5433780e+06   4.2236328e+01
   8.5486920e+06   4.5410156e+01
   8.5494340e+06   4.1198730e+01
   8.5518300e+06   4.1564941e+01
   8.5518720e+06   4.1687012e+01
   8.5576090e+06   4.1625977e+01
   8.5598390e+06   4.2663574e+01
   8.5598620e+06   4.5715332e+01
   8.5608110e+06   4.4372559e+01
   8.5614690e+06   4.4433594e+01
   8.5627710e+06   4.3457031e+01
   8.5639860e+06   4.6447754e+01
   8.5642400e+06   4.2602539e+01
   8.5644570e+06   4.8706055e+01
   8.5651530e+06   4.2602539e+01
   8.5796640e+06   4.0832520e+01
   8.5815220e+06   4.6020508e+01
   8.5828930e+06   4.0771484e+01
   8.5853010e+06   4.2541504e+01
   8.5882880e+06   4.1381836e+01
   8.5885250e+06   9.7229004e+01
   8.5897920e+06   4.4433594e+01
   8.5901990e+06   4.6386719e+01
   8.5904200e+06   4.4677734e+01
   8.5906430e+06   4.1015625e+01
   8.5923960e+06   4.4677734e+01
   8.5924290e+06   4.2236328e+01
   8.5931250e+06   4.5532227e+01
   8.5943910e+06   9.4238281e+01
   8.6000780e+06   4.3151855e+01
   8.6041650e+06   4.1809082e+01
   8.6051980e+06   4.6752930e+01
   8.6077260e+06   4.4860840e+01
   8.6093170e+06   4.8583984e+01
   8.6113330e+06   9.8205566e+01
   8.6117540e+06   8.5144043e+01
   8.6119400e+06   5.3161621e+01
   8.6125420e+06   7.4462891e+01
   8.6129860e+06   5.0048828e+01
   8.6133290e+06   4.1015625e+01
   8.6136620e+06   4.4250488e+01
   8.6145930e+06   5.4443359e+01
   8.6202830e+06   4.0771484e+01
   8.6209220e+06   4.3151855e+01
   8.6228620e+06   4.2602539e+01
   8.6240790e+06   4.1931152e+01
   8.6261250e+06   4.3945312e+01
   8.6267350e+06   4.9682617e+01
   8.6269870e+06   4.1259766e+01
   8.6279340e+06   4.4677734e+01
   8.6287910e+06   4.1748047e+01
   8.6415810e+06   4.8339844e+01
   8.6508990e+06   5.1940918e+01
   8.6514790e+06   4.2907715e+01
   8.6533710e+06   1.1224365e+02
   8.6545060e+06   4.2053223e+01
   8.6588670e+06   4.1320801e+01
   8.6605480e+06   4.7546387e+01
   8.6608760e+06   4.2846680e+01
   8.6635310e+06   4.2785645e+01
   8.6671860e+06   4.5227051e+01
   8.6869970e+06   4.1442871e+01
   8.6880300e+06   4.1259766e+01
   8.6942360e+06   4.7424316e+01
   8.6963960e+06   4.3029785e+01
   8.7022140e+06   4.5227051e+01
   8.7085380e+06   4.1381836e+01
   8.7145030e+06   4.4006348e+01
   8.7212380e+06   4.0710449e+01
   8.7224400e+06   4.4250488e+01
   8.7242200e+06   4.3884277e+01
   8.7276430e+06   4.2053223e+01
   8.7419930e+06   5.0170898e+01
   8.7454100e+06   4.1625977e+01
   8.7484510e+06   4.5227051e+01
   8.7501620e+06   4.2297363e+01
   8.7521970e+06   4.2663574e+01
   8.7575840e+06   4.0710449e+01
   8.7646030e+06   4.4494629e+01
   8.7676160e+06   4.6569824e+01
   8.7748920e+06   4.1625977e+01
   8.7778540e+06   4.4189453e+01
   8.7827540e+06   4.4616699e+01
   8.7882460e+06   4.9438477e+01
   8.8087650e+06   4.8583984e+01
   8.8189420e+06   4.1564941e+01
   8.8215660e+06   6.2744141e+01
   8.8260530e+06   4.3273926e+01
   8.8277800e+06   4.4189453e+01
   8.8296860e+06   4.1137695e+01
   8.8380090e+06   4.1015625e+01
   8.8504060e+06   4.5532227e+01
   8.8537910e+06   4.1442871e+01
   8.8555670e+06   4.2541504e+01
   8.8582470e+06   4.2541504e+01
   8.8661180e+06   4.1259766e+01
   8.8715290e+06   4.8156738e+01
   8.8767900e+06   4.2602539e+01
   8.8828020e+06   4.1442871e+01
   8.8905690e+06   4.1198730e+01
   8.8948560e+06   4.6020508e+01
   8.8995220e+06   4.2602539e+01
   8.9009860e+06   4.2846680e+01
   8.9028010e+06   1.0968018e+02
   8.9141600e+06   4.2480469e+01
   8.9198220e+06   4.5471191e+01
   8.9252440e+06   4.5654297e+01
   8.9271140e+06   4.3212891e+01
   8.9300400e+06   4.6020508e+01
   8.9389590e+06   4.3395996e+01
   8.9454170e+06   4.4555664e+01
   8.9482240e+06   4.6081543e+01
   8.9530500e+06   4.8461914e+01
   8.9552680e+06   4.0771484e+01
   8.9624680e+06   4.0893555e+01
   8.9666600e+06   4.2541504e+01
   8.9790230e+06   4.0710449e+01
   8.9819720e+06   4.9255371e+01
   8.9849170e+06   4.1381836e+01
   8.9871330e+06   4.6508789e+01
   8.9889960e+06   4.1320801e+01
   8.9919160e+06   4.5776367e+01
   8.9958260e+06   4.1809082e+01
