   8.9990000e+06   0.0000000e+00
   2.6170000e+03   5.0659180e+01
   1.7894000e+04   1.0760498e+02
   2.1351000e+04   5.4809570e+01
   3.8003000e+04   1.0913086e+02
   3.9207000e+04   5.2124023e+01
   3.9325000e+04   5.1574707e+01
   3.9458000e+04   5.2368164e+01
   3.9770000e+04   1.0589600e+02
   4.0021000e+04   6.8725586e+01
   6.3539000e+04   5.1269531e+01
   6.7267000e+04   5.3222656e+01
   8.3177000e+04   1.0809326e+02
   8.6208000e+04   9.7229004e+01
   9.5464000e+04   1.0278320e+02
   1.0297400e+05   5.5297852e+01
   1.0303200e+05   1.0156250e+02
   1.0848300e+05   5.1452637e+01
   1.1355400e+05   1.1291504e+02
   1.1475700e+05   7.2998047e+01
   1.1639600e+05   7.1472168e+01
   1.2308100e+05   5.1513672e+01
   1.3468700e+05   9.9426270e+01
   1.3507800e+05   7.5500488e+01
   1.3576200e+05   6.2255859e+01
   1.3652700e+05   6.3354492e+01
   1.3768600e+05   5.4687500e+01
   1.4720800e+05   1.0253906e+02
   1.7954000e+05   8.2824707e+01
   1.8120000e+05   8.9843750e+01
   1.8291800e+05   7.4218750e+01
   1.8523500e+05   1.0906982e+02
   2.1727700e+05   5.0903320e+01
   2.2429700e+05   1.2072754e+02
   2.3820200e+05   5.0903320e+01
   2.4107000e+05   1.0247803e+02
   2.5493100e+05   6.0119629e+01
   2.7103200e+05   1.1938477e+02
   2.7244600e+05   9.4116211e+01
   2.7408400e+05   9.9914551e+01
   2.8896900e+05   9.6252441e+01
   2.9003900e+05   5.6884766e+01
   2.9072000e+05   5.3710938e+01
   3.0830700e+05   5.0415039e+01
   3.5381600e+05   5.3283691e+01
   3.5928800e+05   1.1932373e+02
   3.9932800e+05   5.2856445e+01
   4.1554700e+05   1.0534668e+02
   4.1869800e+05   9.9304199e+01
   4.2566000e+05   5.0415039e+01
   4.4041500e+05   1.0827637e+02
   4.4203900e+05   9.5886230e+01
   4.6078400e+05   5.2124023e+01
   4.7242400e+05   1.0803223e+02
   5.1114800e+05   5.2490234e+01
   5.1894700e+05   1.1352539e+02
   5.2024200e+05   8.8928223e+01
   5.2084700e+05   7.0983887e+01
   5.5840800e+05   5.4687500e+01
   5.6070900e+05   1.0327148e+02
   5.6394200e+05   5.0903320e+01
   5.6647200e+05   1.1718750e+02
   5.6891600e+05   9.8754883e+01
   5.8704800e+05   1.0339355e+02
   6.1036500e+05   5.1513672e+01
   6.1624900e+05   5.0659180e+01
   6.2030400e+05   1.1071777e+02
   6.3512400e+05   5.2551270e+01
   6.4104000e+05   9.5825195e+01
   6.4147400e+05   1.1029053e+02
   6.4168200e+05   6.3476562e+01
   6.4187100e+05   5.1696777e+01
   6.6222400e+05   5.2307129e+01
   6.6441400e+05   5.1818848e+01
   6.9078600e+05   1.0266113e+02
   7.3063200e+05   9.6374512e+01
   7.3521800e+05   8.8928223e+01
   7.5444700e+05   5.0903320e+01
   7.6925700e+05   9.7106934e+01
   7.7085100e+05   1.0198975e+02
   7.7216200e+05   8.9904785e+01
   7.7275000e+05   6.7443848e+01
   7.7412800e+05   6.2622070e+01
   7.7528600e+05   5.9143066e+01
   7.8590500e+05   5.7373047e+01
   8.1517700e+05   9.4238281e+01
   8.1684900e+05   9.4787598e+01
   8.5387100e+05   9.4848633e+01
   8.5800300e+05   1.0943604e+02
   8.6023800e+05   9.7045898e+01
   8.6162800e+05   8.5449219e+01
   8.6713100e+05   5.8898926e+01
   8.9970800e+05   1.0614014e+02
   9.0515700e+05   1.0351562e+02
   9.0718900e+05   8.6853027e+01
   9.2334300e+05   5.1818848e+01
   9.5308200e+05   5.0415039e+01
   9.8251700e+05   5.1513672e+01
   1.0013890e+06   9.8632812e+01
   1.0155220e+06   1.1029053e+02
   1.0334930e+06   8.9538574e+01
   1.0346950e+06   8.2702637e+01
   1.0720400e+06   8.6242676e+01
   1.0733530e+06   9.0393066e+01
   1.0762510e+06   9.7778320e+01
   1.1012670e+06   5.5419922e+01
   1.1084680e+06   5.3222656e+01
   1.1322860e+06   1.1541748e+02
   1.1733090e+06   5.2795410e+01
   1.1887010e+06   5.5786133e+01
   1.1952400e+06   1.0699463e+02
   1.2002640e+06   9.5214844e+01
   1.2071090e+06   5.2307129e+01
   1.2351890e+06   5.4687500e+01
   1.2519230e+06   1.0156250e+02
   1.2534570e+06   8.0383301e+01
   1.2546100e+06   6.3720703e+01
   1.2798810e+06   5.1879883e+01
   1.2878910e+06   5.1513672e+01
   1.2928040e+06   5.1513672e+01
   1.2971930e+06   1.1767578e+02
   1.3074220e+06   6.5307617e+01
   1.3499890e+06   1.0449219e+02
   1.3645320e+06   5.6457520e+01
   1.3666530e+06   5.3527832e+01
   1.3714220e+06   1.2335205e+02
   1.3722140e+06   9.3139648e+01
   1.3734760e+06   6.2438965e+01
   1.3778860e+06   7.4096680e+01
   1.3784540e+06   7.8125000e+01
   1.3794670e+06   5.2185059e+01
   1.4039940e+06   5.1269531e+01
   1.4062390e+06   5.8288574e+01
   1.4064990e+06   1.2335205e+02
   1.4068400e+06   8.9965820e+01
   1.4070170e+06   5.8715820e+01
   1.4428490e+06   1.0089111e+02
   1.4563790e+06   1.2640381e+02
   1.4577880e+06   1.0894775e+02
   1.4666910e+06   5.3955078e+01
   1.4725400e+06   5.3466797e+01
   1.4757120e+06   9.0332031e+01
   1.4769600e+06   6.3415527e+01
   1.4794530e+06   5.4565430e+01
   1.4794970e+06   8.6975098e+01
   1.4803290e+06   6.3903809e+01
   1.4813900e+06   7.2937012e+01
   1.4946210e+06   5.0903320e+01
   1.5077300e+06   5.0415039e+01
   1.5143610e+06   1.0296631e+02
   1.5151210e+06   5.4321289e+01
   1.5152410e+06   8.7646484e+01
   1.5158420e+06   6.9824219e+01
   1.5171560e+06   7.3913574e+01
   1.5422020e+06   1.1737061e+02
   1.5432190e+06   8.6791992e+01
   1.5444820e+06   8.0627441e+01
   1.5549000e+06   5.1574707e+01
   1.5613350e+06   5.1208496e+01
   1.5823450e+06   9.6191406e+01
   1.5866320e+06   8.3557129e+01
   1.6079690e+06   5.0842285e+01
   1.6190800e+06   1.0772705e+02
   1.6197600e+06   9.2956543e+01
   1.6242790e+06   5.1269531e+01
   1.6426790e+06   5.2551270e+01
   1.6803980e+06   1.0626221e+02
   1.6956740e+06   1.0748291e+02
   1.7190970e+06   5.2795410e+01
   1.7196680e+06   5.0598145e+01
   1.7492950e+06   5.0842285e+01
   1.7780640e+06   5.0842285e+01
   1.7833300e+06   9.6191406e+01
   1.8378900e+06   8.0871582e+01
   1.8389630e+06   8.3862305e+01
   1.8492580e+06   1.0137939e+02
   1.8738160e+06   5.3894043e+01
   1.9046680e+06   5.1330566e+01
   1.9080120e+06   1.2005615e+02
   1.9094560e+06   5.2734375e+01
   1.9297650e+06   5.0598145e+01
   1.9478050e+06   5.2795410e+01
   1.9510830e+06   8.9782715e+01
   1.9522350e+06   5.1086426e+01
   1.9626620e+06   6.3049316e+01
   1.9818430e+06   5.2734375e+01
   1.9824840e+06   5.3710938e+01
   1.9837140e+06   1.0949707e+02
   1.9850950e+06   9.2529297e+01
   2.0010750e+06   5.2673340e+01
   2.0120480e+06   5.3955078e+01
   2.0159620e+06   1.0040283e+02
   2.0739900e+06   5.6274414e+01
   2.0916820e+06   1.2280273e+02
   2.1038520e+06   5.0292969e+01
   2.1058250e+06   5.1330566e+01
   2.1132110e+06   5.2062988e+01
   2.1180680e+06   1.0418701e+02
   2.1295240e+06   5.4382324e+01
   2.1408840e+06   9.3078613e+01
   2.1418030e+06   1.0314941e+02
   2.1421360e+06   6.9641113e+01
   2.1632710e+06   6.0668945e+01
   2.1834820e+06   9.8266602e+01
   2.1848250e+06   5.1391602e+01
   2.2021690e+06   9.8327637e+01
   2.2054910e+06   9.0087891e+01
   2.2059270e+06   8.2092285e+01
   2.2085790e+06   5.0354004e+01
   2.2156400e+06   5.1879883e+01
   2.2186050e+06   5.1391602e+01
   2.2396470e+06   1.0919189e+02
   2.2409940e+06   8.7646484e+01
   2.2419590e+06   7.9895020e+01
   2.2429620e+06   8.0017090e+01
   2.2439240e+06   6.3720703e+01
   2.2572720e+06   5.3527832e+01
   2.2645140e+06   9.8449707e+01
   2.2670280e+06   5.2001953e+01
   2.2678750e+06   5.2734375e+01
   2.2860640e+06   9.1186523e+01
   2.2911900e+06   8.9111328e+01
   2.2915420e+06   5.1452637e+01
   2.3086780e+06   5.1635742e+01
   2.3114730e+06   5.2246094e+01
   2.3321560e+06   1.1157227e+02
   2.3388980e+06   1.0626221e+02
   2.3434930e+06   1.0058594e+02
   2.3565920e+06   5.6579590e+01
   2.3582020e+06   5.5053711e+01
   2.3675190e+06   5.1574707e+01
   2.3820980e+06   1.0528564e+02
   2.3830300e+06   9.4055176e+01
   2.3833350e+06   5.2795410e+01
   2.3835050e+06   6.9824219e+01
   2.3838760e+06   6.5795898e+01
   2.3841290e+06   5.1025391e+01
   2.4161450e+06   6.0058594e+01
   2.4225840e+06   1.1212158e+02
   2.4656880e+06   9.9975586e+01
   2.5021950e+06   1.0028076e+02
   2.5041110e+06   8.0322266e+01
   2.5098100e+06   5.1452637e+01
   2.5545850e+06   9.3933105e+01
   2.5663310e+06   5.1269531e+01
   2.5677010e+06   5.3405762e+01
   2.5888780e+06   5.1025391e+01
   2.6239170e+06   5.8044434e+01
   2.6360700e+06   1.0821533e+02
   2.6435530e+06   5.5419922e+01
   2.6781110e+06   5.5236816e+01
   2.6985320e+06   1.0467529e+02
   2.7275570e+06   5.1330566e+01
   2.7582190e+06   5.2001953e+01
   2.7590190e+06   5.0231934e+01
   2.7813680e+06   1.0064697e+02
   2.7824370e+06   5.4931641e+01
   2.8289210e+06   1.1151123e+02
   2.8379520e+06   6.1828613e+01
   2.8723630e+06   5.3222656e+01
   2.8757340e+06   5.6030273e+01
   2.8854410e+06   1.0388184e+02
   2.8992820e+06   1.0498047e+02
   2.9279950e+06   9.3872070e+01
   2.9588570e+06   5.0354004e+01
   2.9683150e+06   5.6945801e+01
   2.9740710e+06   8.3740234e+01
   2.9757880e+06   1.0668945e+02
   3.0209950e+06   5.7373047e+01
   3.0246640e+06   5.2490234e+01
   3.0252580e+06   1.1206055e+02
   3.0254200e+06   1.2408447e+02
   3.0255560e+06   5.1086426e+01
   3.0729250e+06   5.3649902e+01
   3.0857490e+06   1.0229492e+02
   3.0874270e+06   8.7036133e+01
   3.0886800e+06   8.5937500e+01
   3.1060120e+06   5.1452637e+01
   3.1280250e+06   5.0659180e+01
   3.1346220e+06   9.9121094e+01
   3.1426430e+06   5.8593750e+01
   3.1477520e+06   5.5786133e+01
   3.1662000e+06   1.0174561e+02
   3.1697470e+06   7.9650879e+01
   3.1813090e+06   1.0266113e+02
   3.1835760e+06   9.9426270e+01
   3.1891770e+06   8.5754395e+01
   3.1932710e+06   5.6396484e+01
   3.2234750e+06   9.5886230e+01
   3.2247310e+06   1.0107422e+02
   3.2248680e+06   5.0292969e+01
   3.2267310e+06   9.9243164e+01
   3.2321240e+06   1.0186768e+02
   3.2321480e+06   5.5664063e+01
   3.2657040e+06   9.3688965e+01
   3.2953490e+06   5.0781250e+01
   3.3057990e+06   9.9426270e+01
   3.3095350e+06   5.2795410e+01
   3.3096290e+06   9.6130371e+01
   3.3108120e+06   7.6660156e+01
   3.3128840e+06   8.2092285e+01
   3.3287190e+06   5.0415039e+01
   3.3388220e+06   5.5480957e+01
   3.3418400e+06   5.0231934e+01
   3.3427870e+06   1.0717773e+02
   3.3727310e+06   5.4077148e+01
   3.3775040e+06   9.8266602e+01
   3.3880160e+06   5.0354004e+01
   3.4038920e+06   1.0589600e+02
   3.4053400e+06   9.8022461e+01
   3.4154710e+06   5.5236816e+01
   3.4230940e+06   1.0034180e+02
   3.4241580e+06   1.0968018e+02
   3.4258050e+06   8.2336426e+01
   3.4411310e+06   5.7006836e+01
   3.4623200e+06   5.3527832e+01
   3.4733530e+06   5.4504395e+01
   3.4795040e+06   1.2072754e+02
   3.4806220e+06   1.2512207e+02
   3.4831750e+06   9.8022461e+01
   3.4987570e+06   5.1513672e+01
   3.5346340e+06   5.1208496e+01
   3.5376540e+06   1.0345459e+02
   3.5395240e+06   9.6923828e+01
   3.5395620e+06   5.4626465e+01
   3.5407470e+06   7.4584961e+01
   3.5436400e+06   5.0292969e+01
   3.5451960e+06   5.1391602e+01
   3.5532920e+06   5.3039551e+01
   3.5719950e+06   1.0156250e+02
   3.6100010e+06   5.1574707e+01
   3.6107790e+06   5.2429199e+01
   3.6237330e+06   5.1452637e+01
   3.6300780e+06   1.0430908e+02
   3.6312610e+06   9.0148926e+01
   3.6361330e+06   9.1247559e+01
   3.6433190e+06   6.3171387e+01
   3.6784670e+06   1.1157227e+02
   3.7281820e+06   5.0781250e+01
   3.7331730e+06   9.6618652e+01
   3.7350290e+06   9.7412109e+01
   3.7400050e+06   9.9975586e+01
   3.7483400e+06   5.5541992e+01
   3.7617480e+06   1.0900879e+02
   3.7682170e+06   5.1208496e+01
   3.7695800e+06   5.0781250e+01
   3.7764570e+06   5.1330566e+01
   3.7818470e+06   5.0231934e+01
   3.8141610e+06   5.1147461e+01
   3.8439770e+06   9.3139648e+01
   3.8452120e+06   1.0363770e+02
   3.8666960e+06   5.0231934e+01
   3.8814260e+06   1.1737061e+02
   3.8902870e+06   5.2185059e+01
   3.9087200e+06   5.0537109e+01
   3.9129000e+06   1.2817383e+02
   3.9131950e+06   8.9782715e+01
   3.9133780e+06   8.0444336e+01
   3.9134770e+06   5.3771973e+01
   3.9350350e+06   5.5847168e+01
   3.9449880e+06   5.4565430e+01
   3.9479550e+06   1.1309814e+02
   3.9572000e+06   5.6823730e+01
   3.9635740e+06   1.1273193e+02
   3.9708540e+06   5.6030273e+01
   3.9822960e+06   9.1674805e+01
   3.9835420e+06   9.1857910e+01
   3.9862700e+06   8.6364746e+01
   3.9866020e+06   7.0861816e+01
   3.9876240e+06   5.4016113e+01
   3.9883760e+06   7.6660156e+01
   4.0028830e+06   5.1879883e+01
   4.0166270e+06   9.6374512e+01
   4.0176310e+06   8.4350586e+01
   4.0186660e+06   8.2153320e+01
   4.0193990e+06   7.2021484e+01
   4.0355100e+06   5.5175781e+01
   4.0408110e+06   5.0415039e+01
   4.0413960e+06   5.2246094e+01
   4.0665320e+06   5.8349609e+01
   4.1115750e+06   6.2744141e+01
   4.1129930e+06   1.1651611e+02
   4.1260790e+06   5.0964355e+01
   4.1665830e+06   1.0516357e+02
   4.1680810e+06   1.1944580e+02
   4.1704380e+06   5.1452637e+01
   4.1942510e+06   5.5114746e+01
   4.2382240e+06   5.0659180e+01
   4.2556870e+06   5.0537109e+01
   4.2606760e+06   5.0720215e+01
   4.3213050e+06   1.2829590e+02
   4.3319640e+06   5.3649902e+01
   4.3375400e+06   1.1718750e+02
   4.3382960e+06   9.2956543e+01
   4.3474720e+06   6.8908691e+01
   4.3583960e+06   5.3649902e+01
   4.3622970e+06   5.4992676e+01
   4.3709070e+06   5.0659180e+01
   4.4263150e+06   5.2490234e+01
   4.4437020e+06   6.0485840e+01
   4.5116510e+06   5.1147461e+01
   4.5149840e+06   9.4604492e+01
   4.5189100e+06   1.0577393e+02
   4.5194370e+06   5.1391602e+01
   4.5208760e+06   8.2214355e+01
   4.5219430e+06   8.7402344e+01
   4.5483040e+06   5.3039551e+01
   4.5599800e+06   5.0354004e+01
   4.5890070e+06   5.2124023e+01
   4.6177310e+06   1.2835693e+02
   4.6180160e+06   1.1798096e+02
   4.6180870e+06   5.3222656e+01
   4.6181670e+06   5.9448242e+01
   4.6834610e+06   5.1879883e+01
   4.7330650e+06   5.1208496e+01
   4.7896560e+06   5.1513672e+01
   4.8139070e+06   1.0748291e+02
   4.8249780e+06   5.5419922e+01
   4.8282490e+06   5.0292969e+01
   4.8674230e+06   5.0415039e+01
   4.8755580e+06   1.1157227e+02
   4.8939410e+06   6.1828613e+01
   4.9263570e+06   5.3710938e+01
   4.9278070e+06   5.2978516e+01
   4.9477250e+06   5.0842285e+01
   4.9558930e+06   5.0476074e+01
   4.9565060e+06   5.1147461e+01
   4.9937510e+06   5.1025391e+01
   5.0123460e+06   1.2500000e+02
   5.0172970e+06   1.0821533e+02
   5.0183350e+06   9.2895508e+01
   5.0192750e+06   8.1787109e+01
   5.0434330e+06   5.0354004e+01
   5.0495110e+06   5.1147461e+01
   5.0738400e+06   5.0354004e+01
   5.0746450e+06   5.1513672e+01
   5.0864740e+06   5.1879883e+01
   5.1075220e+06   5.8227539e+01
   5.1103680e+06   5.3222656e+01
   5.1148490e+06   1.1254883e+02
   5.1158520e+06   8.9599609e+01
   5.1828180e+06   5.1635742e+01
   5.1944790e+06   6.0302734e+01
   5.1980420e+06   5.5297852e+01
   5.2193690e+06   1.0772705e+02
   5.2268030e+06   5.2185059e+01
   5.2374810e+06   5.2124023e+01
   5.2474700e+06   6.2622070e+01
   5.2519570e+06   5.2734375e+01
   5.2615050e+06   5.2001953e+01
   5.3245220e+06   5.2124023e+01
   5.3341060e+06   1.0699463e+02
   5.3486130e+06   5.4138184e+01
   5.3513570e+06   5.0231934e+01
   5.4531420e+06   5.6396484e+01
   5.4908620e+06   5.0476074e+01
   5.4910470e+06   6.1279297e+01
   5.4939020e+06   5.9509277e+01
   5.5000080e+06   5.0537109e+01
   5.5219390e+06   1.0925293e+02
   5.5226300e+06   5.3466797e+01
   5.5286200e+06   1.0882568e+02
   5.5444210e+06   5.2734375e+01
   5.5477090e+06   5.0292969e+01
   5.5519530e+06   5.6396484e+01
   5.5566330e+06   5.1940918e+01
   5.5636980e+06   9.6435547e+01
   5.5714060e+06   5.3527832e+01
   5.5887690e+06   5.2795410e+01
   5.5915060e+06   1.1627197e+02
   5.5963050e+06   1.1523438e+02
   5.5996860e+06   1.0131836e+02
   5.6087310e+06   5.4321289e+01
   5.6228330e+06   5.6518555e+01
   5.6339050e+06   1.1645508e+02
   5.6361980e+06   9.2590332e+01
   5.6436990e+06   5.0354004e+01
   5.6569310e+06   5.1513672e+01
   5.6616090e+06   5.2246094e+01
   5.6684250e+06   5.5969238e+01
   5.6685980e+06   1.1749268e+02
   5.6687950e+06   7.2753906e+01
   5.6689100e+06   5.0964355e+01
   5.6697620e+06   5.0292969e+01
   5.7119570e+06   1.1047363e+02
   5.7365510e+06   5.4382324e+01
   5.7413760e+06   5.0659180e+01
   5.7606650e+06   5.4382324e+01
   5.7814240e+06   5.0598145e+01
   5.7831630e+06   5.4565430e+01
   5.7836760e+06   5.0598145e+01
   5.7898120e+06   5.2856445e+01
   5.8012920e+06   5.1391602e+01
   5.8150260e+06   5.1147461e+01
   5.8612610e+06   9.7961426e+01
   5.8891170e+06   6.0852051e+01
   5.8896390e+06   5.2429199e+01
   5.9303800e+06   5.1513672e+01
   5.9566450e+06   9.2407227e+01
   5.9971410e+06   1.1901855e+02
   5.9986520e+06   9.0209961e+01
   6.0024990e+06   8.6059570e+01
   6.0025250e+06   5.3222656e+01
   6.0411630e+06   5.1879883e+01
   6.0474460e+06   1.0467529e+02
   6.0481100e+06   9.9609375e+01
   6.0493780e+06   7.8857422e+01
   6.0649480e+06   1.2164307e+02
   6.0658640e+06   9.3383789e+01
   6.0659950e+06   5.3283691e+01
   6.0676250e+06   8.8806152e+01
   6.0706090e+06   5.1513672e+01
   6.0901780e+06   9.9060059e+01
   6.0912540e+06   8.7951660e+01
   6.1053460e+06   5.1269531e+01
   6.1055110e+06   5.1269531e+01
   6.1306420e+06   5.2917480e+01
   6.1337640e+06   5.1696777e+01
   6.1984850e+06   1.1267090e+02
   6.1996580e+06   9.9609375e+01
   6.2011340e+06   7.8002930e+01
   6.2017660e+06   8.0139160e+01
   6.2039130e+06   8.1115723e+01
   6.2459680e+06   5.4443359e+01
   6.2721210e+06   5.0659180e+01
   6.2722850e+06   1.2353516e+02
   6.2727750e+06   9.0454102e+01
   6.2738130e+06   8.3007813e+01
   6.2743880e+06   9.2712402e+01
   6.2837380e+06   5.1147461e+01
   6.2935630e+06   9.9853516e+01
   6.2992070e+06   5.3771973e+01
   6.3068080e+06   5.9448242e+01
   6.3184810e+06   9.9487305e+01
   6.3187670e+06   8.8500977e+01
   6.3448200e+06   5.1879883e+01
   6.3755020e+06   5.6701660e+01
   6.3801660e+06   5.1452637e+01
   6.4106570e+06   5.4016113e+01
   6.4245320e+06   5.1513672e+01
   6.4286010e+06   5.1391602e+01
   6.4430340e+06   1.1621094e+02
   6.4587590e+06   1.2121582e+02
   6.4589840e+06   9.8510742e+01
   6.4591230e+06   6.1828613e+01
   6.4669390e+06   5.2795410e+01
   6.4764900e+06   5.0231934e+01
   6.4788040e+06   5.1574707e+01
   6.4843310e+06   5.0842285e+01
   6.5382850e+06   5.5236816e+01
   6.5420920e+06   5.2551270e+01
   6.5482220e+06   5.0842285e+01
   6.5625710e+06   1.2481689e+02
   6.5631960e+06   9.6557617e+01
   6.5636080e+06   8.6730957e+01
   6.5644670e+06   8.1848145e+01
   6.6342970e+06   5.0537109e+01
   6.6991710e+06   5.2307129e+01
   6.7137140e+06   1.0388184e+02
   6.7164940e+06   5.1879883e+01
   6.7232180e+06   5.1635742e+01
   6.7249100e+06   5.3405762e+01
   6.7317200e+06   5.0842285e+01
   6.7672430e+06   1.3098145e+02
   6.7676830e+06   9.2407227e+01
   6.7742940e+06   5.3161621e+01
   6.8304640e+06   5.2612305e+01
   6.8371020e+06   1.2359619e+02
   6.8751540e+06   5.1208496e+01
   6.8830500e+06   5.2856445e+01
   6.8912860e+06   5.6030273e+01
   6.9174570e+06   5.0231934e+01
   6.9472650e+06   5.2062988e+01
   6.9545670e+06   5.2795410e+01
   6.9643640e+06   5.1147461e+01
   6.9760170e+06   1.3085938e+02
   6.9963820e+06   9.7595215e+01
   7.0068590e+06   5.2429199e+01
   7.0102450e+06   5.0720215e+01
   7.0223400e+06   5.0720215e+01
   7.0270760e+06   5.3100586e+01
   7.0382260e+06   5.3222656e+01
   7.0385870e+06   5.1086426e+01
   7.0660280e+06   1.1614990e+02
   7.0661630e+06   1.0858154e+02
   7.0662780e+06   5.8776855e+01
   7.1003710e+06   1.1553955e+02
   7.1190860e+06   5.2062988e+01
   7.1775990e+06   5.7189941e+01
   7.2177870e+06   1.0504150e+02
   7.2321670e+06   9.9670410e+01
   7.3028280e+06   5.2062988e+01
   7.3121370e+06   1.0797119e+02
   7.3141280e+06   9.4238281e+01
   7.3454620e+06   5.5541992e+01
   7.4030850e+06   5.2246094e+01
   7.4196700e+06   5.2734375e+01
   7.4218330e+06   5.2062988e+01
   7.4585620e+06   5.1940918e+01
   7.4764400e+06   5.6213379e+01
   7.4832390e+06   5.5541992e+01
   7.4847370e+06   5.2062988e+01
   7.5058460e+06   5.6335449e+01
   7.5163350e+06   5.0537109e+01
   7.5232710e+06   5.6457520e+01
   7.5550290e+06   1.0192871e+02
   7.5627850e+06   5.5175781e+01
   7.5629300e+06   1.0705566e+02
   7.5631150e+06   5.4077148e+01
   7.5660760e+06   5.0537109e+01
   7.5672520e+06   5.0354004e+01
   7.5738230e+06   5.8959961e+01
   7.6304630e+06   5.1269531e+01
   7.6347960e+06   5.0231934e+01
   7.6394310e+06   1.1572266e+02
   7.6406750e+06   8.3862305e+01
   7.6416480e+06   5.0903320e+01
   7.6560210e+06   5.1696777e+01
   7.6729820e+06   5.4992676e+01
   7.7083460e+06   5.1452637e+01
   7.7168480e+06   5.7128906e+01
   7.7213520e+06   1.0723877e+02
   7.7215130e+06   8.4350586e+01
   7.7216270e+06   7.7270508e+01
   7.7443440e+06   5.1330566e+01
   7.7545450e+06   5.4931641e+01
   7.7565800e+06   5.3771973e+01
   7.7663660e+06   5.2246094e+01
   7.7874270e+06   5.1147461e+01
   7.7910560e+06   5.6152344e+01
   7.7912380e+06   5.1574707e+01
   7.7996220e+06   5.1269531e+01
   7.8002250e+06   5.6396484e+01
   7.8193540e+06   1.0754395e+02
   7.8390430e+06   5.2551270e+01
   7.8410890e+06   1.1724854e+02
   7.8424070e+06   5.4931641e+01
   7.8643120e+06   5.0231934e+01
   7.8842160e+06   1.0766602e+02
   7.9132320e+06   6.2744141e+01
   7.9452380e+06   1.1645508e+02
   8.0079350e+06   5.4321289e+01
   8.0218800e+06   1.2182617e+02
   8.0225580e+06   1.0076904e+02
   8.0230650e+06   9.9487305e+01
   8.0239510e+06   6.6589355e+01
   8.0443200e+06   5.6091309e+01
   8.0519700e+06   5.1025391e+01
   8.0646610e+06   5.4626465e+01
   8.0764930e+06   5.0231934e+01
   8.0768490e+06   5.8227539e+01
   8.0904520e+06   5.5725098e+01
   8.0948990e+06   5.2734375e+01
   8.0950140e+06   5.4870605e+01
   8.1144780e+06   5.1452637e+01
   8.1238400e+06   5.2307129e+01
   8.1242920e+06   5.0292969e+01
   8.1377790e+06   5.2734375e+01
   8.1486220e+06   5.4870605e+01
   8.2032900e+06   5.1818848e+01
   8.2267270e+06   5.2185059e+01
   8.2624900e+06   5.1635742e+01
   8.2642890e+06   5.6030273e+01
   8.2711800e+06   5.0964355e+01
   8.2728620e+06   5.2307129e+01
   8.2766270e+06   5.1513672e+01
   8.2925950e+06   5.2307129e+01
   8.3218580e+06   6.2927246e+01
   8.3284310e+06   5.3527832e+01
   8.3356700e+06   5.2062988e+01
   8.3582740e+06   5.0964355e+01
   8.3705820e+06   5.0903320e+01
   8.3890940e+06   1.2487793e+02
   8.3947550e+06   1.0052490e+02
   8.4064890e+06   5.2978516e+01
   8.4133850e+06   1.0418701e+02
   8.4150710e+06   6.1157227e+01
   8.4297980e+06   1.0400391e+02
   8.4304450e+06   1.0845947e+02
   8.4508590e+06   5.0781250e+01
   8.4599080e+06   5.5847168e+01
   8.4653120e+06   1.1669922e+02
   8.4667880e+06   1.1492920e+02
   8.4684050e+06   8.4899902e+01
   8.4709370e+06   5.3100586e+01
   8.4717140e+06   5.3955078e+01
   8.4797060e+06   1.0931396e+02
   8.4917690e+06   5.0231934e+01
   8.5030080e+06   5.0292969e+01
   8.5064420e+06   5.0781250e+01
   8.5094190e+06   5.0476074e+01
   8.5143320e+06   1.0614014e+02
   8.5150900e+06   5.5908203e+01
   8.5185500e+06   5.6762695e+01
   8.5190670e+06   1.2426758e+02
   8.5197490e+06   7.9833984e+01
   8.5202540e+06   6.5246582e+01
   8.5414240e+06   5.1330566e+01
   8.5427030e+06   1.0900879e+02
   8.5531490e+06   5.1818848e+01
   8.5770570e+06   5.0476074e+01
   8.5828520e+06   5.4870605e+01
   8.5910560e+06   1.1895752e+02
   8.5930690e+06   6.2255859e+01
   8.5942010e+06   5.3527832e+01
   8.5948700e+06   5.0537109e+01
   8.6115710e+06   5.0292969e+01
   8.6187480e+06   1.0552979e+02
   8.6229140e+06   5.6091309e+01
   8.6263370e+06   5.2368164e+01
   8.6289520e+06   5.1330566e+01
   8.6294110e+06   5.3833008e+01
   8.6298410e+06   5.6030273e+01
   8.6421480e+06   5.8532715e+01
   8.6713590e+06   5.0781250e+01
   8.7037500e+06   1.2310791e+02
   8.7044560e+06   9.6862793e+01
   8.7050200e+06   7.8674316e+01
   8.7068510e+06   8.1054688e+01
   8.7095290e+06   5.3161621e+01
   8.7205790e+06   1.0235596e+02
   8.7260270e+06   5.5664062e+01
   8.7387300e+06   9.8571777e+01
   8.7670700e+06   5.1452637e+01
   8.7715180e+06   1.0119629e+02
   8.7734540e+06   8.4411621e+01
   8.7748670e+06   9.3933105e+01
   8.7867090e+06   5.8532715e+01
   8.8182690e+06   6.0852051e+01
   8.8251880e+06   5.4382324e+01
   8.8271320e+06   5.1696777e+01
   8.8343360e+06   5.4260254e+01
   8.8370830e+06   5.2917480e+01
   8.8530600e+06   5.0781250e+01
   8.8724840e+06   5.0903320e+01
   8.8950570e+06   5.9692383e+01
   8.8985210e+06   1.0247803e+02
   8.9018900e+06   5.1147461e+01
   8.9409940e+06   5.2246094e+01
   8.9566300e+06   6.4575195e+01
   8.9952890e+06   1.1352539e+02
   8.9966680e+06   1.1102295e+02
   8.9977160e+06   1.0473633e+02
   8.9985080e+06   7.4462891e+01
