   8.9990000e+06   0.0000000e+00
   3.8429000e+04   4.1992188e+01
   3.9054000e+04   4.0771484e+01
   3.9093000e+04   6.3537598e+01
   3.9198000e+04   4.5410156e+01
   3.9310000e+04   4.7790527e+01
   3.9412000e+04   4.3579102e+01
   3.9446000e+04   4.4860840e+01
   3.9699000e+04   4.4494629e+01
   3.9723000e+04   4.3457031e+01
   3.9888000e+04   5.2917480e+01
   4.1656000e+04   4.1381836e+01
   5.3755000e+04   4.1137695e+01
   6.2270000e+04   4.0283203e+01
   6.7302000e+04   4.8461914e+01
   6.7898000e+04   4.2785645e+01
   6.8471000e+04   4.6020508e+01
   6.8940000e+04   4.2236328e+01
   6.9201000e+04   4.2541504e+01
   6.9655000e+04   4.8095703e+01
   7.0325000e+04   4.3457031e+01
   7.0892000e+04   4.3518066e+01
   7.1848000e+04   4.1564941e+01
   9.2846000e+04   4.5166016e+01
   9.5143000e+04   4.1931152e+01
   1.0132700e+05   4.0649414e+01
   1.0497800e+05   4.0222168e+01
   1.2483100e+05   4.4128418e+01
   1.2897700e+05   4.1076660e+01
   1.4142500e+05   4.2175293e+01
   1.6232300e+05   4.1076660e+01
   1.7228900e+05   4.4677734e+01
   2.5721600e+05   4.3762207e+01
   3.1484500e+05   4.3640137e+01
   3.1718700e+05   4.3640137e+01
   3.5519600e+05   4.1931152e+01
   3.7179300e+05   4.6203613e+01
   3.8259700e+05   4.1076660e+01
   3.9713000e+05   4.8583984e+01
   4.0767900e+05   4.1198730e+01
   4.1142800e+05   4.2968750e+01
   4.2632400e+05   4.7241211e+01
   4.3724400e+05   4.0954590e+01
   4.4393500e+05   4.4372559e+01
   4.4420900e+05   4.1564941e+01
   4.5304000e+05   4.2358398e+01
   4.5579400e+05   4.7607422e+01
   4.6452500e+05   4.2724609e+01
   4.7180500e+05   4.7485352e+01
   4.9293600e+05   4.1992188e+01
   5.1934200e+05   4.2541504e+01
   5.2005400e+05   4.2663574e+01
   5.2878800e+05   4.1809082e+01
   5.3219500e+05   4.1015625e+01
   5.9247400e+05   4.9438477e+01
   6.0962100e+05   4.2602539e+01
   6.2952500e+05   4.1320801e+01
   6.4039600e+05   4.2541504e+01
   6.4057100e+05   6.1523438e+01
   6.4076400e+05   5.4870605e+01
   6.4098400e+05   5.9936523e+01
   6.4101200e+05   4.4006348e+01
   6.4102700e+05   5.5725098e+01
   6.4120300e+05   6.2927246e+01
   6.4129600e+05   4.7424316e+01
   6.4180100e+05   4.4799805e+01
   6.4207400e+05   4.2907715e+01
   6.4247500e+05   4.1503906e+01
   6.4253900e+05   4.2602539e+01
   6.6710200e+05   4.1809082e+01
   6.6801500e+05   4.3518066e+01
   6.6857700e+05   4.0771484e+01
   6.6891500e+05   4.1015625e+01
   6.6902200e+05   5.3039551e+01
   6.6934700e+05   5.3344727e+01
   6.6974300e+05   4.1870117e+01
   6.6994600e+05   4.2358398e+01
   6.7946600e+05   4.3212891e+01
   6.8794400e+05   4.2663574e+01
   6.9772300e+05   4.5104980e+01
   6.9986400e+05   4.5837402e+01
   7.0002300e+05   4.0222168e+01
   7.0069600e+05   4.1503906e+01
   7.0197200e+05   4.0283203e+01
   7.0794300e+05   4.6142578e+01
   7.1227000e+05   4.4250488e+01
   7.1241500e+05   4.2724609e+01
   7.1261000e+05   4.4982910e+01
   7.1293700e+05   4.1381836e+01
   7.1309700e+05   4.0710449e+01
   7.1340800e+05   4.2358398e+01
   7.1346400e+05   4.0405273e+01
   7.1362400e+05   4.0710449e+01
   7.1378700e+05   4.4738770e+01
   7.1409200e+05   4.8828125e+01
   7.1515700e+05   4.3151855e+01
   7.1520600e+05   4.0893555e+01
   7.4074700e+05   4.2663574e+01
   7.4683100e+05   4.3518066e+01
   7.5191800e+05   4.3212891e+01
   7.5266400e+05   4.1137695e+01
   7.5302900e+05   4.7058105e+01
   7.5332900e+05   4.2541504e+01
   7.5374500e+05   4.1442871e+01
   7.5382500e+05   4.0222168e+01
   7.5386700e+05   4.3701172e+01
   7.5392000e+05   4.1870117e+01
   7.5413200e+05   4.4372559e+01
   7.5440600e+05   4.1503906e+01
   7.5483500e+05   4.5471191e+01
   7.5508400e+05   4.1870117e+01
   7.5555800e+05   4.0649414e+01
   7.7415500e+05   4.0344238e+01
   7.8991900e+05   4.3395996e+01
   8.3732600e+05   4.1259766e+01
   8.5681000e+05   4.5837402e+01
   8.5879700e+05   4.0344238e+01
   9.0981700e+05   4.1320801e+01
   9.2757300e+05   4.2724609e+01
   9.3051800e+05   4.0588379e+01
   9.5835000e+05   4.4433594e+01
   9.8122200e+05   4.1320801e+01
   9.8362600e+05   5.0048828e+01
   1.0085330e+06   4.1687012e+01
   1.0089620e+06   4.0832520e+01
   1.0196910e+06   5.0415039e+01
   1.0284960e+06   4.0222168e+01
   1.0309570e+06   4.1564941e+01
   1.0422070e+06   4.5593262e+01
   1.0637400e+06   4.2968750e+01
   1.0684230e+06   4.1198730e+01
   1.0722910e+06   4.2053223e+01
   1.0786990e+06   4.0893555e+01
   1.0845390e+06   5.1086426e+01
   1.1127140e+06   4.2297363e+01
   1.1197660e+06   4.3151855e+01
   1.1452090e+06   4.1625977e+01
   1.1461210e+06   4.0649414e+01
   1.1735760e+06   4.1503906e+01
   1.1890030e+06   4.1503906e+01
   1.2096630e+06   4.3945312e+01
   1.2158610e+06   4.3701172e+01
   1.2311870e+06   4.2175293e+01
   1.2339520e+06   4.1381836e+01
   1.2844640e+06   4.7058105e+01
   1.3066470e+06   4.0710449e+01
   1.3078780e+06   4.0527344e+01
   1.3084590e+06   4.1503906e+01
   1.3219070e+06   4.1137695e+01
   1.3441370e+06   4.5898438e+01
   1.3451030e+06   4.1381836e+01
   1.3582250e+06   4.0527344e+01
   1.3623800e+06   4.1748047e+01
   1.3630980e+06   4.1137695e+01
   1.3703280e+06   4.8583984e+01
   1.3737710e+06   4.3029785e+01
   1.3795950e+06   4.1381836e+01
   1.3840870e+06   4.0405273e+01
   1.3942070e+06   4.4128418e+01
   1.3963140e+06   4.4128418e+01
   1.3979070e+06   4.4738770e+01
   1.3993480e+06   4.5532227e+01
   1.4045100e+06   4.5654297e+01
   1.4056800e+06   4.2724609e+01
   1.4057250e+06   4.5837402e+01
   1.4059950e+06   4.4433594e+01
   1.4060290e+06   5.7312012e+01
   1.4061440e+06   4.5532227e+01
   1.4062360e+06   4.9804688e+01
   1.4065190e+06   4.2114258e+01
   1.4102630e+06   4.0832520e+01
   1.4183730e+06   4.2236328e+01
   1.4230820e+06   4.1198730e+01
   1.4255350e+06   4.6081543e+01
   1.4260110e+06   4.2236328e+01
   1.4272450e+06   4.1137695e+01
   1.4272680e+06   4.6752930e+01
   1.4275190e+06   4.2297363e+01
   1.4278200e+06   4.1503906e+01
   1.4281140e+06   4.1748047e+01
   1.4287410e+06   5.1391602e+01
   1.4288130e+06   4.0588379e+01
   1.4293170e+06   5.4077148e+01
   1.4304160e+06   5.1513672e+01
   1.4322610e+06   4.5104980e+01
   1.4405840e+06   4.7973633e+01
   1.4410480e+06   4.1748047e+01
   1.4487420e+06   4.2541504e+01
   1.4492980e+06   4.3762207e+01
   1.4495130e+06   4.1564941e+01
   1.4498310e+06   4.1198730e+01
   1.4568640e+06   4.1748047e+01
   1.4587740e+06   4.9194336e+01
   1.4599020e+06   4.2236328e+01
   1.4606270e+06   4.3334961e+01
   1.4609200e+06   4.2785645e+01
   1.4614890e+06   4.1076660e+01
   1.4619040e+06   4.1381836e+01
   1.4630400e+06   4.3579102e+01
   1.4866110e+06   4.0954590e+01
   1.4912300e+06   4.1137695e+01
   1.4926470e+06   4.2602539e+01
   1.4945180e+06   6.0729980e+01
   1.4950780e+06   5.4199219e+01
   1.4955630e+06   4.4677734e+01
   1.4957820e+06   5.4992676e+01
   1.4960880e+06   4.1015625e+01
   1.4965820e+06   4.1870117e+01
   1.4974080e+06   4.4311523e+01
   1.4979750e+06   4.2785645e+01
   1.4988100e+06   4.1076660e+01
   1.5203380e+06   4.3212891e+01
   1.5360080e+06   4.1076660e+01
   1.5524400e+06   4.5898438e+01
   1.5624990e+06   4.0527344e+01
   1.5651300e+06   4.2724609e+01
   1.5819010e+06   4.3151855e+01
   1.5848020e+06   4.1931152e+01
   1.5923500e+06   4.1625977e+01
   1.5939800e+06   4.1931152e+01
   1.6284740e+06   4.3518066e+01
   1.6377210e+06   4.5532227e+01
   1.6384120e+06   4.0527344e+01
   1.6401170e+06   4.1503906e+01
   1.6435560e+06   4.0954590e+01
   1.6439970e+06   4.3884277e+01
   1.6447190e+06   4.5227051e+01
   1.6673500e+06   4.1137695e+01
   1.6695850e+06   4.1687012e+01
   1.6750530e+06   4.2968750e+01
   1.6816760e+06   4.3334961e+01
   1.6868290e+06   4.2175293e+01
   1.6953160e+06   4.2968750e+01
   1.7033450e+06   4.3151855e+01
   1.7183230e+06   4.6203613e+01
   1.7233870e+06   4.0649414e+01
   1.7238270e+06   4.0222168e+01
   1.7294680e+06   4.2297363e+01
   1.7329030e+06   4.0588379e+01
   1.7462170e+06   4.1442871e+01
   1.7474800e+06   4.6875000e+01
   1.7630010e+06   4.0344238e+01
   1.7822410e+06   4.6447754e+01
   1.7851050e+06   4.8706055e+01
   1.7894320e+06   4.0710449e+01
   1.7937810e+06   4.4250488e+01
   1.7978900e+06   4.2175293e+01
   1.8269140e+06   4.6569824e+01
   1.8595100e+06   4.1259766e+01
   1.8698440e+06   4.3701172e+01
   1.8775330e+06   4.3701172e+01
   1.8786860e+06   4.1076660e+01
   1.8795870e+06   4.0527344e+01
   1.8815050e+06   4.0466309e+01
   1.8831090e+06   4.0527344e+01
   1.8851610e+06   4.3518066e+01
   1.8865140e+06   4.3090820e+01
   1.8992590e+06   4.2419434e+01
   1.9248970e+06   4.4067383e+01
   1.9611330e+06   4.2358398e+01
   1.9638220e+06   4.1748047e+01
   1.9668560e+06   4.6997070e+01
   1.9818780e+06   4.0344238e+01
   1.9887290e+06   4.3701172e+01
   1.9925040e+06   4.5166016e+01
   1.9960740e+06   4.1198730e+01
   2.0031350e+06   4.0588379e+01
   2.0109180e+06   4.4189453e+01
   2.0145770e+06   4.0710449e+01
   2.0292070e+06   4.0344238e+01
   2.0309070e+06   4.3884277e+01
   2.0315950e+06   4.0222168e+01
   2.0360810e+06   4.1259766e+01
   2.0473170e+06   4.1198730e+01
   2.0607210e+06   4.2480469e+01
   2.0683240e+06   4.1259766e+01
   2.0890120e+06   4.6752930e+01
   2.0929100e+06   4.6264648e+01
   2.1035400e+06   4.1198730e+01
   2.1048200e+06   4.7241211e+01
   2.1337190e+06   4.1809082e+01
   2.1407330e+06   4.5166016e+01
   2.1407820e+06   4.3029785e+01
   2.1410600e+06   4.5593262e+01
   2.1413910e+06   6.8725586e+01
   2.1414410e+06   5.6579590e+01
   2.1415820e+06   4.1381836e+01
   2.1416740e+06   5.7678223e+01
   2.1418690e+06   4.0588379e+01
   2.1419240e+06   4.7363281e+01
   2.1423000e+06   4.4860840e+01
   2.1611930e+06   4.3151855e+01
   2.1613380e+06   4.1503906e+01
   2.1618000e+06   4.4433594e+01
   2.1621580e+06   4.0893555e+01
   2.1625450e+06   4.0588379e+01
   2.1626500e+06   5.3894043e+01
   2.1629810e+06   4.5898438e+01
   2.1631830e+06   4.5776367e+01
   2.1633160e+06   5.1757812e+01
   2.1635940e+06   4.2053223e+01
   2.1758330e+06   4.1381836e+01
   2.1780680e+06   4.5471191e+01
   2.1826740e+06   4.1198730e+01
   2.1832430e+06   4.5410156e+01
   2.1883290e+06   4.4189453e+01
   2.1920860e+06   4.3029785e+01
   2.1927820e+06   4.2175293e+01
   2.1932100e+06   4.0405273e+01
   2.1950450e+06   4.1259766e+01
   2.1971570e+06   4.1931152e+01
   2.2021880e+06   4.1076660e+01
   2.2116970e+06   4.2419434e+01
   2.2194660e+06   4.0771484e+01
   2.2251480e+06   4.1381836e+01
   2.2263190e+06   5.0598145e+01
   2.2264140e+06   4.1198730e+01
   2.2269420e+06   4.2358398e+01
   2.2274730e+06   4.1992188e+01
   2.2277430e+06   4.1320801e+01
   2.2283290e+06   4.4555664e+01
   2.2300580e+06   4.1442871e+01
   2.2481160e+06   4.0283203e+01
   2.2490850e+06   4.1625977e+01
   2.2659910e+06   4.2419434e+01
   2.2705110e+06   4.5898438e+01
   2.2716870e+06   4.3212891e+01
   2.2721570e+06   5.0231934e+01
   2.2726630e+06   4.0771484e+01
   2.2728780e+06   4.0283203e+01
   2.2863890e+06   4.5227051e+01
   2.3055720e+06   4.3029785e+01
   2.3092340e+06   4.4006348e+01
   2.3453950e+06   4.0222168e+01
   2.3608540e+06   4.2175293e+01
   2.3701060e+06   4.0344238e+01
   2.4270040e+06   4.3701172e+01
   2.4339840e+06   4.1381836e+01
   2.4452970e+06   4.1198730e+01
   2.4531260e+06   4.3212891e+01
   2.4787560e+06   4.1687012e+01
   2.4801810e+06   4.6203613e+01
   2.5179370e+06   4.1442871e+01
   2.5246450e+06   4.1687012e+01
   2.5548470e+06   4.2785645e+01
   2.5681120e+06   4.6508789e+01
   2.5740790e+06   4.2846680e+01
   2.5749320e+06   4.1259766e+01
   2.5765810e+06   4.0283203e+01
   2.5912080e+06   4.2968750e+01
   2.6300120e+06   4.4799805e+01
   2.6776990e+06   4.0649414e+01
   2.6823520e+06   4.3090820e+01
   2.6910480e+06   4.1442871e+01
   2.7001730e+06   4.4799805e+01
   2.7283030e+06   4.9560547e+01
   2.7321060e+06   4.3945312e+01
   2.7392130e+06   4.4189453e+01
   2.7529020e+06   4.1564941e+01
   2.7541570e+06   4.1748047e+01
   2.7576450e+06   4.1870117e+01
   2.7586090e+06   4.3212891e+01
   2.7981400e+06   4.3762207e+01
   2.8082570e+06   4.3029785e+01
   2.8348290e+06   4.2846680e+01
   2.8578320e+06   4.0466309e+01
   2.8748240e+06   4.1748047e+01
   2.9022280e+06   4.2907715e+01
   2.9111440e+06   4.0893555e+01
   2.9260500e+06   4.3579102e+01
   2.9398770e+06   4.1748047e+01
   2.9412410e+06   4.1259766e+01
   2.9635130e+06   4.1992188e+01
   3.0242360e+06   4.2541504e+01
   3.0245170e+06   4.0832520e+01
   3.0246380e+06   4.3029785e+01
   3.0247360e+06   5.0415039e+01
   3.0248870e+06   5.9570313e+01
   3.0250360e+06   4.3640137e+01
   3.0251180e+06   4.9194336e+01
   3.0252930e+06   4.1320801e+01
   3.0253610e+06   4.2846680e+01
   3.0259290e+06   4.8217773e+01
   3.0260180e+06   4.2541504e+01
   3.0261340e+06   4.3945312e+01
   3.0463420e+06   5.2124023e+01
   3.0465140e+06   5.3649902e+01
   3.0474750e+06   4.0222168e+01
   3.0475280e+06   4.0710449e+01
   3.0602700e+06   4.6752930e+01
   3.0617670e+06   4.3151855e+01
   3.0627960e+06   4.1442871e+01
   3.0680690e+06   4.0283203e+01
   3.0707750e+06   4.7424316e+01
   3.0708070e+06   4.1137695e+01
   3.0718170e+06   4.3762207e+01
   3.0720010e+06   4.6386719e+01
   3.0738530e+06   5.1391602e+01
   3.0766440e+06   4.1503906e+01
   3.0782990e+06   4.1625977e+01
   3.0783830e+06   5.1757812e+01
   3.0793580e+06   4.4433594e+01
   3.0807450e+06   4.0222168e+01
   3.0848770e+06   4.3823242e+01
   3.0856510e+06   4.2297363e+01
   3.1076910e+06   4.8522949e+01
   3.1107210e+06   4.2846680e+01
   3.1108850e+06   4.3334961e+01
   3.1114580e+06   4.2724609e+01
   3.1123100e+06   4.1870117e+01
   3.1140640e+06   4.2114258e+01
   3.1147430e+06   4.7851562e+01
   3.1149920e+06   4.2297363e+01
   3.1162560e+06   4.4433594e+01
   3.1163890e+06   4.1137695e+01
   3.1165020e+06   4.1320801e+01
   3.1171440e+06   4.4006348e+01
   3.1331030e+06   4.6203613e+01
   3.1362710e+06   4.2602539e+01
   3.1398350e+06   4.4738770e+01
   3.1422970e+06   4.1625977e+01
   3.1507280e+06   4.5532227e+01
   3.1545670e+06   5.4809570e+01
   3.1551600e+06   4.2053223e+01
   3.1562070e+06   5.2124023e+01
   3.1569990e+06   4.8278809e+01
   3.1930950e+06   4.1931152e+01
   3.2106630e+06   4.2297363e+01
   3.2297310e+06   4.5898438e+01
   3.2312720e+06   4.3701172e+01
   3.2417410e+06   4.1320801e+01
   3.3280190e+06   4.3212891e+01
   3.3658450e+06   4.1992188e+01
   3.3766470e+06   4.1076660e+01
   3.3879080e+06   4.3823242e+01
   3.4009140e+06   4.1076660e+01
   3.4351840e+06   4.3518066e+01
   3.4866110e+06   4.2053223e+01
   3.4943040e+06   4.0344238e+01
   3.4956820e+06   4.1381836e+01
   3.5130780e+06   4.3151855e+01
   3.5188480e+06   4.2297363e+01
   3.5800450e+06   4.4006348e+01
   3.5975540e+06   4.2785645e+01
   3.6149540e+06   4.1442871e+01
   3.6292690e+06   4.0527344e+01
   3.6364820e+06   4.0527344e+01
   3.6447360e+06   4.2602539e+01
   3.6566000e+06   4.1381836e+01
   3.6575540e+06   4.0588379e+01
   3.7055120e+06   4.0771484e+01
   3.7128620e+06   4.0466309e+01
   3.7162810e+06   4.0405273e+01
   3.7353160e+06   4.1503906e+01
   3.7446090e+06   4.1992188e+01
   3.7481280e+06   4.0344238e+01
   3.7563660e+06   4.7363281e+01
   3.7568470e+06   4.1015625e+01
   3.7707540e+06   4.0832520e+01
   3.7724120e+06   4.0954590e+01
   3.7909600e+06   4.2175293e+01
   3.7989340e+06   4.0222168e+01
   3.8546870e+06   4.0588379e+01
   3.8652240e+06   4.9377441e+01
   3.8726140e+06   4.1381836e+01
   3.8864500e+06   4.2663574e+01
   3.9106470e+06   4.0893555e+01
   3.9123220e+06   4.9072266e+01
   3.9125390e+06   4.1198730e+01
   3.9126080e+06   4.5043945e+01
   3.9126620e+06   5.2062988e+01
   3.9128070e+06   4.8706055e+01
   3.9128270e+06   4.5837402e+01
   3.9128420e+06   4.9316406e+01
   3.9130640e+06   5.5541992e+01
   3.9131420e+06   4.3579102e+01
   3.9131880e+06   4.5410156e+01
   3.9135460e+06   4.0222168e+01
   3.9140580e+06   4.4250488e+01
   3.9328750e+06   4.0527344e+01
   3.9340910e+06   4.2480469e+01
   3.9349720e+06   5.5175781e+01
   3.9350850e+06   5.3710938e+01
   3.9355260e+06   4.1625977e+01
   3.9356200e+06   4.6936035e+01
   3.9357720e+06   4.5166016e+01
   3.9363720e+06   4.9011230e+01
   3.9368820e+06   4.1625977e+01
   3.9378160e+06   4.2541504e+01
   3.9437890e+06   4.0222168e+01
   3.9461860e+06   4.2602539e+01
   3.9600540e+06   4.5104980e+01
   3.9634800e+06   4.5227051e+01
   3.9685530e+06   4.3579102e+01
   3.9689680e+06   4.7851562e+01
   3.9690540e+06   4.6081543e+01
   3.9692810e+06   4.2358398e+01
   3.9693620e+06   5.2246094e+01
   3.9694090e+06   4.1809082e+01
   3.9695070e+06   4.1381836e+01
   3.9699110e+06   6.0058594e+01
   3.9703770e+06   4.2236328e+01
   3.9711360e+06   4.7424316e+01
   3.9865800e+06   4.0283203e+01
   3.9872950e+06   4.0222168e+01
   3.9963940e+06   4.8400879e+01
   4.0010720e+06   4.8095703e+01
   4.0015040e+06   4.6142578e+01
   4.0020060e+06   5.6030273e+01
   4.0023560e+06   4.2541504e+01
   4.0038820e+06   4.9743652e+01
   4.0045180e+06   4.1992188e+01
   4.0130540e+06   4.1381836e+01
   4.0176120e+06   4.1931152e+01
   4.0866850e+06   4.4067383e+01
   4.0901730e+06   4.1503906e+01
   4.1062110e+06   4.0283203e+01
   4.1222000e+06   4.2053223e+01
   4.1642990e+06   4.1015625e+01
   4.1828030e+06   4.2053223e+01
   4.1949920e+06   4.6386719e+01
   4.2075360e+06   4.0405273e+01
   4.2078370e+06   4.1748047e+01
   4.2159100e+06   4.0222168e+01
   4.2432800e+06   4.4189453e+01
   4.2470030e+06   4.0893555e+01
   4.2993020e+06   4.1625977e+01
   4.3004830e+06   4.1015625e+01
   4.3035320e+06   4.6386719e+01
   4.3346890e+06   4.1931152e+01
   4.3553280e+06   4.2907715e+01
   4.3593440e+06   4.5593262e+01
   4.3647980e+06   4.0344238e+01
   4.3892000e+06   4.5654297e+01
   4.4216080e+06   4.3945312e+01
   4.4395670e+06   4.2419434e+01
   4.4440250e+06   4.1320801e+01
   4.4930940e+06   4.8278809e+01
   4.4990030e+06   4.1503906e+01
   4.5071910e+06   4.2175293e+01
   4.5401670e+06   4.5349121e+01
   4.5731040e+06   4.1687012e+01
   4.5765490e+06   4.0527344e+01
   4.5838220e+06   4.0283203e+01
   4.6058410e+06   4.0588379e+01
   4.6079960e+06   4.3762207e+01
   4.6170420e+06   4.1259766e+01
   4.6171060e+06   5.0781250e+01
   4.6172430e+06   4.1320801e+01
   4.6173450e+06   7.6721191e+01
   4.6174690e+06   5.2551270e+01
   4.6174800e+06   4.0710449e+01
   4.6176050e+06   4.5471191e+01
   4.6177440e+06   4.2785645e+01
   4.6179810e+06   4.8706055e+01
   4.6180410e+06   4.2297363e+01
   4.6182200e+06   5.1269531e+01
   4.6182310e+06   5.1086426e+01
   4.6185460e+06   4.2968750e+01
   4.6188280e+06   4.1503906e+01
   4.6194530e+06   4.7912598e+01
   4.6350270e+06   4.2297363e+01
   4.6384180e+06   4.2724609e+01
   4.6409380e+06   4.0771484e+01
   4.6411530e+06   4.3457031e+01
   4.6419470e+06   4.5043945e+01
   4.6419610e+06   5.3527832e+01
   4.6425990e+06   4.1015625e+01
   4.6528650e+06   4.0588379e+01
   4.6611820e+06   4.1625977e+01
   4.6654500e+06   4.3273926e+01
   4.6742680e+06   4.5776367e+01
   4.6769730e+06   4.3884277e+01
   4.6780380e+06   4.0222168e+01
   4.6808980e+06   4.1015625e+01
   4.6814930e+06   4.1381836e+01
   4.6822490e+06   4.2541504e+01
   4.6825880e+06   4.8095703e+01
   4.6826340e+06   5.1818848e+01
   4.6828210e+06   4.1931152e+01
   4.6831840e+06   4.7546387e+01
   4.6833310e+06   4.0588379e+01
   4.7040460e+06   4.0466309e+01
   4.7152110e+06   4.2602539e+01
   4.7158700e+06   4.5166016e+01
   4.7163080e+06   4.4677734e+01
   4.7166060e+06   4.2358398e+01
   4.7169670e+06   4.3457031e+01
   4.7176470e+06   4.9316406e+01
   4.7785330e+06   4.1625977e+01
   4.7812420e+06   4.1809082e+01
   4.7860610e+06   4.5166016e+01
   4.8018380e+06   4.0527344e+01
   4.8342360e+06   4.3640137e+01
   4.8444210e+06   4.1564941e+01
   4.8485050e+06   4.3457031e+01
   4.8525880e+06   4.2114258e+01
   4.8564540e+06   4.4982910e+01
   4.8584050e+06   4.1076660e+01
   4.8608070e+06   4.1748047e+01
   4.8755170e+06   4.1931152e+01
   4.8790120e+06   4.0710449e+01
   4.9004680e+06   4.3151855e+01
   4.9078230e+06   5.1330566e+01
   4.9107860e+06   4.1625977e+01
   4.9224790e+06   4.2907715e+01
   4.9474010e+06   4.2236328e+01
   4.9532200e+06   4.1381836e+01
   4.9579620e+06   4.7973633e+01
   4.9670270e+06   4.6936035e+01
   4.9749450e+06   4.7851562e+01
   4.9861520e+06   4.2663574e+01
   5.0263250e+06   4.5593262e+01
   5.0314540e+06   4.3334961e+01
   5.0813330e+06   4.4433594e+01
   5.0844690e+06   4.4067383e+01
   5.0983700e+06   4.5776367e+01
   5.1170010e+06   4.3518066e+01
   5.1216900e+06   4.0771484e+01
   5.1318740e+06   4.0344238e+01
   5.1388710e+06   4.4189453e+01
   5.1414430e+06   4.6875000e+01
   5.1578880e+06   4.8767090e+01
   5.1640640e+06   4.1748047e+01
   5.1657620e+06   4.0588379e+01
   5.1729750e+06   4.2602539e+01
   5.1807200e+06   4.3945312e+01
   5.1923020e+06   4.0222168e+01
   5.2416030e+06   4.2724609e+01
   5.2594790e+06   4.2053223e+01
   5.2673800e+06   4.3457031e+01
   5.2685070e+06   4.3884277e+01
   5.2838020e+06   4.0771484e+01
   5.2887900e+06   4.0588379e+01
   5.2908150e+06   4.6569824e+01
   5.2987500e+06   4.1809082e+01
   5.3086250e+06   4.1320801e+01
   5.3233870e+06   4.0832520e+01
   5.3440750e+06   4.0710449e+01
   5.3459680e+06   4.2724609e+01
   5.3670700e+06   4.2785645e+01
   5.3685850e+06   4.1259766e+01
   5.3886590e+06   4.2114258e+01
   5.4042960e+06   4.1503906e+01
   5.4215900e+06   4.4372559e+01
   5.4354110e+06   4.0222168e+01
   5.4368740e+06   4.4860840e+01
   5.4385510e+06   4.1381836e+01
   5.4649560e+06   4.4006348e+01
   5.4669400e+06   4.1137695e+01
   5.4685220e+06   4.2053223e+01
   5.4945540e+06   4.0954590e+01
   5.5034520e+06   4.3640137e+01
   5.5174590e+06   4.4372559e+01
   5.5425040e+06   4.3334961e+01
   5.5497820e+06   4.1259766e+01
   5.5627220e+06   4.1198730e+01
   5.6068160e+06   4.2053223e+01
   5.6164570e+06   4.4311523e+01
   5.6430680e+06   4.1564941e+01
   5.6555080e+06   4.1748047e+01
   5.6677630e+06   4.0893555e+01
   5.6680370e+06   5.0781250e+01
   5.6681370e+06   7.4707031e+01
   5.6681780e+06   4.2114258e+01
   5.6682760e+06   4.7668457e+01
   5.6683180e+06   4.3029785e+01
   5.6684110e+06   5.7006836e+01
   5.6684890e+06   4.1320801e+01
   5.6685330e+06   5.7861328e+01
   5.6686340e+06   4.2419434e+01
   5.6687440e+06   4.2541504e+01
   5.6705090e+06   4.0222168e+01
   5.6707530e+06   4.4738770e+01
   5.6864520e+06   4.1198730e+01
   5.6869490e+06   4.1137695e+01
   5.6873780e+06   4.6630859e+01
   5.6875250e+06   4.5410156e+01
   5.6878740e+06   4.2236328e+01
   5.6879280e+06   4.4494629e+01
   5.6881200e+06   5.2307129e+01
   5.6928260e+06   4.3090820e+01
   5.6930830e+06   4.1809082e+01
   5.6993170e+06   4.1687012e+01
   5.7017430e+06   4.0222168e+01
   5.7060380e+06   4.8217773e+01
   5.7111850e+06   4.3518066e+01
   5.7125810e+06   4.0405273e+01
   5.7135370e+06   4.2175293e+01
   5.7142200e+06   4.1503906e+01
   5.7152090e+06   4.3457031e+01
   5.7163970e+06   4.3273926e+01
   5.7179020e+06   4.2053223e+01
   5.7191050e+06   5.0598145e+01
   5.7192290e+06   4.4921875e+01
   5.7192700e+06   4.1015625e+01
   5.7195450e+06   4.8889160e+01
   5.7202710e+06   4.2724609e+01
   5.7207180e+06   4.1320801e+01
   5.7340240e+06   4.9621582e+01
   5.7450870e+06   4.3151855e+01
   5.7460260e+06   4.5532227e+01
   5.7470190e+06   4.4494629e+01
   5.7484320e+06   4.2907715e+01
   5.7485200e+06   4.1442871e+01
   5.7489300e+06   6.3293457e+01
   5.7489640e+06   4.5227051e+01
   5.7492780e+06   4.6508789e+01
   5.7520930e+06   4.0893555e+01
   5.7521930e+06   4.0405273e+01
   5.7840290e+06   4.6081543e+01
   5.7847210e+06   4.5227051e+01
   5.7857380e+06   4.3762207e+01
   5.7873520e+06   5.1696777e+01
   5.7886630e+06   5.2734375e+01
   5.7891860e+06   4.1198730e+01
   5.7904670e+06   4.1564941e+01
   5.7912580e+06   4.5654297e+01
   5.8103490e+06   4.0832520e+01
   5.8158580e+06   4.1015625e+01
   5.8194500e+06   4.2236328e+01
   5.8316790e+06   4.0466309e+01
   5.8317760e+06   4.6386719e+01
   5.8318610e+06   4.0710449e+01
   5.8323250e+06   4.3029785e+01
   5.8324220e+06   5.5053711e+01
   5.8327390e+06   4.6936035e+01
   5.8330200e+06   4.8339844e+01
   5.8435780e+06   4.2297363e+01
   5.9509120e+06   4.0466309e+01
   5.9642410e+06   4.7668457e+01
   5.9800640e+06   4.0954590e+01
   6.0481400e+06   4.1870117e+01
   6.0914830e+06   4.0405273e+01
   6.1102030e+06   4.0588379e+01
   6.1497070e+06   4.1503906e+01
   6.1639310e+06   4.0466309e+01
   6.1684330e+06   4.2663574e+01
   6.1798730e+06   4.2724609e+01
   6.1807430e+06   4.2480469e+01
   6.1895860e+06   4.0527344e+01
   6.1956820e+06   4.2846680e+01
   6.2019450e+06   4.0710449e+01
   6.2290980e+06   4.4189453e+01
   6.2310200e+06   4.1931152e+01
   6.2493000e+06   4.1748047e+01
   6.2588490e+06   4.4616699e+01
   6.2784640e+06   4.7912598e+01
   6.3542670e+06   4.3640137e+01
   6.3558710e+06   4.0710449e+01
   6.3594340e+06   4.3212891e+01
   6.3956730e+06   4.0588379e+01
   6.3999120e+06   4.3395996e+01
   6.4269120e+06   4.1992188e+01
   6.4297390e+06   4.0771484e+01
   6.4581470e+06   4.3029785e+01
   6.4583140e+06   5.1574707e+01
   6.4583970e+06   4.5898438e+01
   6.4585700e+06   5.0170898e+01
   6.4586160e+06   4.7790527e+01
   6.4588020e+06   4.0344238e+01
   6.4588550e+06   4.0527344e+01
   6.4590550e+06   5.2612305e+01
   6.4593480e+06   4.2480469e+01
   6.4595710e+06   4.1442871e+01
   6.4601260e+06   4.7729492e+01
   6.4605200e+06   5.0231934e+01
   6.4786870e+06   4.0710449e+01
   6.4793460e+06   5.0659180e+01
   6.4797180e+06   4.1137695e+01
   6.4799370e+06   5.2307129e+01
   6.4801170e+06   4.4128418e+01
   6.4951310e+06   4.2785645e+01
   6.4987210e+06   4.0588379e+01
   6.5074270e+06   4.0222168e+01
   6.5092980e+06   4.8645020e+01
   6.5107780e+06   4.2236328e+01
   6.5111830e+06   4.0710449e+01
   6.5119730e+06   4.0527344e+01
   6.5128070e+06   4.5227051e+01
   6.5136530e+06   4.2175293e+01
   6.5141080e+06   4.0405273e+01
   6.5143490e+06   4.0344238e+01
   6.5160300e+06   4.1320801e+01
   6.5370440e+06   4.0527344e+01
   6.5634110e+06   4.2724609e+01
   6.5703040e+06   4.0649414e+01
   6.5740200e+06   4.0466309e+01
   6.5775180e+06   4.4677734e+01
   6.5804640e+06   4.0466309e+01
   6.6479900e+06   4.0771484e+01
   6.6535610e+06   4.1320801e+01
   6.7025940e+06   4.1137695e+01
   6.7224540e+06   4.3884277e+01
   6.7416390e+06   4.5410156e+01
   6.7432170e+06   4.5043945e+01
   6.8031850e+06   4.3090820e+01
   6.8133390e+06   4.1564941e+01
   6.8272480e+06   4.4189453e+01
   6.8412470e+06   4.4128418e+01
   6.8533820e+06   4.0527344e+01
   6.8672980e+06   4.1137695e+01
   6.8680910e+06   4.1564941e+01
   6.8741240e+06   4.4372559e+01
   6.8974780e+06   4.1748047e+01
   6.9519340e+06   4.2358398e+01
   6.9793150e+06   4.0405273e+01
   6.9942570e+06   4.1320801e+01
   7.0067300e+06   4.0588379e+01
   7.0211220e+06   4.0466309e+01
   7.0244710e+06   4.2785645e+01
   7.0468380e+06   4.2541504e+01
   7.0634640e+06   4.0588379e+01
   7.0647060e+06   4.2785645e+01
   7.0654600e+06   4.5654297e+01
   7.0654860e+06   5.5786133e+01
   7.0655250e+06   6.0852051e+01
   7.0656330e+06   4.3090820e+01
   7.0657810e+06   5.0048828e+01
   7.0657910e+06   6.1035156e+01
   7.0659020e+06   4.9438477e+01
   7.0660440e+06   4.4982910e+01
   7.0660590e+06   4.0588379e+01
   7.0676230e+06   4.4555664e+01
   7.0796690e+06   4.2297363e+01
   7.0866660e+06   4.2236328e+01
   7.0872760e+06   4.1259766e+01
   7.0875490e+06   4.0344238e+01
   7.0883810e+06   4.1076660e+01
   7.0884230e+06   5.8776855e+01
   7.0887280e+06   4.0527344e+01
   7.0891040e+06   4.1076660e+01
   7.0892560e+06   4.3029785e+01
   7.0894650e+06   4.0283203e+01
   7.0896120e+06   4.5288086e+01
   7.0963200e+06   4.2236328e+01
   7.1000020e+06   4.0954590e+01
   7.1022690e+06   4.2175293e+01
   7.1172500e+06   4.6386719e+01
   7.1181190e+06   4.9133301e+01
   7.1188070e+06   4.4372559e+01
   7.1198710e+06   4.6142578e+01
   7.1213770e+06   5.1940918e+01
   7.1343400e+06   4.1015625e+01
   7.1501690e+06   4.1442871e+01
   7.1750870e+06   4.1015625e+01
   7.1835460e+06   5.2368164e+01
   7.1870170e+06   4.0649414e+01
   7.2071850e+06   4.1503906e+01
   7.2304260e+06   4.1992188e+01
   7.2410930e+06   4.2297363e+01
   7.2577540e+06   4.5532227e+01
   7.3040160e+06   4.0405273e+01
   7.3198490e+06   4.2724609e+01
   7.3315480e+06   4.1320801e+01
   7.3576960e+06   4.2053223e+01
   7.3689310e+06   4.4982910e+01
   7.3725420e+06   4.3884277e+01
   7.3857910e+06   4.2663574e+01
   7.3876120e+06   4.1015625e+01
   7.3908070e+06   4.1381836e+01
   7.3939270e+06   4.2053223e+01
   7.3963440e+06   4.1198730e+01
   7.3967390e+06   4.1442871e+01
   7.4044040e+06   4.1503906e+01
   7.4380050e+06   4.3884277e+01
   7.4443010e+06   4.1015625e+01
   7.4470480e+06   4.3640137e+01
   7.4505510e+06   4.2175293e+01
   7.4743070e+06   4.4311523e+01
   7.4745070e+06   4.1748047e+01
   7.4991910e+06   4.2663574e+01
   7.5179900e+06   4.0283203e+01
   7.5210700e+06   4.2968750e+01
   7.5469050e+06   4.2114258e+01
   7.5736450e+06   4.3945313e+01
   7.6057790e+06   4.1687012e+01
   7.6088360e+06   4.3334961e+01
   7.6241890e+06   4.3823242e+01
   7.6335240e+06   4.0283203e+01
   7.6376420e+06   4.1320801e+01
   7.6471900e+06   4.2968750e+01
   7.6705780e+06   4.4982910e+01
   7.6888210e+06   4.4372559e+01
   7.6898480e+06   4.0832520e+01
   7.7207930e+06   4.4860840e+01
   7.7208900e+06   5.7861328e+01
   7.7209210e+06   4.6813965e+01
   7.7209860e+06   6.1096191e+01
   7.7211370e+06   5.0415039e+01
   7.7212410e+06   4.4067383e+01
   7.7213330e+06   4.2785645e+01
   7.7213530e+06   4.0527344e+01
   7.7215520e+06   5.9997559e+01
   7.7218030e+06   5.2246094e+01
   7.7222950e+06   4.1870117e+01
   7.7229770e+06   4.0893555e+01
   7.7428920e+06   4.4677734e+01
   7.7434970e+06   4.4555664e+01
   7.7438370e+06   4.0405273e+01
   7.7438650e+06   4.3090820e+01
   7.7439200e+06   5.0354004e+01
   7.7443180e+06   4.0222168e+01
   7.7443700e+06   4.5471191e+01
   7.7446750e+06   4.4555664e+01
   7.7449100e+06   5.0842285e+01
   7.7451780e+06   4.1687012e+01
   7.7457230e+06   4.3273926e+01
   7.7461030e+06   4.1687012e+01
   7.7485940e+06   4.4982910e+01
   7.7604280e+06   4.8828125e+01
   7.7682240e+06   4.1198730e+01
   7.7692920e+06   4.2846680e+01
   7.7696250e+06   4.0283203e+01
   7.7701350e+06   4.6386719e+01
   7.7703070e+06   4.0893555e+01
   7.7704680e+06   4.6081543e+01
   7.7707660e+06   5.0170898e+01
   7.7708140e+06   4.1259766e+01
   7.7713920e+06   4.2785645e+01
   7.7819570e+06   4.1137695e+01
   7.7883770e+06   4.5959473e+01
   7.7897420e+06   4.1076660e+01
   7.8002400e+06   4.1015625e+01
   7.8424170e+06   4.3518066e+01
   7.8501880e+06   4.0771484e+01
   7.8592530e+06   4.4250488e+01
   7.8717940e+06   4.5471191e+01
   7.8946470e+06   4.2236328e+01
   7.9033740e+06   4.1137695e+01
   7.9234300e+06   4.2236328e+01
   8.0109030e+06   4.0527344e+01
   8.0280140e+06   4.1137695e+01
   8.0852860e+06   4.0283203e+01
   8.0943720e+06   4.2663574e+01
   8.1359940e+06   4.2358398e+01
   8.1482380e+06   4.2724609e+01
   8.1668760e+06   4.1015625e+01
   8.1820130e+06   4.3029785e+01
   8.1838560e+06   4.2297363e+01
   8.2019310e+06   4.2114258e+01
   8.2416950e+06   4.5471191e+01
   8.2553350e+06   4.1137695e+01
   8.2768600e+06   4.0344238e+01
   8.2829600e+06   4.1076660e+01
   8.2947500e+06   4.3273926e+01
   8.3100610e+06   4.6875000e+01
   8.3213670e+06   4.5410156e+01
   8.3375500e+06   4.6081543e+01
   8.3453150e+06   4.8217773e+01
   8.3465890e+06   4.9438477e+01
   8.3552840e+06   4.0466309e+01
   8.3559410e+06   4.9926758e+01
   8.3764710e+06   4.3640137e+01
   8.3795190e+06   4.3212891e+01
   8.3846420e+06   4.4372559e+01
   8.3880470e+06   4.9255371e+01
   8.4068030e+06   4.2114258e+01
   8.4131990e+06   4.0771484e+01
   8.4140060e+06   4.2785645e+01
   8.4146030e+06   4.3273926e+01
   8.4348290e+06   4.2053223e+01
   8.4395350e+06   4.2724609e+01
   8.4528930e+06   4.0649414e+01
   8.4680870e+06   4.1015625e+01
   8.4871020e+06   4.1870117e+01
   8.4930460e+06   4.0710449e+01
   8.5110390e+06   4.1564941e+01
   8.5131470e+06   4.7546387e+01
   8.5140980e+06   4.2114258e+01
   8.5142780e+06   4.0344238e+01
   8.5151880e+06   4.5349121e+01
   8.5180730e+06   4.4311523e+01
   8.5184780e+06   4.1442871e+01
   8.5185670e+06   7.0007324e+01
   8.5187710e+06   4.3518066e+01
   8.5188170e+06   4.7607422e+01
   8.5190230e+06   4.0283203e+01
   8.5190690e+06   4.2419434e+01
   8.5192790e+06   4.8339844e+01
   8.5193350e+06   4.2907715e+01
   8.5195010e+06   4.4738770e+01
   8.5198000e+06   4.3640137e+01
   8.5343240e+06   4.1687012e+01
   8.5412430e+06   4.0771484e+01
   8.5413970e+06   4.8278809e+01
   8.5417060e+06   4.3334961e+01
   8.5417210e+06   4.3395996e+01
   8.5418780e+06   5.1147461e+01
   8.5419010e+06   5.1940918e+01
   8.5423370e+06   4.2907715e+01
   8.5426620e+06   4.4067383e+01
   8.5429060e+06   4.4433594e+01
   8.5432720e+06   4.1259766e+01
   8.5441740e+06   4.1687012e+01
   8.5567370e+06   4.4250488e+01
   8.5575620e+06   4.4982910e+01
   8.5614940e+06   4.1503906e+01
   8.5621020e+06   4.1503906e+01
   8.5625710e+06   4.3640137e+01
   8.5626130e+06   4.3029785e+01
   8.5633370e+06   4.2297363e+01
   8.5634150e+06   5.5419922e+01
   8.5645490e+06   4.3884277e+01
   8.5655320e+06   4.6447754e+01
   8.5664810e+06   4.0527344e+01
   8.5751370e+06   4.1442871e+01
   8.5841680e+06   4.1015625e+01
   8.5858440e+06   4.0893555e+01
   8.5895530e+06   4.7668457e+01
   8.5895740e+06   4.5471191e+01
   8.5917770e+06   4.6630859e+01
   8.5922270e+06   4.3212891e+01
   8.5926640e+06   4.6569824e+01
   8.5933610e+06   4.4311523e+01
   8.5936450e+06   4.4982910e+01
   8.5943160e+06   4.6813965e+01
   8.5952460e+06   4.2907715e+01
   8.6025390e+06   4.5349121e+01
   8.6276020e+06   4.9438477e+01
   8.6288590e+06   5.3344727e+01
   8.6288980e+06   4.6325684e+01
   8.6294270e+06   4.8767090e+01
   8.6296280e+06   4.4311523e+01
   8.6298310e+06   4.0649414e+01
   8.6299830e+06   4.8767090e+01
   8.6307170e+06   4.3945312e+01
   8.6386460e+06   4.6936035e+01
   8.6880610e+06   4.1564941e+01
   8.7419170e+06   4.3273926e+01
   8.7618650e+06   4.2663574e+01
   8.7768400e+06   4.2846680e+01
   8.7830770e+06   4.3334961e+01
   8.7937330e+06   4.0893555e+01
   8.7956290e+06   4.2968750e+01
   8.8075400e+06   4.0283203e+01
   8.8178340e+06   4.2297363e+01
   8.8247730e+06   4.1809082e+01
   8.8434670e+06   4.0283203e+01
   8.8500570e+06   4.7180176e+01
   8.8541180e+06   4.1748047e+01
   8.8670270e+06   4.1259766e+01
   8.8795220e+06   4.2175293e+01
   8.8892400e+06   4.9926758e+01
   8.8925040e+06   4.1137695e+01
   8.8973550e+06   4.1687012e+01
   8.9536680e+06   4.2297363e+01
   8.9606660e+06   4.2480469e+01
   8.9621510e+06   4.1015625e+01
   8.9941450e+06   4.6142578e+01
   8.9948720e+06   4.2358398e+01
