   8.9990000e+06   0.0000000e+00
   1.8159000e+04   3.9367676e+01
   2.7105000e+04   3.8879395e+01
   2.7528000e+04   4.4433594e+01
   3.9169000e+04   4.7424316e+01
   3.9234000e+04   3.8757324e+01
   3.9453000e+04   4.5532227e+01
   3.9509000e+04   4.0893555e+01
   3.9534000e+04   3.9794922e+01
   3.9613000e+04   3.9306641e+01
   3.9668000e+04   4.4128418e+01
   3.9700000e+04   5.6579590e+01
   3.9856000e+04   4.8217773e+01
   3.9991000e+04   4.0771484e+01
   4.0013000e+04   3.9245605e+01
   4.0054000e+04   4.4494629e+01
   4.0128000e+04   4.2175293e+01
   4.0200000e+04   4.1076660e+01
   4.0312000e+04   4.2053223e+01
   4.0691000e+04   4.2236328e+01
   4.0794000e+04   3.8635254e+01
   4.1013000e+04   5.2124023e+01
   4.1048000e+04   4.3273926e+01
   4.1616000e+04   4.3884277e+01
   4.1626000e+04   4.3884277e+01
   5.3546000e+04   5.3710938e+01
   5.4856000e+04   4.7912598e+01
   5.5183000e+04   3.8818359e+01
   5.5519000e+04   4.3701172e+01
   6.2132000e+04   3.8635254e+01
   6.7739000e+04   4.0588379e+01
   6.7905000e+04   3.8635254e+01
   6.8062000e+04   3.9550781e+01
   6.8128000e+04   4.1076660e+01
   6.8384000e+04   4.0222168e+01
   6.8807000e+04   4.2907715e+01
   6.8836000e+04   4.4372559e+01
   6.8881000e+04   4.2846680e+01
   7.1608000e+04   3.9123535e+01
   7.5073000e+04   3.8757324e+01
   8.5729000e+04   3.9306641e+01
   9.1623000e+04   3.8940430e+01
   1.0052300e+05   4.1503906e+01
   1.0491600e+05   4.1809082e+01
   1.0605200e+05   4.0405273e+01
   1.0698100e+05   4.3518066e+01
   1.1050900e+05   4.6447754e+01
   1.2208900e+05   4.2236328e+01
   1.2622800e+05   4.1625977e+01
   1.2855600e+05   4.7363281e+01
   1.2963600e+05   4.0283203e+01
   1.3118500e+05   4.2297363e+01
   1.4083500e+05   3.9794922e+01
   1.4447500e+05   5.2551270e+01
   1.4454000e+05   4.1320801e+01
   1.5561400e+05   4.0466309e+01
   1.5678100e+05   3.9306641e+01
   1.5710200e+05   3.9245605e+01
   1.7370000e+05   4.8278809e+01
   1.7479300e+05   3.9062500e+01
   1.7797000e+05   4.3762207e+01
   1.8705400e+05   4.1564941e+01
   1.9494200e+05   3.9794922e+01
   1.9531900e+05   4.5532227e+01
   1.9708900e+05   4.1198730e+01
   1.9882700e+05   4.1259766e+01
   1.9960900e+05   4.2114258e+01
   2.1100300e+05   4.0161133e+01
   2.2274400e+05   4.0344238e+01
   2.2802800e+05   3.9550781e+01
   2.3310800e+05   5.9692383e+01
   2.4926800e+05   4.0527344e+01
   2.5513400e+05   3.9672852e+01
   2.5696700e+05   4.2602539e+01
   2.5911500e+05   4.0161133e+01
   2.6222900e+05   4.1809082e+01
   2.6886600e+05   4.0832520e+01
   2.7338400e+05   4.1992188e+01
   2.8222000e+05   4.3090820e+01
   2.9056000e+05   4.4616699e+01
   2.9492100e+05   4.2053223e+01
   2.9906800e+05   4.5471191e+01
   3.0576600e+05   4.0466309e+01
   3.1206700e+05   4.1992188e+01
   3.2279700e+05   3.9245605e+01
   3.2681800e+05   4.3701172e+01
   3.2964100e+05   4.0100098e+01
   3.3219900e+05   3.8635254e+01
   3.4020700e+05   4.2785645e+01
   3.4649100e+05   3.9550781e+01
   3.5594800e+05   4.1931152e+01
   3.5925000e+05   4.0893555e+01
   3.6548200e+05   4.4067383e+01
   3.6721300e+05   4.5532227e+01
   3.6790800e+05   4.4799805e+01
   3.6850200e+05   3.9978027e+01
   3.7054500e+05   3.9733887e+01
   3.7382400e+05   4.8583984e+01
   3.7839300e+05   4.2114258e+01
   3.8165400e+05   4.3518066e+01
   3.8320500e+05   4.4982910e+01
   3.8592600e+05   4.3334961e+01
   3.8753100e+05   4.2663574e+01
   3.8851600e+05   3.8879395e+01
   3.9573300e+05   4.4250488e+01
   3.9948700e+05   5.3955078e+01
   3.9978800e+05   4.4677734e+01
   4.0072800e+05   4.4433594e+01
   4.0205900e+05   4.3579102e+01
   4.0661200e+05   4.1931152e+01
   4.0735200e+05   3.9611816e+01
   4.1227500e+05   3.8696289e+01
   4.1851100e+05   3.9062500e+01
   4.1958300e+05   4.1870117e+01
   4.2725100e+05   4.0832520e+01
   4.3249800e+05   4.0832520e+01
   4.3759200e+05   4.5532227e+01
   4.5826100e+05   4.2297363e+01
   4.6898900e+05   3.9855957e+01
   4.7624100e+05   4.2968750e+01
   4.8291800e+05   4.3151855e+01
   4.9348300e+05   4.4372559e+01
   4.9683200e+05   4.1198730e+01
   5.0674100e+05   3.9550781e+01
   5.1943800e+05   4.2846680e+01
   5.3154700e+05   4.9438477e+01
   5.3785800e+05   3.8940430e+01
   5.5010600e+05   4.6020508e+01
   5.5485700e+05   4.2663574e+01
   5.6018100e+05   4.4494629e+01
   5.6493800e+05   3.9489746e+01
   5.6884900e+05   3.9733887e+01
   5.7324400e+05   4.2358398e+01
   5.7502400e+05   3.9550781e+01
   5.7840900e+05   4.2358398e+01
   5.8404400e+05   4.3212891e+01
   5.8974300e+05   3.8879395e+01
   5.9608500e+05   3.9184570e+01
   5.9944700e+05   3.9489746e+01
   6.0261200e+05   4.0161133e+01
   6.1188500e+05   4.4433594e+01
   6.1207800e+05   4.3945312e+01
   6.1455100e+05   4.2053223e+01
   6.1918800e+05   4.2968750e+01
   6.2335200e+05   4.5898438e+01
   6.3354000e+05   3.9306641e+01
   6.4041800e+05   4.3273926e+01
   6.4086400e+05   4.2480469e+01
   6.4095700e+05   3.9245605e+01
   6.4099400e+05   4.7851562e+01
   6.4115900e+05   4.2907715e+01
   6.4131300e+05   4.0710449e+01
   6.4141200e+05   4.7424316e+01
   6.4144400e+05   3.8818359e+01
   6.4171300e+05   5.0354004e+01
   6.4178200e+05   5.0476074e+01
   6.4181000e+05   4.0222168e+01
   6.4195800e+05   4.6630859e+01
   6.4198800e+05   3.9916992e+01
   6.4202800e+05   3.9062500e+01
   6.4226500e+05   4.9011230e+01
   6.4288000e+05   4.7668457e+01
   6.4326700e+05   3.8818359e+01
   6.4347300e+05   4.0649414e+01
   6.6321800e+05   3.9123535e+01
   6.6380600e+05   3.9855957e+01
   6.6798900e+05   3.9123535e+01
   6.6811400e+05   4.2419434e+01
   6.6865300e+05   4.1198730e+01
   6.6868200e+05   4.2846680e+01
   6.6904600e+05   4.4921875e+01
   6.6932400e+05   4.0710449e+01
   6.6983200e+05   3.8635254e+01
   6.7001500e+05   4.8522949e+01
   6.7015800e+05   3.9184570e+01
   6.7019300e+05   3.8757324e+01
   6.7046100e+05   4.4189453e+01
   6.7086700e+05   4.2663574e+01
   6.8094800e+05   3.8757324e+01
   6.8319200e+05   4.2358398e+01
   6.8606600e+05   3.9062500e+01
   6.9465000e+05   4.2663574e+01
   6.9998100e+05   3.9428711e+01
   7.0631700e+05   4.4189453e+01
   7.1056700e+05   4.0405273e+01
   7.1190900e+05   4.1381836e+01
   7.1301700e+05   4.5349121e+01
   7.1362300e+05   4.3823242e+01
   7.4635700e+05   4.2846680e+01
   7.4858900e+05   3.9978027e+01
   7.4900600e+05   4.1137695e+01
   7.4996900e+05   4.3579102e+01
   7.5255300e+05   4.0771484e+01
   7.5312800e+05   3.9733887e+01
   7.5342000e+05   4.0710449e+01
   7.5582900e+05   3.9855957e+01
   7.7059000e+05   3.9611816e+01
   7.7142700e+05   4.0100098e+01
   7.7187700e+05   4.0100098e+01
   7.9076200e+05   4.0100098e+01
   7.9614500e+05   3.8757324e+01
   7.9769100e+05   3.8757324e+01
   8.1662700e+05   4.0283203e+01
   8.2502500e+05   3.9367676e+01
   8.2807600e+05   3.9123535e+01
   8.3244200e+05   4.0588379e+01
   8.4859200e+05   5.4199219e+01
   8.5233300e+05   4.6386719e+01
   8.7584100e+05   4.8339844e+01
   8.8849500e+05   3.8696289e+01
   8.8893000e+05   3.9916992e+01
   8.9489900e+05   3.9794922e+01
   8.9676600e+05   3.9367676e+01
   9.0436600e+05   4.2541504e+01
   9.0843400e+05   4.1137695e+01
   9.1673400e+05   4.2236328e+01
   9.2350800e+05   3.9489746e+01
   9.2540600e+05   4.0649414e+01
   9.2817400e+05   4.3579102e+01
   9.3028800e+05   3.9672852e+01
   9.3993500e+05   3.9367676e+01
   9.4671700e+05   3.8696289e+01
   9.5489700e+05   3.9916992e+01
   9.6591900e+05   4.0405273e+01
   9.7531200e+05   4.1687012e+01
   9.8075400e+05   3.9672852e+01
   9.9235300e+05   4.1015625e+01
   9.9729800e+05   4.6508789e+01
   1.0050590e+06   4.3640137e+01
   1.0097970e+06   4.4006348e+01
   1.0150450e+06   5.6030273e+01
   1.0234080e+06   5.3588867e+01
   1.0248540e+06   4.1870117e+01
   1.0335890e+06   4.0161133e+01
   1.0356810e+06   4.3334961e+01
   1.0471550e+06   4.6691895e+01
   1.0546660e+06   4.0710449e+01
   1.0631630e+06   4.1992188e+01
   1.0715880e+06   4.9072266e+01
   1.1072830e+06   4.0466309e+01
   1.1114940e+06   3.9611816e+01
   1.1182290e+06   3.8818359e+01
   1.1243280e+06   4.0649414e+01
   1.1299270e+06   4.1259766e+01
   1.1372360e+06   4.8400879e+01
   1.1512430e+06   4.0344238e+01
   1.1580900e+06   4.2602539e+01
   1.1632540e+06   3.8879395e+01
   1.1641780e+06   4.0954590e+01
   1.1707640e+06   4.1625977e+01
   1.1752840e+06   4.0405273e+01
   1.1788920e+06   4.2968750e+01
   1.1849580e+06   4.2175293e+01
   1.1882830e+06   3.9123535e+01
   1.1885760e+06   3.9794922e+01
   1.1983490e+06   4.4982910e+01
   1.2082760e+06   4.2175293e+01
   1.2158860e+06   3.9855957e+01
   1.2201590e+06   4.2114258e+01
   1.2240170e+06   3.9733887e+01
   1.2325760e+06   4.6203613e+01
   1.2337870e+06   4.2907715e+01
   1.2359560e+06   4.5288086e+01
   1.2501210e+06   3.8635254e+01
   1.2511950e+06   4.2846680e+01
   1.2535690e+06   4.1809082e+01
   1.2550050e+06   4.2785645e+01
   1.2592380e+06   3.9855957e+01
   1.2664910e+06   3.9245605e+01
   1.2727130e+06   3.9733887e+01
   1.2890190e+06   3.9733887e+01
   1.2991530e+06   4.1381836e+01
   1.3053550e+06   5.4931641e+01
   1.3056600e+06   4.1320801e+01
   1.3078860e+06   3.9245605e+01
   1.3104380e+06   4.6142578e+01
   1.3160430e+06   5.1879883e+01
   1.3273280e+06   4.2724609e+01
   1.3424070e+06   4.1748047e+01
   1.3433740e+06   4.4616699e+01
   1.3461230e+06   4.0588379e+01
   1.3499010e+06   4.2419434e+01
   1.3538410e+06   4.6997070e+01
   1.3559210e+06   4.0222168e+01
   1.3564130e+06   4.3945313e+01
   1.3684100e+06   3.8696289e+01
   1.3793800e+06   4.6691895e+01
   1.3956670e+06   4.1015625e+01
   1.4059760e+06   3.9672852e+01
   1.4060350e+06   3.9245605e+01
   1.4062420e+06   4.9865723e+01
   1.4062600e+06   4.4738770e+01
   1.4063270e+06   4.9255371e+01
   1.4063660e+06   4.5715332e+01
   1.4063960e+06   3.9062500e+01
   1.4064980e+06   4.5104980e+01
   1.4066340e+06   6.2438965e+01
   1.4066500e+06   5.3771973e+01
   1.4066850e+06   4.5471191e+01
   1.4067510e+06   3.9245605e+01
   1.4068020e+06   4.1625977e+01
   1.4069340e+06   4.0771484e+01
   1.4070170e+06   4.5471191e+01
   1.4070570e+06   4.5776367e+01
   1.4070950e+06   4.0832520e+01
   1.4072060e+06   4.4311523e+01
   1.4074380e+06   5.5297852e+01
   1.4074530e+06   3.8635254e+01
   1.4077980e+06   4.2114258e+01
   1.4078350e+06   4.2175293e+01
   1.4080410e+06   3.8696289e+01
   1.4081010e+06   4.7729492e+01
   1.4084000e+06   4.1198730e+01
   1.4105530e+06   3.8818359e+01
   1.4189450e+06   3.9184570e+01
   1.4208600e+06   4.1625977e+01
   1.4269260e+06   4.3151855e+01
   1.4282660e+06   5.5786133e+01
   1.4286460e+06   4.4006348e+01
   1.4288780e+06   4.1870117e+01
   1.4292820e+06   3.9306641e+01
   1.4300750e+06   4.0344238e+01
   1.4347180e+06   4.0344238e+01
   1.4485770e+06   3.9001465e+01
   1.4487010e+06   4.3945313e+01
   1.4541140e+06   4.2602539e+01
   1.4592770e+06   4.2602539e+01
   1.4593950e+06   4.0100098e+01
   1.4604160e+06   3.9489746e+01
   1.4699840e+06   3.8879395e+01
   1.4850670e+06   4.0100098e+01
   1.4906030e+06   4.0100098e+01
   1.4938030e+06   6.0302734e+01
   1.4950180e+06   4.0771484e+01
   1.4954600e+06   4.2541504e+01
   1.4957920e+06   4.0405273e+01
   1.4972840e+06   3.9733887e+01
   1.5201450e+06   5.6091309e+01
   1.5318930e+06   4.4616699e+01
   1.5384450e+06   4.4738770e+01
   1.5552570e+06   3.9184570e+01
   1.5605430e+06   4.3273926e+01
   1.5757390e+06   4.0344238e+01
   1.6011270e+06   4.1137695e+01
   1.6112490e+06   3.9428711e+01
   1.6148680e+06   4.4982910e+01
   1.6195000e+06   3.9611816e+01
   1.6201190e+06   3.9001465e+01
   1.6364700e+06   4.2846680e+01
   1.6385130e+06   4.1381836e+01
   1.6396510e+06   3.9916992e+01
   1.6409180e+06   4.6691895e+01
   1.6427860e+06   3.8696289e+01
   1.6475760e+06   4.7607422e+01
   1.6536760e+06   5.1330566e+01
   1.6574300e+06   3.9794922e+01
   1.6589440e+06   4.0344238e+01
   1.6768440e+06   3.9428711e+01
   1.6771320e+06   4.8339844e+01
   1.6870640e+06   4.0405273e+01
   1.6934450e+06   4.2907715e+01
   1.7055560e+06   3.8818359e+01
   1.7166470e+06   4.3701172e+01
   1.7232670e+06   4.0649414e+01
   1.7322860e+06   4.4372559e+01
   1.7369980e+06   3.9306641e+01
   1.7417030e+06   4.1870117e+01
   1.7458560e+06   4.7058105e+01
   1.7464090e+06   3.9672852e+01
   1.7528430e+06   4.3273926e+01
   1.7639270e+06   4.1748047e+01
   1.7701310e+06   4.0954590e+01
   1.7753910e+06   3.9916992e+01
   1.7768640e+06   4.0527344e+01
   1.7780290e+06   4.6203613e+01
   1.7869660e+06   3.9489746e+01
   1.7905910e+06   4.0283203e+01
   1.7946470e+06   4.2602539e+01
   1.8010290e+06   5.2490234e+01
   1.8029110e+06   4.6630859e+01
   1.8078190e+06   5.2368164e+01
   1.8106000e+06   4.1381836e+01
   1.8301240e+06   3.8879395e+01
   1.8346950e+06   4.0222168e+01
   1.8386720e+06   4.6325684e+01
   1.8391460e+06   4.1320801e+01
   1.8404090e+06   3.8879395e+01
   1.8450350e+06   4.0588379e+01
   1.8457580e+06   3.9062500e+01
   1.8701190e+06   3.9184570e+01
   1.8778260e+06   4.2480469e+01
   1.8783470e+06   4.4372559e+01
   1.8814160e+06   4.1320801e+01
   1.8816090e+06   4.5166016e+01
   1.8897560e+06   4.1076660e+01
   1.8950420e+06   4.6569824e+01
   1.8992150e+06   4.1992188e+01
   1.9002060e+06   4.0710449e+01
   1.9045800e+06   4.1748047e+01
   1.9176050e+06   4.4799805e+01
   1.9249010e+06   4.6936035e+01
   1.9255440e+06   4.6447754e+01
   1.9340180e+06   3.9245605e+01
   1.9413530e+06   4.2602539e+01
   1.9497080e+06   4.0222168e+01
   1.9499830e+06   4.8034668e+01
   1.9562340e+06   4.5959473e+01
   1.9587850e+06   4.2541504e+01
   1.9639340e+06   4.1198730e+01
   1.9649060e+06   3.9550781e+01
   1.9695020e+06   3.9916992e+01
   1.9708080e+06   4.3029785e+01
   1.9785440e+06   4.0954590e+01
   1.9875740e+06   4.6142578e+01
   1.9917670e+06   3.9733887e+01
   1.9949160e+06   3.8696289e+01
   1.9968850e+06   4.1625977e+01
   1.9989090e+06   3.9611816e+01
   2.0025090e+06   4.2114258e+01
   2.0027650e+06   4.3701172e+01
   2.0059390e+06   4.4189453e+01
   2.0073750e+06   4.1992188e+01
   2.0081410e+06   3.9428711e+01
   2.0099610e+06   4.2053223e+01
   2.0166850e+06   3.9062500e+01
   2.0183290e+06   3.9001465e+01
   2.0252440e+06   4.0710449e+01
   2.0327870e+06   4.1259766e+01
   2.0394120e+06   4.1198730e+01
   2.0502970e+06   4.5715332e+01
   2.0538880e+06   3.9550781e+01
   2.0588540e+06   4.2907715e+01
   2.0702620e+06   4.1564941e+01
   2.0741380e+06   4.3457031e+01
   2.0762440e+06   3.9489746e+01
   2.0787150e+06   4.1076660e+01
   2.0880180e+06   4.3640137e+01
   2.0923100e+06   4.1259766e+01
   2.0959500e+06   4.6020508e+01
   2.1012470e+06   4.0588379e+01
   2.1097230e+06   4.4738770e+01
   2.1180690e+06   4.3701172e+01
   2.1225230e+06   4.2175293e+01
   2.1276430e+06   3.9672852e+01
   2.1295080e+06   4.0527344e+01
   2.1332420e+06   3.9001465e+01
   2.1379280e+06   4.0649414e+01
   2.1412140e+06   6.1279297e+01
   2.1412490e+06   4.8095703e+01
   2.1414030e+06   4.6203613e+01
   2.1414270e+06   3.8940430e+01
   2.1414440e+06   4.2175293e+01
   2.1414950e+06   5.0292969e+01
   2.1415270e+06   4.7058105e+01
   2.1415540e+06   4.5898438e+01
   2.1416740e+06   4.6447754e+01
   2.1417100e+06   4.9560547e+01
   2.1417550e+06   3.9062500e+01
   2.1417820e+06   4.0893555e+01
   2.1418370e+06   3.9123535e+01
   2.1418840e+06   4.2968750e+01
   2.1419070e+06   4.9316406e+01
   2.1419640e+06   4.4250488e+01
   2.1420290e+06   4.1259766e+01
   2.1420920e+06   6.4392090e+01
   2.1422560e+06   4.6081543e+01
   2.1423270e+06   4.3334961e+01
   2.1424600e+06   6.7321777e+01
   2.1427650e+06   4.4006348e+01
   2.1428770e+06   4.7424316e+01
   2.1430180e+06   4.6142578e+01
   2.1431560e+06   4.8278809e+01
   2.1432000e+06   3.9611816e+01
   2.1439950e+06   4.3212891e+01
   2.1443170e+06   4.2297363e+01
   2.1566230e+06   4.5654297e+01
   2.1598780e+06   3.9550781e+01
   2.1614870e+06   3.8757324e+01
   2.1621230e+06   3.8635254e+01
   2.1621510e+06   4.0588379e+01
   2.1627150e+06   5.0231934e+01
   2.1631980e+06   4.6325684e+01
   2.1636740e+06   4.1809082e+01
   2.1639050e+06   4.1992188e+01
   2.1640440e+06   3.8696289e+01
   2.1642370e+06   4.0222168e+01
   2.1774840e+06   4.1442871e+01
   2.1785870e+06   4.2480469e+01
   2.1845480e+06   3.9550781e+01
   2.1911040e+06   4.4189453e+01
   2.1917580e+06   4.0588379e+01
   2.1948190e+06   4.5227051e+01
   2.2183750e+06   4.2236328e+01
   2.2249840e+06   4.1198730e+01
   2.2254800e+06   4.6020508e+01
   2.2257500e+06   4.2419434e+01
   2.2262220e+06   4.6508789e+01
   2.2263210e+06   3.9428711e+01
   2.2270360e+06   4.0161133e+01
   2.2278340e+06   4.1748047e+01
   2.2278910e+06   4.3334961e+01
   2.2306470e+06   3.9428711e+01
   2.2560380e+06   4.1198730e+01
   2.2630570e+06   4.5776367e+01
   2.2660210e+06   4.4250488e+01
   2.2694130e+06   4.4372559e+01
   2.2707330e+06   4.8583984e+01
   2.2709800e+06   3.8940430e+01
   2.2712080e+06   4.1198730e+01
   2.2713030e+06   4.0344238e+01
   2.2718830e+06   3.8757324e+01
   2.2722290e+06   3.9306641e+01
   2.2724210e+06   3.9306641e+01
   2.2725530e+06   4.2419434e+01
   2.2728080e+06   4.3518066e+01
   2.2728490e+06   4.6691895e+01
   2.2731130e+06   4.0344238e+01
   2.2739580e+06   3.8818359e+01
   2.2742670e+06   4.6447754e+01
   2.2786780e+06   4.2846680e+01
   2.2815620e+06   3.9245605e+01
   2.2868900e+06   3.8940430e+01
   2.2924310e+06   4.4677734e+01
   2.2931820e+06   3.9672852e+01
   2.2937390e+06   4.2358398e+01
   2.2947370e+06   4.2175293e+01
   2.2965100e+06   3.8635254e+01
   2.2987940e+06   3.9794922e+01
   2.3038020e+06   3.9062500e+01
   2.3045800e+06   3.9489746e+01
   2.3068110e+06   4.0039062e+01
   2.3134900e+06   4.0466309e+01
   2.3172600e+06   4.1503906e+01
   2.3176310e+06   3.9611816e+01
   2.3179780e+06   4.0649414e+01
   2.3185080e+06   4.0588379e+01
   2.3243810e+06   4.0466309e+01
   2.3735230e+06   4.0710449e+01
   2.4000080e+06   4.3640137e+01
   2.4123690e+06   4.2724609e+01
   2.4204220e+06   4.1931152e+01
   2.4324270e+06   3.8696289e+01
   2.4369270e+06   3.8635254e+01
   2.4533970e+06   4.1625977e+01
   2.4557870e+06   4.0100098e+01
   2.4614430e+06   3.9672852e+01
   2.4687470e+06   4.2114258e+01
   2.4705440e+06   4.6936035e+01
   2.4718600e+06   3.9062500e+01
   2.4759180e+06   3.9062500e+01
   2.4845940e+06   4.6447754e+01
   2.4881140e+06   4.4738770e+01
   2.4958530e+06   5.3833008e+01
   2.4968740e+06   3.9550781e+01
   2.5132820e+06   4.1076660e+01
   2.5186550e+06   4.2175293e+01
   2.5226800e+06   3.8696289e+01
   2.5265370e+06   4.0710449e+01
   2.5349150e+06   4.0161133e+01
   2.5453220e+06   4.5166016e+01
   2.5501900e+06   4.0222168e+01
   2.5514870e+06   4.0283203e+01
   2.5588850e+06   4.0588379e+01
   2.5601310e+06   3.9306641e+01
   2.5651210e+06   3.9916992e+01
   2.5702640e+06   4.1625977e+01
   2.5720360e+06   4.0161133e+01
   2.5759080e+06   4.2236328e+01
   2.5809750e+06   4.3945312e+01
   2.5886570e+06   4.4189453e+01
   2.5956580e+06   4.8767090e+01
   2.6113860e+06   4.6142578e+01
   2.6172120e+06   5.5358887e+01
   2.6257420e+06   4.7302246e+01
   2.6293020e+06   3.9001465e+01
   2.6301650e+06   3.9428711e+01
   2.6318940e+06   3.9978027e+01
   2.6380360e+06   3.9062500e+01
   2.6431910e+06   4.0771484e+01
   2.6518350e+06   4.3273926e+01
   2.6578640e+06   4.4921875e+01
   2.6671930e+06   4.5227051e+01
   2.6695670e+06   4.0832520e+01
   2.6882620e+06   4.1259766e+01
   2.7061590e+06   4.2175293e+01
   2.7102240e+06   4.7607422e+01
   2.7110750e+06   4.3823242e+01
   2.7150650e+06   4.7973633e+01
   2.7167160e+06   4.5898438e+01
   2.7172950e+06   4.2175293e+01
   2.7185150e+06   5.1208496e+01
   2.7268320e+06   4.1687012e+01
   2.7272150e+06   4.0344238e+01
   2.7279220e+06   3.9733887e+01
   2.7291980e+06   3.9855957e+01
   2.7498430e+06   4.0832520e+01
   2.7542520e+06   4.3945312e+01
   2.7552750e+06   4.2602539e+01
   2.7560710e+06   4.5593262e+01
   2.7736360e+06   4.2358398e+01
   2.7753770e+06   3.9306641e+01
   2.7781620e+06   4.1198730e+01
   2.7836820e+06   3.9062500e+01
   2.7837340e+06   3.9672852e+01
   2.7910440e+06   4.6447754e+01
   2.8264870e+06   3.9550781e+01
   2.8334190e+06   3.9367676e+01
   2.8555700e+06   4.3273926e+01
   2.8645700e+06   4.5043945e+01
   2.8790160e+06   3.8757324e+01
   2.8850970e+06   4.4799805e+01
   2.8942760e+06   4.0161133e+01
   2.8987890e+06   4.0649414e+01
   2.9001830e+06   4.3823242e+01
   2.9051630e+06   4.2968750e+01
   2.9056610e+06   5.2001953e+01
   2.9070480e+06   4.1137695e+01
   2.9127260e+06   4.7668457e+01
   2.9142840e+06   4.1259766e+01
   2.9180190e+06   4.3029785e+01
   2.9276720e+06   3.8818359e+01
   2.9304730e+06   4.5593262e+01
   2.9325760e+06   4.0039062e+01
   2.9403030e+06   3.8940430e+01
   2.9482960e+06   3.9733887e+01
   2.9493370e+06   4.1259766e+01
   2.9547920e+06   3.9184570e+01
   2.9549880e+06   4.7241211e+01
   2.9639080e+06   4.2175293e+01
   2.9686810e+06   4.5104980e+01
   2.9689270e+06   3.9672852e+01
   2.9736450e+06   3.8940430e+01
   2.9772270e+06   4.4982910e+01
   2.9839020e+06   4.3884277e+01
   2.9885680e+06   4.2175293e+01
   2.9908940e+06   3.8879395e+01
   2.9918220e+06   4.0710449e+01
   2.9920410e+06   4.1503906e+01
   2.9946170e+06   4.0222168e+01
   2.9962620e+06   4.4250488e+01
   2.9992390e+06   4.5898438e+01
   3.0003440e+06   4.8583984e+01
   3.0037690e+06   4.4006348e+01
   3.0051700e+06   3.9794922e+01
   3.0120780e+06   4.2236328e+01
   3.0183130e+06   4.9133301e+01
   3.0202230e+06   4.4799805e+01
   3.0244430e+06   4.0344238e+01
   3.0245360e+06   4.3701172e+01
   3.0247570e+06   3.9245605e+01
   3.0247900e+06   3.9001465e+01
   3.0249120e+06   4.6264648e+01
   3.0250140e+06   6.6223145e+01
   3.0250920e+06   4.2419434e+01
   3.0251380e+06   3.8696289e+01
   3.0251600e+06   4.2175293e+01
   3.0252440e+06   5.3588867e+01
   3.0252920e+06   3.9489746e+01
   3.0253680e+06   5.0842285e+01
   3.0254030e+06   5.2307129e+01
   3.0254560e+06   4.5043945e+01
   3.0254750e+06   4.3945312e+01
   3.0256080e+06   4.0100098e+01
   3.0256430e+06   4.4250488e+01
   3.0257230e+06   4.8645020e+01
   3.0257530e+06   4.5410156e+01
   3.0257880e+06   7.0739746e+01
   3.0258150e+06   4.9377441e+01
   3.0258350e+06   4.0832520e+01
   3.0262220e+06   3.9123535e+01
   3.0266590e+06   3.9794922e+01
   3.0270930e+06   4.0283203e+01
   3.0278040e+06   4.3762207e+01
   3.0387350e+06   4.0527344e+01
   3.0459100e+06   4.2602539e+01
   3.0461680e+06   4.2541504e+01
   3.0466690e+06   3.8635254e+01
   3.0469050e+06   4.1198730e+01
   3.0471000e+06   4.0954590e+01
   3.0473510e+06   4.1442871e+01
   3.0474530e+06   3.9489746e+01
   3.0479750e+06   4.7607422e+01
   3.0482310e+06   3.9428711e+01
   3.0485610e+06   4.2663574e+01
   3.0492180e+06   3.8818359e+01
   3.0496900e+06   3.8757324e+01
   3.0633460e+06   3.8818359e+01
   3.0655790e+06   3.9672852e+01
   3.0664620e+06   3.8879395e+01
   3.0667270e+06   3.9489746e+01
   3.0676280e+06   4.1992188e+01
   3.0677950e+06   4.1625977e+01
   3.0678480e+06   3.9794922e+01
   3.0707440e+06   3.8940430e+01
   3.0722280e+06   3.9184570e+01
   3.0752650e+06   4.0588379e+01
   3.0761220e+06   3.9123535e+01
   3.0779310e+06   4.1503906e+01
   3.0934100e+06   4.0832520e+01
   3.1098490e+06   5.3039551e+01
   3.1100010e+06   4.1198730e+01
   3.1101530e+06   3.8940430e+01
   3.1107040e+06   4.7607422e+01
   3.1108270e+06   3.9794922e+01
   3.1133210e+06   3.9489746e+01
   3.1145370e+06   4.1992188e+01
   3.1149370e+06   4.9926758e+01
   3.1155410e+06   3.9550781e+01
   3.1170880e+06   4.3518066e+01
   3.1221950e+06   3.8757324e+01
   3.1231810e+06   3.9489746e+01
   3.1290930e+06   4.3457031e+01
   3.1351470e+06   5.2551270e+01
   3.1393380e+06   3.8696289e+01
   3.1453370e+06   4.2236328e+01
   3.1474430e+06   4.1076660e+01
   3.1488940e+06   3.9489746e+01
   3.1515460e+06   4.0405273e+01
   3.1542620e+06   4.1564941e+01
   3.1569380e+06   4.1564941e+01
   3.1580410e+06   4.0832520e+01
   3.1619200e+06   4.0954590e+01
   3.1909890e+06   5.0109863e+01
   3.2151820e+06   4.4006348e+01
   3.2194640e+06   4.3457031e+01
   3.2274990e+06   3.9611816e+01
   3.2341540e+06   3.9428711e+01
   3.2361990e+06   4.0283203e+01
   3.2631570e+06   4.3579102e+01
   3.2678500e+06   4.1442871e+01
   3.2745980e+06   4.1870117e+01
   3.2988150e+06   4.5043945e+01
   3.3037160e+06   4.3457031e+01
   3.3232110e+06   4.0283203e+01
   3.3299760e+06   4.9438477e+01
   3.3429530e+06   3.9733887e+01
   3.3474520e+06   4.4372559e+01
   3.3537590e+06   4.5166016e+01
   3.3592540e+06   4.0710449e+01
   3.3711900e+06   4.1198730e+01
   3.3748800e+06   4.7851562e+01
   3.3764200e+06   4.0466309e+01
   3.3769640e+06   4.3090820e+01
   3.3868650e+06   4.1625977e+01
   3.3879320e+06   3.9001465e+01
   3.3971630e+06   4.0527344e+01
   3.4020410e+06   4.3151855e+01
   3.4092450e+06   4.1503906e+01
   3.4157030e+06   4.2297363e+01
   3.4191150e+06   4.3701172e+01
   3.4303700e+06   3.9306641e+01
   3.4352210e+06   4.3090820e+01
   3.4394450e+06   4.2724609e+01
   3.4441530e+06   4.1931152e+01
   3.4494150e+06   4.2053223e+01
   3.4592640e+06   3.9794922e+01
   3.4620740e+06   4.0344238e+01
   3.4661780e+06   4.3151855e+01
   3.4765260e+06   4.6875000e+01
   3.4784860e+06   3.9184570e+01
   3.4792730e+06   4.5654297e+01
   3.4840050e+06   4.1748047e+01
   3.4852560e+06   5.0659180e+01
   3.4921760e+06   4.1748047e+01
   3.4976280e+06   3.8940430e+01
   3.5028520e+06   3.9550781e+01
   3.5057210e+06   4.0344238e+01
   3.5162230e+06   4.1076660e+01
   3.5202090e+06   3.9611816e+01
   3.5224740e+06   4.3334961e+01
   3.5337520e+06   4.3395996e+01
   3.5407180e+06   3.8818359e+01
   3.5462700e+06   3.8879395e+01
   3.5482810e+06   4.4067383e+01
   3.5797320e+06   3.9428711e+01
   3.5863870e+06   4.0771484e+01
   3.5865250e+06   4.1259766e+01
   3.5894900e+06   4.0710449e+01
   3.5947230e+06   3.8879395e+01
   3.5949760e+06   4.5043945e+01
   3.5993570e+06   4.1687012e+01
   3.6009360e+06   4.5104980e+01
   3.6050570e+06   4.3273926e+01
   3.6112050e+06   4.0405273e+01
   3.6138060e+06   4.4921875e+01
   3.6170670e+06   5.0781250e+01
   3.6193340e+06   4.0405273e+01
   3.6252040e+06   4.3029785e+01
   3.6267310e+06   4.3518066e+01
   3.6306020e+06   4.2785645e+01
   3.6306600e+06   3.9001465e+01
   3.6323450e+06   5.6762695e+01
   3.6324720e+06   3.9428711e+01
   3.6366470e+06   4.1503906e+01
   3.6459690e+06   5.1757812e+01
   3.6499780e+06   4.4494629e+01
   3.6517820e+06   4.4921875e+01
   3.6532430e+06   4.4311523e+01
   3.6556140e+06   4.2175293e+01
   3.6561150e+06   4.4311523e+01
   3.6619750e+06   3.9123535e+01
   3.6708170e+06   4.7912598e+01
   3.6737120e+06   4.2968750e+01
   3.6749230e+06   3.9794922e+01
   3.6750060e+06   4.0039062e+01
   3.6752600e+06   3.9001465e+01
   3.6775800e+06   3.9978027e+01
   3.6863410e+06   3.9306641e+01
   3.6907410e+06   4.2785645e+01
   3.6963800e+06   4.4555664e+01
   3.6991560e+06   4.3029785e+01
   3.7091290e+06   4.3212891e+01
   3.7163120e+06   5.2612305e+01
   3.7165020e+06   4.3823242e+01
   3.7202140e+06   3.9245605e+01
   3.7203470e+06   4.0222168e+01
   3.7204690e+06   4.1198730e+01
   3.7255590e+06   4.1381836e+01
   3.7351790e+06   4.0344238e+01
   3.7537610e+06   4.2846680e+01
   3.7604700e+06   4.6203613e+01
   3.7695710e+06   4.3212891e+01
   3.7716860e+06   4.4555664e+01
   3.7732850e+06   5.3771973e+01
   3.7744550e+06   3.9001465e+01
   3.7789870e+06   4.8645020e+01
   3.7797890e+06   3.9733887e+01
   3.7806610e+06   4.3273926e+01
   3.7810780e+06   4.4921875e+01
   3.7848630e+06   3.9062500e+01
   3.7884500e+06   3.8818359e+01
   3.7921280e+06   4.0588379e+01
   3.7940560e+06   3.9184570e+01
   3.7958130e+06   6.1218262e+01
   3.8007850e+06   4.3029785e+01
   3.8043630e+06   4.1503906e+01
   3.8153570e+06   4.1320801e+01
   3.8285770e+06   4.1503906e+01
   3.8332770e+06   3.9062500e+01
   3.8462340e+06   3.8818359e+01
   3.8504740e+06   3.9489746e+01
   3.8534220e+06   4.2602539e+01
   3.8555110e+06   4.2541504e+01
   3.8640490e+06   4.1564941e+01
   3.8722410e+06   3.9001465e+01
   3.8724460e+06   4.0405273e+01
   3.8728550e+06   3.8635254e+01
   3.8845360e+06   4.2602539e+01
   3.8922750e+06   5.3039551e+01
   3.8999810e+06   4.3273926e+01
   3.9010430e+06   3.9245605e+01
   3.9019430e+06   4.2785645e+01
   3.9027570e+06   4.1198730e+01
   3.9105270e+06   5.2246094e+01
   3.9125970e+06   4.4494629e+01
   3.9126860e+06   4.2358398e+01
   3.9127480e+06   5.0964355e+01
   3.9128170e+06   5.2307129e+01
   3.9129490e+06   4.2114258e+01
   3.9129840e+06   4.5532227e+01
   3.9130090e+06   3.9428711e+01
   3.9130930e+06   3.9489746e+01
   3.9131830e+06   4.4738770e+01
   3.9132250e+06   4.6020508e+01
   3.9132750e+06   4.0344238e+01
   3.9133360e+06   3.9550781e+01
   3.9133680e+06   4.4799805e+01
   3.9135190e+06   3.8818359e+01
   3.9135940e+06   5.7006836e+01
   3.9136080e+06   5.1452637e+01
   3.9136330e+06   4.3518066e+01
   3.9138300e+06   5.4504395e+01
   3.9138510e+06   4.0954590e+01
   3.9138990e+06   4.2175293e+01
   3.9140240e+06   4.2236328e+01
   3.9140840e+06   4.1442871e+01
   3.9142170e+06   5.7983398e+01
   3.9144360e+06   4.3945312e+01
   3.9148270e+06   3.9611816e+01
   3.9151790e+06   4.0039062e+01
   3.9152520e+06   4.0100098e+01
   3.9154230e+06   3.9245605e+01
   3.9267400e+06   3.9794922e+01
   3.9335220e+06   3.9062500e+01
   3.9348440e+06   4.2968750e+01
   3.9349580e+06   5.4992676e+01
   3.9350670e+06   4.6813965e+01
   3.9351840e+06   4.3945312e+01
   3.9354490e+06   4.5410156e+01
   3.9356610e+06   4.4677734e+01
   3.9359700e+06   4.1442871e+01
   3.9362970e+06   3.9489746e+01
   3.9408190e+06   3.9306641e+01
   3.9504770e+06   4.0283203e+01
   3.9555110e+06   4.1137695e+01
   3.9567130e+06   4.1687012e+01
   3.9663920e+06   4.3762207e+01
   3.9670770e+06   4.0527344e+01
   3.9690840e+06   4.4677734e+01
   3.9693790e+06   4.0039062e+01
   3.9702090e+06   3.9794922e+01
   3.9704160e+06   4.2602539e+01
   3.9710120e+06   3.9733887e+01
   3.9712280e+06   4.2907715e+01
   3.9715980e+06   4.9499512e+01
   3.9948740e+06   4.2236328e+01
   3.9955980e+06   4.2663574e+01
   3.9985070e+06   4.4128418e+01
   3.9989030e+06   4.2480469e+01
   3.9993400e+06   3.9489746e+01
   4.0009350e+06   4.0100098e+01
   4.0014320e+06   4.0893555e+01
   4.0017860e+06   4.6264648e+01
   4.0024610e+06   4.5715332e+01
   4.0030190e+06   4.0710449e+01
   4.0041340e+06   4.1015625e+01
   4.0043740e+06   4.2846680e+01
   4.0045560e+06   4.4921875e+01
   4.0050580e+06   4.0222168e+01
   4.0250680e+06   3.9733887e+01
   4.0257030e+06   4.6020508e+01
   4.0292210e+06   4.4677734e+01
   4.0668260e+06   5.5175781e+01
   4.0676900e+06   5.3283691e+01
   4.0762080e+06   4.1259766e+01
   4.0879090e+06   4.2236328e+01
   4.0929360e+06   4.3518066e+01
   4.0949820e+06   4.0710449e+01
   4.0969510e+06   3.8635254e+01
   4.1028050e+06   6.2744141e+01
   4.1106680e+06   4.6142578e+01
   4.1189350e+06   4.3518066e+01
   4.1242020e+06   4.3640137e+01
   4.1311630e+06   3.9794922e+01
   4.1457370e+06   4.4128418e+01
   4.1464300e+06   3.8757324e+01
   4.1555370e+06   4.3579102e+01
   4.1573830e+06   4.0527344e+01
   4.1734600e+06   4.4311523e+01
   4.1794900e+06   4.8645020e+01
   4.1840690e+06   4.7912598e+01
   4.1909100e+06   4.0100098e+01
   4.1962770e+06   4.3151855e+01
   4.2009010e+06   4.1564941e+01
   4.2011990e+06   4.1992188e+01
   4.2104310e+06   4.5471191e+01
   4.2146980e+06   3.9916992e+01
   4.2202940e+06   3.9978027e+01
   4.2208020e+06   4.0283203e+01
   4.2286710e+06   4.6752930e+01
   4.2290820e+06   4.1381836e+01
   4.2352550e+06   4.5471191e+01
   4.2397070e+06   3.9550781e+01
   4.2534800e+06   4.4616699e+01
   4.2598400e+06   4.0771484e+01
   4.2601060e+06   4.1442871e+01
   4.2716080e+06   5.3039551e+01
   4.2774730e+06   4.5104980e+01
   4.2881640e+06   3.9001465e+01
   4.2940260e+06   4.0283203e+01
   4.2989550e+06   4.5654297e+01
   4.3060800e+06   5.0048828e+01
   4.3142280e+06   4.2053223e+01
   4.3153220e+06   3.9672852e+01
   4.3208320e+06   3.9428711e+01
   4.3217110e+06   4.0222168e+01
   4.3238250e+06   4.1198730e+01
   4.3296470e+06   3.9367676e+01
   4.3399370e+06   3.9428711e+01
   4.3432660e+06   4.0771484e+01
   4.3469420e+06   4.1503906e+01
   4.3487080e+06   4.4067383e+01
   4.3559060e+06   4.0832520e+01
   4.3592060e+06   4.2236328e+01
   4.3662820e+06   3.9306641e+01
   4.3736400e+06   3.9855957e+01
   4.3790340e+06   5.0109863e+01
   4.3851380e+06   3.9672852e+01
   4.3851610e+06   5.2734375e+01
   4.3867200e+06   4.0039062e+01
   4.3907130e+06   4.6630859e+01
   4.4000590e+06   5.0109863e+01
   4.4180090e+06   3.9489746e+01
   4.4243430e+06   3.9916992e+01
   4.4491150e+06   4.9011230e+01
   4.4519390e+06   4.5837402e+01
   4.4565720e+06   4.4677734e+01
   4.4592460e+06   3.9123535e+01
   4.4605020e+06   4.3579102e+01
   4.4627660e+06   4.1625977e+01
   4.4655370e+06   4.0954590e+01
   4.4655620e+06   3.9794922e+01
   4.4666820e+06   3.9123535e+01
   4.4689990e+06   4.1503906e+01
   4.4790360e+06   4.4006348e+01
   4.4829340e+06   3.9001465e+01
   4.4841680e+06   4.9865723e+01
   4.4877620e+06   4.0771484e+01
   4.5017540e+06   3.9367676e+01
   4.5103830e+06   4.0588379e+01
   4.5144210e+06   4.2053223e+01
   4.5200030e+06   4.1809082e+01
   4.5273320e+06   4.0344238e+01
   4.5368900e+06   4.5776367e+01
   4.5422280e+06   3.9306641e+01
   4.5464890e+06   3.8940430e+01
   4.5517330e+06   3.9245605e+01
   4.5532690e+06   3.8879395e+01
   4.5612880e+06   3.9611816e+01
   4.5629950e+06   3.9367676e+01
   4.5706700e+06   4.1076660e+01
   4.5776560e+06   3.8696289e+01
   4.5782940e+06   4.2541504e+01
   4.5826690e+06   3.9672852e+01
   4.5928040e+06   3.8696289e+01
   4.6008570e+06   4.5104980e+01
   4.6048230e+06   4.1870117e+01
   4.6050470e+06   4.6936035e+01
   4.6096950e+06   4.1076660e+01
   4.6117350e+06   3.9550781e+01
   4.6164900e+06   4.5593262e+01
   4.6172520e+06   3.9611816e+01
   4.6173770e+06   4.0527344e+01
   4.6174790e+06   4.0893555e+01
   4.6175640e+06   3.9184570e+01
   4.6176180e+06   3.9123535e+01
   4.6176840e+06   5.3283691e+01
   4.6177260e+06   4.1870117e+01
   4.6178100e+06   3.8940430e+01
   4.6179100e+06   4.2175293e+01
   4.6179660e+06   4.1503906e+01
   4.6180210e+06   3.9794922e+01
   4.6181070e+06   4.9743652e+01
   4.6181170e+06   4.7790527e+01
   4.6181350e+06   5.0231934e+01
   4.6182140e+06   4.5410156e+01
   4.6182930e+06   6.8481445e+01
   4.6183180e+06   5.9265137e+01
   4.6184840e+06   4.4128418e+01
   4.6185350e+06   6.6650391e+01
   4.6185780e+06   4.1625977e+01
   4.6187320e+06   5.1574707e+01
   4.6187810e+06   5.2734375e+01
   4.6188830e+06   4.0161133e+01
   4.6189410e+06   4.5898438e+01
   4.6190820e+06   4.1931152e+01
   4.6193470e+06   4.4433594e+01
   4.6195900e+06   4.0832520e+01
   4.6202150e+06   3.9794922e+01
   4.6323570e+06   4.4006348e+01
   4.6332090e+06   3.8818359e+01
   4.6397860e+06   4.4616699e+01
   4.6404210e+06   3.8696289e+01
   4.6411850e+06   4.4067383e+01
   4.6413000e+06   4.3273926e+01
   4.6418910e+06   4.0466309e+01
   4.6420550e+06   3.9428711e+01
   4.6424490e+06   4.7973633e+01
   4.6428350e+06   4.5898438e+01
   4.6430270e+06   4.2236328e+01
   4.6456980e+06   3.9245605e+01
   4.6508810e+06   4.1564941e+01
   4.6509960e+06   4.1259766e+01
   4.6587090e+06   4.8156738e+01
   4.6610800e+06   4.1503906e+01
   4.6756680e+06   4.0893555e+01
   4.6767230e+06   3.8879395e+01
   4.6775630e+06   4.0283203e+01
   4.6788420e+06   3.9733887e+01
   4.6789890e+06   4.3090820e+01
   4.6821040e+06   4.5837402e+01
   4.6826520e+06   4.1992188e+01
   4.6827710e+06   4.3640137e+01
   4.6835260e+06   4.9987793e+01
   4.6836080e+06   3.9184570e+01
   4.6836700e+06   4.0527344e+01
   4.6836880e+06   4.4189453e+01
   4.6838600e+06   4.1564941e+01
   4.6838810e+06   4.1564941e+01
   4.6839260e+06   4.1992188e+01
   4.6840200e+06   4.5898438e+01
   4.6846470e+06   4.1259766e+01
   4.7032750e+06   3.9733887e+01
   4.7062290e+06   4.6813965e+01
   4.7073920e+06   4.8645020e+01
   4.7113950e+06   4.3151855e+01
   4.7163470e+06   5.0720215e+01
   4.7173740e+06   4.0344238e+01
   4.7176150e+06   4.4555664e+01
   4.7199230e+06   3.8818359e+01
   4.7206690e+06   4.4494629e+01
   4.7286870e+06   4.0527344e+01
   4.7459610e+06   4.4860840e+01
   4.7508390e+06   3.8635254e+01
   4.7546940e+06   4.1076660e+01
   4.7598740e+06   4.5166016e+01
   4.7620370e+06   3.9062500e+01
   4.7703850e+06   4.0771484e+01
   4.7720990e+06   5.0598145e+01
   4.7769450e+06   4.0039063e+01
   4.7895300e+06   4.0344238e+01
   4.7963440e+06   4.1137695e+01
   4.8239330e+06   4.1320801e+01
   4.8295550e+06   4.4189453e+01
   4.8509320e+06   4.3334961e+01
   4.8590850e+06   3.9611816e+01
   4.8663360e+06   4.0161133e+01
   4.8720570e+06   3.9672852e+01
   4.8756190e+06   4.1625977e+01
   4.8847120e+06   4.2480469e+01
   4.8876900e+06   4.2419434e+01
   4.8900410e+06   4.0039062e+01
   4.8943150e+06   4.5959473e+01
   4.8996800e+06   4.4677734e+01
   4.9018450e+06   4.9560547e+01
   4.9019720e+06   4.0832520e+01
   4.9273540e+06   4.6325684e+01
   4.9356450e+06   3.8635254e+01
   4.9440470e+06   4.2907715e+01
   4.9508060e+06   4.0466309e+01
   4.9569690e+06   4.5471191e+01
   4.9606380e+06   4.2053223e+01
   4.9657600e+06   4.0771484e+01
   4.9692200e+06   4.1992188e+01
   4.9732190e+06   3.8635254e+01
   4.9770360e+06   5.0048828e+01
   4.9933710e+06   4.2724609e+01
   4.9983260e+06   4.4860840e+01
   5.0023060e+06   4.5837402e+01
   5.0037060e+06   4.1198730e+01
   5.0067820e+06   3.8940430e+01
   5.0113290e+06   4.0588379e+01
   5.0114390e+06   5.4931641e+01
   5.0175900e+06   4.2053223e+01
   5.0238580e+06   3.9245605e+01
   5.0343600e+06   3.9978027e+01
   5.0398580e+06   4.2358398e+01
   5.0399490e+06   4.2724609e+01
   5.0436910e+06   4.1503906e+01
   5.0547550e+06   4.6569824e+01
   5.0681300e+06   4.2663574e+01
   5.0800790e+06   3.9184570e+01
   5.0805810e+06   4.7424316e+01
   5.0815850e+06   3.8757324e+01
   5.0827890e+06   3.9062500e+01
   5.0864110e+06   4.5227051e+01
   5.0994540e+06   4.0039062e+01
   5.1131650e+06   4.1259766e+01
   5.1176900e+06   3.9794922e+01
   5.1240680e+06   4.6508789e+01
   5.1327150e+06   4.0832520e+01
   5.1417810e+06   4.5654297e+01
   5.1497730e+06   3.9001465e+01
   5.1509140e+06   4.5837402e+01
   5.1522390e+06   4.4372559e+01
   5.1522880e+06   3.8879395e+01
   5.1563570e+06   4.2907715e+01
   5.1614860e+06   4.0466309e+01
   5.1617140e+06   4.6142578e+01
   5.1703050e+06   4.0344238e+01
   5.1759700e+06   4.4067383e+01
   5.1784260e+06   4.8217773e+01
   5.1846470e+06   3.8879395e+01
   5.1854020e+06   4.2358398e+01
   5.1897560e+06   3.9001465e+01
   5.1977600e+06   4.6081543e+01
   5.2000880e+06   3.8696289e+01
   5.2051920e+06   4.0466309e+01
   5.2134620e+06   4.2907715e+01
   5.2185420e+06   4.4738770e+01
   5.2298700e+06   4.0344238e+01
   5.2342060e+06   4.2541504e+01
   5.2358030e+06   4.1198730e+01
   5.2378470e+06   3.8696289e+01
   5.2446540e+06   3.8757324e+01
   5.2451990e+06   4.3945312e+01
   5.2487330e+06   4.5349121e+01
   5.2497630e+06   4.0649414e+01
   5.2560190e+06   4.9804688e+01
   5.2635650e+06   4.3640137e+01
   5.2636410e+06   3.9733887e+01
   5.2675010e+06   3.8818359e+01
   5.2705090e+06   4.4494629e+01
   5.2706600e+06   4.1931152e+01
   5.2728530e+06   4.1198730e+01
   5.2828500e+06   5.4077148e+01
   5.2973450e+06   4.0283203e+01
   5.2984940e+06   4.0405273e+01
   5.3019720e+06   4.0771484e+01
   5.3022130e+06   4.0649414e+01
   5.3105180e+06   4.8828125e+01
   5.3115850e+06   4.1076660e+01
   5.3168960e+06   3.9733887e+01
   5.3246030e+06   4.0893555e+01
   5.3300050e+06   4.5043945e+01
   5.3407850e+06   4.3395996e+01
   5.3487050e+06   4.4738770e+01
   5.3535920e+06   4.0161133e+01
   5.3578120e+06   3.8818359e+01
   5.3639590e+06   4.0283203e+01
   5.3646620e+06   3.9611816e+01
   5.3650400e+06   3.9611816e+01
   5.3726420e+06   4.4189453e+01
   5.3757020e+06   4.0649414e+01
   5.3902240e+06   3.9916992e+01
   5.3959610e+06   4.3579102e+01
   5.3976290e+06   4.2358398e+01
   5.4004440e+06   4.1748047e+01
   5.4078550e+06   3.9916992e+01
   5.4121840e+06   4.0954590e+01
   5.4130320e+06   5.0903320e+01
   5.4182280e+06   4.0283203e+01
   5.4195310e+06   4.9011230e+01
   5.4229410e+06   4.1442871e+01
   5.4255370e+06   5.3833008e+01
   5.4288690e+06   3.9794922e+01
   5.4325940e+06   4.3029785e+01
   5.4356480e+06   4.5410156e+01
   5.4443870e+06   3.9672852e+01
   5.4445800e+06   4.4555664e+01
   5.4506990e+06   4.4860840e+01
   5.4617540e+06   4.2663574e+01
   5.4669370e+06   4.7058105e+01
   5.4685210e+06   4.0832520e+01
   5.4792530e+06   4.2297363e+01
   5.4809480e+06   4.4555664e+01
   5.4842620e+06   3.9672852e+01
   5.4904670e+06   4.0710449e+01
   5.4951020e+06   4.2541504e+01
   5.5073170e+06   3.8635254e+01
   5.5107950e+06   3.9306641e+01
   5.5201120e+06   4.2480469e+01
   5.5260530e+06   3.9367676e+01
   5.5315470e+06   3.8635254e+01
   5.5325820e+06   4.4128418e+01
   5.5327960e+06   3.9367676e+01
   5.5381280e+06   3.8879395e+01
   5.5483760e+06   4.3457031e+01
   5.5488660e+06   4.4189453e+01
   5.5539840e+06   4.0344238e+01
   5.5567860e+06   3.9306641e+01
   5.5657370e+06   4.5288086e+01
   5.5727080e+06   4.0344238e+01
   5.5745630e+06   3.8757324e+01
   5.5763530e+06   4.1076660e+01
   5.5812580e+06   4.5166016e+01
   5.5874020e+06   3.8696289e+01
   5.5921380e+06   4.0344238e+01
   5.5956030e+06   3.8696289e+01
   5.5983700e+06   4.0710449e+01
   5.6053130e+06   4.0588379e+01
   5.6062460e+06   3.9855957e+01
   5.6128960e+06   5.1696777e+01
   5.6168260e+06   4.2785645e+01
   5.6204340e+06   3.8696289e+01
   5.6226910e+06   3.9367676e+01
   5.6290440e+06   3.8696289e+01
   5.6372590e+06   4.0222168e+01
   5.6411050e+06   4.9255371e+01
   5.6415750e+06   3.9428711e+01
   5.6553740e+06   3.8940430e+01
   5.6569600e+06   3.9245605e+01
   5.6618690e+06   4.3212891e+01
   5.6633160e+06   4.9926758e+01
   5.6675910e+06   4.4311523e+01
   5.6677190e+06   4.2175293e+01
   5.6681050e+06   4.2358398e+01
   5.6683540e+06   4.5104980e+01
   5.6684100e+06   4.1992188e+01
   5.6684580e+06   4.0466309e+01
   5.6685080e+06   4.0893555e+01
   5.6685820e+06   4.5410156e+01
   5.6686000e+06   4.2907715e+01
   5.6686710e+06   4.7363281e+01
   5.6686920e+06   4.3212891e+01
   5.6687330e+06   4.4067383e+01
   5.6688590e+06   4.7180176e+01
   5.6688980e+06   4.9194336e+01
   5.6690380e+06   4.8522949e+01
   5.6690810e+06   4.0588379e+01
   5.6692760e+06   4.0039062e+01
   5.6693090e+06   5.1513672e+01
   5.6693530e+06   4.0405273e+01
   5.6694220e+06   5.1391602e+01
   5.6695660e+06   3.9916992e+01
   5.6696190e+06   4.0710449e+01
   5.6698620e+06   4.4860840e+01
   5.6699820e+06   4.1442871e+01
   5.6707160e+06   3.8696289e+01
   5.6710140e+06   4.0466309e+01
   5.6781480e+06   4.2053223e+01
   5.6860300e+06   5.1940918e+01
   5.6866570e+06   4.2236328e+01
   5.6885380e+06   4.4799805e+01
   5.6886680e+06   4.0039062e+01
   5.6887630e+06   4.0527344e+01
   5.6889420e+06   4.2846680e+01
   5.6895080e+06   4.3212891e+01
   5.6897740e+06   3.8635254e+01
   5.6908230e+06   3.9367676e+01
   5.6996250e+06   4.0161133e+01
   5.7047140e+06   4.5898438e+01
   5.7061210e+06   4.3518066e+01
   5.7072580e+06   4.0344238e+01
   5.7151560e+06   4.1809082e+01
   5.7182310e+06   4.1137695e+01
   5.7187290e+06   4.2968750e+01
   5.7187650e+06   4.1931152e+01
   5.7191950e+06   4.4921875e+01
   5.7192840e+06   4.1687012e+01
   5.7195250e+06   3.9001465e+01
   5.7197280e+06   4.0283203e+01
   5.7198900e+06   4.0588379e+01
   5.7199400e+06   4.4128418e+01
   5.7201220e+06   3.9184570e+01
   5.7201900e+06   4.6203613e+01
   5.7211990e+06   4.2663574e+01
   5.7212410e+06   4.0222168e+01
   5.7214390e+06   4.0588379e+01
   5.7354400e+06   3.8879395e+01
   5.7356730e+06   4.0588379e+01
   5.7463600e+06   4.0344238e+01
   5.7475580e+06   3.9672852e+01
   5.7480510e+06   4.1442871e+01
   5.7482230e+06   4.3518066e+01
   5.7490500e+06   3.9428711e+01
   5.7490840e+06   5.7495117e+01
   5.7494730e+06   3.8879395e+01
   5.7497180e+06   4.0954590e+01
   5.7498010e+06   4.4311523e+01
   5.7498220e+06   4.1259766e+01
   5.7500630e+06   3.8757324e+01
   5.7500930e+06   4.1259766e+01
   5.7504980e+06   4.1992188e+01
   5.7509450e+06   3.8879395e+01
   5.7520590e+06   3.9489746e+01
   5.7771260e+06   4.0344238e+01
   5.7827320e+06   4.0649414e+01
   5.7855050e+06   3.9611816e+01
   5.7855460e+06   3.9062500e+01
   5.7858870e+06   4.5288086e+01
   5.7863070e+06   4.1931152e+01
   5.7888020e+06   4.3090820e+01
   5.7889680e+06   4.0771484e+01
   5.7892570e+06   3.9611816e+01
   5.7897470e+06   4.0832520e+01
   5.7899810e+06   3.8818359e+01
   5.7906270e+06   4.3518066e+01
   5.7910200e+06   4.1137695e+01
   5.7921430e+06   3.9184570e+01
   5.8017940e+06   4.2419434e+01
   5.8035010e+06   3.9550781e+01
   5.8212710e+06   3.9428711e+01
   5.8217610e+06   4.0771484e+01
   5.8259970e+06   3.8635254e+01
   5.8307890e+06   4.8034668e+01
   5.8312660e+06   3.9245605e+01
   5.8315010e+06   4.3579102e+01
   5.8317550e+06   4.6752930e+01
   5.8320250e+06   4.0527344e+01
   5.8325170e+06   4.0588379e+01
   5.8326290e+06   4.2053223e+01
   5.8328070e+06   4.4921875e+01
   5.8329590e+06   3.8818359e+01
   5.8578180e+06   4.0161133e+01
   5.8751720e+06   4.2236328e+01
   5.8844600e+06   3.9367676e+01
   5.8851470e+06   4.2175293e+01
   5.9093900e+06   4.0588379e+01
   5.9108560e+06   4.2236328e+01
   5.9271240e+06   3.9367676e+01
   5.9399610e+06   4.4433594e+01
   5.9443380e+06   3.8940430e+01
   5.9463750e+06   3.9550781e+01
   5.9503950e+06   4.0649414e+01
   5.9552850e+06   4.3151855e+01
   5.9720730e+06   4.1687012e+01
   5.9885430e+06   4.9499512e+01
   5.9961030e+06   3.9062500e+01
   6.0032550e+06   4.0161133e+01
   6.0070020e+06   4.7851562e+01
   6.0160540e+06   3.8879395e+01
   6.0215910e+06   5.1574707e+01
   6.0385010e+06   4.1137695e+01
   6.0451440e+06   4.1137695e+01
   6.0590630e+06   4.0710449e+01
   6.0639360e+06   4.2358398e+01
   6.0718130e+06   4.2358398e+01
   6.0731120e+06   4.3273926e+01
   6.0798940e+06   3.9184570e+01
   6.0846040e+06   3.9245605e+01
   6.0971330e+06   3.9550781e+01
   6.1092000e+06   4.0161133e+01
   6.1094490e+06   4.1870117e+01
   6.1100840e+06   5.4931641e+01
   6.1202800e+06   3.9611816e+01
   6.1295720e+06   4.0466309e+01
   6.1362930e+06   4.2907715e+01
   6.1456790e+06   4.0100098e+01
   6.1597180e+06   4.0222168e+01
   6.1619840e+06   4.1442871e+01
   6.1620530e+06   4.4006348e+01
   6.1638390e+06   4.1137695e+01
   6.1638750e+06   3.9489746e+01
   6.1667280e+06   4.6386719e+01
   6.1695730e+06   4.5898438e+01
   6.1744760e+06   4.0527344e+01
   6.1785420e+06   3.8757324e+01
   6.1838690e+06   3.8940430e+01
   6.1998210e+06   3.9978027e+01
   6.2029060e+06   4.5776367e+01
   6.2093290e+06   3.9794922e+01
   6.2151990e+06   4.2419434e+01
   6.2307850e+06   4.6020508e+01
   6.2343470e+06   3.8635254e+01
   6.2409780e+06   5.1269531e+01
   6.2531130e+06   5.4443359e+01
   6.2579330e+06   4.0893555e+01
   6.2604890e+06   4.0832520e+01
   6.2646980e+06   4.0283203e+01
   6.2726430e+06   4.2907715e+01
   6.2735550e+06   3.9916992e+01
   6.2761870e+06   4.9560547e+01
   6.2803580e+06   4.3457031e+01
   6.2847060e+06   4.1870117e+01
   6.3016100e+06   4.4860840e+01
   6.3092800e+06   4.1870117e+01
   6.3131870e+06   4.3090820e+01
   6.3141650e+06   3.8940430e+01
   6.3179860e+06   5.2368164e+01
   6.3208340e+06   3.8940430e+01
   6.3268940e+06   4.3518066e+01
   6.3294040e+06   3.9123535e+01
   6.3298400e+06   4.3334961e+01
   6.3302650e+06   4.3090820e+01
   6.3312230e+06   4.1015625e+01
   6.3319700e+06   3.9489746e+01
   6.3400710e+06   3.8635254e+01
   6.3500420e+06   3.9245605e+01
   6.3555050e+06   4.0527344e+01
   6.3634290e+06   4.4006348e+01
   6.3725570e+06   4.0771484e+01
   6.3777680e+06   4.3212891e+01
   6.3791600e+06   4.3151855e+01
   6.3829530e+06   3.8635254e+01
   6.3913920e+06   3.8879395e+01
   6.3964920e+06   4.6142578e+01
   6.3998280e+06   4.2053223e+01
   6.4096010e+06   4.0710449e+01
   6.4180180e+06   4.0222168e+01
   6.4216680e+06   4.3029785e+01
   6.4268680e+06   3.9978027e+01
   6.4371480e+06   3.9245605e+01
   6.4438320e+06   4.2663574e+01
   6.4515620e+06   5.1574707e+01
   6.4529810e+06   3.8635254e+01
   6.4563200e+06   4.5715332e+01
   6.4581760e+06   4.2419434e+01
   6.4583580e+06   4.1137695e+01
   6.4584350e+06   4.8889160e+01
   6.4584750e+06   4.1198730e+01
   6.4586030e+06   4.6264648e+01
   6.4586390e+06   6.0668945e+01
   6.4586510e+06   3.9184570e+01
   6.4587220e+06   4.0283203e+01
   6.4587630e+06   5.4565430e+01
   6.4587780e+06   4.1381836e+01
   6.4588090e+06   4.4799805e+01
   6.4588610e+06   3.9306641e+01
   6.4589760e+06   4.1748047e+01
   6.4590690e+06   3.8940430e+01
   6.4591190e+06   4.2785645e+01
   6.4591780e+06   3.9001465e+01
   6.4592760e+06   4.0893555e+01
   6.4593430e+06   4.4311523e+01
   6.4593660e+06   3.9550781e+01
   6.4593790e+06   4.9743652e+01
   6.4594100e+06   4.3090820e+01
   6.4594380e+06   6.4941406e+01
   6.4594880e+06   4.2114258e+01
   6.4595370e+06   4.5471191e+01
   6.4595700e+06   4.1748047e+01
   6.4595980e+06   3.9123535e+01
   6.4596690e+06   4.2297363e+01
   6.4598810e+06   4.6203613e+01
   6.4604200e+06   3.9062500e+01
   6.4604520e+06   4.3640137e+01
   6.4747310e+06   4.9072266e+01
   6.4782080e+06   4.2358398e+01
   6.4790110e+06   4.0100098e+01
   6.4794300e+06   4.7485352e+01
   6.4798200e+06   4.4433594e+01
   6.4800660e+06   3.8879395e+01
   6.4801010e+06   5.0781250e+01
   6.4812130e+06   3.8879395e+01
   6.4815000e+06   3.8879395e+01
   6.4817490e+06   3.8879395e+01
   6.4829380e+06   3.9184570e+01
   6.4914380e+06   4.2236328e+01
   6.4919620e+06   4.1564941e+01
   6.4939450e+06   3.9123535e+01
   6.4983580e+06   4.1931152e+01
   6.4990920e+06   4.3395996e+01
   6.4999100e+06   4.1320801e+01
   6.5017470e+06   4.1015625e+01
   6.5077130e+06   4.2541504e+01
   6.5092560e+06   3.9428711e+01
   6.5102080e+06   3.8940430e+01
   6.5107090e+06   4.2907715e+01
   6.5109210e+06   4.2480469e+01
   6.5110390e+06   3.9611816e+01
   6.5127740e+06   4.0893555e+01
   6.5143820e+06   4.0710449e+01
   6.5192630e+06   4.1503906e+01
   6.5274230e+06   5.0231934e+01
   6.5350530e+06   4.0283203e+01
   6.5370980e+06   4.1625977e+01
   6.5417220e+06   3.9550781e+01
   6.5447950e+06   3.9489746e+01
   6.5487270e+06   4.4067383e+01
   6.5499880e+06   4.1320801e+01
   6.5524210e+06   3.8879395e+01
   6.5601110e+06   4.0649414e+01
   6.5636550e+06   3.9062500e+01
   6.5717420e+06   4.2053223e+01
   6.5807060e+06   3.8879395e+01
   6.5830880e+06   4.1992188e+01
   6.5981900e+06   4.1076660e+01
   6.6014460e+06   4.0344238e+01
   6.6040730e+06   5.1513672e+01
   6.6136750e+06   3.9367676e+01
   6.6222950e+06   3.9062500e+01
   6.6288640e+06   3.8757324e+01
   6.6369640e+06   3.9367676e+01
   6.6442720e+06   4.0588379e+01
   6.6523770e+06   3.9062500e+01
   6.6586340e+06   3.9672852e+01
   6.6632340e+06   3.8818359e+01
   6.6786830e+06   3.8818359e+01
   6.6824510e+06   4.3457031e+01
   6.6931410e+06   3.9794922e+01
   6.7070330e+06   4.4372559e+01
   6.7120800e+06   4.6569824e+01
   6.7146290e+06   4.0344238e+01
   6.7159030e+06   4.1992188e+01
   6.7204330e+06   3.9489746e+01
   6.7219830e+06   4.9377441e+01
   6.7270500e+06   3.8635254e+01
   6.7281020e+06   4.1015625e+01
   6.7334930e+06   4.9316406e+01
   6.7411110e+06   3.9916992e+01
   6.7451210e+06   4.1992188e+01
   6.7683430e+06   3.9794922e+01
   6.7760220e+06   3.8879395e+01
   6.7778430e+06   4.1809082e+01
   6.7826780e+06   5.4992676e+01
   6.7865010e+06   3.8940430e+01
   6.7899860e+06   4.2297363e+01
   6.7915600e+06   4.0893555e+01
   6.7941480e+06   3.8940430e+01
   6.7994800e+06   4.0893555e+01
   6.8067850e+06   3.9978027e+01
   6.8110680e+06   4.1503906e+01
   6.8287870e+06   4.2480469e+01
   6.8295420e+06   4.2053223e+01
   6.8414790e+06   4.8522949e+01
   6.8417420e+06   4.5227051e+01
   6.8502740e+06   4.3518066e+01
   6.8663520e+06   3.8940430e+01
   6.8706630e+06   3.8879395e+01
   6.8713110e+06   4.0039062e+01
   6.8748950e+06   4.4677734e+01
   6.8784650e+06   4.8828125e+01
   6.8813650e+06   4.2907715e+01
   6.8818790e+06   4.8400879e+01
   6.8888390e+06   4.0771484e+01
   6.8936680e+06   4.5593262e+01
   6.8988100e+06   3.9184570e+01
   6.9032450e+06   5.4321289e+01
   6.9093850e+06   4.2236328e+01
   6.9125170e+06   3.9550781e+01
   6.9192280e+06   4.3334961e+01
   6.9213530e+06   4.0893555e+01
   6.9233030e+06   4.2358398e+01
   6.9282160e+06   3.8879395e+01
   6.9297350e+06   4.0588379e+01
   6.9342160e+06   4.6875000e+01
   6.9396410e+06   3.9306641e+01
   6.9443010e+06   3.9245605e+01
   6.9480120e+06   4.0039062e+01
   6.9530940e+06   4.9072266e+01
   6.9578770e+06   4.4738770e+01
   6.9639560e+06   4.2663574e+01
   6.9684740e+06   4.2602539e+01
   6.9688830e+06   4.0466309e+01
   6.9738130e+06   4.3640137e+01
   6.9755650e+06   4.6142578e+01
   6.9847450e+06   4.0100098e+01
   6.9878120e+06   4.2846680e+01
   6.9883100e+06   4.0588379e+01
   6.9906740e+06   3.8940430e+01
   6.9927020e+06   4.0466309e+01
   6.9958900e+06   4.0283203e+01
   6.9984340e+06   4.7668457e+01
   7.0067190e+06   4.6508789e+01
   7.0118320e+06   4.5837402e+01
   7.0124450e+06   4.4189453e+01
   7.0166210e+06   4.6630859e+01
   7.0190560e+06   3.8696289e+01
   7.0224830e+06   4.1320801e+01
   7.0326070e+06   3.8940430e+01
   7.0409940e+06   4.1198730e+01
   7.0451420e+06   4.5898438e+01
   7.0455380e+06   4.2053223e+01
   7.0481720e+06   4.4189453e+01
   7.0492080e+06   3.9001465e+01
   7.0508650e+06   3.9916992e+01
   7.0517460e+06   3.9184570e+01
   7.0653810e+06   4.1503906e+01
   7.0654080e+06   6.3049316e+01
   7.0654320e+06   5.1391602e+01
   7.0654690e+06   3.9062500e+01
   7.0656410e+06   5.1757812e+01
   7.0656800e+06   4.9499512e+01
   7.0657990e+06   4.1625977e+01
   7.0658620e+06   4.1015625e+01
   7.0658870e+06   4.2846680e+01
   7.0659170e+06   4.4311523e+01
   7.0659580e+06   4.0649414e+01
   7.0660270e+06   4.4494629e+01
   7.0661400e+06   4.6508789e+01
   7.0661810e+06   4.4982910e+01
   7.0662180e+06   6.7749023e+01
   7.0662410e+06   6.6467285e+01
   7.0662650e+06   4.0710449e+01
   7.0663540e+06   4.0649414e+01
   7.0664710e+06   5.8471680e+01
   7.0665080e+06   5.1879883e+01
   7.0665380e+06   6.8664551e+01
   7.0666030e+06   4.4860840e+01
   7.0666310e+06   4.1748047e+01
   7.0667930e+06   3.9672852e+01
   7.0668120e+06   4.2480469e+01
   7.0668810e+06   4.6691895e+01
   7.0676050e+06   4.3090820e+01
   7.0677630e+06   4.7180176e+01
   7.0677860e+06   4.1870117e+01
   7.0687480e+06   3.8818359e+01
   7.0824250e+06   5.4931641e+01
   7.0860800e+06   4.5593262e+01
   7.0875000e+06   4.3212891e+01
   7.0880490e+06   4.0344238e+01
   7.0881050e+06   4.2846680e+01
   7.0882270e+06   4.0039062e+01
   7.0883460e+06   4.2053223e+01
   7.0884370e+06   4.7058105e+01
   7.0884890e+06   4.0466309e+01
   7.0886640e+06   4.6752930e+01
   7.0887780e+06   4.3762207e+01
   7.0889550e+06   4.2358398e+01
   7.0890500e+06   4.2541504e+01
   7.0891670e+06   3.8879395e+01
   7.0895960e+06   4.6936035e+01
   7.0896250e+06   4.4555664e+01
   7.0896950e+06   3.8757324e+01
   7.1049990e+06   4.3518066e+01
   7.1074190e+06   3.9550781e+01
   7.1152760e+06   5.1147461e+01
   7.1166250e+06   4.1748047e+01
   7.1178890e+06   3.8635254e+01
   7.1182540e+06   4.6630859e+01
   7.1189240e+06   4.0466309e+01
   7.1193460e+06   3.9978027e+01
   7.1195200e+06   3.9550781e+01
   7.1196050e+06   4.7729492e+01
   7.1197780e+06   5.2307129e+01
   7.1201980e+06   3.9123535e+01
   7.1207090e+06   4.1809082e+01
   7.1222800e+06   3.9978027e+01
   7.1390200e+06   4.1198730e+01
   7.1479840e+06   4.3334961e+01
   7.1574460e+06   3.9001465e+01
   7.1668940e+06   3.9733887e+01
   7.1726180e+06   3.9428711e+01
   7.1747810e+06   3.9978027e+01
   7.1758160e+06   3.8696289e+01
   7.1869190e+06   4.1503906e+01
   7.1909070e+06   4.3457031e+01
   7.1941260e+06   4.1259766e+01
   7.1980450e+06   4.2236328e+01
   7.2057730e+06   3.9733887e+01
   7.2112070e+06   4.7363281e+01
   7.2348100e+06   4.4067383e+01
   7.2447530e+06   4.2907715e+01
   7.2481780e+06   4.0283203e+01
   7.2508130e+06   3.9062500e+01
   7.2525860e+06   3.9855957e+01
   7.2671950e+06   4.1687012e+01
   7.2734930e+06   4.3151855e+01
   7.2815430e+06   3.9245605e+01
   7.2886850e+06   4.0588379e+01
   7.2963260e+06   3.9794922e+01
   7.3176720e+06   4.4006348e+01
   7.3212860e+06   5.7617188e+01
   7.3219980e+06   4.8095703e+01
   7.3358650e+06   3.9184570e+01
   7.3467180e+06   4.2602539e+01
   7.3520680e+06   4.0283203e+01
   7.3553130e+06   4.1748047e+01
   7.3616080e+06   4.2358398e+01
   7.3661670e+06   3.9123535e+01
   7.3806050e+06   4.1503906e+01
   7.3849690e+06   4.1015625e+01
   7.3944710e+06   4.2907715e+01
   7.4036030e+06   4.2053223e+01
   7.4075980e+06   4.0893555e+01
   7.4192290e+06   3.9062500e+01
   7.4254700e+06   3.9672852e+01
   7.4288700e+06   4.1564941e+01
   7.4367440e+06   4.0466309e+01
   7.4378630e+06   3.8879395e+01
   7.4401830e+06   3.9184570e+01
   7.4410090e+06   4.1320801e+01
   7.4540870e+06   4.1564941e+01
   7.4576140e+06   3.9733887e+01
   7.4643320e+06   4.1687012e+01
   7.4720920e+06   4.1320801e+01
   7.4737800e+06   4.1503906e+01
   7.4815660e+06   4.8645020e+01
   7.4838790e+06   3.9916992e+01
   7.4842350e+06   4.0283203e+01
   7.4944640e+06   4.8095703e+01
   7.4959470e+06   4.1076660e+01
   7.4985540e+06   4.0344238e+01
   7.4997040e+06   4.7546387e+01
   7.5005050e+06   4.5532227e+01
   7.5062280e+06   4.3640137e+01
   7.5081680e+06   3.9123535e+01
   7.5130770e+06   3.8879395e+01
   7.5182320e+06   4.6203613e+01
   7.5299330e+06   4.9621582e+01
   7.5329540e+06   4.0466309e+01
   7.5348840e+06   3.9123535e+01
   7.5353580e+06   4.6325684e+01
   7.5363900e+06   4.1931152e+01
   7.5441510e+06   3.9611816e+01
   7.5466000e+06   3.9184570e+01
   7.5675020e+06   4.5593262e+01
   7.5742610e+06   3.9611816e+01
   7.5928610e+06   4.3273926e+01
   7.5979630e+06   3.9672852e+01
   7.6007460e+06   4.5349121e+01
   7.6061970e+06   3.9489746e+01
   7.6069660e+06   3.9672852e+01
   7.6113580e+06   3.9672852e+01
   7.6187620e+06   4.0588379e+01
   7.6231890e+06   4.4921875e+01
   7.6234620e+06   4.6081543e+01
   7.6238710e+06   4.4372559e+01
   7.6279600e+06   3.9367676e+01
   7.6340010e+06   4.3395996e+01
   7.6496910e+06   4.2236328e+01
   7.6541800e+06   4.0588379e+01
   7.6562750e+06   4.3395996e+01
   7.6607850e+06   4.2541504e+01
   7.6633820e+06   4.0405273e+01
   7.6673590e+06   4.1931152e+01
   7.6728890e+06   3.9733887e+01
   7.6764900e+06   4.4433594e+01
   7.6811600e+06   4.1381836e+01
   7.6840460e+06   3.8940430e+01
   7.6885790e+06   4.0893555e+01
   7.6931910e+06   4.0588379e+01
   7.6937030e+06   4.5776367e+01
   7.6982620e+06   4.2358398e+01
   7.7034440e+06   4.1809082e+01
   7.7093870e+06   5.2185059e+01
   7.7143180e+06   4.1748047e+01
   7.7186480e+06   3.9489746e+01
   7.7186770e+06   4.2236328e+01
   7.7193370e+06   4.1320801e+01
   7.7205180e+06   4.0344238e+01
   7.7207770e+06   4.3518066e+01
   7.7208050e+06   4.1015625e+01
   7.7209890e+06   4.2785645e+01
   7.7210330e+06   3.9428711e+01
   7.7211890e+06   5.7434082e+01
   7.7212010e+06   4.1259766e+01
   7.7212780e+06   4.1870117e+01
   7.7212990e+06   4.2846680e+01
   7.7213390e+06   4.1809082e+01
   7.7213770e+06   3.9062500e+01
   7.7214270e+06   4.7424316e+01
   7.7214790e+06   4.5837402e+01
   7.7215620e+06   4.3090820e+01
   7.7216200e+06   5.8837891e+01
   7.7217430e+06   4.5349121e+01
   7.7218090e+06   5.8105469e+01
   7.7218430e+06   4.3823242e+01
   7.7218970e+06   3.9306641e+01
   7.7219650e+06   4.6325684e+01
   7.7220500e+06   5.3833008e+01
   7.7221350e+06   5.9265137e+01
   7.7222850e+06   4.1809082e+01
   7.7223750e+06   3.9672852e+01
   7.7224740e+06   3.9123535e+01
   7.7227330e+06   4.6386719e+01
   7.7229390e+06   3.8818359e+01
   7.7231240e+06   4.1564941e+01
   7.7237690e+06   3.8757324e+01
   7.7356090e+06   3.9855957e+01
   7.7400060e+06   4.2785645e+01
   7.7422250e+06   3.9306641e+01
   7.7436260e+06   4.6813965e+01
   7.7437100e+06   4.4738770e+01
   7.7441150e+06   4.2236328e+01
   7.7443350e+06   3.9306641e+01
   7.7446250e+06   3.9062500e+01
   7.7447020e+06   4.0832520e+01
   7.7448330e+06   4.1076660e+01
   7.7451850e+06   4.1809082e+01
   7.7577150e+06   3.9550781e+01
   7.7634420e+06   4.1870117e+01
   7.7660720e+06   4.1748047e+01
   7.7664800e+06   4.1320801e+01
   7.7683420e+06   3.8757324e+01
   7.7683800e+06   3.9367676e+01
   7.7693140e+06   4.1992188e+01
   7.7882080e+06   4.2907715e+01
   7.7899560e+06   4.2846680e+01
   7.7923240e+06   4.0710449e+01
   7.7957620e+06   4.0100098e+01
   7.7983870e+06   4.4189453e+01
   7.8089190e+06   4.1625977e+01
   7.8113010e+06   4.2846680e+01
   7.8195120e+06   4.3029785e+01
   7.8286990e+06   3.8696289e+01
   7.8355140e+06   4.1320801e+01
   7.8631370e+06   4.5776367e+01
   7.8713620e+06   4.1625977e+01
   7.8737230e+06   4.0954590e+01
   7.8828210e+06   3.8757324e+01
   7.8835580e+06   3.8696289e+01
   7.8878790e+06   4.1992188e+01
   7.8899530e+06   4.3823242e+01
   7.9054980e+06   4.0710449e+01
   7.9141410e+06   4.1076660e+01
   7.9211330e+06   4.3029785e+01
   7.9294050e+06   4.2968750e+01
   7.9339810e+06   4.4250488e+01
   7.9404210e+06   3.9428711e+01
   7.9463630e+06   4.0466309e+01
   7.9514210e+06   4.7668457e+01
   7.9548870e+06   4.0954590e+01
   7.9652220e+06   4.1381836e+01
   7.9698050e+06   3.9489746e+01
   7.9740980e+06   3.9184570e+01
   7.9855620e+06   4.2602539e+01
   7.9860650e+06   4.4189453e+01
   7.9925600e+06   4.0161133e+01
   7.9946650e+06   3.9611816e+01
   7.9983520e+06   3.9550781e+01
   7.9991440e+06   3.9611816e+01
   8.0091700e+06   4.3457031e+01
   8.0136710e+06   4.3090820e+01
   8.0216340e+06   4.4494629e+01
   8.0235470e+06   3.9001465e+01
   8.0290570e+06   3.9306641e+01
   8.0311260e+06   4.4006348e+01
   8.0348100e+06   4.1992188e+01
   8.0394280e+06   4.5776367e+01
   8.0445540e+06   3.8879395e+01
   8.0479090e+06   4.2785645e+01
   8.0555260e+06   5.8715820e+01
   8.0609620e+06   4.3945313e+01
   8.0667670e+06   4.3701172e+01
   8.0723360e+06   3.9062500e+01
   8.0756390e+06   3.9245605e+01
   8.0804330e+06   4.2541504e+01
   8.0870580e+06   4.3884277e+01
   8.0922150e+06   4.1870117e+01
   8.0978880e+06   3.8940430e+01
   8.0984420e+06   4.6508789e+01
   8.1070180e+06   4.0527344e+01
   8.1098760e+06   4.5410156e+01
   8.1104600e+06   3.8818359e+01
   8.1153930e+06   4.5166016e+01
   8.1155960e+06   4.1809082e+01
   8.1157010e+06   4.3823242e+01
   8.1168510e+06   3.9794922e+01
   8.1210010e+06   3.9428711e+01
   8.1243090e+06   3.8757324e+01
   8.1266500e+06   3.9916992e+01
   8.1276340e+06   4.0039062e+01
   8.1278370e+06   3.9733887e+01
   8.1283820e+06   3.8818359e+01
   8.1309920e+06   4.2358398e+01
   8.1349110e+06   4.2419434e+01
   8.1389820e+06   4.1564941e+01
   8.1476370e+06   4.4006348e+01
   8.1560420e+06   4.0771484e+01
   8.1635040e+06   4.1015625e+01
   8.1680040e+06   4.1687012e+01
   8.1735370e+06   3.9794922e+01
   8.1848880e+06   5.1269531e+01
   8.1860540e+06   4.8522949e+01
   8.1871000e+06   3.9245605e+01
   8.1881710e+06   4.5654297e+01
   8.1919760e+06   4.0405273e+01
   8.2061670e+06   4.4311523e+01
   8.2107710e+06   4.1015625e+01
   8.2116100e+06   4.0649414e+01
   8.2170250e+06   4.6203613e+01
   8.2185380e+06   4.3395996e+01
   8.2246320e+06   4.7790527e+01
   8.2266590e+06   4.6875000e+01
   8.2419560e+06   4.3273926e+01
   8.2422410e+06   3.9001465e+01
   8.2423130e+06   4.1137695e+01
   8.2486360e+06   4.6997070e+01
   8.2538130e+06   3.9550781e+01
   8.2543240e+06   3.9428711e+01
   8.2651480e+06   3.9306641e+01
   8.2754060e+06   4.7241211e+01
   8.2798270e+06   4.0649414e+01
   8.2831960e+06   4.3945312e+01
   8.2839130e+06   4.7424316e+01
   8.2875740e+06   4.1320801e+01
   8.2897720e+06   4.7119141e+01
   8.2936010e+06   4.1625977e+01
   8.2940020e+06   4.0893555e+01
   8.3013200e+06   4.1137695e+01
   8.3063750e+06   4.0832520e+01
   8.3114720e+06   3.9794922e+01
   8.3168060e+06   3.9672852e+01
   8.3198090e+06   3.8879395e+01
   8.3215580e+06   4.3029785e+01
   8.3225830e+06   5.0903320e+01
   8.3261120e+06   4.7668457e+01
   8.3320760e+06   3.9306641e+01
   8.3353480e+06   3.8635254e+01
   8.3384910e+06   4.1809082e+01
   8.3419370e+06   4.2175293e+01
   8.3517250e+06   4.1442871e+01
   8.3543450e+06   4.4372559e+01
   8.3605440e+06   4.0527344e+01
   8.3643350e+06   4.1931152e+01
   8.3653450e+06   4.0649414e+01
   8.3702770e+06   4.1564941e+01
   8.3722050e+06   3.9794922e+01
   8.3756820e+06   3.9489746e+01
   8.3767830e+06   3.9855957e+01
   8.3773370e+06   4.0771484e+01
   8.3801620e+06   4.6875000e+01
   8.3828270e+06   4.5410156e+01
   8.3830690e+06   4.0283203e+01
   8.3902490e+06   4.7180176e+01
   8.3932770e+06   3.9245605e+01
   8.3960150e+06   4.3640137e+01
   8.4055860e+06   4.4799805e+01
   8.4128100e+06   3.9733887e+01
   8.4150550e+06   3.9611816e+01
   8.4183780e+06   4.2602539e+01
   8.4221320e+06   4.0039062e+01
   8.4232070e+06   3.8879395e+01
   8.4242630e+06   4.9560547e+01
   8.4292320e+06   3.8635254e+01
   8.4505740e+06   3.9062500e+01
   8.4529860e+06   3.9428711e+01
   8.4553950e+06   3.9794922e+01
   8.4574040e+06   4.0588379e+01
   8.4606090e+06   4.1503906e+01
   8.4640710e+06   4.2602539e+01
   8.4663510e+06   3.9978027e+01
   8.4740040e+06   4.2663574e+01
   8.4753360e+06   3.8818359e+01
   8.4782030e+06   3.9978027e+01
   8.4856920e+06   4.2968750e+01
   8.4908080e+06   4.2663574e+01
   8.4915800e+06   4.1320801e+01
   8.4930240e+06   4.1931152e+01
   8.4965640e+06   4.0588379e+01
   8.4977180e+06   4.9377441e+01
   8.5022980e+06   3.8940430e+01
   8.5069710e+06   4.0344238e+01
   8.5078620e+06   3.8696289e+01
   8.5118040e+06   5.0292969e+01
   8.5133300e+06   5.0109863e+01
   8.5135670e+06   4.1015625e+01
   8.5143670e+06   3.8635254e+01
   8.5153460e+06   3.9855957e+01
   8.5162040e+06   4.0161133e+01
   8.5182380e+06   4.7363281e+01
   8.5182950e+06   4.1198730e+01
   8.5184520e+06   4.4250488e+01
   8.5187130e+06   3.9611816e+01
   8.5188130e+06   4.2175293e+01
   8.5189770e+06   4.3273926e+01
   8.5190050e+06   4.1564941e+01
   8.5190370e+06   4.7668457e+01
   8.5193890e+06   4.1931152e+01
   8.5195920e+06   4.2724609e+01
   8.5196910e+06   4.3029785e+01
   8.5203490e+06   5.1147461e+01
   8.5208130e+06   3.9001465e+01
   8.5319630e+06   3.9733887e+01
   8.5330130e+06   3.9062500e+01
   8.5342660e+06   3.8757324e+01
   8.5408970e+06   4.7912598e+01
   8.5417400e+06   4.5104980e+01
   8.5420530e+06   4.1137695e+01
   8.5422290e+06   4.5837402e+01
   8.5423880e+06   4.1442871e+01
   8.5424100e+06   4.2358398e+01
   8.5424350e+06   3.9245605e+01
   8.5424880e+06   4.4311523e+01
   8.5425840e+06   3.9123535e+01
   8.5426210e+06   4.3334961e+01
   8.5426540e+06   4.1137695e+01
   8.5427590e+06   4.3945312e+01
   8.5428790e+06   3.9672852e+01
   8.5433140e+06   4.1931152e+01
   8.5433850e+06   4.2602539e+01
   8.5437400e+06   3.9367676e+01
   8.5533130e+06   4.2419434e+01
   8.5556380e+06   4.1503906e+01
   8.5563310e+06   3.9611816e+01
   8.5569970e+06   4.1503906e+01
   8.5577200e+06   3.8940430e+01
   8.5598460e+06   4.0527344e+01
   8.5620550e+06   4.0344238e+01
   8.5622520e+06   4.3823242e+01
   8.5627880e+06   4.0527344e+01
   8.5632810e+06   3.8879395e+01
   8.5633070e+06   4.5166016e+01
   8.5636940e+06   4.2114258e+01
   8.5639110e+06   3.8879395e+01
   8.5643920e+06   4.4250488e+01
   8.5809840e+06   4.4189453e+01
   8.5845800e+06   4.4067383e+01
   8.5890920e+06   4.0527344e+01
   8.5897680e+06   4.4189453e+01
   8.5925950e+06   4.3212891e+01
   8.5929480e+06   4.2053223e+01
   8.5931800e+06   4.4982910e+01
   8.5932450e+06   3.9611816e+01
   8.5936170e+06   4.6997070e+01
   8.5936510e+06   4.4250488e+01
   8.5937030e+06   3.9367676e+01
   8.5939920e+06   5.2734375e+01
   8.5942340e+06   3.9794922e+01
   8.5942730e+06   4.4494629e+01
   8.5945160e+06   4.3701172e+01
   8.6207870e+06   4.0527344e+01
   8.6270130e+06   4.0527344e+01
   8.6276420e+06   3.9428711e+01
   8.6277830e+06   4.0405273e+01
   8.6284180e+06   4.4006348e+01
   8.6287730e+06   3.9062500e+01
   8.6293030e+06   4.0771484e+01
   8.6293150e+06   5.0415039e+01
   8.6294990e+06   4.0771484e+01
   8.6296990e+06   3.8757324e+01
   8.6299060e+06   4.5959473e+01
   8.6299170e+06   4.3395996e+01
   8.6303390e+06   4.1687012e+01
   8.6578750e+06   4.6936035e+01
   8.6613360e+06   3.9306641e+01
   8.6623400e+06   4.2480469e+01
   8.6629230e+06   3.9794922e+01
   8.6649180e+06   3.9489746e+01
   8.6767150e+06   4.1503906e+01
   8.6840170e+06   4.2785645e+01
   8.6941960e+06   4.5166016e+01
   8.7007410e+06   4.3395996e+01
   8.7107780e+06   4.1809082e+01
   8.7161790e+06   3.9794922e+01
   8.7197850e+06   3.9123535e+01
   8.7256830e+06   4.8217773e+01
   8.7296560e+06   4.2053223e+01
   8.7373870e+06   4.9133301e+01
   8.7532980e+06   4.2236328e+01
   8.7710150e+06   4.5715332e+01
   8.7772740e+06   4.1564941e+01
   8.7839790e+06   4.0039062e+01
   8.7886100e+06   4.0649414e+01
   8.7929060e+06   4.6691895e+01
   8.7964280e+06   4.3334961e+01
   8.8018140e+06   3.8757324e+01
   8.8085550e+06   4.7119141e+01
   8.8132880e+06   3.9062500e+01
   8.8221290e+06   3.9245605e+01
   8.8272040e+06   4.1076660e+01
   8.8481290e+06   4.4860840e+01
   8.8484030e+06   3.9062500e+01
   8.8543040e+06   4.4128418e+01
   8.8588190e+06   4.1015625e+01
   8.8653020e+06   3.8696289e+01
   8.8688170e+06   3.8757324e+01
   8.8726000e+06   4.6569824e+01
   8.8757650e+06   4.3884277e+01
   8.8791560e+06   4.0588379e+01
   8.8830330e+06   3.9306641e+01
   8.8857720e+06   4.1870117e+01
   8.8877420e+06   3.9611816e+01
   8.9010170e+06   4.1625977e+01
   8.9139580e+06   4.0161133e+01
   8.9205850e+06   4.0588379e+01
   8.9294790e+06   4.1503906e+01
   8.9339510e+06   5.1452637e+01
   8.9362760e+06   4.2297363e+01
   8.9413830e+06   4.6264648e+01
   8.9464300e+06   4.0039062e+01
   8.9468240e+06   5.0964355e+01
   8.9527200e+06   4.1748047e+01
   8.9565090e+06   3.9550781e+01
   8.9634920e+06   4.1931152e+01
   8.9653360e+06   4.7058105e+01
   8.9730820e+06   4.0344238e+01
   8.9760770e+06   3.8635254e+01
   8.9786770e+06   4.0466309e+01
   8.9857570e+06   4.1625977e+01
   8.9895250e+06   3.9428711e+01
   8.9945260e+06   3.8696289e+01
