   8.9990000e+06   0.0000000e+00
   3.8893000e+04   5.1879883e+01
   3.9210000e+04   4.1992188e+01
   3.9407000e+04   5.1269531e+01
   3.9642000e+04   5.2673340e+01
   3.9885000e+04   3.9611816e+01
   4.0028000e+04   4.0771484e+01
   2.0115300e+05   4.0649414e+01
   2.4716600e+05   4.6936035e+01
   2.6389500e+05   4.4738770e+01
   4.2480600e+05   4.1503906e+01
   6.3650400e+05   4.6813965e+01
   6.4013500e+05   4.2358398e+01
   6.4108000e+05   4.9072266e+01
   6.4153700e+05   4.1870117e+01
   6.4165200e+05   3.9855957e+01
   6.6902700e+05   5.8898926e+01
   7.1230500e+05   4.4189453e+01
   7.1261000e+05   4.0771484e+01
   7.5350800e+05   4.4067383e+01
   7.5381900e+05   4.3884277e+01
   7.7937900e+05   5.4077148e+01
   8.1847000e+05   4.0954590e+01
   8.7378100e+05   4.2602539e+01
   9.4712700e+05   4.1809082e+01
   9.6150500e+05   4.5227051e+01
   9.7574300e+05   3.9916992e+01
   1.0471520e+06   4.9743652e+01
   1.1206440e+06   4.5043945e+01
   1.1470800e+06   4.9255371e+01
   1.1877030e+06   4.3273926e+01
   1.1992720e+06   4.4250488e+01
   1.2427740e+06   5.1818848e+01
   1.2606870e+06   3.9672852e+01
   1.2610180e+06   4.8095703e+01
   1.3119410e+06   4.3334961e+01
   1.3244100e+06   4.9255371e+01
   1.4054580e+06   4.3945312e+01
   1.4062390e+06   5.6335449e+01
   1.4067240e+06   4.0100098e+01
   1.4067710e+06   3.9733887e+01
   1.4279330e+06   4.3151855e+01
   1.4938330e+06   4.3762207e+01
   1.6438020e+06   4.2236328e+01
   1.7603200e+06   4.0222168e+01
   1.8337810e+06   4.1503906e+01
   1.8585780e+06   4.3640137e+01
   1.9238620e+06   5.3710938e+01
   2.0027260e+06   4.2236328e+01
   2.0220110e+06   4.3701172e+01
   2.1413940e+06   3.9611816e+01
   2.1418990e+06   3.9672852e+01
   2.1420620e+06   4.9560547e+01
   2.1422230e+06   4.4677734e+01
   2.1431620e+06   4.0588379e+01
   2.1954790e+06   4.3701172e+01
   2.2260950e+06   4.4799805e+01
   2.2292140e+06   4.8950195e+01
   2.2723980e+06   4.2053223e+01
   2.4969880e+06   4.5898438e+01
   2.5354340e+06   4.1076660e+01
   2.6377990e+06   4.2968750e+01
   3.0245170e+06   4.2907715e+01
   3.0248280e+06   4.5776367e+01
   3.0249240e+06   4.1259766e+01
   3.0251330e+06   4.2419434e+01
   3.0413950e+06   4.0771484e+01
   3.0461120e+06   4.4982910e+01
   3.0540960e+06   4.0100098e+01
   3.0665320e+06   4.1503906e+01
   3.1101590e+06   4.1198730e+01
   3.1152200e+06   4.8217773e+01
   3.1465830e+06   4.3884277e+01
   3.1517870e+06   4.0100098e+01
   3.1548530e+06   4.5288086e+01
   3.2126200e+06   4.4433594e+01
   3.3305150e+06   4.0893555e+01
   3.3521730e+06   4.2175293e+01
   3.3900600e+06   5.5480957e+01
   3.4455000e+06   3.9916992e+01
   3.4851810e+06   4.5410156e+01
   3.5316220e+06   4.1625977e+01
   3.5470770e+06   4.1015625e+01
   3.5524040e+06   4.0954590e+01
   3.6343310e+06   4.7363281e+01
   3.6629090e+06   4.1992188e+01
   3.7817850e+06   4.2419434e+01
   3.8758350e+06   4.4555664e+01
   3.9126990e+06   5.3833008e+01
   3.9130320e+06   4.0893555e+01
   3.9133040e+06   4.8217773e+01
   3.9136730e+06   4.7119141e+01
   3.9349860e+06   5.3283691e+01
   3.9695100e+06   4.1381836e+01
   4.0033830e+06   4.3395996e+01
   4.0612860e+06   4.1259766e+01
   4.0853950e+06   4.3457031e+01
   4.1644170e+06   4.7424316e+01
   4.3378750e+06   5.4199219e+01
   4.3913800e+06   4.4250488e+01
   4.4107900e+06   4.1137695e+01
   4.4400470e+06   4.7668457e+01
   4.5268790e+06   4.6447754e+01
   4.6182760e+06   3.9794922e+01
   4.6822140e+06   4.0710449e+01
   4.6824810e+06   5.9814453e+01
   4.6825640e+06   4.1015625e+01
   4.7106040e+06   4.0466309e+01
   4.7149790e+06   5.0170898e+01
   4.7166060e+06   5.1391602e+01
   4.7486390e+06   4.0649414e+01
   4.7616710e+06   4.4555664e+01
   4.8589070e+06   4.0527344e+01
   4.9326020e+06   3.9672852e+01
   5.1478460e+06   4.0161133e+01
   5.1966200e+06   4.4189453e+01
   5.2106580e+06   4.8400879e+01
   5.2378720e+06   4.1564941e+01
   5.3500170e+06   4.0832520e+01
   5.4079410e+06   4.2297363e+01
   5.4552160e+06   4.5349121e+01
   5.4592340e+06   4.0771484e+01
   5.5667950e+06   4.0283203e+01
   5.6084010e+06   4.3518066e+01
   5.6469620e+06   4.3457031e+01
   5.6676200e+06   4.0100098e+01
   5.6679120e+06   3.9672852e+01
   5.6683390e+06   4.8400879e+01
   5.6684450e+06   4.1015625e+01
   5.6685410e+06   4.6386719e+01
   5.6686040e+06   4.2053223e+01
   5.7196480e+06   4.0039062e+01
   5.7199540e+06   4.4372559e+01
   5.7488520e+06   6.1340332e+01
   5.7509170e+06   4.2724609e+01
   5.7827320e+06   4.9621582e+01
   5.7899860e+06   4.2480469e+01
   5.8304480e+06   4.7668457e+01
   5.9801470e+06   4.1381836e+01
   6.0925530e+06   5.6518555e+01
   6.1332470e+06   4.3395996e+01
   6.2063980e+06   4.5288086e+01
   6.3308810e+06   3.9611816e+01
   6.3948860e+06   4.6081543e+01
   6.4582370e+06   5.7739258e+01
   6.4584540e+06   4.5166016e+01
   6.4586730e+06   4.4067383e+01
   6.4587080e+06   4.0710449e+01
   6.4587980e+06   4.4189453e+01
   6.4588720e+06   4.3395996e+01
   6.4588900e+06   4.2358398e+01
   6.4594100e+06   4.4433594e+01
   6.4770030e+06   4.1931152e+01
   6.4806300e+06   3.9794922e+01
   6.9210980e+06   4.1503906e+01
   7.0228610e+06   3.9611816e+01
   7.0276190e+06   4.0405273e+01
   7.0657310e+06   4.1748047e+01
   7.0661670e+06   4.3823242e+01
   7.0865430e+06   4.0283203e+01
   7.0870400e+06   4.1259766e+01
   7.0874310e+06   3.9672852e+01
   7.0883450e+06   4.1503906e+01
   7.1343720e+06   4.6264648e+01
   7.1902710e+06   4.4189453e+01
   7.2815470e+06   3.9978027e+01
   7.3969780e+06   4.4982910e+01
   7.4844140e+06   4.2358398e+01
   7.4853160e+06   4.5593262e+01
   7.5487480e+06   4.1015625e+01
   7.5677250e+06   5.0415039e+01
   7.6045440e+06   4.0649414e+01
   7.6357670e+06   4.2785645e+01
   7.6585910e+06   5.0598145e+01
   7.7063980e+06   3.9611816e+01
   7.7173860e+06   4.6569824e+01
   7.7206770e+06   5.0537109e+01
   7.7209620e+06   4.5227051e+01
   7.7209990e+06   4.1564941e+01
   7.7210890e+06   3.9978027e+01
   7.7211570e+06   5.1635742e+01
   7.7211950e+06   4.5227051e+01
   7.7213340e+06   4.7607422e+01
   7.7214180e+06   4.7363281e+01
   7.7216510e+06   4.3579102e+01
   7.7225300e+06   4.0527344e+01
   7.7439350e+06   4.0588379e+01
   7.7447480e+06   4.1320801e+01
   7.7999490e+06   4.1442871e+01
   7.8232810e+06   4.8522949e+01
   7.8321730e+06   4.1198730e+01
   7.8661490e+06   5.2429199e+01
   7.9061180e+06   4.5593262e+01
   7.9599000e+06   5.3527832e+01
   8.0448000e+06   4.5532227e+01
   8.2085500e+06   4.0832520e+01
   8.2416940e+06   5.2001953e+01
   8.2931990e+06   4.1015625e+01
   8.5136870e+06   4.6813965e+01
   8.5142550e+06   5.3955078e+01
   8.5181810e+06   4.3457031e+01
   8.5183800e+06   4.6569824e+01
   8.5412340e+06   4.0466309e+01
   8.5417820e+06   4.0100098e+01
   8.5424480e+06   4.3701172e+01
   8.5427950e+06   3.9794922e+01
   8.5641790e+06   5.3588867e+01
   8.5866430e+06   4.0283203e+01
   8.5924440e+06   4.3762207e+01
   8.5946970e+06   3.9611816e+01
   8.6246460e+06   4.4372559e+01
   8.6273420e+06   3.9611816e+01
   8.6287600e+06   6.1889648e+01
   8.6294910e+06   5.2673340e+01
   8.7027100e+06   4.3701172e+01
   8.7584490e+06   4.1198730e+01
   8.7685820e+06   5.0476074e+01
   8.8977210e+06   6.0424805e+01
   8.9394140e+06   4.0588379e+01
