   8.9990000e+06   0.0000000e+00
   3.4994000e+04   4.7851562e+01
   3.9045000e+04   5.3283691e+01
   3.9883000e+04   4.5715332e+01
   6.8507000e+04   4.4433594e+01
   2.0004400e+05   4.3395996e+01
   2.2184000e+05   4.2358398e+01
   2.8159400e+05   4.4616699e+01
   3.3726600e+05   4.2602539e+01
   5.5945900e+05   4.2968750e+01
   6.4104800e+05   5.0720215e+01
   6.4107000e+05   4.7973633e+01
   6.4173800e+05   4.4250488e+01
   6.6856800e+05   4.3029785e+01
   6.7126900e+05   4.2541504e+01
   6.9448300e+05   4.2419434e+01
   7.5309900e+05   4.3701172e+01
   7.5329000e+05   4.3823242e+01
   7.5361400e+05   4.5471191e+01
   8.0665500e+05   4.2785645e+01
   8.8278500e+05   4.2541504e+01
   9.4383500e+05   4.6508789e+01
   1.0455210e+06   4.2297363e+01
   1.0714910e+06   4.3762207e+01
   1.1260000e+06   4.3701172e+01
   1.3577220e+06   4.7607422e+01
   1.4058730e+06   4.8950195e+01
   1.4061110e+06   4.2114258e+01
   1.4061670e+06   4.8095703e+01
   1.4063700e+06   4.5288086e+01
   1.4065340e+06   4.2724609e+01
   1.4291120e+06   4.3518066e+01
   1.4597260e+06   4.2724609e+01
   1.4929330e+06   4.4311523e+01
   1.4939490e+06   4.3273926e+01
   1.6761020e+06   4.2236328e+01
   2.0230280e+06   4.2846680e+01
   2.1409540e+06   4.5593262e+01
   2.1421490e+06   4.4677734e+01
   2.1626980e+06   4.2541504e+01
   2.2716550e+06   4.3334961e+01
   2.2719850e+06   4.3151855e+01
   2.2723350e+06   4.4799805e+01
   2.3543750e+06   4.4372559e+01
   2.5826100e+06   4.2419434e+01
   2.6185360e+06   4.2846680e+01
   2.7051330e+06   4.6691895e+01
   3.0247780e+06   4.3090820e+01
   3.0251330e+06   4.5898438e+01
   3.1492160e+06   4.3334961e+01
   3.1939830e+06   5.3161621e+01
   3.2417300e+06   4.4921875e+01
   3.5849550e+06   4.2846680e+01
   3.6633690e+06   4.6508789e+01
   3.9085800e+06   4.3823242e+01
   3.9126000e+06   5.3527832e+01
   3.9127960e+06   4.2236328e+01
   3.9129450e+06   4.3823242e+01
   3.9131430e+06   4.4128418e+01
   3.9351130e+06   4.4250488e+01
   3.9577000e+06   4.2602539e+01
   3.9694250e+06   4.6386719e+01
   4.0024750e+06   4.8767090e+01
   4.0027130e+06   4.3701172e+01
   4.0493850e+06   4.6752930e+01
   4.1055520e+06   4.3640137e+01
   4.3288000e+06   4.3151855e+01
   4.4967250e+06   4.2175293e+01
   4.6398220e+06   4.2846680e+01
   4.6826860e+06   4.5227051e+01
   4.6841260e+06   4.3518066e+01
   4.7326360e+06   4.3334961e+01
   4.9551800e+06   4.4799805e+01
   4.9666550e+06   4.5166016e+01
   5.0791300e+06   4.2968750e+01
   5.0891260e+06   4.2968750e+01
   5.1010670e+06   4.3334961e+01
   5.4800420e+06   4.3334961e+01
   5.6680090e+06   4.5227051e+01
   5.6681250e+06   4.8278809e+01
   5.6683970e+06   4.4738770e+01
   5.6687680e+06   4.6875000e+01
   5.6689100e+06   4.6752930e+01
   5.6689510e+06   4.2968750e+01
   5.6719040e+06   4.5898438e+01
   5.7802490e+06   4.2236328e+01
   5.8313430e+06   4.4555664e+01
   5.9093070e+06   4.3457031e+01
   5.9691440e+06   4.6081543e+01
   6.0622920e+06   4.2175293e+01
   6.3621320e+06   4.7302246e+01
   6.4582990e+06   4.2236328e+01
   6.4586010e+06   4.7302246e+01
   6.4974140e+06   4.2663574e+01
   6.5196790e+06   4.2114258e+01
   6.6102710e+06   4.2785645e+01
   6.6751900e+06   4.3395996e+01
   6.7761350e+06   4.2236328e+01
   7.0416190e+06   4.3945312e+01
   7.0653720e+06   4.2602539e+01
   7.0657080e+06   6.1950684e+01
   7.7205550e+06   5.6640625e+01
   7.7208390e+06   4.2419434e+01
   7.7217080e+06   4.2236328e+01
   7.7422000e+06   4.3823242e+01
   7.7432480e+06   4.3884277e+01
   7.7436050e+06   4.7119141e+01
   7.7437940e+06   4.2358398e+01
   7.7440670e+06   4.6325684e+01
   7.8599600e+06   4.5227051e+01
   7.9156960e+06   4.3945312e+01
   8.0553800e+06   4.2358398e+01
   8.1611020e+06   4.5166016e+01
   8.1909460e+06   4.6386719e+01
   8.2262590e+06   4.4677734e+01
   8.2286170e+06   4.8706055e+01
   8.4497560e+06   4.5959473e+01
   8.4883380e+06   4.3151855e+01
   8.5186730e+06   4.8522949e+01
   8.5190920e+06   4.2724609e+01
   8.5201930e+06   4.2480469e+01
   8.5364940e+06   4.2724609e+01
   8.5568260e+06   4.8156738e+01
   8.5909000e+06   4.5532227e+01
   8.6289330e+06   4.5715332e+01
   8.7029840e+06   4.7058105e+01
