   8.9990000e+06   0.0000000e+00
   4.0805000e+04   4.1198730e+01
   1.4246400e+05   4.0466309e+01
   3.1795100e+05   4.2175293e+01
   3.9911900e+05   4.2236328e+01
   5.6829800e+05   4.5471191e+01
   6.4081000e+05   4.1259766e+01
   6.4131600e+05   4.2053223e+01
   6.4154600e+05   4.2480469e+01
   6.4218100e+05   4.1931152e+01
   7.2546900e+05   4.4616699e+01
   9.2606700e+05   5.0659180e+01
   9.4585900e+05   4.0771484e+01
   9.6863700e+05   5.1086426e+01
   9.9320200e+05   4.2602539e+01
   1.0004910e+06   5.5053711e+01
   1.0146090e+06   5.5603027e+01
   1.0437830e+06   4.9133301e+01
   1.0672300e+06   4.6081543e+01
   1.0902110e+06   5.0842285e+01
   1.1261000e+06   4.0161133e+01
   1.1792820e+06   4.2602539e+01
   1.2091840e+06   4.9743652e+01
   1.2135810e+06   4.0100098e+01
   1.2358200e+06   4.7546387e+01
   1.2367900e+06   4.8889160e+01
   1.2371910e+06   4.1870117e+01
   1.2503980e+06   4.3579102e+01
   1.2614610e+06   4.3640137e+01
   1.2746800e+06   4.2114258e+01
   1.2916880e+06   4.2419434e+01
   1.3341640e+06   5.4077148e+01
   1.3745100e+06   5.5114746e+01
   1.4064380e+06   4.4799805e+01
   1.4073880e+06   5.0720215e+01
   1.4602480e+06   4.0222168e+01
   1.4690590e+06   4.0832520e+01
   1.4727180e+06   4.0100098e+01
   1.4838210e+06   4.9438477e+01
   1.4849050e+06   4.1809082e+01
   1.5292540e+06   5.4565430e+01
   1.5398900e+06   4.4311523e+01
   1.5509230e+06   4.0222168e+01
   1.5718060e+06   4.0649414e+01
   1.5979730e+06   4.7912598e+01
   1.6022800e+06   4.0222168e+01
   1.6313140e+06   4.3273926e+01
   1.6419180e+06   5.3222656e+01
   1.6529570e+06   4.4067383e+01
   1.6759720e+06   4.6325684e+01
   1.6900400e+06   4.4677734e+01
   1.6987300e+06   4.9377441e+01
   1.7240900e+06   4.3945312e+01
   1.7259850e+06   4.4860840e+01
   1.7784040e+06   4.4921875e+01
   1.7865750e+06   4.3334961e+01
   1.8358620e+06   5.4321289e+01
   1.8411910e+06   4.2663574e+01
   1.8689640e+06   4.0832520e+01
   1.8774220e+06   4.0344238e+01
   1.8774830e+06   4.2663574e+01
   1.8971240e+06   4.7424316e+01
   1.9032620e+06   4.0161133e+01
   1.9086360e+06   4.4677734e+01
   1.9162040e+06   4.1625977e+01
   1.9485050e+06   4.4067383e+01
   1.9833890e+06   4.0344238e+01
   1.9834700e+06   4.0527344e+01
   1.9851890e+06   4.7912598e+01
   2.0064720e+06   4.3945312e+01
   2.0305420e+06   4.8522949e+01
   2.0477190e+06   4.2358398e+01
   2.0896250e+06   4.7485352e+01
   2.1028940e+06   5.1147461e+01
   2.1383170e+06   4.2297363e+01
   2.1419230e+06   4.1259766e+01
   2.1420340e+06   4.0405273e+01
   2.1421340e+06   4.0893555e+01
   2.2065320e+06   4.6081543e+01
   2.2081050e+06   4.2480469e+01
   2.2376120e+06   4.0832520e+01
   2.2426910e+06   4.0222168e+01
   2.2493310e+06   4.8889160e+01
   2.2859370e+06   5.2917480e+01
   2.3146370e+06   4.1503906e+01
   2.3220730e+06   4.1748047e+01
   2.3474160e+06   4.0222168e+01
   2.3887790e+06   4.3640137e+01
   2.4346500e+06   4.3457031e+01
   2.4369010e+06   4.9438477e+01
   2.4913080e+06   4.7729492e+01
   2.4920510e+06   4.6264648e+01
   2.4933220e+06   4.1442871e+01
   2.5348620e+06   4.6752930e+01
   2.5359810e+06   4.1381836e+01
   2.5372650e+06   4.3212891e+01
   2.5689700e+06   4.9011230e+01
   2.5877970e+06   4.4860840e+01
   2.6175920e+06   4.4738770e+01
   2.6218950e+06   4.7424316e+01
   2.6355490e+06   4.2724609e+01
   2.6439780e+06   4.4433594e+01
   2.6727980e+06   5.3100586e+01
   2.7031860e+06   5.7067871e+01
   2.7467580e+06   5.0476074e+01
   2.7599330e+06   4.1076660e+01
   2.7740440e+06   4.5959473e+01
   2.8048370e+06   4.6691895e+01
   2.8219020e+06   4.4006348e+01
   2.8865310e+06   5.0476074e+01
   2.9114660e+06   4.8400879e+01
   2.9329830e+06   4.9255371e+01
   2.9570000e+06   4.4677734e+01
   2.9693530e+06   4.9987793e+01
   2.9742020e+06   4.1381836e+01
   2.9782340e+06   4.7119141e+01
   3.0068100e+06   4.2785645e+01
   3.0075970e+06   4.3762207e+01
   3.0077280e+06   4.7424316e+01
   3.0083910e+06   4.0405273e+01
   3.0260310e+06   4.3334961e+01
   3.0671040e+06   5.2795410e+01
   3.0892950e+06   5.3283691e+01
   3.1035040e+06   4.4616699e+01
   3.1775520e+06   4.4982910e+01
   3.1816050e+06   4.4982910e+01
   3.2021030e+06   5.1025391e+01
   3.2033830e+06   4.1748047e+01
   3.2259870e+06   4.1564941e+01
   3.2697590e+06   4.2663574e+01
   3.2820030e+06   4.2968750e+01
   3.3219030e+06   4.1015625e+01
   3.3228290e+06   4.2846680e+01
   3.3613140e+06   4.6142578e+01
   3.3716600e+06   4.8034668e+01
   3.4024050e+06   4.6875000e+01
   3.4562110e+06   4.7058105e+01
   3.4745840e+06   4.2724609e+01
   3.4916330e+06   4.4372559e+01
   3.5263820e+06   5.0964355e+01
   3.5415970e+06   6.0607910e+01
   3.5419920e+06   4.1564941e+01
   3.5884400e+06   5.2429199e+01
   3.6354360e+06   4.4738770e+01
   3.6435670e+06   4.2114258e+01
   3.6667650e+06   5.2551270e+01
   3.6829660e+06   4.7607422e+01
   3.6996200e+06   4.1320801e+01
   3.7768870e+06   4.0100098e+01
   3.8100610e+06   4.9499512e+01
   3.8555300e+06   4.4006348e+01
   3.8806210e+06   4.1442871e+01
   3.8918650e+06   5.3161621e+01
   3.9129030e+06   4.4982910e+01
   3.9135670e+06   4.0222168e+01
   3.9143240e+06   4.1687012e+01
   3.9556490e+06   4.1015625e+01
   3.9861180e+06   5.0231934e+01
   4.0314200e+06   5.7373047e+01
   4.0460500e+06   4.3212891e+01
   4.0466030e+06   4.4189453e+01
   4.0471970e+06   4.2480469e+01
   4.0823450e+06   5.7617188e+01
   4.0976460e+06   4.1137695e+01
   4.1168790e+06   5.0537109e+01
   4.1178110e+06   4.8400879e+01
   4.1584620e+06   4.7058105e+01
   4.1898450e+06   4.2114258e+01
   4.1899610e+06   4.2968750e+01
   4.2083720e+06   4.2968750e+01
   4.2574920e+06   4.9499512e+01
   4.2587040e+06   4.4128418e+01
   4.3019650e+06   4.2541504e+01
   4.3042480e+06   4.8400879e+01
   4.3051890e+06   5.9997559e+01
   4.3088810e+06   4.3701172e+01
   4.3095750e+06   4.1442871e+01
   4.3425960e+06   4.8645020e+01
   4.3727960e+06   4.0710449e+01
   4.4142090e+06   6.2377930e+01
   4.5075420e+06   5.3833008e+01
   4.5303260e+06   4.5166016e+01
   4.5345130e+06   5.0354004e+01
   4.5640020e+06   5.7373047e+01
   4.6012480e+06   4.0527344e+01
   4.6184320e+06   4.3701172e+01
   4.6185070e+06   4.4311523e+01
   4.6187110e+06   5.0659180e+01
   4.7337210e+06   4.3701172e+01
   4.7424900e+06   4.0527344e+01
   4.7739010e+06   5.2551270e+01
   4.8171080e+06   4.2724609e+01
   4.8220000e+06   4.0588379e+01
   4.8488810e+06   4.4128418e+01
   4.9029100e+06   5.6396484e+01
   4.9352690e+06   4.1320801e+01
   5.0537010e+06   4.2663574e+01
   5.1360770e+06   4.7912598e+01
   5.2382000e+06   4.2602539e+01
   5.3695150e+06   4.8645020e+01
   5.3974000e+06   4.1015625e+01
   5.4128000e+06   5.4870605e+01
   5.6684630e+06   4.3334961e+01
   5.6689270e+06   4.5715332e+01
   5.6690490e+06   4.5410156e+01
   5.6692570e+06   4.1015625e+01
   5.6694820e+06   4.6203613e+01
   5.7208230e+06   4.1625977e+01
   5.7410550e+06   5.8959961e+01
   5.7570150e+06   4.1687012e+01
   5.7671210e+06   5.0903320e+01
   5.7834290e+06   4.2480469e+01
   5.8026640e+06   4.7424316e+01
   5.8182570e+06   4.6081543e+01
   5.8759530e+06   4.6203613e+01
   6.0768480e+06   5.4992676e+01
   6.1452590e+06   4.3273926e+01
   6.1627180e+06   4.2968750e+01
   6.2924050e+06   4.7485352e+01
   6.3313470e+06   5.2978516e+01
   6.4593390e+06   5.4138184e+01
   6.4595440e+06   4.8278809e+01
   6.5217750e+06   4.1381836e+01
   6.5612160e+06   5.0903320e+01
   6.5660550e+06   4.1809082e+01
   6.5837320e+06   4.3762207e+01
   6.6406230e+06   5.1025391e+01
   6.7274110e+06   4.2175293e+01
   6.7590920e+06   4.0161133e+01
   6.7956430e+06   5.4504395e+01
   6.8529620e+06   4.3457031e+01
   6.9116060e+06   4.1076660e+01
   7.0666770e+06   4.0649414e+01
   7.0668200e+06   4.0771484e+01
   7.0672540e+06   4.1687012e+01
   7.1389740e+06   4.4189453e+01
   7.1405730e+06   4.0222168e+01
   7.1631330e+06   4.2114258e+01
   7.1653590e+06   4.8156738e+01
   7.1703650e+06   4.1503906e+01
   7.2072220e+06   5.0964355e+01
   7.2509070e+06   4.1137695e+01
   7.2801590e+06   6.3659668e+01
   7.2946600e+06   5.3283691e+01
   7.3218920e+06   4.3884277e+01
   7.3899120e+06   4.6081543e+01
   7.4545150e+06   4.4799805e+01
   7.5712340e+06   5.1330566e+01
   7.6377710e+06   5.5175781e+01
   7.6607360e+06   5.0598145e+01
   7.6724420e+06   6.2683105e+01
   7.7211430e+06   4.4921875e+01
   7.7218490e+06   5.2551270e+01
   7.7232230e+06   4.1809082e+01
   7.7540260e+06   4.1259766e+01
   7.7831860e+06   4.0771484e+01
   7.8535540e+06   4.9499512e+01
   7.8756520e+06   5.3649902e+01
   7.9038350e+06   4.9072266e+01
   7.9434800e+06   4.2114258e+01
   7.9577570e+06   5.5480957e+01
   7.9587060e+06   4.0405273e+01
   8.0015400e+06   4.0771484e+01
   8.0547310e+06   4.0283203e+01
   8.0684210e+06   4.0405273e+01
   8.1011710e+06   5.3649902e+01
   8.1130580e+06   4.3334961e+01
   8.1593880e+06   6.0180664e+01
   8.1836450e+06   4.6508789e+01
   8.3698530e+06   4.8950195e+01
   8.5139740e+06   4.0954590e+01
   8.5195630e+06   4.5227051e+01
   8.5279080e+06   4.1809082e+01
   8.6021320e+06   4.4128418e+01
   8.6028850e+06   4.1015625e+01
   8.6963480e+06   4.4982910e+01
   8.7284050e+06   4.1870117e+01
   8.7690850e+06   4.9804688e+01
   8.7784970e+06   4.0832520e+01
   8.8201270e+06   5.0415039e+01
   8.8757320e+06   4.0588379e+01
   8.9852170e+06   4.2602539e+01
