   8.9990000e+06   0.0000000e+00
   2.1768700e+05   4.0283203e+01
   5.2639700e+05   4.2907715e+01
   6.4077700e+05   4.0222168e+01
   6.6855100e+05   4.1015625e+01
   1.2010640e+06   4.4128418e+01
   1.2855600e+06   3.9489746e+01
   1.3096130e+06   4.6875000e+01
   1.3345960e+06   4.1137695e+01
   1.4093900e+06   3.9733887e+01
   1.4277360e+06   4.2175293e+01
   1.4944190e+06   3.9550781e+01
   1.8734560e+06   4.0344238e+01
   2.0024200e+06   4.3151855e+01
   2.1291170e+06   4.2541504e+01
   2.1390830e+06   4.0405273e+01
   2.1415450e+06   4.0222168e+01
   2.5681290e+06   4.1076660e+01
   2.5683270e+06   3.9733887e+01
   3.0262270e+06   3.9794922e+01
   3.4971320e+06   3.9550781e+01
   3.8558870e+06   3.9672852e+01
   3.9133770e+06   4.0527344e+01
   4.1774050e+06   4.2358398e+01
   4.6183330e+06   4.4555664e+01
   4.6184000e+06   4.7546387e+01
   4.7181930e+06   4.4311523e+01
   4.7744430e+06   3.9672852e+01
   4.9024720e+06   4.0405273e+01
   4.9177550e+06   3.9916992e+01
   5.1704890e+06   4.1625977e+01
   5.3137860e+06   4.0771484e+01
   5.3228240e+06   4.0344238e+01
   5.6687390e+06   4.2907715e+01
   5.7481310e+06   4.2358398e+01
   5.8325770e+06   3.9855957e+01
   5.9931650e+06   4.0649414e+01
   6.0740640e+06   3.9489746e+01
   6.3143020e+06   4.0527344e+01
   6.6883310e+06   4.0893555e+01
   6.9045350e+06   4.1259766e+01
   7.0657080e+06   4.2846680e+01
   7.0657850e+06   4.2602539e+01
   7.0658530e+06   3.9794922e+01
   7.0663620e+06   4.1992188e+01
   7.7210280e+06   4.1015625e+01
   7.7214100e+06   3.9550781e+01
   7.7441180e+06   4.1076660e+01
   8.0170090e+06   3.9733887e+01
   8.4716430e+06   4.0161133e+01
   8.5423200e+06   4.0161133e+01
   8.5424350e+06   4.4006348e+01
   8.5596900e+06   4.1198730e+01
   8.6447320e+06   4.5043945e+01
   8.6896290e+06   4.0527344e+01
   8.8743020e+06   4.0344238e+01
