   8.9990000e+06   0.0000000e+00
   6.4085900e+05   4.4311523e+01
   6.4104600e+05   4.5776367e+01
   7.1152500e+05   4.7241211e+01
   7.1234700e+05   4.3701172e+01
   1.0951760e+06   4.7912598e+01
   1.4059180e+06   4.5043945e+01
   1.4278930e+06   4.3212891e+01
   1.4940330e+06   4.5593262e+01
   1.5222410e+06   4.4921875e+01
   2.1414750e+06   4.3395996e+01
   2.2711500e+06   4.4799805e+01
   2.3092360e+06   4.5349121e+01
   2.3752780e+06   4.3579102e+01
   2.5685850e+06   4.3762207e+01
   2.6316970e+06   4.5227051e+01
   2.7018590e+06   4.3701172e+01
   3.0253870e+06   4.7912598e+01
   3.1290400e+06   4.5349121e+01
   3.9131370e+06   4.7546387e+01
   3.9132810e+06   4.5166016e+01
   3.9701960e+06   4.5349121e+01
   4.0192830e+06   4.4860840e+01
   4.3999860e+06   4.3945312e+01
   4.6176620e+06   4.5715332e+01
   4.6178100e+06   4.6752930e+01
   4.6181730e+06   4.8095703e+01
   4.9351580e+06   5.1147461e+01
   5.0878690e+06   4.5104980e+01
   5.1964630e+06   4.3273926e+01
   5.2529890e+06   4.7485352e+01
   5.4816660e+06   4.7058105e+01
   5.5213230e+06   4.3029785e+01
   5.6684170e+06   4.4921875e+01
   5.6686620e+06   4.3151855e+01
   5.6689060e+06   4.3090820e+01
   5.7198970e+06   4.3151855e+01
   5.7208210e+06   4.3701172e+01
   5.7821480e+06   4.3518066e+01
   6.1645180e+06   4.3579102e+01
   6.4584710e+06   4.4738770e+01
   6.4797620e+06   4.4128418e+01
   6.5743860e+06   4.7790527e+01
   7.0261470e+06   4.3579102e+01
   7.0656090e+06   4.4555664e+01
   7.0663620e+06   4.3884277e+01
   7.0664180e+06   4.5471191e+01
   7.7210180e+06   5.9570312e+01
   7.7711800e+06   4.4616699e+01
   7.7977810e+06   4.3518066e+01
   8.2646370e+06   4.4677734e+01
   8.5201850e+06   4.9072266e+01
   8.5415420e+06   4.6936035e+01
   8.5424020e+06   5.3466797e+01
   8.5790550e+06   4.4128418e+01
   8.5940280e+06   4.8522949e+01
   8.6785250e+06   4.3884277e+01
