   8.9990000e+06   0.0000000e+00
   1.8780000e+03   4.0588379e+01
   2.7528000e+04   4.5715332e+01
   3.9376000e+04   4.1870117e+01
   4.0320000e+04   4.2602539e+01
   6.7941000e+04   4.4677734e+01
   1.0476100e+05   4.1320801e+01
   1.0835600e+05   4.1564941e+01
   1.4680800e+05   4.7485352e+01
   1.4838200e+05   4.5715332e+01
   2.4124900e+05   5.8715820e+01
   2.6241700e+05   4.0893555e+01
   2.8033900e+05   4.0649414e+01
   2.8802200e+05   4.2114258e+01
   2.9474600e+05   4.1442871e+01
   3.0432200e+05   4.2663574e+01
   3.2985800e+05   4.2419434e+01
   3.7819300e+05   5.5358887e+01
   3.8921400e+05   4.2114258e+01
   3.9086400e+05   4.2785645e+01
   4.5923200e+05   4.2297363e+01
   4.6377100e+05   4.2846680e+01
   4.8899600e+05   4.4738770e+01
   5.0578500e+05   4.2663574e+01
   5.2366700e+05   4.0649414e+01
   5.4907100e+05   4.6875000e+01
   5.6330300e+05   4.0771484e+01
   5.9033600e+05   4.1503906e+01
   5.9847100e+05   4.6813965e+01
   6.0836400e+05   4.5837402e+01
   6.4089900e+05   4.1687012e+01
   6.6795100e+05   4.1931152e+01
   6.6814500e+05   4.4982910e+01
   6.6953000e+05   4.0649414e+01
   6.7020100e+05   4.1931152e+01
   6.9637000e+05   4.2419434e+01
   7.1312100e+05   4.2419434e+01
   7.4589500e+05   4.0771484e+01
   7.5410500e+05   4.3640137e+01
   7.5478200e+05   4.5043945e+01
   8.7535000e+05   4.3212891e+01
   9.1433400e+05   4.1503906e+01
   9.1992400e+05   4.4799805e+01
   9.2627200e+05   4.2968750e+01
   9.5610500e+05   4.2846680e+01
   9.7071600e+05   4.3334961e+01
   9.8783300e+05   4.1381836e+01
   9.9976100e+05   4.5532227e+01
   1.0109880e+06   4.0771484e+01
   1.0118140e+06   4.9621582e+01
   1.0232360e+06   4.1748047e+01
   1.0812900e+06   4.7790527e+01
   1.0949860e+06   4.5532227e+01
   1.1003100e+06   4.4494629e+01
   1.1145610e+06   4.7668457e+01
   1.1423500e+06   4.0588379e+01
   1.1721310e+06   4.1381836e+01
   1.1887270e+06   4.6569824e+01
   1.2215170e+06   4.1442871e+01
   1.2302760e+06   4.4921875e+01
   1.2548170e+06   4.9682617e+01
   1.2826470e+06   4.6630859e+01
   1.2885030e+06   4.0832520e+01
   1.3081380e+06   4.1137695e+01
   1.3178190e+06   4.5288086e+01
   1.3265000e+06   4.7180176e+01
   1.3504870e+06   4.3334961e+01
   1.3832950e+06   4.2358398e+01
   1.4061830e+06   4.3823242e+01
   1.4284530e+06   4.2785645e+01
   1.4592370e+06   4.3640137e+01
   1.4826550e+06   4.1381836e+01
   1.4936150e+06   4.9682617e+01
   1.5218080e+06   4.5593262e+01
   1.5496470e+06   4.6569824e+01
   1.5776460e+06   4.0832520e+01
   1.6330430e+06   4.8828125e+01
   1.6421120e+06   4.1198730e+01
   1.6429960e+06   4.7668457e+01
   1.7031960e+06   4.3518066e+01
   1.7161340e+06   5.1330566e+01
   1.7476900e+06   4.8095703e+01
   1.7623220e+06   4.0954590e+01
   1.7713850e+06   4.0893555e+01
   1.8253610e+06   4.2297363e+01
   1.8523200e+06   4.3273926e+01
   1.8860660e+06   4.1381836e+01
   1.9180900e+06   4.2846680e+01
   1.9377050e+06   4.1564941e+01
   1.9418570e+06   5.0720215e+01
   1.9770450e+06   4.7607422e+01
   1.9901180e+06   4.1687012e+01
   1.9904030e+06   4.3395996e+01
   1.9981850e+06   4.6447754e+01
   2.0023160e+06   4.2419434e+01
   2.0127300e+06   4.1259766e+01
   2.0442440e+06   4.1992188e+01
   2.0912870e+06   4.3701172e+01
   2.1272550e+06   4.4982910e+01
   2.1413480e+06   4.1137695e+01
   2.1414850e+06   4.2114258e+01
   2.1625760e+06   4.0832520e+01
   2.1833770e+06   4.1442871e+01
   2.2256520e+06   4.2663574e+01
   2.2485940e+06   4.3518066e+01
   2.2732900e+06   4.4982910e+01
   2.3290520e+06   4.3518066e+01
   2.3304240e+06   4.3395996e+01
   2.3729900e+06   4.3090820e+01
   2.4193310e+06   4.2419434e+01
   2.4450120e+06   4.4555664e+01
   2.4507310e+06   4.5166016e+01
   2.4852590e+06   4.3090820e+01
   2.5003610e+06   4.3151855e+01
   2.5329130e+06   4.3395996e+01
   2.5510740e+06   4.2297363e+01
   2.5674900e+06   4.8278809e+01
   2.5876890e+06   4.5043945e+01
   2.6277120e+06   4.1198730e+01
   2.6517780e+06   4.0832520e+01
   2.6668680e+06   4.0588379e+01
   2.6776660e+06   4.1442871e+01
   2.7051720e+06   4.7790527e+01
   2.7107060e+06   4.3334961e+01
   2.7218970e+06   4.2541504e+01
   2.7258990e+06   4.4738770e+01
   2.7524230e+06   4.2053223e+01
   2.7574300e+06   4.3762207e+01
   2.7596460e+06   4.1198730e+01
   2.7959780e+06   5.0231934e+01
   2.8078760e+06   4.6020508e+01
   2.8275590e+06   4.3029785e+01
   2.8694650e+06   4.4860840e+01
   2.8841430e+06   4.6264648e+01
   2.9318980e+06   4.2358398e+01
   2.9359050e+06   4.6142578e+01
   2.9649830e+06   4.3273926e+01
   2.9742940e+06   4.0893555e+01
   2.9895940e+06   4.5104980e+01
   2.9958510e+06   4.3701172e+01
   2.9977820e+06   4.1015625e+01
   3.0221810e+06   4.0954590e+01
   3.0246760e+06   4.6752930e+01
   3.0247580e+06   4.1198730e+01
   3.0465250e+06   5.3039551e+01
   3.0472970e+06   4.1076660e+01
   3.0478360e+06   4.4860840e+01
   3.0667050e+06   4.7729492e+01
   3.1467030e+06   4.4006348e+01
   3.1496040e+06   4.4311523e+01
   3.2491790e+06   4.8950195e+01
   3.2830590e+06   4.1687012e+01
   3.3159220e+06   4.3151855e+01
   3.3512110e+06   4.7729492e+01
   3.3551110e+06   4.1198730e+01
   3.3906620e+06   4.5593262e+01
   3.3979410e+06   4.7058105e+01
   3.4199360e+06   5.2062988e+01
   3.4325650e+06   4.8339844e+01
   3.4391570e+06   4.3640137e+01
   3.4780730e+06   4.7790527e+01
   3.4856590e+06   4.0893555e+01
   3.5145770e+06   4.1503906e+01
   3.5516320e+06   4.5715332e+01
   3.5628510e+06   4.3762207e+01
   3.5748970e+06   5.1391602e+01
   3.5789420e+06   4.6508789e+01
   3.5828570e+06   4.3945312e+01
   3.6188170e+06   4.1564941e+01
   3.6353450e+06   4.5227051e+01
   3.6614750e+06   4.5043945e+01
   3.6701720e+06   4.3762207e+01
   3.6823110e+06   4.1320801e+01
   3.6846410e+06   4.2846680e+01
   3.7005950e+06   4.1564941e+01
   3.7081210e+06   4.2724609e+01
   3.7472450e+06   4.6691895e+01
   3.7616710e+06   4.1381836e+01
   3.7780940e+06   4.0710449e+01
   3.8428640e+06   4.7851562e+01
   3.8535500e+06   4.0771484e+01
   3.8748160e+06   4.1198730e+01
   3.9110060e+06   4.1564941e+01
   3.9129380e+06   4.7485352e+01
   3.9353880e+06   4.3395996e+01
   3.9694950e+06   4.2663574e+01
   3.9697790e+06   5.2551270e+01
   3.9903460e+06   4.4128418e+01
   4.0012090e+06   4.6752930e+01
   4.0017420e+06   4.1992188e+01
   4.0362950e+06   4.1870117e+01
   4.0937640e+06   4.4677734e+01
   4.1908110e+06   4.1198730e+01
   4.2085410e+06   4.3884277e+01
   4.2513800e+06   4.8339844e+01
   4.2962390e+06   4.6691895e+01
   4.3421850e+06   5.1696777e+01
   4.3449260e+06   4.5227051e+01
   4.3943050e+06   5.0964355e+01
   4.3956800e+06   4.8522949e+01
   4.4436120e+06   5.4626465e+01
   4.4809090e+06   4.1687012e+01
   4.5617830e+06   4.0710449e+01
   4.5766520e+06   4.6936035e+01
   4.5930320e+06   4.2785645e+01
   4.6174430e+06   5.2429199e+01
   4.6411450e+06   4.2053223e+01
   4.6425870e+06   4.1442871e+01
   4.6808450e+06   4.2175293e+01
   4.6829870e+06   4.9072266e+01
   4.6835560e+06   5.4809570e+01
   4.7164680e+06   4.1259766e+01
   4.8073960e+06   4.1198730e+01
   4.8602530e+06   4.5898438e+01
   4.8697410e+06   4.6020508e+01
   5.0093130e+06   4.4067383e+01
   5.0112170e+06   4.1625977e+01
   5.0186010e+06   4.3518066e+01
   5.0341500e+06   4.3762207e+01
   5.0494290e+06   4.1198730e+01
   5.0535150e+06   5.1757812e+01
   5.0815860e+06   4.2785645e+01
   5.0878920e+06   4.2175293e+01
   5.0885440e+06   4.7302246e+01
   5.1451730e+06   4.7729492e+01
   5.2181860e+06   4.0649414e+01
   5.2375770e+06   4.4128418e+01
   5.2500050e+06   4.2480469e+01
   5.2520760e+06   4.3762207e+01
   5.3026800e+06   4.6203613e+01
   5.3415220e+06   4.9865723e+01
   5.3436130e+06   4.0588379e+01
   5.3823510e+06   4.1687012e+01
   5.3868660e+06   5.2673340e+01
   5.4024030e+06   4.6752930e+01
   5.4378600e+06   4.0832520e+01
   5.4463090e+06   4.3457031e+01
   5.4920480e+06   4.3762207e+01
   5.5211890e+06   4.2968750e+01
   5.5291810e+06   5.1574707e+01
   5.5844540e+06   4.5715332e+01
   5.6013750e+06   4.0832520e+01
   5.6136120e+06   4.1687012e+01
   5.6452080e+06   4.4982910e+01
   5.6567080e+06   4.3151855e+01
   5.6684080e+06   5.1696777e+01
   5.6686300e+06   4.4738770e+01
   5.6871830e+06   4.3151855e+01
   5.6876940e+06   4.7302246e+01
   5.7021360e+06   4.3884277e+01
   5.7190040e+06   4.5166016e+01
   5.7195980e+06   4.2846680e+01
   5.7202370e+06   4.1259766e+01
   5.7480580e+06   4.8400879e+01
   5.7489310e+06   4.3518066e+01
   5.7838750e+06   4.3701172e+01
   5.8312790e+06   4.2602539e+01
   5.8315330e+06   4.5227051e+01
   5.8317190e+06   4.1381836e+01
   5.8318590e+06   4.6325684e+01
   5.8328210e+06   4.2785645e+01
   5.8336470e+06   4.3090820e+01
   5.8514120e+06   4.1320801e+01
   5.9055400e+06   4.3457031e+01
   5.9172650e+06   4.4616699e+01
   5.9777340e+06   4.5471191e+01
   6.0904690e+06   4.4616699e+01
   6.1179560e+06   4.3701172e+01
   6.1293670e+06   4.7729492e+01
   6.1522680e+06   5.0903320e+01
   6.1654070e+06   4.9499512e+01
   6.1668410e+06   4.3395996e+01
   6.1673690e+06   4.2846680e+01
   6.1921250e+06   4.2358398e+01
   6.1955340e+06   4.2419434e+01
   6.2274190e+06   4.3945313e+01
   6.2673010e+06   4.2724609e+01
   6.2808070e+06   4.2114258e+01
   6.2945180e+06   4.7363281e+01
   6.3119800e+06   4.3579102e+01
   6.3178030e+06   4.2053223e+01
   6.3277090e+06   4.4372559e+01
   6.3302230e+06   4.1442871e+01
   6.3822720e+06   4.3823242e+01
   6.3855270e+06   4.5471191e+01
   6.4076380e+06   4.1137695e+01
   6.4429010e+06   4.6325684e+01
   6.4585860e+06   4.4921875e+01
   6.4590440e+06   4.1625977e+01
   6.4593690e+06   4.4372559e+01
   6.4804510e+06   4.4067383e+01
   6.5092670e+06   4.1748047e+01
   6.5103770e+06   4.1076660e+01
   6.5107620e+06   4.1442871e+01
   6.5308860e+06   4.2541504e+01
   6.5428410e+06   4.6203613e+01
   6.6390580e+06   4.8400879e+01
   6.6580800e+06   4.5532227e+01
   6.7071910e+06   4.7973633e+01
   6.7376130e+06   5.2307129e+01
   6.7797650e+06   4.6020508e+01
   6.8092490e+06   4.4372559e+01
   6.8185280e+06   4.2114258e+01
   6.8539600e+06   4.1870117e+01
   6.8653470e+06   4.4311523e+01
   6.8671790e+06   4.9621582e+01
   6.9004780e+06   4.6081543e+01
   6.9351350e+06   4.3457031e+01
   6.9580420e+06   4.7851562e+01
   6.9939110e+06   4.8889160e+01
   7.0219480e+06   5.0537109e+01
   7.0250990e+06   4.1198730e+01
   7.0263800e+06   4.4311523e+01
   7.0656870e+06   4.1015625e+01
   7.0657950e+06   4.4616699e+01
   7.0659210e+06   4.3029785e+01
   7.0880420e+06   4.2663574e+01
   7.1177990e+06   4.8400879e+01
   7.1182130e+06   4.3762207e+01
   7.2887650e+06   4.6936035e+01
   7.3364820e+06   4.6386719e+01
   7.3760160e+06   4.2968750e+01
   7.4426280e+06   4.3701172e+01
   7.4727310e+06   4.5776367e+01
   7.4739140e+06   4.5837402e+01
   7.5319980e+06   4.4372559e+01
   7.6074920e+06   4.3823242e+01
   7.6134170e+06   4.1564941e+01
   7.6162350e+06   4.4311523e+01
   7.6303220e+06   4.0832520e+01
   7.6657190e+06   4.5410156e+01
   7.7211770e+06   4.3395996e+01
   7.7214050e+06   4.5898438e+01
   7.7215310e+06   4.4982910e+01
   7.7443340e+06   4.3029785e+01
   7.7447830e+06   4.3701172e+01
   7.7604220e+06   4.2724609e+01
   7.7704220e+06   4.4738770e+01
   7.7976420e+06   4.3701172e+01
   7.9290810e+06   4.6752930e+01
   7.9500530e+06   4.8522949e+01
   7.9686030e+06   4.8339844e+01
   8.0390370e+06   4.9682617e+01
   8.0915600e+06   4.0588379e+01
   8.0921220e+06   4.7485352e+01
   8.1278400e+06   4.8217773e+01
   8.1321740e+06   4.1137695e+01
   8.1351030e+06   4.2663574e+01
   8.1830440e+06   4.4555664e+01
   8.1967900e+06   4.2968750e+01
   8.2232940e+06   4.1076660e+01
   8.3168710e+06   4.3762207e+01
   8.3296880e+06   4.0954590e+01
   8.3398970e+06   4.6264648e+01
   8.3444710e+06   4.0893555e+01
   8.3479620e+06   4.3395996e+01
   8.3730560e+06   4.4860840e+01
   8.4102280e+06   4.8217773e+01
   8.4236680e+06   4.3884277e+01
   8.4267890e+06   4.7058105e+01
   8.4465030e+06   4.4006348e+01
   8.5125700e+06   4.4616699e+01
   8.5138880e+06   4.2480469e+01
   8.5146360e+06   4.5898438e+01
   8.5211930e+06   4.1748047e+01
   8.5414890e+06   4.1198730e+01
   8.5631890e+06   4.4189453e+01
   8.5637200e+06   4.5959473e+01
   8.5928760e+06   5.7556152e+01
   8.5934290e+06   4.2419434e+01
   8.5936310e+06   4.2785645e+01
   8.6283440e+06   4.4921875e+01
   8.6286190e+06   4.1748047e+01
   8.6289920e+06   4.2114258e+01
   8.6290530e+06   4.1992188e+01
   8.6292840e+06   4.7302246e+01
   8.7182180e+06   4.9621582e+01
   8.7261440e+06   4.3518066e+01
   8.7666280e+06   4.3151855e+01
   8.8075910e+06   4.7607422e+01
   8.8253550e+06   4.5959473e+01
   8.8462320e+06   4.2419434e+01
   8.8549820e+06   4.1625977e+01
   8.8647020e+06   4.2419434e+01
   8.8702430e+06   4.2053223e+01
   8.8943740e+06   4.4372559e+01
   8.8956830e+06   4.8278809e+01
   8.9166510e+06   4.4067383e+01
   8.9300010e+06   4.5654297e+01
   8.9564110e+06   4.0588379e+01
   8.9837910e+06   4.4067383e+01
