   8.9990000e+06   0.0000000e+00
   1.4205000e+04   4.8217773e+01
   2.3226000e+04   4.6264648e+01
   3.2134000e+04   4.7851562e+01
   3.9524000e+04   4.4921875e+01
   3.9625000e+04   4.2968750e+01
   3.9783000e+04   4.5288086e+01
   3.9855000e+04   4.5715332e+01
   4.0290000e+04   4.5837402e+01
   1.0615300e+05   4.4006348e+01
   1.1169600e+05   4.7668457e+01
   1.2078000e+05   4.3945312e+01
   1.3335400e+05   5.2001953e+01
   1.5894000e+05   4.5104980e+01
   1.7173200e+05   4.6325684e+01
   1.7450500e+05   4.5349121e+01
   2.0439600e+05   4.5166016e+01
   2.1526600e+05   4.3762207e+01
   2.1769500e+05   4.4494629e+01
   2.5418100e+05   4.9682617e+01
   2.6116300e+05   4.4311523e+01
   2.7384500e+05   4.6264648e+01
   3.2365000e+05   4.5654297e+01
   3.3892500e+05   4.3212891e+01
   3.5188000e+05   4.2907715e+01
   3.8095700e+05   4.4128418e+01
   3.9663600e+05   4.7485352e+01
   4.2061200e+05   5.5236816e+01
   4.2730900e+05   4.3395996e+01
   4.4433200e+05   4.6936035e+01
   4.6385200e+05   4.7607422e+01
   4.6719700e+05   4.3518066e+01
   5.0454000e+05   5.0781250e+01
   5.1759100e+05   4.2907715e+01
   5.3098200e+05   4.5166016e+01
   5.3653100e+05   4.3334961e+01
   5.4114700e+05   4.4982910e+01
   5.9243200e+05   4.5104980e+01
   6.1030000e+05   4.3518066e+01
   6.1124700e+05   4.4616699e+01
   6.2571800e+05   4.4189453e+01
   6.4108100e+05   5.1208496e+01
   6.4128300e+05   4.4067383e+01
   6.4137600e+05   4.7424316e+01
   6.4141000e+05   4.3273926e+01
   7.0998500e+05   4.3457031e+01
   7.1302300e+05   4.6630859e+01
   7.6116500e+05   5.1513672e+01
   7.6298400e+05   4.9438477e+01
   7.6751300e+05   4.3945312e+01
   7.6980900e+05   4.6569824e+01
   7.7202200e+05   4.4921875e+01
   7.8881400e+05   4.3762207e+01
   8.0308700e+05   4.4616699e+01
   8.1372300e+05   4.5776367e+01
   8.2264600e+05   4.9194336e+01
   8.4955600e+05   4.4555664e+01
   8.5560800e+05   4.5898438e+01
   8.7368800e+05   4.9316406e+01
   8.8314400e+05   4.7973633e+01
   8.8557200e+05   4.4006348e+01
   8.9270000e+05   4.7119141e+01
   9.3261900e+05   4.3151855e+01
   9.5276300e+05   4.4372559e+01
   9.5498400e+05   4.3273926e+01
   9.7473900e+05   4.7424316e+01
   9.9151500e+05   4.4372559e+01
   1.0048760e+06   4.9194336e+01
   1.0237790e+06   4.3090820e+01
   1.0298950e+06   4.4189453e+01
   1.0592820e+06   4.3579102e+01
   1.0823610e+06   4.3090820e+01
   1.0942100e+06   4.3701172e+01
   1.0956270e+06   4.6569824e+01
   1.1130790e+06   4.3701172e+01
   1.1735380e+06   4.4128418e+01
   1.1811040e+06   4.6020508e+01
   1.1891800e+06   4.3151855e+01
   1.1905030e+06   4.6142578e+01
   1.2336920e+06   4.3334961e+01
   1.2376040e+06   4.9926758e+01
   1.2470390e+06   4.5043945e+01
   1.2754970e+06   4.4494629e+01
   1.2993650e+06   4.5349121e+01
   1.3033130e+06   4.5837402e+01
   1.3154860e+06   4.6386719e+01
   1.3198660e+06   4.7119141e+01
   1.3314630e+06   4.7241211e+01
   1.3498440e+06   4.4494629e+01
   1.3825100e+06   4.3762207e+01
   1.3948400e+06   4.4616699e+01
   1.4061500e+06   4.3701172e+01
   1.4062470e+06   4.7180176e+01
   1.4063900e+06   4.5104980e+01
   1.4065630e+06   4.7241211e+01
   1.4066080e+06   4.5104980e+01
   1.4067780e+06   4.6447754e+01
   1.4070690e+06   4.5043945e+01
   1.4073340e+06   4.5410156e+01
   1.4275970e+06   4.6264648e+01
   1.4561940e+06   4.4982910e+01
   1.4608860e+06   4.5166016e+01
   1.4787640e+06   4.7363281e+01
   1.4946380e+06   4.4311523e+01
   1.5246970e+06   4.3395996e+01
   1.5301450e+06   5.4077148e+01
   1.5380410e+06   5.0903320e+01
   1.5448780e+06   4.5959473e+01
   1.5469940e+06   4.3640137e+01
   1.5542550e+06   4.8034668e+01
   1.5562210e+06   4.3884277e+01
   1.6379410e+06   4.9194336e+01
   1.6448430e+06   4.3823242e+01
   1.6870560e+06   4.9194336e+01
   1.7154210e+06   4.6569824e+01
   1.7360690e+06   5.6884766e+01
   1.7458080e+06   4.7668457e+01
   1.7710070e+06   4.8278809e+01
   1.7860430e+06   4.3518066e+01
   1.7920690e+06   4.4311523e+01
   1.7989950e+06   4.6325684e+01
   1.8148930e+06   4.3395996e+01
   1.8235920e+06   4.3823242e+01
   1.8536090e+06   5.3955078e+01
   1.8612200e+06   4.3701172e+01
   1.8650380e+06   4.5471191e+01
   1.8791630e+06   5.0903320e+01
   1.8868070e+06   4.5471191e+01
   1.8907460e+06   4.7546387e+01
   1.9097100e+06   4.8706055e+01
   1.9166330e+06   4.7302246e+01
   1.9390920e+06   4.4494629e+01
   1.9586660e+06   4.4616699e+01
   1.9741470e+06   4.3579102e+01
   1.9881610e+06   4.6630859e+01
   1.9900490e+06   4.2907715e+01
   2.0036220e+06   4.7424316e+01
   2.0270960e+06   4.5104980e+01
   2.0386720e+06   4.5471191e+01
   2.0481070e+06   4.8767090e+01
   2.0806320e+06   4.6142578e+01
   2.0946400e+06   4.4250488e+01
   2.1043290e+06   4.8706055e+01
   2.1209150e+06   4.4372559e+01
   2.1276100e+06   5.3039551e+01
   2.1378210e+06   4.5166016e+01
   2.1415360e+06   4.6630859e+01
   2.1417740e+06   6.9824219e+01
   2.1422280e+06   4.4372559e+01
   2.1630830e+06   4.3457031e+01
   2.1937700e+06   4.3212891e+01
   2.2088690e+06   4.7912598e+01
   2.2107580e+06   4.9926758e+01
   2.2170160e+06   4.4189453e+01
   2.2259280e+06   4.3273926e+01
   2.2282200e+06   4.3579102e+01
   2.2375320e+06   4.3090820e+01
   2.2583100e+06   4.3212891e+01
   2.2723590e+06   4.4738770e+01
   2.2906300e+06   4.4006348e+01
   2.3098510e+06   5.1330566e+01
   2.3574170e+06   4.4494629e+01
   2.3623780e+06   4.5043945e+01
   2.3661120e+06   4.5654297e+01
   2.3856650e+06   4.3090820e+01
   2.3882430e+06   4.5227051e+01
   2.4286710e+06   4.5837402e+01
   2.4352490e+06   4.5104980e+01
   2.4416710e+06   4.5776367e+01
   2.4686800e+06   4.3090820e+01
   2.4763920e+06   4.5349121e+01
   2.4789100e+06   4.6813965e+01
   2.5019160e+06   4.5776367e+01
   2.5277590e+06   4.8889160e+01
   2.5572970e+06   4.4006348e+01
   2.6324940e+06   4.4250488e+01
   2.6514590e+06   4.8278809e+01
   2.6774620e+06   4.2907715e+01
   2.6989970e+06   4.6630859e+01
   2.7235630e+06   4.4128418e+01
   2.7313180e+06   4.4433594e+01
   2.7410840e+06   4.3884277e+01
   2.7532550e+06   5.3283691e+01
   2.7680510e+06   4.9560547e+01
   2.8355360e+06   4.5471191e+01
   2.8427830e+06   4.6386719e+01
   2.8621080e+06   4.7180176e+01
   2.8847910e+06   4.5715332e+01
   2.8979430e+06   4.3701172e+01
   2.9100530e+06   4.9316406e+01
   2.9180480e+06   4.6447754e+01
   2.9742980e+06   4.4921875e+01
   2.9827240e+06   4.8400879e+01
   2.9889490e+06   4.7729492e+01
   2.9918520e+06   4.4555664e+01
   2.9938980e+06   4.3945312e+01
   3.0249440e+06   4.3151855e+01
   3.0250350e+06   5.3527832e+01
   3.0251400e+06   4.3273926e+01
   3.0252670e+06   4.2907715e+01
   3.0253020e+06   5.0292969e+01
   3.0253950e+06   4.3884277e+01
   3.0254480e+06   5.1818848e+01
   3.0468730e+06   5.6640625e+01
   3.0689340e+06   5.3588867e+01
   3.0833660e+06   4.6081543e+01
   3.1111030e+06   4.4128418e+01
   3.1112410e+06   4.4494629e+01
   3.1356250e+06   4.9743652e+01
   3.1463720e+06   4.4250488e+01
   3.1510080e+06   4.7058105e+01
   3.1613130e+06   4.4067383e+01
   3.1674760e+06   4.7180176e+01
   3.1823870e+06   4.4067383e+01
   3.1960910e+06   4.4860840e+01
   3.2389360e+06   4.3945312e+01
   3.2907960e+06   4.3579102e+01
   3.3132880e+06   4.5166016e+01
   3.3164200e+06   4.7485352e+01
   3.3361540e+06   4.3090820e+01
   3.3431300e+06   4.4128418e+01
   3.3489930e+06   4.8767090e+01
   3.3818360e+06   4.3518066e+01
   3.4019980e+06   4.3212891e+01
   3.4641860e+06   4.4067383e+01
   3.4878310e+06   4.7424316e+01
   3.5010280e+06   4.4006348e+01
   3.5148480e+06   4.3945313e+01
   3.5360930e+06   4.3945312e+01
   3.6003140e+06   4.3457031e+01
   3.6051580e+06   4.5166016e+01
   3.6321740e+06   4.4616699e+01
   3.6513900e+06   4.5532227e+01
   3.6805630e+06   4.4616699e+01
   3.6970600e+06   4.4372559e+01
   3.7271780e+06   4.4128418e+01
   3.7688560e+06   4.4067383e+01
   3.7828570e+06   5.2734375e+01
   3.8086700e+06   4.6997070e+01
   3.8207850e+06   4.7241211e+01
   3.8237650e+06   4.4860840e+01
   3.8339430e+06   4.5349121e+01
   3.8415100e+06   4.5837402e+01
   3.8621900e+06   4.6386719e+01
   3.8673430e+06   5.4260254e+01
   3.8702230e+06   4.6936035e+01
   3.8757590e+06   4.5288086e+01
   3.8964260e+06   4.4616699e+01
   3.9129790e+06   6.0852051e+01
   3.9135510e+06   4.6264648e+01
   3.9137120e+06   4.4433594e+01
   3.9360860e+06   4.9804688e+01
   3.9362320e+06   4.5227051e+01
   3.9363700e+06   4.3273926e+01
   3.9599260e+06   4.4006348e+01
   3.9702610e+06   4.3762207e+01
   3.9706650e+06   4.5349121e+01
   3.9709210e+06   4.5776367e+01
   3.9709990e+06   4.5043945e+01
   3.9794320e+06   4.4616699e+01
   3.9981630e+06   4.5837402e+01
   4.0000000e+06   4.5837402e+01
   4.0521910e+06   4.6630859e+01
   4.0570910e+06   4.3884277e+01
   4.0654660e+06   4.4433594e+01
   4.0710970e+06   4.4006348e+01
   4.0823490e+06   4.4799805e+01
   4.1271620e+06   4.8950195e+01
   4.1375540e+06   4.9499512e+01
   4.1512690e+06   4.8706055e+01
   4.1559620e+06   4.6081543e+01
   4.1585170e+06   4.2907715e+01
   4.1878380e+06   4.4616699e+01
   4.2057520e+06   4.8889160e+01
   4.2509170e+06   4.4250488e+01
   4.2563310e+06   4.5898438e+01
   4.2660980e+06   4.9621582e+01
   4.2855400e+06   4.7668457e+01
   4.2878610e+06   4.6386719e+01
   4.2917370e+06   4.5471191e+01
   4.2959160e+06   4.3945312e+01
   4.3034030e+06   4.4189453e+01
   4.3092970e+06   4.5410156e+01
   4.3430870e+06   4.4799805e+01
   4.3567780e+06   4.4250488e+01
   4.4179230e+06   4.5410156e+01
   4.4265420e+06   4.3090820e+01
   4.4319990e+06   4.3640137e+01
   4.4452880e+06   4.6752930e+01
   4.4506270e+06   4.4677734e+01
   4.4619610e+06   4.4555664e+01
   4.4807950e+06   4.9438477e+01
   4.4897410e+06   4.4372559e+01
   4.5025180e+06   4.7668457e+01
   4.5240870e+06   4.4250488e+01
   4.5575480e+06   4.4555664e+01
   4.5611900e+06   4.9438477e+01
   4.5767070e+06   4.3090820e+01
   4.5793160e+06   4.3884277e+01
   4.5852010e+06   4.4860840e+01
   4.5966510e+06   5.6152344e+01
   4.6175810e+06   4.5043945e+01
   4.6176510e+06   4.3029785e+01
   4.6178260e+06   4.2968750e+01
   4.6180340e+06   4.8950195e+01
   4.6181770e+06   4.4067383e+01
   4.6182180e+06   4.3762207e+01
   4.6185960e+06   4.6447754e+01
   4.6421020e+06   4.3273926e+01
   4.6799870e+06   4.4494629e+01
   4.6827710e+06   4.4372559e+01
   4.6832860e+06   4.2907715e+01
   4.6836060e+06   4.3579102e+01
   4.6907280e+06   4.3151855e+01
   4.7012470e+06   4.6386719e+01
   4.7105630e+06   4.3395996e+01
   4.7175580e+06   4.8889160e+01
   4.7244520e+06   4.4860840e+01
   4.7290060e+06   4.7180176e+01
   4.7385570e+06   4.3579102e+01
   4.7498400e+06   4.6386719e+01
   4.7516660e+06   4.3090820e+01
   4.7569940e+06   4.7058105e+01
   4.7589530e+06   4.8156738e+01
   4.7652990e+06   4.4250488e+01
   4.7680550e+06   4.5532227e+01
   4.7805270e+06   4.3945312e+01
   4.7858520e+06   4.3090820e+01
   4.8030220e+06   4.4433594e+01
   4.8078580e+06   4.6936035e+01
   4.8232370e+06   4.4189453e+01
   4.8417000e+06   5.7983398e+01
   4.8485320e+06   4.3395996e+01
   4.8520340e+06   4.7119141e+01
   4.8653320e+06   4.3273926e+01
   4.8675060e+06   4.4189453e+01
   4.8741710e+06   4.3884277e+01
   4.9212400e+06   4.3640137e+01
   4.9236780e+06   5.2307129e+01
   4.9354940e+06   4.5654297e+01
   4.9420080e+06   4.3151855e+01
   4.9450650e+06   5.0842285e+01
   4.9515450e+06   4.8583984e+01
   4.9685870e+06   4.5837402e+01
   4.9795960e+06   4.7058105e+01
   4.9839390e+06   4.3334961e+01
   4.9947620e+06   4.9987793e+01
   5.0008570e+06   4.6691895e+01
   5.0422780e+06   4.4433594e+01
   5.0583630e+06   5.2062988e+01
   5.0645080e+06   4.9438477e+01
   5.1136130e+06   4.6691895e+01
   5.1201690e+06   4.8034668e+01
   5.1251990e+06   4.3945313e+01
   5.1272700e+06   4.6142578e+01
   5.1549410e+06   4.8950195e+01
   5.1735800e+06   4.8156738e+01
   5.1934480e+06   4.5043945e+01
   5.2041010e+06   4.2907715e+01
   5.2252000e+06   4.4372559e+01
   5.2349960e+06   4.4616699e+01
   5.2523570e+06   4.2907715e+01
   5.2713470e+06   4.4433594e+01
   5.2934430e+06   4.4250488e+01
   5.3045120e+06   4.6203613e+01
   5.3099760e+06   4.3151855e+01
   5.3115430e+06   4.3579102e+01
   5.3312580e+06   4.3579102e+01
   5.3373480e+06   4.3823242e+01
   5.3413390e+06   4.3090820e+01
   5.3563660e+06   4.8156738e+01
   5.3698570e+06   5.0842285e+01
   5.3793520e+06   4.5166016e+01
   5.3896250e+06   4.8706055e+01
   5.4024980e+06   5.2917480e+01
   5.4112960e+06   4.8217773e+01
   5.4318870e+06   4.2907715e+01
   5.4683580e+06   4.8095703e+01
   5.4819820e+06   4.6875000e+01
   5.4902700e+06   4.6569824e+01
   5.5349410e+06   4.2907715e+01
   5.5796100e+06   4.6875000e+01
   5.5909980e+06   4.5104980e+01
   5.6006750e+06   4.5837402e+01
   5.6052690e+06   4.8583984e+01
   5.6328370e+06   4.3212891e+01
   5.6399590e+06   4.5898438e+01
   5.6685130e+06   4.4433594e+01
   5.6685400e+06   4.4982910e+01
   5.6687060e+06   4.8095703e+01
   5.6688980e+06   4.5593262e+01
   5.6692850e+06   4.6081543e+01
   5.6715240e+06   4.6630859e+01
   5.6907420e+06   4.4006348e+01
   5.7206700e+06   4.5410156e+01
   5.7448010e+06   4.3212891e+01
   5.7498300e+06   4.6264648e+01
   5.7653410e+06   4.3640137e+01
   5.7676660e+06   4.3273926e+01
   5.7799650e+06   4.3212891e+01
   5.7838400e+06   4.7119141e+01
   5.8003370e+06   4.4921875e+01
   5.8101790e+06   4.6630859e+01
   5.8121180e+06   4.4128418e+01
   5.8247530e+06   4.8034668e+01
   5.8281380e+06   4.8583984e+01
   5.8312740e+06   5.0354004e+01
   5.8469140e+06   4.6569824e+01
   5.8493680e+06   4.5837402e+01
   5.9127080e+06   4.4555664e+01
   5.9289400e+06   4.3151855e+01
   5.9458110e+06   4.3395996e+01
   5.9488540e+06   4.9133301e+01
   5.9701570e+06   4.4372559e+01
   5.9813390e+06   4.3701172e+01
   5.9855310e+06   4.6875000e+01
   5.9911430e+06   4.3090820e+01
   5.9990920e+06   4.9560547e+01
   6.0067790e+06   4.2968750e+01
   6.0145480e+06   5.2734375e+01
   6.0250520e+06   4.4189453e+01
   6.0271420e+06   4.7607422e+01
   6.0424260e+06   4.3151855e+01
   6.0556660e+06   4.4921875e+01
   6.0895310e+06   4.9133301e+01
   6.0900040e+06   4.5349121e+01
   6.0969730e+06   4.6081543e+01
   6.1011960e+06   4.5471191e+01
   6.1111610e+06   4.3884277e+01
   6.1143480e+06   4.5898438e+01
   6.1174100e+06   4.4372559e+01
   6.1258370e+06   4.5104980e+01
   6.1552950e+06   4.4677734e+01
   6.1658130e+06   4.5104980e+01
   6.1796850e+06   4.4555664e+01
   6.1881900e+06   4.6752930e+01
   6.1968490e+06   4.4372559e+01
   6.2169490e+06   4.5104980e+01
   6.2363080e+06   4.5471191e+01
   6.2427660e+06   4.5654297e+01
   6.2442520e+06   4.4311523e+01
   6.2488380e+06   4.4555664e+01
   6.2574300e+06   4.3334961e+01
   6.2635710e+06   4.4616699e+01
   6.2688060e+06   4.4494629e+01
   6.2710860e+06   4.5471191e+01
   6.2830140e+06   5.0537109e+01
   6.2850370e+06   4.8645020e+01
   6.3135430e+06   4.3395996e+01
   6.3168850e+06   4.6386719e+01
   6.3180410e+06   5.5664062e+01
   6.3316990e+06   4.6508789e+01
   6.3473220e+06   4.4555664e+01
   6.3658320e+06   4.8034668e+01
   6.3729500e+06   4.3945312e+01
   6.3747410e+06   4.4738770e+01
   6.3821060e+06   4.7119141e+01
   6.3846930e+06   4.3151855e+01
   6.3872280e+06   4.4067383e+01
   6.4124750e+06   4.6997070e+01
   6.4140100e+06   4.6508789e+01
   6.4208620e+06   4.3212891e+01
   6.4308790e+06   4.3518066e+01
   6.4485150e+06   4.7302246e+01
   6.4586780e+06   5.1330566e+01
   6.4588490e+06   4.9072266e+01
   6.4589160e+06   4.9194336e+01
   6.4589550e+06   4.5837402e+01
   6.4589710e+06   5.0415039e+01
   6.4590720e+06   4.2907715e+01
   6.4600860e+06   5.1391602e+01
   6.4797110e+06   4.4433594e+01
   6.4802160e+06   4.9377441e+01
   6.4814360e+06   4.3334961e+01
   6.4911010e+06   4.5288086e+01
   6.5100150e+06   4.3945312e+01
   6.5125300e+06   5.1269531e+01
   6.5250070e+06   4.4372559e+01
   6.5306430e+06   4.3701172e+01
   6.5377290e+06   4.7912598e+01
   6.5511290e+06   4.7241211e+01
   6.5651710e+06   4.5959473e+01
   6.5684320e+06   4.3090820e+01
   6.5708350e+06   4.5715332e+01
   6.5898040e+06   4.3945312e+01
   6.5980820e+06   4.3090820e+01
   6.6053790e+06   4.6447754e+01
   6.6243500e+06   4.4372559e+01
   6.6542130e+06   4.6020508e+01
   6.6562900e+06   4.3762207e+01
   6.6579970e+06   4.3701172e+01
   6.6872200e+06   4.5715332e+01
   6.7102250e+06   4.3762207e+01
   6.7155120e+06   5.0720215e+01
   6.7488080e+06   4.4738770e+01
   6.7501960e+06   4.2907715e+01
   6.7576740e+06   4.3701172e+01
   6.7667570e+06   4.7058105e+01
   6.7740300e+06   4.3884277e+01
   6.7833140e+06   4.2907715e+01
   6.7876160e+06   4.4494629e+01
   6.7922780e+06   4.8522949e+01
   6.7989340e+06   4.3212891e+01
   6.8072520e+06   4.5471191e+01
   6.8232060e+06   4.3640137e+01
   6.8313550e+06   4.6447754e+01
   6.8346660e+06   5.0720215e+01
   6.8438500e+06   5.0903320e+01
   6.8783220e+06   4.5715332e+01
   6.8813190e+06   4.3395996e+01
   6.8963100e+06   4.3823242e+01
   6.9023830e+06   4.4677734e+01
   6.9099450e+06   4.3273926e+01
   6.9158660e+06   4.7180176e+01
   6.9196280e+06   4.6997070e+01
   6.9416440e+06   4.6142578e+01
   6.9456820e+06   4.5227051e+01
   6.9583850e+06   4.4677734e+01
   6.9826130e+06   4.6081543e+01
   7.0165570e+06   5.1940918e+01
   7.0242110e+06   4.4738770e+01
   7.0276870e+06   5.1574707e+01
   7.0416100e+06   4.4738770e+01
   7.0485460e+06   4.4372559e+01
   7.0610600e+06   4.2907715e+01
   7.0655460e+06   5.2062988e+01
   7.0656590e+06   4.2907715e+01
   7.0658120e+06   5.8715820e+01
   7.0659380e+06   4.4006348e+01
   7.0660560e+06   6.2438965e+01
   7.0660740e+06   4.5288086e+01
   7.0661610e+06   4.3579102e+01
   7.0662820e+06   4.3884277e+01
   7.0666350e+06   4.8156738e+01
   7.0886570e+06   4.6630859e+01
   7.0891830e+06   4.4372559e+01
   7.1174130e+06   4.7973633e+01
   7.1195660e+06   4.5288086e+01
   7.1330600e+06   4.4189453e+01
   7.1354490e+06   4.5349121e+01
   7.1532290e+06   4.5104980e+01
   7.1549110e+06   4.4311523e+01
   7.1658390e+06   5.1025391e+01
   7.1835410e+06   4.4006348e+01
   7.2026330e+06   4.4921875e+01
   7.2190980e+06   4.7424316e+01
   7.2269350e+06   4.3579102e+01
   7.2497590e+06   4.7363281e+01
   7.2613810e+06   4.3273926e+01
   7.2655900e+06   4.3701172e+01
   7.2868280e+06   5.0537109e+01
   7.3080660e+06   4.4067383e+01
   7.3378240e+06   4.3823242e+01
   7.3748540e+06   4.4921875e+01
   7.3968920e+06   4.4982910e+01
   7.3989590e+06   4.4189453e+01
   7.4179350e+06   4.9438477e+01
   7.4224170e+06   4.6508789e+01
   7.4299240e+06   4.7302246e+01
   7.4480490e+06   4.4494629e+01
   7.4499040e+06   4.3151855e+01
   7.4559330e+06   4.7729492e+01
   7.4589660e+06   4.9987793e+01
   7.4697720e+06   4.5349121e+01
   7.4755370e+06   4.4311523e+01
   7.5006340e+06   5.1330566e+01
   7.5045620e+06   4.6447754e+01
   7.5083250e+06   4.5410156e+01
   7.5118850e+06   4.5959473e+01
   7.5314780e+06   4.3334961e+01
   7.5424060e+06   5.1330566e+01
   7.5795340e+06   4.5104980e+01
   7.6070730e+06   4.7729492e+01
   7.6146270e+06   4.5043945e+01
   7.6232030e+06   4.6997070e+01
   7.6371010e+06   4.6020508e+01
   7.6651190e+06   4.6264648e+01
   7.6732880e+06   4.8889160e+01
   7.6823980e+06   4.4677734e+01
   7.6931270e+06   4.6691895e+01
   7.6961390e+06   4.4982910e+01
   7.7018800e+06   4.7912598e+01
   7.7115360e+06   4.5166016e+01
   7.7131280e+06   5.1391602e+01
   7.7210440e+06   4.4494629e+01
   7.7211820e+06   4.4311523e+01
   7.7214970e+06   4.6691895e+01
   7.7216640e+06   4.4311523e+01
   7.7439410e+06   4.3640137e+01
   7.7439920e+06   4.3884277e+01
   7.7450930e+06   4.3334961e+01
   7.7452220e+06   4.3151855e+01
   7.7771940e+06   4.6569824e+01
   7.7796410e+06   4.3395996e+01
   7.7870900e+06   4.7607422e+01
   7.7927720e+06   5.1269531e+01
   7.8086970e+06   4.4006348e+01
   7.8212450e+06   4.4006348e+01
   7.8358620e+06   4.3579102e+01
   7.8399340e+06   4.5532227e+01
   7.8567540e+06   4.3945312e+01
   7.8687030e+06   4.4677734e+01
   7.8727470e+06   4.2907715e+01
   7.9011280e+06   4.3945312e+01
   7.9032270e+06   4.8217773e+01
   7.9075590e+06   4.4006348e+01
   7.9234680e+06   4.4128418e+01
   7.9298960e+06   4.5166016e+01
   7.9405320e+06   5.1513672e+01
   7.9461410e+06   4.5471191e+01
   7.9575950e+06   4.3884277e+01
   7.9672410e+06   4.4189453e+01
   7.9716110e+06   5.0903320e+01
   7.9847270e+06   4.9133301e+01
   8.0039330e+06   4.3579102e+01
   8.0257890e+06   4.8950195e+01
   8.0358020e+06   4.4677734e+01
   8.0532580e+06   4.7973633e+01
   8.0591900e+06   4.3151855e+01
   8.0726220e+06   4.3151855e+01
   8.0817160e+06   5.1330566e+01
   8.0990900e+06   4.9987793e+01
   8.1126570e+06   4.9194336e+01
   8.1166890e+06   4.6936035e+01
   8.1305990e+06   4.4677734e+01
   8.1351390e+06   4.9072266e+01
   8.1367490e+06   4.9072266e+01
   8.1470020e+06   4.4921875e+01
   8.1492530e+06   4.5776367e+01
   8.1637450e+06   4.5227051e+01
   8.1718310e+06   4.5715332e+01
   8.1746270e+06   4.3640137e+01
   8.1835580e+06   4.5227051e+01
   8.1848460e+06   4.4982910e+01
   8.1869800e+06   4.7241211e+01
   8.2026130e+06   5.0109863e+01
   8.2052080e+06   4.6630859e+01
   8.2209160e+06   4.3762207e+01
   8.2268120e+06   4.6264648e+01
   8.2425400e+06   4.4067383e+01
   8.2633610e+06   4.3457031e+01
   8.2857500e+06   5.1208496e+01
   8.2972130e+06   4.7729492e+01
   8.3160860e+06   4.3334961e+01
   8.3184000e+06   4.3029785e+01
   8.3228700e+06   4.9377441e+01
   8.3348250e+06   4.7729492e+01
   8.3427340e+06   4.2907715e+01
   8.3574000e+06   4.6264648e+01
   8.3667880e+06   4.8461914e+01
   8.3761190e+06   4.5654297e+01
   8.3846600e+06   4.5776367e+01
   8.3941530e+06   4.6936035e+01
   8.4321620e+06   4.6936035e+01
   8.4515790e+06   4.7912598e+01
   8.4563460e+06   4.5654297e+01
   8.4593610e+06   4.3762207e+01
   8.4704820e+06   4.3457031e+01
   8.4796420e+06   5.0537109e+01
   8.4892500e+06   4.3334961e+01
   8.4993270e+06   4.8461914e+01
   8.5072100e+06   4.8950195e+01
   8.5088720e+06   4.7668457e+01
   8.5125280e+06   4.5043945e+01
   8.5149780e+06   4.6875000e+01
   8.5194710e+06   4.2968750e+01
   8.5350880e+06   4.8950195e+01
   8.5417740e+06   4.4921875e+01
   8.5423360e+06   4.8095703e+01
   8.5425500e+06   5.0537109e+01
   8.5427770e+06   4.4982910e+01
   8.5548340e+06   4.3579102e+01
   8.5644260e+06   5.3894043e+01
   8.5646020e+06   4.4860840e+01
   8.5763100e+06   4.4250488e+01
   8.5927490e+06   4.3518066e+01
   8.5934060e+06   4.6264648e+01
   8.5935200e+06   4.5532227e+01
   8.5937020e+06   4.5227051e+01
   8.6101020e+06   4.6142578e+01
   8.6224840e+06   4.6569824e+01
   8.6423800e+06   4.8645020e+01
   8.6485970e+06   4.3457031e+01
   8.6598490e+06   4.4372559e+01
   8.6791630e+06   4.3579102e+01
   8.7124390e+06   4.3518066e+01
   8.7144190e+06   4.3395996e+01
   8.7285330e+06   4.3579102e+01
   8.7363800e+06   4.8767090e+01
   8.7583970e+06   4.8645020e+01
   8.7735950e+06   4.7241211e+01
   8.7862140e+06   4.5043945e+01
   8.7947540e+06   4.3334961e+01
   8.7972800e+06   4.5104980e+01
   8.8178970e+06   4.4494629e+01
   8.8430790e+06   4.8095703e+01
   8.8540540e+06   4.7851562e+01
   8.8623560e+06   4.7912598e+01
   8.8798920e+06   4.6081543e+01
   8.8861440e+06   5.4504395e+01
   8.9035400e+06   4.3823242e+01
   8.9095170e+06   4.3640137e+01
   8.9150690e+06   4.5288086e+01
   8.9779540e+06   4.2968750e+01
   8.9844310e+06   4.4860840e+01
