   8.9990000e+06   0.0000000e+00
   3.9519000e+04   4.8278809e+01
   3.9682000e+04   4.3090820e+01
   6.7644000e+04   4.3395996e+01
   6.4081700e+05   4.1687012e+01
   6.6814400e+05   4.1870117e+01
   1.4063310e+06   4.1381836e+01
   1.4942130e+06   4.4311523e+01
   2.2257500e+06   4.3029785e+01
   3.0253180e+06   4.2236328e+01
   3.0468560e+06   4.2480469e+01
   3.9131770e+06   4.3640137e+01
   3.9132460e+06   4.6691895e+01
   3.9356460e+06   4.2602539e+01
   4.6179760e+06   4.7485352e+01
   4.6181980e+06   4.5166016e+01
   4.7153310e+06   4.2907715e+01
   5.6682700e+06   4.4982910e+01
   5.6685110e+06   4.3273926e+01
   5.6687160e+06   4.7302246e+01
   5.6690190e+06   4.5959473e+01
   5.7194680e+06   4.1381836e+01
   5.8313600e+06   4.5043945e+01
   6.4588380e+06   4.2785645e+01
   6.4589560e+06   4.1503906e+01
   7.0658520e+06   4.1931152e+01
   7.0659430e+06   4.3151855e+01
   7.7211590e+06   5.3344727e+01
   7.7213760e+06   5.0415039e+01
   7.7217790e+06   4.3273926e+01
   7.7444870e+06   4.2419434e+01
   8.5414540e+06   4.2358398e+01
   8.5421080e+06   4.1748047e+01
   8.5635340e+06   4.4372559e+01
   8.5927100e+06   4.3151855e+01
   8.5939110e+06   4.2236328e+01
   8.6285880e+06   4.2236328e+01
