   8.9990000e+06   0.0000000e+00
   3.9229000e+04   5.0537109e+01
   3.9552000e+04   4.3945312e+01
   3.9991000e+04   4.4555664e+01
   4.0049000e+04   5.2001953e+01
   4.1067000e+04   4.1320801e+01
   2.5246200e+05   4.1809082e+01
   2.9649100e+05   4.2541504e+01
   3.4956200e+05   3.9733887e+01
   4.3648700e+05   4.4372559e+01
   4.5346000e+05   4.0527344e+01
   4.8097000e+05   4.0649414e+01
   5.3985200e+05   4.7546387e+01
   6.3318600e+05   4.1442871e+01
   6.4051800e+05   4.4799805e+01
   6.4084600e+05   4.4738770e+01
   6.4107100e+05   4.4494629e+01
   6.4112100e+05   4.6386719e+01
   6.4115200e+05   4.2602539e+01
   6.4250000e+05   4.4189453e+01
   6.6233300e+05   4.1809082e+01
   6.6791700e+05   4.3090820e+01
   6.7001400e+05   4.2968750e+01
   6.8683700e+05   4.1381836e+01
   7.0959400e+05   3.9794922e+01
   7.3774700e+05   4.5410156e+01
   7.4749300e+05   4.0100098e+01
   7.5135900e+05   4.1809082e+01
   7.7034200e+05   4.0893555e+01
   7.9826600e+05   4.0222168e+01
   8.2178400e+05   4.1198730e+01
   8.6998900e+05   4.0771484e+01
   9.6921700e+05   4.1320801e+01
   9.7602000e+05   4.0527344e+01
   9.8447600e+05   4.2419434e+01
   1.0135400e+06   4.3334961e+01
   1.0389500e+06   4.2480469e+01
   1.0721970e+06   4.0222168e+01
   1.0773120e+06   4.0039062e+01
   1.0861270e+06   4.3395996e+01
   1.1231620e+06   4.3518066e+01
   1.1309640e+06   4.1503906e+01
   1.1589170e+06   3.9611816e+01
   1.1689130e+06   3.9550781e+01
   1.2106100e+06   4.5593262e+01
   1.2215650e+06   4.4494629e+01
   1.2620820e+06   4.4860840e+01
   1.3424310e+06   4.0039062e+01
   1.3538280e+06   4.4250488e+01
   1.3886930e+06   4.1809082e+01
   1.4264400e+06   4.4677734e+01
   1.4273240e+06   4.1625977e+01
   1.4600240e+06   3.9672852e+01
   1.4723550e+06   4.1015625e+01
   1.4994040e+06   4.5043945e+01
   1.5428770e+06   4.1931152e+01
   1.5598440e+06   4.0710449e+01
   1.5602350e+06   4.4250488e+01
   1.5676480e+06   4.4616699e+01
   1.5763890e+06   4.2419434e+01
   1.5932420e+06   4.5104980e+01
   1.6442720e+06   4.1137695e+01
   1.6619400e+06   4.2236328e+01
   1.8321130e+06   4.1809082e+01
   1.9045210e+06   4.0222168e+01
   1.9276510e+06   4.5410156e+01
   2.0502970e+06   4.4616699e+01
   2.0879890e+06   4.0222168e+01
   2.0967780e+06   4.0161133e+01
   2.1416610e+06   3.9733887e+01
   2.1422740e+06   4.0771484e+01
   2.1424220e+06   4.4555664e+01
   2.1610320e+06   4.1259766e+01
   2.1616740e+06   3.9611816e+01
   2.1793420e+06   4.0405273e+01
   2.1920980e+06   4.6630859e+01
   2.2277850e+06   4.4738770e+01
   2.2506400e+06   4.1137695e+01
   2.2704230e+06   4.0405273e+01
   2.2926910e+06   4.3029785e+01
   2.3188110e+06   4.3151855e+01
   2.3636140e+06   4.0405273e+01
   2.4691840e+06   4.1076660e+01
   2.5622950e+06   4.1870117e+01
   2.5948410e+06   4.0039062e+01
   2.6721630e+06   4.3212891e+01
   2.7287680e+06   4.1259766e+01
   2.8269360e+06   4.3579102e+01
   2.8562600e+06   3.9978027e+01
   2.8609370e+06   4.2358398e+01
   2.8808490e+06   3.9978027e+01
   2.8844740e+06   3.9978027e+01
   3.0247050e+06   4.2358398e+01
   3.0249980e+06   4.4311523e+01
   3.0253650e+06   4.1320801e+01
   3.0464590e+06   4.3640137e+01
   3.0886840e+06   4.4677734e+01
   3.2369980e+06   4.5898438e+01
   3.3544690e+06   4.6020508e+01
   3.4202880e+06   4.6997070e+01
   3.4419040e+06   4.1809082e+01
   3.4782470e+06   4.1259766e+01
   3.6933970e+06   3.9978027e+01
   3.7081260e+06   4.3395996e+01
   3.7350280e+06   4.4250488e+01
   3.7733140e+06   4.1503906e+01
   3.7813640e+06   4.1748047e+01
   3.8012760e+06   4.2907715e+01
   3.8660780e+06   4.0222168e+01
   3.9119510e+06   4.1198730e+01
   3.9125360e+06   4.0466309e+01
   3.9128300e+06   4.3884277e+01
   3.9129990e+06   4.1137695e+01
   3.9333870e+06   5.1147461e+01
   3.9353710e+06   4.0954590e+01
   3.9518610e+06   4.2541504e+01
   3.9581080e+06   4.1259766e+01
   3.9694990e+06   4.9316406e+01
   3.9713600e+06   4.5410156e+01
   4.1065760e+06   4.0954590e+01
   4.1427730e+06   4.1564941e+01
   4.1799890e+06   4.1625977e+01
   4.2074070e+06   4.4982910e+01
   4.4001170e+06   4.0588379e+01
   4.6170080e+06   3.9550781e+01
   4.6174140e+06   3.9733887e+01
   4.6175660e+06   3.9916992e+01
   4.6178880e+06   4.1809082e+01
   4.6182890e+06   4.1198730e+01
   4.6376720e+06   4.4921875e+01
   4.6417510e+06   4.5166016e+01
   4.6563030e+06   4.3029785e+01
   4.6828950e+06   4.1076660e+01
   4.6838180e+06   4.3945312e+01
   4.6843760e+06   4.1015625e+01
   4.7102050e+06   4.1503906e+01
   4.7555130e+06   3.9611816e+01
   4.7604250e+06   4.6386719e+01
   4.7749210e+06   4.1015625e+01
   4.7994610e+06   4.0039062e+01
   4.8392340e+06   4.7058105e+01
   4.9092920e+06   4.7546387e+01
   4.9543510e+06   4.0466309e+01
   5.0037700e+06   4.0100098e+01
   5.0439010e+06   4.2419434e+01
   5.0651890e+06   3.9611816e+01
   5.0871200e+06   4.0344238e+01
   5.1089100e+06   4.0710449e+01
   5.1286040e+06   4.3457031e+01
   5.1526730e+06   4.5532227e+01
   5.2516380e+06   4.0893555e+01
   5.3754360e+06   3.9855957e+01
   5.4361220e+06   4.0039062e+01
   5.4739640e+06   4.0161133e+01
   5.5490400e+06   3.9794922e+01
   5.5804980e+06   4.2907715e+01
   5.5903490e+06   4.6752930e+01
   5.6093570e+06   4.8583984e+01
   5.6681610e+06   4.2663574e+01
   5.6687530e+06   4.0588379e+01
   5.6690210e+06   3.9672852e+01
   5.7180970e+06   4.1137695e+01
   5.7498330e+06   4.9194336e+01
   5.7820820e+06   3.9916992e+01
   5.7833000e+06   4.0161133e+01
   5.7838860e+06   4.8339844e+01
   5.7891340e+06   4.2785645e+01
   5.7982040e+06   4.5471191e+01
   5.8676890e+06   4.3029785e+01
   6.0951290e+06   4.1870117e+01
   6.2772450e+06   4.1564941e+01
   6.2938770e+06   4.4250488e+01
   6.3074600e+06   4.4128418e+01
   6.3189810e+06   4.0954590e+01
   6.3306130e+06   4.0161133e+01
   6.3535000e+06   4.3579102e+01
   6.3625750e+06   4.0527344e+01
   6.4003170e+06   4.1503906e+01
   6.4514250e+06   4.0283203e+01
   6.4585780e+06   4.5654297e+01
   6.4588100e+06   4.3334961e+01
   6.4595820e+06   4.0283203e+01
   6.4774750e+06   4.0161133e+01
   6.4796340e+06   3.9916992e+01
   6.4987550e+06   4.1015625e+01
   6.5070190e+06   4.2358398e+01
   6.5389790e+06   3.9550781e+01
   6.5616690e+06   4.2236328e+01
   6.5996830e+06   4.2358398e+01
   6.6275780e+06   4.3029785e+01
   6.6549960e+06   4.0527344e+01
   6.7022650e+06   4.0771484e+01
   6.7115870e+06   4.1748047e+01
   6.7261580e+06   4.0344238e+01
   6.7708280e+06   3.9550781e+01
   6.8396650e+06   4.0649414e+01
   6.9411760e+06   4.7790527e+01
   7.0654740e+06   4.8095703e+01
   7.0656100e+06   4.6325684e+01
   7.0657740e+06   5.3894043e+01
   7.0663720e+06   4.0344238e+01
   7.0859480e+06   4.3823242e+01
   7.0880750e+06   4.3884277e+01
   7.0891180e+06   4.0283203e+01
   7.1797010e+06   5.2795410e+01
   7.1990460e+06   4.6630859e+01
   7.2662860e+06   4.0100098e+01
   7.2807020e+06   4.1625977e+01
   7.3845760e+06   4.1381836e+01
   7.3945640e+06   3.9733887e+01
   7.4003640e+06   4.0588379e+01
   7.4090180e+06   4.0344238e+01
   7.4481550e+06   4.3823242e+01
   7.4745940e+06   4.0344238e+01
   7.4832750e+06   4.1259766e+01
   7.5135260e+06   4.8828125e+01
   7.7162050e+06   4.3457031e+01
   7.7212040e+06   4.7180176e+01
   7.7435020e+06   4.4006348e+01
   7.7441300e+06   4.0222168e+01
   7.7986180e+06   4.0344238e+01
   7.9014960e+06   3.9672852e+01
   7.9117950e+06   4.8583984e+01
   7.9385560e+06   3.9611816e+01
   7.9457220e+06   4.2114258e+01
   7.9593730e+06   3.9611816e+01
   8.1216280e+06   4.0771484e+01
   8.1649380e+06   3.9611816e+01
   8.1700600e+06   4.2236328e+01
   8.1759940e+06   4.0405273e+01
   8.1915180e+06   4.2602539e+01
   8.3235470e+06   4.1809082e+01
   8.3321110e+06   4.1442871e+01
   8.3828210e+06   3.9611816e+01
   8.3984100e+06   4.5593262e+01
   8.4155360e+06   4.1137695e+01
   8.4513410e+06   4.0588379e+01
   8.4683910e+06   4.1809082e+01
   8.4979510e+06   4.5898438e+01
   8.5138620e+06   4.0100098e+01
   8.5188790e+06   4.0344238e+01
   8.5322210e+06   4.8034668e+01
   8.5391750e+06   4.1748047e+01
   8.5542030e+06   4.1992188e+01
   8.5606360e+06   4.7668457e+01
   8.5895250e+06   4.4982910e+01
   8.6551420e+06   4.3334961e+01
   8.6734350e+06   4.0039063e+01
   8.7268430e+06   4.7302246e+01
   8.8230380e+06   4.2419434e+01
   8.8629160e+06   4.0771484e+01
   8.8667590e+06   4.2358398e+01
   8.8977100e+06   4.0039062e+01
   8.9323480e+06   4.2114258e+01
   8.9449170e+06   4.4677734e+01
   8.9934520e+06   4.2907715e+01
