   8.9990000e+06   0.0000000e+00
   1.5124000e+04   6.7382812e+01
   3.9253000e+04   6.7260742e+01
   3.9730000e+04   4.7729492e+01
   4.0067000e+04   4.2785645e+01
   4.0386000e+04   7.4340820e+01
   4.0640000e+04   5.0537109e+01
   4.0906000e+04   5.3588867e+01
   4.1500000e+04   4.3212891e+01
   6.8269000e+04   4.3945312e+01
   7.0684000e+04   6.2866211e+01
   7.4105000e+04   4.2236328e+01
   9.5128000e+04   6.6711426e+01
   2.3918700e+05   4.1625977e+01
   2.5562800e+05   6.0729980e+01
   2.5621400e+05   7.4279785e+01
   2.5651300e+05   5.9753418e+01
   2.5676300e+05   4.7912598e+01
   2.5721000e+05   5.8227539e+01
   2.5747600e+05   5.1269531e+01
   3.8170200e+05   6.0241699e+01
   3.8223000e+05   6.7871094e+01
   3.8278900e+05   6.1218262e+01
   3.8391700e+05   6.5307617e+01
   3.8609300e+05   4.9377441e+01
   3.8640000e+05   4.1015625e+01
   3.8708900e+05   5.0903320e+01
   4.9514800e+05   7.1716309e+01
   4.9668000e+05   7.2631836e+01
   4.9698500e+05   6.1950684e+01
   4.9985100e+05   4.8522949e+01
   5.0022400e+05   4.8461914e+01
   5.3642700e+05   7.1899414e+01
   5.3703100e+05   5.5114746e+01
   5.3742400e+05   4.7973633e+01
   5.9753500e+05   8.7951660e+01
   5.9915100e+05   6.0119629e+01
   5.9950600e+05   5.4016113e+01
   5.9989600e+05   5.3833008e+01
   6.0021700e+05   4.2114258e+01
   6.0050700e+05   4.6142578e+01
   6.0107700e+05   4.9072266e+01
   6.0179600e+05   4.3273926e+01
   6.0273000e+05   4.2175293e+01
   6.4090000e+05   7.1777344e+01
   6.4119700e+05   4.1992188e+01
   6.4133100e+05   4.1320801e+01
   6.4179900e+05   5.3894043e+01
   6.4204400e+05   4.8583984e+01
   6.4257200e+05   4.4311523e+01
   7.1201000e+05   7.9345703e+01
   7.1417300e+05   7.1044922e+01
   7.1479600e+05   5.7556152e+01
   7.1520100e+05   5.5114746e+01
   7.1558700e+05   4.2297363e+01
   8.2965000e+05   8.0383301e+01
   8.3090400e+05   7.2326660e+01
   8.3261400e+05   6.0546875e+01
   8.3285600e+05   6.1889648e+01
   8.3323800e+05   4.3029785e+01
   8.3349800e+05   4.2785645e+01
   8.3394400e+05   4.2053223e+01
   1.0685740e+06   8.5388184e+01
   1.0696650e+06   7.6782227e+01
   1.0702880e+06   7.0678711e+01
   1.0707910e+06   6.3232422e+01
   1.0712750e+06   5.2795410e+01
   1.1616050e+06   6.7016602e+01
   1.1642330e+06   7.8247070e+01
   1.2162220e+06   8.1909180e+01
   1.2511960e+06   7.1044922e+01
   1.2516880e+06   6.9763184e+01
   1.2520850e+06   5.5664062e+01
   1.2525020e+06   4.9011230e+01
   1.2540620e+06   6.0241699e+01
   1.2546400e+06   5.7067871e+01
   1.2565630e+06   4.1870117e+01
   1.2917540e+06   6.8115234e+01
   1.3633080e+06   8.1176758e+01
   1.4058390e+06   8.3007812e+01
   1.4069340e+06   7.7331543e+01
   1.4071630e+06   6.0668945e+01
   1.4073750e+06   4.6447754e+01
   1.4206070e+06   4.4677734e+01
   1.4247530e+06   4.4189453e+01
   1.4300270e+06   4.1809082e+01
   1.4864530e+06   6.7504883e+01
   1.4881860e+06   5.5236816e+01
   1.4884140e+06   5.8166504e+01
   1.4886950e+06   5.3649902e+01
   1.4890000e+06   4.5776367e+01
   1.6382090e+06   8.6059570e+01
   1.6385070e+06   6.0729980e+01
   1.6394880e+06   7.0007324e+01
   1.6631740e+06   4.1503906e+01
   1.7186840e+06   7.4829102e+01
   1.7189950e+06   5.2612305e+01
   1.7197040e+06   5.4321289e+01
   1.7203600e+06   5.1086426e+01
   1.7849660e+06   7.6782227e+01
   1.7862780e+06   6.8298340e+01
   1.7869900e+06   5.9387207e+01
   1.7877650e+06   5.0598145e+01
   1.7880360e+06   5.0598145e+01
   1.7883730e+06   4.2236328e+01
   1.8258590e+06   4.4555664e+01
   1.8684790e+06   8.9660645e+01
   1.8689190e+06   6.4575195e+01
   1.8694890e+06   5.1940918e+01
   1.8697780e+06   4.4372559e+01
   1.8715540e+06   4.2236328e+01
   1.9484360e+06   7.0434570e+01
   1.9926140e+06   7.3181152e+01
   1.9949610e+06   6.1706543e+01
   1.9953100e+06   6.7382812e+01
   1.9957100e+06   5.1147461e+01
   1.9959800e+06   4.1076660e+01
   2.0168400e+06   4.8767090e+01
   2.0171680e+06   5.0659180e+01
   2.0986500e+06   9.1613770e+01
   2.1406630e+06   7.4035645e+01
   2.1410800e+06   5.3894043e+01
   2.1414700e+06   4.1442871e+01
   2.1423680e+06   5.9753418e+01
   2.1426090e+06   5.5419922e+01
   2.1428990e+06   4.2541504e+01
   2.1899590e+06   6.3781738e+01
   2.1903750e+06   6.1889648e+01
   2.1906780e+06   5.2856445e+01
   2.1909290e+06   4.8706055e+01
   2.1917020e+06   4.5837402e+01
   2.2084200e+06   4.5837402e+01
   2.2709420e+06   4.3151855e+01
   2.2720650e+06   4.2663574e+01
   2.2732730e+06   7.5134277e+01
   2.2739330e+06   6.9335938e+01
   2.3108500e+06   6.6894531e+01
   2.3157680e+06   5.9082031e+01
   2.3162700e+06   5.4931641e+01
   2.3164880e+06   4.9194336e+01
   2.3789810e+06   4.1687012e+01
   2.3992930e+06   4.1198730e+01
   2.5163560e+06   7.4401855e+01
   2.5547040e+06   8.1787109e+01
   2.5550310e+06   6.4758301e+01
   2.5553800e+06   4.4189453e+01
   2.5556130e+06   5.3588867e+01
   2.5558510e+06   4.2785645e+01
   2.5563280e+06   4.1931152e+01
   2.6257620e+06   6.7810059e+01
   2.6263450e+06   6.0791016e+01
   2.6267980e+06   5.8044434e+01
   2.6722990e+06   7.3242188e+01
   2.6725680e+06   6.6772461e+01
   2.6746380e+06   5.6457520e+01
   2.7500890e+06   7.4829102e+01
   2.7515810e+06   6.7016602e+01
   2.7522550e+06   6.1157227e+01
   2.7525010e+06   4.6875000e+01
   2.7528540e+06   4.8583984e+01
   2.8290640e+06   6.6040039e+01
   2.8357270e+06   7.6782227e+01
   2.8501150e+06   8.4289551e+01
   2.8784750e+06   6.8786621e+01
   2.9222070e+06   7.1044922e+01
   2.9903970e+06   7.5561523e+01
   2.9910210e+06   7.4829102e+01
   2.9915410e+06   6.4086914e+01
   2.9917790e+06   4.5166016e+01
   2.9921330e+06   4.1687012e+01
   2.9928990e+06   4.8095703e+01
   3.0241250e+06   8.1665039e+01
   3.0258950e+06   6.7199707e+01
   3.0261250e+06   4.5166016e+01
   3.0266230e+06   5.6640625e+01
   3.0269650e+06   5.8471680e+01
   3.0768340e+06   5.6762695e+01
   3.0772220e+06   4.3395996e+01
   3.0776300e+06   5.4748535e+01
   3.0786290e+06   4.1015625e+01
   3.0802340e+06   4.0954590e+01
   3.1157730e+06   4.3518066e+01
   3.1161400e+06   6.2011719e+01
   3.1164700e+06   4.8889160e+01
   3.1168230e+06   4.8156738e+01
   3.1175390e+06   4.5959473e+01
   3.1191110e+06   4.3090820e+01
   3.1528260e+06   7.0190430e+01
   3.1586900e+06   5.0537109e+01
   3.1589320e+06   4.3212891e+01
   3.1599650e+06   5.0537109e+01
   3.3735360e+06   6.3903809e+01
   3.3738700e+06   6.5063477e+01
   3.3756970e+06   6.5307617e+01
   3.4732620e+06   6.4453125e+01
   3.4738360e+06   4.6081543e+01
   3.4744770e+06   5.6152344e+01
   3.4764990e+06   4.8889160e+01
   3.4768100e+06   4.5532227e+01
   3.4776360e+06   4.6691895e+01
   3.4780550e+06   4.7546387e+01
   3.4865630e+06   4.2907715e+01
   3.5493980e+06   6.5063477e+01
   3.5497350e+06   5.2185059e+01
   3.5502230e+06   5.8959961e+01
   3.6287780e+06   6.6833496e+01
   3.6290110e+06   5.6396484e+01
   3.6292240e+06   6.2622070e+01
   3.6297500e+06   6.5063477e+01
   3.6300580e+06   5.1940918e+01
   3.7140780e+06   6.4575195e+01
   3.7491680e+06   5.6701660e+01
   3.7766740e+06   6.1523438e+01
   3.7792910e+06   6.6833496e+01
   3.7801040e+06   5.8959961e+01
   3.7809250e+06   5.2856445e+01
   3.7816280e+06   5.1208496e+01
   3.8470410e+06   6.7321777e+01
   3.8720960e+06   6.3781738e+01
   3.8724120e+06   7.2448730e+01
   3.8726810e+06   4.6081543e+01
   3.8730570e+06   4.5349121e+01
   3.8741930e+06   5.1696777e+01
   3.8758890e+06   4.2297363e+01
   3.8993470e+06   7.0495605e+01
   3.8997090e+06   6.8176270e+01
   3.9140460e+06   7.2448730e+01
   3.9158940e+06   4.1137695e+01
   3.9344730e+06   7.1716309e+01
   3.9347980e+06   5.4077148e+01
   3.9350200e+06   5.7800293e+01
   3.9359370e+06   4.1503906e+01
   3.9680150e+06   7.3974609e+01
   3.9682610e+06   4.9865723e+01
   3.9685210e+06   4.5288086e+01
   3.9691390e+06   4.0893555e+01
   3.9980700e+06   6.6223145e+01
   3.9983460e+06   5.9082031e+01
   3.9987920e+06   5.0415039e+01
   3.9992010e+06   5.5236816e+01
   4.0011320e+06   4.1503906e+01
   4.1566120e+06   8.7524414e+01
   4.1573320e+06   7.4157715e+01
   4.1576370e+06   5.3833008e+01
   4.1980960e+06   6.6284180e+01
   4.1987870e+06   7.4523926e+01
   4.2568490e+06   5.4321289e+01
   4.2577810e+06   6.0913086e+01
   4.2581560e+06   4.8034668e+01
   4.2583590e+06   4.4006348e+01
   4.2586660e+06   4.1870117e+01
   4.2591290e+06   4.2663574e+01
   4.3232170e+06   8.1970215e+01
   4.3826950e+06   6.4697266e+01
   4.3836640e+06   7.8125000e+01
   4.3841440e+06   5.3527832e+01
   4.3843490e+06   4.3945313e+01
   4.3850640e+06   4.0954590e+01
   4.3853840e+06   4.1076660e+01
   4.3856360e+06   4.7607422e+01
   4.3956920e+06   6.0363770e+01
   4.4026950e+06   4.1687012e+01
   4.4401270e+06   8.9416504e+01
   4.4603620e+06   6.9824219e+01
   4.4621440e+06   6.7077637e+01
   4.4624410e+06   5.2124023e+01
   4.4630010e+06   5.6823730e+01
   4.4633510e+06   5.6274414e+01
   4.4639130e+06   4.4982910e+01
   4.5325280e+06   7.4890137e+01
   4.5328060e+06   7.1044922e+01
   4.5707270e+06   6.6406250e+01
   4.6024370e+06   7.1472168e+01
   4.6045970e+06   6.4331055e+01
   4.6061600e+06   6.4086914e+01
   4.6065690e+06   5.0292969e+01
   4.6175000e+06   5.4687500e+01
   4.6185290e+06   5.3283691e+01
   4.6188270e+06   5.2673340e+01
   4.6193060e+06   4.9987793e+01
   4.6409800e+06   6.8603516e+01
   4.6578240e+06   6.8176270e+01
   4.6582140e+06   5.9204102e+01
   4.6584910e+06   4.4372559e+01
   4.6587960e+06   4.9438477e+01
   4.6828600e+06   4.2053223e+01
   4.7147900e+06   8.1420898e+01
   4.7174330e+06   4.1625977e+01
   4.7181010e+06   6.4758301e+01
   4.7219490e+06   6.7810059e+01
   4.7222570e+06   5.4260254e+01
   4.7642030e+06   6.2377930e+01
   4.8009240e+06   6.4514160e+01
   4.8648970e+06   8.1054688e+01
   4.8958100e+06   6.6772461e+01
   4.9366390e+06   7.4707031e+01
   4.9819550e+06   6.9335938e+01
   5.0032680e+06   5.9143066e+01
   5.0034900e+06   6.2438965e+01
   5.0045120e+06   6.0241699e+01
   5.0049040e+06   5.1757813e+01
   5.0051780e+06   4.7119141e+01
   5.0350590e+06   4.1137695e+01
   5.0403850e+06   7.4707031e+01
   5.0809600e+06   6.8481445e+01
   5.0814280e+06   6.9274902e+01
   5.0829970e+06   5.6701660e+01
   5.0832910e+06   4.6752930e+01
   5.0845830e+06   5.2185059e+01
   5.1486910e+06   5.9326172e+01
   5.1489110e+06   5.6884766e+01
   5.1491440e+06   4.3395996e+01
   5.1495640e+06   4.6325684e+01
   5.1502800e+06   5.2795410e+01
   5.2327300e+06   7.4157715e+01
   5.2651780e+06   6.4819336e+01
   5.3018350e+06   7.1838379e+01
   5.3055740e+06   6.7565918e+01
   5.3059560e+06   6.0485840e+01
   5.3063610e+06   4.5349121e+01
   5.3066920e+06   4.8034668e+01
   5.3080760e+06   4.2358398e+01
   5.3965340e+06   8.4167480e+01
   5.3968050e+06   6.9580078e+01
   5.3970070e+06   4.4372559e+01
   5.3974420e+06   4.1931152e+01
   5.4834320e+06   6.4575195e+01
   5.5202430e+06   7.0312500e+01
   5.5452820e+06   6.8847656e+01
   5.5474560e+06   6.6162109e+01
   5.5478640e+06   5.6091309e+01
   5.5482140e+06   4.7302246e+01
   5.5493420e+06   4.4738770e+01
   5.5899030e+06   7.9772949e+01
   5.6331200e+06   8.2885742e+01
   5.6659130e+06   6.5368652e+01
   5.6666740e+06   7.3303223e+01
   5.6670350e+06   6.2561035e+01
   5.6672700e+06   5.2246094e+01
   5.6678700e+06   4.1137695e+01
   5.6683670e+06   4.3579102e+01
   5.6684810e+06   4.1809082e+01
   5.6685160e+06   4.5837402e+01
   5.6694690e+06   4.6752930e+01
   5.6697310e+06   4.1015625e+01
   5.6716050e+06   4.3334961e+01
   5.7007400e+06   6.6772461e+01
   5.7190570e+06   4.1259766e+01
   5.7210940e+06   6.8725586e+01
   5.7478430e+06   7.6110840e+01
   5.7483940e+06   6.4636230e+01
   5.7486620e+06   5.4321289e+01
   5.7491100e+06   5.8776855e+01
   5.7494430e+06   5.0048828e+01
   5.7499040e+06   4.2907715e+01
   5.7547530e+06   4.4494629e+01
   5.7550510e+06   5.2001953e+01
   5.7865760e+06   6.4575195e+01
   5.7871070e+06   6.0119629e+01
   5.7880520e+06   4.1198730e+01
   5.7886480e+06   4.0832520e+01
   5.7897480e+06   4.3334961e+01
   5.8309360e+06   7.1777344e+01
   6.0079060e+06   7.8552246e+01
   6.0724540e+06   4.1503906e+01
   6.0882070e+06   7.3791504e+01
   6.1079790e+06   4.1442871e+01
   6.1584390e+06   7.5012207e+01
   6.1613270e+06   6.3781738e+01
   6.1641610e+06   6.7871094e+01
   6.1643610e+06   4.3029785e+01
   6.1646280e+06   4.6508789e+01
   6.1650100e+06   5.0720215e+01
   6.3004850e+06   4.1992188e+01
   6.3122190e+06   8.5998535e+01
   6.3128690e+06   7.9772949e+01
   6.3142490e+06   6.0241699e+01
   6.3144620e+06   5.6396484e+01
   6.3152270e+06   5.1391602e+01
   6.3639650e+06   6.2805176e+01
   6.3679800e+06   7.8796387e+01
   6.4058420e+06   6.4575195e+01
   6.4582020e+06   1.0211182e+02
   6.4595170e+06   7.0739746e+01
   6.4598010e+06   5.5541992e+01
   6.4601050e+06   5.2856445e+01
   6.4603000e+06   4.4067383e+01
   6.4625550e+06   4.9438477e+01
   6.4776590e+06   6.7504883e+01
   6.5089620e+06   6.4575195e+01
   6.5095780e+06   6.3903809e+01
   6.5102150e+06   4.9194336e+01
   6.5105240e+06   4.6386719e+01
   6.5829850e+06   7.3303223e+01
   6.7882490e+06   7.5439453e+01
   6.8635030e+06   7.6171875e+01
   6.8799360e+06   8.2824707e+01
   6.8810070e+06   6.8115234e+01
   6.9120000e+06   4.1687012e+01
   7.0172590e+06   7.1838379e+01
   7.0177480e+06   8.6120605e+01
   7.0182970e+06   6.3537598e+01
   7.0188630e+06   7.1899414e+01
   7.0191430e+06   4.8828125e+01
   7.0654000e+06   4.3212891e+01
   7.0659320e+06   4.1198730e+01
   7.0665810e+06   8.2336426e+01
   7.0668610e+06   7.4157715e+01
   7.0673170e+06   5.0903320e+01
   7.0676020e+06   4.6997070e+01
   7.0680830e+06   5.0292969e+01
   7.1073530e+06   7.9101562e+01
   7.1077930e+06   6.4025879e+01
   7.1081990e+06   5.8898926e+01
   7.1089270e+06   4.7180176e+01
   7.1092920e+06   4.8583984e+01
   7.1112590e+06   4.1320801e+01
   7.2368470e+06   7.5561523e+01
   7.2370510e+06   7.1838379e+01
   7.2892380e+06   5.8166504e+01
   7.3109210e+06   4.2236328e+01
   7.3353370e+06   9.0881348e+01
   7.3356390e+06   7.5378418e+01
   7.3392170e+06   5.6884766e+01
   7.3399080e+06   6.2316895e+01
   7.4123570e+06   5.9509277e+01
   7.4222500e+06   4.1259766e+01
   7.4385420e+06   8.9355469e+01
   7.4759520e+06   8.3862305e+01
   7.4761890e+06   7.2082520e+01
   7.4764380e+06   5.4016113e+01
   7.4767440e+06   5.4992676e+01
   7.4774540e+06   4.3090820e+01
   7.4776880e+06   4.5654297e+01
   7.4787370e+06   5.4260254e+01
   7.4791480e+06   4.4128418e+01
   7.6066050e+06   7.0373535e+01
   7.6071890e+06   7.2387695e+01
   7.6074430e+06   5.2185059e+01
   7.6077470e+06   5.2734375e+01
   7.6081720e+06   4.8828125e+01
   7.6727970e+06   8.2031250e+01
   7.7205760e+06   8.2702637e+01
   7.7209290e+06   4.1076660e+01
   7.7212450e+06   4.4799805e+01
   7.7225820e+06   5.0231934e+01
   7.7370060e+06   7.2875977e+01
   7.7379070e+06   7.9956055e+01
   7.7381770e+06   6.0729980e+01
   7.7384070e+06   4.5166016e+01
   7.7667830e+06   4.1625977e+01
   7.8038080e+06   8.6791992e+01
   7.8408350e+06   7.6171875e+01
   7.8413430e+06   6.5124512e+01
   7.8919610e+06   8.2702637e+01
   7.9640340e+06   6.7260742e+01
   7.9647580e+06   8.0810547e+01
   7.9650160e+06   5.5664063e+01
   7.9686040e+06   5.9082031e+01
   8.0231330e+06   7.9650879e+01
   8.0234160e+06   6.4453125e+01
   8.0884560e+06   6.8054199e+01
   8.0888290e+06   6.5490723e+01
   8.1288760e+06   6.2805176e+01
   8.1291640e+06   7.5927734e+01
   8.1299380e+06   6.0668945e+01
   8.1301720e+06   5.2917480e+01
   8.1942490e+06   7.6904297e+01
   8.1946050e+06   6.5856934e+01
   8.1950530e+06   5.2551270e+01
   8.2363880e+06   7.4462891e+01
   8.2367650e+06   8.3435059e+01
   8.2376130e+06   6.2683105e+01
   8.2382030e+06   4.7546387e+01
   8.2388380e+06   4.8034668e+01
   8.2393390e+06   5.0964355e+01
   8.2417510e+06   4.8950195e+01
   8.3339190e+06   7.6110840e+01
   8.3343020e+06   7.7331543e+01
   8.3345240e+06   6.4514160e+01
   8.3349200e+06   5.1086426e+01
   8.3351730e+06   4.1320801e+01
   8.3357600e+06   4.3457031e+01
   8.3366400e+06   5.1391602e+01
   8.3375400e+06   4.7668457e+01
   8.3919790e+06   7.2265625e+01
   8.3925440e+06   7.4401855e+01
   8.3929290e+06   6.0363770e+01
   8.3935120e+06   4.9804688e+01
   8.4752730e+06   8.3862305e+01
   8.4807560e+06   4.3090820e+01
   8.5014140e+06   7.0312500e+01
   8.5182870e+06   4.4494629e+01
   8.5291560e+06   5.3771973e+01
   8.5294340e+06   6.6040039e+01
   8.5296680e+06   5.7312012e+01
   8.5301310e+06   4.9011230e+01
   8.5319590e+06   4.0954590e+01
   8.5426850e+06   4.6936035e+01
   8.5633070e+06   7.1411133e+01
   8.5644460e+06   4.0832520e+01
   8.5925080e+06   6.7199707e+01
   8.5927010e+06   6.0119629e+01
   8.6283230e+06   7.5317383e+01
   8.6647230e+06   8.3251953e+01
   8.6686760e+06   6.5063477e+01
   8.6691110e+06   5.9570313e+01
   8.6694400e+06   6.0180664e+01
   8.6697450e+06   4.7058105e+01
   8.6702930e+06   5.2246094e+01
   8.7152620e+06   7.4462891e+01
   8.7155000e+06   6.4758301e+01
   8.7159230e+06   5.7739258e+01
   8.7162590e+06   4.7668457e+01
   8.7165540e+06   4.1503906e+01
   8.7171110e+06   5.0109863e+01
   8.8234300e+06   7.9528809e+01
   8.8670590e+06   8.6303711e+01
   8.8678830e+06   5.4748535e+01
   8.8680920e+06   5.1513672e+01
   8.8694380e+06   4.2297363e+01
   8.8698470e+06   4.1015625e+01
   8.9596230e+06   7.0007324e+01
   8.9598330e+06   5.7250977e+01
   8.9601830e+06   5.7800293e+01
