   8.9990000e+06   0.0000000e+00
   1.3263000e+04   4.1320801e+01
   6.2723000e+04   4.3945312e+01
   6.3296000e+04   4.4616699e+01
   8.2658000e+04   4.1503906e+01
   1.2611500e+05   4.6203613e+01
   1.2692400e+05   4.5227051e+01
   1.3881500e+05   4.3334961e+01
   1.7650500e+05   4.3701172e+01
   1.8219700e+05   4.1931152e+01
   2.2933500e+05   4.6142578e+01
   2.3820800e+05   4.1809082e+01
   2.3845600e+05   4.4433594e+01
   2.3996800e+05   4.1625977e+01
   2.4028600e+05   4.2602539e+01
   2.4670800e+05   4.4006348e+01
   2.9748000e+05   4.3762207e+01
   3.2446300e+05   4.4921875e+01
   3.3713800e+05   4.4677734e+01
   3.3874200e+05   4.1198730e+01
   3.4584500e+05   4.3457031e+01
   3.6337100e+05   4.2175293e+01
   3.6405900e+05   4.7546387e+01
   3.6477300e+05   4.4799805e+01
   3.6956900e+05   4.5471191e+01
   3.7290400e+05   4.6691895e+01
   4.0069500e+05   4.6508789e+01
   4.1479300e+05   4.6630859e+01
   4.5163300e+05   4.8461914e+01
   4.5201200e+05   4.8034668e+01
   4.5265600e+05   4.4006348e+01
   4.5318900e+05   4.2541504e+01
   4.9431700e+05   4.5166016e+01
   5.0484300e+05   4.3762207e+01
   5.3059700e+05   4.6325684e+01
   5.4313800e+05   4.7790527e+01
   5.4511100e+05   4.5166016e+01
   5.4550500e+05   4.2663574e+01
   5.4597700e+05   4.4372559e+01
   5.4676900e+05   4.4738770e+01
   5.4750800e+05   4.1259766e+01
   5.4906600e+05   4.1381836e+01
   6.0248500e+05   4.3029785e+01
   6.0331700e+05   4.4921875e+01
   6.0450400e+05   4.2236328e+01
   6.4696700e+05   4.5227051e+01
   6.5088000e+05   4.3762207e+01
   7.2263500e+05   4.4494629e+01
   7.2391500e+05   5.0354004e+01
   7.2711100e+05   4.2358398e+01
   7.4321100e+05   4.1809082e+01
   7.7436100e+05   4.5654297e+01
   7.7483800e+05   4.3090820e+01
   8.0401800e+05   4.3395996e+01
   8.0739100e+05   4.4250488e+01
   8.4891300e+05   4.3090820e+01
   8.5335000e+05   4.5837402e+01
   9.1159300e+05   4.1076660e+01
   9.4850500e+05   4.2663574e+01
   9.9165200e+05   4.3212891e+01
   9.9796800e+05   4.3762207e+01
   1.0011330e+06   4.2297363e+01
   1.0016880e+06   4.3579102e+01
   1.0023310e+06   4.4372559e+01
   1.0027340e+06   4.2114258e+01
   1.1390990e+06   4.6325684e+01
   1.1928130e+06   4.3518066e+01
   1.2057250e+06   4.8156738e+01
   1.2469490e+06   4.1137695e+01
   1.2913800e+06   4.8645020e+01
   1.2950510e+06   4.1992188e+01
   1.3004810e+06   4.1137695e+01
   1.3065360e+06   4.1320801e+01
   1.3289900e+06   4.5043945e+01
   1.3344670e+06   4.1931152e+01
   1.3869180e+06   5.1879883e+01
   1.4312920e+06   4.8400879e+01
   1.4468730e+06   4.2480469e+01
   1.4502390e+06   4.2724609e+01
   1.5086680e+06   4.9133301e+01
   1.5431410e+06   4.6325684e+01
   1.5480920e+06   5.7556152e+01
   1.5485760e+06   4.6508789e+01
   1.5496300e+06   4.2114258e+01
   1.5883220e+06   5.0109863e+01
   1.5955370e+06   4.6875000e+01
   1.6168260e+06   5.1940918e+01
   1.6557100e+06   4.9194336e+01
   1.6566520e+06   4.5471191e+01
   1.6795190e+06   4.2907715e+01
   1.6930090e+06   4.1809082e+01
   1.6957960e+06   4.4799805e+01
   1.7232350e+06   4.7546387e+01
   1.7339670e+06   4.1503906e+01
   1.7599390e+06   4.2053223e+01
   1.7680710e+06   4.2846680e+01
   1.7891200e+06   4.3762207e+01
   1.8237800e+06   4.3273926e+01
   1.8242280e+06   4.3151855e+01
   1.8539870e+06   4.2480469e+01
   1.8544250e+06   4.1687012e+01
   1.8690710e+06   4.4799805e+01
   1.8714100e+06   4.2236328e+01
   1.8991810e+06   4.4250488e+01
   1.9046180e+06   4.4006348e+01
   1.9050110e+06   5.1574707e+01
   1.9167600e+06   4.3823242e+01
   1.9669960e+06   4.4921875e+01
   2.0079610e+06   4.4677734e+01
   2.0085970e+06   4.6630859e+01
   2.0096970e+06   4.2053223e+01
   2.0850680e+06   4.2114258e+01
   2.0876000e+06   4.2236328e+01
   2.1304230e+06   4.3334961e+01
   2.1315940e+06   4.2053223e+01
   2.1328670e+06   4.7180176e+01
   2.1334430e+06   4.1503906e+01
   2.1608170e+06   5.1940918e+01
   2.1756860e+06   4.4494629e+01
   2.1965720e+06   5.3100586e+01
   2.2018200e+06   4.3884277e+01
   2.2199080e+06   4.8583984e+01
   2.2202550e+06   4.9682617e+01
   2.2217510e+06   4.2236328e+01
   2.2223800e+06   4.2236328e+01
   2.2615160e+06   4.5043945e+01
   2.2661160e+06   4.4067383e+01
   2.2675740e+06   4.1870117e+01
   2.3203000e+06   4.8583984e+01
   2.3330850e+06   4.5166016e+01
   2.3334970e+06   4.3518066e+01
   2.3338880e+06   4.1870117e+01
   2.3349400e+06   4.2541504e+01
   2.3539540e+06   4.1931152e+01
   2.3596860e+06   4.1564941e+01
   2.3921500e+06   4.9011230e+01
   2.6144030e+06   4.1564941e+01
   2.6219690e+06   4.5043945e+01
   2.6465050e+06   4.4494629e+01
   2.6519800e+06   4.2602539e+01
   2.6557670e+06   4.3884277e+01
   2.6593220e+06   4.1259766e+01
   2.6595780e+06   4.2297363e+01
   2.6605330e+06   4.3029785e+01
   2.6613440e+06   4.2297363e+01
   2.7034240e+06   4.3701172e+01
   2.7080420e+06   4.6020508e+01
   2.7458070e+06   4.4677734e+01
   2.8199380e+06   4.7241211e+01
   2.8565280e+06   4.8034668e+01
   2.8917570e+06   4.3701172e+01
   2.9257330e+06   4.7790527e+01
   2.9453770e+06   4.1931152e+01
   2.9489210e+06   4.5532227e+01
   2.9659500e+06   4.5227051e+01
   2.9673310e+06   4.8034668e+01
   2.9684610e+06   4.1137695e+01
   2.9711510e+06   4.1870117e+01
   2.9718690e+06   4.7119141e+01
   3.0030670e+06   4.3579102e+01
   3.0187130e+06   4.1320801e+01
   3.0194760e+06   4.9743652e+01
   3.0198290e+06   4.2053223e+01
   3.0952730e+06   4.1259766e+01
   3.1050160e+06   4.5654297e+01
   3.1796060e+06   4.1809082e+01
   3.1963120e+06   5.0964355e+01
   3.2598820e+06   4.1992188e+01
   3.2627120e+06   4.5898438e+01
   3.2674630e+06   4.6081543e+01
   3.2682220e+06   4.3518066e+01
   3.2687980e+06   4.4067383e+01
   3.3403470e+06   4.4311523e+01
   3.4308960e+06   4.3151855e+01
   3.4403430e+06   4.8461914e+01
   3.4549980e+06   4.5043945e+01
   3.4955420e+06   4.6936035e+01
   3.4963280e+06   4.1137695e+01
   3.6339940e+06   4.4860840e+01
   3.6345490e+06   4.8645020e+01
   3.6354790e+06   5.2307129e+01
   3.6667400e+06   4.1992188e+01
   3.6763370e+06   4.1809082e+01
   3.6820760e+06   4.1259766e+01
   3.7201690e+06   4.7668457e+01
   3.7238990e+06   4.8095703e+01
   3.7244090e+06   4.3945313e+01
   3.8121500e+06   4.7180176e+01
   3.8128230e+06   4.4006348e+01
   3.9015480e+06   4.7424316e+01
   3.9098030e+06   4.6447754e+01
   3.9110770e+06   4.2541504e+01
   4.0147510e+06   4.3823242e+01
   4.0466380e+06   4.1625977e+01
   4.0943010e+06   4.2114258e+01
   4.1534740e+06   4.2724609e+01
   4.1972880e+06   4.2724609e+01
   4.1996060e+06   4.1992188e+01
   4.2275620e+06   5.7556152e+01
   4.2314150e+06   4.4128418e+01
   4.2367520e+06   4.5715332e+01
   4.2383640e+06   4.6630859e+01
   4.2386860e+06   4.1381836e+01
   4.2885080e+06   4.4555664e+01
   4.4531180e+06   4.3884277e+01
   4.4554480e+06   5.3527832e+01
   4.5021990e+06   4.1442871e+01
   4.5396040e+06   4.3395996e+01
   4.6336490e+06   4.1748047e+01
   4.6344910e+06   4.7302246e+01
   4.6366940e+06   4.9987793e+01
   4.6379140e+06   4.4250488e+01
   4.6463770e+06   4.3334961e+01
   4.8423880e+06   4.3762207e+01
   4.9847430e+06   4.1992188e+01
   5.0418040e+06   4.2419434e+01
   5.0556780e+06   4.9377441e+01
   5.0586000e+06   4.5349121e+01
   5.1184390e+06   4.3640137e+01
   5.1198110e+06   4.6691895e+01
   5.1555710e+06   4.6875000e+01
   5.1614150e+06   4.4189453e+01
   5.1629660e+06   4.1076660e+01
   5.3185790e+06   4.2114258e+01
   5.3234590e+06   4.1259766e+01
   5.3264120e+06   4.1076660e+01
   5.3274940e+06   4.2846680e+01
   5.4155370e+06   4.3273926e+01
   5.4521390e+06   4.2846680e+01
   5.4536380e+06   4.3151855e+01
   5.4541800e+06   4.6630859e+01
   5.4545350e+06   4.2053223e+01
   5.4548700e+06   5.0048828e+01
   5.5332730e+06   5.4870605e+01
   5.5396650e+06   4.1625977e+01
   5.5765410e+06   4.6569824e+01
   5.6879190e+06   4.9621582e+01
   5.6885010e+06   5.1330566e+01
   5.6891150e+06   4.3090820e+01
   5.6892160e+06   4.1442871e+01
   5.6936010e+06   5.0354004e+01
   5.8325950e+06   5.0781250e+01
   5.9204150e+06   5.5419922e+01
   5.9571350e+06   5.6762695e+01
   5.9583950e+06   4.4372559e+01
   5.9587470e+06   4.5349121e+01
   5.9785050e+06   4.9072266e+01
   5.9796260e+06   4.2053223e+01
   5.9802030e+06   4.6203613e+01
   6.1335710e+06   4.8278809e+01
   6.1695650e+06   4.6447754e+01
   6.1951720e+06   4.2663574e+01
   6.2807770e+06   5.3710938e+01
   6.3477840e+06   4.4128418e+01
   6.3651960e+06   4.1503906e+01
   6.4243200e+06   4.6630859e+01
   6.4277000e+06   4.8828125e+01
   6.4625000e+06   4.2114258e+01
   6.4766270e+06   4.9377441e+01
   6.5207800e+06   4.1381836e+01
   6.5495430e+06   4.2785645e+01
   6.5501160e+06   4.3457031e+01
   6.6221470e+06   4.2358398e+01
   6.6313680e+06   4.2419434e+01
   6.6365670e+06   4.1564941e+01
   6.6975720e+06   4.3640137e+01
   6.7235800e+06   4.3090820e+01
   6.7498570e+06   4.7851563e+01
   6.7759080e+06   4.6875000e+01
   6.8025830e+06   4.4860840e+01
   6.8129350e+06   4.3151855e+01
   6.8372870e+06   4.5227051e+01
   6.8541150e+06   4.1320801e+01
   6.8638130e+06   4.1687012e+01
   6.8661000e+06   4.6020508e+01
   6.8666090e+06   4.5593262e+01
   6.8940700e+06   4.2358398e+01
   6.8983320e+06   4.5043945e+01
   7.0254030e+06   4.2419434e+01
   7.0300910e+06   4.4128418e+01
   7.0700650e+06   4.1076660e+01
   7.0919030e+06   4.4372559e+01
   7.1407990e+06   4.5654297e+01
   7.1899830e+06   4.3212891e+01
   7.2609030e+06   4.1076660e+01
   7.2697470e+06   5.7800293e+01
   7.2750150e+06   4.1259766e+01
   7.3033380e+06   5.6091309e+01
   7.3041290e+06   4.8950195e+01
   7.3179360e+06   4.3884277e+01
   7.3181740e+06   5.6213379e+01
   7.3534740e+06   4.6569824e+01
   7.3962500e+06   4.6997070e+01
   7.4861970e+06   4.1381836e+01
   7.4882910e+06   4.2419434e+01
   7.5653680e+06   4.6142578e+01
   7.5777950e+06   5.6823730e+01
   7.6021730e+06   4.3151855e+01
   7.6033060e+06   4.6325684e+01
   7.6377990e+06   4.7241211e+01
   7.6422480e+06   4.6813965e+01
   7.6647350e+06   4.1320801e+01
   7.6670260e+06   4.8217773e+01
   7.6692200e+06   4.4128418e+01
   7.6699880e+06   4.1259766e+01
   7.6884420e+06   4.4494629e+01
   7.7558200e+06   4.3640137e+01
   7.7966980e+06   4.3334961e+01
   7.8169760e+06   5.2429199e+01
   7.8272320e+06   4.1442871e+01
   7.8358600e+06   4.7485352e+01
   7.8363010e+06   4.1809082e+01
   7.8697880e+06   4.3518066e+01
   7.9077520e+06   4.2602539e+01
   7.9088900e+06   4.1137695e+01
   7.9140910e+06   4.4921875e+01
   8.0312570e+06   4.5654297e+01
   8.0347060e+06   4.1564941e+01
   8.1737880e+06   4.8706055e+01
   8.1798800e+06   4.4250488e+01
   8.2387880e+06   4.7668457e+01
   8.2412340e+06   4.1076660e+01
   8.2780530e+06   4.4494629e+01
   8.2823450e+06   5.0048828e+01
   8.2855650e+06   4.1748047e+01
   8.3226280e+06   4.5532227e+01
   8.3235880e+06   4.2297363e+01
   8.3243560e+06   4.9316406e+01
   8.3590800e+06   4.2846680e+01
   8.3619950e+06   5.1208496e+01
   8.3631010e+06   5.2185059e+01
   8.3706860e+06   5.3649902e+01
   8.5558770e+06   4.1625977e+01
   8.6466930e+06   4.6508789e+01
   8.6673100e+06   4.4860840e+01
   8.6873240e+06   4.2480469e+01
   8.7043630e+06   4.7180176e+01
   8.7154360e+06   4.9804688e+01
   8.7483570e+06   4.1748047e+01
   8.7501070e+06   4.2236328e+01
   8.8241820e+06   4.5837402e+01
   8.8767560e+06   4.6508789e+01
   8.8773220e+06   5.3649902e+01
   8.8777440e+06   4.5288086e+01
   8.8781130e+06   4.5532227e+01
   8.8795980e+06   4.1381836e+01
   8.9185000e+06   5.0415039e+01
   8.9700460e+06   4.7363281e+01
   8.9706390e+06   4.1442871e+01
   8.9716380e+06   5.0964355e+01
