   8.9990000e+06   0.0000000e+00
   6.4917000e+04   3.7475586e+01
   7.7213000e+04   4.8278809e+01
   1.2231800e+05   6.7871094e+01
   1.2317100e+05   7.5683594e+01
   1.2362100e+05   7.5683594e+01
   1.5297700e+05   7.4462891e+01
   1.6003000e+05   7.4584961e+01
   1.9676900e+05   4.2846680e+01
   1.9805600e+05   7.6721191e+01
   1.9880600e+05   4.7607422e+01
   1.9892200e+05   4.0283203e+01
   1.9943300e+05   6.6162109e+01
   1.9960200e+05   4.5593262e+01
   2.0010300e+05   3.7475586e+01
   3.7929300e+05   6.5612793e+01
   3.8089800e+05   4.5227051e+01
   3.8103900e+05   4.8278809e+01
   3.8189200e+05   4.1687012e+01
   3.8192500e+05   3.8879395e+01
   3.8242800e+05   4.1198730e+01
   3.8328100e+05   7.4584961e+01
   4.2836100e+05   4.1381836e+01
   4.6151300e+05   7.5073242e+01
   4.6293700e+05   6.5429688e+01
   4.8974300e+05   6.6894531e+01
   5.3837900e+05   3.9672852e+01
   6.0911400e+05   7.8491211e+01
   6.1087700e+05   7.2448730e+01
   6.1117300e+05   6.1889648e+01
   6.1149400e+05   5.8776855e+01
   6.1173000e+05   5.8166504e+01
   6.1203600e+05   5.0292969e+01
   6.1227900e+05   4.2724609e+01
   6.1289400e+05   4.6142578e+01
   6.5958200e+05   3.9123535e+01
   7.5279200e+05   4.2114258e+01
   7.5519400e+05   3.9550781e+01
   7.7497500e+05   7.9589844e+01
   7.7565600e+05   6.5979004e+01
   7.7577500e+05   4.6508789e+01
   7.7622200e+05   4.4982910e+01
   7.7653200e+05   6.3720703e+01
   7.7690600e+05   5.5664062e+01
   7.7693700e+05   3.8635254e+01
   7.7706900e+05   4.4738770e+01
   8.1105900e+05   7.1289062e+01
   8.1147600e+05   6.6040039e+01
   8.1187200e+05   5.7067871e+01
   8.1228900e+05   5.7250977e+01
   8.1256200e+05   5.5541992e+01
   8.1277100e+05   4.3151855e+01
   8.1298500e+05   4.0527344e+01
   8.1415900e+05   4.0222168e+01
   8.4821400e+05   6.9213867e+01
   8.6753900e+05   3.8757324e+01
   9.7858300e+05   6.4514160e+01
   9.9060100e+05   6.5917969e+01
   1.0027320e+06   3.8269043e+01
   1.0038590e+06   5.1757812e+01
   1.0040300e+06   6.4880371e+01
   1.0047560e+06   6.3720703e+01
   1.0060210e+06   6.8786621e+01
   1.0063510e+06   5.4870605e+01
   1.0143070e+06   6.5856934e+01
   1.0506310e+06   3.9733887e+01
   1.0512500e+06   3.8146973e+01
   1.0593060e+06   3.7963867e+01
   1.0744330e+06   4.1381836e+01
   1.0926110e+06   4.5959473e+01
   1.0931620e+06   4.1503906e+01
   1.0944130e+06   3.7475586e+01
   1.1447220e+06   8.0749512e+01
   1.1508520e+06   7.3059082e+01
   1.1550210e+06   7.1289062e+01
   1.1563550e+06   4.7485352e+01
   1.1629440e+06   7.2448730e+01
   1.1638960e+06   6.4575195e+01
   1.1724200e+06   7.5744629e+01
   1.2137130e+06   7.2143555e+01
   1.2273250e+06   6.5246582e+01
   1.2310510e+06   6.1828613e+01
   1.2803700e+06   7.2143555e+01
   1.2832590e+06   6.5246582e+01
   1.2943400e+06   3.9367676e+01
   1.2953290e+06   3.9855957e+01
   1.2955500e+06   6.8054199e+01
   1.2958060e+06   3.7719727e+01
   1.2958550e+06   4.5104980e+01
   1.2961320e+06   3.9916992e+01
   1.3060220e+06   6.4819336e+01
   1.3499730e+06   6.5368652e+01
   1.3576860e+06   6.9580078e+01
   1.3592950e+06   7.1777344e+01
   1.3598270e+06   5.7617188e+01
   1.3600960e+06   5.6579590e+01
   1.3678490e+06   6.8481445e+01
   1.3822810e+06   6.2805176e+01
   1.4182480e+06   3.7902832e+01
   1.4398200e+06   7.4523926e+01
   1.4988940e+06   7.4951172e+01
   1.5072670e+06   3.7963867e+01
   1.5096520e+06   4.5471191e+01
   1.5100060e+06   3.9978027e+01
   1.5101520e+06   4.0405273e+01
   1.5111200e+06   4.0222168e+01
   1.5113370e+06   6.8542480e+01
   1.5116090e+06   6.1828613e+01
   1.5118230e+06   5.6213379e+01
   1.5121010e+06   6.2500000e+01
   1.5131060e+06   5.1269531e+01
   1.5133510e+06   4.2358398e+01
   1.5438570e+06   6.8420410e+01
   1.5492380e+06   3.8330078e+01
   1.5505510e+06   3.8146973e+01
   1.5526300e+06   3.7536621e+01
   1.5577110e+06   3.9916992e+01
   1.5791030e+06   4.3823242e+01
   1.5926670e+06   7.4096680e+01
   1.5943920e+06   7.1533203e+01
   1.6040680e+06   7.0007324e+01
   1.6059300e+06   5.5358887e+01
   1.6182320e+06   3.7902832e+01
   1.6334490e+06   4.2175293e+01
   1.7081130e+06   6.2744141e+01
   1.7088390e+06   7.3852539e+01
   1.7100300e+06   6.4575195e+01
   1.7103430e+06   3.9062500e+01
   1.7103920e+06   6.5124512e+01
   1.7106180e+06   6.4331055e+01
   1.7111240e+06   5.6457520e+01
   1.7113000e+06   4.1320801e+01
   1.7115720e+06   3.8452148e+01
   1.7118470e+06   4.5288086e+01
   1.7351940e+06   4.2175293e+01
   1.7500340e+06   6.9641113e+01
   1.7506680e+06   6.1584473e+01
   1.7509080e+06   5.9936523e+01
   1.7511200e+06   5.5664062e+01
   1.7514680e+06   7.0678711e+01
   1.7518150e+06   5.0170898e+01
   1.7520530e+06   5.2307129e+01
   1.7524800e+06   5.1208496e+01
   1.7525140e+06   4.9133301e+01
   1.7529320e+06   3.8208008e+01
   1.7530380e+06   3.7780762e+01
   1.7869320e+06   3.8269043e+01
   1.7876780e+06   3.8146973e+01
   1.8216590e+06   7.1289062e+01
   1.8223320e+06   6.6650391e+01
   1.8734970e+06   4.2175293e+01
   1.8741930e+06   4.1015625e+01
   1.8745440e+06   3.8330078e+01
   1.8748590e+06   3.7414551e+01
   1.9105420e+06   7.1228027e+01
   1.9114240e+06   7.0251465e+01
   1.9119360e+06   6.1767578e+01
   1.9127960e+06   6.2622070e+01
   1.9130060e+06   6.7382812e+01
   1.9131570e+06   4.1870117e+01
   1.9141000e+06   3.9733887e+01
   1.9610720e+06   3.8513184e+01
   1.9643860e+06   6.8237305e+01
   1.9649810e+06   5.7983398e+01
   1.9663740e+06   6.2011719e+01
   1.9674780e+06   4.8461914e+01
   1.9682220e+06   5.6701660e+01
   1.9684150e+06   4.9194336e+01
   2.0153970e+06   3.7414551e+01
   2.0901090e+06   6.9030762e+01
   2.1663530e+06   6.5185547e+01
   2.1667650e+06   6.3720703e+01
   2.1700350e+06   5.6274414e+01
   2.1706450e+06   6.6955566e+01
   2.1708910e+06   5.5541992e+01
   2.1710310e+06   3.7414551e+01
   2.1724540e+06   5.0598145e+01
   2.1792250e+06   7.1289062e+01
   2.1950700e+06   4.2724609e+01
   2.1985210e+06   3.8818359e+01
   2.2072190e+06   6.3293457e+01
   2.2077950e+06   6.3232422e+01
   2.2079800e+06   5.4016113e+01
   2.2080840e+06   3.8146973e+01
   2.2085060e+06   5.2246094e+01
   2.2087520e+06   4.1748047e+01
   2.2091200e+06   4.9133301e+01
   2.2093870e+06   3.8452148e+01
   2.2622460e+06   3.7963867e+01
   2.2631700e+06   3.8391113e+01
   2.2634570e+06   3.9794922e+01
   2.3126900e+06   4.1198730e+01
   2.3357010e+06   4.1564941e+01
   2.3363670e+06   4.8522949e+01
   2.3372560e+06   6.7626953e+01
   2.3375930e+06   6.6894531e+01
   2.3378310e+06   5.6945801e+01
   2.3380120e+06   5.0109863e+01
   2.3388880e+06   3.7963867e+01
   2.3394510e+06   5.1330566e+01
   2.3396710e+06   4.5837402e+01
   2.3397760e+06   3.9855957e+01
   2.3580660e+06   4.0771484e+01
   2.3954970e+06   3.7536621e+01
   2.3981100e+06   6.7504883e+01
   2.4056210e+06   4.2236328e+01
   2.4795650e+06   7.2448730e+01
   2.5831770e+06   7.0373535e+01
   2.5887140e+06   7.5622559e+01
   2.6194550e+06   3.9978027e+01
   2.6215800e+06   7.9162598e+01
   2.6218790e+06   3.7841797e+01
   2.6229190e+06   6.9335938e+01
   2.6233220e+06   5.7617188e+01
   2.6235860e+06   6.0119629e+01
   2.6237170e+06   4.1015625e+01
   2.6247410e+06   4.5104980e+01
   2.6412510e+06   4.0405273e+01
   2.6618810e+06   6.7321777e+01
   2.6629400e+06   6.5673828e+01
   2.6643690e+06   6.2133789e+01
   2.6650680e+06   4.0527344e+01
   2.6948260e+06   3.9245605e+01
   2.6950740e+06   4.3945312e+01
   2.7173890e+06   3.7841797e+01
   2.7196230e+06   7.1228027e+01
   2.7361580e+06   6.9396973e+01
   2.7366930e+06   6.2805176e+01
   2.7750730e+06   3.7658691e+01
   2.7885290e+06   5.9814453e+01
   2.7899570e+06   7.8979492e+01
   2.7906400e+06   6.3476562e+01
   2.7917400e+06   6.3842773e+01
   2.8226800e+06   3.8330078e+01
   2.8588940e+06   3.7719727e+01
   2.9350440e+06   4.1442871e+01
   2.9352880e+06   3.7719727e+01
   2.9353980e+06   4.0527344e+01
   2.9356850e+06   3.7536621e+01
   2.9672990e+06   4.2541504e+01
   2.9821900e+06   6.7260742e+01
   2.9826740e+06   6.7382812e+01
   2.9841230e+06   5.8715820e+01
   3.0190560e+06   3.7902832e+01
   3.0205690e+06   4.0771484e+01
   3.0297030e+06   6.4697266e+01
   3.0301790e+06   6.3781738e+01
   3.0451360e+06   4.0771484e+01
   3.1510020e+06   4.0161133e+01
   3.2154890e+06   7.2692871e+01
   3.2445360e+06   3.9001465e+01
   3.2480420e+06   4.0283203e+01
   3.2489260e+06   3.8208008e+01
   3.2509000e+06   4.2297363e+01
   3.2526970e+06   3.9001465e+01
   3.2598190e+06   6.8054199e+01
   3.2609390e+06   6.4880371e+01
   3.2611890e+06   6.3171387e+01
   3.2615640e+06   5.4382324e+01
   3.2617190e+06   4.4799805e+01
   3.2618580e+06   3.9001465e+01
   3.2629530e+06   4.9560547e+01
   3.2708040e+06   3.7780762e+01
   3.2960060e+06   5.9570312e+01
   3.3058420e+06   6.8298340e+01
   3.3067080e+06   7.1899414e+01
   3.3071420e+06   6.2500000e+01
   3.3073480e+06   5.2673340e+01
   3.3074980e+06   3.7841797e+01
   3.3261100e+06   6.5124512e+01
   3.3269680e+06   5.9997559e+01
   3.3288410e+06   5.9204102e+01
   3.3653410e+06   6.3720703e+01
   3.4023970e+06   4.3151855e+01
   3.4563410e+06   3.9123535e+01
   3.5201320e+06   4.2053223e+01
   3.5707580e+06   7.3364258e+01
   3.5713740e+06   7.8186035e+01
   3.5718010e+06   6.1523438e+01
   3.6016350e+06   4.2297363e+01
   3.6022190e+06   7.2082520e+01
   3.6036880e+06   6.6101074e+01
   3.6046050e+06   6.0058594e+01
   3.6056610e+06   5.5786133e+01
   3.6059000e+06   5.2612305e+01
   3.6060970e+06   4.2907715e+01
   3.6071620e+06   5.6762695e+01
   3.6077450e+06   4.7790527e+01
   3.6081680e+06   3.9184570e+01
   3.6279060e+06   3.7780762e+01
   3.6360730e+06   4.6020508e+01
   3.6367200e+06   4.1442871e+01
   3.6369260e+06   4.0466309e+01
   3.6371880e+06   6.4575195e+01
   3.6376590e+06   7.1044922e+01
   3.6382810e+06   6.6894531e+01
   3.6384470e+06   5.3161621e+01
   3.6386810e+06   5.6640625e+01
   3.6389770e+06   5.6762695e+01
   3.6392160e+06   4.6142578e+01
   3.6399160e+06   5.0292969e+01
   3.6401530e+06   3.9855957e+01
   3.6572950e+06   4.0527344e+01
   3.6820780e+06   4.3212891e+01
   3.6841040e+06   3.8879395e+01
   3.8121600e+06   7.3852539e+01
   3.8444850e+06   6.2805176e+01
   3.9162190e+06   4.5837402e+01
   3.9208750e+06   7.7453613e+01
   3.9217520e+06   6.6101074e+01
   3.9220850e+06   6.6833496e+01
   3.9987350e+06   4.1076660e+01
   4.0209140e+06   3.9367676e+01
   4.1737930e+06   5.8288574e+01
   4.1744530e+06   7.6782227e+01
   4.1760920e+06   6.1401367e+01
   4.2001410e+06   6.0180664e+01
   4.2004210e+06   6.0485840e+01
   4.2007000e+06   5.2856445e+01
   4.2007810e+06   4.2053223e+01
   4.2009270e+06   6.2561035e+01
   4.2015690e+06   4.2480469e+01
   4.2018490e+06   4.1625977e+01
   4.2022120e+06   4.6691895e+01
   4.2031060e+06   4.5654297e+01
   4.2036630e+06   4.3518066e+01
   4.2205430e+06   4.0100098e+01
   4.2345620e+06   3.9489746e+01
   4.2350080e+06   3.7841797e+01
   4.2368630e+06   4.0954590e+01
   4.2766430e+06   4.0710449e+01
   4.3363630e+06   6.3537598e+01
   4.3366320e+06   6.7321777e+01
   4.3377110e+06   5.7983398e+01
   4.3394910e+06   6.6345215e+01
   4.3673620e+06   6.8969727e+01
   4.3678190e+06   7.1105957e+01
   4.4120220e+06   4.3395996e+01
   4.4849720e+06   3.9794922e+01
   4.4870400e+06   4.2480469e+01
   4.4878410e+06   4.3395996e+01
   4.5092910e+06   6.8176270e+01
   4.5100460e+06   7.4157715e+01
   4.5136570e+06   6.8176270e+01
   4.5740080e+06   4.0649414e+01
   4.5747890e+06   4.1564941e+01
   4.5755500e+06   3.8879395e+01
   4.6090460e+06   3.8024902e+01
   4.6093690e+06   6.3476562e+01
   4.6096420e+06   5.4321289e+01
   4.6102260e+06   7.2082520e+01
   4.6104870e+06   5.9753418e+01
   4.6113570e+06   4.3395996e+01
   4.6119080e+06   5.8349609e+01
   4.6124390e+06   5.6884766e+01
   4.6126890e+06   5.3344727e+01
   4.6127730e+06   3.8085938e+01
   4.6129200e+06   5.9997559e+01
   4.6131660e+06   4.4372559e+01
   4.6137620e+06   4.7851562e+01
   4.6144970e+06   3.9184570e+01
   4.6149010e+06   3.7719727e+01
   4.6936630e+06   3.8574219e+01
   4.6950480e+06   3.9428711e+01
   4.7330600e+06   3.8146973e+01
   4.9824750e+06   6.7382812e+01
   4.9845750e+06   6.3781738e+01
   4.9862260e+06   7.0251465e+01
   4.9867210e+06   5.7678223e+01
   5.0260080e+06   5.0537109e+01
   5.0261610e+06   3.8146973e+01
   5.0262700e+06   6.9885254e+01
   5.0264190e+06   3.9916992e+01
   5.0264540e+06   4.1442871e+01
   5.0267630e+06   6.5124512e+01
   5.0272030e+06   6.3415527e+01
   5.0272740e+06   4.0405273e+01
   5.0274040e+06   6.3720703e+01
   5.0277180e+06   6.0485840e+01
   5.0280300e+06   4.7851562e+01
   5.0283060e+06   4.0832520e+01
   5.0287350e+06   4.5227051e+01
   5.0683680e+06   3.7658691e+01
   5.0688050e+06   3.7414551e+01
   5.1186880e+06   4.3579102e+01
   5.1190270e+06   4.3884277e+01
   5.1193320e+06   6.6772461e+01
   5.1195130e+06   3.9428711e+01
   5.1204900e+06   6.3476562e+01
   5.1206660e+06   5.6579590e+01
   5.1209960e+06   5.2490234e+01
   5.1215110e+06   5.6945801e+01
   5.1219900e+06   5.0415039e+01
   5.1223960e+06   5.7739258e+01
   5.1226890e+06   4.7241211e+01
   5.1233680e+06   4.5227051e+01
   5.3961520e+06   7.7880859e+01
   5.5018510e+06   7.4401855e+01
   5.5540250e+06   4.4067383e+01
   5.5545350e+06   4.1870117e+01
   5.5545680e+06   8.8378906e+01
   5.5547990e+06   3.7536621e+01
   5.5548400e+06   3.7536621e+01
   5.5549130e+06   5.6457520e+01
   5.5554070e+06   6.2622070e+01
   5.5555690e+06   3.9428711e+01
   5.5555860e+06   6.0180664e+01
   5.5563900e+06   4.1076660e+01
   5.5569670e+06   4.5959473e+01
   5.6790120e+06   7.6599121e+01
   5.9235650e+06   3.9306641e+01
   5.9239760e+06   4.5288086e+01
   5.9240700e+06   6.7626953e+01
   5.9243230e+06   4.1137695e+01
   5.9243340e+06   4.5532227e+01
   5.9244000e+06   6.4636230e+01
   5.9244480e+06   4.5043945e+01
   5.9245730e+06   6.3964844e+01
   5.9246950e+06   3.7719727e+01
   5.9249680e+06   3.9123535e+01
   5.9249970e+06   6.3110352e+01
   5.9251350e+06   4.0832520e+01
   5.9254150e+06   5.4382324e+01
   5.9255840e+06   4.2114258e+01
   5.9264930e+06   4.0832520e+01
   5.9492920e+06   4.2602539e+01
   5.9610730e+06   4.4372559e+01
   5.9611150e+06   4.0405273e+01
   5.9615230e+06   4.9682617e+01
   5.9616440e+06   8.1787109e+01
   6.4275070e+06   3.8024902e+01
   6.4283140e+06   8.1604004e+01
   6.4285190e+06   6.6467285e+01
   6.4288420e+06   5.6640625e+01
   6.4288970e+06   4.8156738e+01
   6.4291170e+06   6.5246582e+01
   6.4293070e+06   3.8879395e+01
   6.4293360e+06   4.7424316e+01
   6.4293470e+06   4.1870117e+01
   6.4294390e+06   3.7597656e+01
   6.4294890e+06   4.4738770e+01
   6.4298210e+06   4.1809082e+01
   6.4298950e+06   4.2968750e+01
   6.4743190e+06   4.1381836e+01
   6.4753030e+06   4.0039062e+01
   6.5060140e+06   7.1411133e+01
   6.7652240e+06   7.1166992e+01
   6.7686200e+06   8.2153320e+01
   6.7770330e+06   3.7780762e+01
   6.7773210e+06   6.2561035e+01
   6.7774150e+06   4.0161133e+01
   6.7774540e+06   6.2988281e+01
   6.7775510e+06   4.8034668e+01
   6.7777010e+06   4.2114258e+01
   6.7779320e+06   6.5673828e+01
   6.7781210e+06   3.9550781e+01
   6.7783810e+06   4.3273926e+01
   6.7788450e+06   4.3212891e+01
   6.8168790e+06   6.8542480e+01
   6.8333600e+06   3.8146973e+01
   6.8340350e+06   3.8391113e+01
   6.9719300e+06   7.2631836e+01
   6.9726430e+06   8.1481934e+01
   6.9949670e+06   3.9489746e+01
   7.1381020e+06   3.8635254e+01
   7.1418160e+06   7.9528809e+01
   7.2554080e+06   7.6049805e+01
   7.2754790e+06   7.6110840e+01
   7.2767520e+06   5.2734375e+01
   7.3235780e+06   6.7199707e+01
   7.3357720e+06   7.3913574e+01
   7.3666850e+06   4.0466309e+01
   7.4811520e+06   3.8269043e+01
   7.4963390e+06   3.9916992e+01
   7.5183460e+06   6.5002441e+01
   7.5189500e+06   7.1716309e+01
   7.5191430e+06   7.3730469e+01
   7.5204720e+06   6.1157227e+01
   7.5210140e+06   5.8410645e+01
   7.5375880e+06   4.0405273e+01
   7.6044230e+06   8.3923340e+01
   7.6046280e+06   6.9213867e+01
   7.6048170e+06   7.5866699e+01
   7.6049970e+06   4.5227051e+01
   7.6050230e+06   5.8593750e+01
   7.6050730e+06   3.9916992e+01
   7.6052850e+06   5.9814453e+01
   7.6053840e+06   4.0649414e+01
   7.6054550e+06   3.8330078e+01
   7.6055150e+06   3.9245605e+01
   7.6064360e+06   4.1381836e+01
   7.6067890e+06   3.8696289e+01
   7.6073110e+06   4.6203613e+01
   7.6426590e+06   4.0283203e+01
   7.6437310e+06   4.1076660e+01
   7.6440590e+06   4.2419434e+01
   7.6442780e+06   6.4208984e+01
   7.6442940e+06   3.7963867e+01
   7.6444250e+06   3.7902832e+01
   7.6446660e+06   6.5612793e+01
   7.6448180e+06   7.0190430e+01
   7.6451960e+06   3.8452148e+01
   7.6556840e+06   6.0668945e+01
   7.6701940e+06   4.4799805e+01
   7.6767010e+06   7.7209473e+01
   7.6903390e+06   4.2846680e+01
   7.6910220e+06   3.9428711e+01
   7.8908270e+06   7.7331543e+01
   8.0411360e+06   7.0861816e+01
   8.0417340e+06   7.2875977e+01
   8.1326980e+06   3.9611816e+01
   8.1611060e+06   7.5378418e+01
   8.2400860e+06   3.7597656e+01
   8.2409870e+06   4.0954590e+01
   8.2410300e+06   4.1015625e+01
   8.2411970e+06   8.4838867e+01
   8.2414330e+06   6.5429688e+01
   8.2415130e+06   4.1809082e+01
   8.2416970e+06   5.6335449e+01
   8.2418320e+06   3.7536621e+01
   8.2418440e+06   4.1992188e+01
   8.2419780e+06   4.5043945e+01
   8.2421950e+06   3.8696289e+01
   8.2426240e+06   3.7414551e+01
   8.2430750e+06   4.9316406e+01
   8.2851240e+06   4.6264648e+01
   8.2854080e+06   3.9978027e+01
   8.2856050e+06   4.2968750e+01
   8.2856900e+06   4.2358398e+01
   8.2858850e+06   8.9965820e+01
   8.2860750e+06   3.8269043e+01
   8.2863210e+06   6.0546875e+01
   8.2867460e+06   6.3781738e+01
   8.2874940e+06   6.7993164e+01
   8.3214610e+06   3.7597656e+01
   8.3233690e+06   3.9916992e+01
   8.3240090e+06   3.8940430e+01
   8.3243930e+06   3.8330078e+01
   8.3244300e+06   4.3579102e+01
   8.3248010e+06   6.7626953e+01
   8.3255870e+06   6.6833496e+01
   8.3705640e+06   8.1909180e+01
   8.3716000e+06   6.6711426e+01
   8.6390880e+06   7.0861816e+01
   8.6399220e+06   7.1228027e+01
   8.8394700e+06   4.1442871e+01
   8.8394830e+06   7.9223633e+01
   8.8395390e+06   3.8513184e+01
   8.8396700e+06   7.3913574e+01
   8.8398640e+06   7.0983887e+01
   8.8400080e+06   7.3242188e+01
   8.8400300e+06   4.3823242e+01
   8.8401800e+06   5.0903320e+01
   8.8403780e+06   3.7475586e+01
   8.8405600e+06   5.3833008e+01
   8.8412180e+06   5.1513672e+01
   8.8416970e+06   5.5664062e+01
   8.8580550e+06   6.3781738e+01
   8.8629020e+06   4.2846680e+01
   8.8648910e+06   4.3518066e+01
   8.8911850e+06   4.0466309e+01
