   8.9990000e+06   0.0000000e+00
   6.0890000e+03   3.5522461e+01
   6.1690000e+03   3.7597656e+01
   3.9388000e+04   3.5034180e+01
   4.4851000e+04   5.2612305e+01
   4.5355000e+04   5.9082031e+01
   6.2092000e+04   3.9794922e+01
   6.2195000e+04   5.3466797e+01
   6.3039000e+04   5.7189941e+01
   6.3168000e+04   3.5095215e+01
   6.5080000e+04   5.2673340e+01
   6.5545000e+04   5.5725098e+01
   6.6579000e+04   3.6315918e+01
   6.7096000e+04   4.1076660e+01
   7.4819000e+04   3.6437988e+01
   8.1637000e+04   3.5644531e+01
   8.1693000e+04   5.3833008e+01
   8.2293000e+04   4.2785645e+01
   8.3241000e+04   3.6010742e+01
   9.2583000e+04   3.6193848e+01
   9.4699000e+04   4.1259766e+01
   9.7777000e+04   3.6071777e+01
   1.0629600e+05   3.8757324e+01
   1.0761300e+05   4.8706055e+01
   1.0872900e+05   3.6560059e+01
   1.1114900e+05   3.4973145e+01
   1.1448200e+05   3.9062500e+01
   1.1970400e+05   3.6926270e+01
   1.2973600e+05   3.5949707e+01
   1.3032200e+05   3.5583496e+01
   1.3095300e+05   3.8391113e+01
   1.3271000e+05   4.8034668e+01
   1.3328400e+05   3.5156250e+01
   1.5332100e+05   3.7414551e+01
   1.5333300e+05   4.9987793e+01
   1.5570500e+05   3.9062500e+01
   1.5617500e+05   5.9326172e+01
   1.5621000e+05   3.7841797e+01
   1.5761800e+05   3.8208008e+01
   1.6987800e+05   3.5827637e+01
   1.7248800e+05   4.3395996e+01
   1.7302900e+05   3.5705566e+01
   1.7909600e+05   5.0598145e+01
   1.8164100e+05   3.5766602e+01
   1.8641500e+05   3.7109375e+01
   1.8708200e+05   3.6132812e+01
   1.8815500e+05   5.1391602e+01
   1.8825400e+05   3.6010742e+01
   1.8853200e+05   4.4616699e+01
   1.8863100e+05   3.5461426e+01
   1.8922800e+05   3.7048340e+01
   1.9615100e+05   5.3283691e+01
   1.9629100e+05   4.3395996e+01
   1.9659000e+05   4.2358398e+01
   1.9716000e+05   3.7780762e+01
   1.9747400e+05   4.7180176e+01
   1.9770800e+05   3.9855957e+01
   1.9773100e+05   5.0598145e+01
   1.9829700e+05   5.2551270e+01
   1.9832400e+05   3.6804199e+01
   1.9842200e+05   3.6499023e+01
   1.9849800e+05   5.3344727e+01
   1.9865300e+05   3.8757324e+01
   1.9885500e+05   4.5227051e+01
   1.9888700e+05   3.4973145e+01
   1.9903600e+05   3.9306641e+01
   1.9911800e+05   4.5532227e+01
   1.9925100e+05   4.2419434e+01
   1.9941000e+05   4.1259766e+01
   1.9945500e+05   4.2541504e+01
   1.9955800e+05   3.7536621e+01
   1.9966600e+05   4.1687012e+01
   1.9988800e+05   4.4860840e+01
   2.0047100e+05   3.6865234e+01
   2.0062200e+05   3.5461426e+01
   2.0081900e+05   3.5522461e+01
   2.0126100e+05   4.4982910e+01
   2.0142800e+05   3.6193848e+01
   2.2265100e+05   4.3762207e+01
   2.2320400e+05   3.7292480e+01
   2.2377700e+05   3.8330078e+01
   2.2400900e+05   5.5603027e+01
   2.2489400e+05   4.1442871e+01
   2.2521400e+05   3.9245605e+01
   2.4057900e+05   4.4250488e+01
   2.4087900e+05   4.3273926e+01
   2.4121100e+05   3.7536621e+01
   2.4236900e+05   3.7048340e+01
   2.4303600e+05   3.9245605e+01
   2.4315400e+05   4.8645020e+01
   2.4458200e+05   3.5278320e+01
   2.4511800e+05   3.5278320e+01
   2.4518600e+05   4.8645020e+01
   2.4671800e+05   4.8034668e+01
   2.4785100e+05   4.4738770e+01
   2.7245300e+05   5.6701660e+01
   2.7303600e+05   4.2785645e+01
   2.7337100e+05   3.8024902e+01
   2.7698800e+05   3.5400391e+01
   2.7758100e+05   4.8339844e+01
   2.7900100e+05   3.7170410e+01
   2.9015900e+05   3.4912109e+01
   2.9658500e+05   4.7607422e+01
   2.9692900e+05   4.1259766e+01
   2.9740100e+05   5.5053711e+01
   2.9888400e+05   5.4077148e+01
   2.9950400e+05   5.3833008e+01
   3.0702600e+05   3.8330078e+01
   3.1257200e+05   3.5949707e+01
   3.1808900e+05   3.6010742e+01
   3.1894200e+05   3.7109375e+01
   3.2808400e+05   6.5429688e+01
   3.2878800e+05   5.4809570e+01
   3.4319700e+05   3.9123535e+01
   3.4830900e+05   3.6071777e+01
   3.5758600e+05   4.2419434e+01
   3.6416300e+05   4.8767090e+01
   3.6437900e+05   5.5908203e+01
   3.6501400e+05   4.8706055e+01
   3.6689700e+05   5.1574707e+01
   3.6692200e+05   3.7658691e+01
   3.6716700e+05   4.7851562e+01
   3.6906800e+05   3.5644531e+01
   3.6965400e+05   3.6315918e+01
   3.7222100e+05   4.6691895e+01
   3.7342500e+05   4.6813965e+01
   3.7788000e+05   4.3212891e+01
   3.7911100e+05   4.7363281e+01
   3.8046300e+05   5.1086426e+01
   3.8062900e+05   4.5104980e+01
   3.8090100e+05   4.3151855e+01
   3.8123600e+05   3.9916992e+01
   3.8167200e+05   4.3151855e+01
   3.8180900e+05   3.7780762e+01
   3.8199000e+05   3.5400391e+01
   3.8208100e+05   3.6315918e+01
   3.8212800e+05   3.9489746e+01
   3.8240700e+05   4.0771484e+01
   3.8259100e+05   3.7109375e+01
   3.8279200e+05   4.1992188e+01
   3.8296400e+05   3.7292480e+01
   3.8316700e+05   3.5888672e+01
   3.8328100e+05   4.8156738e+01
   3.8333300e+05   3.5461426e+01
   3.8370500e+05   3.9794922e+01
   3.9032700e+05   5.4199219e+01
   3.9428500e+05   4.2297363e+01
   3.9476100e+05   3.5827637e+01
   4.1107300e+05   6.6833496e+01
   4.1492300e+05   5.0170898e+01
   4.1566600e+05   4.5104980e+01
   4.1620800e+05   3.7353516e+01
   4.2470300e+05   4.8461914e+01
   4.3979600e+05   3.5644531e+01
   4.4495200e+05   3.5034180e+01
   4.6086300e+05   4.7729492e+01
   4.6097300e+05   5.6274414e+01
   4.6128700e+05   4.5471191e+01
   4.6186700e+05   4.0771484e+01
   4.6208300e+05   3.8879395e+01
   4.6391000e+05   3.5949707e+01
   4.7047800e+05   3.9611816e+01
   4.8035000e+05   3.9001465e+01
   4.9061600e+05   3.7536621e+01
   4.9281200e+05   3.8574219e+01
   4.9582700e+05   4.0588379e+01
   5.0127600e+05   3.7231445e+01
   5.0231700e+05   3.5644531e+01
   5.0286300e+05   3.5339355e+01
   5.0362800e+05   3.5339355e+01
   5.0419000e+05   3.7719727e+01
   5.0470700e+05   3.7536621e+01
   5.3284900e+05   3.6743164e+01
   5.3921900e+05   4.2053223e+01
   5.4021900e+05   3.5461426e+01
   5.4200600e+05   4.1687012e+01
   5.4643100e+05   4.7851562e+01
   5.4647700e+05   5.9082031e+01
   5.4661900e+05   6.9335938e+01
   5.4695200e+05   3.6682129e+01
   5.4698700e+05   4.4433594e+01
   5.4700800e+05   5.4443359e+01
   5.4714800e+05   4.9499512e+01
   5.4738800e+05   4.3212891e+01
   5.4798100e+05   3.5156250e+01
   5.4840700e+05   5.7067871e+01
   5.4894800e+05   3.8574219e+01
   5.4974600e+05   3.7902832e+01
   5.5051600e+05   3.9001465e+01
   5.5088100e+05   3.6132812e+01
   5.5126100e+05   3.9367676e+01
   5.5190400e+05   3.6865234e+01
   5.5810200e+05   4.9194336e+01
   5.6149000e+05   4.4067383e+01
   5.6259300e+05   4.4494629e+01
   5.6964100e+05   3.5156250e+01
   5.7017100e+05   6.0424805e+01
   5.7022500e+05   3.7597656e+01
   5.7098500e+05   4.2236328e+01
   5.7553400e+05   3.5339355e+01
   5.8816900e+05   4.9072266e+01
   5.8881700e+05   3.6010742e+01
   5.8887000e+05   3.5461426e+01
   5.8934300e+05   3.4973145e+01
   5.8952700e+05   3.5827637e+01
   5.9002900e+05   4.0832520e+01
   5.9073300e+05   3.8391113e+01
   5.9251400e+05   5.8898926e+01
   5.9354600e+05   4.5654297e+01
   6.0544900e+05   6.1828613e+01
   6.0581400e+05   3.6437988e+01
   6.0658100e+05   4.1076660e+01
   6.0797000e+05   3.9245605e+01
   6.0881200e+05   4.1381836e+01
   6.0883300e+05   3.5888672e+01
   6.1011900e+05   4.7790527e+01
   6.1378600e+05   5.1696777e+01
   6.1396500e+05   5.1818848e+01
   6.1423300e+05   3.8269043e+01
   6.1437900e+05   4.5166016e+01
   6.1498200e+05   4.2053223e+01
   6.1530300e+05   3.8024902e+01
   6.1871700e+05   4.2053223e+01
   6.2357300e+05   5.3344727e+01
   6.4712600e+05   3.8513184e+01
   6.4731500e+05   3.7353516e+01
   6.5963800e+05   3.7658691e+01
   6.6145400e+05   3.7963867e+01
   6.6486900e+05   3.9367676e+01
   6.7090200e+05   5.5847168e+01
   6.7118900e+05   4.0710449e+01
   6.7129800e+05   5.9814453e+01
   6.7137000e+05   4.3273926e+01
   6.8519500e+05   3.9001465e+01
   6.9132400e+05   3.7048340e+01
   6.9496000e+05   4.1625977e+01
   6.9581500e+05   4.3823242e+01
   7.0422400e+05   3.8146973e+01
   7.1016900e+05   3.6621094e+01
   7.1311900e+05   5.3405762e+01
   7.1626900e+05   3.8513184e+01
   7.1773800e+05   3.8635254e+01
   7.1837700e+05   3.6376953e+01
   7.3145000e+05   3.5461426e+01
   7.3232300e+05   4.0161133e+01
   7.4495100e+05   3.7109375e+01
   7.4680700e+05   3.7475586e+01
   7.5238700e+05   5.0476074e+01
   7.5317700e+05   3.7963867e+01
   7.5477000e+05   5.3039551e+01
   7.5511800e+05   5.7128906e+01
   7.5531300e+05   4.2053223e+01
   7.5551800e+05   4.3579102e+01
   7.6035200e+05   3.8513184e+01
   7.6372200e+05   3.8024902e+01
   7.7173600e+05   6.1218262e+01
   7.7198400e+05   5.2246094e+01
   7.7221600e+05   4.2419434e+01
   7.7283400e+05   4.0893555e+01
   7.7334200e+05   3.9672852e+01
   7.7410700e+05   5.3833008e+01
   7.7427500e+05   3.7109375e+01
   7.7477000e+05   5.7006836e+01
   7.7489000e+05   3.4973145e+01
   7.7559300e+05   5.0964355e+01
   7.7589800e+05   4.4189453e+01
   7.7600900e+05   4.4128418e+01
   7.7611600e+05   4.9743652e+01
   7.7627000e+05   4.1870117e+01
   7.7631700e+05   4.5654297e+01
   7.7634300e+05   4.0100098e+01
   7.7645700e+05   3.7048340e+01
   7.7659700e+05   3.6865234e+01
   7.7673400e+05   3.9306641e+01
   7.7677200e+05   3.5461426e+01
   7.7689200e+05   4.5532227e+01
   7.7693200e+05   4.6020508e+01
   7.7710300e+05   3.6987305e+01
   7.7723300e+05   3.8513184e+01
   7.7726900e+05   3.5766602e+01
   7.7739300e+05   3.6254883e+01
   7.7765700e+05   3.8574219e+01
   7.7845800e+05   3.6193848e+01
   7.8626400e+05   4.0954590e+01
   7.8700200e+05   3.4912109e+01
   7.8727500e+05   4.0649414e+01
   7.8758900e+05   3.7231445e+01
   8.0410800e+05   3.4912109e+01
   8.0467200e+05   4.9804688e+01
   8.0497600e+05   3.6865234e+01
   8.0982000e+05   3.9733887e+01
   8.1011500e+05   4.8278809e+01
   8.1048900e+05   3.6010742e+01
   8.1072000e+05   3.7536621e+01
   8.1278600e+05   3.5339355e+01
   8.1563200e+05   3.7292480e+01
   8.2578100e+05   3.5095215e+01
   8.2735900e+05   3.5461426e+01
   8.2794800e+05   3.8940430e+01
   8.3067000e+05   3.8879395e+01
   8.3717600e+05   3.6437988e+01
   8.4213600e+05   3.5217285e+01
   8.4409500e+05   3.6804199e+01
   8.4573100e+05   3.9306641e+01
   8.6222100e+05   3.6560059e+01
   8.6353800e+05   3.9489746e+01
   8.6367400e+05   5.2673340e+01
   8.8485600e+05   3.5827637e+01
   9.0007700e+05   3.6560059e+01
   9.0082600e+05   4.1137695e+01
   9.0191900e+05   3.5888672e+01
   9.0364300e+05   3.9123535e+01
   9.0394400e+05   3.5888672e+01
   9.0449600e+05   3.4912109e+01
   9.0929600e+05   5.1513672e+01
   9.1692500e+05   3.6987305e+01
   9.1961900e+05   3.5949707e+01
   9.1968200e+05   4.6325684e+01
   9.2007500e+05   3.9489746e+01
   9.2043400e+05   3.7719727e+01
   9.2050400e+05   4.4982910e+01
   9.2073800e+05   3.8391113e+01
   9.2629800e+05   3.6315918e+01
   9.2672200e+05   3.8574219e+01
   9.2675900e+05   5.0231934e+01
   9.2742300e+05   3.6499023e+01
   9.2765600e+05   3.5034180e+01
   9.2772100e+05   5.4504395e+01
   9.2820200e+05   3.9001465e+01
   9.2862500e+05   5.1208496e+01
   9.3298500e+05   5.0659180e+01
   9.3926900e+05   4.0100098e+01
   9.4600700e+05   5.1940918e+01
   9.4665700e+05   3.7658691e+01
   9.5494800e+05   5.2917480e+01
   9.5576300e+05   4.8767090e+01
   9.5581900e+05   3.6437988e+01
   9.5608900e+05   4.0344238e+01
   9.5633700e+05   3.4973145e+01
   9.5876300e+05   3.6437988e+01
   9.5921900e+05   3.7597656e+01
   9.6834700e+05   3.9855957e+01
   9.6915000e+05   4.3212891e+01
   9.6956600e+05   4.0100098e+01
   9.6970200e+05   4.9011230e+01
   9.6985300e+05   4.4921875e+01
   9.7000200e+05   4.6081543e+01
   9.7025900e+05   3.9733887e+01
   9.7045600e+05   4.2114258e+01
   9.7595200e+05   4.1625977e+01
   9.8105300e+05   3.6193848e+01
   9.8981300e+05   5.2551270e+01
   9.9024200e+05   4.3518066e+01
   9.9586900e+05   4.0466309e+01
   1.0021260e+06   5.2246094e+01
   1.0025540e+06   4.1870117e+01
   1.0026690e+06   5.2185059e+01
   1.0027670e+06   4.7119141e+01
   1.0029650e+06   4.7363281e+01
   1.0030820e+06   5.4138184e+01
   1.0031680e+06   5.0292969e+01
   1.0033450e+06   4.8339844e+01
   1.0036300e+06   3.8879395e+01
   1.0037540e+06   3.5522461e+01
   1.0037970e+06   3.8940430e+01
   1.0038190e+06   3.7414551e+01
   1.0039240e+06   4.2968750e+01
   1.0040850e+06   3.8269043e+01
   1.0042430e+06   4.0039062e+01
   1.0043840e+06   3.5766602e+01
   1.0044700e+06   3.6193848e+01
   1.0045230e+06   3.8208008e+01
   1.0046120e+06   3.8085938e+01
   1.0047270e+06   3.7048340e+01
   1.0049920e+06   4.7729492e+01
   1.0052280e+06   4.1076660e+01
   1.0055030e+06   3.5644531e+01
   1.0058220e+06   3.6804199e+01
   1.0058510e+06   4.6142578e+01
   1.0060250e+06   3.5278320e+01
   1.0140180e+06   4.0222168e+01
   1.0143870e+06   3.8757324e+01
   1.0182720e+06   3.5522461e+01
   1.0206340e+06   3.5217285e+01
   1.0236740e+06   4.9621582e+01
   1.0241010e+06   4.9255371e+01
   1.0251130e+06   3.8635254e+01
   1.0273240e+06   3.6437988e+01
   1.0283730e+06   4.4067383e+01
   1.0286840e+06   3.6376953e+01
   1.0445700e+06   3.8940430e+01
   1.0452760e+06   4.0588379e+01
   1.0515430e+06   3.9123535e+01
   1.0519450e+06   3.5888672e+01
   1.0626400e+06   3.6132812e+01
   1.0633230e+06   3.6621094e+01
   1.0665630e+06   3.6682129e+01
   1.0729980e+06   4.7424316e+01
   1.0732600e+06   4.2236328e+01
   1.0735000e+06   4.3151855e+01
   1.0737560e+06   5.9997559e+01
   1.0739810e+06   4.6875000e+01
   1.0747200e+06   4.3579102e+01
   1.0794120e+06   3.8635254e+01
   1.0803650e+06   4.2236328e+01
   1.0807140e+06   4.2297363e+01
   1.0933160e+06   4.3395996e+01
   1.0965480e+06   5.0537109e+01
   1.0969320e+06   6.2377930e+01
   1.0971800e+06   4.0283203e+01
   1.1033860e+06   4.0832520e+01
   1.1037880e+06   3.4912109e+01
   1.1039980e+06   4.8278809e+01
   1.1083710e+06   3.5827637e+01
   1.1092760e+06   4.6447754e+01
   1.1151120e+06   5.1513672e+01
   1.1158300e+06   9.2407227e+01
   1.1161130e+06   5.7067871e+01
   1.1213390e+06   3.4912109e+01
   1.1214440e+06   4.0100098e+01
   1.1222520e+06   4.2114258e+01
   1.1230720e+06   3.6499023e+01
   1.1267690e+06   4.6752930e+01
   1.1268280e+06   3.6743164e+01
   1.1304660e+06   4.3334961e+01
   1.1329030e+06   4.7241211e+01
   1.1376180e+06   4.0344238e+01
   1.1390200e+06   3.6987305e+01
   1.1424470e+06   3.5583496e+01
   1.1446170e+06   5.9204102e+01
   1.1447370e+06   4.0527344e+01
   1.1453980e+06   3.5217285e+01
   1.1457740e+06   6.5612793e+01
   1.1510420e+06   4.7668457e+01
   1.1527220e+06   4.8828125e+01
   1.1531860e+06   4.6936035e+01
   1.1535540e+06   5.6945801e+01
   1.1537300e+06   3.8085938e+01
   1.1539220e+06   4.8339844e+01
   1.1540990e+06   4.0710449e+01
   1.1542780e+06   3.5766602e+01
   1.1543740e+06   3.9123535e+01
   1.1544670e+06   3.5278320e+01
   1.1549330e+06   5.4565430e+01
   1.1550720e+06   3.6254883e+01
   1.1550940e+06   3.7170410e+01
   1.1553400e+06   3.7719727e+01
   1.1556680e+06   3.6682129e+01
   1.1557740e+06   3.6987305e+01
   1.1626520e+06   3.5461426e+01
   1.1750010e+06   5.4382324e+01
   1.1751660e+06   4.9316406e+01
   1.1752260e+06   3.4912109e+01
   1.1753700e+06   5.7800293e+01
   1.1754260e+06   4.3701172e+01
   1.1759270e+06   4.7241211e+01
   1.1792760e+06   3.5339355e+01
   1.1837230e+06   3.6254883e+01
   1.1875840e+06   5.0231934e+01
   1.1878110e+06   3.9733887e+01
   1.1905350e+06   5.4565430e+01
   1.1973010e+06   3.6010742e+01
   1.2073980e+06   5.5297852e+01
   1.2085770e+06   4.2236328e+01
   1.2090270e+06   4.4433594e+01
   1.2091860e+06   3.5217285e+01
   1.2095880e+06   3.6376953e+01
   1.2096690e+06   4.6691895e+01
   1.2109240e+06   4.1687012e+01
   1.2111550e+06   3.5400391e+01
   1.2164420e+06   3.6376953e+01
   1.2170480e+06   3.6315918e+01
   1.2298610e+06   4.4067383e+01
   1.2398540e+06   3.6804199e+01
   1.2430040e+06   3.5278320e+01
   1.2439630e+06   6.0241699e+01
   1.2556940e+06   5.0720215e+01
   1.2559330e+06   3.7170410e+01
   1.2561650e+06   4.1320801e+01
   1.2566570e+06   3.5949707e+01
   1.2696740e+06   4.7546387e+01
   1.2709770e+06   5.2429199e+01
   1.2721080e+06   3.5705566e+01
   1.2744360e+06   5.7495117e+01
   1.2753890e+06   4.0466309e+01
   1.2795080e+06   5.6152344e+01
   1.2803620e+06   4.5166016e+01
   1.2814950e+06   4.2907715e+01
   1.2825400e+06   4.5166016e+01
   1.2917200e+06   4.4921875e+01
   1.2922050e+06   4.0466309e+01
   1.2925570e+06   3.6254883e+01
   1.2928410e+06   5.2368164e+01
   1.2931030e+06   3.5034180e+01
   1.2936270e+06   5.1025391e+01
   1.2949550e+06   5.2917480e+01
   1.2952340e+06   4.6142578e+01
   1.2954130e+06   4.3151855e+01
   1.2955670e+06   3.6499023e+01
   1.2956960e+06   4.3518066e+01
   1.2957140e+06   3.9672852e+01
   1.2959140e+06   5.5969238e+01
   1.2960430e+06   3.9489746e+01
   1.2961350e+06   4.1015625e+01
   1.2964230e+06   4.2236328e+01
   1.2966850e+06   3.7963867e+01
   1.2971220e+06   4.0954590e+01
   1.2994450e+06   3.5583496e+01
   1.3025300e+06   5.3222656e+01
   1.3025460e+06   5.0354004e+01
   1.3037170e+06   3.6132812e+01
   1.3047900e+06   5.4016113e+01
   1.3050990e+06   3.7963867e+01
   1.3061390e+06   3.8146973e+01
   1.3069340e+06   4.6142578e+01
   1.3070580e+06   3.5400391e+01
   1.3086360e+06   4.0344238e+01
   1.3189230e+06   4.9255371e+01
   1.3202570e+06   4.1870117e+01
   1.3212980e+06   5.0964355e+01
   1.3223060e+06   3.7231445e+01
   1.3233190e+06   3.6071777e+01
   1.3247940e+06   5.1574707e+01
   1.3257960e+06   6.0363770e+01
   1.3263600e+06   4.9621582e+01
   1.3283360e+06   4.5471191e+01
   1.3314750e+06   5.9448242e+01
   1.3332870e+06   3.7292480e+01
   1.3362860e+06   4.7180176e+01
   1.3363080e+06   4.8400879e+01
   1.3369030e+06   5.5358887e+01
   1.3370280e+06   5.4016113e+01
   1.3375880e+06   3.5583496e+01
   1.3380050e+06   4.5898438e+01
   1.3389970e+06   3.8146973e+01
   1.3413760e+06   3.7170410e+01
   1.3423640e+06   4.9194336e+01
   1.3425910e+06   3.5400391e+01
   1.3432670e+06   4.1198730e+01
   1.3436960e+06   4.2663574e+01
   1.3438930e+06   3.8635254e+01
   1.3441030e+06   3.8085938e+01
   1.3613050e+06   5.5664062e+01
   1.3621270e+06   3.7902832e+01
   1.3624540e+06   3.5217285e+01
   1.3668680e+06   3.9794922e+01
   1.3738440e+06   3.5827637e+01
   1.3776210e+06   3.7292480e+01
   1.3780790e+06   3.6560059e+01
   1.3818230e+06   3.5278320e+01
   1.3819860e+06   4.0954590e+01
   1.3821400e+06   4.6813965e+01
   1.3827180e+06   5.3649902e+01
   1.3833610e+06   5.6335449e+01
   1.3837840e+06   4.3945312e+01
   1.3840900e+06   4.6020508e+01
   1.3843600e+06   4.1503906e+01
   1.3893150e+06   5.4321289e+01
   1.3894140e+06   4.3273926e+01
   1.3898610e+06   4.1931152e+01
   1.3914370e+06   3.5888672e+01
   1.3936100e+06   3.7353516e+01
   1.3944170e+06   3.9123535e+01
   1.3954850e+06   3.8574219e+01
   1.3962050e+06   3.5766602e+01
   1.3968120e+06   3.8696289e+01
   1.3972680e+06   3.7658691e+01
   1.4011850e+06   3.9428711e+01
   1.4116570e+06   5.8593750e+01
   1.4127770e+06   3.7658691e+01
   1.4166940e+06   3.9489746e+01
   1.4173800e+06   3.6193848e+01
   1.4232530e+06   4.0832520e+01
   1.4283390e+06   3.4912109e+01
   1.4291930e+06   4.8339844e+01
   1.4295020e+06   4.4616699e+01
   1.4296720e+06   4.3884277e+01
   1.4298020e+06   3.7231445e+01
   1.4365500e+06   4.7912598e+01
   1.4366800e+06   4.4860840e+01
   1.4368620e+06   3.9550781e+01
   1.4379690e+06   3.5217285e+01
   1.4395920e+06   4.8278809e+01
   1.4402050e+06   5.6213379e+01
   1.4403730e+06   3.7414551e+01
   1.4406030e+06   4.7668457e+01
   1.4406290e+06   3.9733887e+01
   1.4415970e+06   5.0598145e+01
   1.4464230e+06   4.4494629e+01
   1.4464650e+06   5.0659180e+01
   1.4468260e+06   4.3518066e+01
   1.4496860e+06   5.1208496e+01
   1.4588050e+06   3.5278320e+01
   1.4599470e+06   3.9916992e+01
   1.4630020e+06   3.8024902e+01
   1.4646540e+06   3.6804199e+01
   1.4668740e+06   5.3771973e+01
   1.4671310e+06   4.7241211e+01
   1.4687760e+06   3.8208008e+01
   1.4721290e+06   6.3964844e+01
   1.4788380e+06   3.6926270e+01
   1.4800720e+06   3.7597656e+01
   1.4828680e+06   3.8024902e+01
   1.4924120e+06   3.6499023e+01
   1.4932000e+06   4.7912598e+01
   1.4977220e+06   3.6682129e+01
   1.5034080e+06   4.8706055e+01
   1.5035450e+06   4.0466309e+01
   1.5059610e+06   4.9194336e+01
   1.5062720e+06   6.0668945e+01
   1.5070560e+06   3.5705566e+01
   1.5077480e+06   5.2185059e+01
   1.5079270e+06   5.1513672e+01
   1.5081450e+06   3.5949707e+01
   1.5083650e+06   3.9123535e+01
   1.5085770e+06   4.1198730e+01
   1.5089460e+06   4.4067383e+01
   1.5090430e+06   3.5583496e+01
   1.5090530e+06   4.7973633e+01
   1.5094160e+06   4.1015625e+01
   1.5102000e+06   4.2663574e+01
   1.5105470e+06   4.6264648e+01
   1.5107100e+06   6.4697266e+01
   1.5109010e+06   4.6630859e+01
   1.5109230e+06   3.5827637e+01
   1.5111350e+06   4.4921875e+01
   1.5115380e+06   3.8696289e+01
   1.5116910e+06   5.4504395e+01
   1.5119630e+06   3.8146973e+01
   1.5120030e+06   3.5705566e+01
   1.5122080e+06   4.1503906e+01
   1.5125650e+06   3.5949707e+01
   1.5129990e+06   3.5461426e+01
   1.5136490e+06   3.7597656e+01
   1.5226920e+06   3.7170410e+01
   1.5241950e+06   3.8879395e+01
   1.5351360e+06   5.0170898e+01
   1.5358430e+06   4.6447754e+01
   1.5359740e+06   3.7414551e+01
   1.5365110e+06   4.0527344e+01
   1.5371000e+06   4.5959473e+01
   1.5392040e+06   3.6071777e+01
   1.5403630e+06   3.5278320e+01
   1.5409870e+06   5.3161621e+01
   1.5414890e+06   3.7475586e+01
   1.5421610e+06   4.2236328e+01
   1.5423780e+06   4.2053223e+01
   1.5427200e+06   5.0476074e+01
   1.5429970e+06   5.1330566e+01
   1.5433120e+06   3.5766602e+01
   1.5460860e+06   3.7536621e+01
   1.5537290e+06   5.4443359e+01
   1.5557830e+06   5.5541992e+01
   1.5562790e+06   3.5827637e+01
   1.5594370e+06   3.7658691e+01
   1.5662470e+06   3.9001465e+01
   1.5666320e+06   3.5461426e+01
   1.5729720e+06   5.1025391e+01
   1.5775160e+06   3.4912109e+01
   1.5832130e+06   4.1503906e+01
   1.5925350e+06   5.7128906e+01
   1.5928940e+06   4.7973633e+01
   1.5944630e+06   3.7719727e+01
   1.5946130e+06   4.8950195e+01
   1.5946800e+06   3.8146973e+01
   1.5950450e+06   4.7851562e+01
   1.5961800e+06   3.5522461e+01
   1.5983020e+06   4.0832520e+01
   1.6018990e+06   5.1513672e+01
   1.6065390e+06   3.4912109e+01
   1.6076300e+06   3.6315918e+01
   1.6139260e+06   5.4138184e+01
   1.6143520e+06   4.1442871e+01
   1.6148160e+06   3.8757324e+01
   1.6165330e+06   3.5278320e+01
   1.6183890e+06   3.8635254e+01
   1.6196180e+06   4.5288086e+01
   1.6198550e+06   4.2785645e+01
   1.6200150e+06   5.4016113e+01
   1.6201530e+06   3.8208008e+01
   1.6206570e+06   4.2907715e+01
   1.6234210e+06   3.6926270e+01
   1.6281230e+06   3.6010742e+01
   1.6366800e+06   6.4392090e+01
   1.6369070e+06   5.0292969e+01
   1.6369240e+06   4.5104980e+01
   1.6499490e+06   3.6621094e+01
   1.6524420e+06   4.6447754e+01
   1.6527520e+06   4.2358398e+01
   1.6553480e+06   4.1442871e+01
   1.6562010e+06   4.2297363e+01
   1.6570130e+06   3.6376953e+01
   1.6573260e+06   5.7800293e+01
   1.6609390e+06   4.8461914e+01
   1.6623060e+06   5.1025391e+01
   1.6635320e+06   4.7241211e+01
   1.6640250e+06   4.7302246e+01
   1.6652890e+06   5.1330566e+01
   1.6665010e+06   3.8391113e+01
   1.6720040e+06   4.7912598e+01
   1.6722530e+06   5.6518555e+01
   1.6818490e+06   3.5888672e+01
   1.6819160e+06   5.8227539e+01
   1.6837520e+06   4.0466309e+01
   1.6842030e+06   3.8391113e+01
   1.6854160e+06   3.8208008e+01
   1.6859390e+06   3.5217285e+01
   1.6861980e+06   3.7597656e+01
   1.6924940e+06   4.4189453e+01
   1.6951820e+06   3.6437988e+01
   1.6975900e+06   4.1015625e+01
   1.6978780e+06   3.6132812e+01
   1.6997520e+06   3.4912109e+01
   1.7037190e+06   3.8024902e+01
   1.7072490e+06   3.6560059e+01
   1.7082150e+06   3.6315918e+01
   1.7089920e+06   3.6499023e+01
   1.7092230e+06   5.2734375e+01
   1.7102810e+06   3.5705566e+01
   1.7113300e+06   4.7241211e+01
   1.7150810e+06   4.2297363e+01
   1.7155450e+06   3.5217285e+01
   1.7164880e+06   3.6682129e+01
   1.7193780e+06   4.2419434e+01
   1.7194280e+06   4.8400879e+01
   1.7196100e+06   3.9367676e+01
   1.7196320e+06   4.3457031e+01
   1.7196670e+06   4.2358398e+01
   1.7197640e+06   5.0659180e+01
   1.7201050e+06   4.7546387e+01
   1.7201470e+06   4.4433594e+01
   1.7203540e+06   3.6437988e+01
   1.7204960e+06   4.6264648e+01
   1.7252950e+06   5.0109863e+01
   1.7253760e+06   3.7109375e+01
   1.7349230e+06   3.6010742e+01
   1.7451900e+06   3.5461426e+01
   1.7466260e+06   5.7373047e+01
   1.7467220e+06   3.7353516e+01
   1.7468120e+06   3.6682129e+01
   1.7485050e+06   3.6926270e+01
   1.7515140e+06   4.7729492e+01
   1.7530530e+06   5.2490234e+01
   1.7578220e+06   5.0598145e+01
   1.7591470e+06   3.5522461e+01
   1.7592900e+06   4.1870117e+01
   1.7603370e+06   3.5766602e+01
   1.7610140e+06   4.0954590e+01
   1.7625480e+06   5.2124023e+01
   1.7634980e+06   3.5339355e+01
   1.7661180e+06   3.5400391e+01
   1.7701740e+06   4.2602539e+01
   1.7707890e+06   5.3833008e+01
   1.7708320e+06   3.7475586e+01
   1.7713430e+06   3.9733887e+01
   1.7728800e+06   3.4973145e+01
   1.7728930e+06   5.1940918e+01
   1.7739400e+06   5.1208496e+01
   1.7739930e+06   3.5461426e+01
   1.7748530e+06   4.3762207e+01
   1.7749050e+06   4.3334961e+01
   1.7750590e+06   3.5888672e+01
   1.7752570e+06   4.4982910e+01
   1.7760760e+06   4.7668457e+01
   1.7764150e+06   3.8513184e+01
   1.7766560e+06   4.0161133e+01
   1.7767130e+06   4.7363281e+01
   1.7768950e+06   3.7109375e+01
   1.7770340e+06   3.9672852e+01
   1.7775580e+06   3.5461426e+01
   1.7786210e+06   3.5156250e+01
   1.7790680e+06   3.6987305e+01
   1.7806510e+06   3.7231445e+01
   1.7817240e+06   3.9123535e+01
   1.7826550e+06   4.5959473e+01
   1.7853180e+06   3.6132812e+01
   1.7872060e+06   5.9387207e+01
   1.7878630e+06   3.7414551e+01
   1.7932290e+06   3.4912109e+01
   1.7959120e+06   4.9987793e+01
   1.7961730e+06   3.7719727e+01
   1.7971760e+06   5.3100586e+01
   1.7972810e+06   3.9489746e+01
   1.7979850e+06   4.0283203e+01
   1.7982730e+06   4.7058105e+01
   1.7985930e+06   4.9255371e+01
   1.7987070e+06   3.7170410e+01
   1.7990320e+06   4.5898438e+01
   1.7994390e+06   3.9489746e+01
   1.7996860e+06   3.8208008e+01
   1.7998820e+06   3.7475586e+01
   1.8002380e+06   4.0893555e+01
   1.8037480e+06   4.2358398e+01
   1.8042510e+06   3.8452148e+01
   1.8055060e+06   4.4067383e+01
   1.8085670e+06   5.0964355e+01
   1.8185820e+06   4.0344238e+01
   1.8219990e+06   3.9123535e+01
   1.8249990e+06   5.1452637e+01
   1.8275070e+06   3.5583496e+01
   1.8410130e+06   3.6865234e+01
   1.8415290e+06   3.7109375e+01
   1.8426480e+06   4.4006348e+01
   1.8428430e+06   5.3222656e+01
   1.8430450e+06   4.5471191e+01
   1.8432180e+06   4.2236328e+01
   1.8432350e+06   3.9428711e+01
   1.8433970e+06   4.0100098e+01
   1.8434910e+06   3.5583496e+01
   1.8435350e+06   4.3151855e+01
   1.8436350e+06   4.2053223e+01
   1.8438380e+06   3.6682129e+01
   1.8444120e+06   4.4982910e+01
   1.8446170e+06   3.5949707e+01
   1.8446530e+06   3.5095215e+01
   1.8452640e+06   3.9550781e+01
   1.8509780e+06   3.7048340e+01
   1.8510970e+06   3.5095215e+01
   1.8541760e+06   3.5400391e+01
   1.8548740e+06   3.6437988e+01
   1.8621620e+06   5.2062988e+01
   1.8625780e+06   3.9733887e+01
   1.8665340e+06   4.3090820e+01
   1.8680240e+06   3.6437988e+01
   1.8705140e+06   3.5217285e+01
   1.8734230e+06   4.0588379e+01
   1.8744920e+06   4.2968750e+01
   1.8763980e+06   3.6743164e+01
   1.8811360e+06   4.6997070e+01
   1.8837040e+06   3.8452148e+01
   1.8838600e+06   4.7729492e+01
   1.8841810e+06   4.1381836e+01
   1.8847310e+06   3.6071777e+01
   1.8853030e+06   3.4912109e+01
   1.8966340e+06   4.0649414e+01
   1.9015890e+06   3.6865234e+01
   1.9027460e+06   3.5949707e+01
   1.9046280e+06   3.5339355e+01
   1.9099190e+06   5.4626465e+01
   1.9105410e+06   3.5461426e+01
   1.9149300e+06   4.8278809e+01
   1.9151750e+06   4.9743652e+01
   1.9152630e+06   4.5593262e+01
   1.9154840e+06   4.9499512e+01
   1.9158630e+06   4.0771484e+01
   1.9244940e+06   3.5766602e+01
   1.9301290e+06   4.8522949e+01
   1.9304440e+06   3.9306641e+01
   1.9305090e+06   4.6081543e+01
   1.9317850e+06   4.5227051e+01
   1.9320380e+06   3.7719727e+01
   1.9334810e+06   3.6437988e+01
   1.9335490e+06   4.7485352e+01
   1.9409360e+06   3.8757324e+01
   1.9409750e+06   3.5034180e+01
   1.9462200e+06   4.1076660e+01
   1.9486600e+06   3.4912109e+01
   1.9518440e+06   3.5705566e+01
   1.9562620e+06   3.8635254e+01
   1.9607260e+06   5.4931641e+01
   1.9609060e+06   4.3762207e+01
   1.9614180e+06   4.1687012e+01
   1.9614630e+06   4.4494629e+01
   1.9616360e+06   3.5766602e+01
   1.9626380e+06   3.8574219e+01
   1.9645300e+06   5.5236816e+01
   1.9650520e+06   5.1391602e+01
   1.9720090e+06   4.6569824e+01
   1.9752140e+06   4.4311523e+01
   1.9807520e+06   3.8330078e+01
   1.9859930e+06   4.7668457e+01
   1.9862810e+06   3.7658691e+01
   1.9923610e+06   3.5400391e+01
   1.9933810e+06   3.6621094e+01
   1.9938700e+06   3.5705566e+01
   2.0004380e+06   3.6376953e+01
   2.0030310e+06   4.1870117e+01
   2.0102050e+06   6.0546875e+01
   2.0102780e+06   3.5339355e+01
   2.0117130e+06   5.6823730e+01
   2.0137390e+06   3.7597656e+01
   2.0196920e+06   5.8959961e+01
   2.0239740e+06   4.8095703e+01
   2.0243070e+06   3.6193848e+01
   2.0272400e+06   3.7475586e+01
   2.0282620e+06   3.4973145e+01
   2.0294410e+06   3.6376953e+01
   2.0392770e+06   3.8146973e+01
   2.0399900e+06   3.5461426e+01
   2.0551350e+06   3.8574219e+01
   2.0561420e+06   4.3884277e+01
   2.0567960e+06   5.1757812e+01
   2.0584570e+06   4.2907715e+01
   2.0589120e+06   5.1269531e+01
   2.0591500e+06   4.1748047e+01
   2.0597080e+06   4.9987793e+01
   2.0746700e+06   3.8391113e+01
   2.0754330e+06   4.8889160e+01
   2.0768030e+06   4.5959473e+01
   2.0768560e+06   3.8146973e+01
   2.0786360e+06   4.6752930e+01
   2.0787860e+06   4.6569824e+01
   2.0861340e+06   4.3518066e+01
   2.0864190e+06   4.9377441e+01
   2.0866820e+06   3.9916992e+01
   2.0873050e+06   4.1076660e+01
   2.0901050e+06   5.2612305e+01
   2.0901320e+06   5.0476074e+01
   2.0905070e+06   3.7475586e+01
   2.0912790e+06   4.8095703e+01
   2.0921180e+06   4.1320801e+01
   2.0953310e+06   3.4973145e+01
   2.0960780e+06   3.5156250e+01
   2.0995060e+06   4.8522949e+01
   2.1023130e+06   3.7658691e+01
   2.1036850e+06   4.8461914e+01
   2.1040160e+06   5.3222656e+01
   2.1041660e+06   4.3457031e+01
   2.1042170e+06   4.7668457e+01
   2.1075000e+06   3.7170410e+01
   2.1183520e+06   4.0466309e+01
   2.1299150e+06   5.7983398e+01
   2.1308490e+06   5.5114746e+01
   2.1313400e+06   4.4189453e+01
   2.1391870e+06   4.2297363e+01
   2.1415310e+06   5.1635742e+01
   2.1418290e+06   4.6630859e+01
   2.1419290e+06   4.7973633e+01
   2.1421650e+06   4.1320801e+01
   2.1423190e+06   4.5471191e+01
   2.1424700e+06   3.8879395e+01
   2.1428170e+06   4.0832520e+01
   2.1432560e+06   4.5166016e+01
   2.1454760e+06   4.8400879e+01
   2.1483170e+06   4.4311523e+01
   2.1510270e+06   3.9855957e+01
   2.1536110e+06   3.6621094e+01
   2.1596030e+06   4.7241211e+01
   2.1597060e+06   6.2438965e+01
   2.1597590e+06   4.4006348e+01
   2.1598670e+06   5.0659180e+01
   2.1601750e+06   4.1687012e+01
   2.1602220e+06   3.5644531e+01
   2.1610600e+06   3.7170410e+01
   2.1663160e+06   4.0222168e+01
   2.1666250e+06   5.5725098e+01
   2.1669340e+06   4.5166016e+01
   2.1672210e+06   3.8146973e+01
   2.1673110e+06   5.3222656e+01
   2.1674750e+06   4.8645020e+01
   2.1688730e+06   6.2622070e+01
   2.1691980e+06   3.9428711e+01
   2.1695200e+06   3.6926270e+01
   2.1699370e+06   3.9794922e+01
   2.1703270e+06   3.5583496e+01
   2.1712780e+06   3.6804199e+01
   2.1745410e+06   5.7922363e+01
   2.1756250e+06   4.7485352e+01
   2.1768780e+06   3.5400391e+01
   2.1794860e+06   4.3579102e+01
   2.1807270e+06   4.7119141e+01
   2.1807420e+06   4.9255371e+01
   2.1809690e+06   3.8391113e+01
   2.1810590e+06   3.6621094e+01
   2.1811060e+06   6.5795898e+01
   2.1812410e+06   4.2175293e+01
   2.1814390e+06   4.0588379e+01
   2.1820710e+06   3.9550781e+01
   2.1821020e+06   4.1748047e+01
   2.1821720e+06   3.4912109e+01
   2.1823030e+06   3.7841797e+01
   2.1823740e+06   4.1320801e+01
   2.1824350e+06   4.3945312e+01
   2.1827560e+06   4.1748047e+01
   2.1827930e+06   3.5034180e+01
   2.1829230e+06   4.1687012e+01
   2.1830280e+06   4.1320801e+01
   2.1830820e+06   3.6560059e+01
   2.1833210e+06   3.5217285e+01
   2.1835020e+06   3.9978027e+01
   2.1835800e+06   4.3579102e+01
   2.1937950e+06   3.7414551e+01
   2.1955830e+06   3.5766602e+01
   2.1966810e+06   3.5461426e+01
   2.1967360e+06   5.2978516e+01
   2.1969270e+06   4.4860840e+01
   2.1970010e+06   3.9672852e+01
   2.1979670e+06   4.0405273e+01
   2.1984400e+06   3.5888672e+01
   2.2028840e+06   4.6508789e+01
   2.2031710e+06   4.2602539e+01
   2.2040290e+06   3.6071777e+01
   2.2078810e+06   5.8410645e+01
   2.2180540e+06   4.3029785e+01
   2.2183280e+06   6.1340332e+01
   2.2212300e+06   3.8024902e+01
   2.2221690e+06   3.8574219e+01
   2.2223510e+06   3.6682129e+01
   2.2227570e+06   5.5053711e+01
   2.2259690e+06   3.7658691e+01
   2.2261540e+06   3.4912109e+01
   2.2265570e+06   3.7475586e+01
   2.2290300e+06   5.9204102e+01
   2.2338570e+06   3.9428711e+01
   2.2389930e+06   3.7414551e+01
   2.2408710e+06   4.5471191e+01
   2.2437510e+06   3.5156250e+01
   2.2437720e+06   4.1931152e+01
   2.2439750e+06   3.7414551e+01
   2.2444480e+06   3.8940430e+01
   2.2455460e+06   4.0344238e+01
   2.2587610e+06   3.6743164e+01
   2.2593670e+06   3.5156250e+01
   2.2613960e+06   3.7719727e+01
   2.2634790e+06   4.9011230e+01
   2.2719660e+06   4.3273926e+01
   2.2786970e+06   3.5766602e+01
   2.2790520e+06   4.4006348e+01
   2.2792480e+06   5.4077148e+01
   2.2809200e+06   3.5583496e+01
   2.2957850e+06   4.6508789e+01
   2.2985110e+06   3.8391113e+01
   2.2987330e+06   5.4992676e+01
   2.3142840e+06   3.5034180e+01
   2.3145140e+06   3.7475586e+01
   2.3198350e+06   4.9133301e+01
   2.3202720e+06   5.0354004e+01
   2.3214180e+06   3.6071777e+01
   2.3216540e+06   3.5400391e+01
   2.3324330e+06   4.7912598e+01
   2.3357200e+06   4.0405273e+01
   2.3359790e+06   4.5593262e+01
   2.3360550e+06   4.1503906e+01
   2.3369780e+06   4.6142578e+01
   2.3372760e+06   5.4565430e+01
   2.3373140e+06   3.6071777e+01
   2.3375370e+06   3.6560059e+01
   2.3376360e+06   4.0954590e+01
   2.3377510e+06   3.8940430e+01
   2.3379370e+06   4.8034668e+01
   2.3380020e+06   4.2480469e+01
   2.3381570e+06   4.5227051e+01
   2.3383370e+06   6.6467285e+01
   2.3384530e+06   3.7353516e+01
   2.3384670e+06   3.6132812e+01
   2.3385900e+06   3.6193848e+01
   2.3388130e+06   3.5278320e+01
   2.3391000e+06   3.5339355e+01
   2.3392610e+06   4.0466309e+01
   2.3393320e+06   4.0527344e+01
   2.3397080e+06   3.9672852e+01
   2.3399270e+06   3.7231445e+01
   2.3400940e+06   3.7536621e+01
   2.3402920e+06   3.7658691e+01
   2.3405150e+06   3.5034180e+01
   2.3471420e+06   3.7841797e+01
   2.3478320e+06   3.9550781e+01
   2.3489290e+06   3.5644531e+01
   2.3502130e+06   4.0100098e+01
   2.3638430e+06   4.6936035e+01
   2.3652050e+06   4.1687012e+01
   2.3667580e+06   4.6020508e+01
   2.3721420e+06   3.8330078e+01
   2.3734030e+06   3.8940430e+01
   2.3748130e+06   3.5461426e+01
   2.3752180e+06   3.9794922e+01
   2.3873060e+06   3.6804199e+01
   2.3883820e+06   4.6630859e+01
   2.3906700e+06   3.6804199e+01
   2.3917000e+06   6.9274902e+01
   2.3929390e+06   3.6193848e+01
   2.3930080e+06   5.9814453e+01
   2.3933520e+06   5.9204102e+01
   2.3934210e+06   3.5461426e+01
   2.3935120e+06   4.6081543e+01
   2.3989150e+06   3.7536621e+01
   2.4004150e+06   3.4973145e+01
   2.4032050e+06   5.2795410e+01
   2.4033970e+06   3.6743164e+01
   2.4036710e+06   4.1198730e+01
   2.4037120e+06   5.5786133e+01
   2.4039630e+06   3.8391113e+01
   2.4049070e+06   4.0710449e+01
   2.4084880e+06   3.5583496e+01
   2.4131540e+06   3.7841797e+01
   2.4132500e+06   3.9672852e+01
   2.4135720e+06   4.4738770e+01
   2.4168940e+06   3.5217285e+01
   2.4187530e+06   3.5156250e+01
   2.4252230e+06   3.5156250e+01
   2.4270060e+06   3.6621094e+01
   2.4284790e+06   3.8452148e+01
   2.4348340e+06   4.0039062e+01
   2.4385500e+06   4.9926758e+01
   2.4387340e+06   5.0781250e+01
   2.4390190e+06   3.5339355e+01
   2.4395820e+06   4.5959473e+01
   2.4407170e+06   5.2001953e+01
   2.4410980e+06   3.6865234e+01
   2.4425170e+06   4.0832520e+01
   2.4442930e+06   4.4921875e+01
   2.4477160e+06   4.7729492e+01
   2.4486920e+06   3.9184570e+01
   2.4501120e+06   3.4912109e+01
   2.4523680e+06   3.5461426e+01
   2.4531620e+06   4.4921875e+01
   2.4536170e+06   3.6193848e+01
   2.4568230e+06   3.4912109e+01
   2.4631460e+06   5.4809570e+01
   2.4636090e+06   4.3090820e+01
   2.4638030e+06   3.7841797e+01
   2.4639290e+06   3.9001465e+01
   2.4650510e+06   4.2724609e+01
   2.4692180e+06   3.7231445e+01
   2.4736900e+06   3.8879395e+01
   2.4777540e+06   4.7180176e+01
   2.4784850e+06   3.6865234e+01
   2.4786120e+06   3.8269043e+01
   2.4797620e+06   3.7780762e+01
   2.4809120e+06   3.6132812e+01
   2.4961840e+06   3.8696289e+01
   2.4990740e+06   4.7302246e+01
   2.4992230e+06   4.2907715e+01
   2.5005090e+06   3.6315918e+01
   2.5007180e+06   4.2480469e+01
   2.5072190e+06   4.0832520e+01
   2.5124800e+06   3.5644531e+01
   2.5173820e+06   3.7597656e+01
   2.5174830e+06   5.2917480e+01
   2.5182330e+06   3.7780762e+01
   2.5267390e+06   4.9926758e+01
   2.5270220e+06   5.8654785e+01
   2.5270420e+06   4.7729492e+01
   2.5270860e+06   4.9377441e+01
   2.5272280e+06   4.3640137e+01
   2.5274320e+06   5.3710938e+01
   2.5274920e+06   3.7353516e+01
   2.5346750e+06   4.4494629e+01
   2.5393380e+06   4.8095703e+01
   2.5394930e+06   4.4616699e+01
   2.5398920e+06   5.2673340e+01
   2.5430110e+06   3.6499023e+01
   2.5439370e+06   4.0710449e+01
   2.5447080e+06   5.5908203e+01
   2.5541600e+06   4.7668457e+01
   2.5544250e+06   3.8269043e+01
   2.5547540e+06   3.6499023e+01
   2.5624140e+06   4.4738770e+01
   2.5660050e+06   4.2968750e+01
   2.5661640e+06   3.6010742e+01
   2.5671000e+06   3.9428711e+01
   2.5823590e+06   4.3823242e+01
   2.5865830e+06   4.2297363e+01
   2.5881250e+06   4.8583984e+01
   2.5904440e+06   4.5288086e+01
   2.5947070e+06   3.5766602e+01
   2.5959210e+06   3.5095215e+01
   2.5962810e+06   3.5278320e+01
   2.5964620e+06   3.6560059e+01
   2.5981990e+06   3.5461426e+01
   2.6044490e+06   5.2978516e+01
   2.6046480e+06   4.2236328e+01
   2.6066800e+06   3.8024902e+01
   2.6070320e+06   3.7292480e+01
   2.6099910e+06   5.1269531e+01
   2.6188970e+06   3.6804199e+01
   2.6190530e+06   3.7475586e+01
   2.6191620e+06   5.3894043e+01
   2.6194540e+06   3.4973145e+01
   2.6201500e+06   4.6142578e+01
   2.6203310e+06   4.0649414e+01
   2.6204600e+06   5.5969238e+01
   2.6207320e+06   4.4494629e+01
   2.6209850e+06   3.6315918e+01
   2.6211360e+06   3.8330078e+01
   2.6213760e+06   4.2053223e+01
   2.6217320e+06   4.4799805e+01
   2.6222410e+06   3.9184570e+01
   2.6224360e+06   3.8818359e+01
   2.6224890e+06   4.0527344e+01
   2.6226390e+06   3.9001465e+01
   2.6226810e+06   4.4250488e+01
   2.6227480e+06   3.7963867e+01
   2.6231420e+06   3.8085938e+01
   2.6232930e+06   4.1564941e+01
   2.6234870e+06   4.0588379e+01
   2.6240550e+06   3.8024902e+01
   2.6241590e+06   4.4982910e+01
   2.6246130e+06   3.6926270e+01
   2.6343320e+06   3.7658691e+01
   2.6350710e+06   3.6804199e+01
   2.6354430e+06   5.2917480e+01
   2.6354740e+06   3.7170410e+01
   2.6357590e+06   4.6203613e+01
   2.6358280e+06   3.5095215e+01
   2.6370830e+06   3.9001465e+01
   2.6434770e+06   4.2968750e+01
   2.6465230e+06   4.0100098e+01
   2.6593860e+06   3.6132812e+01
   2.6628730e+06   5.5419922e+01
   2.6629640e+06   3.7353516e+01
   2.6673700e+06   3.6437988e+01
   2.6700980e+06   3.6132812e+01
   2.6713330e+06   3.9550781e+01
   2.6848020e+06   4.0771484e+01
   2.6885870e+06   3.6010742e+01
   2.6917540e+06   3.6499023e+01
   2.6947470e+06   5.4687500e+01
   2.6987900e+06   5.3222656e+01
   2.6992750e+06   4.9377441e+01
   2.7015300e+06   4.7668457e+01
   2.7075150e+06   3.7719727e+01
   2.7079540e+06   3.8696289e+01
   2.7136110e+06   3.5583496e+01
   2.7193310e+06   4.9133301e+01
   2.7197760e+06   4.4067383e+01
   2.7201900e+06   4.4067383e+01
   2.7287400e+06   4.0649414e+01
   2.7296880e+06   3.9001465e+01
   2.7297710e+06   5.2551270e+01
   2.7297890e+06   3.9672852e+01
   2.7369400e+06   5.7800293e+01
   2.7461840e+06   3.8391113e+01
   2.7499010e+06   3.7048340e+01
   2.7501460e+06   6.5979004e+01
   2.7504010e+06   4.1381836e+01
   2.7505690e+06   3.5339355e+01
   2.7553160e+06   3.9001465e+01
   2.7638070e+06   5.0231934e+01
   2.7641120e+06   4.6691895e+01
   2.7650500e+06   3.8269043e+01
   2.7668220e+06   4.1625977e+01
   2.7741490e+06   3.8208008e+01
   2.7742790e+06   4.0283203e+01
   2.7747660e+06   4.4921875e+01
   2.7760560e+06   3.5217285e+01
   2.7837730e+06   3.7475586e+01
   2.7838250e+06   4.6630859e+01
   2.7881940e+06   3.6315918e+01
   2.7883210e+06   4.5959473e+01
   2.7912910e+06   4.4311523e+01
   2.7915490e+06   4.5349121e+01
   2.7923340e+06   3.5400391e+01
   2.7939530e+06   3.7536621e+01
   2.8018800e+06   4.2907715e+01
   2.8032480e+06   3.6254883e+01
   2.8039320e+06   3.8330078e+01
   2.8073800e+06   3.5827637e+01
   2.8157080e+06   4.9438477e+01
   2.8165380e+06   3.5705566e+01
   2.8166950e+06   3.6865234e+01
   2.8172300e+06   5.1879883e+01
   2.8222680e+06   3.8146973e+01
   2.8283310e+06   3.6865234e+01
   2.8318700e+06   3.5827637e+01
   2.8319620e+06   4.7302246e+01
   2.8451510e+06   3.9001465e+01
   2.8474020e+06   3.5644531e+01
   2.8508950e+06   3.6010742e+01
   2.8547040e+06   6.0424805e+01
   2.8614310e+06   3.5034180e+01
   2.8621480e+06   3.5156250e+01
   2.8695300e+06   4.1137695e+01
   2.8735300e+06   4.7668457e+01
   2.8739510e+06   3.6010742e+01
   2.8743930e+06   3.5583496e+01
   2.8782160e+06   5.4443359e+01
   2.8867930e+06   4.4067383e+01
   2.8871780e+06   4.2724609e+01
   2.8882610e+06   4.7180176e+01
   2.8917730e+06   3.5278320e+01
   2.8998790e+06   4.6630859e+01
   2.9032940e+06   3.6010742e+01
   2.9135500e+06   5.1818848e+01
   2.9186410e+06   4.6386719e+01
   2.9186590e+06   4.9621582e+01
   2.9188420e+06   4.0893555e+01
   2.9214550e+06   3.5278320e+01
   2.9231160e+06   3.5095215e+01
   2.9234440e+06   3.7780762e+01
   2.9241620e+06   3.4912109e+01
   2.9242280e+06   3.7658691e+01
   2.9278240e+06   5.1635742e+01
   2.9282410e+06   4.3273926e+01
   2.9284740e+06   3.7048340e+01
   2.9298440e+06   3.6437988e+01
   2.9334850e+06   5.4138184e+01
   2.9336810e+06   5.0781250e+01
   2.9337870e+06   5.2001953e+01
   2.9338520e+06   3.7536621e+01
   2.9339670e+06   4.1198730e+01
   2.9341530e+06   4.7668457e+01
   2.9344410e+06   4.4860840e+01
   2.9348010e+06   4.0222168e+01
   2.9348890e+06   3.9855957e+01
   2.9349290e+06   3.9001465e+01
   2.9351750e+06   3.6987305e+01
   2.9353490e+06   3.6926270e+01
   2.9355750e+06   4.9560547e+01
   2.9368170e+06   4.3029785e+01
   2.9368870e+06   3.5461426e+01
   2.9370620e+06   4.2358398e+01
   2.9371040e+06   3.8330078e+01
   2.9376900e+06   4.3518066e+01
   2.9381640e+06   4.0283203e+01
   2.9383130e+06   3.5949707e+01
   2.9385520e+06   3.6804199e+01
   2.9488390e+06   3.7597656e+01
   2.9503760e+06   3.6193848e+01
   2.9519330e+06   3.9794922e+01
   2.9526970e+06   5.9814453e+01
   2.9530870e+06   4.6325684e+01
   2.9672190e+06   3.6376953e+01
   2.9703030e+06   5.7373047e+01
   2.9718430e+06   3.9428711e+01
   2.9719800e+06   5.6518555e+01
   2.9721870e+06   3.5156250e+01
   2.9731670e+06   4.5593262e+01
   2.9732620e+06   3.7841797e+01
   2.9736550e+06   3.5888672e+01
   2.9739460e+06   4.4311523e+01
   2.9740770e+06   3.5217285e+01
   2.9745130e+06   3.7048340e+01
   2.9947010e+06   5.2429199e+01
   2.9952270e+06   4.4494629e+01
   3.0005930e+06   4.1442871e+01
   3.0050060e+06   3.7902832e+01
   3.0117630e+06   3.4973145e+01
   3.0209830e+06   3.7048340e+01
   3.0294030e+06   3.4973145e+01
   3.0306930e+06   3.7170410e+01
   3.0308920e+06   4.5959473e+01
   3.0399510e+06   5.2246094e+01
   3.0423750e+06   3.5705566e+01
   3.0533290e+06   5.5358887e+01
   3.0536140e+06   5.1879883e+01
   3.0541580e+06   3.9062500e+01
   3.0553510e+06   3.7292480e+01
   3.0582270e+06   3.8696289e+01
   3.0584650e+06   3.5217285e+01
   3.0585860e+06   3.6010742e+01
   3.0587590e+06   4.9316406e+01
   3.0590270e+06   3.5522461e+01
   3.0742470e+06   3.6987305e+01
   3.0753580e+06   3.8696289e+01
   3.0783340e+06   4.6630859e+01
   3.0926040e+06   4.7363281e+01
   3.0926530e+06   5.2246094e+01
   3.0929300e+06   5.3466797e+01
   3.0993590e+06   3.8635254e+01
   3.0997640e+06   3.8696289e+01
   3.1004490e+06   3.9001465e+01
   3.1007610e+06   3.6437988e+01
   3.1034970e+06   4.3518066e+01
   3.1063470e+06   3.4973145e+01
   3.1169510e+06   3.4973145e+01
   3.1173340e+06   3.6621094e+01
   3.1175740e+06   5.1940918e+01
   3.1178560e+06   4.0527344e+01
   3.1273570e+06   3.8208008e+01
   3.1276340e+06   5.4565430e+01
   3.1292080e+06   3.6437988e+01
   3.1302420e+06   3.5095215e+01
   3.1345590e+06   3.7719727e+01
   3.1354840e+06   3.6987305e+01
   3.1361940e+06   3.6560059e+01
   3.1362640e+06   4.0222168e+01
   3.1368280e+06   3.8818359e+01
   3.1431350e+06   3.4973145e+01
   3.1436150e+06   5.0109863e+01
   3.1438430e+06   4.1259766e+01
   3.1526780e+06   3.8757324e+01
   3.1611460e+06   3.8024902e+01
   3.1625780e+06   4.0954590e+01
   3.1629610e+06   3.6987305e+01
   3.1650390e+06   3.5095215e+01
   3.1658490e+06   4.1442871e+01
   3.1660710e+06   4.5532227e+01
   3.1689730e+06   3.6071777e+01
   3.1765510e+06   5.4443359e+01
   3.1842860e+06   4.9865723e+01
   3.1844690e+06   3.9306641e+01
   3.1947560e+06   4.2663574e+01
   3.1949710e+06   4.1320801e+01
   3.1950260e+06   4.9621582e+01
   3.2011990e+06   3.5217285e+01
   3.2059270e+06   4.4921875e+01
   3.2075670e+06   3.7414551e+01
   3.2093870e+06   4.9682617e+01
   3.2153260e+06   3.5095215e+01
   3.2171080e+06   4.1137695e+01
   3.2197210e+06   4.5104980e+01
   3.2216790e+06   3.6865234e+01
   3.2228910e+06   4.0344238e+01
   3.2249490e+06   5.6213379e+01
   3.2261570e+06   3.8574219e+01
   3.2309210e+06   5.2612305e+01
   3.2311260e+06   3.6865234e+01
   3.2319200e+06   4.8217773e+01
   3.2427570e+06   3.8269043e+01
   3.2428180e+06   3.5705566e+01
   3.2435770e+06   3.8879395e+01
   3.2445000e+06   3.6254883e+01
   3.2498010e+06   4.7424316e+01
   3.2501560e+06   4.6997070e+01
   3.2505030e+06   4.1931152e+01
   3.2507220e+06   4.5776367e+01
   3.2508720e+06   3.9123535e+01
   3.2510020e+06   4.5776367e+01
   3.2518050e+06   4.0710449e+01
   3.2521000e+06   3.6804199e+01
   3.2523830e+06   4.6997070e+01
   3.2530480e+06   4.2541504e+01
   3.2573800e+06   5.7556152e+01
   3.2655630e+06   3.5522461e+01
   3.2664090e+06   5.4199219e+01
   3.2668250e+06   3.7109375e+01
   3.2699590e+06   5.7800293e+01
   3.2702350e+06   4.6142578e+01
   3.2706180e+06   4.0405273e+01
   3.2710080e+06   3.5217285e+01
   3.2714380e+06   3.8452148e+01
   3.2724290e+06   5.1757812e+01
   3.2774010e+06   4.3273926e+01
   3.2777450e+06   3.8635254e+01
   3.2781160e+06   3.8024902e+01
   3.2792620e+06   4.3518066e+01
   3.2873830e+06   3.8574219e+01
   3.2882490e+06   5.2978516e+01
   3.2950420e+06   3.7048340e+01
   3.2953970e+06   3.7109375e+01
   3.2960970e+06   3.6743164e+01
   3.3027470e+06   3.6254883e+01
   3.3032530e+06   3.9978027e+01
   3.3062900e+06   3.8940430e+01
   3.3072200e+06   4.2358398e+01
   3.3073000e+06   5.9509277e+01
   3.3073910e+06   4.5837402e+01
   3.3076060e+06   4.2297363e+01
   3.3077350e+06   6.2194824e+01
   3.3080280e+06   5.6518555e+01
   3.3082000e+06   4.2175293e+01
   3.3083270e+06   3.7597656e+01
   3.3084810e+06   4.0039062e+01
   3.3086520e+06   3.4973145e+01
   3.3088130e+06   4.5288086e+01
   3.3230470e+06   3.8208008e+01
   3.3244410e+06   4.6569824e+01
   3.3365820e+06   3.7353516e+01
   3.3372870e+06   3.7658691e+01
   3.3380460e+06   3.7231445e+01
   3.3399180e+06   3.6743164e+01
   3.3400940e+06   5.3161621e+01
   3.3402140e+06   3.5278320e+01
   3.3405570e+06   3.5400391e+01
   3.3507730e+06   3.6743164e+01
   3.3588280e+06   3.5156250e+01
   3.3622790e+06   3.5461426e+01
   3.3637560e+06   4.1748047e+01
   3.3640620e+06   5.0659180e+01
   3.3643150e+06   5.0048828e+01
   3.3653840e+06   4.7729492e+01
   3.3669900e+06   3.8146973e+01
   3.3743190e+06   4.0405273e+01
   3.3744350e+06   3.5949707e+01
   3.3752550e+06   4.4250488e+01
   3.3800540e+06   6.2744141e+01
   3.3873430e+06   3.9367676e+01
   3.3892930e+06   3.7475586e+01
   3.3945310e+06   3.5644531e+01
   3.3986210e+06   3.4912109e+01
   3.4023290e+06   3.6437988e+01
   3.4027560e+06   4.3884277e+01
   3.4067780e+06   3.5461426e+01
   3.4094170e+06   3.6254883e+01
   3.4111290e+06   3.6621094e+01
   3.4140410e+06   3.8452148e+01
   3.4231620e+06   4.1381836e+01
   3.4302530e+06   3.9001465e+01
   3.4320200e+06   3.6315918e+01
   3.4325430e+06   3.6865234e+01
   3.4362960e+06   5.4626465e+01
   3.4397690e+06   4.8217773e+01
   3.4400580e+06   5.8349609e+01
   3.4402870e+06   4.0222168e+01
   3.4403660e+06   4.5776367e+01
   3.4405670e+06   3.8269043e+01
   3.4412440e+06   3.5034180e+01
   3.4444820e+06   4.0710449e+01
   3.4455010e+06   4.0832520e+01
   3.4493420e+06   4.3823242e+01
   3.4631140e+06   3.5034180e+01
   3.4703180e+06   3.6315918e+01
   3.4713970e+06   4.8034668e+01
   3.4715830e+06   3.7353516e+01
   3.4721630e+06   3.5034180e+01
   3.4722790e+06   3.8146973e+01
   3.4797500e+06   3.5095215e+01
   3.4806800e+06   3.5827637e+01
   3.4807250e+06   3.5461426e+01
   3.4906570e+06   3.8757324e+01
   3.4941760e+06   3.8635254e+01
   3.4955310e+06   5.0170898e+01
   3.4981110e+06   5.1452637e+01
   3.5053180e+06   5.1940918e+01
   3.5054490e+06   4.7912598e+01
   3.5055030e+06   3.8269043e+01
   3.5057720e+06   6.1157227e+01
   3.5061470e+06   3.6560059e+01
   3.5180450e+06   5.3100586e+01
   3.5181860e+06   4.3640137e+01
   3.5196580e+06   3.9245605e+01
   3.5227150e+06   4.4677734e+01
   3.5264090e+06   4.0100098e+01
   3.5271830e+06   3.4912109e+01
   3.5339530e+06   3.6804199e+01
   3.5360620e+06   4.8461914e+01
   3.5364070e+06   5.0964355e+01
   3.5366710e+06   4.0222168e+01
   3.5443650e+06   3.5461426e+01
   3.5497140e+06   3.7719727e+01
   3.5548610e+06   3.5095215e+01
   3.5550930e+06   3.5400391e+01
   3.5575020e+06   4.9438477e+01
   3.5662110e+06   3.9306641e+01
   3.5711380e+06   5.6701660e+01
   3.5714550e+06   4.7180176e+01
   3.5726340e+06   5.0659180e+01
   3.5769520e+06   4.3334961e+01
   3.5784760e+06   3.7170410e+01
   3.5795970e+06   3.8330078e+01
   3.5871080e+06   4.8767090e+01
   3.5882100e+06   3.6804199e+01
   3.5886220e+06   3.7353516e+01
   3.6024600e+06   4.6875000e+01
   3.6027880e+06   4.5532227e+01
   3.6029530e+06   3.5461426e+01
   3.6031530e+06   4.7790527e+01
   3.6039150e+06   3.8024902e+01
   3.6051160e+06   4.8767090e+01
   3.6055850e+06   5.2734375e+01
   3.6059180e+06   4.1931152e+01
   3.6096050e+06   3.4912109e+01
   3.6183450e+06   3.7597656e+01
   3.6306320e+06   4.8522949e+01
   3.6339370e+06   6.4758301e+01
   3.6344760e+06   5.3710938e+01
   3.6347420e+06   6.1889648e+01
   3.6352000e+06   3.5827637e+01
   3.6356330e+06   4.4677734e+01
   3.6364310e+06   5.4260254e+01
   3.6368540e+06   4.6875000e+01
   3.6369920e+06   4.0466309e+01
   3.6370980e+06   3.6437988e+01
   3.6372350e+06   4.0405273e+01
   3.6373420e+06   4.8767090e+01
   3.6374410e+06   3.8513184e+01
   3.6375420e+06   3.7719727e+01
   3.6375810e+06   3.9672852e+01
   3.6376590e+06   3.6987305e+01
   3.6376980e+06   3.4973145e+01
   3.6377930e+06   3.6682129e+01
   3.6379670e+06   3.6804199e+01
   3.6380750e+06   3.9306641e+01
   3.6383210e+06   3.5522461e+01
   3.6384210e+06   4.3762207e+01
   3.6387680e+06   3.5278320e+01
   3.6391860e+06   3.5522461e+01
   3.6397870e+06   4.0466309e+01
   3.6461290e+06   3.8574219e+01
   3.6462690e+06   4.0893555e+01
   3.6464230e+06   3.9489746e+01
   3.6517350e+06   3.8269043e+01
   3.6615960e+06   4.3334961e+01
   3.6620500e+06   3.7780762e+01
   3.6638150e+06   3.5644531e+01
   3.6746390e+06   6.1462402e+01
   3.6824570e+06   3.5888672e+01
   3.6834890e+06   4.0954590e+01
   3.6913380e+06   3.6987305e+01
   3.6913730e+06   3.8146973e+01
   3.6960110e+06   3.7597656e+01
   3.6989320e+06   6.2988281e+01
   3.6991800e+06   4.2846680e+01
   3.7112260e+06   3.6743164e+01
   3.7121060e+06   3.9489746e+01
   3.7193600e+06   3.6437988e+01
   3.7207270e+06   3.5095215e+01
   3.7293340e+06   5.1574707e+01
   3.7295980e+06   5.6152344e+01
   3.7297860e+06   3.9550781e+01
   3.7355130e+06   3.6499023e+01
   3.7377240e+06   3.5949707e+01
   3.7390450e+06   4.1687012e+01
   3.7771390e+06   3.8818359e+01
   3.7785040e+06   3.4973145e+01
   3.7824090e+06   5.3283691e+01
   3.7837670e+06   3.6987305e+01
   3.7969190e+06   3.9062500e+01
   3.8040310e+06   3.9672852e+01
   3.8074970e+06   3.6499023e+01
   3.8116480e+06   6.2683105e+01
   3.8120730e+06   5.3161621e+01
   3.8131270e+06   3.6926270e+01
   3.8135490e+06   4.5043945e+01
   3.8136370e+06   3.4973145e+01
   3.8141010e+06   3.6010742e+01
   3.8148200e+06   4.0649414e+01
   3.8165760e+06   3.6560059e+01
   3.8172780e+06   3.7475586e+01
   3.8213070e+06   5.0537109e+01
   3.8254300e+06   4.4250488e+01
   3.8294180e+06   3.7170410e+01
   3.8414520e+06   3.5278320e+01
   3.8474870e+06   3.6132812e+01
   3.8502650e+06   3.7231445e+01
   3.8507730e+06   3.5888672e+01
   3.8568410e+06   5.3344727e+01
   3.8677380e+06   3.8757324e+01
   3.8677990e+06   5.0598145e+01
   3.8725540e+06   3.7414551e+01
   3.8732940e+06   3.5888672e+01
   3.8767550e+06   3.7231445e+01
   3.8831220e+06   3.7048340e+01
   3.8920820e+06   3.5522461e+01
   3.8930290e+06   4.7241211e+01
   3.8933530e+06   5.7678223e+01
   3.8935800e+06   3.7719727e+01
   3.9045370e+06   3.5461426e+01
   3.9047990e+06   3.7719727e+01
   3.9074950e+06   4.7424316e+01
   3.9077290e+06   4.3334961e+01
   3.9079910e+06   4.0405273e+01
   3.9083970e+06   3.5156250e+01
   3.9103510e+06   3.6437988e+01
   3.9111180e+06   4.3151855e+01
   3.9120030e+06   3.6437988e+01
   3.9127870e+06   4.1870117e+01
   3.9129700e+06   3.6071777e+01
   3.9141180e+06   6.1096191e+01
   3.9188520e+06   4.6875000e+01
   3.9218870e+06   5.4809570e+01
   3.9222080e+06   4.7973633e+01
   3.9224020e+06   3.6865234e+01
   3.9226890e+06   5.2795410e+01
   3.9325030e+06   3.6132812e+01
   3.9373050e+06   3.6682129e+01
   3.9518620e+06   3.5339355e+01
   3.9524140e+06   3.7841797e+01
   3.9526550e+06   3.7292480e+01
   3.9719730e+06   5.1879883e+01
   3.9733290e+06   5.3833008e+01
   3.9734440e+06   3.4973145e+01
   3.9885450e+06   5.2001953e+01
   3.9887100e+06   5.2490234e+01
   3.9888690e+06   4.1992188e+01
   3.9897670e+06   3.7780762e+01
   3.9971200e+06   3.5461426e+01
   4.0106880e+06   3.8024902e+01
   4.0147610e+06   3.6071777e+01
   4.0156790e+06   4.0710449e+01
   4.0192070e+06   5.9020996e+01
   4.0194270e+06   4.8645020e+01
   4.0196340e+06   4.2297363e+01
   4.0205720e+06   3.7170410e+01
   4.0356460e+06   3.7658691e+01
   4.0391510e+06   4.2419434e+01
   4.0403110e+06   3.5522461e+01
   4.0509890e+06   5.2795410e+01
   4.0590820e+06   3.4912109e+01
   4.0592720e+06   4.9865723e+01
   4.0595790e+06   5.1330566e+01
   4.0597790e+06   4.3395996e+01
   4.0667480e+06   3.6437988e+01
   4.0681910e+06   3.5400391e+01
   4.0691330e+06   3.9550781e+01
   4.0714990e+06   3.5339355e+01
   4.0719400e+06   3.8940430e+01
   4.0842620e+06   6.0302734e+01
   4.0920770e+06   6.4025879e+01
   4.0931370e+06   3.7719727e+01
   4.0990060e+06   3.5278320e+01
   4.0997450e+06   3.9367676e+01
   4.1136450e+06   3.8146973e+01
   4.1188590e+06   5.5725098e+01
   4.1190930e+06   4.7607422e+01
   4.1193380e+06   3.8452148e+01
   4.1238500e+06   3.8085938e+01
   4.1244230e+06   3.8085938e+01
   4.1397260e+06   3.5034180e+01
   4.1485840e+06   3.5766602e+01
   4.1489140e+06   5.1391602e+01
   4.1599200e+06   3.5522461e+01
   4.1766270e+06   3.5644531e+01
   4.1806830e+06   3.5339355e+01
   4.1813890e+06   4.5471191e+01
   4.1827270e+06   3.9306641e+01
   4.1908790e+06   3.5217285e+01
   4.1971660e+06   5.2673340e+01
   4.1977040e+06   5.3710938e+01
   4.1993480e+06   6.0546875e+01
   4.1993820e+06   4.3945312e+01
   4.1995900e+06   4.1687012e+01
   4.1999230e+06   5.0842285e+01
   4.1999830e+06   3.5217285e+01
   4.2003330e+06   5.0537109e+01
   4.2005960e+06   4.1015625e+01
   4.2006880e+06   4.4982910e+01
   4.2007550e+06   3.8696289e+01
   4.2008050e+06   4.1870117e+01
   4.2010430e+06   5.0964355e+01
   4.2011140e+06   4.4616699e+01
   4.2011350e+06   3.7414551e+01
   4.2011970e+06   3.7109375e+01
   4.2012710e+06   3.7536621e+01
   4.2013130e+06   4.0649414e+01
   4.2013290e+06   5.1757813e+01
   4.2014660e+06   4.3640137e+01
   4.2014850e+06   3.6499023e+01
   4.2016840e+06   3.9123535e+01
   4.2018320e+06   3.9306641e+01
   4.2022460e+06   4.1503906e+01
   4.2030820e+06   3.5583496e+01
   4.2034990e+06   3.9001465e+01
   4.2035490e+06   3.7841797e+01
   4.2039440e+06   4.2541504e+01
   4.2115380e+06   3.8940430e+01
   4.2163150e+06   3.9184570e+01
   4.2238470e+06   3.6193848e+01
   4.2305320e+06   3.7719727e+01
   4.2312400e+06   3.5278320e+01
   4.2323120e+06   3.5522461e+01
   4.2496760e+06   3.8818359e+01
   4.2554830e+06   3.6560059e+01
   4.2558830e+06   3.5461426e+01
   4.2564030e+06   3.9611816e+01
   4.2577140e+06   5.9814453e+01
   4.2580070e+06   4.7912598e+01
   4.2582000e+06   3.9489746e+01
   4.2585220e+06   3.6499023e+01
   4.2740150e+06   3.4973145e+01
   4.2746300e+06   4.8156738e+01
   4.2751370e+06   4.7302246e+01
   4.2753260e+06   3.6926270e+01
   4.2798110e+06   3.5888672e+01
   4.2828050e+06   3.7658691e+01
   4.2828930e+06   3.7109375e+01
   4.2843640e+06   4.1870117e+01
   4.2844820e+06   3.7170410e+01
   4.2993180e+06   5.9875488e+01
   4.3145850e+06   4.8767090e+01
   4.3146830e+06   5.1574707e+01
   4.3150170e+06   3.5827637e+01
   4.3157300e+06   4.0100098e+01
   4.3170530e+06   3.8635254e+01
   4.3281520e+06   5.9936523e+01
   4.3393440e+06   3.5888672e+01
   4.3457620e+06   3.5400391e+01
   4.3460440e+06   5.5480957e+01
   4.3612340e+06   3.6010742e+01
   4.3637090e+06   3.6132812e+01
   4.3882050e+06   3.5339355e+01
   4.3928840e+06   3.5949707e+01
   4.3981900e+06   3.5766602e+01
   4.3989310e+06   3.5400391e+01
   4.4061990e+06   3.5339355e+01
   4.4087070e+06   4.0405273e+01
   4.4105420e+06   3.6926270e+01
   4.4109870e+06   3.7841797e+01
   4.4122090e+06   5.0903320e+01
   4.4123190e+06   4.1259766e+01
   4.4159580e+06   5.2185059e+01
   4.4162430e+06   5.2856445e+01
   4.4164340e+06   4.6081543e+01
   4.4165070e+06   4.1259766e+01
   4.4165900e+06   3.8818359e+01
   4.4240870e+06   3.8391113e+01
   4.4286660e+06   3.6071777e+01
   4.4318120e+06   3.5217285e+01
   4.4321110e+06   4.1809082e+01
   4.4546150e+06   4.5593262e+01
   4.4571400e+06   6.0241699e+01
   4.4580560e+06   5.0476074e+01
   4.4583310e+06   4.6142578e+01
   4.4585940e+06   4.1137695e+01
   4.4589320e+06   3.7170410e+01
   4.4658730e+06   4.2846680e+01
   4.4735290e+06   3.5339355e+01
   4.4748150e+06   4.0222168e+01
   4.4805130e+06   5.3588867e+01
   4.4805670e+06   5.1696777e+01
   4.4824180e+06   4.0893555e+01
   4.4841030e+06   3.6193848e+01
   4.4864000e+06   3.5034180e+01
   4.4880990e+06   5.3527832e+01
   4.4884310e+06   3.4912109e+01
   4.4917720e+06   4.9560547e+01
   4.4922380e+06   5.6152344e+01
   4.4925830e+06   4.0222168e+01
   4.4968920e+06   4.0832520e+01
   4.5086610e+06   3.5156250e+01
   4.5123230e+06   4.1931152e+01
   4.5187880e+06   3.6315918e+01
   4.5209800e+06   3.7109375e+01
   4.5489430e+06   7.4157715e+01
   4.5586740e+06   3.7170410e+01
   4.5639850e+06   5.4809570e+01
   4.5643920e+06   4.3457031e+01
   4.5737090e+06   3.5888672e+01
   4.5749860e+06   5.1879883e+01
   4.5756850e+06   3.5339355e+01
   4.5762710e+06   3.6132812e+01
   4.5782610e+06   3.6743164e+01
   4.5857760e+06   3.6804199e+01
   4.5863520e+06   3.7292480e+01
   4.5964700e+06   3.7963867e+01
   4.6012590e+06   3.5827637e+01
   4.6066600e+06   6.1584473e+01
   4.6067490e+06   4.6997070e+01
   4.6069200e+06   3.5095215e+01
   4.6078100e+06   3.9245605e+01
   4.6101050e+06   5.1452637e+01
   4.6101790e+06   5.9753418e+01
   4.6108000e+06   5.0415039e+01
   4.6115300e+06   4.4616699e+01
   4.6121620e+06   4.9255371e+01
   4.6122720e+06   3.7475586e+01
   4.6123100e+06   3.9428711e+01
   4.6123210e+06   4.4311523e+01
   4.6124070e+06   3.8452148e+01
   4.6124460e+06   3.5888672e+01
   4.6125090e+06   3.5827637e+01
   4.6126340e+06   3.9306641e+01
   4.6126740e+06   3.5888672e+01
   4.6128610e+06   4.1870117e+01
   4.6130470e+06   3.7353516e+01
   4.6131270e+06   5.9997559e+01
   4.6133370e+06   4.1076660e+01
   4.6140910e+06   3.5217285e+01
   4.6142570e+06   3.6865234e+01
   4.6145920e+06   4.2053223e+01
   4.6149250e+06   3.8818359e+01
   4.6228060e+06   4.0344238e+01
   4.6230810e+06   3.5644531e+01
   4.6395550e+06   6.0791016e+01
   4.6397390e+06   4.2907715e+01
   4.6399200e+06   3.7658691e+01
   4.6434360e+06   3.6865234e+01
   4.6442050e+06   3.5583496e+01
   4.6547960e+06   5.2490234e+01
   4.6550730e+06   4.7790527e+01
   4.6636270e+06   3.5827637e+01
   4.6652180e+06   4.0405273e+01
   4.6739040e+06   3.4912109e+01
   4.6792390e+06   3.8085938e+01
   4.6825180e+06   4.9194336e+01
   4.6891220e+06   3.5339355e+01
   4.6926950e+06   5.2917480e+01
   4.6995920e+06   3.6926270e+01
   4.7014420e+06   4.1748047e+01
   4.7041780e+06   4.0527344e+01
   4.7064960e+06   4.3212891e+01
   4.7218280e+06   4.2785645e+01
   4.7232740e+06   3.6132812e+01
   4.7301250e+06   4.0771484e+01
   4.7335290e+06   3.6621094e+01
   4.7381620e+06   3.8330078e+01
   4.7470430e+06   5.5541992e+01
   4.7501240e+06   3.5583496e+01
   4.7573420e+06   3.6193848e+01
   4.7585860e+06   4.0405273e+01
   4.7589650e+06   4.0954590e+01
   4.7598810e+06   3.6621094e+01
   4.7666270e+06   5.5847168e+01
   4.7668190e+06   5.3039551e+01
   4.7669950e+06   3.5400391e+01
   4.7704380e+06   3.5522461e+01
   4.7749930e+06   5.1208496e+01
   4.7752920e+06   3.5339355e+01
   4.7764450e+06   3.7292480e+01
   4.7771080e+06   4.8095703e+01
   4.7841880e+06   5.6030273e+01
   4.7864550e+06   3.5644531e+01
   4.7900550e+06   3.6132812e+01
   4.7924490e+06   3.5705566e+01
   4.7993220e+06   3.6010742e+01
   4.7996910e+06   3.9611816e+01
   4.8025930e+06   3.6926270e+01
   4.8039740e+06   3.6071777e+01
   4.8172500e+06   3.6499023e+01
   4.8230900e+06   3.5583496e+01
   4.8342080e+06   3.7841797e+01
   4.8346950e+06   3.6560059e+01
   4.8365270e+06   3.7048340e+01
   4.8470190e+06   3.7292480e+01
   4.8484550e+06   5.4626465e+01
   4.8728210e+06   3.7170410e+01
   4.8796040e+06   4.2114258e+01
   4.8822840e+06   4.5471191e+01
   4.8833680e+06   3.7841797e+01
   4.8851260e+06   5.6701660e+01
   4.8853770e+06   5.4077148e+01
   4.8857890e+06   4.6569824e+01
   4.8859980e+06   3.7780762e+01
   4.9067920e+06   5.9082031e+01
   4.9069260e+06   3.4973145e+01
   4.9075040e+06   4.7058105e+01
   4.9077760e+06   3.5766602e+01
   4.9083400e+06   3.6193848e+01
   4.9137550e+06   3.5583496e+01
   4.9234350e+06   3.8452148e+01
   4.9318710e+06   4.4311523e+01
   4.9322140e+06   3.6376953e+01
   4.9358930e+06   5.6579590e+01
   4.9376690e+06   3.5644531e+01
   4.9455810e+06   5.2062988e+01
   4.9459250e+06   3.9123535e+01
   4.9547260e+06   3.5156250e+01
   4.9561770e+06   3.5949707e+01
   4.9613410e+06   3.5644531e+01
   4.9637030e+06   3.5766602e+01
   4.9658780e+06   3.8940430e+01
   4.9746570e+06   3.5705566e+01
   4.9797440e+06   5.8410645e+01
   4.9805770e+06   4.3579102e+01
   4.9807850e+06   3.7048340e+01
   4.9813060e+06   3.7048340e+01
   4.9820420e+06   3.7292480e+01
   4.9827330e+06   3.5034180e+01
   4.9865370e+06   3.8146973e+01
   5.0005180e+06   4.0039063e+01
   5.0073950e+06   4.0405273e+01
   5.0098090e+06   3.6682129e+01
   5.0237860e+06   3.9184570e+01
   5.0255480e+06   5.5175781e+01
   5.0264280e+06   4.8767090e+01
   5.0265450e+06   3.5278320e+01
   5.0265890e+06   3.6987305e+01
   5.0269810e+06   3.5339355e+01
   5.0270190e+06   4.5471191e+01
   5.0271270e+06   5.0048828e+01
   5.0272210e+06   3.5522461e+01
   5.0273400e+06   5.5847168e+01
   5.0274100e+06   4.2358398e+01
   5.0274910e+06   3.7780762e+01
   5.0275350e+06   4.3762207e+01
   5.0275790e+06   8.4655762e+01
   5.0276390e+06   4.0100098e+01
   5.0277950e+06   4.0161133e+01
   5.0278490e+06   3.5156250e+01
   5.0278760e+06   4.4494629e+01
   5.0279460e+06   4.2175293e+01
   5.0280430e+06   3.6499023e+01
   5.0281260e+06   4.7851563e+01
   5.0282200e+06   4.2968750e+01
   5.0284120e+06   6.6955566e+01
   5.0486820e+06   3.6010742e+01
   5.0560240e+06   4.3884277e+01
   5.0569200e+06   4.1198730e+01
   5.0626070e+06   3.6437988e+01
   5.0626700e+06   5.6945801e+01
   5.0771710e+06   3.5034180e+01
   5.0778850e+06   3.9489746e+01
   5.0882920e+06   3.7536621e+01
   5.0891670e+06   3.7536621e+01
   5.1071930e+06   3.6804199e+01
   5.1104110e+06   3.5339355e+01
   5.1157920e+06   3.4912109e+01
   5.1162510e+06   5.7312012e+01
   5.1164830e+06   5.2978516e+01
   5.1181050e+06   3.8208008e+01
   5.1190660e+06   6.5673828e+01
   5.1191810e+06   5.1025391e+01
   5.1192440e+06   3.5217285e+01
   5.1194840e+06   4.1931152e+01
   5.1199080e+06   3.6560059e+01
   5.1200140e+06   4.8461914e+01
   5.1202140e+06   4.5288086e+01
   5.1203350e+06   4.8339844e+01
   5.1203510e+06   4.0710449e+01
   5.1206020e+06   4.0100098e+01
   5.1206170e+06   3.5766602e+01
   5.1207460e+06   3.9062500e+01
   5.1207690e+06   5.2612305e+01
   5.1209240e+06   4.1137695e+01
   5.1210540e+06   4.0222168e+01
   5.1210790e+06   3.5095215e+01
   5.1212050e+06   3.5217285e+01
   5.1213400e+06   4.2907715e+01
   5.1214380e+06   3.5278320e+01
   5.1214710e+06   4.0954590e+01
   5.1215990e+06   3.9184570e+01
   5.1218460e+06   3.6193848e+01
   5.1219710e+06   4.0100098e+01
   5.1221630e+06   4.2236328e+01
   5.1225840e+06   3.6437988e+01
   5.1303300e+06   3.5095215e+01
   5.1360300e+06   5.3161621e+01
   5.1380950e+06   4.1259766e+01
   5.1482930e+06   4.9377441e+01
   5.1487270e+06   4.2663574e+01
   5.1489350e+06   4.1015625e+01
   5.1495040e+06   3.7536621e+01
   5.1542460e+06   3.7475586e+01
   5.1651640e+06   3.8635254e+01
   5.1666910e+06   3.6132813e+01
   5.1872470e+06   3.7231445e+01
   5.1901690e+06   3.7780762e+01
   5.2158770e+06   3.4973145e+01
   5.2161190e+06   6.6894531e+01
   5.2164650e+06   5.6823730e+01
   5.2274300e+06   6.0363770e+01
   5.2277790e+06   3.4973145e+01
   5.2302340e+06   3.5278320e+01
   5.2307730e+06   3.5400391e+01
   5.2313140e+06   3.6865234e+01
   5.2317910e+06   4.0893555e+01
   5.2330660e+06   3.5827637e+01
   5.2350120e+06   3.6743164e+01
   5.2517620e+06   3.5278320e+01
   5.2761020e+06   5.4199219e+01
   5.2765410e+06   3.5095215e+01
   5.2769830e+06   3.7536621e+01
   5.3160080e+06   3.5095215e+01
   5.3280680e+06   3.5522461e+01
   5.3732930e+06   3.6376953e+01
   5.3847940e+06   5.5053711e+01
   5.3851310e+06   5.5908203e+01
   5.4224710e+06   3.5461426e+01
   5.4229510e+06   3.5217285e+01
   5.4331070e+06   3.9489746e+01
   5.4451930e+06   3.6254883e+01
   5.4658210e+06   3.6865234e+01
   5.4665230e+06   3.8391113e+01
   5.4910000e+06   3.4973145e+01
   5.5023450e+06   5.7556152e+01
   5.5133760e+06   3.6560059e+01
   5.5156580e+06   3.6010742e+01
   5.5222560e+06   3.7597656e+01
   5.5267160e+06   4.5715332e+01
   5.5339290e+06   3.7780762e+01
   5.5372660e+06   3.7536621e+01
   5.5392750e+06   3.5705566e+01
   5.5492530e+06   3.5339355e+01
   5.5512920e+06   6.0180664e+01
   5.5526220e+06   5.6396484e+01
   5.5541230e+06   4.7607422e+01
   5.5545120e+06   5.1452637e+01
   5.5545590e+06   4.3701172e+01
   5.5546150e+06   4.0222168e+01
   5.5548100e+06   3.7109375e+01
   5.5548790e+06   4.0283203e+01
   5.5549210e+06   4.3579102e+01
   5.5549710e+06   3.7231445e+01
   5.5550610e+06   5.8410645e+01
   5.5553350e+06   3.7170410e+01
   5.5553860e+06   5.5358887e+01
   5.5555550e+06   4.3884277e+01
   5.5555880e+06   5.1574707e+01
   5.5556740e+06   4.2724609e+01
   5.5565060e+06   3.4912109e+01
   5.5566560e+06   3.7536621e+01
   5.5567030e+06   3.6193848e+01
   5.5661030e+06   4.1870117e+01
   5.5847590e+06   3.8513184e+01
   5.5856820e+06   3.6560059e+01
   5.5880130e+06   6.2988281e+01
   5.6075730e+06   3.5644531e+01
   5.6190990e+06   6.5795898e+01
   5.6387820e+06   3.9733887e+01
   5.6513730e+06   3.8879395e+01
   5.6532060e+06   4.2663574e+01
   5.6654720e+06   4.9194336e+01
   5.6878190e+06   5.9936523e+01
   5.6881810e+06   5.8166504e+01
   5.6886060e+06   6.2988281e+01
   5.6889270e+06   4.1259766e+01
   5.6893880e+06   3.5949707e+01
   5.6901410e+06   3.7658691e+01
   5.6914260e+06   3.8635254e+01
   5.6946080e+06   3.5705566e+01
   5.7197960e+06   3.5888672e+01
   5.7401370e+06   3.5339355e+01
   5.7426280e+06   3.9306641e+01
   5.7456270e+06   3.7902832e+01
   5.7463600e+06   3.6865234e+01
   5.7468910e+06   5.2062988e+01
   5.7471120e+06   5.6762695e+01
   5.7473780e+06   5.0659180e+01
   5.7476290e+06   4.0527344e+01
   5.7479230e+06   3.9367676e+01
   5.8167150e+06   3.5278320e+01
   5.8197440e+06   3.6987305e+01
   5.8361150e+06   3.5156250e+01
   5.8375600e+06   3.7353516e+01
   5.8422050e+06   3.9611816e+01
   5.8426640e+06   3.5217285e+01
   5.8432390e+06   3.9916992e+01
   5.8440310e+06   3.5034180e+01
   5.8445590e+06   3.8940430e+01
   5.8451000e+06   3.4912109e+01
   5.8513910e+06   3.5339355e+01
   5.8649930e+06   3.4912109e+01
   5.8736290e+06   3.7170410e+01
   5.8797350e+06   4.2846680e+01
   5.8831670e+06   4.9987793e+01
   5.8836020e+06   3.5217285e+01
   5.8841840e+06   3.7536621e+01
   5.9093210e+06   4.1076660e+01
   5.9189650e+06   3.9062500e+01
   5.9219790e+06   5.7189941e+01
   5.9220530e+06   4.9621582e+01
   5.9221570e+06   4.8645020e+01
   5.9222940e+06   4.1748047e+01
   5.9223150e+06   3.6987305e+01
   5.9223310e+06   4.7729492e+01
   5.9225060e+06   4.1748047e+01
   5.9227330e+06   3.9123535e+01
   5.9228250e+06   5.3100586e+01
   5.9228600e+06   6.3110352e+01
   5.9230310e+06   3.7109375e+01
   5.9231690e+06   3.7048340e+01
   5.9232550e+06   4.2175293e+01
   5.9232890e+06   3.9916992e+01
   5.9233720e+06   4.4067383e+01
   5.9234330e+06   7.1777344e+01
   5.9235980e+06   4.4799805e+01
   5.9236310e+06   4.3273926e+01
   5.9238360e+06   3.9001465e+01
   5.9238640e+06   4.0954590e+01
   5.9239180e+06   4.7424316e+01
   5.9241260e+06   4.2053223e+01
   5.9244310e+06   4.2297363e+01
   5.9244780e+06   4.4555664e+01
   5.9245380e+06   4.0100098e+01
   5.9246640e+06   3.6621094e+01
   5.9247000e+06   4.1992188e+01
   5.9249640e+06   3.5644531e+01
   5.9253250e+06   5.0659180e+01
   5.9258320e+06   3.6743164e+01
   5.9263120e+06   4.8583984e+01
   5.9397960e+06   3.5217285e+01
   5.9520890e+06   3.6132812e+01
   5.9559500e+06   6.8908691e+01
   5.9567680e+06   5.0537109e+01
   5.9571410e+06   4.6875000e+01
   5.9571730e+06   3.8269043e+01
   5.9574690e+06   4.7302246e+01
   5.9583590e+06   3.5217285e+01
   5.9595410e+06   3.9489746e+01
   5.9612200e+06   3.6437988e+01
   5.9617130e+06   3.5766602e+01
   5.9638070e+06   4.2785645e+01
   5.9663750e+06   3.5278320e+01
   5.9812540e+06   3.4973145e+01
   5.9939000e+06   3.5888672e+01
   5.9957430e+06   5.7800293e+01
   5.9960520e+06   5.7739258e+01
   5.9974850e+06   3.7353516e+01
   6.0069490e+06   3.6315918e+01
   6.0137810e+06   4.4006348e+01
   6.0509130e+06   3.5034180e+01
   6.0567160e+06   3.7719727e+01
   6.0667210e+06   3.8024902e+01
   6.0981540e+06   3.8391113e+01
   6.0996690e+06   4.4006348e+01
   6.1086480e+06   4.1076660e+01
   6.1346250e+06   3.6499023e+01
   6.1412570e+06   5.9448242e+01
   6.1494550e+06   3.7414551e+01
   6.1602300e+06   3.6804199e+01
   6.1664180e+06   3.6315918e+01
   6.1669760e+06   3.9123535e+01
   6.1680960e+06   5.7250977e+01
   6.1682970e+06   6.4514160e+01
   6.1685350e+06   8.3496094e+01
   6.1692680e+06   3.5095215e+01
   6.1697870e+06   4.0649414e+01
   6.1698610e+06   6.4147949e+01
   6.1702300e+06   4.8034668e+01
   6.1707220e+06   3.5400391e+01
   6.1711660e+06   5.3710938e+01
   6.1712530e+06   3.6437988e+01
   6.1720380e+06   3.7841797e+01
   6.1740370e+06   3.6865234e+01
   6.1949770e+06   3.4973145e+01
   6.1955630e+06   4.2358398e+01
   6.1962460e+06   3.6071777e+01
   6.1965690e+06   3.6682129e+01
   6.2035360e+06   3.9672852e+01
   6.2043820e+06   3.5339355e+01
   6.2050700e+06   3.7597656e+01
   6.2346350e+06   5.4443359e+01
   6.2353520e+06   3.7170410e+01
   6.2369600e+06   3.6987305e+01
   6.2379350e+06   3.5339355e+01
   6.2427750e+06   3.5766602e+01
   6.2563580e+06   4.1259766e+01
   6.2570190e+06   3.7353516e+01
   6.2575850e+06   3.6376953e+01
   6.2612650e+06   4.2419434e+01
   6.2613520e+06   5.7067871e+01
   6.2654300e+06   4.1076660e+01
   6.2666750e+06   3.7231445e+01
   6.2850930e+06   3.6010742e+01
   6.2855790e+06   3.7780762e+01
   6.2867290e+06   3.6926270e+01
   6.2878500e+06   3.9367676e+01
   6.3014420e+06   4.0405273e+01
   6.3111310e+06   3.5156250e+01
   6.3216290e+06   3.6499023e+01
   6.3232290e+06   3.5766602e+01
   6.3254270e+06   3.7292480e+01
   6.3433800e+06   3.5583496e+01
   6.3441430e+06   3.5339355e+01
   6.3574810e+06   5.9509277e+01
   6.3580020e+06   5.4687500e+01
   6.3590630e+06   3.5278320e+01
   6.3591690e+06   3.5095215e+01
   6.3721630e+06   3.8269043e+01
   6.3768960e+06   3.6621094e+01
   6.3803590e+06   5.0964355e+01
   6.4141410e+06   6.1584473e+01
   6.4143520e+06   5.5786133e+01
   6.4146640e+06   4.7485352e+01
   6.4184340e+06   3.9001465e+01
   6.4192250e+06   3.9123535e+01
   6.4203240e+06   3.5461426e+01
   6.4207430e+06   3.6132812e+01
   6.4219640e+06   3.8513184e+01
   6.4245860e+06   4.2297363e+01
   6.4253770e+06   3.5949707e+01
   6.4269770e+06   5.4809570e+01
   6.4275970e+06   4.8706055e+01
   6.4276350e+06   4.7729492e+01
   6.4278540e+06   3.8757324e+01
   6.4278710e+06   4.6264648e+01
   6.4281080e+06   3.9489746e+01
   6.4281260e+06   5.3344727e+01
   6.4282670e+06   5.3100586e+01
   6.4282870e+06   3.9794922e+01
   6.4283020e+06   3.7475586e+01
   6.4283480e+06   4.0283203e+01
   6.4284090e+06   3.7231445e+01
   6.4285270e+06   3.8208008e+01
   6.4285600e+06   4.7973633e+01
   6.4286700e+06   4.0222168e+01
   6.4287210e+06   4.4250488e+01
   6.4288040e+06   3.5217285e+01
   6.4288400e+06   4.2419434e+01
   6.4290310e+06   3.4973145e+01
   6.4290600e+06   4.5715332e+01
   6.4291530e+06   5.0231934e+01
   6.4292280e+06   3.6315918e+01
   6.4293010e+06   3.4973145e+01
   6.4293230e+06   4.6264648e+01
   6.4293390e+06   3.8024902e+01
   6.4296000e+06   3.5888672e+01
   6.4298180e+06   3.4912109e+01
   6.4300550e+06   3.5217285e+01
   6.4302920e+06   3.5278320e+01
   6.4304670e+06   3.7658691e+01
   6.4311990e+06   3.7170410e+01
   6.4476500e+06   3.6193848e+01
   6.4861010e+06   5.4016113e+01
   6.4963530e+06   3.5949707e+01
   6.5127670e+06   3.6315918e+01
   6.5315880e+06   3.5461426e+01
   6.5504720e+06   3.6254883e+01
   6.5521830e+06   3.6132812e+01
   6.5665260e+06   3.7597656e+01
   6.5714210e+06   3.5827637e+01
   6.5716200e+06   5.6640625e+01
   6.5718310e+06   4.6691895e+01
   6.5721510e+06   5.5114746e+01
   6.5848410e+06   3.5339355e+01
   6.5861110e+06   3.5583496e+01
   6.5990300e+06   4.6203613e+01
   6.6024020e+06   4.1320801e+01
   6.6202980e+06   3.9306641e+01
   6.6275000e+06   3.6254883e+01
   6.6364390e+06   4.3945312e+01
   6.6490860e+06   3.4912109e+01
   6.6648160e+06   3.5583496e+01
   6.6654230e+06   6.6894531e+01
   6.6682880e+06   3.9428711e+01
   6.6701930e+06   3.8757324e+01
   6.6761200e+06   4.6630859e+01
   6.6859910e+06   3.9428711e+01
   6.6867950e+06   3.9306641e+01
   6.6878780e+06   3.5583496e+01
   6.6892190e+06   3.9123535e+01
   6.6918860e+06   3.7597656e+01
   6.7037120e+06   4.6081543e+01
   6.7048240e+06   3.6376953e+01
   6.7051910e+06   3.5522461e+01
   6.7096470e+06   3.5705566e+01
   6.7106430e+06   3.6499023e+01
   6.7121840e+06   3.6254883e+01
   6.7219730e+06   3.7780762e+01
   6.7316420e+06   3.9489746e+01
   6.7326740e+06   3.5400391e+01
   6.7687470e+06   3.6010742e+01
   6.7757890e+06   3.9978027e+01
   6.7762770e+06   5.1574707e+01
   6.7763030e+06   5.0476074e+01
   6.7766460e+06   5.4077148e+01
   6.7768270e+06   3.5156250e+01
   6.7770130e+06   5.8166504e+01
   6.7772190e+06   3.4912109e+01
   6.7773910e+06   5.4931641e+01
   6.7774780e+06   8.7402344e+01
   6.7775400e+06   4.1809082e+01
   6.7775560e+06   4.2053223e+01
   6.7776180e+06   4.7607422e+01
   6.7777040e+06   3.7292480e+01
   6.7778200e+06   4.0283203e+01
   6.7778820e+06   5.5419922e+01
   6.7779740e+06   6.3903809e+01
   6.7780430e+06   5.7800293e+01
   6.7781700e+06   3.7292480e+01
   6.7782360e+06   4.1625977e+01
   6.7782680e+06   3.5705566e+01
   6.7783830e+06   5.3894043e+01
   6.7786270e+06   3.6376953e+01
   6.7788460e+06   3.5034180e+01
   6.7789290e+06   3.8940430e+01
   6.7790430e+06   4.0222168e+01
   6.7791130e+06   4.7790527e+01
   6.7799170e+06   4.7668457e+01
   6.7949690e+06   4.1259766e+01
   6.7953990e+06   3.5217285e+01
   6.7960510e+06   3.5583496e+01
   6.8133520e+06   3.7414551e+01
   6.8135740e+06   5.7189941e+01
   6.8139150e+06   5.7617188e+01
   6.8141090e+06   6.1584473e+01
   6.8143620e+06   5.5847168e+01
   6.8145960e+06   3.7170410e+01
   6.8148730e+06   3.6071777e+01
   6.8151420e+06   3.9916992e+01
   6.8160340e+06   3.9672852e+01
   6.8163170e+06   3.5156250e+01
   6.8177900e+06   3.7536621e+01
   6.8358490e+06   3.4912109e+01
   6.8661640e+06   3.6010742e+01
   6.8672390e+06   3.7048340e+01
   6.8678610e+06   3.4912109e+01
   6.8683860e+06   4.4189453e+01
   6.8686150e+06   4.0222168e+01
   6.8722450e+06   4.3457031e+01
   6.9006710e+06   3.7353516e+01
   6.9012630e+06   3.6804199e+01
   6.9128400e+06   3.8513184e+01
   6.9274190e+06   4.3457031e+01
   6.9412370e+06   3.8146973e+01
   6.9438110e+06   3.5278320e+01
   6.9439650e+06   3.6193848e+01
   6.9474210e+06   3.6987305e+01
   6.9514060e+06   4.1625977e+01
   6.9700760e+06   3.9367676e+01
   6.9719290e+06   3.5766602e+01
   6.9734920e+06   3.7780762e+01
   6.9771130e+06   3.5644531e+01
   6.9779080e+06   3.5400391e+01
   6.9785540e+06   3.5705566e+01
   6.9791110e+06   3.6315918e+01
   6.9888340e+06   3.9062500e+01
   7.0010500e+06   4.0466309e+01
   7.0015390e+06   4.0832520e+01
   7.0157550e+06   3.7475586e+01
   7.0333840e+06   6.0607910e+01
   7.0336330e+06   6.0485840e+01
   7.0338800e+06   5.0354004e+01
   7.0340330e+06   3.5156250e+01
   7.0401560e+06   3.5888672e+01
   7.0503240e+06   3.6254883e+01
   7.0522120e+06   4.4067383e+01
   7.0527750e+06   3.6804199e+01
   7.0554830e+06   4.2785645e+01
   7.0623570e+06   3.5339355e+01
   7.0697310e+06   3.8818359e+01
   7.0703630e+06   3.8818359e+01
   7.0705290e+06   3.7170410e+01
   7.0708950e+06   5.3039551e+01
   7.0709220e+06   4.0466309e+01
   7.0727890e+06   4.0466309e+01
   7.0737020e+06   5.5786133e+01
   7.0781080e+06   3.8513184e+01
   7.0933640e+06   3.8146973e+01
   7.0939100e+06   3.7048340e+01
   7.1105440e+06   3.7414551e+01
   7.1254490e+06   3.7353516e+01
   7.1334240e+06   3.8696289e+01
   7.1349970e+06   3.5644531e+01
   7.1424020e+06   7.2998047e+01
   7.1472200e+06   4.4128418e+01
   7.1526720e+06   4.0405273e+01
   7.1535670e+06   3.5278320e+01
   7.1583340e+06   3.5705566e+01
   7.1634910e+06   3.9306641e+01
   7.1734650e+06   3.6376953e+01
   7.1922070e+06   3.9733887e+01
   7.1927850e+06   3.9428711e+01
   7.1938100e+06   3.9916992e+01
   7.1952610e+06   4.3823242e+01
   7.1991300e+06   3.9001465e+01
   7.2042990e+06   5.8105469e+01
   7.2251590e+06   3.8269043e+01
   7.2252140e+06   3.5522461e+01
   7.2317540e+06   6.2011719e+01
   7.2342450e+06   5.6518555e+01
   7.2375150e+06   4.9621582e+01
   7.2553230e+06   4.1137695e+01
   7.2553490e+06   5.9753418e+01
   7.2580130e+06   3.5095215e+01
   7.2671080e+06   6.4636230e+01
   7.2675250e+06   3.5095215e+01
   7.2686420e+06   3.5522461e+01
   7.2686930e+06   3.9062500e+01
   7.2696910e+06   3.7170410e+01
   7.2721340e+06   3.5034180e+01
   7.2725360e+06   4.1931152e+01
   7.2738540e+06   5.4199219e+01
   7.2743560e+06   4.2785645e+01
   7.2744790e+06   6.4941406e+01
   7.2747040e+06   5.6213379e+01
   7.2747530e+06   5.6457520e+01
   7.2750940e+06   3.9916992e+01
   7.2751260e+06   3.9916992e+01
   7.2754540e+06   4.4799805e+01
   7.2756940e+06   5.0903320e+01
   7.2757850e+06   4.4433594e+01
   7.2761220e+06   4.5776367e+01
   7.2772650e+06   4.6997070e+01
   7.2804090e+06   3.7048340e+01
   7.3012360e+06   3.7048340e+01
   7.3017880e+06   3.8208008e+01
   7.3053640e+06   3.6437988e+01
   7.3239130e+06   3.5156250e+01
   7.3381230e+06   3.6132812e+01
   7.3539610e+06   5.4382324e+01
   7.3557420e+06   4.0710449e+01
   7.3566490e+06   4.1198730e+01
   7.3585830e+06   3.8696289e+01
   7.3645610e+06   3.6987305e+01
   7.3661080e+06   3.6865234e+01
   7.3784130e+06   3.7719727e+01
   7.3785280e+06   6.1218262e+01
   7.3790200e+06   3.6743164e+01
   7.3803610e+06   4.1381836e+01
   7.3809000e+06   4.6325684e+01
   7.3833960e+06   4.0039063e+01
   7.3837900e+06   3.6071777e+01
   7.3933610e+06   3.6682129e+01
   7.3991950e+06   6.4208984e+01
   7.3997150e+06   5.2612305e+01
   7.4013430e+06   3.6376953e+01
   7.4068690e+06   3.7597656e+01
   7.4155300e+06   3.5888672e+01
   7.4174310e+06   3.6254883e+01
   7.4314510e+06   3.8513184e+01
   7.4318020e+06   3.5156250e+01
   7.4473620e+06   3.5400391e+01
   7.4502720e+06   3.5949707e+01
   7.4567870e+06   3.4912109e+01
   7.4689770e+06   3.5949707e+01
   7.4706450e+06   3.6743164e+01
   7.4716970e+06   3.5644531e+01
   7.4952360e+06   3.6376953e+01
   7.4963450e+06   3.6560059e+01
   7.5018650e+06   3.8269043e+01
   7.5269590e+06   4.6325684e+01
   7.5270730e+06   5.6823730e+01
   7.5274590e+06   5.3222656e+01
   7.5277920e+06   5.1635742e+01
   7.5279870e+06   3.6193848e+01
   7.5282410e+06   3.6437988e+01
   7.5285730e+06   3.8940430e+01
   7.5300340e+06   3.5888672e+01
   7.5307570e+06   3.5827637e+01
   7.5318690e+06   3.8818359e+01
   7.5367320e+06   3.6193848e+01
   7.5466710e+06   4.5288086e+01
   7.5646970e+06   5.7617188e+01
   7.5657980e+06   3.8635254e+01
   7.5661460e+06   3.6010742e+01
   7.5733430e+06   3.7109375e+01
   7.5813210e+06   3.6071777e+01
   7.5819170e+06   3.6254883e+01
   7.5893200e+06   4.1076660e+01
   7.5910640e+06   3.5888672e+01
   7.5981320e+06   6.0058594e+01
   7.6025950e+06   5.7250977e+01
   7.6029970e+06   5.4809570e+01
   7.6031300e+06   3.5400391e+01
   7.6035060e+06   4.0405273e+01
   7.6037260e+06   3.7414551e+01
   7.6041940e+06   4.6569824e+01
   7.6042280e+06   4.0039063e+01
   7.6043610e+06   4.2846680e+01
   7.6044680e+06   4.8828125e+01
   7.6045400e+06   3.6804199e+01
   7.6045620e+06   4.1076660e+01
   7.6046530e+06   4.3579102e+01
   7.6046900e+06   3.9733887e+01
   7.6047270e+06   3.4912109e+01
   7.6047590e+06   3.7902832e+01
   7.6047810e+06   5.0598145e+01
   7.6048750e+06   5.8471680e+01
   7.6049570e+06   3.6743164e+01
   7.6051600e+06   3.8757324e+01
   7.6052260e+06   3.6132813e+01
   7.6053820e+06   4.3640137e+01
   7.6054020e+06   3.6315918e+01
   7.6055290e+06   3.9306641e+01
   7.6055960e+06   3.5644531e+01
   7.6064980e+06   3.8269043e+01
   7.6065420e+06   3.6560059e+01
   7.6065830e+06   3.5644531e+01
   7.6066830e+06   3.6743164e+01
   7.6069780e+06   4.2907715e+01
   7.6071950e+06   3.5034180e+01
   7.6079320e+06   3.6865234e+01
   7.6086150e+06   3.7658691e+01
   7.6156350e+06   3.8208008e+01
   7.6204890e+06   5.0659180e+01
   7.6223810e+06   4.1381836e+01
   7.6341600e+06   3.7414551e+01
   7.6389090e+06   3.4973145e+01
   7.6433260e+06   4.0161133e+01
   7.6434260e+06   3.5888672e+01
   7.6436950e+06   5.8532715e+01
   7.6439310e+06   4.9133301e+01
   7.6442010e+06   3.9001465e+01
   7.6444190e+06   4.9377441e+01
   7.6445980e+06   4.5043945e+01
   7.6446180e+06   4.9621582e+01
   7.6447460e+06   5.4199219e+01
   7.6447720e+06   4.1625977e+01
   7.6448300e+06   3.8085938e+01
   7.6448620e+06   4.9499512e+01
   7.6449520e+06   3.5461426e+01
   7.6450100e+06   4.0954590e+01
   7.6450500e+06   4.0588379e+01
   7.6451610e+06   3.5949707e+01
   7.6452380e+06   3.8208008e+01
   7.6453390e+06   4.1137695e+01
   7.6455920e+06   3.7902832e+01
   7.6456240e+06   3.9184570e+01
   7.6458250e+06   4.5715332e+01
   7.6459530e+06   4.2297363e+01
   7.6462150e+06   4.5288086e+01
   7.6463320e+06   4.0527344e+01
   7.6466080e+06   3.9978027e+01
   7.6556980e+06   4.0954590e+01
   7.6558490e+06   3.6560059e+01
   7.6561160e+06   4.2541504e+01
   7.6562490e+06   3.6254883e+01
   7.6678310e+06   4.0039062e+01
   7.6707870e+06   3.6499023e+01
   7.6855190e+06   3.5949707e+01
   7.6863530e+06   3.6987305e+01
   7.6867240e+06   3.9001465e+01
   7.6871510e+06   3.6926270e+01
   7.6887460e+06   3.6193848e+01
   7.6914430e+06   3.6865234e+01
   7.6987320e+06   3.5583496e+01
   7.7351210e+06   3.7780762e+01
   7.7360060e+06   3.5400391e+01
   7.7390050e+06   3.9855957e+01
   7.7417000e+06   3.4912109e+01
   7.7497880e+06   5.9875488e+01
   7.7499680e+06   4.4494629e+01
   7.7579430e+06   3.5583496e+01
   7.7615100e+06   3.6621094e+01
   7.7782540e+06   3.7170410e+01
   7.7935900e+06   3.5400391e+01
   7.7949490e+06   3.6987305e+01
   7.7960240e+06   6.8359375e+01
   7.8204210e+06   3.6193848e+01
   7.8209170e+06   3.6437988e+01
   7.8220800e+06   3.6987305e+01
   7.8221390e+06   3.7292480e+01
   7.8377740e+06   3.6132812e+01
   7.8498090e+06   3.5095215e+01
   7.8603990e+06   6.7138672e+01
   7.8607150e+06   3.7414551e+01
   7.8865560e+06   4.6508789e+01
   7.9064020e+06   3.4973145e+01
   7.9065730e+06   6.9458008e+01
   7.9075810e+06   5.5053711e+01
   7.9078970e+06   4.0649414e+01
   7.9079830e+06   3.4912109e+01
   7.9319920e+06   3.5705566e+01
   7.9384920e+06   3.5095215e+01
   7.9452570e+06   3.5156250e+01
   7.9516490e+06   3.9611816e+01
   7.9526580e+06   3.5766602e+01
   7.9535560e+06   4.1198730e+01
   7.9546380e+06   3.6254883e+01
   7.9555860e+06   3.5461426e+01
   7.9631790e+06   3.9733887e+01
   7.9656560e+06   3.5827637e+01
   7.9676200e+06   3.7536621e+01
   7.9839340e+06   3.6499023e+01
   7.9964490e+06   3.9123535e+01
   7.9983990e+06   3.9916992e+01
   7.9992470e+06   3.5278320e+01
   8.0001300e+06   3.6376953e+01
   8.0113200e+06   4.4616699e+01
   8.0204070e+06   3.5461426e+01
   8.0232530e+06   3.9245605e+01
   8.0233260e+06   3.5705566e+01
   8.0258200e+06   6.5246582e+01
   8.0261200e+06   3.6132813e+01
   8.0394470e+06   3.5217285e+01
   8.0400130e+06   3.9855957e+01
   8.0548760e+06   6.8603516e+01
   8.0551090e+06   5.4870605e+01
   8.0552560e+06   4.0039062e+01
   8.0559790e+06   5.0292969e+01
   8.0570500e+06   4.1076660e+01
   8.0602990e+06   3.5278320e+01
   8.0795080e+06   3.5644531e+01
   8.0796440e+06   6.0729980e+01
   8.0797280e+06   3.8269043e+01
   8.0815270e+06   3.5339355e+01
   8.0819710e+06   3.4912109e+01
   8.0825460e+06   3.7231445e+01
   8.0889510e+06   6.6711426e+01
   8.1013380e+06   3.7475586e+01
   8.1024180e+06   3.5644531e+01
   8.1025370e+06   6.3842773e+01
   8.1070570e+06   3.5705566e+01
   8.1165130e+06   3.7719727e+01
   8.1186460e+06   3.7170410e+01
   8.1227090e+06   3.5888672e+01
   8.1318350e+06   4.0588379e+01
   8.1338260e+06   3.9611816e+01
   8.1352140e+06   3.6315918e+01
   8.1358440e+06   4.1259766e+01
   8.1463560e+06   5.5908203e+01
   8.1685180e+06   4.3151855e+01
   8.1724830e+06   3.8757324e+01
   8.1735250e+06   3.5278320e+01
   8.1956180e+06   3.5278320e+01
   8.1967290e+06   3.6071777e+01
   8.2040280e+06   3.5461426e+01
   8.2048340e+06   6.0974121e+01
   8.2053720e+06   5.7006836e+01
   8.2057600e+06   4.2968750e+01
   8.2060130e+06   3.9978027e+01
   8.2212970e+06   3.5278320e+01
   8.2322120e+06   3.9001465e+01
   8.2376980e+06   5.5114746e+01
   8.2378420e+06   5.0903320e+01
   8.2378660e+06   5.3894043e+01
   8.2382400e+06   5.0537109e+01
   8.2384460e+06   4.7851562e+01
   8.2389650e+06   4.9499512e+01
   8.2389960e+06   3.5705566e+01
   8.2398440e+06   5.1635742e+01
   8.2399040e+06   4.1442871e+01
   8.2399860e+06   4.1442871e+01
   8.2404340e+06   3.5034180e+01
   8.2404920e+06   3.7719727e+01
   8.2405070e+06   5.1391602e+01
   8.2405340e+06   4.6936035e+01
   8.2407120e+06   4.2358398e+01
   8.2407870e+06   4.2480469e+01
   8.2408710e+06   4.2785645e+01
   8.2409150e+06   3.6560059e+01
   8.2410090e+06   3.6682129e+01
   8.2411070e+06   3.9184570e+01
   8.2412460e+06   6.6467285e+01
   8.2412730e+06   4.6813965e+01
   8.2413410e+06   5.0048828e+01
   8.2413990e+06   3.7841797e+01
   8.2415150e+06   5.0720215e+01
   8.2415780e+06   4.2419434e+01
   8.2416700e+06   4.1870117e+01
   8.2416970e+06   3.7231445e+01
   8.2425020e+06   3.5278320e+01
   8.2425420e+06   4.2846680e+01
   8.2428960e+06   4.2480469e+01
   8.2432600e+06   3.8330078e+01
   8.2437010e+06   3.6926270e+01
   8.2442320e+06   3.7292480e+01
   8.2533870e+06   3.6010742e+01
   8.2791920e+06   4.0405273e+01
   8.2806320e+06   3.7353516e+01
   8.2819420e+06   4.5959473e+01
   8.2842660e+06   5.9814453e+01
   8.2846890e+06   3.4912109e+01
   8.2852290e+06   3.5705566e+01
   8.2854400e+06   5.7128906e+01
   8.2857220e+06   5.1513672e+01
   8.2858000e+06   4.9804688e+01
   8.2859690e+06   4.7729492e+01
   8.2861690e+06   5.2124023e+01
   8.2861840e+06   3.9855957e+01
   8.2862080e+06   4.6264648e+01
   8.2862920e+06   3.7963867e+01
   8.2864700e+06   3.8940430e+01
   8.2864980e+06   5.2612305e+01
   8.2865750e+06   5.6762695e+01
   8.2866070e+06   4.1503906e+01
   8.2867020e+06   3.5400391e+01
   8.2868840e+06   5.2978516e+01
   8.2869630e+06   4.3518066e+01
   8.2869740e+06   3.7292480e+01
   8.2870980e+06   4.7973633e+01
   8.2872240e+06   3.6804199e+01
   8.2872910e+06   3.8513184e+01
   8.2873600e+06   3.7109375e+01
   8.2875590e+06   3.7841797e+01
   8.2876680e+06   3.5278320e+01
   8.2876990e+06   3.5095215e+01
   8.2877110e+06   3.5766602e+01
   8.2877940e+06   3.8879395e+01
   8.2879940e+06   3.5766602e+01
   8.2880580e+06   3.9733887e+01
   8.2955400e+06   3.6865234e+01
   8.3066450e+06   5.6152344e+01
   8.3068830e+06   3.6621094e+01
   8.3081260e+06   3.4973145e+01
   8.3101770e+06   3.7963867e+01
   8.3172000e+06   3.7475586e+01
   8.3188920e+06   4.3457031e+01
   8.3202430e+06   5.1025391e+01
   8.3208860e+06   6.3720703e+01
   8.3225260e+06   3.9611816e+01
   8.3235050e+06   3.7658691e+01
   8.3239070e+06   3.6682129e+01
   8.3244300e+06   4.0954590e+01
   8.3244490e+06   3.7719727e+01
   8.3246120e+06   4.7912598e+01
   8.3247320e+06   4.8645020e+01
   8.3249390e+06   3.6437988e+01
   8.3253040e+06   6.6101074e+01
   8.3253180e+06   3.5522461e+01
   8.3261690e+06   4.8767090e+01
   8.3263730e+06   3.5156250e+01
   8.3330660e+06   3.7841797e+01
   8.3387510e+06   3.8146973e+01
   8.3477140e+06   5.9265137e+01
   8.3480700e+06   5.3894043e+01
   8.3484290e+06   4.4982910e+01
   8.3492070e+06   3.8574219e+01
   8.3655380e+06   3.6560059e+01
   8.3677410e+06   3.5827637e+01
   8.3678220e+06   4.8828125e+01
   8.3683740e+06   4.0588379e+01
   8.3686790e+06   4.1687012e+01
   8.3691510e+06   3.5705566e+01
   8.3694810e+06   3.5583496e+01
   8.3697920e+06   3.7292480e+01
   8.3700700e+06   3.5461426e+01
   8.3823240e+06   3.6560059e+01
   8.3892550e+06   3.6743164e+01
   8.3966600e+06   3.6193848e+01
   8.4051870e+06   3.6926270e+01
   8.4086910e+06   3.5522461e+01
   8.4093640e+06   4.2419434e+01
   8.4153790e+06   3.6682129e+01
   8.4218530e+06   3.8940430e+01
   8.4301190e+06   3.7414551e+01
   8.4306290e+06   3.6743164e+01
   8.4307350e+06   3.6865234e+01
   8.4310560e+06   4.3701172e+01
   8.4315450e+06   3.5705566e+01
   8.4391040e+06   3.6682129e+01
   8.4478840e+06   3.5339355e+01
   8.4487840e+06   3.6499023e+01
   8.4493950e+06   3.5766602e+01
   8.4588900e+06   3.8330078e+01
   8.4788990e+06   3.6682129e+01
   8.4801200e+06   3.6071777e+01
   8.4805420e+06   3.6743164e+01
   8.4812990e+06   3.8452148e+01
   8.4828020e+06   3.6376953e+01
   8.4832600e+06   7.2387695e+01
   8.4957110e+06   6.1523438e+01
   8.5059610e+06   3.7841797e+01
   8.5091870e+06   3.5888672e+01
   8.5125970e+06   3.9611816e+01
   8.5183540e+06   3.6071777e+01
   8.5231830e+06   3.7170410e+01
   8.5388270e+06   5.9082031e+01
   8.5390690e+06   4.3090820e+01
   8.5395130e+06   3.8085938e+01
   8.5402130e+06   3.6499023e+01
   8.5409920e+06   4.0161133e+01
   8.5418130e+06   4.0222168e+01
   8.5545070e+06   3.7414551e+01
   8.5549620e+06   3.5705566e+01
   8.5641060e+06   3.6010742e+01
   8.5680560e+06   3.5278320e+01
   8.6007240e+06   3.5644531e+01
   8.6064820e+06   3.7536621e+01
   8.6079950e+06   6.2377930e+01
   8.6082530e+06   4.6081543e+01
   8.6093190e+06   3.6926270e+01
   8.6099140e+06   3.5156250e+01
   8.6169150e+06   3.9733887e+01
   8.6198280e+06   3.5217285e+01
   8.6205420e+06   5.0720215e+01
   8.6261860e+06   4.0527344e+01
   8.6354550e+06   3.7292480e+01
   8.6360000e+06   6.4636230e+01
   8.6395250e+06   3.5705566e+01
   8.6396090e+06   6.2500000e+01
   8.6529900e+06   3.5522461e+01
   8.6537050e+06   3.7658691e+01
   8.6563670e+06   3.5766602e+01
   8.6584260e+06   3.5949707e+01
   8.6626250e+06   3.8635254e+01
   8.6706900e+06   3.9794922e+01
   8.6723550e+06   4.2358398e+01
   8.6731910e+06   3.5766602e+01
   8.6738270e+06   3.6621094e+01
   8.6849050e+06   6.3232422e+01
   8.6850700e+06   4.2053223e+01
   8.6851200e+06   4.4921875e+01
   8.6859690e+06   3.5583496e+01
   8.6860500e+06   4.7790527e+01
   8.6864590e+06   4.9682617e+01
   8.6867080e+06   4.5898438e+01
   8.6889300e+06   3.5766602e+01
   8.6921460e+06   3.5766602e+01
   8.7011790e+06   3.5339355e+01
   8.7016110e+06   3.5766602e+01
   8.7107150e+06   5.8898926e+01
   8.7195180e+06   3.5339355e+01
   8.7277870e+06   5.5908203e+01
   8.7281520e+06   5.5419922e+01
   8.7284120e+06   5.7739258e+01
   8.7286920e+06   3.7780762e+01
   8.7289670e+06   4.0405273e+01
   8.7312730e+06   3.5888672e+01
   8.7355530e+06   3.6132812e+01
   8.7511680e+06   3.5766602e+01
   8.7814270e+06   4.4311523e+01
   8.7819450e+06   3.5766602e+01
   8.7898690e+06   5.9875488e+01
   8.7996480e+06   3.5278320e+01
   8.8005630e+06   3.8024902e+01
   8.8016460e+06   3.5888672e+01
   8.8227200e+06   3.7780762e+01
   8.8316640e+06   3.5339355e+01
   8.8321760e+06   3.5522461e+01
   8.8326040e+06   4.2236328e+01
   8.8341190e+06   3.6376953e+01
   8.8350680e+06   3.7780762e+01
   8.8386690e+06   5.5175781e+01
   8.8388680e+06   4.8767090e+01
   8.8388980e+06   5.6884766e+01
   8.8391870e+06   5.4870605e+01
   8.8391970e+06   3.9245605e+01
   8.8392340e+06   6.3171387e+01
   8.8394510e+06   7.6477051e+01
   8.8395780e+06   6.7016602e+01
   8.8396020e+06   4.2358398e+01
   8.8396130e+06   5.0781250e+01
   8.8397400e+06   5.8044434e+01
   8.8398480e+06   4.7668457e+01
   8.8398660e+06   3.6621094e+01
   8.8399270e+06   4.2968750e+01
   8.8399520e+06   4.2541504e+01
   8.8403260e+06   3.4973145e+01
   8.8403500e+06   3.6865234e+01
   8.8405010e+06   3.5095215e+01
   8.8416820e+06   3.5400391e+01
   8.8418190e+06   3.5217285e+01
   8.8421170e+06   3.6682129e+01
   8.8425210e+06   4.5776367e+01
   8.8437180e+06   3.8269043e+01
   8.8447890e+06   3.7414551e+01
   8.8629900e+06   3.6621094e+01
   8.8640210e+06   3.8146973e+01
   8.8646550e+06   3.7780762e+01
   8.8659600e+06   3.8574219e+01
   8.8669030e+06   3.9062500e+01
   8.8700330e+06   5.7434082e+01
   8.8703850e+06   4.9743652e+01
   8.8705520e+06   3.7292480e+01
   8.8707150e+06   3.8696289e+01
   8.8709480e+06   4.0588379e+01
   8.8718390e+06   3.6376953e+01
   8.8729230e+06   3.6865234e+01
   8.8734300e+06   3.6743164e+01
   8.8742270e+06   3.5095215e+01
   8.8763160e+06   3.6865234e+01
   8.8807370e+06   3.8024902e+01
   8.8814120e+06   4.5349121e+01
   8.8846620e+06   4.8645020e+01
   8.8850450e+06   4.2907715e+01
   8.8852710e+06   3.8879395e+01
   8.9124700e+06   3.9550781e+01
   8.9177920e+06   5.7617188e+01
   8.9181830e+06   4.3395996e+01
   8.9191380e+06   5.9143066e+01
   8.9196690e+06   5.2856445e+01
   8.9353190e+06   5.3466797e+01
   8.9501600e+06   3.5400391e+01
   8.9510370e+06   3.8085938e+01
   8.9523510e+06   3.4912109e+01
   8.9540620e+06   3.6499023e+01
   8.9600890e+06   6.6406250e+01
   8.9757980e+06   3.5522461e+01
   8.9890730e+06   3.5461426e+01
   8.9955070e+06   3.5095215e+01
