   8.9990000e+06   0.0000000e+00
   1.9899400e+05   3.6560059e+01
   3.8187600e+05   3.4179688e+01
   7.7724500e+05   4.6997070e+01
   7.9073700e+05   3.5827637e+01
   8.4921500e+05   3.4118652e+01
   9.2233200e+05   3.5766602e+01
   9.9660600e+05   3.4484863e+01
   1.0045680e+06   3.7536621e+01
   1.1542540e+06   3.6926270e+01
   1.2951980e+06   4.1931152e+01
   1.5109650e+06   3.5583496e+01
   1.8451760e+06   3.7292480e+01
   3.2737250e+06   3.6376953e+01
   3.6367710e+06   3.4362793e+01
   4.0390720e+06   3.7841797e+01
   4.2019820e+06   4.0039062e+01
   4.3386230e+06   3.6437988e+01
   4.6126520e+06   4.0100098e+01
   5.1211520e+06   3.4057617e+01
   5.5549570e+06   3.7170410e+01
   5.5551570e+06   3.4912109e+01
   5.9246640e+06   4.2846680e+01
   5.9248330e+06   3.5278320e+01
   6.7777980e+06   3.4729004e+01
   6.7780010e+06   3.5095215e+01
   7.2921690e+06   3.4545898e+01
   7.6050930e+06   4.3395996e+01
   7.6452410e+06   3.9550781e+01
   7.6456200e+06   3.4118652e+01
   8.2413730e+06   3.9489746e+01
   8.2865090e+06   4.5593262e+01
   8.7316460e+06   3.4484863e+01
   8.8399850e+06   3.8879395e+01
   8.8401570e+06   3.6987305e+01
