   8.9990000e+06   0.0000000e+00
   1.4410000e+03   9.1369629e+01
   1.5990000e+03   6.3232422e+01
   1.7930000e+03   5.0476074e+01
   1.9350000e+03   3.8574219e+01
   1.8238000e+04   4.1076660e+01
   5.6741000e+04   7.9467773e+01
   5.7033000e+04   6.4575195e+01
   5.7185000e+04   4.5410156e+01
   5.7935000e+04   4.2236328e+01
   5.9539000e+04   4.0161133e+01
   6.2609000e+04   8.2275391e+01
   6.2776000e+04   5.9509277e+01
   6.4505000e+04   5.1452637e+01
   6.5058000e+04   6.0241699e+01
   9.3077000e+04   4.6569824e+01
   1.1612500e+05   7.4340820e+01
   1.1638200e+05   7.3547363e+01
   1.1652500e+05   5.0354004e+01
   1.2675000e+05   3.9001465e+01
   1.6385600e+05   7.3852539e+01
   1.6417200e+05   7.5622559e+01
   1.6433900e+05   5.0170898e+01
   1.6449800e+05   4.8461914e+01
   1.8846700e+05   5.1635742e+01
   1.9561500e+05   6.7626953e+01
   1.9614600e+05   7.8735352e+01
   1.9623200e+05   5.0598145e+01
   1.9670400e+05   5.2795410e+01
   1.9699200e+05   3.7841797e+01
   1.9738700e+05   4.4494629e+01
   1.9849100e+05   4.9743652e+01
   1.9887700e+05   5.4138184e+01
   1.9919600e+05   4.3701172e+01
   1.9991700e+05   3.9184570e+01
   2.0050600e+05   7.4218750e+01
   2.0071200e+05   6.4025879e+01
   2.0088800e+05   4.8095703e+01
   2.0118100e+05   5.6945801e+01
   2.1073000e+05   9.5825195e+01
   2.1120000e+05   5.4382324e+01
   2.1135600e+05   5.1452637e+01
   2.1292200e+05   3.8146973e+01
   2.3709700e+05   8.0139160e+01
   2.3730500e+05   5.8898926e+01
   2.3746100e+05   4.7790527e+01
   2.3943700e+05   4.4860840e+01
   2.3988600e+05   4.0039062e+01
   2.4028100e+05   5.1391602e+01
   2.5543300e+05   4.2968750e+01
   2.5766200e+05   8.1604004e+01
   2.5798700e+05   6.2683105e+01
   2.5825200e+05   5.9387207e+01
   2.5891900e+05   5.8593750e+01
   2.6490000e+05   3.9794922e+01
   2.6506400e+05   4.2907715e+01
   2.7197000e+05   7.3120117e+01
   2.7725000e+05   7.8002930e+01
   3.0313700e+05   3.7902832e+01
   3.1118300e+05   8.6791992e+01
   3.1151400e+05   8.7402344e+01
   3.1171700e+05   4.1748047e+01
   3.4165800e+05   4.6142578e+01
   3.4318700e+05   7.8918457e+01
   3.4350400e+05   6.0424805e+01
   3.4378200e+05   6.1645508e+01
   3.4391200e+05   4.2785645e+01
   3.6150000e+05   7.1777344e+01
   3.6330000e+05   6.9824219e+01
   3.6342100e+05   4.1809082e+01
   3.6612100e+05   5.6335449e+01
   3.6669800e+05   4.6264648e+01
   3.6742000e+05   5.0598145e+01
   3.6794800e+05   4.8645020e+01
   3.7167200e+05   7.4340820e+01
   3.7182100e+05   5.7189941e+01
   3.8009800e+05   5.6701660e+01
   3.8081000e+05   4.4860840e+01
   3.8116300e+05   4.3457031e+01
   3.8150600e+05   4.6630859e+01
   3.8219700e+05   4.0039062e+01
   3.8309000e+05   3.7902832e+01
   4.1727600e+05   4.5837402e+01
   4.2375400e+05   7.4096680e+01
   4.2400100e+05   7.1960449e+01
   4.2415200e+05   4.7424316e+01
   4.5922100e+05   6.2377930e+01
   4.5974200e+05   5.8044434e+01
   4.6051300e+05   4.4189453e+01
   4.6107700e+05   4.0832520e+01
   4.6879800e+05   7.9833984e+01
   4.6997500e+05   6.8298340e+01
   4.7012400e+05   4.3945312e+01
   4.7941300e+05   5.4870605e+01
   4.8441000e+05   4.4067383e+01
   4.9105000e+05   6.9213867e+01
   4.9163900e+05   6.4697266e+01
   4.9174900e+05   4.4616699e+01
   5.0260900e+05   4.0893555e+01
   5.4502100e+05   8.1787109e+01
   5.4520000e+05   7.2509766e+01
   5.4536800e+05   5.0292969e+01
   5.4624800e+05   6.9641113e+01
   5.4665800e+05   5.3833008e+01
   5.4719000e+05   4.4006348e+01
   5.4762100e+05   5.0048828e+01
   5.4803500e+05   4.1503906e+01
   5.4839800e+05   4.4555664e+01
   5.4929600e+05   4.2663574e+01
   5.4984900e+05   3.7780762e+01
   5.6007000e+05   8.0932617e+01
   5.6037200e+05   5.7495117e+01
   5.6063500e+05   5.7739258e+01
   5.6272500e+05   5.8166504e+01
   5.6793600e+05   4.0710449e+01
   5.9307200e+05   4.8095703e+01
   6.0386100e+05   5.9020996e+01
   6.0416800e+05   8.0078125e+01
   6.0437300e+05   6.2683105e+01
   6.0550400e+05   7.7514648e+01
   6.0644600e+05   4.2358398e+01
   6.0685400e+05   4.2602539e+01
   6.0733600e+05   5.6213379e+01
   6.0769100e+05   3.9489746e+01
   6.1520600e+05   6.6833496e+01
   6.1535400e+05   7.4768066e+01
   6.2378000e+05   5.4321289e+01
   6.2416000e+05   5.0048828e+01
   6.2762100e+05   4.4067383e+01
   6.4081300e+05   7.1899414e+01
   6.4100800e+05   6.4270020e+01
   6.4119200e+05   4.1076660e+01
   6.5290500e+05   3.9978027e+01
   6.5574200e+05   3.8330078e+01
   6.6683100e+05   3.8940430e+01
   7.0676100e+05   3.9306641e+01
   7.1987900e+05   8.7585449e+01
   7.2010500e+05   6.8054199e+01
   7.2025000e+05   4.6569824e+01
   7.2700900e+05   4.6813965e+01
   7.2710000e+05   7.3364258e+01
   7.2732800e+05   6.6589355e+01
   7.2743900e+05   4.0954590e+01
   7.2780600e+05   5.1940918e+01
   7.5148600e+05   4.0954590e+01
   7.5157800e+05   5.2978516e+01
   7.5283000e+05   5.1818848e+01
   7.5611500e+05   4.8583984e+01
   7.6772800e+05   7.7575684e+01
   7.6795100e+05   6.1828613e+01
   7.6814400e+05   5.4443359e+01
   7.6823500e+05   5.5419922e+01
   7.6856300e+05   5.3161621e+01
   7.6895600e+05   5.4992676e+01
   7.6962700e+05   5.6945801e+01
   7.7458600e+05   4.6936035e+01
   7.7497600e+05   4.7668457e+01
   7.7594700e+05   7.4401855e+01
   7.7620700e+05   5.5603027e+01
   7.7657200e+05   4.9560547e+01
   7.7730100e+05   4.4128418e+01
   7.7757600e+05   4.4494629e+01
   7.7827600e+05   3.8452148e+01
   7.9144900e+05   4.5410156e+01
   7.9391500e+05   4.5654297e+01
   8.0906400e+05   6.5490723e+01
   8.1470300e+05   7.5500488e+01
   8.1487700e+05   6.7687988e+01
   8.1544600e+05   6.9335938e+01
   8.1763100e+05   3.9367676e+01
   8.2368900e+05   3.9855957e+01
   8.4303800e+05   6.3354492e+01
   8.4444900e+05   4.8889160e+01
   8.4564900e+05   5.1635742e+01
   8.4619400e+05   4.5471191e+01
   8.4675100e+05   4.7363281e+01
   8.5716500e+05   7.8186035e+01
   8.6367900e+05   4.4311523e+01
   8.9749200e+05   7.5195312e+01
   8.9831900e+05   7.1777344e+01
   8.9846500e+05   4.8217773e+01
   8.9862500e+05   4.0588379e+01
   9.1435200e+05   7.4218750e+01
   9.1452000e+05   6.1828613e+01
   9.1673300e+05   4.3457031e+01
   9.1987100e+05   7.7392578e+01
   9.2004600e+05   6.5185547e+01
   9.2024100e+05   4.7363281e+01
   9.2037000e+05   4.9804688e+01
   9.2138700e+05   5.0659180e+01
   9.2223900e+05   5.4016113e+01
   9.2280900e+05   4.5898438e+01
   9.2409100e+05   4.2297363e+01
   9.3929200e+05   4.1503906e+01
   9.5785200e+05   4.3884277e+01
   9.6836600e+05   5.6945801e+01
   9.6876300e+05   4.9682617e+01
   9.6993700e+05   4.0222168e+01
   9.7156000e+05   4.5349121e+01
   9.7921600e+05   7.7941895e+01
   9.8258600e+05   7.5073242e+01
   9.8287300e+05   6.8359375e+01
   1.0021070e+06   4.9804688e+01
   1.0025970e+06   6.6528320e+01
   1.0026490e+06   5.3771973e+01
   1.0027920e+06   7.2204590e+01
   1.0029230e+06   4.3640137e+01
   1.0031920e+06   4.4616699e+01
   1.0035340e+06   4.0344238e+01
   1.0035860e+06   5.2795410e+01
   1.0038380e+06   4.2663574e+01
   1.0042420e+06   5.0292969e+01
   1.0043540e+06   3.9611816e+01
   1.0045220e+06   5.2490234e+01
   1.0053750e+06   5.9265137e+01
   1.0058540e+06   5.4443359e+01
   1.0062440e+06   4.1625977e+01
   1.0066010e+06   4.0222168e+01
   1.0226940e+06   4.0527344e+01
   1.0240190e+06   6.3110352e+01
   1.0242650e+06   9.0087891e+01
   1.0244530e+06   4.2907715e+01
   1.0389930e+06   6.9091797e+01
   1.0452950e+06   6.9396973e+01
   1.0462320e+06   4.9499512e+01
   1.0497560e+06   9.7778320e+01
   1.0499310e+06   7.1289062e+01
   1.0562240e+06   3.8513184e+01
   1.0572000e+06   3.9611816e+01
   1.0663850e+06   7.5073242e+01
   1.0666310e+06   6.8847656e+01
   1.0668440e+06   4.2968750e+01
   1.0670270e+06   3.9306641e+01
   1.0680510e+06   4.6386719e+01
   1.0717210e+06   4.3334961e+01
   1.0727180e+06   5.1330566e+01
   1.0730240e+06   4.7607422e+01
   1.0737340e+06   3.9672852e+01
   1.0742180e+06   3.7658691e+01
   1.0758230e+06   6.6528320e+01
   1.0760450e+06   5.0781250e+01
   1.0764290e+06   3.8024902e+01
   1.0853690e+06   4.6508789e+01
   1.0917660e+06   5.5358887e+01
   1.0926300e+06   4.8400879e+01
   1.0966910e+06   7.5012207e+01
   1.0968730e+06   5.3466797e+01
   1.0970120e+06   3.7963867e+01
   1.1073860e+06   3.9978027e+01
   1.1084160e+06   4.7790527e+01
   1.1093970e+06   4.1076660e+01
   1.1094400e+06   5.0048828e+01
   1.1236700e+06   4.0832520e+01
   1.1269080e+06   7.4279785e+01
   1.1274630e+06   5.9631348e+01
   1.1275860e+06   4.3701172e+01
   1.1361140e+06   4.3579102e+01
   1.1367740e+06   6.0668945e+01
   1.1374010e+06   5.7922363e+01
   1.1527440e+06   5.6579590e+01
   1.1536470e+06   4.2480469e+01
   1.1542820e+06   4.4250488e+01
   1.1547590e+06   8.0871582e+01
   1.1548040e+06   3.7597656e+01
   1.1548510e+06   3.9611816e+01
   1.1549460e+06   6.7321777e+01
   1.1727880e+06   5.2917480e+01
   1.1736020e+06   4.0771484e+01
   1.1746940e+06   4.1809082e+01
   1.1751330e+06   4.2053223e+01
   1.1757520e+06   3.8452148e+01
   1.1765390e+06   3.7902832e+01
   1.1766080e+06   5.2001953e+01
   1.1782750e+06   8.0566406e+01
   1.1815660e+06   7.2143555e+01
   1.1818480e+06   6.4514160e+01
   1.1820300e+06   4.6264648e+01
   1.1969990e+06   4.2724609e+01
   1.1974160e+06   4.2480469e+01
   1.1979690e+06   3.9978027e+01
   1.2079950e+06   4.6081543e+01
   1.2096420e+06   5.9387207e+01
   1.2111730e+06   4.4433594e+01
   1.2364500e+06   8.4228516e+01
   1.2368740e+06   7.3608398e+01
   1.2487020e+06   8.5571289e+01
   1.2489680e+06   6.5185547e+01
   1.2491840e+06   4.4982910e+01
   1.2672580e+06   7.2875977e+01
   1.2673850e+06   4.1992188e+01
   1.2674260e+06   6.0913086e+01
   1.2874420e+06   6.7504883e+01
   1.2879740e+06   6.8725586e+01
   1.2882170e+06   4.2785645e+01
   1.2883910e+06   4.9011230e+01
   1.2921640e+06   5.0048828e+01
   1.2926190e+06   4.5166016e+01
   1.2929950e+06   4.2419434e+01
   1.2944700e+06   3.8452148e+01
   1.2956380e+06   7.7392578e+01
   1.2960340e+06   4.9621582e+01
   1.2966160e+06   4.6325684e+01
   1.2972430e+06   4.0100098e+01
   1.3026230e+06   7.0434570e+01
   1.3027800e+06   5.1696777e+01
   1.3045880e+06   4.9377441e+01
   1.3050000e+06   4.4616699e+01
   1.3184820e+06   7.2143555e+01
   1.3186360e+06   6.3415527e+01
   1.3187530e+06   4.4006348e+01
   1.3310970e+06   7.6721191e+01
   1.3312940e+06   5.7312012e+01
   1.3313130e+06   6.2500000e+01
   1.3317630e+06   4.7729492e+01
   1.3328710e+06   5.3710938e+01
   1.3339490e+06   3.7658691e+01
   1.3415320e+06   3.7597656e+01
   1.3416160e+06   7.8552246e+01
   1.3422450e+06   5.3222656e+01
   1.3426200e+06   5.1635742e+01
   1.3427630e+06   7.9833984e+01
   1.3432680e+06   5.9265137e+01
   1.3434230e+06   7.7087402e+01
   1.3442550e+06   4.5227051e+01
   1.3545670e+06   4.2419434e+01
   1.3763730e+06   7.9223633e+01
   1.3770390e+06   8.3923340e+01
   1.3771830e+06   4.1992188e+01
   1.3812490e+06   4.4799805e+01
   1.3817780e+06   5.9143066e+01
   1.3821150e+06   4.9194336e+01
   1.3955550e+06   4.7058105e+01
   1.3983700e+06   3.9978027e+01
   1.3984890e+06   7.1533203e+01
   1.3986770e+06   5.7128906e+01
   1.3988030e+06   4.3212891e+01
   1.4021890e+06   3.8208008e+01
   1.4109950e+06   5.1208496e+01
   1.4116620e+06   3.8635254e+01
   1.4206360e+06   7.6232910e+01
   1.4208440e+06   7.6110840e+01
   1.4209980e+06   4.4982910e+01
   1.4215060e+06   5.3588867e+01
   1.4390930e+06   5.5175781e+01
   1.4398180e+06   5.4870605e+01
   1.4404580e+06   4.6325684e+01
   1.4412210e+06   4.1076660e+01
   1.4446550e+06   8.3374023e+01
   1.4448350e+06   7.6538086e+01
   1.4449580e+06   4.7302246e+01
   1.4570650e+06   4.7485352e+01
   1.4642400e+06   3.8269043e+01
   1.4779890e+06   7.9284668e+01
   1.4781250e+06   5.6823730e+01
   1.4782550e+06   3.8208008e+01
   1.4784290e+06   3.7658691e+01
   1.4863650e+06   3.8696289e+01
   1.4882270e+06   3.9367676e+01
   1.4932010e+06   5.1696777e+01
   1.5072200e+06   7.6171875e+01
   1.5078280e+06   5.9143066e+01
   1.5083550e+06   4.7607422e+01
   1.5086330e+06   4.4128418e+01
   1.5091510e+06   7.2143555e+01
   1.5092100e+06   5.1025391e+01
   1.5104860e+06   9.3261719e+01
   1.5105310e+06   4.8706055e+01
   1.5106050e+06   4.1503906e+01
   1.5109090e+06   5.1452637e+01
   1.5112110e+06   5.4992676e+01
   1.5114770e+06   4.6142578e+01
   1.5115610e+06   4.6203613e+01
   1.5120410e+06   4.3212891e+01
   1.5234930e+06   4.1015625e+01
   1.5272370e+06   3.7902832e+01
   1.5391980e+06   5.5664062e+01
   1.5418160e+06   4.9194336e+01
   1.5443580e+06   8.3923340e+01
   1.5445160e+06   5.6579590e+01
   1.5446610e+06   4.5959473e+01
   1.5453600e+06   5.2429199e+01
   1.5690360e+06   4.8339844e+01
   1.5696190e+06   4.9865723e+01
   1.5700820e+06   3.8757324e+01
   1.5728540e+06   4.8278809e+01
   1.5826100e+06   8.2275391e+01
   1.5830050e+06   7.6232910e+01
   1.5831120e+06   4.1198730e+01
   1.5858750e+06   4.3884277e+01
   1.5928660e+06   8.9538574e+01
   1.5930570e+06   6.5124512e+01
   1.5938710e+06   4.4250488e+01
   1.6134790e+06   6.3659668e+01
   1.6142920e+06   5.0109863e+01
   1.6186620e+06   7.5134277e+01
   1.6189040e+06   5.9082031e+01
   1.6190390e+06   3.9855957e+01
   1.6314420e+06   4.0161133e+01
   1.6406340e+06   4.1076660e+01
   1.6415630e+06   4.9743652e+01
   1.6438060e+06   7.4462891e+01
   1.6439740e+06   5.3283691e+01
   1.6441450e+06   4.1442871e+01
   1.6478580e+06   5.8288574e+01
   1.6517180e+06   3.9367676e+01
   1.6545010e+06   5.4138184e+01
   1.6648280e+06   5.3527832e+01
   1.6659990e+06   4.6813965e+01
   1.6691530e+06   8.5449219e+01
   1.6711150e+06   5.2978516e+01
   1.6721100e+06   4.4860840e+01
   1.6723500e+06   4.4860840e+01
   1.6964890e+06   5.0354004e+01
   1.7140310e+06   8.0627441e+01
   1.7142310e+06   7.5683594e+01
   1.7147880e+06   7.7087402e+01
   1.7186300e+06   4.8583984e+01
   1.7191870e+06   5.8593750e+01
   1.7274110e+06   4.8034668e+01
   1.7277390e+06   4.4555664e+01
   1.7301550e+06   3.8330078e+01
   1.7376820e+06   8.4716797e+01
   1.7417420e+06   6.8969727e+01
   1.7419360e+06   7.0007324e+01
   1.7420720e+06   3.8391113e+01
   1.7490500e+06   5.1879883e+01
   1.7495210e+06   5.0781250e+01
   1.7499530e+06   4.3151855e+01
   1.7506280e+06   3.9245605e+01
   1.7509200e+06   5.3039551e+01
   1.7518420e+06   4.6813965e+01
   1.7521520e+06   3.8452148e+01
   1.7531710e+06   4.6630859e+01
   1.7541810e+06   4.7790527e+01
   1.7590880e+06   7.3852539e+01
   1.7592650e+06   5.9997559e+01
   1.7651130e+06   4.5654297e+01
   1.7680200e+06   4.5532227e+01
   1.7695470e+06   3.8696289e+01
   1.7754590e+06   5.7495117e+01
   1.7762830e+06   5.2001953e+01
   1.7764800e+06   6.6406250e+01
   1.7766150e+06   6.1218262e+01
   1.7768150e+06   4.2724609e+01
   1.7773690e+06   4.6325684e+01
   1.7843800e+06   8.1420898e+01
   1.7846650e+06   5.8776855e+01
   1.7852150e+06   5.4199219e+01
   1.7861860e+06   3.8085938e+01
   1.7977010e+06   4.9194336e+01
   1.7980100e+06   4.3884277e+01
   1.7981000e+06   3.9184570e+01
   1.7984760e+06   5.0720215e+01
   1.7994760e+06   6.8908691e+01
   1.8000370e+06   6.9885254e+01
   1.8001790e+06   4.3518066e+01
   1.8112960e+06   4.4006348e+01
   1.8123160e+06   4.4494629e+01
   1.8127260e+06   4.8400879e+01
   1.8140290e+06   4.0893555e+01
   1.8179520e+06   4.5532227e+01
   1.8253350e+06   4.3151855e+01
   1.8325310e+06   7.3181152e+01
   1.8330080e+06   6.9274902e+01
   1.8331320e+06   4.6081543e+01
   1.8420750e+06   5.3588867e+01
   1.8424990e+06   5.1269531e+01
   1.8427960e+06   4.4555664e+01
   1.8430880e+06   8.3557129e+01
   1.8432600e+06   4.9011230e+01
   1.8434540e+06   5.2673340e+01
   1.8662490e+06   4.0161133e+01
   1.8663990e+06   7.9345703e+01
   1.8707190e+06   3.9916992e+01
   1.8713420e+06   8.1420898e+01
   1.8714090e+06   5.7861328e+01
   1.8722140e+06   7.6416016e+01
   1.8723150e+06   4.5227051e+01
   1.8893650e+06   4.6569824e+01
   1.8908970e+06   3.9489746e+01
   1.8913850e+06   7.6904297e+01
   1.8915440e+06   7.0251465e+01
   1.8933010e+06   4.3518066e+01
   1.9037510e+06   5.4443359e+01
   1.9043310e+06   5.0476074e+01
   1.9050000e+06   4.9194336e+01
   1.9059560e+06   4.5043945e+01
   1.9220180e+06   7.2143555e+01
   1.9221720e+06   4.9804688e+01
   1.9222010e+06   6.7260742e+01
   1.9223110e+06   4.3518066e+01
   1.9293790e+06   5.2062988e+01
   1.9299790e+06   5.2368164e+01
   1.9305260e+06   4.1320801e+01
   1.9581160e+06   4.0344238e+01
   1.9590790e+06   5.8471680e+01
   1.9597290e+06   4.5288086e+01
   1.9604260e+06   4.7790527e+01
   1.9613330e+06   3.9489746e+01
   1.9619970e+06   3.8146973e+01
   1.9651050e+06   7.8674316e+01
   1.9712670e+06   7.2326660e+01
   1.9715800e+06   5.8471680e+01
   1.9860780e+06   7.5073242e+01
   1.9864380e+06   6.5429687e+01
   1.9956550e+06   9.8388672e+01
   1.9958520e+06   4.1381836e+01
   1.9960000e+06   4.2541504e+01
   2.0154770e+06   5.4321289e+01
   2.0188200e+06   3.8818359e+01
   2.0351420e+06   3.8146973e+01
   2.0361510e+06   8.4533691e+01
   2.0364250e+06   7.3608398e+01
   2.0365870e+06   4.6997070e+01
   2.0475270e+06   4.8400879e+01
   2.0483730e+06   5.3466797e+01
   2.0620910e+06   8.0993652e+01
   2.0622460e+06   5.8471680e+01
   2.0623530e+06   4.2724609e+01
   2.0652810e+06   3.9855957e+01
   2.0784290e+06   5.5603027e+01
   2.0790450e+06   4.8217773e+01
   2.0804070e+06   3.9306641e+01
   2.0899220e+06   4.4372559e+01
   2.0981540e+06   8.6547852e+01
   2.0983850e+06   5.9204102e+01
   2.0985100e+06   3.8452148e+01
   2.1007660e+06   4.2663574e+01
   2.1084020e+06   7.5073242e+01
   2.1132930e+06   5.2856445e+01
   2.1162710e+06   5.5297852e+01
   2.1264130e+06   5.2368164e+01
   2.1329140e+06   7.3791504e+01
   2.1330960e+06   7.2448730e+01
   2.1332070e+06   4.7607422e+01
   2.1340360e+06   4.8034668e+01
   2.1343300e+06   4.9255371e+01
   2.1389450e+06   8.2458496e+01
   2.1390560e+06   4.2846680e+01
   2.1433050e+06   4.7729492e+01
   2.1440400e+06   4.0161133e+01
   2.1453630e+06   3.9855957e+01
   2.1460860e+06   4.1198730e+01
   2.1479190e+06   3.8330078e+01
   2.1569300e+06   3.8940430e+01
   2.1599530e+06   4.0100098e+01
   2.1627430e+06   7.4096680e+01
   2.1628770e+06   5.9936523e+01
   2.1707870e+06   4.9743652e+01
   2.1712570e+06   5.0964355e+01
   2.1716940e+06   4.5776367e+01
   2.1725330e+06   3.8024902e+01
   2.1729310e+06   6.5002441e+01
   2.1729690e+06   4.9072266e+01
   2.1730750e+06   5.7922363e+01
   2.1736690e+06   4.3395996e+01
   2.1889950e+06   7.3608398e+01
   2.1891910e+06   5.7983398e+01
   2.1971210e+06   4.1076660e+01
   2.1974790e+06   4.8339844e+01
   2.1979210e+06   5.6579590e+01
   2.1984430e+06   4.4433594e+01
   2.1988980e+06   4.5837402e+01
   2.1991390e+06   4.5471191e+01
   2.1994490e+06   4.0466309e+01
   2.2082840e+06   4.4860840e+01
   2.2094300e+06   8.0322266e+01
   2.2110230e+06   8.0078125e+01
   2.2111760e+06   5.3283691e+01
   2.2284320e+06   3.8818359e+01
   2.2387520e+06   7.7453613e+01
   2.2487710e+06   7.8369141e+01
   2.2489660e+06   6.3293457e+01
   2.2525780e+06   4.3884277e+01
   2.2579070e+06   4.8156738e+01
   2.2581390e+06   4.3762207e+01
   2.2634310e+06   7.1289062e+01
   2.2635800e+06   5.9082031e+01
   2.2745590e+06   4.0832520e+01
   2.2767070e+06   6.3781738e+01
   2.2772150e+06   5.3161621e+01
   2.2782300e+06   4.5776367e+01
   2.2787750e+06   3.8940430e+01
   2.2792130e+06   4.4006348e+01
   2.2842170e+06   4.0710449e+01
   2.2847180e+06   4.9133301e+01
   2.2912500e+06   7.5622559e+01
   2.2914320e+06   7.0678711e+01
   2.2915750e+06   5.0231934e+01
   2.2923380e+06   6.5734863e+01
   2.2928280e+06   4.8583984e+01
   2.3291070e+06   7.4890137e+01
   2.3292570e+06   5.9875488e+01
   2.3315940e+06   8.5876465e+01
   2.3316960e+06   3.7719727e+01
   2.3350090e+06   4.5776367e+01
   2.3350510e+06   5.2246094e+01
   2.3354870e+06   4.5349121e+01
   2.3358820e+06   3.8757324e+01
   2.3362230e+06   4.1809082e+01
   2.3375880e+06   4.9255371e+01
   2.3378230e+06   4.2846680e+01
   2.3378680e+06   5.8776855e+01
   2.3381330e+06   4.4982910e+01
   2.3386810e+06   6.6162109e+01
   2.3391210e+06   4.1076660e+01
   2.3393160e+06   4.5227051e+01
   2.3394990e+06   3.8879395e+01
   2.3537720e+06   4.1870117e+01
   2.3564800e+06   4.6325684e+01
   2.3572420e+06   4.6142578e+01
   2.3576730e+06   3.9733887e+01
   2.3583440e+06   3.8146973e+01
   2.3591780e+06   7.7453613e+01
   2.3633460e+06   6.8847656e+01
   2.3634580e+06   4.4555664e+01
   2.3636170e+06   3.8940430e+01
   2.3768280e+06   4.3823242e+01
   2.3792490e+06   3.9062500e+01
   2.3796430e+06   4.2114258e+01
   2.3983440e+06   5.1269531e+01
   2.3987510e+06   4.5593262e+01
   2.3991590e+06   4.6752930e+01
   2.3996600e+06   3.8513184e+01
   2.4008200e+06   4.0710449e+01
   2.4092960e+06   7.7331543e+01
   2.4094930e+06   6.0607910e+01
   2.4231750e+06   3.9062500e+01
   2.4346380e+06   4.2663574e+01
   2.4358620e+06   4.1687012e+01
   2.4459090e+06   3.9245605e+01
   2.4463320e+06   3.9978027e+01
   2.4600690e+06   7.1472168e+01
   2.4802220e+06   4.3823242e+01
   2.4820760e+06   4.1381836e+01
   2.4856540e+06   9.3750000e+01
   2.4858780e+06   5.8715820e+01
   2.4944500e+06   6.8298340e+01
   2.4950650e+06   4.8034668e+01
   2.4957810e+06   4.4494629e+01
   2.4990980e+06   7.9528809e+01
   2.4992790e+06   6.2255859e+01
   2.4994060e+06   4.9072266e+01
   2.5166560e+06   4.3090820e+01
   2.5338300e+06   8.1115723e+01
   2.5339540e+06   5.8471680e+01
   2.5340800e+06   4.2236328e+01
   2.5342410e+06   4.6081543e+01
   2.5511270e+06   4.0039062e+01
   2.5514750e+06   7.2204590e+01
   2.5516570e+06   7.2692871e+01
   2.5518300e+06   5.1147461e+01
   2.5528450e+06   6.2805176e+01
   2.5619940e+06   6.3110352e+01
   2.5621340e+06   4.8767090e+01
   2.5627030e+06   4.6203613e+01
   2.5788430e+06   4.0100098e+01
   2.5804310e+06   6.5246582e+01
   2.5879810e+06   7.7209473e+01
   2.5881400e+06   5.8837891e+01
   2.5885660e+06   4.1625977e+01
   2.5925920e+06   3.8940430e+01
   2.6043440e+06   4.9743652e+01
   2.6141030e+06   3.9794922e+01
   2.6144790e+06   7.3181152e+01
   2.6148710e+06   6.2744141e+01
   2.6149710e+06   4.1442871e+01
   2.6154060e+06   4.7119141e+01
   2.6155540e+06   3.7963867e+01
   2.6192350e+06   5.2917480e+01
   2.6197950e+06   4.6813965e+01
   2.6200730e+06   3.9733887e+01
   2.6203800e+06   4.2236328e+01
   2.6207330e+06   4.0527344e+01
   2.6220170e+06   4.9072266e+01
   2.6224080e+06   3.9978027e+01
   2.6225970e+06   4.8706055e+01
   2.6228910e+06   7.5317383e+01
   2.6233920e+06   7.6110840e+01
   2.6236240e+06   7.0129395e+01
   2.6350860e+06   4.2236328e+01
   2.6427030e+06   3.8818359e+01
   2.6447620e+06   3.9794922e+01
   2.6462550e+06   4.4311523e+01
   2.6471360e+06   4.3762207e+01
   2.6482760e+06   3.8146973e+01
   2.6535610e+06   4.7973633e+01
   2.6538440e+06   4.0039062e+01
   2.6706920e+06   4.1992188e+01
   2.6728510e+06   4.7058105e+01
   2.6895430e+06   5.7678223e+01
   2.6899480e+06   4.5043945e+01
   2.6917300e+06   4.6752930e+01
   2.6922580e+06   4.6691895e+01
   2.6992180e+06   7.9101562e+01
   2.6993960e+06   6.0424805e+01
   2.6995050e+06   4.0832520e+01
   2.6996540e+06   4.7973633e+01
   2.7203200e+06   9.7961426e+01
   2.7204730e+06   4.9804688e+01
   2.7205890e+06   4.8706055e+01
   2.7207410e+06   4.1687012e+01
   2.7304360e+06   5.0292969e+01
   2.7309300e+06   5.5236816e+01
   2.7316220e+06   3.9245605e+01
   2.7322820e+06   3.7658691e+01
   2.7459840e+06   4.9133301e+01
   2.7627600e+06   4.2053223e+01
   2.7631670e+06   4.1198730e+01
   2.7825190e+06   8.3007812e+01
   2.7828010e+06   7.5561523e+01
   2.7829110e+06   4.7485352e+01
   2.7884630e+06   5.1452637e+01
   2.7891070e+06   4.5166016e+01
   2.7892000e+06   3.9001465e+01
   2.7980970e+06   3.9245605e+01
   2.7996690e+06   6.5856934e+01
   2.8047670e+06   5.8837891e+01
   2.8053700e+06   4.9987793e+01
   2.8058230e+06   4.1076660e+01
   2.8064640e+06   5.2246094e+01
   2.8070320e+06   8.0871582e+01
   2.8070610e+06   3.8635254e+01
   2.8072430e+06   7.7453613e+01
   2.8488250e+06   4.4677734e+01
   2.8494830e+06   3.8696289e+01
   2.8579030e+06   7.3852539e+01
   2.8580620e+06   6.8359375e+01
   2.8581810e+06   5.5603027e+01
   2.8596940e+06   6.7993164e+01
   2.8613560e+06   4.0710449e+01
   2.8685200e+06   4.5532227e+01
   2.8750830e+06   5.6396484e+01
   2.8781180e+06   6.4086914e+01
   2.8781940e+06   5.7373047e+01
   2.8788170e+06   4.9743652e+01
   2.8837200e+06   4.4982910e+01
   2.8882080e+06   7.3120117e+01
   2.8907080e+06   8.4716797e+01
   2.8908090e+06   4.3151855e+01
   2.8932000e+06   3.9123535e+01
   2.9010660e+06   4.7546387e+01
   2.9106800e+06   4.5410156e+01
   2.9117010e+06   4.3518066e+01
   2.9125530e+06   4.4860840e+01
   2.9135800e+06   4.1015625e+01
   2.9140690e+06   4.4860840e+01
   2.9172570e+06   7.5866699e+01
   2.9174190e+06   6.5856934e+01
   2.9239530e+06   3.9855957e+01
   2.9326850e+06   4.7790527e+01
   2.9331330e+06   4.2724609e+01
   2.9335730e+06   4.0832520e+01
   2.9339310e+06   3.9428711e+01
   2.9342500e+06   7.2204590e+01
   2.9343830e+06   6.2988281e+01
   2.9361900e+06   4.7790527e+01
   2.9365790e+06   5.6396484e+01
   2.9371260e+06   6.5734863e+01
   2.9372200e+06   4.4921875e+01
   2.9464540e+06   4.8034668e+01
   2.9534700e+06   4.2053223e+01
   2.9580940e+06   4.1931152e+01
   2.9582490e+06   7.6965332e+01
   2.9584420e+06   6.1523438e+01
   2.9585680e+06   4.1503906e+01
   2.9664550e+06   5.6823730e+01
   2.9684590e+06   4.9682617e+01
   2.9691910e+06   4.8828125e+01
   2.9693090e+06   9.3261719e+01
   2.9693430e+06   4.7485352e+01
   2.9694640e+06   6.2927246e+01
   2.9698330e+06   4.0588379e+01
   2.9774760e+06   3.8818359e+01
   2.9872390e+06   7.1960449e+01
   2.9874070e+06   5.1940918e+01
   2.9875220e+06   4.0893555e+01
   2.9928310e+06   3.8269043e+01
   3.0069730e+06   4.1503906e+01
   3.0070460e+06   7.6599121e+01
   3.0071930e+06   6.1950684e+01
   3.0157840e+06   4.0283203e+01
   3.0394360e+06   7.8430176e+01
   3.0396330e+06   6.1889648e+01
   3.0397590e+06   4.0039062e+01
   3.0474580e+06   3.9123535e+01
   3.0512750e+06   3.9733887e+01
   3.0515280e+06   3.7719727e+01
   3.0537480e+06   4.8889160e+01
   3.0540240e+06   3.9611816e+01
   3.0625020e+06   4.1687012e+01
   3.0676320e+06   8.6547852e+01
   3.0677730e+06   6.3354492e+01
   3.0679070e+06   3.9001465e+01
   3.0824800e+06   7.2387695e+01
   3.0826340e+06   6.5856934e+01
   3.0827510e+06   4.2419434e+01
   3.0835210e+06   4.8645020e+01
   3.0854640e+06   5.2429199e+01
   3.0862800e+06   5.5969238e+01
   3.0868600e+06   5.0781250e+01
   3.0875120e+06   3.7841797e+01
   3.0925100e+06   8.8928223e+01
   3.0926620e+06   5.9082031e+01
   3.0964120e+06   3.7658691e+01
   3.0965310e+06   4.1015625e+01
   3.1005440e+06   5.8166504e+01
   3.1036700e+06   3.8696289e+01
   3.1038870e+06   7.3791504e+01
   3.1040840e+06   6.9885254e+01
   3.1122560e+06   4.3090820e+01
   3.1138500e+06   4.4189453e+01
   3.1146830e+06   4.1137695e+01
   3.1240610e+06   4.1503906e+01
   3.1264990e+06   3.7963867e+01
   3.1282520e+06   7.5317383e+01
   3.1379780e+06   4.5837402e+01
   3.1435630e+06   7.5744629e+01
   3.1437250e+06   5.3649902e+01
   3.1512920e+06   4.2724609e+01
   3.1514730e+06   7.2631836e+01
   3.1516880e+06   6.8237305e+01
   3.1658240e+06   6.9396973e+01
   3.1659830e+06   5.7128906e+01
   3.1663550e+06   5.5725098e+01
   3.1665120e+06   4.1992188e+01
   3.1668300e+06   5.1330566e+01
   3.1678220e+06   5.2001953e+01
   3.1776880e+06   3.8330078e+01
   3.1809200e+06   5.0170898e+01
   3.1814690e+06   4.7241211e+01
   3.1821430e+06   4.2297363e+01
   3.1850030e+06   6.8542480e+01
   3.1853530e+06   6.5063477e+01
   3.1854730e+06   4.3762207e+01
   3.1938350e+06   3.7780762e+01
   3.2136140e+06   4.1198730e+01
   3.2186370e+06   7.2875977e+01
   3.2188180e+06   6.7626953e+01
   3.2189230e+06   4.2602539e+01
   3.2224810e+06   4.6264648e+01
   3.2299450e+06   4.1076660e+01
   3.2358280e+06   5.4565430e+01
   3.2424800e+06   3.8330078e+01
   3.2425170e+06   8.3251953e+01
   3.2427090e+06   7.2753906e+01
   3.2428450e+06   4.4494629e+01
   3.2508060e+06   7.6843262e+01
   3.2523200e+06   3.8146973e+01
   3.2524900e+06   4.3762207e+01
   3.2577970e+06   5.1696777e+01
   3.2584750e+06   5.5908203e+01
   3.2590200e+06   4.7851562e+01
   3.2600190e+06   4.0954590e+01
   3.2638430e+06   4.8950195e+01
   3.2642700e+06   5.0903320e+01
   3.2645590e+06   3.9489746e+01
   3.2679280e+06   7.2937012e+01
   3.2681480e+06   7.7392578e+01
   3.2682740e+06   4.3457031e+01
   3.2683450e+06   4.8583984e+01
   3.2775090e+06   7.5866699e+01
   3.2776410e+06   6.1523438e+01
   3.2935080e+06   5.2429199e+01
   3.2951160e+06   4.4372559e+01
   3.2991710e+06   6.3049316e+01
   3.2998110e+06   4.4799805e+01
   3.3003190e+06   4.4921875e+01
   3.3008580e+06   4.3579102e+01
   3.3016770e+06   3.9184570e+01
   3.3032330e+06   7.7453613e+01
   3.3074830e+06   4.2053223e+01
   3.3076730e+06   5.0842285e+01
   3.3077010e+06   3.9306641e+01
   3.3205870e+06   3.9123535e+01
   3.3215400e+06   4.4372559e+01
   3.3221770e+06   3.7841797e+01
   3.3428810e+06   8.0810547e+01
   3.3430810e+06   6.4270020e+01
   3.3432540e+06   6.0546875e+01
   3.3433800e+06   3.8024902e+01
   3.3686980e+06   4.5410156e+01
   3.3734870e+06   4.9499512e+01
   3.3739750e+06   5.1452637e+01
   3.3897360e+06   3.8330078e+01
   3.4060320e+06   8.5144043e+01
   3.4061860e+06   7.0251465e+01
   3.4063000e+06   3.7841797e+01
   3.4100940e+06   4.7119141e+01
   3.4162020e+06   3.9611816e+01
   3.4236480e+06   8.3435059e+01
   3.4239610e+06   6.7993164e+01
   3.4439850e+06   4.0832520e+01
   3.4451570e+06   7.5317383e+01
   3.4454100e+06   6.7199707e+01
   3.4458200e+06   6.8481445e+01
   3.4606270e+06   5.3405762e+01
   3.4937020e+06   3.8269043e+01
   3.4962300e+06   5.1818848e+01
   3.4964120e+06   9.1552734e+01
   3.4965980e+06   6.8969727e+01
   3.4973270e+06   5.0598145e+01
   3.5052090e+06   6.8847656e+01
   3.5053350e+06   5.2795410e+01
   3.5092020e+06   4.5532227e+01
   3.5140030e+06   3.8513184e+01
   3.5193620e+06   6.1096191e+01
   3.5197670e+06   4.5898438e+01
   3.5201380e+06   4.3518066e+01
   3.5206070e+06   3.8940430e+01
   3.5212380e+06   4.5043945e+01
   3.5289310e+06   8.3129883e+01
   3.5291910e+06   7.4096680e+01
   3.5292940e+06   4.4128418e+01
   3.5420600e+06   4.1076660e+01
   3.5422360e+06   7.3974609e+01
   3.5424100e+06   6.0058594e+01
   3.5425450e+06   3.8879395e+01
   3.5446890e+06   5.8532715e+01
   3.5550790e+06   7.1594238e+01
   3.5552600e+06   5.7495117e+01
   3.5553770e+06   3.9611816e+01
   3.5636480e+06   4.5898438e+01
   3.5820220e+06   4.2663574e+01
   3.5851080e+06   3.9672852e+01
   3.5915880e+06   5.8166504e+01
   3.5920880e+06   3.8757324e+01
   3.5954560e+06   7.8552246e+01
   3.5957260e+06   6.3659668e+01
   3.6034390e+06   7.2021484e+01
   3.6035070e+06   5.0231934e+01
   3.6035550e+06   5.0598145e+01
   3.6060230e+06   4.6813965e+01
   3.6064080e+06   4.1015625e+01
   3.6067810e+06   4.4433594e+01
   3.6071570e+06   3.7597656e+01
   3.6126410e+06   4.8583984e+01
   3.6150240e+06   4.0771484e+01
   3.6169870e+06   3.8696289e+01
   3.6343700e+06   7.1655273e+01
   3.6345580e+06   6.6772461e+01
   3.6345740e+06   3.9978027e+01
   3.6346610e+06   4.0405273e+01
   3.6350370e+06   4.4677734e+01
   3.6351270e+06   4.7546387e+01
   3.6353950e+06   4.4555664e+01
   3.6356800e+06   3.8574219e+01
   3.6367530e+06   3.9367676e+01
   3.6372380e+06   4.4189453e+01
   3.6375930e+06   4.4433594e+01
   3.6382670e+06   6.1096191e+01
   3.6383680e+06   4.4738770e+01
   3.6384730e+06   3.8024902e+01
   3.6385270e+06   3.7597656e+01
   3.6387420e+06   4.4921875e+01
   3.6392770e+06   4.5166016e+01
   3.6565070e+06   3.9245605e+01
   3.6644310e+06   3.9001465e+01
   3.6694080e+06   4.3579102e+01
   3.6704830e+06   4.8828125e+01
   3.6768110e+06   4.2480469e+01
   3.6837100e+06   8.4838867e+01
   3.6838660e+06   5.5297852e+01
   3.6839860e+06   3.8085938e+01
   3.6928370e+06   5.1879883e+01
   3.6941780e+06   4.4494629e+01
   3.7171310e+06   4.0893555e+01
   3.7172160e+06   7.6904297e+01
   3.7173660e+06   6.7687988e+01
   3.7174910e+06   4.3151855e+01
   3.7296830e+06   4.1137695e+01
   3.7358400e+06   6.9213867e+01
   3.7513280e+06   3.9123535e+01
   3.7528340e+06   5.5664062e+01
   3.7543000e+06   5.1330566e+01
   3.7555460e+06   3.8696289e+01
   3.7766300e+06   4.2175293e+01
   3.8004450e+06   8.1909180e+01
   3.8005930e+06   7.3486328e+01
   3.8007020e+06   4.0771484e+01
   3.8010160e+06   3.8208008e+01
   3.8054340e+06   7.5073242e+01
   3.8056880e+06   5.2490234e+01
   3.8138010e+06   5.1330566e+01
   3.8145140e+06   4.9316406e+01
   3.8153030e+06   3.7780762e+01
   3.8236450e+06   4.2297363e+01
   3.8243720e+06   4.2236328e+01
   3.8499030e+06   4.3395996e+01
   3.8517850e+06   4.1503906e+01
   3.8568660e+06   3.7597656e+01
   3.8623080e+06   8.6364746e+01
   3.8624570e+06   6.5368652e+01
   3.8625680e+06   4.5104980e+01
   3.8725200e+06   4.8645020e+01
   3.8742950e+06   4.9987793e+01
   3.8766890e+06   7.8857422e+01
   3.8772040e+06   3.8085938e+01
   3.8788660e+06   4.4006348e+01
   3.8954900e+06   5.2551270e+01
   3.8961480e+06   5.4992676e+01
   3.9056730e+06   4.3273926e+01
   3.9072020e+06   7.5988770e+01
   3.9074340e+06   7.4768066e+01
   3.9075710e+06   5.5480957e+01
   3.9078930e+06   5.4870605e+01
   3.9085490e+06   4.3945313e+01
   3.9090870e+06   5.2795410e+01
   3.9096120e+06   4.1015625e+01
   3.9105390e+06   3.8085938e+01
   3.9168480e+06   9.4116211e+01
   3.9175190e+06   6.5795898e+01
   3.9176170e+06   3.9733887e+01
   3.9181130e+06   5.1574707e+01
   3.9412520e+06   4.9987793e+01
   3.9596050e+06   4.6691895e+01
   3.9710830e+06   5.3344727e+01
   3.9717680e+06   5.3100586e+01
   3.9732950e+06   4.1442871e+01
   3.9738520e+06   4.1564941e+01
   3.9755060e+06   4.2602539e+01
   3.9889600e+06   7.8308105e+01
   4.0065680e+06   3.7902832e+01
   4.0110020e+06   5.4321289e+01
   4.0130170e+06   7.3852539e+01
   4.0131800e+06   7.0068359e+01
   4.0133160e+06   5.1086426e+01
   4.0271480e+06   7.3852539e+01
   4.0520830e+06   5.9814453e+01
   4.0534600e+06   5.2185059e+01
   4.0594230e+06   4.3334961e+01
   4.0601050e+06   8.9721680e+01
   4.0603760e+06   6.8603516e+01
   4.0981740e+06   5.3466797e+01
   4.1039230e+06   7.3425293e+01
   4.1218610e+06   3.7658691e+01
   4.1404490e+06   8.6853027e+01
   4.1406060e+06   6.2255859e+01
   4.1436750e+06   4.4982910e+01
   4.1442160e+06   5.8166504e+01
   4.1447010e+06   4.9621582e+01
   4.1452240e+06   4.7546387e+01
   4.1678130e+06   4.7729492e+01
   4.1779590e+06   5.3649902e+01
   4.1787340e+06   5.1574707e+01
   4.1788820e+06   5.5175781e+01
   4.1792230e+06   4.0283203e+01
   4.1795970e+06   3.9794922e+01
   4.1802850e+06   4.2053223e+01
   4.1812510e+06   4.2907715e+01
   4.1888730e+06   8.4777832e+01
   4.1890270e+06   6.7443848e+01
   4.1891490e+06   5.8898926e+01
   4.1982710e+06   4.9194336e+01
   4.1999210e+06   6.0729980e+01
   4.2002030e+06   4.9499512e+01
   4.2002390e+06   7.2326660e+01
   4.2005380e+06   4.8767090e+01
   4.2008900e+06   5.4626465e+01
   4.2015360e+06   5.6091309e+01
   4.2017610e+06   4.1625977e+01
   4.2021750e+06   6.2683105e+01
   4.2024260e+06   5.9692383e+01
   4.2031110e+06   5.1452637e+01
   4.2036180e+06   4.1137695e+01
   4.2178010e+06   4.2114258e+01
   4.2185290e+06   4.2602539e+01
   4.2190240e+06   3.8391113e+01
   4.2276130e+06   3.8391113e+01
   4.2307660e+06   4.9377441e+01
   4.2312560e+06   5.0598145e+01
   4.2336860e+06   4.8339844e+01
   4.2367670e+06   7.8063965e+01
   4.2369500e+06   6.1523438e+01
   4.2371070e+06   5.3039551e+01
   4.2579700e+06   4.5776367e+01
   4.2626940e+06   3.7841797e+01
   4.3292550e+06   6.3537598e+01
   4.3523220e+06   8.3496094e+01
   4.3557950e+06   4.2114258e+01
   4.3683310e+06   7.9772949e+01
   4.3685250e+06   7.3059082e+01
   4.3686540e+06   4.8156738e+01
   4.3687880e+06   3.9306641e+01
   4.3817650e+06   4.1015625e+01
   4.3825470e+06   6.1096191e+01
   4.4082910e+06   5.0842285e+01
   4.4086500e+06   6.8908691e+01
   4.4090060e+06   8.3374023e+01
   4.4090940e+06   5.6884766e+01
   4.4091110e+06   4.2724609e+01
   4.4107500e+06   4.6813965e+01
   4.4171160e+06   7.1960449e+01
   4.4200480e+06   4.4128418e+01
   4.4283670e+06   7.8186035e+01
   4.4286060e+06   7.5256348e+01
   4.4287510e+06   6.0913086e+01
   4.4383580e+06   7.7148437e+01
   4.4385240e+06   6.2683105e+01
   4.4386780e+06   4.6936035e+01
   4.4393220e+06   4.4128418e+01
   4.4609350e+06   6.3537598e+01
   4.4621330e+06   4.5654297e+01
   4.4627930e+06   4.6997070e+01
   4.4631610e+06   4.1992188e+01
   4.4648040e+06   4.4128418e+01
   4.4808920e+06   4.7363281e+01
   4.5414720e+06   4.1320801e+01
   4.5424730e+06   6.6040039e+01
   4.5440360e+06   7.2753906e+01
   4.5442000e+06   7.4340820e+01
   4.5528080e+06   3.7658691e+01
   4.5605530e+06   7.3303223e+01
   4.5913120e+06   8.1726074e+01
   4.5915110e+06   8.6364746e+01
   4.5916310e+06   5.0659180e+01
   4.5918060e+06   4.3640137e+01
   4.5919810e+06   4.4128418e+01
   4.6084500e+06   5.5786133e+01
   4.6092690e+06   4.7668457e+01
   4.6096880e+06   4.9987793e+01
   4.6104910e+06   3.9001465e+01
   4.6108550e+06   4.2968750e+01
   4.6122880e+06   5.0659180e+01
   4.6124800e+06   4.5959473e+01
   4.6126660e+06   7.5317383e+01
   4.6131710e+06   7.9162598e+01
   4.6135600e+06   6.3598633e+01
   4.6137990e+06   4.7607422e+01
   4.6139420e+06   4.4250488e+01
   4.6141020e+06   4.2297363e+01
   4.6371420e+06   5.3222656e+01
   4.6647830e+06   3.8269043e+01
   4.6745110e+06   8.2092285e+01
   4.6746930e+06   8.7341309e+01
   4.6831640e+06   4.5898438e+01
   4.6867700e+06   5.3161621e+01
   4.6872580e+06   4.8034668e+01
   4.7102010e+06   7.9223633e+01
   4.7153080e+06   8.9660645e+01
   4.7154540e+06   6.4819336e+01
   4.7155580e+06   3.9123535e+01
   4.7335850e+06   5.2551270e+01
   4.7736390e+06   8.2214355e+01
   4.7745420e+06   5.5480957e+01
   4.7753750e+06   5.3588867e+01
   4.7759220e+06   5.4565430e+01
   4.7762710e+06   4.4006348e+01
   4.7788880e+06   5.3710938e+01
   4.7837040e+06   8.5083008e+01
   4.7839150e+06   6.4941406e+01
   4.7840400e+06   4.7485352e+01
   4.7844590e+06   4.5471191e+01
   4.8261990e+06   5.4138184e+01
   4.8442950e+06   5.8105469e+01
   4.8506160e+06   5.1269531e+01
   4.8598310e+06   8.1848145e+01
   4.8602750e+06   8.0932617e+01
   4.8604550e+06   5.5786133e+01
   4.8606020e+06   4.0405273e+01
   4.8893740e+06   3.8757324e+01
   4.9045710e+06   8.1054688e+01
   4.9374970e+06   5.4992676e+01
   4.9770810e+06   5.2368164e+01
   4.9896700e+06   8.7646484e+01
   4.9901080e+06   4.2358398e+01
   5.0168780e+06   8.1542969e+01
   5.0171060e+06   5.7434082e+01
   5.0172420e+06   5.1513672e+01
   5.0173870e+06   4.1625977e+01
   5.0175480e+06   4.1442871e+01
   5.0208560e+06   3.8024902e+01
   5.0238650e+06   5.0537109e+01
   5.0246240e+06   6.6101074e+01
   5.0250380e+06   3.9367676e+01
   5.0253170e+06   3.8085938e+01
   5.0266580e+06   4.2907715e+01
   5.0269340e+06   3.9550781e+01
   5.0273460e+06   6.0058594e+01
   5.0275620e+06   5.1696777e+01
   5.0277740e+06   5.1208496e+01
   5.0280110e+06   8.8806152e+01
   5.0281950e+06   3.9062500e+01
   5.0284340e+06   7.7697754e+01
   5.0285830e+06   4.4311523e+01
   5.0294100e+06   5.8654785e+01
   5.0296860e+06   4.3701172e+01
   5.0477220e+06   3.8757324e+01
   5.0631380e+06   5.0476074e+01
   5.0635870e+06   3.9428711e+01
   5.0642100e+06   3.8696289e+01
   5.0646300e+06   4.2114258e+01
   5.0655220e+06   3.8391113e+01
   5.0895080e+06   3.9672852e+01
   5.1056130e+06   8.5327148e+01
   5.1058310e+06   8.1237793e+01
   5.1059510e+06   4.8645020e+01
   5.1174770e+06   5.7617188e+01
   5.1181940e+06   4.9926758e+01
   5.1185080e+06   3.8635254e+01
   5.1188560e+06   4.7912598e+01
   5.1191670e+06   3.7658691e+01
   5.1203770e+06   5.0842285e+01
   5.1206250e+06   6.1035156e+01
   5.1209120e+06   3.9672852e+01
   5.1211330e+06   4.6020508e+01
   5.1212070e+06   7.8186035e+01
   5.1214360e+06   6.3110352e+01
   5.1220740e+06   4.0771484e+01
   5.1671800e+06   5.9265137e+01
   5.2522210e+06   7.6293945e+01
   5.3962010e+06   7.5561523e+01
   5.4007440e+06   8.1665039e+01
   5.4069640e+06   8.1115723e+01
   5.4072740e+06   7.7392578e+01
   5.4074150e+06   6.2438965e+01
   5.4392150e+06   5.9692383e+01
   5.4398380e+06   5.6945801e+01
   5.4404450e+06   5.5725098e+01
   5.4410890e+06   4.8950195e+01
   5.4845640e+06   8.1726074e+01
   5.4847650e+06   8.2153320e+01
   5.4933400e+06   7.2875977e+01
   5.4935150e+06   7.0007324e+01
   5.4936290e+06   4.4982910e+01
   5.5514670e+06   5.8349609e+01
   5.5518680e+06   5.2246094e+01
   5.5522730e+06   4.4067383e+01
   5.5528610e+06   4.3212891e+01
   5.5539670e+06   4.7912598e+01
   5.5543570e+06   4.0954590e+01
   5.5543780e+06   7.3547363e+01
   5.5546690e+06   3.8696289e+01
   5.5548380e+06   4.7912598e+01
   5.5550060e+06   4.2663574e+01
   5.5551640e+06   8.8806152e+01
   5.5551790e+06   4.6142578e+01
   5.5553000e+06   6.3171387e+01
   5.5554280e+06   3.9794922e+01
   5.5556490e+06   3.8818359e+01
   5.5556990e+06   5.0537109e+01
   5.5559920e+06   6.4208984e+01
   5.5562570e+06   4.6691895e+01
   5.5564250e+06   4.1992188e+01
   5.5570260e+06   4.1748047e+01
   5.6497780e+06   5.2978516e+01
   5.6502840e+06   6.0546875e+01
   5.6506750e+06   4.7424316e+01
   5.6515610e+06   4.2419434e+01
   5.6531130e+06   5.3771973e+01
   5.6535990e+06   4.0283203e+01
   5.6540800e+06   3.9855957e+01
   5.6542220e+06   7.4523926e+01
   5.6544710e+06   8.0749512e+01
   5.6545710e+06   4.0039062e+01
   5.6546480e+06   5.7128906e+01
   5.6547630e+06   3.7780762e+01
   5.6548010e+06   4.2175293e+01
   5.6549520e+06   4.0161133e+01
   5.6883540e+06   6.1218262e+01
   5.6890490e+06   4.8400879e+01
   5.6895470e+06   4.2846680e+01
   5.6898240e+06   3.9611816e+01
   5.7407230e+06   3.9001465e+01
   5.8190730e+06   7.3669434e+01
   5.8193070e+06   7.8735352e+01
   5.8195540e+06   7.2875977e+01
   5.8197030e+06   5.0354004e+01
   5.8198500e+06   4.1931152e+01
   5.8788830e+06   6.2805176e+01
   5.8794720e+06   7.8125000e+01
   5.8797170e+06   7.4768066e+01
   5.9163540e+06   8.4716797e+01
   5.9166700e+06   7.6110840e+01
   5.9168800e+06   6.3232422e+01
   5.9170660e+06   5.9814453e+01
   5.9175190e+06   5.7312012e+01
   5.9177970e+06   6.0058594e+01
   5.9179580e+06   4.0954590e+01
   5.9183000e+06   4.9133301e+01
   5.9214650e+06   6.6955566e+01
   5.9217940e+06   5.5358887e+01
   5.9224690e+06   5.4138184e+01
   5.9228490e+06   5.0170898e+01
   5.9232270e+06   4.2297363e+01
   5.9237550e+06   4.2846680e+01
   5.9242930e+06   4.3884277e+01
   5.9245670e+06   5.4321289e+01
   5.9248470e+06   8.2458496e+01
   5.9251660e+06   7.6965332e+01
   5.9251760e+06   4.0588379e+01
   5.9254050e+06   5.8349609e+01
   5.9255060e+06   4.7973633e+01
   5.9255770e+06   3.8024902e+01
   5.9257520e+06   4.5349121e+01
   5.9260630e+06   4.7119141e+01
   5.9261630e+06   3.7902832e+01
   5.9263550e+06   5.0720215e+01
   5.9400300e+06   3.9062500e+01
   5.9574920e+06   6.8115234e+01
   5.9580520e+06   6.0180664e+01
   5.9585430e+06   4.0161133e+01
   5.9588370e+06   4.3640137e+01
   5.9592670e+06   3.8940430e+01
   5.9849340e+06   4.1503906e+01
   6.0744070e+06   9.9975586e+01
   6.1421450e+06   6.6528320e+01
   6.1422200e+06   8.5021973e+01
   6.1423700e+06   6.9091797e+01
   6.1425350e+06   6.5856934e+01
   6.1427770e+06   5.5908203e+01
   6.1427870e+06   7.8063965e+01
   6.1665670e+06   5.6823730e+01
   6.1669920e+06   5.0842285e+01
   6.1674400e+06   4.7180176e+01
   6.1677950e+06   5.3161621e+01
   6.1682160e+06   4.3640137e+01
   6.1687860e+06   4.2663574e+01
   6.1953120e+06   8.2519531e+01
   6.2241720e+06   8.2641602e+01
   6.2246520e+06   7.5744629e+01
   6.2247940e+06   5.7434082e+01
   6.2340470e+06   6.5002441e+01
   6.2346170e+06   5.0292969e+01
   6.2350090e+06   4.6936035e+01
   6.2354900e+06   4.1320801e+01
   6.2772570e+06   4.0649414e+01
   6.3810660e+06   8.9965820e+01
   6.3815460e+06   6.6345215e+01
   6.4262860e+06   6.4208984e+01
   6.4271680e+06   5.8227539e+01
   6.4274680e+06   4.4250488e+01
   6.4278730e+06   3.7841797e+01
   6.4281610e+06   3.9245605e+01
   6.4285880e+06   3.9733887e+01
   6.4288800e+06   5.5175781e+01
   6.4291060e+06   5.4992676e+01
   6.4292360e+06   7.9345703e+01
   6.4293280e+06   5.6701660e+01
   6.4294750e+06   6.8786621e+01
   6.4295600e+06   3.8757324e+01
   6.4296960e+06   7.1044922e+01
   6.4297200e+06   3.8452148e+01
   6.4298860e+06   4.9499512e+01
   6.4300800e+06   4.2907715e+01
   6.4307190e+06   4.5593262e+01
   6.4308270e+06   4.0039062e+01
   6.4311840e+06   5.5969238e+01
   6.4315130e+06   4.2053223e+01
   6.4319680e+06   4.2663574e+01
   6.4679240e+06   4.0344238e+01
   6.5130170e+06   3.9794922e+01
   6.5143390e+06   4.3518066e+01
   6.5723240e+06   4.6020508e+01
   6.5960800e+06   4.3395996e+01
   6.6021300e+06   5.8532715e+01
   6.6654570e+06   8.5266113e+01
   6.6657360e+06   8.8989258e+01
   6.6742930e+06   8.3129883e+01
   6.6747470e+06   7.9711914e+01
   6.6749480e+06   6.1584473e+01
   6.6751290e+06   5.8471680e+01
   6.7268640e+06   3.8085938e+01
   6.7598330e+06   8.4533691e+01
   6.7757390e+06   6.1828613e+01
   6.7760830e+06   5.8166504e+01
   6.7763570e+06   4.4555664e+01
   6.7768510e+06   4.8278809e+01
   6.7775870e+06   6.1706543e+01
   6.7777570e+06   8.7524414e+01
   6.7777800e+06   5.4382324e+01
   6.7779750e+06   7.0739746e+01
   6.7780600e+06   4.2663574e+01
   6.7781710e+06   7.7148438e+01
   6.7782990e+06   4.6142578e+01
   6.7783640e+06   4.2053223e+01
   6.7784790e+06   5.4443359e+01
   6.7789850e+06   4.1320801e+01
   6.8113480e+06   5.3649902e+01
   6.8119160e+06   4.9682617e+01
   6.8147470e+06   4.8461914e+01
   6.8156220e+06   8.4655762e+01
   6.8157970e+06   5.4260254e+01
   6.8158220e+06   6.2744141e+01
   6.8161040e+06   6.8908691e+01
   6.8161910e+06   4.4128418e+01
   6.8162690e+06   5.7250977e+01
   6.8646760e+06   5.7128906e+01
   6.8651940e+06   6.0241699e+01
   6.8656060e+06   4.8156738e+01
   6.8659990e+06   4.2175293e+01
   6.9015980e+06   4.8339844e+01
   6.9605370e+06   8.2824707e+01
   6.9610830e+06   7.4584961e+01
   6.9612690e+06   5.5969238e+01
   6.9685180e+06   4.4189453e+01
   6.9696950e+06   8.5998535e+01
   7.0728660e+06   7.1289062e+01
   7.0747620e+06   5.5541992e+01
   7.0799350e+06   5.9692383e+01
   7.0873420e+06   8.0932617e+01
   7.0875610e+06   7.8063965e+01
   7.0877460e+06   6.2927246e+01
   7.0878650e+06   3.8330078e+01
   7.0883230e+06   4.1381836e+01
   7.1534720e+06   8.9355469e+01
   7.1537520e+06   9.4238281e+01
   7.1539220e+06   5.1086426e+01
   7.1615750e+06   5.7250977e+01
   7.1902500e+06   5.6091309e+01
   7.1919020e+06   8.1909180e+01
   7.2180340e+06   8.1726074e+01
   7.2182280e+06   8.3129883e+01
   7.2184040e+06   6.1889648e+01
   7.2731110e+06   5.6945801e+01
   7.2738540e+06   5.6335449e+01
   7.2745330e+06   7.9040527e+01
   7.2806140e+06   8.9233398e+01
   7.2808260e+06   8.1237793e+01
   7.2810070e+06   5.5664063e+01
   7.2811540e+06   4.3579102e+01
   7.2879360e+06   4.4433594e+01
   7.2952680e+06   7.8552246e+01
   7.2956130e+06   7.0617676e+01
   7.3886880e+06   7.7636719e+01
   7.3889680e+06   8.6914062e+01
   7.3891090e+06   6.3903809e+01
   7.3893330e+06   6.4392090e+01
   7.3899510e+06   6.7504883e+01
   7.3901260e+06   3.9001465e+01
   7.3997020e+06   3.8024902e+01
   7.4214050e+06   5.4931641e+01
   7.4221500e+06   4.9072266e+01
   7.4390660e+06   4.4250488e+01
   7.4551150e+06   3.9550781e+01
   7.4658760e+06   5.4870605e+01
   7.5038870e+06   6.2255859e+01
   7.5043930e+06   5.6945801e+01
   7.5050820e+06   4.5715332e+01
   7.5362350e+06   9.1491699e+01
   7.5366080e+06   8.6059570e+01
   7.5372060e+06   5.5541992e+01
   7.5517120e+06   4.4372559e+01
   7.5742360e+06   8.4655762e+01
   7.5744640e+06   8.4716797e+01
   7.5746130e+06   5.7250977e+01
   7.5747550e+06   4.2724609e+01
   7.5827590e+06   3.9916992e+01
   7.5861890e+06   7.6904297e+01
   7.6033270e+06   6.7443848e+01
   7.6043910e+06   4.6081543e+01
   7.6045490e+06   4.1198730e+01
   7.6046590e+06   7.4890137e+01
   7.6046820e+06   4.4860840e+01
   7.6048550e+06   5.7495117e+01
   7.6049210e+06   5.4931641e+01
   7.6051230e+06   7.0739746e+01
   7.6052060e+06   3.9062500e+01
   7.6053240e+06   4.7302246e+01
   7.6053490e+06   4.0100098e+01
   7.6055210e+06   8.4899902e+01
   7.6056320e+06   5.5053711e+01
   7.6057350e+06   4.4494629e+01
   7.6061490e+06   3.9489746e+01
   7.6063040e+06   4.0283203e+01
   7.6065520e+06   4.4738770e+01
   7.6068970e+06   4.3273926e+01
   7.6074970e+06   3.8146973e+01
   7.6274190e+06   4.1015625e+01
   7.6422220e+06   5.0476074e+01
   7.6424670e+06   4.6386719e+01
   7.6428050e+06   3.9550781e+01
   7.6428940e+06   8.1115723e+01
   7.6431390e+06   4.6325684e+01
   7.6432660e+06   8.6364746e+01
   7.6434000e+06   3.7963867e+01
   7.6435410e+06   6.9213867e+01
   7.6437140e+06   4.5043945e+01
   7.6444890e+06   4.1015625e+01
   7.6446970e+06   5.7006836e+01
   7.6450550e+06   4.4921875e+01
   7.6452800e+06   4.4677734e+01
   7.6455520e+06   5.8410645e+01
   7.6456000e+06   3.7963867e+01
   7.6458820e+06   4.6508789e+01
   7.6463190e+06   3.7658691e+01
   7.6467430e+06   3.9245605e+01
   7.6608960e+06   3.9611816e+01
   7.6667600e+06   5.7312012e+01
   7.6671260e+06   4.7241211e+01
   7.6679080e+06   3.8574219e+01
   7.6773520e+06   7.1411133e+01
   7.6776050e+06   7.8002930e+01
   7.6808030e+06   3.9978027e+01
   7.6851500e+06   7.5378418e+01
   7.6855010e+06   7.4645996e+01
   7.6856330e+06   4.9438477e+01
   7.6857900e+06   4.1442871e+01
   7.6884920e+06   5.1025391e+01
   7.6896700e+06   5.0964355e+01
   7.6904060e+06   4.6081543e+01
   7.6909370e+06   4.3518066e+01
   7.6914810e+06   4.0283203e+01
   7.7116840e+06   3.7780762e+01
   7.7398660e+06   4.0344238e+01
   7.7675890e+06   3.9367676e+01
   7.7846890e+06   4.7729492e+01
   7.8010910e+06   7.7514648e+01
   7.8013860e+06   6.5490723e+01
   7.8015120e+06   5.7922363e+01
   7.8016490e+06   4.2968750e+01
   7.8018850e+06   5.7189941e+01
   8.0163590e+06   4.3884277e+01
   8.0609250e+06   7.1289062e+01
   8.0612760e+06   6.9641113e+01
   8.0614480e+06   5.1147461e+01
   8.0890370e+06   5.3161621e+01
   8.0978210e+06   7.2875977e+01
   8.0988570e+06   6.1462402e+01
   8.1010090e+06   3.9672852e+01
   8.1337650e+06   5.1635742e+01
   8.1350820e+06   5.6640625e+01
   8.1356460e+06   4.5532227e+01
   8.1425120e+06   4.7729492e+01
   8.1887350e+06   8.6730957e+01
   8.1889310e+06   7.5805664e+01
   8.1891460e+06   6.5856934e+01
   8.1893300e+06   4.6569824e+01
   8.1895120e+06   4.4128418e+01
   8.2061690e+06   4.3212891e+01
   8.2276060e+06   5.8715820e+01
   8.2379740e+06   5.4931641e+01
   8.2383020e+06   5.2856445e+01
   8.2400890e+06   5.1208496e+01
   8.2410300e+06   5.0964355e+01
   8.2412660e+06   4.6936035e+01
   8.2413060e+06   8.4350586e+01
   8.2413400e+06   5.4931641e+01
   8.2414100e+06   4.0771484e+01
   8.2415680e+06   6.4147949e+01
   8.2415990e+06   4.1625977e+01
   8.2416700e+06   4.1137695e+01
   8.2416820e+06   5.7983398e+01
   8.2416970e+06   5.1940918e+01
   8.2420890e+06   5.2917480e+01
   8.2421730e+06   5.3405762e+01
   8.2422290e+06   3.7963867e+01
   8.2423960e+06   4.5104980e+01
   8.2426300e+06   6.5734863e+01
   8.2428280e+06   4.3579102e+01
   8.2429500e+06   4.1503906e+01
   8.2431070e+06   4.7851562e+01
   8.2433380e+06   3.8452148e+01
   8.2436140e+06   4.2907715e+01
   8.2580300e+06   4.6447754e+01
   8.2635830e+06   4.0832520e+01
   8.2785230e+06   6.2011719e+01
   8.2802150e+06   3.8635254e+01
   8.2838030e+06   4.8950195e+01
   8.2841710e+06   4.5227051e+01
   8.2847440e+06   4.2053223e+01
   8.2858110e+06   8.5021973e+01
   8.2859130e+06   5.7556152e+01
   8.2861090e+06   7.7392578e+01
   8.2862190e+06   5.0109863e+01
   8.2864550e+06   4.5288086e+01
   8.2865010e+06   4.9438477e+01
   8.2866270e+06   7.0434570e+01
   8.2869520e+06   6.3110352e+01
   8.2870570e+06   4.2358398e+01
   8.2872890e+06   6.8359375e+01
   8.2876730e+06   6.1706543e+01
   8.2882920e+06   4.2053223e+01
   8.3028600e+06   3.9794922e+01
   8.3079960e+06   4.5410156e+01
   8.3224960e+06   5.9082031e+01
   8.3232720e+06   4.6936035e+01
   8.3235470e+06   4.3457031e+01
   8.3245640e+06   5.3039551e+01
   8.3246730e+06   3.8818359e+01
   8.3247390e+06   8.5388184e+01
   8.3248750e+06   6.3537598e+01
   8.3249630e+06   5.8105469e+01
   8.3252440e+06   5.1879883e+01
   8.3253900e+06   6.8298340e+01
   8.3255610e+06   6.2316895e+01
   8.3257060e+06   4.1503906e+01
   8.3257670e+06   5.8044434e+01
   8.3426610e+06   4.5471191e+01
   8.3509770e+06   8.1848145e+01
   8.3667290e+06   5.3710938e+01
   8.3695490e+06   6.8115234e+01
   8.3698800e+06   4.8706055e+01
   8.3702410e+06   3.7963867e+01
   8.3704910e+06   3.9855957e+01
   8.3710130e+06   8.4167480e+01
   8.3712410e+06   7.6232910e+01
   8.3712850e+06   3.9123535e+01
   8.3714050e+06   5.8471680e+01
   8.3722830e+06   4.1259766e+01
   8.3817060e+06   8.3374023e+01
   8.4407020e+06   4.5654297e+01
   8.4607110e+06   4.0161133e+01
   8.5025130e+06   4.0405273e+01
   8.5335230e+06   9.1674805e+01
   8.5337270e+06   6.8908691e+01
   8.5341020e+06   7.0617676e+01
   8.5342700e+06   4.7546387e+01
   8.5344110e+06   3.8452148e+01
   8.5705700e+06   3.9550781e+01
   8.6081070e+06   4.0344238e+01
   8.6216530e+06   3.7658691e+01
   8.6249230e+06   5.7739258e+01
   8.6354180e+06   7.7392578e+01
   8.6357120e+06   8.0139160e+01
   8.6358250e+06   5.0048828e+01
   8.6817130e+06   9.2590332e+01
   8.6824540e+06   4.0039062e+01
   8.6850940e+06   7.9223633e+01
   8.6855100e+06   5.6884766e+01
   8.6858940e+06   5.8898926e+01
   8.6864350e+06   5.1879883e+01
   8.6868080e+06   5.1757812e+01
   8.6873400e+06   4.0283203e+01
   8.7052580e+06   8.3557129e+01
   8.7055150e+06   7.9467773e+01
   8.7056270e+06   5.0598145e+01
   8.7265110e+06   4.0344238e+01
   8.7345130e+06   3.8391113e+01
   8.8372210e+06   7.1594238e+01
   8.8375810e+06   6.0119629e+01
   8.8378640e+06   5.2978516e+01
   8.8382270e+06   4.8156738e+01
   8.8385700e+06   4.2175293e+01
   8.8391520e+06   4.1625977e+01
   8.8398180e+06   1.1151123e+02
   8.8399450e+06   3.9978027e+01
   8.8399800e+06   6.8054199e+01
   8.8401100e+06   3.9062500e+01
   8.8401340e+06   7.4096680e+01
   8.8402270e+06   4.1809082e+01
   8.8403020e+06   4.4067383e+01
   8.8403510e+06   3.9978027e+01
   8.8403650e+06   4.2724609e+01
   8.8406230e+06   4.9865723e+01
   8.8408120e+06   4.1625977e+01
   8.8411180e+06   3.9306641e+01
   8.8413300e+06   3.9123535e+01
   8.8420180e+06   4.3823242e+01
   8.8424420e+06   4.1137695e+01
   8.8431300e+06   5.9265137e+01
   8.8618780e+06   5.6640625e+01
   8.8627790e+06   6.0058594e+01
   8.8633990e+06   5.4321289e+01
   8.8638050e+06   3.9855957e+01
   8.8782310e+06   4.7973633e+01
   8.8789930e+06   4.4372559e+01
   8.8796830e+06   4.0100098e+01
   8.8806130e+06   7.2082520e+01
   8.9063780e+06   5.1513672e+01
   8.9084230e+06   4.2236328e+01
   8.9142690e+06   4.3273926e+01
   8.9166510e+06   8.8562012e+01
   8.9168680e+06   6.9091797e+01
   8.9170340e+06   5.0659180e+01
   8.9170560e+06   5.7678223e+01
   8.9173360e+06   6.1950684e+01
   8.9175330e+06   4.4921875e+01
   8.9177950e+06   4.2968750e+01
   8.9181760e+06   6.0913086e+01
   8.9182020e+06   3.9550781e+01
   8.9185110e+06   5.4016113e+01
   8.9186990e+06   4.4555664e+01
   8.9192440e+06   3.8085938e+01
   8.9193320e+06   4.6875000e+01
   8.9199180e+06   4.1564941e+01
   8.9201950e+06   4.2785645e+01
   8.9223300e+06   7.2021484e+01
   8.9224610e+06   3.9733887e+01
   8.9478020e+06   3.7780762e+01
   8.9602810e+06   8.2336426e+01
   8.9708430e+06   3.8879395e+01
