   8.9990000e+06   0.0000000e+00
   7.0235000e+04   3.6254883e+01
   1.5291600e+05   3.6682129e+01
   7.0226200e+05   3.6071777e+01
   1.1517150e+06   3.6987305e+01
   1.3813270e+06   3.6682129e+01
   1.5131380e+06   3.6315918e+01
   1.5808650e+06   3.6499023e+01
   1.6658000e+06   3.8513184e+01
   1.8026080e+06   3.6010742e+01
   2.3340340e+06   3.6437988e+01
   2.3846530e+06   3.7353516e+01
   2.4846030e+06   3.6437988e+01
   2.5981460e+06   3.6132812e+01
   2.6522880e+06   3.7109375e+01
   3.4471550e+06   3.8696289e+01
   3.8997350e+06   3.9733887e+01
   3.9056890e+06   3.7170410e+01
   4.0300820e+06   4.1015625e+01
   4.5517560e+06   3.6804199e+01
   4.8405880e+06   3.8574219e+01
   5.4311910e+06   3.5888672e+01
   5.6292880e+06   3.6315918e+01
   6.3871410e+06   3.7658691e+01
   6.7559430e+06   3.6254883e+01
   7.1243260e+06   3.6010742e+01
   7.2723340e+06   4.1442871e+01
   7.3785340e+06   3.7353516e+01
   7.4557060e+06   3.6193848e+01
   8.4341360e+06   3.6499023e+01
   8.5747210e+06   3.7597656e+01
   8.5760130e+06   3.8513184e+01
   8.6851450e+06   3.8330078e+01
   8.8773830e+06   3.9489746e+01
