   8.9990000e+06   0.0000000e+00
   5.6288000e+04   3.8269043e+01
   6.5091000e+04   4.1748047e+01
   1.9630600e+05   3.7536621e+01
   1.9932700e+05   3.7719727e+01
   2.1143400e+05   4.0832520e+01
   3.7133300e+05   3.8085938e+01
   3.9811300e+05   4.2419434e+01
   4.6260800e+05   3.8146973e+01
   5.4820500e+05   3.8085938e+01
   5.7713900e+05   4.0588379e+01
   6.4827500e+05   3.8269043e+01
   6.9599500e+05   4.1992188e+01
   7.7584600e+05   4.0161133e+01
   8.1480700e+05   3.8208008e+01
   8.9845700e+05   4.0344238e+01
   9.8140500e+05   3.9794922e+01
   1.1570150e+06   4.0527344e+01
   1.2323840e+06   4.3640137e+01
   1.3636530e+06   4.1625977e+01
   1.4015710e+06   3.8879395e+01
   1.7801030e+06   3.8085938e+01
   1.8173000e+06   4.0100098e+01
   1.8463170e+06   4.3029785e+01
   1.8719140e+06   3.8818359e+01
   1.9391680e+06   3.7963867e+01
   1.9433120e+06   3.8696289e+01
   2.0193920e+06   4.1259766e+01
   2.0878530e+06   3.9733887e+01
   2.1359710e+06   4.2846680e+01
   2.1822800e+06   3.8574219e+01
   2.2908460e+06   3.8208008e+01
   2.3205810e+06   3.7841797e+01
   2.4758120e+06   3.7597656e+01
   2.5425090e+06   4.1564941e+01
   2.5520920e+06   3.7963867e+01
   2.5654660e+06   3.7780762e+01
   2.5965390e+06   3.8208008e+01
   2.6214080e+06   3.8269043e+01
   2.6229150e+06   4.0893555e+01
   2.8092010e+06   4.0161133e+01
   2.9349340e+06   3.7780762e+01
   2.9669950e+06   3.9489746e+01
   2.9988040e+06   3.8269043e+01
   3.1438150e+06   3.8879395e+01
   3.2734810e+06   4.4677734e+01
   3.4409890e+06   3.9672852e+01
   3.4416050e+06   4.3090820e+01
   3.5291700e+06   3.7902832e+01
   3.6205930e+06   3.9794922e+01
   3.6364100e+06   4.0893555e+01
   3.6383710e+06   3.9550781e+01
   3.6387920e+06   3.8146973e+01
   3.6574000e+06   4.0100098e+01
   3.6792670e+06   4.0100098e+01
   3.6797840e+06   3.8635254e+01
   3.8074930e+06   3.7719727e+01
   3.8150510e+06   4.2114258e+01
   3.9102540e+06   4.4067383e+01
   4.1474570e+06   3.7963867e+01
   4.1999630e+06   3.8696289e+01
   4.2007810e+06   4.1015625e+01
   4.2021030e+06   4.1503906e+01
   4.2023330e+06   3.8391113e+01
   4.2323310e+06   4.2297363e+01
   4.4124400e+06   4.3762207e+01
   4.6132530e+06   4.4616699e+01
   4.6133150e+06   3.9855957e+01
   4.6134000e+06   4.3945312e+01
   4.8166500e+06   3.9428711e+01
   4.8444850e+06   3.8024902e+01
   5.0285330e+06   3.8330078e+01
   5.0298450e+06   4.0832520e+01
   5.0534090e+06   3.8146973e+01
   5.1176510e+06   4.2419434e+01
   5.1190900e+06   4.8767090e+01
   5.1497570e+06   3.8024902e+01
   5.5554840e+06   3.7963867e+01
   5.5562710e+06   4.8156738e+01
   5.5567830e+06   3.7719727e+01
   5.5909710e+06   3.7536621e+01
   5.6503270e+06   3.7841797e+01
   5.6570820e+06   4.2419434e+01
   5.9253510e+06   4.0710449e+01
   5.9255850e+06   4.1076660e+01
   5.9261030e+06   3.9550781e+01
   5.9393130e+06   3.7780762e+01
   5.9672460e+06   3.9978027e+01
   6.1702170e+06   3.8452148e+01
   6.3053870e+06   3.9001465e+01
   6.4295840e+06   3.9001465e+01
   6.4296740e+06   4.4067383e+01
   6.4301590e+06   3.7536621e+01
   6.7780150e+06   3.8513184e+01
   6.7782750e+06   5.5664062e+01
   6.8145420e+06   3.8269043e+01
   6.8422060e+06   3.9733887e+01
   6.9282900e+06   3.9306641e+01
   7.1717970e+06   3.9428711e+01
   7.6025220e+06   3.9245605e+01
   7.6058030e+06   4.1931152e+01
   7.6431320e+06   4.3762207e+01
   7.6435180e+06   4.1442871e+01
   7.6902190e+06   3.7719727e+01
   8.2418090e+06   3.9062500e+01
   8.2421490e+06   3.9916992e+01
   8.2563640e+06   5.3527832e+01
   8.2852040e+06   3.9367676e+01
   8.2854040e+06   4.0344238e+01
   8.2855660e+06   3.7963867e+01
   8.2864510e+06   3.8818359e+01
   8.3870100e+06   3.8513184e+01
   8.5244560e+06   3.8574219e+01
   8.8404120e+06   4.1870117e+01
   8.8405850e+06   4.1564941e+01
   8.8406440e+06   4.6508789e+01
   8.8408330e+06   5.3833008e+01
   8.8412950e+06   4.1015625e+01
   8.8628970e+06   4.0832520e+01
   8.8813050e+06   3.8024902e+01
   8.8816060e+06   4.1320801e+01
   8.9187740e+06   3.8696289e+01
