   8.9990000e+06   0.0000000e+00
   1.6747000e+04   3.7353516e+01
   1.7633000e+04   4.1198730e+01
   3.0238000e+04   3.7048340e+01
   3.7368000e+04   3.8146973e+01
   3.9891000e+04   3.7536621e+01
   4.5249000e+04   3.6071777e+01
   5.4475000e+04   3.6376953e+01
   6.2877000e+04   4.0649414e+01
   6.3677000e+04   3.5827637e+01
   6.9850000e+04   3.5766602e+01
   7.0543000e+04   4.0954590e+01
   1.1076600e+05   3.5888672e+01
   1.1107600e+05   3.6987305e+01
   1.1163600e+05   3.8452148e+01
   1.1176300e+05   3.7292480e+01
   1.3407500e+05   3.9001465e+01
   1.4104600e+05   4.0405273e+01
   1.5027500e+05   3.8879395e+01
   1.5089000e+05   4.4799805e+01
   1.5364800e+05   3.8513184e+01
   1.5803900e+05   4.6691895e+01
   1.6102500e+05   3.7475586e+01
   1.8939400e+05   3.5888672e+01
   1.9241300e+05   4.1259766e+01
   1.9329100e+05   3.6987305e+01
   1.9461600e+05   3.6499023e+01
   1.9622800e+05   4.2358398e+01
   1.9662900e+05   3.7963867e+01
   1.9681100e+05   3.9794922e+01
   1.9719900e+05   3.6315918e+01
   1.9733800e+05   3.6743164e+01
   2.3094900e+05   3.6254883e+01
   2.3121800e+05   3.9062500e+01
   2.3267500e+05   3.6437988e+01
   2.3705000e+05   3.7780762e+01
   2.3713100e+05   3.9672852e+01
   2.3829800e+05   3.8024902e+01
   2.3891200e+05   5.1635742e+01
   2.3925100e+05   4.0649414e+01
   2.3974600e+05   3.6743164e+01
   2.4014300e+05   3.6437988e+01
   2.4069900e+05   4.0771484e+01
   2.4112700e+05   3.6132812e+01
   2.4448400e+05   3.6743164e+01
   2.4505700e+05   4.2480469e+01
   2.4622600e+05   4.8522949e+01
   2.5072200e+05   3.7048340e+01
   2.5181600e+05   3.7536621e+01
   2.6191200e+05   3.6132812e+01
   2.7341800e+05   3.9001465e+01
   2.8893100e+05   3.8208008e+01
   2.9076600e+05   4.0710449e+01
   3.2244100e+05   3.8208008e+01
   3.2565900e+05   3.7170410e+01
   3.2655900e+05   3.8208008e+01
   3.3247700e+05   3.5827637e+01
   3.3991500e+05   3.7597656e+01
   3.4833300e+05   3.5766602e+01
   3.4954000e+05   3.8696289e+01
   3.5490400e+05   3.6437988e+01
   3.6105900e+05   3.7658691e+01
   3.6303500e+05   3.5949707e+01
   3.6308800e+05   3.7109375e+01
   3.6457000e+05   3.5766602e+01
   3.6506300e+05   4.4738770e+01
   3.6637800e+05   3.6560059e+01
   3.8265000e+05   3.7353516e+01
   3.9786300e+05   3.8330078e+01
   4.0011600e+05   4.1015625e+01
   4.0249200e+05   3.8635254e+01
   4.0855800e+05   3.6315918e+01
   4.3401200e+05   3.6804199e+01
   4.3433000e+05   4.1564941e+01
   4.3466000e+05   3.7475586e+01
   4.5684300e+05   4.1198730e+01
   4.5944600e+05   3.9916992e+01
   4.5963000e+05   3.9916992e+01
   4.6041000e+05   4.3090820e+01
   4.6132900e+05   3.7719727e+01
   4.6236300e+05   4.5043945e+01
   4.6297200e+05   3.7170410e+01
   4.6662900e+05   4.0405273e+01
   4.7635700e+05   3.7841797e+01
   4.7806300e+05   3.9001465e+01
   4.8580800e+05   4.1809082e+01
   4.8799600e+05   3.9733887e+01
   4.8835600e+05   3.8330078e+01
   4.8869400e+05   4.1320801e+01
   5.1593400e+05   3.6804199e+01
   5.2223800e+05   3.9306641e+01
   5.2729000e+05   3.7841797e+01
   5.3524200e+05   4.9316406e+01
   5.4545700e+05   3.8574219e+01
   5.4604500e+05   3.6132812e+01
   5.4653300e+05   5.0476074e+01
   5.4694200e+05   4.0466309e+01
   5.4733700e+05   3.6132812e+01
   5.4762900e+05   3.6682129e+01
   5.6420200e+05   4.0100098e+01
   5.8814800e+05   3.6071777e+01
   5.9261500e+05   3.5827637e+01
   5.9351000e+05   3.6132812e+01
   6.0218100e+05   4.2541504e+01
   6.0430200e+05   4.0649414e+01
   6.0461800e+05   3.9733887e+01
   6.0546600e+05   5.1696777e+01
   6.0594300e+05   3.7353516e+01
   6.0600000e+05   4.6020508e+01
   6.0625700e+05   4.0283203e+01
   6.0743500e+05   3.9794922e+01
   6.0799900e+05   3.8574219e+01
   6.1147100e+05   3.6987305e+01
   6.1801200e+05   3.8757324e+01
   6.3327700e+05   3.6376953e+01
   6.4456000e+05   3.7353516e+01
   6.4706000e+05   3.5888672e+01
   6.4781800e+05   3.9855957e+01
   6.6213900e+05   3.8391113e+01
   6.6470300e+05   3.6437988e+01
   6.6651100e+05   3.6193848e+01
   6.7052900e+05   3.6499023e+01
   6.7456500e+05   4.0954590e+01
   6.8079100e+05   4.1259766e+01
   6.8110500e+05   3.8940430e+01
   6.8778600e+05   3.6743164e+01
   6.9511700e+05   3.7719727e+01
   6.9715500e+05   3.9306641e+01
   7.0590500e+05   3.8208008e+01
   7.0659700e+05   3.6193848e+01
   7.0667300e+05   3.5766602e+01
   7.1176400e+05   3.7109375e+01
   7.2785500e+05   3.9367676e+01
   7.4111500e+05   3.7780762e+01
   7.6394200e+05   3.6865234e+01
   7.6530100e+05   4.0405273e+01
   7.6559500e+05   4.3395996e+01
   7.6599000e+05   4.0954590e+01
   7.6654600e+05   3.6987305e+01
   7.6745700e+05   3.7109375e+01
   7.7201500e+05   3.6254883e+01
   7.7250200e+05   3.6132812e+01
   7.7434400e+05   3.9184570e+01
   7.7508200e+05   4.9682617e+01
   7.9281100e+05   4.1625977e+01
   8.0044300e+05   3.8330078e+01
   8.0543100e+05   3.5766602e+01
   8.0803400e+05   4.1381836e+01
   8.1132000e+05   3.6437988e+01
   8.1433900e+05   3.7048340e+01
   8.1677100e+05   4.0710449e+01
   8.2185200e+05   3.6437988e+01
   8.3095600e+05   3.9306641e+01
   8.3541400e+05   3.9123535e+01
   8.4032200e+05   3.8024902e+01
   8.4304600e+05   4.1259766e+01
   8.4478600e+05   3.9367676e+01
   8.4505700e+05   4.2907715e+01
   8.4671500e+05   3.7048340e+01
   8.4769500e+05   3.6010742e+01
   8.4902800e+05   3.8696289e+01
   8.6745400e+05   3.7475586e+01
   8.6872300e+05   3.9123535e+01
   8.6930900e+05   3.5827637e+01
   8.7010600e+05   4.6813965e+01
   8.8054300e+05   3.6437988e+01
   8.8087400e+05   3.6193848e+01
   8.8104000e+05   3.6743164e+01
   8.8134400e+05   4.1870117e+01
   8.8709000e+05   4.0405273e+01
   9.0429300e+05   3.7841797e+01
   9.0508300e+05   3.6132812e+01
   9.1334700e+05   4.1259766e+01
   9.1547200e+05   4.0466309e+01
   9.1893900e+05   3.8330078e+01
   9.1961000e+05   4.8400879e+01
   9.2055200e+05   3.6499023e+01
   9.2896900e+05   3.9184570e+01
   9.3437700e+05   3.7841797e+01
   9.3504400e+05   3.6132812e+01
   9.3840700e+05   3.5949707e+01
   9.5403700e+05   3.6132812e+01
   9.5501900e+05   3.8818359e+01
   9.5785200e+05   3.8024902e+01
   9.5855700e+05   3.8635254e+01
   9.5895600e+05   3.5766602e+01
   9.6544200e+05   4.3090820e+01
   9.6569200e+05   3.5766602e+01
   9.6631600e+05   4.1870117e+01
   9.7025800e+05   4.3579102e+01
   9.7118100e+05   4.5227051e+01
   9.7463700e+05   4.1503906e+01
   9.8022400e+05   4.0100098e+01
   9.8064400e+05   3.6376953e+01
   9.9068300e+05   3.9978027e+01
   9.9218000e+05   3.6376953e+01
   9.9722600e+05   3.6682129e+01
   9.9863600e+05   3.6560059e+01
   1.0002390e+06   3.8574219e+01
   1.0003360e+06   4.0466309e+01
   1.0016770e+06   4.2541504e+01
   1.0021280e+06   6.4758301e+01
   1.0025130e+06   3.7841797e+01
   1.0032010e+06   3.8208008e+01
   1.0041240e+06   3.7658691e+01
   1.0191500e+06   3.7963867e+01
   1.0230170e+06   4.0039062e+01
   1.0318840e+06   3.7719727e+01
   1.0351870e+06   3.8818359e+01
   1.0372560e+06   4.0344238e+01
   1.0450410e+06   3.6682129e+01
   1.0506820e+06   3.5949707e+01
   1.0734080e+06   3.5888672e+01
   1.0858350e+06   3.8208008e+01
   1.0887040e+06   4.6142578e+01
   1.0899130e+06   3.7292480e+01
   1.0920250e+06   3.6621094e+01
   1.1162100e+06   4.0100098e+01
   1.1329900e+06   3.6193848e+01
   1.1423280e+06   3.6437988e+01
   1.1543080e+06   4.0832520e+01
   1.1557420e+06   4.6936035e+01
   1.1651910e+06   3.8574219e+01
   1.1727320e+06   3.6376953e+01
   1.1742620e+06   3.5827637e+01
   1.1823540e+06   4.0222168e+01
   1.1832690e+06   4.0222168e+01
   1.1837020e+06   3.9794922e+01
   1.1960020e+06   4.6081543e+01
   1.2034940e+06   3.5888672e+01
   1.2085210e+06   3.8818359e+01
   1.2113030e+06   3.6132812e+01
   1.2428160e+06   3.5766602e+01
   1.2505730e+06   4.7302246e+01
   1.2548520e+06   3.7048340e+01
   1.2562870e+06   3.5949707e+01
   1.2667950e+06   4.6386719e+01
   1.2744700e+06   3.6560059e+01
   1.2861220e+06   3.8574219e+01
   1.2873420e+06   5.0048828e+01
   1.2912400e+06   3.6499023e+01
   1.2915390e+06   3.5766602e+01
   1.2925830e+06   4.7302246e+01
   1.2932390e+06   4.0405273e+01
   1.2939900e+06   4.5715332e+01
   1.3168730e+06   3.6437988e+01
   1.3173180e+06   3.7353516e+01
   1.3177000e+06   3.6010742e+01
   1.3312340e+06   4.3090820e+01
   1.3334680e+06   4.0771484e+01
   1.3341780e+06   3.6315918e+01
   1.3366310e+06   4.0588379e+01
   1.3454830e+06   3.7536621e+01
   1.3569610e+06   3.9367676e+01
   1.3575750e+06   4.0222168e+01
   1.3599770e+06   4.1259766e+01
   1.3606720e+06   3.8757324e+01
   1.3615340e+06   3.8696289e+01
   1.3692150e+06   3.9978027e+01
   1.3808410e+06   3.9123535e+01
   1.3811180e+06   4.1687012e+01
   1.3815830e+06   3.7353516e+01
   1.3820090e+06   3.8818359e+01
   1.3843330e+06   3.7780762e+01
   1.3876790e+06   3.8818359e+01
   1.3905260e+06   3.7109375e+01
   1.3995990e+06   4.1137695e+01
   1.4002200e+06   3.6987305e+01
   1.4006600e+06   3.5888672e+01
   1.4012860e+06   3.6865234e+01
   1.4023340e+06   3.7536621e+01
   1.4066780e+06   3.9611816e+01
   1.4250910e+06   3.8391113e+01
   1.4345100e+06   3.8024902e+01
   1.4369740e+06   3.6987305e+01
   1.4390750e+06   4.1687012e+01
   1.4400560e+06   3.6560059e+01
   1.4405370e+06   3.7414551e+01
   1.4418740e+06   3.8269043e+01
   1.4422890e+06   4.3945312e+01
   1.4508540e+06   3.7963867e+01
   1.4617660e+06   4.2480469e+01
   1.4649700e+06   4.0832520e+01
   1.4654270e+06   3.9367676e+01
   1.4679870e+06   3.8696289e+01
   1.4751860e+06   4.8706055e+01
   1.4758420e+06   3.5888672e+01
   1.4778790e+06   3.8452148e+01
   1.4952640e+06   3.6376953e+01
   1.4962970e+06   3.7292480e+01
   1.4972500e+06   4.1564941e+01
   1.4996480e+06   3.7048340e+01
   1.5010550e+06   3.7658691e+01
   1.5082720e+06   4.6997070e+01
   1.5087330e+06   3.8452148e+01
   1.5094520e+06   3.6560059e+01
   1.5098290e+06   4.1198730e+01
   1.5250280e+06   4.0283203e+01
   1.5387210e+06   4.1503906e+01
   1.5408770e+06   3.7231445e+01
   1.5420870e+06   3.8330078e+01
   1.5483060e+06   3.7231445e+01
   1.5502910e+06   3.7536621e+01
   1.5522440e+06   4.2724609e+01
   1.5532470e+06   4.2480469e+01
   1.5583970e+06   4.2480469e+01
   1.5664190e+06   4.0771484e+01
   1.5671270e+06   3.9672852e+01
   1.5742960e+06   3.6560059e+01
   1.5746350e+06   3.8269043e+01
   1.5758850e+06   4.1137695e+01
   1.5797060e+06   3.7536621e+01
   1.5827280e+06   4.0649414e+01
   1.5927080e+06   3.5827637e+01
   1.5946850e+06   3.6376953e+01
   1.6001910e+06   3.8757324e+01
   1.6066800e+06   3.6071777e+01
   1.6135020e+06   3.7109375e+01
   1.6156880e+06   3.6804199e+01
   1.6228950e+06   3.9733887e+01
   1.6321800e+06   3.9733887e+01
   1.6327990e+06   3.5888672e+01
   1.6399000e+06   3.6987305e+01
   1.6449750e+06   3.9428711e+01
   1.6460680e+06   3.9733887e+01
   1.6466310e+06   4.0344238e+01
   1.6468670e+06   3.6682129e+01
   1.6476370e+06   4.3334961e+01
   1.6489650e+06   3.6010742e+01
   1.6590720e+06   3.9367676e+01
   1.6592470e+06   3.6132812e+01
   1.6598340e+06   3.7780762e+01
   1.6659220e+06   3.6682129e+01
   1.6659860e+06   3.5827637e+01
   1.6817140e+06   4.2541504e+01
   1.6835490e+06   3.7231445e+01
   1.6935170e+06   3.9794922e+01
   1.7007270e+06   3.8085937e+01
   1.7020020e+06   3.7719727e+01
   1.7089450e+06   3.7841797e+01
   1.7119160e+06   4.3029785e+01
   1.7233160e+06   3.7231445e+01
   1.7247890e+06   4.0588379e+01
   1.7253360e+06   3.7231445e+01
   1.7291680e+06   4.0710449e+01
   1.7420090e+06   3.9062500e+01
   1.7503860e+06   3.9672852e+01
   1.7608500e+06   3.8574219e+01
   1.7730090e+06   3.7292480e+01
   1.7779450e+06   3.7719727e+01
   1.7784620e+06   3.6926270e+01
   1.7797420e+06   3.7780762e+01
   1.7871350e+06   3.7841797e+01
   1.7949720e+06   3.8513184e+01
   1.7958310e+06   3.6071777e+01
   1.8043510e+06   3.8330078e+01
   1.8090620e+06   3.6987305e+01
   1.8096700e+06   3.7048340e+01
   1.8153750e+06   3.7292480e+01
   1.8158510e+06   3.6865234e+01
   1.8266760e+06   3.8513184e+01
   1.8329730e+06   3.6682129e+01
   1.8333300e+06   3.6071777e+01
   1.8333760e+06   4.1137695e+01
   1.8339060e+06   3.6071777e+01
   1.8496480e+06   4.5776367e+01
   1.8564250e+06   3.6621094e+01
   1.8605850e+06   3.6743164e+01
   1.8680150e+06   4.0893555e+01
   1.8705320e+06   3.7170410e+01
   1.8721850e+06   3.5827637e+01
   1.8736550e+06   3.8391113e+01
   1.8742270e+06   3.7658691e+01
   1.8744760e+06   3.5888672e+01
   1.8764820e+06   3.6315918e+01
   1.8794360e+06   4.0832520e+01
   1.8927010e+06   3.9855957e+01
   1.8971280e+06   4.0283203e+01
   1.8977270e+06   4.0649414e+01
   1.8984790e+06   3.6499023e+01
   1.9021000e+06   3.8696289e+01
   1.9060200e+06   3.7353516e+01
   1.9086170e+06   3.5827637e+01
   1.9154720e+06   4.4128418e+01
   1.9189320e+06   3.7902832e+01
   1.9290050e+06   3.6865234e+01
   1.9296670e+06   3.7719727e+01
   1.9299540e+06   3.9794922e+01
   1.9301480e+06   3.8879395e+01
   1.9372940e+06   3.6376953e+01
   1.9420250e+06   3.6560059e+01
   1.9434660e+06   3.6865234e+01
   1.9515780e+06   3.8208008e+01
   1.9542960e+06   3.6560059e+01
   1.9594120e+06   3.8757324e+01
   1.9613710e+06   3.8574219e+01
   1.9620220e+06   3.6682129e+01
   1.9646230e+06   4.2297363e+01
   1.9684150e+06   4.6752930e+01
   1.9875290e+06   4.1137695e+01
   1.9909920e+06   4.0588379e+01
   1.9944080e+06   3.9611816e+01
   2.0032400e+06   4.4128418e+01
   2.0043710e+06   3.6682129e+01
   2.0112510e+06   3.6621094e+01
   2.0296450e+06   3.9123535e+01
   2.0305760e+06   3.6987305e+01
   2.0398380e+06   3.6865234e+01
   2.0425560e+06   3.6682129e+01
   2.0462350e+06   3.8269043e+01
   2.0491430e+06   4.3457031e+01
   2.0501890e+06   3.7109375e+01
   2.0509090e+06   3.8635254e+01
   2.0575300e+06   4.5776367e+01
   2.0698300e+06   3.6254883e+01
   2.0706290e+06   3.7353516e+01
   2.0749870e+06   3.5888672e+01
   2.0756580e+06   3.8757324e+01
   2.0761870e+06   3.6987305e+01
   2.0762290e+06   3.8879395e+01
   2.0765700e+06   3.6254883e+01
   2.0766200e+06   4.1381836e+01
   2.0776500e+06   4.4128418e+01
   2.0790350e+06   3.6193848e+01
   2.0870110e+06   3.6499023e+01
   2.0882930e+06   4.1992188e+01
   2.0996250e+06   4.1076660e+01
   2.1044550e+06   4.3640137e+01
   2.1048160e+06   3.6987305e+01
   2.1107110e+06   3.6193848e+01
   2.1138000e+06   3.8818359e+01
   2.1172330e+06   3.7231445e+01
   2.1251730e+06   3.8391113e+01
   2.1252820e+06   3.6376953e+01
   2.1261480e+06   3.6010742e+01
   2.1348650e+06   3.5949707e+01
   2.1384560e+06   3.6865234e+01
   2.1404590e+06   3.7597656e+01
   2.1441780e+06   3.9672852e+01
   2.1601140e+06   4.0710449e+01
   2.1644310e+06   3.6437988e+01
   2.1648740e+06   3.7719727e+01
   2.1662760e+06   3.8696289e+01
   2.1694300e+06   3.9123535e+01
   2.1699720e+06   3.6560059e+01
   2.1723970e+06   4.1870117e+01
   2.1874670e+06   3.9306641e+01
   2.1961840e+06   3.7414551e+01
   2.1965250e+06   3.7048340e+01
   2.1969220e+06   3.6560059e+01
   2.1973810e+06   4.2236328e+01
   2.1975300e+06   3.6804199e+01
   2.2190200e+06   3.6987305e+01
   2.2197520e+06   3.7170410e+01
   2.2249510e+06   3.8269043e+01
   2.2262950e+06   3.6254883e+01
   2.2304930e+06   3.8757324e+01
   2.2415270e+06   3.8696289e+01
   2.2498790e+06   3.5827637e+01
   2.2522090e+06   3.7963867e+01
   2.2646450e+06   3.6315918e+01
   2.2718520e+06   3.6560059e+01
   2.2723140e+06   3.9367676e+01
   2.2757600e+06   4.0100098e+01
   2.2771500e+06   3.6254883e+01
   2.2779020e+06   3.9611816e+01
   2.2826170e+06   3.5888672e+01
   2.2854560e+06   3.6071777e+01
   2.2920150e+06   4.2724609e+01
   2.2946030e+06   3.7353516e+01
   2.3014990e+06   4.1137695e+01
   2.3022800e+06   3.6926270e+01
   2.3051510e+06   3.9489746e+01
   2.3211930e+06   3.9123535e+01
   2.3241560e+06   4.3640137e+01
   2.3294830e+06   3.5949707e+01
   2.3329480e+06   3.5949707e+01
   2.3348590e+06   4.6936035e+01
   2.3352110e+06   4.0893555e+01
   2.3383040e+06   3.7414551e+01
   2.3396080e+06   3.7597656e+01
   2.3574750e+06   3.5949707e+01
   2.3580010e+06   4.3457031e+01
   2.3585990e+06   3.5766602e+01
   2.3675560e+06   3.6437988e+01
   2.3806110e+06   3.7597656e+01
   2.3809480e+06   3.6254883e+01
   2.3974070e+06   3.6437988e+01
   2.3989520e+06   4.6081543e+01
   2.4001570e+06   3.5888672e+01
   2.4102080e+06   3.6254883e+01
   2.4156370e+06   3.6254883e+01
   2.4195520e+06   3.7170410e+01
   2.4224220e+06   3.9611816e+01
   2.4269600e+06   3.6437988e+01
   2.4368150e+06   4.2175293e+01
   2.4392650e+06   3.5949707e+01
   2.4399500e+06   3.6193848e+01
   2.4453390e+06   3.7658691e+01
   2.4548860e+06   4.8095703e+01
   2.4815080e+06   3.7109375e+01
   2.4903010e+06   3.8940430e+01
   2.4905430e+06   4.5104980e+01
   2.4910960e+06   3.6437988e+01
   2.4919520e+06   4.3029785e+01
   2.4955770e+06   3.7292480e+01
   2.5238210e+06   3.7536621e+01
   2.5239880e+06   4.1137695e+01
   2.5353590e+06   3.7109375e+01
   2.5480880e+06   3.7597656e+01
   2.5599270e+06   4.0161133e+01
   2.5601280e+06   4.0588379e+01
   2.5610510e+06   3.7475586e+01
   2.5632880e+06   4.4311523e+01
   2.5689840e+06   3.6682129e+01
   2.5790980e+06   4.1076660e+01
   2.5797260e+06   4.3334961e+01
   2.5819580e+06   3.6682129e+01
   2.5826080e+06   3.8696289e+01
   2.6049350e+06   3.7353516e+01
   2.6053670e+06   3.6560059e+01
   2.6075080e+06   3.7841797e+01
   2.6145370e+06   3.6437988e+01
   2.6175120e+06   3.6376953e+01
   2.6188990e+06   3.8879395e+01
   2.6201640e+06   4.3518066e+01
   2.6205720e+06   3.6193848e+01
   2.6231380e+06   5.0659180e+01
   2.6234860e+06   3.6560059e+01
   2.6439450e+06   4.1503906e+01
   2.6446130e+06   4.2602539e+01
   2.6482630e+06   3.9428711e+01
   2.6563790e+06   3.9184570e+01
   2.6606000e+06   3.8452148e+01
   2.6749560e+06   4.4128418e+01
   2.6780450e+06   3.6560059e+01
   2.6840500e+06   4.1564941e+01
   2.6853550e+06   3.9550781e+01
   2.6879730e+06   3.6315918e+01
   2.6895580e+06   3.8146973e+01
   2.6944490e+06   3.7292480e+01
   2.6960840e+06   3.8452148e+01
   2.7023950e+06   3.6926270e+01
   2.7028820e+06   3.8024902e+01
   2.7136760e+06   3.6743164e+01
   2.7209790e+06   3.8757324e+01
   2.7212950e+06   4.0466309e+01
   2.7231250e+06   3.6376953e+01
   2.7242570e+06   3.6499023e+01
   2.7279560e+06   3.7658691e+01
   2.7280010e+06   4.2785645e+01
   2.7311770e+06   3.7353516e+01
   2.7445110e+06   3.6437988e+01
   2.7459410e+06   3.6621094e+01
   2.7545380e+06   3.6010742e+01
   2.7552630e+06   3.8696289e+01
   2.7558500e+06   3.8513184e+01
   2.7563410e+06   3.9794922e+01
   2.7578180e+06   3.7475586e+01
   2.7585440e+06   3.7963867e+01
   2.7590920e+06   3.7780762e+01
   2.7641270e+06   3.8452148e+01
   2.7668470e+06   3.7292480e+01
   2.7686390e+06   3.8879395e+01
   2.7712000e+06   4.8278809e+01
   2.7738820e+06   3.6376953e+01
   2.7742180e+06   3.6132812e+01
   2.7954230e+06   4.1625977e+01
   2.8056420e+06   3.9306641e+01
   2.8065460e+06   3.8879395e+01
   2.8226940e+06   3.6193848e+01
   2.8276480e+06   3.8757324e+01
   2.8337370e+06   4.4128418e+01
   2.8361870e+06   3.9489746e+01
   2.8418720e+06   4.0283203e+01
   2.8530730e+06   3.7841797e+01
   2.8541500e+06   3.7170410e+01
   2.8553090e+06   3.6254883e+01
   2.8558800e+06   3.6071777e+01
   2.8586480e+06   3.6071777e+01
   2.8711110e+06   4.1320801e+01
   2.8724850e+06   4.3945312e+01
   2.8725480e+06   3.6193848e+01
   2.8730510e+06   3.8269043e+01
   2.8739210e+06   3.6560059e+01
   2.8773730e+06   4.0161133e+01
   2.8916620e+06   4.2175293e+01
   2.8924770e+06   3.8391113e+01
   2.8956410e+06   4.0405273e+01
   2.8991840e+06   3.6193848e+01
   2.9013070e+06   3.9001465e+01
   2.9060430e+06   3.7353516e+01
   2.9121650e+06   3.8208008e+01
   2.9140680e+06   3.7048340e+01
   2.9142050e+06   3.6376953e+01
   2.9146860e+06   3.5766602e+01
   2.9247320e+06   3.7109375e+01
   2.9323120e+06   3.6376953e+01
   2.9324900e+06   3.6621094e+01
   2.9369240e+06   3.8818359e+01
   2.9481710e+06   4.2907715e+01
   2.9503530e+06   3.6987305e+01
   2.9644810e+06   4.3823242e+01
   2.9661470e+06   3.7109375e+01
   2.9666890e+06   3.6315918e+01
   2.9674200e+06   4.3090820e+01
   2.9676480e+06   3.6437988e+01
   2.9681100e+06   3.7658691e+01
   2.9732790e+06   3.7048340e+01
   2.9792390e+06   3.7292480e+01
   3.0086210e+06   4.3579102e+01
   3.0119490e+06   3.6560059e+01
   3.0165160e+06   3.9001465e+01
   3.0166000e+06   3.8330078e+01
   3.0227090e+06   3.8330078e+01
   3.0246710e+06   3.8513184e+01
   3.0291580e+06   3.7353516e+01
   3.0331870e+06   3.8330078e+01
   3.0446970e+06   6.7443848e+01
   3.0483740e+06   3.6254883e+01
   3.0654700e+06   3.6132812e+01
   3.0833040e+06   3.6926270e+01
   3.0858910e+06   4.2297363e+01
   3.0882530e+06   3.9550781e+01
   3.0946000e+06   3.6010742e+01
   3.0996010e+06   4.3518066e+01
   3.1163450e+06   3.7353516e+01
   3.1170220e+06   5.3527832e+01
   3.1173160e+06   3.6071777e+01
   3.1205880e+06   3.6376953e+01
   3.1319230e+06   4.2053223e+01
   3.1366940e+06   4.1809082e+01
   3.1372440e+06   3.7048340e+01
   3.1420850e+06   3.7475586e+01
   3.1454010e+06   3.7902832e+01
   3.1621460e+06   4.1809082e+01
   3.1631680e+06   3.7170410e+01
   3.1656360e+06   3.8635254e+01
   3.1677090e+06   4.1870117e+01
   3.1700700e+06   3.7231445e+01
   3.1763660e+06   4.0039062e+01
   3.1769090e+06   4.0527344e+01
   3.1873880e+06   3.8208008e+01
   3.1958620e+06   3.8757324e+01
   3.2001360e+06   3.9184570e+01
   3.2107570e+06   4.2907715e+01
   3.2113280e+06   3.6987305e+01
   3.2118670e+06   3.6743164e+01
   3.2121420e+06   3.8085938e+01
   3.2128180e+06   3.7902832e+01
   3.2226630e+06   3.6376953e+01
   3.2240510e+06   3.8574219e+01
   3.2246700e+06   4.2114258e+01
   3.2247320e+06   4.1931152e+01
   3.2305410e+06   3.6865234e+01
   3.2354230e+06   3.8940430e+01
   3.2359510e+06   4.2419434e+01
   3.2394670e+06   3.6926270e+01
   3.2399150e+06   5.1818848e+01
   3.2405390e+06   3.9367676e+01
   3.2493430e+06   3.6010742e+01
   3.2542230e+06   4.0405273e+01
   3.2592660e+06   4.1198730e+01
   3.2645010e+06   3.6926270e+01
   3.2646310e+06   3.9001465e+01
   3.2647450e+06   3.5766602e+01
   3.2651020e+06   3.6682129e+01
   3.2735300e+06   3.6132812e+01
   3.2768170e+06   3.6926270e+01
   3.2770590e+06   3.7597656e+01
   3.2958410e+06   4.1137695e+01
   3.2989880e+06   3.7536621e+01
   3.3183320e+06   4.0771484e+01
   3.3236270e+06   3.6560059e+01
   3.3270490e+06   4.6142578e+01
   3.3275520e+06   3.8330078e+01
   3.3484350e+06   4.4494629e+01
   3.3537420e+06   3.9123535e+01
   3.3547710e+06   3.8024902e+01
   3.3638450e+06   3.7109375e+01
   3.3742440e+06   3.8757324e+01
   3.3771060e+06   3.6682129e+01
   3.3776940e+06   3.7658691e+01
   3.3787050e+06   4.2175293e+01
   3.3792040e+06   4.0405273e+01
   3.3796070e+06   3.6499023e+01
   3.3878660e+06   3.6132812e+01
   3.3954750e+06   3.9245605e+01
   3.3975860e+06   3.7414551e+01
   3.4155190e+06   3.8269043e+01
   3.4158400e+06   4.2419434e+01
   3.4193950e+06   3.6682129e+01
   3.4226270e+06   3.7414551e+01
   3.4296500e+06   4.1809082e+01
   3.4345580e+06   3.7048340e+01
   3.4372630e+06   3.5949707e+01
   3.4416140e+06   3.8330078e+01
   3.4483270e+06   4.2663574e+01
   3.4580990e+06   3.7658691e+01
   3.4601550e+06   3.7658691e+01
   3.4607730e+06   3.6376953e+01
   3.4707420e+06   3.6315918e+01
   3.4748780e+06   3.8085938e+01
   3.4762610e+06   3.6132812e+01
   3.4838930e+06   3.6499023e+01
   3.4845100e+06   3.5766602e+01
   3.4903370e+06   4.1564941e+01
   3.4986360e+06   3.7780762e+01
   3.4988280e+06   4.7485352e+01
   3.4999590e+06   4.1015625e+01
   3.5005500e+06   3.6437988e+01
   3.5067210e+06   3.7170410e+01
   3.5263060e+06   3.5888672e+01
   3.5278660e+06   3.6254883e+01
   3.5426600e+06   4.1992188e+01
   3.5434210e+06   3.8146973e+01
   3.5551110e+06   5.8349609e+01
   3.5597080e+06   4.2785645e+01
   3.5597730e+06   3.9855957e+01
   3.5647840e+06   3.7170410e+01
   3.5690180e+06   3.7292480e+01
   3.5706370e+06   3.7292480e+01
   3.5816810e+06   4.0893555e+01
   3.5867350e+06   3.8757324e+01
   3.6004520e+06   3.6376953e+01
   3.6029340e+06   3.8452148e+01
   3.6035390e+06   3.7353516e+01
   3.6104830e+06   3.9550781e+01
   3.6155180e+06   4.1625977e+01
   3.6343280e+06   4.9621582e+01
   3.6353560e+06   3.7719727e+01
   3.6374790e+06   3.8146973e+01
   3.6384350e+06   3.6926270e+01
   3.6387870e+06   3.9916992e+01
   3.6660710e+06   3.6071777e+01
   3.6667300e+06   3.7963867e+01
   3.6878460e+06   3.6621094e+01
   3.6888890e+06   4.0344238e+01
   3.7044770e+06   3.6010742e+01
   3.7103500e+06   3.8269043e+01
   3.7105970e+06   3.6132812e+01
   3.7115390e+06   4.0771484e+01
   3.7261290e+06   3.7963867e+01
   3.7322440e+06   4.7241211e+01
   3.7331410e+06   3.5888672e+01
   3.7445760e+06   3.6621094e+01
   3.7452560e+06   3.7658691e+01
   3.7544400e+06   4.3640137e+01
   3.7575560e+06   3.7414551e+01
   3.7614520e+06   4.2724609e+01
   3.7670790e+06   3.7475586e+01
   3.7808220e+06   3.6437988e+01
   3.7828800e+06   3.9001465e+01
   3.7873220e+06   3.6437988e+01
   3.7996470e+06   3.9306641e+01
   3.8063220e+06   4.5043945e+01
   3.8127900e+06   3.5949707e+01
   3.8130430e+06   3.9184570e+01
   3.8150000e+06   4.1198730e+01
   3.8181040e+06   3.9855957e+01
   3.8326170e+06   3.6071777e+01
   3.8368830e+06   3.6010742e+01
   3.8370750e+06   3.6376953e+01
   3.8693580e+06   3.8513184e+01
   3.8736110e+06   3.9550781e+01
   3.8766000e+06   3.6865234e+01
   3.8890410e+06   3.8391113e+01
   3.8895150e+06   3.7414551e+01
   3.8896550e+06   3.7536621e+01
   3.8900240e+06   4.1687012e+01
   3.8920180e+06   3.5949707e+01
   3.8927190e+06   3.8208008e+01
   3.8940200e+06   3.6804199e+01
   3.8951250e+06   4.3823242e+01
   3.9051230e+06   3.9123535e+01
   3.9130540e+06   3.8452148e+01
   3.9228840e+06   4.5959473e+01
   3.9307870e+06   3.6193848e+01
   3.9334460e+06   4.0771484e+01
   3.9395690e+06   3.7719727e+01
   3.9451410e+06   3.5949707e+01
   3.9509010e+06   4.3945312e+01
   3.9559300e+06   4.4616699e+01
   3.9668070e+06   3.8513184e+01
   3.9702720e+06   3.6315918e+01
   3.9826500e+06   3.7536621e+01
   3.9866310e+06   4.2541504e+01
   3.9950450e+06   3.5888672e+01
   3.9973600e+06   3.6071777e+01
   4.0097340e+06   3.9855957e+01
   4.0110300e+06   3.7719727e+01
   4.0163940e+06   3.8696289e+01
   4.0309810e+06   3.5888672e+01
   4.0318150e+06   3.5766602e+01
   4.0356800e+06   3.6804199e+01
   4.0454330e+06   3.7353516e+01
   4.0544510e+06   3.6499023e+01
   4.0548830e+06   3.6376953e+01
   4.0568740e+06   5.0842285e+01
   4.0716020e+06   4.0039062e+01
   4.0756410e+06   3.7719727e+01
   4.0764980e+06   3.9245605e+01
   4.0771390e+06   4.6325684e+01
   4.0772930e+06   3.8879395e+01
   4.0780620e+06   3.8391113e+01
   4.0787320e+06   3.8085938e+01
   4.0897100e+06   4.1564941e+01
   4.0925320e+06   3.6071777e+01
   4.0950620e+06   4.0710449e+01
   4.1012970e+06   3.8330078e+01
   4.1041660e+06   4.0466309e+01
   4.1142970e+06   3.9184570e+01
   4.1163620e+06   3.8452148e+01
   4.1259700e+06   3.6621094e+01
   4.1263030e+06   3.6499023e+01
   4.1272410e+06   3.9855957e+01
   4.1281100e+06   4.3212891e+01
   4.1325050e+06   3.7536621e+01
   4.1450110e+06   3.9916992e+01
   4.1544500e+06   4.3151855e+01
   4.1596270e+06   3.8085938e+01
   4.1738110e+06   3.6254883e+01
   4.1750190e+06   4.4921875e+01
   4.1759460e+06   3.6437988e+01
   4.1771580e+06   4.2419434e+01
   4.1813120e+06   4.0466309e+01
   4.1896000e+06   4.3151855e+01
   4.1978080e+06   4.4128418e+01
   4.1988460e+06   3.7231445e+01
   4.1995340e+06   3.5766602e+01
   4.2001170e+06   3.8696289e+01
   4.2018330e+06   3.5766602e+01
   4.2023680e+06   4.5593262e+01
   4.2154580e+06   3.8452148e+01
   4.2176070e+06   3.6865234e+01
   4.2180040e+06   3.9672852e+01
   4.2204380e+06   4.1503906e+01
   4.2216470e+06   3.6804199e+01
   4.2319430e+06   4.0649414e+01
   4.2366730e+06   3.7902832e+01
   4.2455420e+06   3.7719727e+01
   4.2575840e+06   3.6010742e+01
   4.2619600e+06   3.7597656e+01
   4.2764030e+06   4.2907715e+01
   4.2804360e+06   4.0710449e+01
   4.2973690e+06   4.0344238e+01
   4.3030780e+06   3.6010742e+01
   4.3041750e+06   3.8391113e+01
   4.3074730e+06   3.8452148e+01
   4.3143430e+06   4.5715332e+01
   4.3277680e+06   3.8696289e+01
   4.3281330e+06   3.6621094e+01
   4.3405520e+06   4.1809082e+01
   4.3453420e+06   3.8085938e+01
   4.3471610e+06   3.6865234e+01
   4.3593160e+06   4.5166016e+01
   4.3605610e+06   3.5766602e+01
   4.3610150e+06   3.7292480e+01
   4.3664050e+06   3.6621094e+01
   4.3826160e+06   3.6071777e+01
   4.3835910e+06   3.7414551e+01
   4.3938020e+06   3.6804199e+01
   4.4000540e+06   3.9733887e+01
   4.4040070e+06   3.7170410e+01
   4.4044730e+06   3.9367676e+01
   4.4063190e+06   4.0710449e+01
   4.4072140e+06   3.8879395e+01
   4.4086360e+06   4.4860840e+01
   4.4092820e+06   5.0354004e+01
   4.4102210e+06   3.6743164e+01
   4.4110850e+06   3.7719727e+01
   4.4122620e+06   4.0283203e+01
   4.4156910e+06   4.0771484e+01
   4.4192590e+06   4.1992188e+01
   4.4208200e+06   3.6315918e+01
   4.4293060e+06   3.6865234e+01
   4.4408380e+06   3.6743164e+01
   4.4503770e+06   3.8513184e+01
   4.4603730e+06   4.7729492e+01
   4.4712730e+06   3.5827637e+01
   4.4762990e+06   3.5949707e+01
   4.4767930e+06   4.1198730e+01
   4.4802500e+06   3.8024902e+01
   4.4841050e+06   3.7414551e+01
   4.4843950e+06   4.1381836e+01
   4.4848990e+06   3.8452148e+01
   4.4879460e+06   3.5766602e+01
   4.5014560e+06   3.6132812e+01
   4.5018760e+06   3.6010742e+01
   4.5030550e+06   3.7292480e+01
   4.5100340e+06   3.8085938e+01
   4.5211780e+06   3.6010742e+01
   4.5370600e+06   3.6376953e+01
   4.5482650e+06   3.7048340e+01
   4.5549370e+06   3.6804199e+01
   4.5583160e+06   3.6682129e+01
   4.5609030e+06   4.4006348e+01
   4.5975820e+06   3.8024902e+01
   4.6075060e+06   4.1687012e+01
   4.6075710e+06   3.9001465e+01
   4.6081420e+06   3.6560059e+01
   4.6082070e+06   3.5766602e+01
   4.6084560e+06   4.6508789e+01
   4.6086700e+06   3.8818359e+01
   4.6090680e+06   4.2907715e+01
   4.6094810e+06   3.8879395e+01
   4.6098430e+06   4.1931152e+01
   4.6118360e+06   3.5827637e+01
   4.6120850e+06   3.7353516e+01
   4.6125560e+06   4.1809082e+01
   4.6143310e+06   4.0039063e+01
   4.6330190e+06   4.3212891e+01
   4.6346550e+06   3.6499023e+01
   4.6384000e+06   3.9550781e+01
   4.6390540e+06   3.9123535e+01
   4.6395990e+06   3.7719727e+01
   4.6611190e+06   3.9001465e+01
   4.6618610e+06   4.2602539e+01
   4.6705250e+06   4.0588379e+01
   4.6741900e+06   3.6010742e+01
   4.6953720e+06   3.7292480e+01
   4.6974080e+06   3.9123535e+01
   4.6976190e+06   4.4006348e+01
   4.7048630e+06   3.9916992e+01
   4.7073910e+06   3.8513184e+01
   4.7079780e+06   3.9306641e+01
   4.7169670e+06   3.6071777e+01
   4.7325720e+06   3.8757324e+01
   4.7568840e+06   3.8085938e+01
   4.7571990e+06   4.8400879e+01
   4.7596510e+06   3.5827637e+01
   4.7602070e+06   3.7292480e+01
   4.7724870e+06   4.0893555e+01
   4.7742510e+06   4.1748047e+01
   4.7764060e+06   4.6875000e+01
   4.7765750e+06   4.0832520e+01
   4.7770380e+06   3.9001465e+01
   4.7773520e+06   3.7292480e+01
   4.7930730e+06   4.3029785e+01
   4.8404890e+06   4.3212891e+01
   4.8450900e+06   3.6193848e+01
   4.8640550e+06   3.6437988e+01
   4.8729950e+06   3.7353516e+01
   4.8827040e+06   3.6987305e+01
   4.8853490e+06   4.1503906e+01
   4.8975500e+06   3.6804199e+01
   4.9058550e+06   3.6987305e+01
   4.9081960e+06   3.8635254e+01
   4.9110680e+06   4.3212891e+01
   4.9281530e+06   3.6926270e+01
   4.9455090e+06   3.8696289e+01
   4.9599150e+06   3.6254883e+01
   4.9625720e+06   3.7170410e+01
   4.9808720e+06   3.9550781e+01
   4.9817440e+06   3.8635254e+01
   4.9822720e+06   3.8696289e+01
   4.9876970e+06   4.1259766e+01
   4.9924600e+06   4.2419434e+01
   5.0045580e+06   4.0161133e+01
   5.0226130e+06   4.2053223e+01
   5.0232140e+06   3.6254883e+01
   5.0237600e+06   5.2001953e+01
   5.0243030e+06   3.7292480e+01
   5.0249690e+06   4.0161133e+01
   5.0254680e+06   3.5766602e+01
   5.0261300e+06   3.7353516e+01
   5.0274410e+06   3.8024902e+01
   5.0281980e+06   4.1381836e+01
   5.0289320e+06   3.6743164e+01
   5.0440420e+06   3.8024902e+01
   5.0451960e+06   3.8757324e+01
   5.0466870e+06   3.7292480e+01
   5.0566130e+06   4.1381836e+01
   5.0572500e+06   3.6437988e+01
   5.0579600e+06   4.1198730e+01
   5.0599100e+06   3.7170410e+01
   5.0623370e+06   4.6875000e+01
   5.0652830e+06   4.6447754e+01
   5.0925180e+06   3.7902832e+01
   5.0929710e+06   4.4799805e+01
   5.1008690e+06   4.0710449e+01
   5.1152760e+06   4.0283203e+01
   5.1166840e+06   3.6560059e+01
   5.1175340e+06   3.6071777e+01
   5.1179780e+06   4.6508789e+01
   5.1183750e+06   4.4799805e+01
   5.1381080e+06   3.9550781e+01
   5.1386570e+06   3.7170410e+01
   5.1430080e+06   3.7048340e+01
   5.1476330e+06   3.6193848e+01
   5.1985900e+06   3.8757324e+01
   5.1988390e+06   3.7109375e+01
   5.1996540e+06   3.8696289e+01
   5.2276620e+06   4.9316406e+01
   5.2309530e+06   4.6630859e+01
   5.2338680e+06   4.0832520e+01
   5.2378690e+06   3.9306641e+01
   5.2498850e+06   4.2785645e+01
   5.2502170e+06   4.1320801e+01
   5.2605650e+06   3.7231445e+01
   5.2791270e+06   4.1198730e+01
   5.2841480e+06   3.9672852e+01
   5.2867700e+06   4.1076660e+01
   5.2876770e+06   3.6254883e+01
   5.2979480e+06   3.5949707e+01
   5.3125560e+06   4.1442871e+01
   5.3126740e+06   3.8330078e+01
   5.3234340e+06   3.6315918e+01
   5.3421470e+06   3.6499023e+01
   5.3487110e+06   3.8085938e+01
   5.3531530e+06   3.9978027e+01
   5.3573550e+06   3.7780762e+01
   5.3710240e+06   3.7231445e+01
   5.3788770e+06   4.0222168e+01
   5.3903610e+06   3.6071777e+01
   5.3978560e+06   3.8635254e+01
   5.4033510e+06   3.6682129e+01
   5.4041510e+06   3.7414551e+01
   5.4264350e+06   3.5827637e+01
   5.4292630e+06   4.9011230e+01
   5.4317150e+06   3.6437988e+01
   5.4343980e+06   4.6569824e+01
   5.4348000e+06   3.8452148e+01
   5.4372170e+06   3.6193848e+01
   5.4488700e+06   4.0771484e+01
   5.4495600e+06   3.7231445e+01
   5.4545640e+06   4.2785645e+01
   5.4620900e+06   4.4860840e+01
   5.4628390e+06   3.5827637e+01
   5.4633000e+06   4.0466309e+01
   5.4712900e+06   3.7963867e+01
   5.4728640e+06   3.6132812e+01
   5.4812680e+06   3.5949707e+01
   5.4864180e+06   3.9001465e+01
   5.5025900e+06   3.6437988e+01
   5.5077820e+06   3.7292480e+01
   5.5092930e+06   3.6682129e+01
   5.5245320e+06   3.6132812e+01
   5.5280990e+06   3.6804199e+01
   5.5306360e+06   3.7048340e+01
   5.5339270e+06   3.6437988e+01
   5.5397560e+06   3.8024902e+01
   5.5418200e+06   4.3029785e+01
   5.5496100e+06   3.6560059e+01
   5.5509960e+06   4.4372559e+01
   5.5517180e+06   3.7780762e+01
   5.5520970e+06   5.3649902e+01
   5.5521250e+06   3.6743164e+01
   5.5522360e+06   3.5766602e+01
   5.5529560e+06   4.6752930e+01
   5.5537170e+06   3.8330078e+01
   5.5544960e+06   3.7780762e+01
   5.5556040e+06   5.2673340e+01
   5.5562010e+06   3.6437988e+01
   5.5664070e+06   3.6926270e+01
   5.5762520e+06   4.3334961e+01
   5.5814630e+06   3.6254883e+01
   5.5822520e+06   5.0048828e+01
   5.5863140e+06   3.8818359e+01
   5.5879300e+06   3.8818359e+01
   5.5886160e+06   3.5949707e+01
   5.5984400e+06   3.8513184e+01
   5.6187280e+06   3.7170410e+01
   5.6320220e+06   4.2297363e+01
   5.6338630e+06   3.5827637e+01
   5.6341600e+06   4.1076660e+01
   5.6345570e+06   3.6254883e+01
   5.6456550e+06   3.7658691e+01
   5.6466380e+06   4.0466309e+01
   5.6493330e+06   3.6987305e+01
   5.6512430e+06   4.0161133e+01
   5.6519630e+06   3.8635254e+01
   5.6524380e+06   3.7292480e+01
   5.6535760e+06   3.7231445e+01
   5.6645050e+06   3.6804199e+01
   5.6675210e+06   4.2419434e+01
   5.6779120e+06   3.7170410e+01
   5.6784200e+06   3.8574219e+01
   5.6854370e+06   4.2663574e+01
   5.6862290e+06   3.9611816e+01
   5.6871140e+06   3.7414551e+01
   5.6888800e+06   4.1809082e+01
   5.6893280e+06   3.9123535e+01
   5.6901700e+06   4.1442871e+01
   5.7105030e+06   3.6437988e+01
   5.7130550e+06   4.1076660e+01
   5.7200360e+06   4.1870117e+01
   5.7285880e+06   5.1025391e+01
   5.7293080e+06   3.6743164e+01
   5.7354920e+06   3.9855957e+01
   5.7371660e+06   4.0344238e+01
   5.7390180e+06   3.7902832e+01
   5.7750020e+06   3.8818359e+01
   5.7864920e+06   3.8696289e+01
   5.7880340e+06   3.6193848e+01
   5.7887090e+06   3.9794922e+01
   5.8500610e+06   4.0832520e+01
   5.8535560e+06   3.6193848e+01
   5.8542580e+06   3.6987305e+01
   5.8547400e+06   3.5766602e+01
   5.8776760e+06   3.7353516e+01
   5.8783730e+06   3.6254883e+01
   5.8789610e+06   4.1687012e+01
   5.8882360e+06   4.3884277e+01
   5.8883940e+06   3.8757324e+01
   5.8889210e+06   3.8757324e+01
   5.8925930e+06   3.5888672e+01
   5.9211250e+06   3.7048340e+01
   5.9214460e+06   3.8574219e+01
   5.9219360e+06   4.3884277e+01
   5.9219920e+06   4.2358398e+01
   5.9222620e+06   5.4382324e+01
   5.9224360e+06   4.6386719e+01
   5.9227620e+06   3.8696289e+01
   5.9230940e+06   3.7841797e+01
   5.9237060e+06   3.8635254e+01
   5.9237510e+06   3.6621094e+01
   5.9254850e+06   3.8757324e+01
   5.9447390e+06   3.9428711e+01
   5.9494580e+06   3.7170410e+01
   5.9545480e+06   3.6987305e+01
   5.9557080e+06   3.9916992e+01
   5.9579950e+06   4.7668457e+01
   5.9583320e+06   3.7414551e+01
   5.9591270e+06   3.5766602e+01
   5.9615920e+06   3.8574219e+01
   5.9623300e+06   3.6315918e+01
   5.9706410e+06   3.7475586e+01
   5.9768540e+06   3.8452148e+01
   5.9828960e+06   3.6376953e+01
   5.9938780e+06   3.9245605e+01
   6.0007320e+06   3.8391113e+01
   6.0025440e+06   4.8583984e+01
   6.0175100e+06   3.8940430e+01
   6.0178460e+06   4.5654297e+01
   6.0188830e+06   3.8330078e+01
   6.0436820e+06   3.7963867e+01
   6.0579060e+06   3.7109375e+01
   6.0846600e+06   3.9428711e+01
   6.0854600e+06   3.6560059e+01
   6.0932570e+06   3.5888672e+01
   6.0942820e+06   4.1076660e+01
   6.1027600e+06   3.6865234e+01
   6.1041680e+06   3.9916992e+01
   6.1175000e+06   3.7292480e+01
   6.1256990e+06   3.9978027e+01
   6.1490790e+06   3.7353516e+01
   6.1508660e+06   3.6254883e+01
   6.1514460e+06   3.6254883e+01
   6.1589500e+06   3.7719727e+01
   6.1662280e+06   3.7170410e+01
   6.1670270e+06   4.0039062e+01
   6.1674670e+06   3.6010742e+01
   6.1675620e+06   4.8095703e+01
   6.1676180e+06   4.2114258e+01
   6.1682470e+06   3.6560059e+01
   6.1685680e+06   4.3518066e+01
   6.1697000e+06   3.7902832e+01
   6.1701240e+06   3.7719727e+01
   6.1704190e+06   4.2663574e+01
   6.1713040e+06   4.0832520e+01
   6.1836600e+06   3.8513184e+01
   6.1942320e+06   3.8513184e+01
   6.1983390e+06   4.5043945e+01
   6.2286030e+06   3.8146973e+01
   6.2290230e+06   3.7902832e+01
   6.2525430e+06   3.6987305e+01
   6.2588450e+06   3.8757324e+01
   6.2592820e+06   3.7414551e+01
   6.2600560e+06   3.7353516e+01
   6.2707200e+06   4.3762207e+01
   6.3025590e+06   3.6926270e+01
   6.3049970e+06   4.3151855e+01
   6.3124650e+06   3.6010742e+01
   6.3512150e+06   4.3151855e+01
   6.3582800e+06   3.9855957e+01
   6.3681340e+06   3.8879395e+01
   6.3687800e+06   3.5949707e+01
   6.3742340e+06   4.0039062e+01
   6.3907590e+06   3.9245605e+01
   6.3911760e+06   3.9062500e+01
   6.4167340e+06   4.6630859e+01
   6.4173470e+06   3.6682129e+01
   6.4262790e+06   3.7353516e+01
   6.4266310e+06   3.7048340e+01
   6.4271490e+06   3.7536621e+01
   6.4274430e+06   4.7180176e+01
   6.4277450e+06   4.2724609e+01
   6.4279310e+06   3.9978027e+01
   6.4280770e+06   3.7109375e+01
   6.4293490e+06   3.7963867e+01
   6.4295580e+06   3.9916992e+01
   6.4298210e+06   5.3161621e+01
   6.4470500e+06   4.1442871e+01
   6.4527510e+06   4.4128418e+01
   6.4600960e+06   4.2846680e+01
   6.4666410e+06   3.8452148e+01
   6.4674730e+06   3.8452148e+01
   6.4753280e+06   3.6804199e+01
   6.4758070e+06   3.8757324e+01
   6.4797850e+06   4.2846680e+01
   6.4868520e+06   4.4677734e+01
   6.5090810e+06   3.9306641e+01
   6.5095940e+06   4.2968750e+01
   6.5104640e+06   4.0039062e+01
   6.5144510e+06   3.9062500e+01
   6.5375330e+06   4.0893555e+01
   6.5595390e+06   3.6926270e+01
   6.5694260e+06   4.5043945e+01
   6.5747360e+06   3.7414551e+01
   6.5840990e+06   3.9733887e+01
   6.6035170e+06   3.7414551e+01
   6.6089550e+06   4.1259766e+01
   6.6446670e+06   3.9062500e+01
   6.6494110e+06   3.8940430e+01
   6.6499570e+06   3.7597656e+01
   6.6684840e+06   3.8635254e+01
   6.6894530e+06   4.2724609e+01
   6.6941790e+06   4.2419434e+01
   6.7029220e+06   3.8574219e+01
   6.7068460e+06   4.6752930e+01
   6.7280580e+06   4.0893555e+01
   6.7497990e+06   3.7719727e+01
   6.7501050e+06   3.7475586e+01
   6.7551520e+06   3.9978027e+01
   6.7646760e+06   3.8146973e+01
   6.7696380e+06   3.9123535e+01
   6.7749720e+06   4.1259766e+01
   6.7760220e+06   5.3344727e+01
   6.7762540e+06   3.6254883e+01
   6.7765250e+06   4.7424316e+01
   6.7767650e+06   4.0405273e+01
   6.7770140e+06   3.8330078e+01
   6.7780050e+06   3.7780762e+01
   6.7782610e+06   4.0405273e+01
   6.7784360e+06   3.6376953e+01
   6.7786250e+06   3.7170410e+01
   6.7788140e+06   3.5949707e+01
   6.7955020e+06   4.0588379e+01
   6.8023990e+06   3.7597656e+01
   6.8032020e+06   3.7109375e+01
   6.8079850e+06   3.5766602e+01
   6.8107770e+06   3.9794922e+01
   6.8127790e+06   4.5043945e+01
   6.8137070e+06   3.6621094e+01
   6.8146360e+06   4.1503906e+01
   6.8165090e+06   3.7231445e+01
   6.8169050e+06   5.4809570e+01
   6.8267600e+06   4.1198730e+01
   6.8359390e+06   3.9916992e+01
   6.8364960e+06   3.8330078e+01
   6.8389480e+06   3.7292480e+01
   6.8434960e+06   3.8269043e+01
   6.8629040e+06   3.6132812e+01
   6.8630860e+06   3.7353516e+01
   6.8636330e+06   4.2358398e+01
   6.8657150e+06   4.5593262e+01
   6.8672600e+06   3.7963867e+01
   6.8681700e+06   4.4006348e+01
   6.8796130e+06   3.8696289e+01
   6.8814230e+06   3.7292480e+01
   6.8867150e+06   3.9916992e+01
   6.8929930e+06   3.6499023e+01
   6.8970380e+06   4.0954590e+01
   6.9269240e+06   3.6254883e+01
   6.9274310e+06   3.7780762e+01
   6.9398430e+06   3.6315918e+01
   6.9879600e+06   3.7536621e+01
   6.9887560e+06   3.6743164e+01
   6.9981220e+06   3.7048340e+01
   7.0141050e+06   4.2297363e+01
   7.0156700e+06   3.5827637e+01
   7.0242760e+06   3.8330078e+01
   7.0250240e+06   4.1076660e+01
   7.0511760e+06   3.8024902e+01
   7.0540570e+06   4.1748047e+01
   7.0548560e+06   3.7597656e+01
   7.0674190e+06   3.6621094e+01
   7.0688250e+06   4.5959473e+01
   7.0746080e+06   4.1137695e+01
   7.0788620e+06   3.7963867e+01
   7.0789880e+06   3.9916992e+01
   7.0962840e+06   4.0466309e+01
   7.0979910e+06   3.8696289e+01
   7.0980940e+06   4.8706055e+01
   7.1274850e+06   3.9245605e+01
   7.1414390e+06   3.9062500e+01
   7.1611870e+06   4.3029785e+01
   7.1635670e+06   4.1992188e+01
   7.1643910e+06   4.3762207e+01
   7.1693870e+06   3.6865234e+01
   7.1751090e+06   3.9367676e+01
   7.1897720e+06   3.9428711e+01
   7.1905700e+06   4.1748047e+01
   7.1919270e+06   4.0161133e+01
   7.2240920e+06   3.7231445e+01
   7.2625630e+06   3.6437988e+01
   7.2686250e+06   3.7048340e+01
   7.2703380e+06   4.2907715e+01
   7.2721120e+06   3.5949707e+01
   7.2730590e+06   3.6315918e+01
   7.2732270e+06   4.1687012e+01
   7.2745250e+06   4.1503906e+01
   7.2750590e+06   4.6936035e+01
   7.2753920e+06   3.8146973e+01
   7.2755680e+06   3.6865234e+01
   7.2813170e+06   4.0039062e+01
   7.2938560e+06   3.8269043e+01
   7.3017310e+06   3.7414551e+01
   7.3045760e+06   4.1320801e+01
   7.3548560e+06   4.4921875e+01
   7.3638500e+06   4.2480469e+01
   7.3644850e+06   3.7963867e+01
   7.3746520e+06   3.7719727e+01
   7.3856890e+06   4.3762207e+01
   7.3883820e+06   3.5949707e+01
   7.3908980e+06   4.1137695e+01
   7.4151730e+06   4.0832520e+01
   7.4308880e+06   4.0466309e+01
   7.4381740e+06   4.4494629e+01
   7.4417600e+06   3.9672852e+01
   7.4422350e+06   3.8940430e+01
   7.4618450e+06   4.0344238e+01
   7.4773460e+06   4.4860840e+01
   7.4944250e+06   3.7719727e+01
   7.4967100e+06   3.6499023e+01
   7.4982250e+06   3.6804199e+01
   7.4990370e+06   3.7292480e+01
   7.5062480e+06   3.8452148e+01
   7.5182530e+06   4.4189453e+01
   7.5185870e+06   3.6560059e+01
   7.5271710e+06   4.1381836e+01
   7.5302850e+06   4.9621582e+01
   7.5323170e+06   3.7048340e+01
   7.5371980e+06   3.9855957e+01
   7.5382300e+06   4.3395996e+01
   7.5398810e+06   4.0649414e+01
   7.5465600e+06   4.4372559e+01
   7.5631740e+06   3.9062500e+01
   7.5680810e+06   3.7536621e+01
   7.5808080e+06   4.0893555e+01
   7.5876230e+06   4.3334961e+01
   7.5915530e+06   4.3457031e+01
   7.5931640e+06   3.8513184e+01
   7.6013120e+06   3.9672852e+01
   7.6022000e+06   4.0649414e+01
   7.6033050e+06   3.8024902e+01
   7.6036920e+06   3.6376953e+01
   7.6037630e+06   3.6621094e+01
   7.6055590e+06   3.8818359e+01
   7.6056710e+06   4.4860840e+01
   7.6057310e+06   3.7170410e+01
   7.6059500e+06   4.1503906e+01
   7.6207890e+06   3.8635254e+01
   7.6230320e+06   5.2062988e+01
   7.6351580e+06   3.8452148e+01
   7.6361890e+06   4.2297363e+01
   7.6423880e+06   4.2785645e+01
   7.6427380e+06   4.6325684e+01
   7.6430140e+06   3.7963867e+01
   7.6431950e+06   4.9133301e+01
   7.6441910e+06   3.8818359e+01
   7.6450900e+06   3.8391113e+01
   7.6459690e+06   4.1015625e+01
   7.6555410e+06   3.9123535e+01
   7.6558550e+06   3.7841797e+01
   7.6606010e+06   3.6987305e+01
   7.6659850e+06   4.3884277e+01
   7.6664600e+06   4.1198730e+01
   7.6674640e+06   5.1269531e+01
   7.6683810e+06   3.6743164e+01
   7.6688610e+06   3.8330078e+01
   7.6720450e+06   4.2663574e+01
   7.6726560e+06   4.2419434e+01
   7.6767700e+06   3.7658691e+01
   7.6785480e+06   4.0771484e+01
   7.6791890e+06   3.9978027e+01
   7.6860370e+06   3.5827637e+01
   7.6897670e+06   3.6132812e+01
   7.6900400e+06   3.6376953e+01
   7.6902470e+06   3.8024902e+01
   7.6906230e+06   4.1870117e+01
   7.6911610e+06   3.9428711e+01
   7.6920830e+06   3.7353516e+01
   7.6926950e+06   3.8940430e+01
   7.7014650e+06   4.0527344e+01
   7.7139150e+06   3.6682129e+01
   7.7199410e+06   3.6682129e+01
   7.7306250e+06   4.0466309e+01
   7.7310920e+06   3.6193848e+01
   7.7315820e+06   3.8085938e+01
   7.7378790e+06   4.0405273e+01
   7.7384130e+06   3.6315918e+01
   7.7410230e+06   3.5949707e+01
   7.7534650e+06   4.1198730e+01
   7.7643010e+06   3.6621094e+01
   7.7735370e+06   3.8757324e+01
   7.7798880e+06   4.7119141e+01
   7.7811550e+06   3.8940430e+01
   7.7818010e+06   3.8391113e+01
   7.8005540e+06   3.8208008e+01
   7.8013710e+06   3.9733887e+01
   7.8016170e+06   3.8146973e+01
   7.8066920e+06   3.9733887e+01
   7.8108700e+06   3.6743164e+01
   7.8115050e+06   3.7414551e+01
   7.8226380e+06   4.0100098e+01
   7.8277410e+06   3.7719727e+01
   7.8397360e+06   4.1564941e+01
   7.8535590e+06   3.7048340e+01
   7.8543950e+06   3.7658691e+01
   7.8553700e+06   4.0344238e+01
   7.8558740e+06   3.7353516e+01
   7.8569170e+06   4.4555664e+01
   7.8665050e+06   3.7841797e+01
   7.8751820e+06   3.8208008e+01
   7.8814680e+06   3.6193848e+01
   7.8825970e+06   3.8208008e+01
   7.8832370e+06   3.7963867e+01
   7.9018800e+06   4.0161133e+01
   7.9204660e+06   4.0954590e+01
   7.9281600e+06   4.1259766e+01
   7.9576830e+06   4.6997070e+01
   7.9642550e+06   3.7841797e+01
   7.9678870e+06   4.0344238e+01
   7.9882830e+06   3.7536621e+01
   7.9974330e+06   3.9672852e+01
   8.0408650e+06   3.6865234e+01
   8.0414580e+06   4.3518066e+01
   8.0418990e+06   4.4616699e+01
   8.0493620e+06   3.6010742e+01
   8.0537570e+06   4.6203613e+01
   8.0847880e+06   4.3518066e+01
   8.0948310e+06   3.6071777e+01
   8.0952730e+06   3.6193848e+01
   8.0958050e+06   4.0283203e+01
   8.0959640e+06   4.5654297e+01
   8.0961160e+06   4.1259766e+01
   8.0962960e+06   4.1503906e+01
   8.0965980e+06   3.6560059e+01
   8.0995320e+06   3.6010742e+01
   8.1600320e+06   3.9367676e+01
   8.1628770e+06   3.8269043e+01
   8.1632870e+06   3.6132812e+01
   8.1637150e+06   3.8574219e+01
   8.1640010e+06   3.6315918e+01
   8.1672770e+06   4.1809082e+01
   8.1879880e+06   3.8940430e+01
   8.1882090e+06   4.0039062e+01
   8.2142410e+06   3.7780762e+01
   8.2284670e+06   3.9001465e+01
   8.2382440e+06   4.2236328e+01
   8.2384790e+06   4.5898437e+01
   8.2386700e+06   3.7902832e+01
   8.2390380e+06   3.8146973e+01
   8.2390820e+06   4.6447754e+01
   8.2393380e+06   3.7780762e+01
   8.2404050e+06   4.0893555e+01
   8.2420590e+06   4.1564941e+01
   8.2425720e+06   4.4860840e+01
   8.2588610e+06   3.7048340e+01
   8.2752420e+06   3.9550781e+01
   8.2775210e+06   3.8757324e+01
   8.2836780e+06   3.6743164e+01
   8.2839980e+06   4.1687012e+01
   8.2841550e+06   3.8146973e+01
   8.2842770e+06   4.0222168e+01
   8.2845880e+06   3.7475586e+01
   8.2847630e+06   3.6132812e+01
   8.2856530e+06   3.7780762e+01
   8.2860140e+06   4.2114258e+01
   8.2862970e+06   3.8330078e+01
   8.2866270e+06   3.5949707e+01
   8.2869540e+06   4.0710449e+01
   8.2944160e+06   3.5766602e+01
   8.2955690e+06   3.8269043e+01
   8.3010610e+06   5.2429199e+01
   8.3133790e+06   3.6132812e+01
   8.3191950e+06   3.7048340e+01
   8.3220060e+06   4.6447754e+01
   8.3224440e+06   4.0832520e+01
   8.3227980e+06   3.8085938e+01
   8.3254220e+06   3.6682129e+01
   8.3387130e+06   4.3029785e+01
   8.3390320e+06   3.9855957e+01
   8.3397270e+06   3.8635254e+01
   8.3400670e+06   3.9062500e+01
   8.3660120e+06   4.8522949e+01
   8.3691280e+06   3.8757324e+01
   8.3697810e+06   4.3762207e+01
   8.3698330e+06   3.6254883e+01
   8.3709060e+06   4.1381836e+01
   8.3725550e+06   3.6987305e+01
   8.3969390e+06   4.0893555e+01
   8.4627280e+06   3.6499023e+01
   8.4668970e+06   4.0588379e+01
   8.4728170e+06   3.7231445e+01
   8.4867830e+06   3.7597656e+01
   8.4873430e+06   3.7048340e+01
   8.5130570e+06   4.1137695e+01
   8.5703280e+06   4.3029785e+01
   8.5719720e+06   3.9733887e+01
   8.5857660e+06   3.9184570e+01
   8.5902610e+06   3.8208008e+01
   8.5978470e+06   4.0283203e+01
   8.6212640e+06   3.8818359e+01
   8.6227320e+06   3.6254883e+01
   8.6233810e+06   4.3090820e+01
   8.6372150e+06   3.8024902e+01
   8.6722280e+06   3.6926270e+01
   8.6846220e+06   3.6560059e+01
   8.6851200e+06   3.7658691e+01
   8.6855410e+06   4.4982910e+01
   8.6864050e+06   3.8452148e+01
   8.6903800e+06   3.6071777e+01
   8.6978610e+06   3.6743164e+01
   8.7090690e+06   3.7719727e+01
   8.7173490e+06   4.1687012e+01
   8.7174590e+06   3.8024902e+01
   8.7187430e+06   3.6499023e+01
   8.7409600e+06   3.9062500e+01
   8.7448540e+06   3.7292480e+01
   8.7511520e+06   4.0222168e+01
   8.7596650e+06   3.7353516e+01
   8.7665620e+06   3.7353516e+01
   8.7735150e+06   3.8085937e+01
   8.7858180e+06   3.6804199e+01
   8.7863160e+06   3.9062500e+01
   8.8057520e+06   3.7658691e+01
   8.8151320e+06   3.6010742e+01
   8.8154660e+06   3.7841797e+01
   8.8156780e+06   3.9978027e+01
   8.8342530e+06   3.9245605e+01
   8.8376560e+06   4.4921875e+01
   8.8380670e+06   3.6682129e+01
   8.8383820e+06   4.5410156e+01
   8.8388270e+06   3.6315918e+01
   8.8389860e+06   4.3334961e+01
   8.8390900e+06   3.8146973e+01
   8.8393250e+06   4.0893555e+01
   8.8393700e+06   3.6804199e+01
   8.8395400e+06   4.3701172e+01
   8.8398120e+06   3.6254883e+01
   8.8400750e+06   3.6499023e+01
   8.8402810e+06   3.6193848e+01
   8.8405030e+06   3.7414551e+01
   8.8407250e+06   4.3518066e+01
   8.8409000e+06   3.9367676e+01
   8.8410290e+06   3.7536621e+01
   8.8574590e+06   3.7841797e+01
   8.8581680e+06   3.6315918e+01
   8.8598240e+06   3.6010742e+01
   8.8605210e+06   3.9245605e+01
   8.8609660e+06   4.0527344e+01
   8.8626050e+06   3.6743164e+01
   8.8629320e+06   3.9428711e+01
   8.8634600e+06   3.8085938e+01
   8.8657920e+06   3.6743164e+01
   8.8715790e+06   3.7658691e+01
   8.8760340e+06   3.9916992e+01
   8.8763590e+06   3.7536621e+01
   8.8766550e+06   3.6071777e+01
   8.8783590e+06   5.0842285e+01
   8.8799500e+06   3.9001465e+01
   8.8800510e+06   3.6621094e+01
   8.8808170e+06   4.1809082e+01
   8.8836420e+06   3.6804199e+01
   8.9006540e+06   3.9001465e+01
   8.9010160e+06   3.8085938e+01
   8.9093330e+06   3.7841797e+01
   8.9105840e+06   3.6560059e+01
   8.9155850e+06   4.1931152e+01
   8.9204120e+06   3.6071777e+01
   8.9297810e+06   3.8024902e+01
   8.9364580e+06   3.7780762e+01
   8.9497500e+06   3.8513184e+01
   8.9609090e+06   4.5776367e+01
   8.9791530e+06   3.9611816e+01
