   8.9990000e+06   0.0000000e+00
   2.4179600e+05   4.0466309e+01
   7.7535600e+05   4.1870117e+01
   1.0037470e+06   4.3823242e+01
   1.0903180e+06   4.6813965e+01
   1.2087730e+06   3.9489746e+01
   1.3993920e+06   4.0649414e+01
   1.7605810e+06   4.4860840e+01
   1.8732260e+06   4.0466309e+01
   1.9670560e+06   4.7302246e+01
   2.1982820e+06   4.4067383e+01
   2.3465140e+06   3.9916992e+01
   3.2638090e+06   4.1259766e+01
   3.2642560e+06   3.9245605e+01
   3.6763980e+06   4.1015625e+01
   3.7009170e+06   4.2541504e+01
   3.9310090e+06   4.4921875e+01
   4.1857540e+06   4.0222168e+01
   4.1994570e+06   4.0649414e+01
   4.1997840e+06   4.0161133e+01
   4.3571550e+06   4.1870117e+01
   5.1452800e+06   4.4372559e+01
   5.2934760e+06   4.2053223e+01
   5.6750640e+06   3.9733887e+01
   5.9570000e+06   4.0039062e+01
   6.0932640e+06   4.7302246e+01
   6.3236250e+06   3.9611816e+01
   6.7057740e+06   3.9245605e+01
   6.9188800e+06   4.2114258e+01
   7.0335970e+06   3.9184570e+01
   7.3172470e+06   4.1503906e+01
   7.3645320e+06   4.0283203e+01
   7.4522540e+06   3.9550781e+01
   7.5344120e+06   4.1137695e+01
   7.5882770e+06   3.9123535e+01
   7.6258060e+06   3.9611816e+01
   8.2383450e+06   4.1259766e+01
