   8.9990000e+06   0.0000000e+00
   7.6185000e+04   3.4667969e+01
   1.9905700e+05   3.4912109e+01
   2.0018100e+05   3.7231445e+01
   2.4319700e+05   3.7902832e+01
   2.4365600e+05   3.7963867e+01
   5.5061000e+05   4.0649414e+01
   5.5103200e+05   3.4484863e+01
   5.5118500e+05   3.5644531e+01
   7.7583400e+05   3.9001465e+01
   9.5768000e+05   3.7048340e+01
   1.0037140e+06   3.7841797e+01
   1.1563200e+06   3.7414551e+01
   1.2836130e+06   3.5827637e+01
   1.3337740e+06   3.6376953e+01
   1.3970260e+06   3.4484863e+01
   1.4914770e+06   3.9123535e+01
   1.5843780e+06   3.4790039e+01
   1.6018320e+06   3.5705566e+01
   1.7004400e+06   3.5705566e+01
   1.7425980e+06   3.6437988e+01
   1.7522860e+06   4.9743652e+01
   1.8593590e+06   3.5949707e+01
   1.8734580e+06   3.7719727e+01
   1.9617500e+06   3.7231445e+01
   2.1617140e+06   3.5644531e+01
   2.2405210e+06   3.8146973e+01
   2.3210640e+06   3.5705566e+01
   2.3373970e+06   3.5583496e+01
   2.6215430e+06   3.6926270e+01
   2.7190660e+06   3.6682129e+01
   3.6373620e+06   4.3212891e+01
   3.6377580e+06   3.6315918e+01
   3.8203810e+06   4.3212891e+01
   4.2013310e+06   4.5532227e+01
   4.3598740e+06   3.8452148e+01
   4.6110710e+06   3.4545898e+01
   5.0270040e+06   4.0771484e+01
   5.0272610e+06   3.9428711e+01
   5.1195870e+06   4.4128418e+01
   5.1199490e+06   3.7841797e+01
   5.5544050e+06   3.6254883e+01
   5.8984210e+06   3.4790039e+01
   5.9242490e+06   3.5034180e+01
   5.9245460e+06   3.4423828e+01
   5.9612960e+06   3.6926270e+01
   6.4292160e+06   3.5034180e+01
   6.4294670e+06   3.6315918e+01
   6.7369090e+06   3.5522461e+01
   6.7773830e+06   4.2724609e+01
   6.9506360e+06   3.4423828e+01
   6.9510270e+06   3.5217285e+01
   7.2499980e+06   3.4301758e+01
   7.6045140e+06   3.8879395e+01
   7.6049730e+06   3.8330078e+01
   7.6442430e+06   4.3212891e+01
   7.8132770e+06   3.4667969e+01
   8.2413840e+06   4.4067383e+01
   8.2855850e+06   3.4606934e+01
   8.2859920e+06   3.4545898e+01
   8.3238100e+06   3.4545898e+01
   8.3240540e+06   4.0039062e+01
   8.3244070e+06   3.9672852e+01
   8.8016300e+06   3.4484863e+01
   8.8397600e+06   5.0415039e+01
   8.8650110e+06   3.7841797e+01
