   8.9990000e+06   0.0000000e+00
   2.8140000e+03   5.2429199e+01
   3.5160000e+03   4.2785645e+01
   2.2364000e+04   4.4250488e+01
   3.6459000e+04   4.7546387e+01
   7.0800000e+04   5.2124023e+01
   7.6860000e+04   4.1320801e+01
   8.6675000e+04   4.8645020e+01
   8.9058000e+04   4.8889160e+01
   1.0190200e+05   4.5166016e+01
   1.0268500e+05   4.1870117e+01
   1.2349400e+05   5.8715820e+01
   1.2589500e+05   4.1870117e+01
   1.2772300e+05   4.1564941e+01
   1.5067300e+05   5.3405762e+01
   1.6464300e+05   7.6232910e+01
   1.9106000e+05   5.9509277e+01
   1.9195000e+05   5.6884766e+01
   1.9786000e+05   4.3212891e+01
   1.9883200e+05   4.8217773e+01
   1.9916600e+05   7.1166992e+01
   2.1711600e+05   6.2011719e+01
   2.1763800e+05   4.5715332e+01
   2.1820200e+05   5.2673340e+01
   2.1841700e+05   4.3579102e+01
   2.1920600e+05   4.2480469e+01
   2.2023900e+05   4.1137695e+01
   2.2529000e+05   5.0170898e+01
   2.3123900e+05   4.0832520e+01
   2.5653500e+05   5.2551270e+01
   2.5736500e+05   4.6020508e+01
   2.7983400e+05   4.9316406e+01
   2.8104400e+05   4.0649414e+01
   2.8177600e+05   4.1564941e+01
   3.1265800e+05   4.7607422e+01
   3.1332000e+05   4.5776367e+01
   3.2859800e+05   4.8400879e+01
   3.2911100e+05   4.2541504e+01
   3.6107400e+05   6.0546875e+01
   3.6266300e+05   4.4494629e+01
   3.6597500e+05   4.3823242e+01
   3.7258000e+05   4.0527344e+01
   3.8065800e+05   8.0383301e+01
   3.8111300e+05   8.4045410e+01
   3.8142200e+05   5.5847168e+01
   3.8169500e+05   4.8400879e+01
   3.8200800e+05   4.3395996e+01
   3.9176400e+05   6.3720703e+01
   4.1702500e+05   6.1462402e+01
   4.1804500e+05   3.9672852e+01
   4.1863600e+05   3.9855957e+01
   4.2177700e+05   3.9855957e+01
   4.4405100e+05   4.2541504e+01
   4.4839400e+05   5.0720215e+01
   4.6133500e+05   4.4372559e+01
   4.7685500e+05   8.5693359e+01
   4.7690900e+05   5.8654785e+01
   4.7774200e+05   4.7485352e+01
   4.7846700e+05   4.2358398e+01
   5.0339300e+05   6.2133789e+01
   5.3160500e+05   5.0659180e+01
   5.3295000e+05   4.0649414e+01
   5.6233700e+05   5.2368164e+01
   5.6276800e+05   4.0771484e+01
   5.6364600e+05   4.0222168e+01
   5.9398900e+05   4.5227051e+01
   5.9496800e+05   4.0588379e+01
   5.9566000e+05   4.1137695e+01
   6.0886500e+05   8.2641602e+01
   6.1032500e+05   7.5561523e+01
   6.2168200e+05   5.1574707e+01
   6.2222500e+05   4.1931152e+01
   6.2280500e+05   4.1870117e+01
   6.4888400e+05   4.5654297e+01
   6.5102500e+05   5.4260254e+01
   6.5247400e+05   6.9458008e+01
   6.5306100e+05   5.5236816e+01
   6.5325900e+05   4.4250488e+01
   6.5421500e+05   4.4921875e+01
   6.5727100e+05   4.1564941e+01
   6.7446900e+05   5.0292969e+01
   6.7845000e+05   4.5654297e+01
   7.0587300e+05   5.1940918e+01
   7.3321900e+05   5.4321289e+01
   7.3382100e+05   4.3884277e+01
   7.5200900e+05   8.5388184e+01
   7.5359800e+05   8.1787109e+01
   7.5397300e+05   6.1889648e+01
   7.6574900e+05   5.1757813e+01
   7.6652600e+05   4.9621582e+01
   7.7654300e+05   6.8664551e+01
   7.7681900e+05   5.3405762e+01
   7.7706700e+05   4.1137695e+01
   7.8897900e+05   4.1809082e+01
   8.0465600e+05   4.1442871e+01
   8.1625600e+05   4.6997070e+01
   8.1880100e+05   6.9519043e+01
   8.1946700e+05   7.5256348e+01
   8.4370100e+05   4.7607422e+01
   8.4812600e+05   4.0954590e+01
   8.5977800e+05   8.1542969e+01
   8.6022300e+05   6.3537598e+01
   8.6067200e+05   4.8095703e+01
   8.6490400e+05   5.2612305e+01
   8.6539600e+05   4.4128418e+01
   8.9515800e+05   4.8583984e+01
   8.9592700e+05   7.0861816e+01
   8.9674300e+05   4.1137695e+01
   8.9877000e+05   5.6274414e+01
   9.0205200e+05   5.1513672e+01
   9.0329200e+05   5.4443359e+01
   9.0351800e+05   4.2907715e+01
   9.0456700e+05   4.2602539e+01
   9.1310900e+05   5.0659180e+01
   9.1770800e+05   4.3334961e+01
   9.2926100e+05   7.3608398e+01
   9.2971800e+05   6.5795898e+01
   9.5114500e+05   4.8706055e+01
   9.7186400e+05   7.3486328e+01
   9.8674700e+05   4.6325684e+01
   9.8768500e+05   5.1391602e+01
   1.0041870e+06   9.2590332e+01
   1.0044320e+06   6.0485840e+01
   1.0046570e+06   4.4311523e+01
   1.0192530e+06   5.2001953e+01
   1.0205180e+06   3.9978027e+01
   1.0382600e+06   6.7626953e+01
   1.0414320e+06   4.5959473e+01
   1.0516320e+06   7.9711914e+01
   1.0521880e+06   6.2988281e+01
   1.0552280e+06   5.6152344e+01
   1.0557870e+06   5.2368164e+01
   1.0566260e+06   4.8950195e+01
   1.0570050e+06   3.9794922e+01
   1.0610250e+06   4.1503906e+01
   1.0670810e+06   5.0292969e+01
   1.0750370e+06   6.7626953e+01
   1.0756730e+06   5.5114746e+01
   1.0760280e+06   4.3090820e+01
   1.0907690e+06   4.2175293e+01
   1.1023310e+06   4.1137695e+01
   1.1170730e+06   8.8806152e+01
   1.1383450e+06   5.1391602e+01
   1.1533220e+06   8.0139160e+01
   1.1538530e+06   7.7331543e+01
   1.1543720e+06   6.5002441e+01
   1.1548900e+06   4.0649414e+01
   1.1720460e+06   5.0537109e+01
   1.2012450e+06   5.7067871e+01
   1.2017740e+06   4.5043945e+01
   1.2023500e+06   4.2236328e+01
   1.2230730e+06   5.2856445e+01
   1.2289450e+06   8.3129883e+01
   1.2477110e+06   7.2448730e+01
   1.2483190e+06   6.5368652e+01
   1.2499520e+06   5.1696777e+01
   1.2827010e+06   4.3701172e+01
   1.2828030e+06   3.9611816e+01
   1.2832590e+06   4.5715332e+01
   1.2838500e+06   4.0283203e+01
   1.2951100e+06   7.0678711e+01
   1.2955510e+06   6.0241699e+01
   1.2960680e+06   4.0832520e+01
   1.3072480e+06   5.8593750e+01
   1.3078600e+06   5.1940918e+01
   1.3086970e+06   4.9621582e+01
   1.3152650e+06   4.2114258e+01
   1.3253360e+06   4.3762207e+01
   1.3386320e+06   5.8532715e+01
   1.3394980e+06   4.2785645e+01
   1.3412180e+06   7.4584961e+01
   1.3415910e+06   5.6518555e+01
   1.3421220e+06   5.7800293e+01
   1.3570090e+06   4.9743652e+01
   1.3724880e+06   6.9335938e+01
   1.3728920e+06   5.6335449e+01
   1.3771550e+06   5.1147461e+01
   1.3985490e+06   3.9611816e+01
   1.4020350e+06   4.5715332e+01
   1.4022450e+06   4.0405273e+01
   1.4027990e+06   5.7983398e+01
   1.4030100e+06   4.3090820e+01
   1.4030580e+06   4.9743652e+01
   1.4033240e+06   4.0588379e+01
   1.4047240e+06   4.0039062e+01
   1.4055860e+06   4.3762207e+01
   1.4150990e+06   5.4565430e+01
   1.4159210e+06   4.0466309e+01
   1.4195080e+06   4.1625977e+01
   1.4369540e+06   6.1706543e+01
   1.4377480e+06   4.4677734e+01
   1.4400140e+06   7.4829102e+01
   1.4407070e+06   7.0434570e+01
   1.4515620e+06   5.7556152e+01
   1.4617770e+06   4.5043945e+01
   1.4780690e+06   5.2429199e+01
   1.4785830e+06   6.0119629e+01
   1.4821830e+06   4.8767090e+01
   1.4844800e+06   4.7485352e+01
   1.5048500e+06   4.7668457e+01
   1.5073040e+06   7.7514648e+01
   1.5104180e+06   6.1645508e+01
   1.5106410e+06   4.5104980e+01
   1.5250140e+06   5.6762695e+01
   1.5254540e+06   4.2358398e+01
   1.5384630e+06   6.6284180e+01
   1.5483700e+06   5.1086426e+01
   1.5703670e+06   4.1809082e+01
   1.5785750e+06   8.7341309e+01
   1.5807300e+06   4.0344238e+01
   1.5860760e+06   4.7424316e+01
   1.5878310e+06   4.1564941e+01
   1.6083880e+06   4.5288086e+01
   1.6090550e+06   4.4372559e+01
   1.6171300e+06   7.0007324e+01
   1.6279360e+06   6.2622070e+01
   1.6282330e+06   5.7617188e+01
   1.6302230e+06   6.0668945e+01
   1.6308430e+06   4.6691895e+01
   1.6310190e+06   4.0588379e+01
   1.6383730e+06   5.7067871e+01
   1.6461590e+06   7.8735352e+01
   1.6534670e+06   4.2846680e+01
   1.6542940e+06   4.2785645e+01
   1.6710720e+06   7.8857422e+01
   1.6788240e+06   3.9733887e+01
   1.6794640e+06   4.2541504e+01
   1.6933860e+06   4.3579102e+01
   1.7017240e+06   5.7678223e+01
   1.7135850e+06   4.0466309e+01
   1.7139820e+06   7.8491211e+01
   1.7174890e+06   5.0842285e+01
   1.7250500e+06   4.7485352e+01
   1.7300890e+06   6.2805176e+01
   1.7305200e+06   5.8837891e+01
   1.7309440e+06   3.9916992e+01
   1.7311890e+06   4.3823242e+01
   1.7321050e+06   5.0476074e+01
   1.7353920e+06   4.1931152e+01
   1.7381410e+06   5.5358887e+01
   1.7519960e+06   8.9172363e+01
   1.7529370e+06   7.0800781e+01
   1.7536450e+06   4.3823242e+01
   1.7545800e+06   3.9611816e+01
   1.7592630e+06   5.5419922e+01
   1.7647910e+06   4.6752930e+01
   1.7843730e+06   6.5612793e+01
   1.7853300e+06   4.1320801e+01
   1.7908590e+06   6.6345215e+01
   1.7919610e+06   5.4077148e+01
   1.7939880e+06   4.0954590e+01
   1.8097140e+06   4.8461914e+01
   1.8265800e+06   7.2631836e+01
   1.8269870e+06   4.7973633e+01
   1.8272070e+06   4.0100098e+01
   1.8292630e+06   4.8034668e+01
   1.8319330e+06   4.1748047e+01
   1.8442020e+06   6.9702148e+01
   1.8446380e+06   4.7912598e+01
   1.8454830e+06   4.8828125e+01
   1.8461640e+06   3.9978027e+01
   1.8580980e+06   4.6081543e+01
   1.8610530e+06   4.0405273e+01
   1.8655680e+06   4.1564941e+01
   1.8726860e+06   5.0170898e+01
   1.8732100e+06   6.1767578e+01
   1.8733810e+06   5.2490234e+01
   1.8736640e+06   4.4555664e+01
   1.8737070e+06   5.8105469e+01
   1.8754200e+06   4.2175293e+01
   1.8756530e+06   6.6162109e+01
   1.8764910e+06   3.9978027e+01
   1.8779350e+06   4.0405273e+01
   1.8834400e+06   4.7790527e+01
   1.8889160e+06   6.7626953e+01
   1.9092520e+06   4.0771484e+01
   1.9100400e+06   7.2692871e+01
   1.9153600e+06   4.8950195e+01
   1.9303290e+06   6.4392090e+01
   1.9306020e+06   5.4260254e+01
   1.9316110e+06   4.4616699e+01
   1.9356010e+06   4.8217773e+01
   1.9369300e+06   4.0100098e+01
   1.9553660e+06   5.0598145e+01
   1.9567800e+06   4.2358398e+01
   1.9582110e+06   4.6264648e+01
   1.9687450e+06   7.4829102e+01
   1.9716690e+06   3.9978027e+01
   1.9722790e+06   4.0344238e+01
   1.9731390e+06   4.5349121e+01
   1.9741970e+06   4.2297363e+01
   1.9879130e+06   4.6020508e+01
   1.9970850e+06   4.8828125e+01
   2.0038390e+06   6.0485840e+01
   2.0055220e+06   7.9956055e+01
   2.0262830e+06   5.5603027e+01
   2.0327470e+06   7.5134277e+01
   2.0473150e+06   5.6030273e+01
   2.0570640e+06   4.4982910e+01
   2.0574340e+06   5.5847168e+01
   2.0643050e+06   5.4138184e+01
   2.0765090e+06   5.8166504e+01
   2.0789080e+06   4.1076660e+01
   2.0941210e+06   5.0415039e+01
   2.0998640e+06   7.7758789e+01
   2.1003830e+06   6.3232422e+01
   2.1106690e+06   4.7119141e+01
   2.1256160e+06   6.7199707e+01
   2.1259770e+06   5.7556152e+01
   2.1347120e+06   5.4077148e+01
   2.1351710e+06   4.0161133e+01
   2.1359730e+06   5.3100586e+01
   2.1402760e+06   4.0649414e+01
   2.1451520e+06   4.8583984e+01
   2.1453700e+06   5.4626465e+01
   2.1456010e+06   5.1879883e+01
   2.1459130e+06   4.7241211e+01
   2.1521360e+06   5.2246094e+01
   2.1684440e+06   7.2937012e+01
   2.1705620e+06   4.7302246e+01
   2.1731860e+06   6.4636230e+01
   2.1735610e+06   5.3100586e+01
   2.1741660e+06   5.0903320e+01
   2.1880890e+06   5.9875488e+01
   2.1974480e+06   3.9794922e+01
   2.1983120e+06   7.1777344e+01
   2.1986500e+06   4.8461914e+01
   2.2040820e+06   4.1198730e+01
   2.2043730e+06   5.6213379e+01
   2.2214750e+06   4.4128418e+01
   2.2241630e+06   7.0251465e+01
   2.2302260e+06   6.5307617e+01
   2.2358010e+06   4.2175293e+01
   2.2392100e+06   4.6020508e+01
   2.2401500e+06   4.0100098e+01
   2.2664210e+06   6.0668945e+01
   2.2669500e+06   3.9794922e+01
   2.2718840e+06   6.8359375e+01
   2.2766340e+06   5.8532715e+01
   2.2929920e+06   4.9133301e+01
   2.2967060e+06   3.9733887e+01
   2.3062560e+06   6.4392090e+01
   2.3066100e+06   5.8715820e+01
   2.3212830e+06   4.6997070e+01
   2.3222340e+06   4.0710449e+01
   2.3241360e+06   5.0964355e+01
   2.3243680e+06   4.7363281e+01
   2.3247820e+06   5.4931641e+01
   2.3250090e+06   4.8583984e+01
   2.3254110e+06   4.1625977e+01
   2.3357380e+06   4.2968750e+01
   2.3376640e+06   5.7983398e+01
   2.3378830e+06   4.3090820e+01
   2.3485430e+06   6.2805176e+01
   2.3592100e+06   6.6040039e+01
   2.3607020e+06   5.8166504e+01
   2.3610410e+06   4.3762207e+01
   2.3695720e+06   4.1015625e+01
   2.3705750e+06   4.1809082e+01
   2.3708270e+06   5.9387207e+01
   2.3794110e+06   6.7199707e+01
   2.3825430e+06   4.9011230e+01
   2.3832420e+06   3.9855957e+01
   2.3863820e+06   6.7199707e+01
   2.3971060e+06   4.3090820e+01
   2.4003500e+06   4.7119141e+01
   2.4026440e+06   4.0771484e+01
   2.4036450e+06   4.3884277e+01
   2.4233800e+06   4.8889160e+01
   2.4261670e+06   4.3762207e+01
   2.4285320e+06   6.3598633e+01
   2.4375020e+06   3.9794922e+01
   2.4475050e+06   4.8706055e+01
   2.4488090e+06   6.6406250e+01
   2.4492900e+06   5.9997559e+01
   2.4680780e+06   4.0710449e+01
   2.4805700e+06   5.4077148e+01
   2.4993170e+06   7.5622559e+01
   2.4995990e+06   5.6823730e+01
   2.5005130e+06   5.1147461e+01
   2.5198470e+06   4.3945312e+01
   2.5210130e+06   5.1086426e+01
   2.5262480e+06   5.7800293e+01
   2.5264890e+06   4.0832520e+01
   2.5268560e+06   5.1025391e+01
   2.5340330e+06   4.1137695e+01
   2.5414870e+06   5.8959961e+01
   2.5417640e+06   4.2358398e+01
   2.5421100e+06   4.2053223e+01
   2.5425860e+06   4.4433594e+01
   2.5440010e+06   4.0344238e+01
   2.5637790e+06   6.8603516e+01
   2.5641100e+06   6.1828613e+01
   2.5676470e+06   5.3405762e+01
   2.5679110e+06   4.2541504e+01
   2.5881240e+06   4.0039062e+01
   2.5909650e+06   6.9702148e+01
   2.5916980e+06   4.0222168e+01
   2.5948620e+06   4.6936035e+01
   2.5958240e+06   5.0720215e+01
   2.5970220e+06   5.6640625e+01
   2.6091050e+06   3.9978027e+01
   2.6222380e+06   7.0617676e+01
   2.6224880e+06   6.0241699e+01
   2.6226920e+06   4.3579102e+01
   2.6250310e+06   5.4443359e+01
   2.6256490e+06   5.4016113e+01
   2.6258900e+06   4.7912598e+01
   2.6261290e+06   4.6630859e+01
   2.6334570e+06   5.5908203e+01
   2.6347100e+06   4.3701172e+01
   2.6409330e+06   6.3171387e+01
   2.6412230e+06   4.9804688e+01
   2.6530670e+06   4.5715332e+01
   2.6663040e+06   8.0200195e+01
   2.6665360e+06   4.2785645e+01
   2.6780650e+06   5.7006836e+01
   2.6786030e+06   4.0954590e+01
   2.6938880e+06   4.3090820e+01
   2.6955290e+06   6.7565918e+01
   2.6958480e+06   4.3762207e+01
   2.6966540e+06   4.4860840e+01
   2.7048340e+06   4.7363281e+01
   2.7134850e+06   6.0974121e+01
   2.7304390e+06   5.2246094e+01
   2.7310480e+06   3.9916992e+01
   2.7488620e+06   5.2246094e+01
   2.7497870e+06   4.5227051e+01
   2.7507910e+06   4.5104980e+01
   2.7652990e+06   7.1960449e+01
   2.7653420e+06   4.6752930e+01
   2.7732760e+06   5.2246094e+01
   2.7739480e+06   4.1137695e+01
   2.7745320e+06   4.2602539e+01
   2.7973540e+06   4.0954590e+01
   2.7985500e+06   4.2968750e+01
   2.8059480e+06   6.4086914e+01
   2.8063160e+06   6.0119629e+01
   2.8134420e+06   5.3161621e+01
   2.8233850e+06   4.8828125e+01
   2.8239150e+06   4.9804688e+01
   2.8405300e+06   4.6386719e+01
   2.8418800e+06   3.9672852e+01
   2.8440260e+06   6.7016602e+01
   2.8597090e+06   4.8278809e+01
   2.8607230e+06   4.7241211e+01
   2.8699150e+06   4.1076660e+01
   2.8750560e+06   5.2368164e+01
   2.8757260e+06   4.6997070e+01
   2.8953560e+06   5.3894043e+01
   2.8962410e+06   4.1625977e+01
   2.9170950e+06   4.4372559e+01
   2.9173180e+06   4.1381836e+01
   2.9184240e+06   5.7250977e+01
   2.9189980e+06   3.9611816e+01
   2.9246220e+06   4.0405273e+01
   2.9330740e+06   4.0832520e+01
   2.9350800e+06   6.8298340e+01
   2.9357580e+06   4.8950195e+01
   2.9359970e+06   5.1025391e+01
   2.9360290e+06   8.1054688e+01
   2.9365740e+06   6.6101074e+01
   2.9451880e+06   5.3283691e+01
   2.9461670e+06   4.2053223e+01
   2.9508610e+06   5.8898926e+01
   2.9512780e+06   4.6081543e+01
   2.9517880e+06   5.0720215e+01
   2.9570410e+06   4.5532227e+01
   2.9638500e+06   6.4392090e+01
   2.9642490e+06   5.2673340e+01
   2.9673080e+06   3.9672852e+01
   2.9840500e+06   4.9011230e+01
   2.9846830e+06   5.4931641e+01
   2.9864120e+06   3.9672852e+01
   3.0090340e+06   4.4860840e+01
   3.0293790e+06   4.7119141e+01
   3.0298190e+06   4.0283203e+01
   3.0630150e+06   4.5288086e+01
   3.0634040e+06   4.0954590e+01
   3.0643470e+06   4.0649414e+01
   3.0658880e+06   4.0588379e+01
   3.0831980e+06   5.0231934e+01
   3.0845370e+06   4.6203613e+01
   3.0974400e+06   4.1442871e+01
   3.1049020e+06   4.5166016e+01
   3.1052640e+06   4.6752930e+01
   3.1069230e+06   5.1757812e+01
   3.1075770e+06   4.1137695e+01
   3.1235820e+06   3.9611816e+01
   3.1251280e+06   5.1391602e+01
   3.1426990e+06   4.3395996e+01
   3.1433620e+06   4.3273926e+01
   3.1572560e+06   7.9345703e+01
   3.1659780e+06   4.2480469e+01
   3.1898040e+06   5.0170898e+01
   3.2036030e+06   4.2846680e+01
   3.2181390e+06   4.7668457e+01
   3.2194220e+06   4.1076660e+01
   3.2426610e+06   6.7687988e+01
   3.2432230e+06   4.9804688e+01
   3.2441290e+06   5.6457520e+01
   3.2453720e+06   5.0292969e+01
   3.2461760e+06   5.2246094e+01
   3.2493590e+06   4.2846680e+01
   3.2517860e+06   4.0649414e+01
   3.2522500e+06   5.9692383e+01
   3.2527830e+06   5.7861328e+01
   3.2560270e+06   5.3344727e+01
   3.2612890e+06   3.9855957e+01
   3.2663570e+06   4.7668457e+01
   3.2676810e+06   7.2143555e+01
   3.2679210e+06   4.6264648e+01
   3.2916930e+06   4.8889160e+01
   3.2921730e+06   4.2968750e+01
   3.3003260e+06   4.1687012e+01
   3.3089910e+06   8.1115723e+01
   3.3094590e+06   6.7993164e+01
   3.3098490e+06   4.9316406e+01
   3.3199820e+06   6.0119629e+01
   3.3217010e+06   4.1198730e+01
   3.3223340e+06   4.0527344e+01
   3.3442870e+06   4.5166016e+01
   3.3733070e+06   5.0476074e+01
   3.3736240e+06   4.2419434e+01
   3.3780100e+06   3.9916992e+01
   3.3850280e+06   4.7851562e+01
   3.3867940e+06   4.1931152e+01
   3.4170780e+06   5.2246094e+01
   3.4178540e+06   4.1381836e+01
   3.4344170e+06   5.3344727e+01
   3.4348880e+06   4.7973633e+01
   3.4393140e+06   4.4677734e+01
   3.4601230e+06   5.4260254e+01
   3.4610440e+06   4.5837402e+01
   3.4799760e+06   5.2246094e+01
   3.4804200e+06   4.6264648e+01
   3.4821520e+06   4.1259766e+01
   3.4828580e+06   4.1259766e+01
   3.5191250e+06   5.9570312e+01
   3.5194590e+06   4.1381836e+01
   3.5201040e+06   5.8166504e+01
   3.5319620e+06   5.8166504e+01
   3.5410880e+06   5.6396484e+01
   3.5726300e+06   5.5419922e+01
   3.5734420e+06   5.1208496e+01
   3.5758890e+06   4.3212891e+01
   3.6041580e+06   5.9387207e+01
   3.6046750e+06   4.2175293e+01
   3.6064640e+06   4.0283203e+01
   3.6169440e+06   4.0832520e+01
   3.6181150e+06   5.9020996e+01
   3.6208890e+06   6.0668945e+01
   3.6221660e+06   4.9987793e+01
   3.6224080e+06   4.0710449e+01
   3.6226760e+06   4.1198730e+01
   3.6233210e+06   4.2297363e+01
   3.6253380e+06   5.0415039e+01
   3.6313470e+06   6.0119629e+01
   3.6321460e+06   4.2236328e+01
   3.6363340e+06   7.4523926e+01
   3.6365910e+06   5.4748535e+01
   3.6381210e+06   4.2541504e+01
   3.6537540e+06   3.9794922e+01
   3.6580910e+06   4.1625977e+01
   3.6591190e+06   4.2541504e+01
   3.6599090e+06   4.0649414e+01
   3.6652000e+06   6.4697266e+01
   3.6676500e+06   6.3049316e+01
   3.6681360e+06   5.2490234e+01
   3.6682700e+06   4.7302246e+01
   3.6684320e+06   4.1015625e+01
   3.6808640e+06   6.0058594e+01
   3.7033420e+06   4.6630859e+01
   3.7037960e+06   4.2724609e+01
   3.7065510e+06   4.1748047e+01
   3.7296830e+06   5.2368164e+01
   3.7306650e+06   6.4514160e+01
   3.7307600e+06   4.1931152e+01
   3.7311120e+06   5.4443359e+01
   3.7313800e+06   4.1015625e+01
   3.7329290e+06   3.9794922e+01
   3.7369010e+06   5.1818848e+01
   3.7629650e+06   5.3222656e+01
   3.7782790e+06   6.8237305e+01
   3.7787160e+06   4.6630859e+01
   3.8023820e+06   5.7006836e+01
   3.8036050e+06   4.7363281e+01
   3.8053050e+06   5.8532715e+01
   3.8363740e+06   5.4321289e+01
   3.8368620e+06   3.9794922e+01
   3.8371780e+06   4.0588379e+01
   3.8718700e+06   5.9936523e+01
   3.8731560e+06   4.7790527e+01
   3.8845830e+06   3.9855957e+01
   3.8973950e+06   5.6213379e+01
   3.9112110e+06   5.9020996e+01
   3.9122640e+06   5.2612305e+01
   3.9171120e+06   6.8176270e+01
   3.9183190e+06   7.3547363e+01
   3.9186290e+06   5.3833008e+01
   3.9272010e+06   5.5725098e+01
   3.9289130e+06   4.3945312e+01
   3.9686060e+06   6.5917969e+01
   3.9701420e+06   4.0771484e+01
   3.9944400e+06   5.1269531e+01
   3.9961200e+06   4.3457031e+01
   4.0284280e+06   6.3720703e+01
   4.0300540e+06   5.4992676e+01
   4.0518610e+06   6.1279297e+01
   4.0522140e+06   4.9865723e+01
   4.0840630e+06   6.4147949e+01
   4.0930570e+06   5.3894043e+01
   4.0938330e+06   4.1992188e+01
   4.0949110e+06   4.1870117e+01
   4.1212000e+06   5.2185059e+01
   4.1215180e+06   4.0405273e+01
   4.1223380e+06   4.1442871e+01
   4.1552790e+06   7.6354980e+01
   4.1560010e+06   5.0598145e+01
   4.1575300e+06   4.1015625e+01
   4.1863660e+06   5.1513672e+01
   4.2014840e+06   9.7656250e+01
   4.2016380e+06   6.4819336e+01
   4.2120490e+06   5.8288574e+01
   4.2162420e+06   5.3527832e+01
   4.2166050e+06   4.2419434e+01
   4.2190460e+06   3.9794922e+01
   4.2523490e+06   5.7006836e+01
   4.2530620e+06   3.9733887e+01
   4.2916330e+06   5.0659180e+01
   4.2919930e+06   4.1503906e+01
   4.2927120e+06   3.9916992e+01
   4.2933550e+06   4.3823242e+01
   4.3281330e+06   4.9621582e+01
   4.3284720e+06   4.2236328e+01
   4.3290750e+06   4.0710449e+01
   4.3564420e+06   4.5104980e+01
   4.3568350e+06   4.9560547e+01
   4.3891350e+06   6.4270020e+01
   4.3955070e+06   3.9978027e+01
   4.4201880e+06   5.4016113e+01
   4.4210580e+06   4.0283203e+01
   4.4222380e+06   4.1870117e+01
   4.4536130e+06   5.5358887e+01
   4.4543860e+06   4.3212891e+01
   4.4956810e+06   6.3720703e+01
   4.5366570e+06   5.9082031e+01
   4.5670160e+06   5.3405762e+01
   4.5677760e+06   4.0954590e+01
   4.5696400e+06   5.1513672e+01
   4.5704930e+06   4.8950195e+01
   4.6027320e+06   5.1635742e+01
   4.6031960e+06   4.3945312e+01
   4.6071170e+06   4.2968750e+01
   4.6113930e+06   8.7890625e+01
   4.6121700e+06   7.3730469e+01
   4.6124140e+06   4.3395996e+01
   4.6126370e+06   4.3090820e+01
   4.6225320e+06   6.4575195e+01
   4.6235980e+06   5.7006836e+01
   4.6477450e+06   5.7983398e+01
   4.6483920e+06   4.2968750e+01
   4.6667310e+06   4.2541504e+01
   4.6791410e+06   4.5227051e+01
   4.6795640e+06   4.4128418e+01
   4.7006820e+06   5.2551270e+01
   4.7286270e+06   6.0058594e+01
   4.7536370e+06   5.6762695e+01
   4.7563580e+06   3.9855957e+01
   4.7746350e+06   4.1442871e+01
   4.7864400e+06   6.1401367e+01
   4.7920130e+06   6.6711426e+01
   4.7923600e+06   5.2490234e+01
   4.7935370e+06   5.1208496e+01
   4.8205330e+06   4.2358398e+01
   4.8463180e+06   5.0231934e+01
   4.8466220e+06   4.9560547e+01
   4.8473000e+06   4.2480469e+01
   4.8592300e+06   5.8410645e+01
   4.8605850e+06   4.5227051e+01
   4.8880410e+06   4.9255371e+01
   4.8888040e+06   6.6406250e+01
   4.9098860e+06   6.1340332e+01
   4.9675270e+06   5.9448242e+01
   4.9684130e+06   5.0231934e+01
   4.9689310e+06   3.9672852e+01
   4.9710120e+06   3.9978027e+01
   4.9975350e+06   6.2133789e+01
   4.9980830e+06   5.0231934e+01
   4.9995400e+06   4.2663574e+01
   5.0006070e+06   4.0771484e+01
   5.0168850e+06   6.0241699e+01
   5.0172750e+06   4.9133301e+01
   5.0180870e+06   4.4738770e+01
   5.0274620e+06   9.5947266e+01
   5.0276570e+06   8.5998535e+01
   5.0278340e+06   4.1503906e+01
   5.0286730e+06   4.2663574e+01
   5.0510790e+06   4.8767090e+01
   5.0514400e+06   4.4128418e+01
   5.0557940e+06   4.1442871e+01
   5.0737020e+06   5.4565430e+01
   5.0739810e+06   4.2297363e+01
   5.1005710e+06   5.3405762e+01
   5.1032110e+06   6.1706543e+01
   5.1046220e+06   4.6752930e+01
   5.1060920e+06   4.2297363e+01
   5.1199040e+06   8.7341309e+01
   5.1202900e+06   7.6904297e+01
   5.1204920e+06   5.1086426e+01
   5.1379870e+06   5.3039551e+01
   5.1565220e+06   4.8339844e+01
   5.1568750e+06   3.9733887e+01
   5.1577180e+06   5.2307129e+01
   5.1812770e+06   4.9804688e+01
   5.1819380e+06   4.4921875e+01
   5.1825920e+06   3.9733887e+01
   5.2102300e+06   4.9499512e+01
   5.2107480e+06   5.0415039e+01
   5.2115680e+06   4.5043945e+01
   5.2378170e+06   5.9570312e+01
   5.2384860e+06   4.3029785e+01
   5.2414880e+06   4.3701172e+01
   5.2806720e+06   5.4199219e+01
   5.2819990e+06   4.0649414e+01
   5.3023100e+06   6.4514160e+01
   5.3026780e+06   4.2175293e+01
   5.3285760e+06   6.1767578e+01
   5.3296950e+06   4.4799805e+01
   5.3302330e+06   4.4250488e+01
   5.3308840e+06   4.5715332e+01
   5.3481930e+06   5.6152344e+01
   5.3485110e+06   4.0527344e+01
   5.3697630e+06   5.7678223e+01
   5.3702760e+06   4.8278809e+01
   5.3723000e+06   4.3823242e+01
   5.3986550e+06   4.5898437e+01
   5.3992980e+06   4.0405273e+01
   5.4004000e+06   4.8583984e+01
   5.4471740e+06   5.8898926e+01
   5.4732380e+06   5.7617188e+01
   5.4739180e+06   4.0527344e+01
   5.4747170e+06   4.7668457e+01
   5.5017210e+06   4.2968750e+01
   5.5161290e+06   3.9611816e+01
   5.5170320e+06   5.1391602e+01
   5.5544540e+06   4.9072266e+01
   5.5549200e+06   8.5754395e+01
   5.5552110e+06   6.0302734e+01
   5.5719370e+06   7.5805664e+01
   5.5724500e+06   4.7302246e+01
   5.6114910e+06   6.6101074e+01
   5.6120830e+06   5.0659180e+01
   5.6127520e+06   3.9916992e+01
   5.6383750e+06   6.5673828e+01
   5.6452760e+06   6.2133789e+01
   5.6461090e+06   5.6640625e+01
   5.6479110e+06   4.4921875e+01
   5.6537760e+06   4.2053223e+01
   5.6981590e+06   5.5419922e+01
   5.6984160e+06   4.4128418e+01
   5.6990200e+06   4.1687012e+01
   5.7189390e+06   5.5236816e+01
   5.7193200e+06   4.0954590e+01
   5.7439050e+06   5.4626465e+01
   5.7561190e+06   6.3293457e+01
   5.7568710e+06   4.0222168e+01
   5.7778870e+06   5.6030273e+01
   5.7782500e+06   4.0283203e+01
   5.7790140e+06   4.3029785e+01
   5.7804370e+06   4.1076660e+01
   5.8177860e+06   6.3476562e+01
   5.8180740e+06   4.3945312e+01
   5.8189880e+06   4.5837402e+01
   5.8196040e+06   4.1503906e+01
   5.8211620e+06   4.3395996e+01
   5.8476960e+06   6.0668945e+01
   5.8485020e+06   4.9438477e+01
   5.8497140e+06   4.1564941e+01
   5.8512020e+06   3.9672852e+01
   5.8853880e+06   6.6284180e+01
   5.8857400e+06   4.5471191e+01
   5.8864100e+06   4.0100098e+01
   5.9118110e+06   5.6701660e+01
   5.9136140e+06   4.0954590e+01
   5.9141380e+06   4.1625977e+01
   5.9242500e+06   4.5471191e+01
   5.9244350e+06   8.6547852e+01
   5.9246180e+06   4.7607422e+01
   5.9403900e+06   6.0058594e+01
   5.9410900e+06   5.2917480e+01
   5.9416680e+06   4.9377441e+01
   5.9420060e+06   4.3701172e+01
   5.9422360e+06   4.4250488e+01
   5.9425920e+06   4.4677734e+01
   5.9443460e+06   4.5166016e+01
   5.9474620e+06   4.2114258e+01
   5.9573790e+06   4.0527344e+01
   5.9602480e+06   7.9162598e+01
   5.9607690e+06   8.1115723e+01
   5.9613600e+06   7.1105957e+01
   5.9616040e+06   4.5043945e+01
   5.9619080e+06   4.1015625e+01
   5.9680640e+06   5.8654785e+01
   5.9687910e+06   5.9570312e+01
   5.9693510e+06   4.6142578e+01
   5.9702030e+06   4.0100098e+01
   5.9891850e+06   4.8889160e+01
   5.9902270e+06   4.6936035e+01
   6.0159390e+06   5.1086426e+01
   6.0165370e+06   4.7851562e+01
   6.0174410e+06   5.1025391e+01
   6.0567430e+06   6.4941406e+01
   6.0573810e+06   4.1992188e+01
   6.0578870e+06   4.1809082e+01
   6.1031070e+06   6.2988281e+01
   6.1039210e+06   5.1940918e+01
   6.1043920e+06   4.7241211e+01
   6.1055250e+06   4.3212891e+01
   6.1063420e+06   4.5959473e+01
   6.1420490e+06   5.4931641e+01
   6.1423050e+06   3.9916992e+01
   6.1429100e+06   4.8400879e+01
   6.1440540e+06   4.0710449e+01
   6.1833400e+06   6.5124512e+01
   6.1841910e+06   4.1809082e+01
   6.1855360e+06   3.9733887e+01
   6.1870940e+06   4.0466309e+01
   6.2188970e+06   6.0363770e+01
   6.2196490e+06   5.1391602e+01
   6.2201470e+06   4.0161133e+01
   6.2208810e+06   4.3090820e+01
   6.2215210e+06   4.2724609e+01
   6.2502310e+06   5.8532715e+01
   6.2511900e+06   4.3945312e+01
   6.2528750e+06   3.9794922e+01
   6.2945760e+06   5.8532715e+01
   6.2951360e+06   4.6508789e+01
   6.3288260e+06   7.0312500e+01
   6.3292340e+06   5.2490234e+01
   6.3296520e+06   4.3395996e+01
   6.3510200e+06   6.2194824e+01
   6.3527570e+06   4.1076660e+01
   6.3532400e+06   4.0161133e+01
   6.3543930e+06   4.2663574e+01
   6.3798140e+06   5.6640625e+01
   6.3806550e+06   4.4128418e+01
   6.3810610e+06   4.1809082e+01
   6.4042900e+06   6.1950684e+01
   6.4046600e+06   4.2968750e+01
   6.4290580e+06   9.2285156e+01
   6.4292020e+06   4.3640137e+01
   6.4294030e+06   5.4992676e+01
   6.4296030e+06   5.2062988e+01
   6.4423440e+06   4.0344238e+01
   6.4470920e+06   4.3090820e+01
   6.4502770e+06   6.5124512e+01
   6.4509670e+06   4.1137695e+01
   6.4514200e+06   4.2297363e+01
   6.4716570e+06   4.5532227e+01
   6.4943720e+06   5.4565430e+01
   6.4948190e+06   5.4504395e+01
   6.4954690e+06   4.1015625e+01
   6.5265930e+06   4.1748047e+01
   6.5324660e+06   4.6569824e+01
   6.5700700e+06   6.4514160e+01
   6.6006100e+06   6.3781738e+01
   6.6201820e+06   6.2377930e+01
   6.6208330e+06   4.5043945e+01
   6.6212540e+06   4.0771484e+01
   6.6250150e+06   4.1931152e+01
   6.6568350e+06   5.6457520e+01
   6.6769510e+06   5.3344727e+01
   6.6774460e+06   4.0161133e+01
   6.6782080e+06   4.7119141e+01
   6.7192220e+06   4.8583984e+01
   6.7198870e+06   5.5358887e+01
   6.7215390e+06   4.0405273e+01
   6.7635140e+06   6.3415527e+01
   6.7641580e+06   5.2795410e+01
   6.7646400e+06   4.3090820e+01
   6.7650630e+06   4.2663574e+01
   6.7774920e+06   4.9682617e+01
   6.7777090e+06   8.9843750e+01
   6.7778510e+06   4.4860840e+01
   6.7927220e+06   7.2265625e+01
   6.7934600e+06   4.8767090e+01
   6.8276080e+06   5.9875488e+01
   6.8280600e+06   5.3344727e+01
   6.8283840e+06   4.4799805e+01
   6.8406940e+06   5.7312012e+01
   6.8424290e+06   4.0405273e+01
   6.8676540e+06   4.0161133e+01
   6.8819890e+06   5.9936523e+01
   6.8830480e+06   5.2001953e+01
   6.9149040e+06   4.0588379e+01
   6.9212920e+06   6.1401367e+01
   6.9266470e+06   5.4931641e+01
   6.9274990e+06   4.9133301e+01
   6.9291370e+06   4.2602539e+01
   6.9547970e+06   6.2683105e+01
   6.9610340e+06   7.5683594e+01
   6.9618580e+06   5.4138184e+01
   6.9623020e+06   4.5166016e+01
   6.9634050e+06   4.3762207e+01
   6.9642990e+06   4.4128418e+01
   6.9652060e+06   4.1931152e+01
   6.9865210e+06   5.7373047e+01
   6.9872490e+06   5.0781250e+01
   6.9887110e+06   4.6752930e+01
   7.0180270e+06   5.2307129e+01
   7.0184010e+06   4.1015625e+01
   7.0326110e+06   6.3354492e+01
   7.0330870e+06   4.2236328e+01
   7.0338650e+06   4.4128418e+01
   7.0720730e+06   4.0710449e+01
   7.0880120e+06   6.8054199e+01
   7.0885250e+06   6.2194824e+01
   7.0907980e+06   5.6152344e+01
   7.0922750e+06   4.4372559e+01
   7.1324680e+06   6.5734863e+01
   7.1328680e+06   4.8583984e+01
   7.1332930e+06   4.6813965e+01
   7.1341370e+06   4.2236328e+01
   7.1871640e+06   6.7871094e+01
   7.1874960e+06   4.6203613e+01
   7.1880740e+06   6.2622070e+01
   7.1891610e+06   4.4921875e+01
   7.1900600e+06   4.6813965e+01
   7.1908920e+06   4.0588379e+01
   7.2211850e+06   5.7617188e+01
   7.2227280e+06   5.1574707e+01
   7.2412510e+06   5.0659180e+01
   7.2419940e+06   4.8339844e+01
   7.2435930e+06   4.0527344e+01
   7.2455150e+06   4.6142578e+01
   7.2461270e+06   4.1381836e+01
   7.2743560e+06   4.1442871e+01
   7.2751270e+06   4.1503906e+01
   7.2883300e+06   6.7810059e+01
   7.2887010e+06   4.7973633e+01
   7.2893430e+06   4.3640137e+01
   7.2899000e+06   4.4982910e+01
   7.2919840e+06   4.2541504e+01
   7.3287850e+06   7.0800781e+01
   7.3295440e+06   5.9570312e+01
   7.3301370e+06   5.2612305e+01
   7.3666830e+06   5.9448242e+01
   7.3673530e+06   4.2480469e+01
   7.3681760e+06   4.0039063e+01
   7.3691450e+06   5.6579590e+01
   7.3923230e+06   5.5297852e+01
   7.3944730e+06   4.4555664e+01
   7.4380710e+06   5.4199219e+01
   7.4441480e+06   5.1757812e+01
   7.4620890e+06   5.0903320e+01
   7.4627020e+06   5.0476074e+01
   7.4638830e+06   4.0100098e+01
   7.4645170e+06   4.3640137e+01
   7.5018720e+06   6.1584473e+01
   7.5023910e+06   5.6762695e+01
   7.5028570e+06   4.1076660e+01
   7.5039740e+06   4.3640137e+01
   7.5049180e+06   4.2663574e+01
   7.5060360e+06   4.1137695e+01
   7.5325090e+06   5.6701660e+01
   7.5329430e+06   5.7800293e+01
   7.5343040e+06   4.6875000e+01
   7.5355990e+06   4.0222168e+01
   7.5974270e+06   7.3791504e+01
   7.5983290e+06   5.4626465e+01
   7.5991300e+06   4.6569824e+01
   7.5998700e+06   3.9794922e+01
   7.6037160e+06   3.9855957e+01
   7.6049570e+06   4.5349121e+01
   7.6051880e+06   3.9733887e+01
   7.6061160e+06   3.9672852e+01
   7.6228680e+06   3.9672852e+01
   7.6266120e+06   6.5734863e+01
   7.6272430e+06   4.7424316e+01
   7.6274860e+06   5.7617188e+01
   7.6277100e+06   4.1870117e+01
   7.6281760e+06   4.0649414e+01
   7.6292860e+06   4.4921875e+01
   7.6304180e+06   4.5837402e+01
   7.6326540e+06   4.0710449e+01
   7.6410250e+06   5.8654785e+01
   7.6415920e+06   4.2358398e+01
   7.6435810e+06   4.7851562e+01
   7.6442530e+06   9.1857910e+01
   7.6446030e+06   7.4340820e+01
   7.6448190e+06   6.5795898e+01
   7.6450800e+06   5.3405762e+01
   7.6664980e+06   4.1320801e+01
   7.6669410e+06   7.3425293e+01
   7.6720130e+06   5.3283691e+01
   7.6724490e+06   4.6508789e+01
   7.6740010e+06   4.4860840e+01
   7.6763310e+06   4.5349121e+01
   7.7049180e+06   5.7495117e+01
   7.7056620e+06   5.2246094e+01
   7.7077730e+06   4.3579102e+01
   7.7406690e+06   6.7932129e+01
   7.7412230e+06   4.1625977e+01
   7.7416940e+06   4.1320801e+01
   7.7458860e+06   4.3090820e+01
   7.7891040e+06   4.0039062e+01
   7.7985560e+06   6.5429688e+01
   7.7988380e+06   4.1381836e+01
   7.7992850e+06   5.2001953e+01
   7.8253410e+06   5.7861328e+01
   7.8257470e+06   5.0537109e+01
   7.8711120e+06   6.4453125e+01
   7.8713760e+06   4.2114258e+01
   7.8723310e+06   4.6936035e+01
   7.8732380e+06   4.1870117e+01
   7.9124730e+06   6.7382812e+01
   7.9127570e+06   3.9978027e+01
   7.9149190e+06   3.9978027e+01
   7.9158530e+06   4.6203613e+01
   7.9492810e+06   6.6162109e+01
   7.9502070e+06   5.3100586e+01
   7.9518710e+06   4.1442871e+01
   7.9874200e+06   6.3354492e+01
   7.9877520e+06   5.5297852e+01
   7.9887150e+06   4.1503906e+01
   8.0203770e+06   5.8593750e+01
   8.0208500e+06   4.3762207e+01
   8.0212150e+06   4.0954590e+01
   8.0221850e+06   4.5898438e+01
   8.0405550e+06   5.7800293e+01
   8.0413350e+06   4.1381836e+01
   8.0707130e+06   6.0241699e+01
   8.0717050e+06   4.2358398e+01
   8.0721000e+06   4.2480469e+01
   8.1190370e+06   5.8898926e+01
   8.1193470e+06   4.7790527e+01
   8.1201790e+06   4.0893555e+01
   8.1211270e+06   4.2236328e+01
   8.1227030e+06   4.3334961e+01
   8.1499100e+06   6.0180664e+01
   8.1786740e+06   5.7556152e+01
   8.1792400e+06   5.6823730e+01
   8.1797770e+06   4.7607422e+01
   8.1803140e+06   4.0710449e+01
   8.1809150e+06   4.1442871e+01
   8.1825470e+06   4.0771484e+01
   8.2269190e+06   4.0161133e+01
   8.2337930e+06   6.3659668e+01
   8.2384440e+06   5.0109863e+01
   8.2403680e+06   4.5104980e+01
   8.2407600e+06   4.5715332e+01
   8.2409770e+06   4.1687012e+01
   8.2412730e+06   8.5205078e+01
   8.2427340e+06   4.2236328e+01
   8.2564240e+06   6.2438965e+01
   8.2585220e+06   6.0241699e+01
   8.2593900e+06   5.5969238e+01
   8.2603260e+06   5.7373047e+01
   8.2606580e+06   4.2175293e+01
   8.2611800e+06   4.0588379e+01
   8.2619850e+06   4.2297363e+01
   8.2625420e+06   4.0771484e+01
   8.2641530e+06   4.0893555e+01
   8.2660820e+06   4.9133301e+01
   8.2689640e+06   5.9692383e+01
   8.2693050e+06   5.4565430e+01
   8.2731180e+06   4.1320801e+01
   8.2855160e+06   1.0144043e+02
   8.2857920e+06   6.9580078e+01
   8.2860930e+06   5.8471680e+01
   8.3130340e+06   7.4829102e+01
   8.3140500e+06   5.2124023e+01
   8.3227730e+06   4.1748047e+01
   8.3241650e+06   8.8684082e+01
   8.3244820e+06   8.1665039e+01
   8.3247700e+06   4.1931152e+01
   8.3248500e+06   4.0466309e+01
   8.3250270e+06   5.3588867e+01
   8.3255850e+06   4.6020508e+01
   8.3394670e+06   5.9387207e+01
   8.3402800e+06   5.2673340e+01
   8.3406710e+06   4.1625977e+01
   8.3442880e+06   4.1687012e+01
   8.3444510e+06   4.0710449e+01
   8.3794350e+06   6.0791016e+01
   8.3799900e+06   4.3273926e+01
   8.3825970e+06   4.0771484e+01
   8.4071620e+06   6.7016602e+01
   8.4090100e+06   4.2541504e+01
   8.4104770e+06   4.4738770e+01
   8.4109770e+06   4.1015625e+01
   8.4615520e+06   5.4687500e+01
   8.4622470e+06   4.5715332e+01
   8.4640540e+06   4.1320801e+01
   8.4905130e+06   5.4016113e+01
   8.4909150e+06   4.5349121e+01
   8.4924670e+06   4.1198730e+01
   8.5085680e+06   5.0476074e+01
   8.5090220e+06   4.0954590e+01
   8.5096790e+06   4.1381836e+01
   8.5114830e+06   3.9733887e+01
   8.5658770e+06   6.2744141e+01
   8.5662890e+06   5.8105469e+01
   8.5669890e+06   5.1452637e+01
   8.5682020e+06   4.0649414e+01
   8.5689990e+06   4.0527344e+01
   8.5854130e+06   5.7861328e+01
   8.5859120e+06   4.3884277e+01
   8.5866950e+06   5.2734375e+01
   8.5874060e+06   4.4677734e+01
   8.6348090e+06   5.4199219e+01
   8.6351300e+06   4.3457031e+01
   8.6358780e+06   4.1931152e+01
   8.6382090e+06   4.0771484e+01
   8.6828720e+06   5.8532715e+01
   8.6858980e+06   4.9560547e+01
   8.6966380e+06   5.9814453e+01
   8.6973300e+06   5.6030273e+01
   8.7184760e+06   6.1950684e+01
   8.7190090e+06   4.5227051e+01
   8.7197170e+06   4.9926758e+01
   8.7205520e+06   4.4616699e+01
   8.7275220e+06   4.1809082e+01
   8.7421110e+06   6.0424805e+01
   8.7430390e+06   4.1259766e+01
   8.7973480e+06   5.3771973e+01
   8.8015870e+06   4.1076660e+01
   8.8288710e+06   6.3232422e+01
   8.8351540e+06   6.3354492e+01
   8.8354320e+06   4.0405273e+01
   8.8367830e+06   5.0537109e+01
   8.8389980e+06   4.0161133e+01
   8.8399640e+06   8.5815430e+01
   8.8401060e+06   7.1472168e+01
   8.8402190e+06   4.0222168e+01
   8.8411160e+06   4.0649414e+01
   8.8587120e+06   3.9978027e+01
   8.8654420e+06   7.8674316e+01
   8.8677980e+06   6.5307617e+01
   8.8681630e+06   4.9743652e+01
   8.8686520e+06   4.3518066e+01
   8.8691850e+06   4.1320801e+01
   8.8697160e+06   4.0649414e+01
   8.8707440e+06   3.9733887e+01
   8.8867370e+06   4.1320801e+01
   8.8872740e+06   4.1809082e+01
   8.8875050e+06   6.9274902e+01
   8.8882180e+06   5.2856445e+01
   8.8887990e+06   5.8715820e+01
   8.8891790e+06   5.5419922e+01
   8.8893880e+06   4.3823242e+01
   8.8896670e+06   4.3151855e+01
   8.8910550e+06   4.1564941e+01
   8.8937000e+06   4.5471191e+01
   8.8957810e+06   4.2175293e+01
   8.9038480e+06   6.0241699e+01
   8.9041650e+06   4.4311523e+01
   8.9049390e+06   4.1992188e+01
   8.9069920e+06   4.0039062e+01
   8.9098450e+06   4.0039062e+01
   8.9379440e+06   5.2856445e+01
   8.9383160e+06   4.7119141e+01
   8.9391110e+06   4.8095703e+01
   8.9698270e+06   5.2673340e+01
   8.9701290e+06   4.7180176e+01
   8.9714840e+06   4.2846680e+01
