   8.9990000e+06   0.0000000e+00
   8.2013000e+04   4.0527344e+01
   8.6526000e+04   3.9855957e+01
   2.1008300e+05   4.0710449e+01
   2.2198800e+05   3.9672852e+01
   2.2250900e+05   4.4677734e+01
   2.3661600e+05   3.9489746e+01
   2.9957700e+05   4.1564941e+01
   3.7886300e+05   3.9611816e+01
   3.8348800e+05   4.3151855e+01
   3.8757700e+05   3.9978027e+01
   4.1451400e+05   4.3762207e+01
   4.7988400e+05   4.2480469e+01
   5.0580600e+05   4.3090820e+01
   5.4644700e+05   4.0039062e+01
   5.4876300e+05   5.0659180e+01
   5.6846700e+05   4.2175293e+01
   5.8292500e+05   4.1992187e+01
   6.2785900e+05   4.2297363e+01
   6.5307000e+05   4.2175293e+01
   6.6268900e+05   4.0466309e+01
   6.7353900e+05   3.9978027e+01
   7.3195700e+05   4.5837402e+01
   7.7265800e+05   4.0100098e+01
   7.7617600e+05   4.6813965e+01
   7.7728600e+05   3.9367676e+01
   8.4368500e+05   4.2297363e+01
   9.0132800e+05   4.0405273e+01
   9.0323800e+05   4.1320801e+01
   9.0366300e+05   4.1809082e+01
   9.1785200e+05   4.0283203e+01
   9.6546500e+05   4.4250488e+01
   1.0117650e+06   4.6691895e+01
   1.0379110e+06   4.3212891e+01
   1.0558050e+06   5.1147461e+01
   1.2134900e+06   4.2968750e+01
   1.2465750e+06   4.0588379e+01
   1.3365510e+06   3.9428711e+01
   1.3555250e+06   3.9733887e+01
   1.4014480e+06   4.5654297e+01
   1.4384640e+06   4.9255371e+01
   1.4475760e+06   4.0527344e+01
   1.4760590e+06   4.2297363e+01
   1.4903740e+06   3.9489746e+01
   1.5123100e+06   4.0588379e+01
   1.5926430e+06   4.3151855e+01
   1.6226860e+06   4.1625977e+01
   1.6299210e+06   4.2358398e+01
   1.7159350e+06   3.9733887e+01
   1.8008560e+06   4.1381836e+01
   1.8281620e+06   4.0283203e+01
   1.8284150e+06   4.2480469e+01
   1.8732350e+06   4.3151855e+01
   1.9273200e+06   3.9733887e+01
   1.9280000e+06   4.1259766e+01
   1.9347420e+06   3.9550781e+01
   1.9492520e+06   4.1015625e+01
   2.0090260e+06   4.0527344e+01
   2.0344210e+06   4.3640137e+01
   2.0667230e+06   4.2785645e+01
   2.1114760e+06   4.2053223e+01
   2.1793130e+06   3.9611816e+01
   2.1795780e+06   3.9489746e+01
   2.2357410e+06   4.0832520e+01
   2.2888950e+06   3.9916992e+01
   2.3252670e+06   4.3395996e+01
   2.3254320e+06   4.8583984e+01
   2.3394510e+06   4.0893555e+01
   2.3507240e+06   4.2480469e+01
   2.3855320e+06   4.5410156e+01
   2.4036370e+06   3.9428711e+01
   2.4735650e+06   4.7241211e+01
   2.5538100e+06   4.2053223e+01
   2.5847140e+06   4.0893555e+01
   2.6246800e+06   4.0283203e+01
   2.7239010e+06   4.0771484e+01
   2.7246200e+06   4.2968750e+01
   2.7547800e+06   4.1809082e+01
   2.8027390e+06   4.2236328e+01
   2.8567380e+06   3.9672852e+01
   2.8844410e+06   4.3457031e+01
   2.9343440e+06   4.6203613e+01
   2.9540960e+06   4.2541504e+01
   2.9602950e+06   4.4128418e+01
   2.9872330e+06   4.0222168e+01
   2.9975860e+06   4.1870117e+01
   3.0542940e+06   4.4433594e+01
   3.0828490e+06   3.9550781e+01
   3.0832950e+06   3.9550781e+01
   3.2310110e+06   4.0222168e+01
   3.2471390e+06   4.1015625e+01
   3.2498150e+06   3.9489746e+01
   3.2527070e+06   4.0405273e+01
   3.2575520e+06   4.1564941e+01
   3.2719590e+06   4.4311523e+01
   3.4349190e+06   4.3151855e+01
   3.4495280e+06   4.0527344e+01
   3.4542900e+06   4.0527344e+01
   3.5043000e+06   4.4128418e+01
   3.5344760e+06   4.1687012e+01
   3.5350700e+06   4.0527344e+01
   3.6135470e+06   4.1748047e+01
   3.6241300e+06   4.6691895e+01
   3.6380350e+06   4.0832520e+01
   3.6381350e+06   4.8034668e+01
   3.7245620e+06   4.2297363e+01
   3.7529200e+06   4.0100098e+01
   3.7767460e+06   4.1381836e+01
   3.8054050e+06   4.3762207e+01
   3.9774250e+06   3.9978027e+01
   4.0215980e+06   4.2541504e+01
   4.0266210e+06   3.9367676e+01
   4.0772340e+06   4.0710449e+01
   4.1129580e+06   4.3823242e+01
   4.1466850e+06   3.9489746e+01
   4.1642540e+06   4.1748047e+01
   4.1800950e+06   4.0588379e+01
   4.2028590e+06   4.2541504e+01
   4.2528380e+06   3.9367676e+01
   4.2532700e+06   4.0954590e+01
   4.2535980e+06   4.0100098e+01
   4.3870120e+06   3.9367676e+01
   4.4108080e+06   4.1564941e+01
   4.4577750e+06   4.0893555e+01
   4.5489200e+06   4.1015625e+01
   4.6140610e+06   3.9733887e+01
   4.6746850e+06   4.2236328e+01
   4.7212470e+06   3.9367676e+01
   4.7488450e+06   4.2907715e+01
   4.7551050e+06   4.2663574e+01
   4.8557890e+06   4.2297363e+01
   4.9673280e+06   4.0771484e+01
   4.9816050e+06   4.0588379e+01
   5.0243940e+06   4.1870117e+01
   5.0288290e+06   4.5654297e+01
   5.0835070e+06   4.3701172e+01
   5.1203530e+06   4.5532227e+01
   5.1217120e+06   4.0649414e+01
   5.1218990e+06   3.9916992e+01
   5.1715500e+06   4.3334961e+01
   5.1855000e+06   4.0405273e+01
   5.2968300e+06   4.2175293e+01
   5.3854070e+06   4.4738770e+01
   5.4578960e+06   4.1442871e+01
   5.5066390e+06   4.1809082e+01
   5.5359340e+06   4.3579102e+01
   5.5374470e+06   4.1564941e+01
   5.5385410e+06   3.9367676e+01
   5.6258180e+06   4.0466309e+01
   5.6261920e+06   4.3151855e+01
   5.6551380e+06   4.0100098e+01
   5.6668810e+06   4.1503906e+01
   5.6692830e+06   4.1381836e+01
   5.6706350e+06   4.0283203e+01
   5.6843960e+06   3.9489746e+01
   5.6880430e+06   3.9978027e+01
   5.6900470e+06   4.3457031e+01
   5.7755450e+06   3.9611816e+01
   5.8624620e+06   4.0954590e+01
   5.8649860e+06   4.2358398e+01
   5.8952850e+06   4.2419434e+01
   5.9219650e+06   4.1442871e+01
   5.9249090e+06   3.9794922e+01
   5.9252860e+06   3.9794922e+01
   5.9449590e+06   4.7180176e+01
   5.9725770e+06   4.0283203e+01
   6.0086510e+06   4.0344238e+01
   6.0313670e+06   4.0100098e+01
   6.1705420e+06   4.6508789e+01
   6.1706930e+06   3.9672852e+01
   6.2589390e+06   4.5349121e+01
   6.2809580e+06   4.1503906e+01
   6.4276340e+06   4.3701172e+01
   6.4287120e+06   3.9916992e+01
   6.4291440e+06   4.3640137e+01
   6.4298830e+06   3.9978027e+01
   6.4300290e+06   4.9987793e+01
   6.7601080e+06   4.1809082e+01
   6.7777660e+06   5.2429199e+01
   6.7779600e+06   4.0893555e+01
   6.7781050e+06   4.2480469e+01
   6.7787130e+06   4.3334961e+01
   6.8311740e+06   4.0527344e+01
   6.9209340e+06   4.2785645e+01
   6.9472780e+06   3.9855957e+01
   7.0103370e+06   4.5471191e+01
   7.1204140e+06   4.5166016e+01
   7.1528980e+06   4.0039063e+01
   7.2552500e+06   4.1259766e+01
   7.4039940e+06   4.0771484e+01
   7.4683900e+06   4.2846680e+01
   7.4916110e+06   4.1870117e+01
   7.6026230e+06   4.3457031e+01
   7.6270810e+06   4.2297363e+01
   7.6886460e+06   4.2968750e+01
   7.7239090e+06   4.4433594e+01
   7.7594900e+06   4.1992188e+01
   7.7702880e+06   4.6264648e+01
   8.0100920e+06   4.6447754e+01
   8.0103780e+06   4.5959473e+01
   8.1350280e+06   4.1320801e+01
   8.1586910e+06   4.1259766e+01
   8.2395610e+06   4.1625977e+01
   8.2408610e+06   4.5043945e+01
   8.2411770e+06   3.9733887e+01
   8.2414100e+06   4.7241211e+01
   8.2629560e+06   4.1198730e+01
   8.2854130e+06   3.9916992e+01
   8.2877560e+06   4.0466309e+01
   8.3221770e+06   4.3518066e+01
   8.3251460e+06   4.5898438e+01
   8.3712180e+06   3.9550781e+01
   8.5088410e+06   4.1931152e+01
   8.6532810e+06   4.2053223e+01
   8.8402640e+06   4.4433594e+01
   8.8404680e+06   3.9855957e+01
   8.8408450e+06   4.7668457e+01
   8.8422220e+06   4.1442871e+01
   8.8540630e+06   4.0710449e+01
   8.8913170e+06   3.9794922e+01
   8.8951740e+06   4.1259766e+01
   8.8992170e+06   4.2114258e+01
   8.9197190e+06   4.1625977e+01
