   8.9990000e+06   0.0000000e+00
   8.6551000e+04   3.9794922e+01
   1.0415700e+05   3.9428711e+01
   1.6365400e+05   4.2602539e+01
   1.9266800e+05   4.6203613e+01
   1.9598300e+05   4.2663574e+01
   3.9278600e+05   3.8757324e+01
   4.6177600e+05   3.9001465e+01
   4.8868300e+05   5.3100586e+01
   5.3990800e+05   3.8635254e+01
   6.0958100e+05   4.4616699e+01
   7.2098400e+05   5.5908203e+01
   8.3126800e+05   5.0720215e+01
   8.3201000e+05   5.4504395e+01
   8.3324000e+05   4.0893555e+01
   8.9958100e+05   5.0720215e+01
   9.4691600e+05   4.0039062e+01
   1.0017780e+06   4.3334961e+01
   1.0024720e+06   3.9978027e+01
   1.2941520e+06   4.3457031e+01
   1.2959080e+06   4.0161133e+01
   1.3167970e+06   5.7373047e+01
   1.3178610e+06   4.1198730e+01
   1.3186040e+06   4.1442871e+01
   1.3446820e+06   3.9672852e+01
   1.3639340e+06   5.7189941e+01
   1.3944620e+06   4.0405273e+01
   1.4019480e+06   6.3720703e+01
   1.4659270e+06   5.1879883e+01
   1.4722930e+06   3.8574219e+01
   1.5124150e+06   5.9509277e+01
   1.5132970e+06   4.9499512e+01
   1.5139070e+06   3.8452148e+01
   1.5399710e+06   4.0710449e+01
   1.5403060e+06   3.9306641e+01
   1.5407570e+06   3.9245605e+01
   1.5682380e+06   4.9499512e+01
   1.5687890e+06   4.4494629e+01
   1.5894910e+06   4.0405273e+01
   1.5954130e+06   4.1687012e+01
   1.6268900e+06   4.1198730e+01
   1.6303120e+06   4.7729492e+01
   1.6453870e+06   4.8339844e+01
   1.6461340e+06   4.1870117e+01
   1.6896450e+06   5.0415039e+01
   1.6901150e+06   4.0344238e+01
   1.6904550e+06   4.1076660e+01
   1.7481350e+06   6.0974121e+01
   1.7485970e+06   4.5898438e+01
   1.7488980e+06   4.3151855e+01
   1.7507830e+06   4.0588379e+01
   1.7526830e+06   4.2358398e+01
   1.7540700e+06   4.1625977e+01
   1.7768420e+06   3.9123535e+01
   1.8010210e+06   4.0039062e+01
   1.8112030e+06   4.1503906e+01
   1.8849220e+06   4.8461914e+01
   1.8916630e+06   4.0100098e+01
   1.9118580e+06   4.1931152e+01
   1.9209330e+06   6.3232422e+01
   1.9427700e+06   6.2316895e+01
   1.9431880e+06   4.1748047e+01
   1.9618340e+06   3.9428711e+01
   1.9790650e+06   3.9001465e+01
   1.9865330e+06   5.7800293e+01
   1.9871500e+06   4.5043945e+01
   1.9877770e+06   5.1696777e+01
   1.9883470e+06   4.1259766e+01
   2.1344550e+06   3.8269043e+01
   2.1355420e+06   5.4260254e+01
   2.1359970e+06   4.5959473e+01
   2.1363860e+06   3.9855957e+01
   2.1383460e+06   3.9123535e+01
   2.1826370e+06   4.9316406e+01
   2.1902090e+06   5.3344727e+01
   2.2399810e+06   5.9570312e+01
   2.2406300e+06   4.1320801e+01
   2.3084800e+06   4.0405273e+01
   2.3296050e+06   5.1879883e+01
   2.3302490e+06   4.9011230e+01
   2.3740090e+06   5.0537109e+01
   2.3745430e+06   4.2236328e+01
   2.4139140e+06   5.0903320e+01
   2.6240220e+06   4.9255371e+01
   2.6251110e+06   5.3955078e+01
   2.6253910e+06   4.3090820e+01
   2.6524400e+06   4.7729492e+01
   2.6532390e+06   3.8757324e+01
   2.6826600e+06   5.1574707e+01
   2.7696480e+06   4.4860840e+01
   2.8435460e+06   3.8635254e+01
   2.9338870e+06   3.8696289e+01
   2.9384430e+06   5.2368164e+01
   2.9568580e+06   5.7189941e+01
   2.9574700e+06   4.2785645e+01
   2.9578840e+06   3.8513184e+01
   2.9581100e+06   3.9306641e+01
   2.9624050e+06   3.8513184e+01
   2.9871400e+06   4.2968750e+01
   3.0821720e+06   4.0954590e+01
   3.1640370e+06   5.1330566e+01
   3.1641150e+06   4.0161133e+01
   3.1645200e+06   4.9194336e+01
   3.1651840e+06   4.0100098e+01
   3.2481430e+06   4.6813965e+01
   3.2483980e+06   4.9255371e+01
   3.2486150e+06   3.8940430e+01
   3.2714810e+06   3.9306641e+01
   3.2719220e+06   5.3894043e+01
   3.2722430e+06   4.6264648e+01
   3.2989480e+06   5.4626465e+01
   3.2993390e+06   3.9001465e+01
   3.3012250e+06   3.8208008e+01
   3.3107900e+06   3.9184570e+01
   3.3433180e+06   4.9865723e+01
   3.3440210e+06   3.9001465e+01
   3.4227290e+06   3.8879395e+01
   3.4310130e+06   3.8940430e+01
   3.4556350e+06   3.8818359e+01
   3.5294150e+06   3.8513184e+01
   3.6224370e+06   5.7128906e+01
   3.6228560e+06   5.7067871e+01
   3.6347200e+06   4.0222168e+01
   3.6387790e+06   4.8645020e+01
   3.6391930e+06   3.9062500e+01
   3.6527610e+06   4.8767090e+01
   3.6535380e+06   4.1748047e+01
   3.6829070e+06   5.0537109e+01
   3.6832630e+06   3.8635254e+01
   3.7035510e+06   4.0161133e+01
   3.7075620e+06   5.8776855e+01
   3.7078770e+06   3.8452148e+01
   3.8886890e+06   3.9794922e+01
   3.9097560e+06   3.9123535e+01
   3.9115390e+06   5.8532715e+01
   3.9482920e+06   3.9306641e+01
   4.0330450e+06   5.2185059e+01
   4.0776600e+06   4.0771484e+01
   4.2027290e+06   5.5969238e+01
   4.2030750e+06   3.8208008e+01
   4.2162430e+06   4.3029785e+01
   4.2417630e+06   4.9804688e+01
   4.2421060e+06   4.2968750e+01
   4.2424400e+06   4.0039062e+01
   4.2641260e+06   4.4799805e+01
   4.2812080e+06   4.2846680e+01
   4.2865930e+06   4.4677734e+01
   4.2870300e+06   4.1381836e+01
   4.3196950e+06   3.9184570e+01
   4.3237870e+06   4.2480469e+01
   4.3244290e+06   4.2907715e+01
   4.4049880e+06   3.8269043e+01
   4.4864630e+06   4.1137695e+01
   4.4935650e+06   4.0466309e+01
   4.4952000e+06   3.9428711e+01
   4.5317560e+06   4.0100098e+01
   4.5341990e+06   4.8522949e+01
   4.5350240e+06   4.7241211e+01
   4.5353190e+06   3.8574219e+01
   4.5812010e+06   4.3212891e+01
   4.5816140e+06   3.8391113e+01
   4.6079170e+06   3.8879395e+01
   4.6106060e+06   4.3640137e+01
   4.6130370e+06   4.7790527e+01
   4.6139280e+06   4.3334961e+01
   4.6345650e+06   4.0344238e+01
   4.6373030e+06   3.9123535e+01
   4.6384630e+06   3.8269043e+01
   4.6388850e+06   3.8940430e+01
   4.6667360e+06   5.3344727e+01
   4.6672540e+06   4.3518066e+01
   4.6679110e+06   3.9855957e+01
   4.6684460e+06   4.2297363e+01
   4.6901700e+06   4.7180176e+01
   4.6904950e+06   3.9733887e+01
   4.8295910e+06   3.9306641e+01
   4.8445620e+06   4.1503906e+01
   4.8660040e+06   3.8940430e+01
   4.9979400e+06   6.3964844e+01
   5.0118340e+06   3.8879395e+01
   5.0282500e+06   5.8654785e+01
   5.0285100e+06   5.3344727e+01
   5.0288280e+06   3.9611816e+01
   5.0442600e+06   4.2602539e+01
   5.0622920e+06   4.4494629e+01
   5.0750950e+06   4.3029785e+01
   5.0755410e+06   4.0405273e+01
   5.1031380e+06   5.2307129e+01
   5.1036360e+06   4.0954590e+01
   5.1040930e+06   4.3029785e+01
   5.1189460e+06   3.8330078e+01
   5.1201460e+06   3.9733887e+01
   5.1209830e+06   3.8940430e+01
   5.1216540e+06   4.7241211e+01
   5.1227740e+06   3.9184570e+01
   5.1462670e+06   4.8217773e+01
   5.1467380e+06   3.9123535e+01
   5.1841670e+06   4.3334961e+01
   5.1846530e+06   4.5776367e+01
   5.1852180e+06   4.0771484e+01
   5.3125700e+06   3.8452148e+01
   5.3189220e+06   3.8574219e+01
   5.4457720e+06   4.0344238e+01
   5.4966760e+06   3.9367676e+01
   5.5209150e+06   3.9123535e+01
   5.5514510e+06   4.0710449e+01
   5.5556030e+06   5.4504395e+01
   5.5564710e+06   3.9428711e+01
   5.5567590e+06   4.4982910e+01
   5.5570350e+06   4.0466309e+01
   5.5802290e+06   5.7678223e+01
   5.5805540e+06   4.1992187e+01
   5.6318330e+06   5.1452637e+01
   5.6321620e+06   4.7180176e+01
   5.6880940e+06   4.1503906e+01
   5.6887330e+06   4.1137695e+01
   5.7972390e+06   4.4860840e+01
   5.7979690e+06   3.8696289e+01
   5.8956340e+06   5.2429199e+01
   5.9215290e+06   4.1503906e+01
   5.9228060e+06   4.7485352e+01
   5.9254300e+06   5.1025391e+01
   6.0361560e+06   3.8879395e+01
   6.0601980e+06   4.0039062e+01
   6.0817750e+06   5.6640625e+01
   6.0868350e+06   3.8513184e+01
   6.1620690e+06   3.8269043e+01
   6.1956200e+06   6.1340332e+01
   6.3220610e+06   3.9794922e+01
   6.3877750e+06   3.9489746e+01
   6.4272350e+06   4.0222168e+01
   6.4273270e+06   3.8757324e+01
   6.4296840e+06   6.4331055e+01
   6.4300080e+06   5.6457520e+01
   6.4302680e+06   4.3029785e+01
   6.4668980e+06   5.1818848e+01
   6.4729450e+06   4.5043945e+01
   6.4735580e+06   4.8950195e+01
   6.4739380e+06   3.9123535e+01
   6.4757270e+06   3.8269043e+01
   6.5141080e+06   3.9489746e+01
   6.6264930e+06   4.0771484e+01
   6.7110520e+06   3.8208008e+01
   6.7645060e+06   3.8940430e+01
   6.7757130e+06   4.0405273e+01
   6.7773360e+06   3.8635254e+01
   6.7781800e+06   5.7128906e+01
   6.7785130e+06   5.5358887e+01
   6.7787650e+06   4.3029785e+01
   6.7793910e+06   4.0771484e+01
   6.8083500e+06   6.3354492e+01
   6.8092760e+06   4.4555664e+01
   6.8310690e+06   5.1635742e+01
   6.8318630e+06   5.0537109e+01
   6.8631870e+06   4.0039062e+01
   6.8639410e+06   4.2114258e+01
   7.0070300e+06   4.0588379e+01
   7.5296380e+06   3.8269043e+01
   7.6053180e+06   4.6508789e+01
   7.6056640e+06   4.9438477e+01
   7.6059090e+06   3.9001465e+01
   7.6223670e+06   5.6762695e+01
   7.6228500e+06   5.2734375e+01
   7.6455310e+06   3.9733887e+01
   7.6583800e+06   5.6762695e+01
   7.6588440e+06   5.2246094e+01
   7.6596520e+06   4.2602539e+01
   7.6890780e+06   3.9184570e+01
   7.9728070e+06   4.1564941e+01
   7.9879370e+06   3.8208008e+01
   8.1384920e+06   4.0527344e+01
   8.2419400e+06   6.5124512e+01
   8.2423340e+06   4.8461914e+01
   8.2427840e+06   4.9377441e+01
   8.2853020e+06   4.1137695e+01
   8.2857430e+06   3.8879395e+01
   8.3213030e+06   3.9978027e+01
   8.3229370e+06   4.1259766e+01
   8.3684790e+06   3.9123535e+01
   8.6849830e+06   4.0039062e+01
   8.8093530e+06   3.8452148e+01
   8.8406380e+06   5.5603027e+01
   8.8408790e+06   5.8654785e+01
   8.8410990e+06   4.0466309e+01
   8.8635920e+06   4.6447754e+01
   8.8641280e+06   4.0771484e+01
   8.8921400e+06   5.4382324e+01
