   8.9990000e+06   0.0000000e+00
   3.0014000e+04   4.1748047e+01
   1.1614000e+05   3.7536621e+01
   1.4730400e+05   3.7597656e+01
   1.8844400e+05   3.8635254e+01
   1.9934700e+05   7.8063965e+01
   1.9969200e+05   4.5654297e+01
   1.9987100e+05   5.6762695e+01
   2.0001300e+05   4.2541504e+01
   2.2793600e+05   3.9916992e+01
   2.4080700e+05   3.7414551e+01
   2.4157300e+05   4.0649414e+01
   2.4202700e+05   4.9987793e+01
   3.6409900e+05   4.1198730e+01
   3.8192700e+05   7.5744629e+01
   3.8209700e+05   5.4870605e+01
   3.8218000e+05   4.0527344e+01
   3.8360100e+05   4.4189453e+01
   3.8554000e+05   4.0954590e+01
   4.6414000e+05   4.2968750e+01
   5.2180900e+05   4.2297363e+01
   5.4841800e+05   3.9978027e+01
   5.9867600e+05   3.7780762e+01
   6.8640300e+05   3.8635254e+01
   7.1922100e+05   3.9794922e+01
   7.5421700e+05   6.8969727e+01
   7.5444400e+05   6.3720703e+01
   7.5470900e+05   4.8889160e+01
   7.5488700e+05   4.0954590e+01
   7.5513800e+05   4.4799805e+01
   7.5556100e+05   4.4372559e+01
   7.7519000e+05   5.0170898e+01
   7.7622200e+05   3.9184570e+01
   7.7642400e+05   4.4067383e+01
   7.7678200e+05   3.7963867e+01
   7.7682700e+05   6.9580078e+01
   7.7751100e+05   6.2438965e+01
   7.7792500e+05   4.6997070e+01
   7.7845400e+05   4.9499512e+01
   8.1760900e+05   3.8696289e+01
   9.6609300e+05   3.8146973e+01
   1.0042650e+06   4.4128418e+01
   1.0043650e+06   7.1472168e+01
   1.0046120e+06   6.1889648e+01
   1.0047540e+06   4.0222168e+01
   1.0051800e+06   4.0100098e+01
   1.0155390e+06   3.8208008e+01
   1.0605360e+06   3.9916992e+01
   1.0741990e+06   3.8696289e+01
   1.0760130e+06   6.3171387e+01
   1.0762740e+06   6.2255859e+01
   1.0779780e+06   4.6264648e+01
   1.1393230e+06   3.8208008e+01
   1.1550340e+06   4.7973633e+01
   1.1552600e+06   4.5227051e+01
   1.1571590e+06   3.9489746e+01
   1.1854110e+06   3.8269043e+01
   1.2376110e+06   3.7353516e+01
   1.2934240e+06   3.9367676e+01
   1.2947610e+06   3.9428711e+01
   1.2950090e+06   7.2753906e+01
   1.2953440e+06   6.7260742e+01
   1.2955520e+06   4.0527344e+01
   1.2976430e+06   4.5227051e+01
   1.3011870e+06   3.7353516e+01
   1.3449990e+06   3.8391113e+01
   1.3466440e+06   7.6293945e+01
   1.3471270e+06   5.3833008e+01
   1.3475410e+06   3.9916992e+01
   1.3485800e+06   3.8757324e+01
   1.3890580e+06   3.7231445e+01
   1.4320960e+06   3.8208008e+01
   1.4753910e+06   3.7597656e+01
   1.5079060e+06   4.0100098e+01
   1.5088150e+06   3.8757324e+01
   1.5092100e+06   3.7597656e+01
   1.5102450e+06   3.9550781e+01
   1.5108130e+06   7.4645996e+01
   1.5110840e+06   5.5664063e+01
   1.5111810e+06   4.7363281e+01
   1.5134010e+06   3.7536621e+01
   1.5262270e+06   3.7475586e+01
   1.7049850e+06   3.8879395e+01
   1.7180270e+06   4.6203613e+01
   1.7493590e+06   4.0771484e+01
   1.7501820e+06   4.1320801e+01
   1.7527830e+06   7.4279785e+01
   1.7528430e+06   3.7780762e+01
   1.8007020e+06   3.8574219e+01
   1.8064140e+06   3.8024902e+01
   1.8595110e+06   4.0649414e+01
   1.8736050e+06   7.5012207e+01
   1.8743420e+06   4.5532227e+01
   1.9143970e+06   4.1809082e+01
   1.9516380e+06   3.7231445e+01
   2.0867240e+06   3.7292480e+01
   2.1163880e+06   6.7871094e+01
   2.1183260e+06   4.2907715e+01
   2.1731730e+06   6.6955566e+01
   2.1735350e+06   7.2448730e+01
   2.1742470e+06   4.0222168e+01
   2.1755370e+06   4.3151855e+01
   2.1798800e+06   3.8574219e+01
   2.1992800e+06   4.0771484e+01
   2.3368830e+06   7.1716309e+01
   2.3372130e+06   8.2641602e+01
   2.3374350e+06   3.8940430e+01
   2.5618660e+06   3.9184570e+01
   2.6201250e+06   4.2053223e+01
   2.6221290e+06   3.9123535e+01
   2.6222350e+06   8.2946777e+01
   2.6229710e+06   3.8574219e+01
   2.6242290e+06   3.8818359e+01
   2.6247190e+06   4.8828125e+01
   2.6349100e+06   3.9489746e+01
   2.6738510e+06   3.8452148e+01
   2.7823840e+06   3.8879395e+01
   2.7879060e+06   3.9001465e+01
   2.9251300e+06   4.2053223e+01
   2.9277410e+06   3.9489746e+01
   2.9358740e+06   4.4677734e+01
   2.9361040e+06   6.0119629e+01
   2.9363630e+06   3.9367676e+01
   2.9369650e+06   3.8513184e+01
   2.9690040e+06   5.7861328e+01
   2.9692510e+06   5.3527832e+01
   3.0775710e+06   3.7841797e+01
   3.1146170e+06   3.9184570e+01
   3.1758230e+06   5.0354004e+01
   3.1840940e+06   4.0100098e+01
   3.2513000e+06   6.9213867e+01
   3.2515540e+06   5.7861328e+01
   3.2527400e+06   3.8635254e+01
   3.2530680e+06   3.8513184e+01
   3.2535910e+06   5.4870605e+01
   3.3111840e+06   6.1767578e+01
   3.3114920e+06   5.4077148e+01
   3.3588480e+06   4.1931152e+01
   3.4149510e+06   3.7475586e+01
   3.4439110e+06   3.7902832e+01
   3.6358270e+06   3.9550781e+01
   3.6372460e+06   7.6110840e+01
   3.6374050e+06   4.5043945e+01
   3.6378610e+06   4.6081543e+01
   3.6403820e+06   4.2968750e+01
   3.6676390e+06   3.9550781e+01
   3.6684500e+06   5.7617188e+01
   3.6711470e+06   4.7302246e+01
   3.6718630e+06   3.7353516e+01
   3.6808550e+06   3.9550781e+01
   3.7187940e+06   3.7902832e+01
   3.7396790e+06   3.8452148e+01
   3.9170200e+06   3.9611816e+01
   3.9175910e+06   4.3029785e+01
   3.9176850e+06   6.2866211e+01
   3.9179340e+06   5.6518555e+01
   4.0130130e+06   3.7902832e+01
   4.0889560e+06   3.7597656e+01
   4.1341920e+06   3.8757324e+01
   4.1871070e+06   3.8635254e+01
   4.2011220e+06   4.4921875e+01
   4.2013860e+06   5.8044434e+01
   4.2015960e+06   5.6518555e+01
   4.2017450e+06   4.1381836e+01
   4.2022210e+06   3.9184570e+01
   4.2037820e+06   3.9367676e+01
   4.2158050e+06   3.9062500e+01
   4.2377160e+06   4.1625977e+01
   4.2378500e+06   4.0588379e+01
   4.6120370e+06   9.4116211e+01
   4.6122140e+06   5.1269531e+01
   4.6128130e+06   3.8574219e+01
   4.6129130e+06   3.8574219e+01
   4.6132290e+06   3.7414551e+01
   4.6134050e+06   4.0344238e+01
   4.6436650e+06   3.8818359e+01
   4.6970220e+06   3.9001465e+01
   4.7257860e+06   4.0588379e+01
   4.7751790e+06   3.9367676e+01
   4.8580880e+06   4.1198730e+01
   5.0197110e+06   3.8696289e+01
   5.0272470e+06   4.6264648e+01
   5.0274270e+06   5.8715820e+01
   5.0276160e+06   6.8969727e+01
   5.0279820e+06   3.9245605e+01
   5.0286130e+06   3.7536621e+01
   5.0287210e+06   3.8269043e+01
   5.0609450e+06   4.5288086e+01
   5.0719210e+06   4.0588379e+01
   5.0882620e+06   3.9245605e+01
   5.1000590e+06   3.8024902e+01
   5.1086640e+06   3.9367676e+01
   5.1197200e+06   3.8513184e+01
   5.1204030e+06   7.7514648e+01
   5.1207190e+06   6.7810059e+01
   5.1209270e+06   3.7414551e+01
   5.1221340e+06   4.1442871e+01
   5.2137330e+06   3.7963867e+01
   5.3987250e+06   4.8278809e+01
   5.4376290e+06   3.7475586e+01
   5.4966970e+06   4.1564941e+01
   5.5282240e+06   3.7292480e+01
   5.5544780e+06   4.5837402e+01
   5.5545420e+06   7.3486328e+01
   5.5546710e+06   5.0964355e+01
   5.5552330e+06   4.6020508e+01
   5.5553610e+06   4.0344238e+01
   5.5568990e+06   4.2419434e+01
   5.5587280e+06   3.7353516e+01
   5.5891990e+06   4.0771484e+01
   5.6223690e+06   3.8085938e+01
   5.6556120e+06   3.7902832e+01
   5.6892340e+06   3.9978027e+01
   5.6909350e+06   3.8696289e+01
   5.7395170e+06   3.7414551e+01
   5.8309070e+06   4.0344238e+01
   5.8965860e+06   4.3090820e+01
   5.9067210e+06   4.0039062e+01
   5.9241340e+06   7.0678711e+01
   5.9241970e+06   4.0161133e+01
   5.9243370e+06   5.9265137e+01
   5.9244890e+06   4.7912598e+01
   5.9247860e+06   4.1442871e+01
   5.9249590e+06   3.7841797e+01
   5.9255270e+06   4.1931152e+01
   5.9580940e+06   4.2419434e+01
   5.9614130e+06   4.6020508e+01
   6.0481420e+06   3.8696289e+01
   6.0536140e+06   3.9001465e+01
   6.0742190e+06   3.9428711e+01
   6.1707130e+06   3.7719727e+01
   6.3025370e+06   4.0649414e+01
   6.3761410e+06   4.4799805e+01
   6.4291890e+06   7.0190430e+01
   6.4292210e+06   5.7312012e+01
   6.4317320e+06   3.9123535e+01
   6.4501520e+06   4.1503906e+01
   6.5702370e+06   3.8208008e+01
   6.7304510e+06   4.0649414e+01
   6.7668480e+06   3.7353516e+01
   6.7776320e+06   5.3222656e+01
   6.7777140e+06   8.4106445e+01
   6.7777930e+06   3.9489746e+01
   6.7778960e+06   5.6274414e+01
   6.7779460e+06   3.9489746e+01
   6.7798830e+06   5.0170898e+01
   6.8157830e+06   4.7973633e+01
   6.8182480e+06   4.0222168e+01
   6.8234060e+06   3.8330078e+01
   6.8263270e+06   3.7841797e+01
   6.8676400e+06   3.9611816e+01
   6.8678920e+06   3.7475586e+01
   6.8679320e+06   4.0100098e+01
   6.8680500e+06   3.7536621e+01
   6.9493550e+06   3.7353516e+01
   7.0188330e+06   4.2419434e+01
   7.0759550e+06   4.1320801e+01
   7.0950290e+06   4.5593262e+01
   7.1249750e+06   3.9428711e+01
   7.2102180e+06   4.5593262e+01
   7.2570570e+06   4.4128418e+01
   7.2896600e+06   3.7475586e+01
   7.3279780e+06   3.8879395e+01
   7.3515710e+06   3.9062500e+01
   7.3596480e+06   4.0222168e+01
   7.3861540e+06   3.7231445e+01
   7.3904370e+06   4.1015625e+01
   7.4418910e+06   3.8818359e+01
   7.5976130e+06   4.0954590e+01
   7.6051230e+06   9.2285156e+01
   7.6052620e+06   6.4575195e+01
   7.6055030e+06   4.3457031e+01
   7.6056270e+06   3.7963867e+01
   7.6057200e+06   4.0832520e+01
   7.6059400e+06   4.4860840e+01
   7.6423620e+06   4.3823242e+01
   7.6428910e+06   4.2541504e+01
   7.6440110e+06   3.8024902e+01
   7.6443950e+06   6.3720703e+01
   7.6445820e+06   5.8471680e+01
   7.6448810e+06   5.4809570e+01
   7.7497900e+06   3.7841797e+01
   7.9706830e+06   3.7414551e+01
   7.9805390e+06   3.8330078e+01
   7.9863920e+06   3.8879395e+01
   8.1346510e+06   3.9184570e+01
   8.1922500e+06   3.9001465e+01
   8.2408240e+06   3.8696289e+01
   8.2412320e+06   7.6416016e+01
   8.2413280e+06   5.1513672e+01
   8.2414030e+06   5.8288574e+01
   8.2415440e+06   3.8696289e+01
   8.2421280e+06   4.6508789e+01
   8.2430790e+06   4.4921875e+01
   8.2687180e+06   3.7414551e+01
   8.2854900e+06   5.7006836e+01
   8.2855110e+06   4.5410156e+01
   8.2858420e+06   3.7719727e+01
   8.2858730e+06   3.9306641e+01
   8.2861320e+06   6.4514160e+01
   8.2861640e+06   3.7658691e+01
   8.2864180e+06   5.8044434e+01
   8.2866270e+06   4.0771484e+01
   8.3230210e+06   4.4555664e+01
   8.3231870e+06   4.3212891e+01
   8.3249200e+06   7.1777344e+01
   8.3252640e+06   6.1096191e+01
   8.3253420e+06   4.6752930e+01
   8.3261480e+06   6.8176270e+01
   8.3267620e+06   3.9489746e+01
   8.3672910e+06   3.7902832e+01
   8.3722280e+06   3.9306641e+01
   8.4636230e+06   4.0588379e+01
   8.5885380e+06   3.7780762e+01
   8.6569600e+06   3.9550781e+01
   8.6775550e+06   4.0100098e+01
   8.8006470e+06   3.7597656e+01
   8.8195710e+06   3.8513184e+01
   8.8239640e+06   3.7414551e+01
   8.8270490e+06   3.9489746e+01
   8.8386430e+06   3.8452148e+01
   8.8401560e+06   7.5500488e+01
   8.8402010e+06   4.7119141e+01
   8.8402450e+06   5.0903320e+01
   8.8402890e+06   5.2612305e+01
   8.8404090e+06   4.1076660e+01
   8.8404400e+06   4.0893555e+01
   8.8411870e+06   3.7292480e+01
   8.8667720e+06   4.6569824e+01
   8.9944300e+06   3.7292480e+01
