   8.9990000e+06   0.0000000e+00
   7.4947000e+04   3.6132812e+01
   3.7783600e+05   3.5400391e+01
   8.6816100e+05   3.4606934e+01
   1.7331750e+06   3.6010742e+01
   2.4639100e+06   3.4729004e+01
   2.9192020e+06   3.4729004e+01
   3.6762830e+06   3.6376953e+01
   3.7815790e+06   3.6865234e+01
   3.9623560e+06   3.6010742e+01
   4.0618610e+06   3.8696289e+01
   4.0920370e+06   3.9489746e+01
   4.1300580e+06   3.8635254e+01
   4.1619890e+06   3.4790039e+01
   4.3618790e+06   3.4851074e+01
   4.5771110e+06   3.7231445e+01
   4.5848880e+06   3.4667969e+01
   4.8665080e+06   3.5339355e+01
   5.0909910e+06   3.5156250e+01
   5.1678940e+06   3.5827637e+01
   5.3780840e+06   3.4851074e+01
   5.4459490e+06   3.6315918e+01
   5.8394740e+06   3.5339355e+01
   5.8627690e+06   3.5217285e+01
   5.9238410e+06   3.5949707e+01
   5.9372790e+06   3.7170410e+01
   6.2100860e+06   3.5217285e+01
   6.3649160e+06   3.5400391e+01
   6.4148750e+06   3.6071777e+01
   6.5889340e+06   3.7536621e+01
   6.7108690e+06   3.6499023e+01
   6.9283110e+06   3.4851074e+01
   6.9549840e+06   3.4729004e+01
   7.1861550e+06   3.6682129e+01
   7.2195250e+06   3.4790039e+01
   7.3521410e+06   3.6071777e+01
   7.3747560e+06   3.5644531e+01
   7.4895780e+06   3.7719727e+01
   7.6251820e+06   3.7109375e+01
   7.7477970e+06   3.4973145e+01
   7.9043130e+06   3.8452148e+01
   7.9902150e+06   3.5156250e+01
   8.2469490e+06   3.6010742e+01
   8.2869900e+06   3.6865234e+01
   8.3333980e+06   3.4851074e+01
   8.3395450e+06   3.5949707e+01
   8.3927560e+06   3.6254883e+01
   8.5449510e+06   3.8818359e+01
   8.9268520e+06   3.4667969e+01
   8.9314220e+06   3.6132812e+01
