   8.9990000e+06   0.0000000e+00
   1.9796400e+05   3.6621094e+01
   7.7508300e+05   3.7109375e+01
   1.0938470e+06   3.7475586e+01
   1.1455930e+06   3.6743164e+01
   2.0417280e+06   3.6560059e+01
   2.2116090e+06   3.6132812e+01
   3.0362340e+06   3.6804199e+01
   3.2930080e+06   3.6071777e+01
   3.5777910e+06   4.0222168e+01
   3.7360180e+06   3.7963867e+01
   3.7492160e+06   3.7536621e+01
   3.8613300e+06   3.7841797e+01
   4.3408300e+06   3.6315918e+01
   4.5611370e+06   3.6193848e+01
   4.6007170e+06   3.6743164e+01
   4.7595990e+06   3.6071777e+01
   4.7994950e+06   3.6132812e+01
   4.9021510e+06   3.9245605e+01
   5.1071820e+06   3.7902832e+01
   5.2369940e+06   3.7475586e+01
   5.5881210e+06   3.8574219e+01
   5.8388350e+06   4.0466309e+01
   6.4286970e+06   3.6987305e+01
   6.4782260e+06   4.1015625e+01
   6.7041730e+06   3.6804199e+01
   7.1011780e+06   3.6071777e+01
   7.1562180e+06   3.7414551e+01
   7.6439400e+06   3.6743164e+01
   7.8892560e+06   3.8085938e+01
   8.6869120e+06   3.6071777e+01
   8.8601430e+06   3.7780762e+01
