   8.9990000e+06   0.0000000e+00
   1.3742000e+04   3.9550781e+01
   1.1602300e+05   5.9020996e+01
   1.7453700e+05   5.8227539e+01
   2.1745700e+05   4.6081543e+01
   2.1916900e+05   4.5593262e+01
   2.2984700e+05   4.4799805e+01
   2.3017000e+05   4.7729492e+01
   2.3077800e+05   4.5898438e+01
   2.9537700e+05   6.7565918e+01
   3.3563400e+05   5.3161621e+01
   3.7125500e+05   5.9020996e+01
   4.0017200e+05   3.8208008e+01
   4.6651900e+05   6.1401367e+01
   4.6674500e+05   6.1279297e+01
   6.3504200e+05   3.9978027e+01
   6.5244100e+05   4.9499512e+01
   6.5410500e+05   3.7841797e+01
   6.6188500e+05   5.0964355e+01
   6.6244700e+05   4.5349121e+01
   6.6311200e+05   4.1687012e+01
   9.0520600e+05   5.5541992e+01
   9.0550800e+05   4.2175293e+01
   9.0705400e+05   3.9916992e+01
   9.0738200e+05   4.4311523e+01
   9.3482400e+05   3.8146973e+01
   9.9838600e+05   3.7780762e+01
   1.0570830e+06   4.6386719e+01
   1.0585000e+06   4.2541504e+01
   1.0587930e+06   3.8879395e+01
   1.0629890e+06   4.8828125e+01
   1.0634900e+06   4.5288086e+01
   1.0656980e+06   4.2236328e+01
   1.2623870e+06   5.3588867e+01
   1.3115930e+06   6.4453125e+01
   1.3580260e+06   5.4199219e+01
   1.3591770e+06   5.0292969e+01
   1.4075010e+06   4.2663574e+01
   1.4249390e+06   6.6406250e+01
   1.5548130e+06   5.9936523e+01
   1.5713430e+06   5.9387207e+01
   1.5778120e+06   3.5949707e+01
   1.6258670e+06   5.7434082e+01
   1.6318840e+06   4.7119141e+01
   1.6320530e+06   4.1259766e+01
   1.6322850e+06   4.3212891e+01
   1.6326810e+06   3.8635254e+01
   1.6331170e+06   3.6743164e+01
   1.6333470e+06   4.1015625e+01
   1.6773390e+06   7.5561523e+01
   1.6781470e+06   4.9926758e+01
   1.6785860e+06   4.5288086e+01
   1.6788590e+06   4.3395996e+01
   1.6794690e+06   4.3212891e+01
   1.7360720e+06   4.9804688e+01
   1.7364040e+06   4.9560547e+01
   1.7407800e+06   4.7302246e+01
   1.7671560e+06   5.5908203e+01
   1.7820050e+06   6.0607910e+01
   1.7920130e+06   5.2307129e+01
   1.7929230e+06   5.0292969e+01
   1.7936800e+06   4.8339844e+01
   1.7940790e+06   4.1442871e+01
   1.7943500e+06   3.7719727e+01
   1.7946750e+06   3.6010742e+01
   1.8561080e+06   5.2795410e+01
   1.8747370e+06   4.4799805e+01
   1.8750250e+06   4.7668457e+01
   1.8753090e+06   4.7241211e+01
   1.8878380e+06   5.5175781e+01
   2.0174490e+06   5.7495117e+01
   2.0178830e+06   4.8889160e+01
   2.0183210e+06   4.6630859e+01
   2.0186070e+06   3.6926270e+01
   2.0188540e+06   3.9978027e+01
   2.0194930e+06   3.8391113e+01
   2.0617290e+06   6.0119629e+01
   2.1485460e+06   5.4870605e+01
   2.1563740e+06   5.1513672e+01
   2.1866800e+06   3.8818359e+01
   2.1873090e+06   6.9946289e+01
   2.1904800e+06   4.5349121e+01
   2.1909540e+06   5.0354004e+01
   2.2480360e+06   6.6345215e+01
   2.2484900e+06   4.9133301e+01
   2.2491220e+06   4.5349121e+01
   2.2496200e+06   4.3457031e+01
   2.2499970e+06   4.1992188e+01
   2.2504100e+06   3.8391113e+01
   2.2512750e+06   3.7902832e+01
   2.2647260e+06   5.4016113e+01
   2.2653680e+06   3.9062500e+01
   2.2662090e+06   3.9550781e+01
   2.2921650e+06   4.3701172e+01
   2.2929540e+06   4.9865723e+01
   2.2930550e+06   7.3120117e+01
   2.2934690e+06   4.8400879e+01
   2.2944160e+06   5.4504395e+01
   2.2954310e+06   4.8461914e+01
   2.3037380e+06   4.5654297e+01
   2.3251080e+06   4.8461914e+01
   2.3254250e+06   4.0954590e+01
   2.3257990e+06   4.2053223e+01
   2.3487500e+06   7.1899414e+01
   2.3507080e+06   5.0231934e+01
   2.3507240e+06   3.8269043e+01
   2.3510170e+06   4.1870117e+01
   2.3515840e+06   4.3212891e+01
   2.3520070e+06   4.7668457e+01
   2.4327060e+06   4.8278809e+01
   2.5027560e+06   3.6437988e+01
   2.5687400e+06   4.6325684e+01
   2.7100290e+06   5.0231934e+01
   2.7104350e+06   4.4311523e+01
   2.7106370e+06   4.0954590e+01
   2.7666420e+06   5.9204102e+01
   2.7807250e+06   3.9184570e+01
   2.8057080e+06   6.0424805e+01
   2.8357950e+06   5.5053711e+01
   2.8374290e+06   4.4799805e+01
   2.8380880e+06   4.4616699e+01
   2.8385850e+06   3.9794922e+01
   2.8389360e+06   3.6010742e+01
   2.8396020e+06   3.9672852e+01
   2.8399940e+06   4.1809082e+01
   2.8668560e+06   6.3232422e+01
   2.8926150e+06   4.6813965e+01
   2.9553230e+06   5.3710938e+01
   2.9574750e+06   4.9621582e+01
   2.9582390e+06   4.2968750e+01
   2.9589550e+06   3.6682129e+01
   3.0026680e+06   5.9753418e+01
   3.0443850e+06   4.9682617e+01
   3.2460590e+06   5.7128906e+01
   3.2465830e+06   5.5236816e+01
   3.2477580e+06   4.0710449e+01
   3.2807560e+06   6.1889648e+01
   3.2815760e+06   5.1940918e+01
   3.2818370e+06   4.1809082e+01
   3.2821710e+06   4.2053223e+01
   3.2824170e+06   4.5715332e+01
   3.2826630e+06   3.8513184e+01
   3.2830430e+06   3.6254883e+01
   3.3540850e+06   3.6193848e+01
   3.4668140e+06   4.7973633e+01
   3.5312560e+06   6.6833496e+01
   3.5330670e+06   4.7607422e+01
   3.5341480e+06   4.3945312e+01
   3.5419140e+06   4.7729492e+01
   3.5814460e+06   3.6926270e+01
   3.6237250e+06   4.5227051e+01
   3.7074770e+06   3.6376953e+01
   3.7805700e+06   5.0842285e+01
   3.8223420e+06   5.4016113e+01
   3.8253650e+06   4.7485352e+01
   3.8258320e+06   6.0302734e+01
   3.8266410e+06   4.7241211e+01
   3.8274100e+06   4.4860840e+01
   3.8279220e+06   4.9926758e+01
   3.9097950e+06   4.8767090e+01
   3.9103730e+06   4.9743652e+01
   3.9210610e+06   6.9946289e+01
   3.9215540e+06   5.9020996e+01
   3.9221090e+06   4.3701172e+01
   3.9225010e+06   5.0170898e+01
   3.9228560e+06   4.0832520e+01
   3.9233880e+06   3.9550781e+01
   3.9237930e+06   4.2053223e+01
   3.9244170e+06   4.7058105e+01
   3.9248790e+06   3.8757324e+01
   4.0836360e+06   4.4128418e+01
   4.1230350e+06   5.4199219e+01
   4.1240430e+06   6.5368652e+01
   4.1773140e+06   4.0893555e+01
   4.1964600e+06   5.7678223e+01
   4.2448650e+06   4.3579102e+01
   4.2728410e+06   4.7180176e+01
   4.2736110e+06   7.0251465e+01
   4.2812690e+06   5.8593750e+01
   4.3455680e+06   5.4931641e+01
   4.3460840e+06   4.3029785e+01
   4.4695430e+06   4.6936035e+01
   4.5310580e+06   5.4077148e+01
   4.5317340e+06   7.2570801e+01
   4.5865230e+06   4.8583984e+01
   4.6566040e+06   5.6884766e+01
   4.6573140e+06   5.0109863e+01
   4.6581960e+06   4.2602539e+01
   4.6592000e+06   4.3579102e+01
   4.6876420e+06   5.6701660e+01
   4.7670090e+06   4.3457031e+01
   4.8695430e+06   5.5053711e+01
   4.8856050e+06   6.7626953e+01
   4.9090450e+06   4.6325684e+01
   4.9548010e+06   4.7424316e+01
   4.9576860e+06   5.7250977e+01
   4.9577050e+06   4.1442871e+01
   4.9583440e+06   4.2297363e+01
   4.9595720e+06   4.7058105e+01
   4.9750200e+06   4.5532227e+01
   4.9755950e+06   5.3466797e+01
   4.9762960e+06   3.9184570e+01
   4.9930240e+06   3.8208008e+01
   4.9932860e+06   6.0119629e+01
   5.0420940e+06   4.9682617e+01
   5.0879690e+06   5.8044434e+01
   5.1146270e+06   6.1828613e+01
   5.1723000e+06   5.3222656e+01
   5.1859420e+06   5.1452637e+01
   5.1862060e+06   4.9377441e+01
   5.1866150e+06   5.4077148e+01
   5.1890500e+06   4.1503906e+01
   5.1897060e+06   4.1198730e+01
   5.2704990e+06   5.8593750e+01
   5.2709830e+06   4.5837402e+01
   5.2713930e+06   4.6325684e+01
   5.3213290e+06   4.8278809e+01
   5.3217390e+06   4.9072266e+01
   5.4824940e+06   7.7209473e+01
   5.5063860e+06   5.4199219e+01
   5.6186120e+06   4.5532227e+01
   5.6189350e+06   4.8095703e+01
   5.6374620e+06   4.6142578e+01
   5.6752830e+06   5.6091309e+01
   5.7581450e+06   4.8034668e+01
   5.8478290e+06   3.7658691e+01
   5.8533100e+06   5.5908203e+01
   5.8801330e+06   3.7536621e+01
   5.9431780e+06   5.0354004e+01
   5.9450400e+06   4.6752930e+01
   5.9472000e+06   4.4616699e+01
   5.9476220e+06   4.1259766e+01
   5.9489640e+06   3.7597656e+01
   5.9530880e+06   4.6997070e+01
   5.9533580e+06   3.6315918e+01
   6.1120140e+06   3.7719727e+01
   6.1372410e+06   5.4748535e+01
   6.1375200e+06   4.1687012e+01
   6.1379320e+06   4.6997070e+01
   6.2449560e+06   4.5104980e+01
   6.2455740e+06   5.1086426e+01
   6.6869700e+06   4.5715332e+01
   7.0211310e+06   5.3771973e+01
   7.1951150e+06   3.6376953e+01
   7.3982090e+06   5.0109863e+01
   7.4528540e+06   4.9926758e+01
   7.6284880e+06   3.7414551e+01
   7.6295770e+06   4.2724609e+01
   7.6299790e+06   3.7292480e+01
   7.6301950e+06   4.0466309e+01
   7.6303800e+06   4.3945312e+01
   7.6310360e+06   3.7597656e+01
   7.7037950e+06   4.9377441e+01
   7.7040770e+06   4.9011230e+01
   7.7042770e+06   4.9072266e+01
   7.7046150e+06   3.7048340e+01
   7.7049070e+06   4.2175293e+01
   7.7050900e+06   3.6376953e+01
   7.9738130e+06   4.6447754e+01
   8.2624140e+06   5.4382324e+01
   8.2634670e+06   4.8767090e+01
   8.2639750e+06   3.9733887e+01
   8.2642410e+06   4.2297363e+01
   8.2669830e+06   5.1147461e+01
   8.6700410e+06   5.4870605e+01
   8.7570530e+06   3.8513184e+01
   8.8917700e+06   5.5664062e+01
   8.8927570e+06   5.0598145e+01
   8.8941210e+06   4.3029785e+01
