   8.9990000e+06   0.0000000e+00
   7.3691000e+04   3.2043457e+01
   3.6047400e+05   3.2104492e+01
   6.6989900e+05   3.3935547e+01
   1.0856560e+06   3.2287598e+01
   1.2381830e+06   3.3447266e+01
   1.5002370e+06   3.3081055e+01
   1.6653900e+06   3.3203125e+01
   1.7637550e+06   3.3874512e+01
   2.2534940e+06   3.1982422e+01
   3.0554940e+06   3.2287598e+01
   3.1341950e+06   3.2470703e+01
   3.4416760e+06   3.2348633e+01
   3.9501860e+06   3.5095215e+01
   5.0087800e+06   3.2653809e+01
   5.1921150e+06   3.1982422e+01
   5.5809540e+06   3.2409668e+01
   5.7260220e+06   3.2348633e+01
   5.8634510e+06   3.3142090e+01
   6.4699290e+06   3.2470703e+01
   6.7052520e+06   3.6315918e+01
   7.9171000e+06   3.3081055e+01
   8.5854490e+06   3.2775879e+01
