   8.9990000e+06   0.0000000e+00
   1.3207200e+05   3.7170410e+01
   2.1192600e+05   5.8532715e+01
   2.1214200e+05   5.3466797e+01
   2.1334800e+05   3.7231445e+01
   2.1416600e+05   3.6865234e+01
   2.5682600e+05   4.9682617e+01
   2.7056300e+05   3.7231445e+01
   2.7083700e+05   3.8146973e+01
   3.1938700e+05   4.8461914e+01
   3.1955000e+05   5.1696777e+01
   3.1968500e+05   4.2968750e+01
   3.4712300e+05   3.9184570e+01
   3.5958500e+05   4.5532227e+01
   3.6066100e+05   4.1748047e+01
   3.6906800e+05   3.6560059e+01
   3.7083400e+05   4.4494629e+01
   3.8758900e+05   3.6865234e+01
   3.9452900e+05   4.2419434e+01
   3.9478600e+05   4.7424316e+01
   3.9630200e+05   3.7536621e+01
   4.0738600e+05   3.7658691e+01
   4.3018100e+05   5.0231934e+01
   4.6213100e+05   3.7780762e+01
   4.7351300e+05   4.9560547e+01
   5.0533000e+05   4.5898438e+01
   5.2940500e+05   5.1574707e+01
   5.3007100e+05   4.1870117e+01
   5.6370300e+05   4.2419434e+01
   5.8901800e+05   3.7536621e+01
   5.9239700e+05   5.2429199e+01
   5.9418000e+05   4.6081543e+01
   5.9504700e+05   3.9306641e+01
   6.4417300e+05   4.2907715e+01
   6.5201100e+05   4.4494629e+01
   6.7106700e+05   4.0039062e+01
   7.0151600e+05   3.6865234e+01
   7.1255600e+05   3.6804199e+01
   7.2036800e+05   4.0344238e+01
   7.2914900e+05   4.8034668e+01
   7.5066700e+05   4.7363281e+01
   7.5185700e+05   4.7241211e+01
   7.5249600e+05   3.7414551e+01
   7.7468700e+05   4.2236328e+01
   7.8986200e+05   3.6865234e+01
   7.9313500e+05   4.8950195e+01
   8.1007500e+05   3.7780762e+01
   8.2167000e+05   3.6621094e+01
   8.4269900e+05   3.8696289e+01
   8.4439500e+05   4.8278809e+01
   8.4600100e+05   3.6499023e+01
   8.6936700e+05   4.1320801e+01
   8.8939500e+05   3.9794922e+01
   8.8941900e+05   3.8757324e+01
   9.0405600e+05   3.7292480e+01
   9.4092600e+05   4.5471191e+01
   9.5294500e+05   3.7414551e+01
   9.6712500e+05   4.0405273e+01
   9.9506400e+05   4.3212891e+01
   9.9631100e+05   4.1381836e+01
   9.9858500e+05   3.8085938e+01
   1.0145820e+06   4.0161133e+01
   1.0181490e+06   4.4555664e+01
   1.0419540e+06   3.9001465e+01
   1.0512910e+06   3.6682129e+01
   1.0571790e+06   4.1015625e+01
   1.0618290e+06   3.8269043e+01
   1.0780140e+06   3.6560059e+01
   1.0907970e+06   5.3649902e+01
   1.1048070e+06   3.8085938e+01
   1.1195840e+06   3.9367676e+01
   1.1226910e+06   4.8278809e+01
   1.1410590e+06   4.6142578e+01
   1.1637490e+06   3.8635254e+01
   1.1649700e+06   4.2114258e+01
   1.1676300e+06   4.3762207e+01
   1.1795350e+06   3.8635254e+01
   1.1935390e+06   3.8208008e+01
   1.1937610e+06   4.2114258e+01
   1.2146430e+06   4.1748047e+01
   1.2312900e+06   3.7841797e+01
   1.2542690e+06   3.7292480e+01
   1.2564800e+06   3.8757324e+01
   1.2568810e+06   3.7292480e+01
   1.2751110e+06   4.4372559e+01
   1.2933210e+06   4.0222168e+01
   1.2961330e+06   4.0710449e+01
   1.3148260e+06   3.7597656e+01
   1.3314930e+06   4.1503906e+01
   1.3563370e+06   4.0039062e+01
   1.3811300e+06   4.6142578e+01
   1.3917420e+06   3.7719727e+01
   1.4025470e+06   3.8574219e+01
   1.4205460e+06   4.0527344e+01
   1.4621500e+06   3.8330078e+01
   1.4707210e+06   3.6499023e+01
   1.4848350e+06   4.2785645e+01
   1.5093310e+06   3.7231445e+01
   1.5102660e+06   4.1381836e+01
   1.5110110e+06   3.9306641e+01
   1.5257950e+06   3.7597656e+01
   1.5413410e+06   3.7231445e+01
   1.5568350e+06   3.9062500e+01
   1.5857150e+06   3.7719727e+01
   1.5925290e+06   3.7963867e+01
   1.6048270e+06   3.7536621e+01
   1.6233080e+06   4.0527344e+01
   1.6403200e+06   3.7780762e+01
   1.6643490e+06   3.9550781e+01
   1.6807740e+06   3.9184570e+01
   1.6838570e+06   3.6315918e+01
   1.7042010e+06   4.3640137e+01
   1.7306530e+06   3.9062500e+01
   1.7330510e+06   3.6926270e+01
   1.7468560e+06   3.6315918e+01
   1.7497480e+06   3.7841797e+01
   1.7671360e+06   3.6926270e+01
   1.7680190e+06   3.8696289e+01
   1.7876240e+06   4.6569824e+01
   1.8034260e+06   3.6560059e+01
   1.8098560e+06   4.0283203e+01
   1.8187610e+06   3.8146973e+01
   1.8312760e+06   4.0893555e+01
   1.8543880e+06   4.4189453e+01
   1.8554900e+06   4.1748047e+01
   1.8724900e+06   4.6447754e+01
   1.8729450e+06   4.3640137e+01
   1.9004410e+06   4.5837402e+01
   1.9257420e+06   3.8635254e+01
   1.9411160e+06   4.0893555e+01
   1.9730650e+06   3.9916992e+01
   1.9777740e+06   3.6682129e+01
   1.9943720e+06   4.1198730e+01
   2.0144410e+06   3.6315918e+01
   2.0147990e+06   3.7841797e+01
   2.0337390e+06   4.3334961e+01
   2.0566890e+06   4.0283203e+01
   2.0691360e+06   4.8645020e+01
   2.0945570e+06   4.1748047e+01
   2.0985820e+06   4.5410156e+01
   2.1204940e+06   3.6499023e+01
   2.1311580e+06   4.1503906e+01
   2.1320100e+06   3.6499023e+01
   2.1674510e+06   3.9733887e+01
   2.1870500e+06   4.9743652e+01
   2.1874800e+06   4.4311523e+01
   2.2116160e+06   4.3457031e+01
   2.2383740e+06   3.9001465e+01
   2.2387810e+06   4.4616699e+01
   2.2593220e+06   3.7414551e+01
   2.2626100e+06   4.0222168e+01
   2.2794690e+06   4.1381836e+01
   2.2896960e+06   4.1748047e+01
   2.2974860e+06   4.0039062e+01
   2.3171380e+06   4.3457031e+01
   2.3189380e+06   4.0954590e+01
   2.3394040e+06   3.6743164e+01
   2.3480800e+06   3.9550781e+01
   2.3508210e+06   3.9611816e+01
   2.3606850e+06   3.6621094e+01
   2.3688990e+06   3.8879395e+01
   2.3739540e+06   3.8879395e+01
   2.3839110e+06   4.0832520e+01
   2.4005960e+06   3.7902832e+01
   2.4067460e+06   3.9245605e+01
   2.4080670e+06   4.1503906e+01
   2.4293060e+06   4.1748047e+01
   2.4589380e+06   3.6865234e+01
   2.4597860e+06   4.7912598e+01
   2.4636310e+06   3.7292480e+01
   2.4931740e+06   4.2968750e+01
   2.5209350e+06   4.9072266e+01
   2.5214960e+06   4.1625977e+01
   2.5420370e+06   4.0466309e+01
   2.5542540e+06   3.7353516e+01
   2.5672730e+06   3.8879395e+01
   2.5934190e+06   3.6743164e+01
   2.6225700e+06   4.6630859e+01
   2.6236840e+06   3.9001465e+01
   2.6322860e+06   3.8085938e+01
   2.6328190e+06   3.7902832e+01
   2.6515220e+06   3.7414551e+01
   2.6564430e+06   3.9489746e+01
   2.6772540e+06   3.9123535e+01
   2.6857420e+06   3.7719727e+01
   2.7155160e+06   4.2968750e+01
   2.7361220e+06   3.7048340e+01
   2.7679230e+06   4.0954590e+01
   2.7687350e+06   3.6682129e+01
   2.7942020e+06   4.2297363e+01
   3.0036830e+06   4.1992188e+01
   3.0360130e+06   3.9611816e+01
   3.2929600e+06   3.7536621e+01
   3.6787290e+06   3.6804199e+01
   4.1410760e+06   3.7780762e+01
   4.3753740e+06   3.8757324e+01
   5.5074890e+06   4.1137695e+01
   5.5187420e+06   3.6682129e+01
   5.7779740e+06   3.7963867e+01
   5.8004280e+06   3.9611816e+01
   5.8079490e+06   3.8024902e+01
   5.8818140e+06   4.0161133e+01
   5.9459670e+06   5.0720215e+01
   6.0423560e+06   4.1503906e+01
   6.1258180e+06   3.6682129e+01
   6.3363900e+06   3.9123535e+01
   6.3424040e+06   3.7292480e+01
   6.3555960e+06   3.6865234e+01
   6.3876470e+06   3.6865234e+01
   6.4906570e+06   3.9794922e+01
   6.4943060e+06   3.7841797e+01
   6.6008660e+06   3.9489746e+01
   6.7175600e+06   4.0710449e+01
   6.7401070e+06   3.6865234e+01
   6.9405730e+06   3.7536621e+01
   6.9422750e+06   3.9001465e+01
   7.0129500e+06   3.7048340e+01
   7.0209770e+06   3.8635254e+01
   7.0530870e+06   3.8574219e+01
   7.0585740e+06   4.2846680e+01
   7.1285170e+06   3.6560059e+01
   7.2364900e+06   3.6865234e+01
   7.3074150e+06   4.0100098e+01
   7.4419490e+06   4.0588379e+01
   7.5617080e+06   3.6560059e+01
   7.6055390e+06   3.9916992e+01
   7.6279110e+06   7.2021484e+01
   7.6337930e+06   6.3171387e+01
   7.6340720e+06   3.9123535e+01
   7.6810550e+06   5.5480957e+01
   7.7195590e+06   3.8452148e+01
   7.7801670e+06   4.1564941e+01
   7.7805230e+06   3.7597656e+01
   7.8145610e+06   3.9978027e+01
   8.0594410e+06   3.9428711e+01
   8.0598800e+06   3.7902832e+01
   8.1648310e+06   3.6437988e+01
   8.2133260e+06   4.0527344e+01
   8.2642380e+06   4.9438477e+01
   8.2645180e+06   3.9672852e+01
   8.2654580e+06   5.7800293e+01
   8.2656240e+06   3.6682129e+01
   8.3854810e+06   3.8085938e+01
   8.5251430e+06   3.8574219e+01
   8.5815810e+06   3.6437988e+01
   8.6709840e+06   3.7536621e+01
   8.7370500e+06   3.9184570e+01
   8.8038290e+06   3.7353516e+01
   8.8506200e+06   3.7963867e+01
   8.8893130e+06   7.3181152e+01
   8.8895190e+06   4.9377441e+01
   8.8896610e+06   3.7170410e+01
