   8.9990000e+06   0.0000000e+00
   7.5826000e+04   4.2419434e+01
   1.9194800e+05   3.6804199e+01
   2.2243700e+05   3.7170410e+01
   2.4092600e+05   3.6743164e+01
   2.9667600e+05   4.0100098e+01
   6.0668800e+05   4.2602539e+01
   6.5398400e+05   4.7546387e+01
   7.4634900e+05   3.9611816e+01
   7.8857100e+05   4.0222168e+01
   8.4223700e+05   3.6376953e+01
   9.0560700e+05   4.2114258e+01
   9.5678800e+05   4.4616699e+01
   1.0290960e+06   4.1381836e+01
   1.0294080e+06   3.8330078e+01
   1.0585770e+06   4.9316406e+01
   1.0593430e+06   4.2053223e+01
   1.0606230e+06   3.7109375e+01
   1.0985050e+06   3.6499023e+01
   1.1678910e+06   3.8574219e+01
   1.1686990e+06   3.7658691e+01
   1.1693000e+06   3.6132812e+01
   1.2209100e+06   3.5766602e+01
   1.2879680e+06   3.8330078e+01
   1.3078740e+06   4.1503906e+01
   1.3082090e+06   3.8635254e+01
   1.3260330e+06   3.8330078e+01
   1.3265460e+06   3.6865234e+01
   1.3483720e+06   3.7719727e+01
   1.3496920e+06   4.2175293e+01
   1.3646410e+06   4.0588379e+01
   1.3650340e+06   3.6987305e+01
   1.3869380e+06   4.2907715e+01
   1.3994450e+06   4.2724609e+01
   1.4039530e+06   3.8024902e+01
   1.4041570e+06   3.9062500e+01
   1.4343480e+06   3.6987305e+01
   1.4794960e+06   4.1381836e+01
   1.5060860e+06   4.4799805e+01
   1.5064100e+06   4.2846680e+01
   1.5379820e+06   4.4311523e+01
   1.5488030e+06   4.0161133e+01
   1.5674900e+06   3.6315918e+01
   1.5980100e+06   4.1992188e+01
   1.6118000e+06   3.6254883e+01
   1.6314070e+06   3.6376953e+01
   1.6801520e+06   3.8085938e+01
   1.7099930e+06   4.0710449e+01
   1.7358430e+06   3.5766602e+01
   1.7371500e+06   3.6315918e+01
   1.7771450e+06   3.9123535e+01
   1.8003370e+06   4.1381836e+01
   1.8389030e+06   3.9978027e+01
   1.8659550e+06   3.7353516e+01
   1.8710690e+06   3.7353516e+01
   1.8712920e+06   3.7780762e+01
   1.8716240e+06   3.7170410e+01
   1.8745540e+06   3.7963867e+01
   1.8747800e+06   3.6499023e+01
   1.9039880e+06   3.8574219e+01
   1.9129650e+06   4.1198730e+01
   1.9280000e+06   3.7170410e+01
   1.9283760e+06   4.0954590e+01
   1.9287640e+06   4.0039062e+01
   1.9634130e+06   3.6621094e+01
   1.9989780e+06   3.7780762e+01
   2.0400560e+06   4.2297363e+01
   2.0858110e+06   3.5827637e+01
   2.0861280e+06   3.5888672e+01
   2.0866070e+06   3.6499023e+01
   2.1181760e+06   3.5949707e+01
   2.1427630e+06   3.6254883e+01
   2.1970900e+06   4.0527344e+01
   2.1975290e+06   3.9733887e+01
   2.2249330e+06   3.7658691e+01
   2.2479510e+06   3.9733887e+01
   2.2485710e+06   3.9733887e+01
   2.2628780e+06   3.6437988e+01
   2.2631180e+06   3.6560059e+01
   2.2730620e+06   4.6813965e+01
   2.3087240e+06   3.5949707e+01
   2.3091800e+06   3.9367676e+01
   2.3619410e+06   3.6437988e+01
   2.3903470e+06   4.1442871e+01
   2.4157390e+06   3.9550781e+01
   2.4366430e+06   4.0588379e+01
   2.4925690e+06   4.0283203e+01
   2.5403890e+06   3.7963867e+01
   2.5406440e+06   3.8879395e+01
   2.5890800e+06   3.5888672e+01
   2.6018920e+06   3.9794922e+01
   2.6183310e+06   3.8330078e+01
   2.6270680e+06   3.7353516e+01
   2.6275580e+06   3.7780762e+01
   2.6394880e+06   3.7353516e+01
   2.6484370e+06   3.9916992e+01
   2.6486420e+06   4.0344238e+01
   2.6869820e+06   3.8391113e+01
   2.7246880e+06   3.7414551e+01
   2.7436080e+06   4.0649414e+01
   2.8236410e+06   4.9316406e+01
   2.8246360e+06   4.0222168e+01
   2.8323850e+06   3.6682129e+01
   2.8909080e+06   3.6743164e+01
   2.9116940e+06   4.0161133e+01
   2.9562290e+06   3.8330078e+01
   2.9566400e+06   4.1015625e+01
   2.9571940e+06   3.9245605e+01
   2.9817190e+06   3.9062500e+01
   2.9821320e+06   3.5949707e+01
   2.9827940e+06   4.1076660e+01
   3.0279180e+06   4.4311523e+01
   3.0654130e+06   3.8085938e+01
   3.1030900e+06   3.7841797e+01
   3.1290710e+06   3.7597656e+01
   3.2212920e+06   3.7170410e+01
   3.2216510e+06   3.7597656e+01
   3.2222360e+06   3.6926270e+01
   3.2226230e+06   3.8269043e+01
   3.2479480e+06   3.5766602e+01
   3.2744960e+06   3.6010742e+01
   3.2747590e+06   3.6132812e+01
   3.3183800e+06   3.7597656e+01
   3.3421860e+06   4.1198730e+01
   3.3426990e+06   4.1015625e+01
   3.3657910e+06   3.7353516e+01
   3.4890970e+06   3.8024902e+01
   3.4901290e+06   5.1330566e+01
   3.5230750e+06   3.7292480e+01
   3.6250200e+06   4.0405273e+01
   3.6262260e+06   3.5766602e+01
   3.6266430e+06   3.9245605e+01
   3.6929780e+06   4.1381836e+01
   3.7166330e+06   3.6499023e+01
   3.7834150e+06   3.6743164e+01
   3.7907560e+06   3.9611816e+01
   3.8101050e+06   3.7475586e+01
   3.8814140e+06   3.6560059e+01
   3.9125850e+06   4.8583984e+01
   3.9552620e+06   3.7353516e+01
   3.9559200e+06   3.8269043e+01
   3.9729200e+06   3.6499023e+01
   4.0316950e+06   3.8879395e+01
   4.0680190e+06   3.8818359e+01
   4.0689170e+06   3.8940430e+01
   4.2007520e+06   3.6193848e+01
   4.2017470e+06   3.6926270e+01
   4.2021190e+06   4.3395996e+01
   4.2861840e+06   3.7231445e+01
   4.5309890e+06   4.1381836e+01
   4.6081730e+06   3.6132812e+01
   4.6149970e+06   3.7719727e+01
   4.6154210e+06   3.8024902e+01
   4.6233870e+06   3.6621094e+01
   4.6238380e+06   3.6926270e+01
   4.6609640e+06   3.7292480e+01
   4.7386930e+06   3.9733887e+01
   4.7393580e+06   4.6936035e+01
   4.8410770e+06   5.0903320e+01
   4.8899050e+06   3.7353516e+01
   5.0314990e+06   4.2114258e+01
   5.2731580e+06   3.8696289e+01
   5.4403900e+06   3.8085938e+01
   5.4683860e+06   4.5349121e+01
   5.5242640e+06   3.6376953e+01
   5.6238620e+06   3.8269043e+01
   5.6248090e+06   3.6071777e+01
   5.7729230e+06   4.4006348e+01
   5.9491070e+06   3.9001465e+01
   6.0192040e+06   4.2663574e+01
   6.3301940e+06   4.4250488e+01
   6.3870830e+06   3.6254883e+01
   6.3992790e+06   4.8950195e+01
   6.3995630e+06   3.9245605e+01
   6.3998140e+06   3.6743164e+01
   6.4007370e+06   3.6743164e+01
   6.4961380e+06   4.7851562e+01
   6.4964270e+06   3.6926270e+01
   6.6215700e+06   3.6621094e+01
   6.7297090e+06   3.6926270e+01
   6.8327380e+06   3.7780762e+01
   6.8370620e+06   4.1076660e+01
   6.9061480e+06   3.8513184e+01
   7.2690960e+06   4.1625977e+01
   7.4308080e+06   3.6254883e+01
   7.6319320e+06   4.1137695e+01
   7.6324770e+06   4.3334961e+01
   7.6647690e+06   4.1564941e+01
   7.6711420e+06   3.8757324e+01
   7.6717800e+06   3.6437988e+01
   7.6727200e+06   3.9611816e+01
   7.7095680e+06   4.0344238e+01
   7.8618410e+06   3.7170410e+01
   7.9292120e+06   5.7067871e+01
   8.2368000e+06   4.1137695e+01
   8.2379520e+06   3.8146973e+01
   8.2649960e+06   3.6926270e+01
   8.3214870e+06   3.9184570e+01
   8.3229090e+06   3.8635254e+01
   8.3371220e+06   4.2785645e+01
   8.3621450e+06   4.3823242e+01
   8.4212030e+06   3.6682129e+01
   8.5038370e+06   3.5827637e+01
   8.7522380e+06   3.5949707e+01
   8.7689150e+06   4.0710449e+01
   8.8742390e+06   4.1442871e+01
   8.8805060e+06   3.6437988e+01
   8.8920640e+06   3.7719727e+01
   8.9181300e+06   3.5827637e+01
   8.9184310e+06   3.8208008e+01
   8.9207510e+06   4.1564941e+01
   8.9528460e+06   3.8818359e+01
