   8.9990000e+06   0.0000000e+00
   7.2010300e+05   3.3630371e+01
   7.2860100e+05   3.3020020e+01
   8.1019700e+05   3.3081055e+01
   1.0119110e+06   3.6499023e+01
   1.5873980e+06   3.4179688e+01
   1.7243570e+06   3.3203125e+01
   2.3134500e+06   3.3813477e+01
   2.4667680e+06   3.3630371e+01
   2.8155830e+06   3.4301758e+01
   2.9519450e+06   3.4484863e+01
   3.2025580e+06   3.3020020e+01
   3.4984020e+06   3.3569336e+01
   3.6494210e+06   3.4912109e+01
   3.8051360e+06   3.3813477e+01
   5.0387570e+06   3.4240723e+01
   5.0954970e+06   3.3569336e+01
   5.7879530e+06   3.3020020e+01
   5.7986960e+06   3.3142090e+01
   5.8304390e+06   3.5949707e+01
   5.9218640e+06   3.4057617e+01
   6.0011140e+06   3.3447266e+01
   6.0163850e+06   3.6437988e+01
   6.0945500e+06   3.3447266e+01
   7.0778050e+06   3.3569336e+01
   7.2427670e+06   3.5156250e+01
   7.2479350e+06   3.3020020e+01
   7.2562570e+06   3.3996582e+01
   7.3613460e+06   3.5095215e+01
   7.3759620e+06   3.4973145e+01
   7.8923120e+06   3.6376953e+01
   8.1017460e+06   3.2958984e+01
   8.2395470e+06   3.4851074e+01
   8.3236290e+06   3.4057617e+01
