   8.9990000e+06   0.0000000e+00
   4.6420000e+03   4.7729492e+01
   1.2535000e+04   4.9255371e+01
   8.2621000e+04   4.7424316e+01
   1.0817000e+05   5.0048828e+01
   2.1548900e+05   5.0231934e+01
   2.7614100e+05   4.7485352e+01
   3.0101400e+05   5.0720215e+01
   4.0688000e+05   4.8034668e+01
   4.3043000e+05   4.7790527e+01
   4.3088000e+05   4.7790527e+01
   4.7393100e+05   4.7729492e+01
   5.0062800e+05   4.8400879e+01
   5.0646800e+05   5.0415039e+01
   5.2106400e+05   4.7973633e+01
   5.6780900e+05   4.9560547e+01
   5.7940200e+05   4.7973633e+01
   6.0046800e+05   5.2124023e+01
   7.0837300e+05   4.9316406e+01
   7.1768200e+05   4.9316406e+01
   7.2070300e+05   4.8156738e+01
   7.4710600e+05   4.7729492e+01
   7.9916200e+05   4.8767090e+01
   8.1144700e+05   4.7729492e+01
   8.5054000e+05   4.7851562e+01
   8.6425200e+05   4.7729492e+01
   8.8414200e+05   4.9804688e+01
   1.0528110e+06   4.8828125e+01
   1.2432820e+06   4.8156738e+01
   1.3735000e+06   4.7485352e+01
   1.7992890e+06   4.8034668e+01
   1.8138080e+06   4.7851562e+01
   1.8392430e+06   4.7546387e+01
   1.9324360e+06   4.9926758e+01
   1.9798660e+06   4.9743652e+01
   2.0927570e+06   5.1879883e+01
   3.6179000e+06   4.9377441e+01
   3.6191250e+06   5.3222656e+01
   3.6250560e+06   4.7790527e+01
   3.6259680e+06   4.8522949e+01
   3.6296400e+06   5.2795410e+01
   3.6308280e+06   4.7729492e+01
   3.6329610e+06   4.8278809e+01
   3.6347020e+06   4.7546387e+01
   3.6367630e+06   5.6274414e+01
   3.6390440e+06   4.8095703e+01
   3.6417000e+06   4.8339844e+01
   3.6418530e+06   5.4077148e+01
   3.6447700e+06   4.9255371e+01
   3.6461430e+06   4.8278809e+01
   3.6470720e+06   4.9987793e+01
   3.6489360e+06   4.9072266e+01
   3.6492900e+06   5.5786133e+01
   3.6501860e+06   5.1635742e+01
   3.6567910e+06   4.7851562e+01
   3.6590280e+06   5.4199219e+01
   3.6596910e+06   4.7546387e+01
   3.6618810e+06   4.9011230e+01
   3.6659940e+06   4.8339844e+01
   3.6660130e+06   4.8278809e+01
   3.6677090e+06   4.7485352e+01
   3.6690380e+06   4.7729492e+01
   3.6692310e+06   5.2001953e+01
   3.6693000e+06   5.0964355e+01
   3.6698220e+06   5.1147461e+01
   3.6700140e+06   5.3588867e+01
   3.6736260e+06   5.1147461e+01
   3.6753320e+06   4.9560547e+01
   3.6786590e+06   4.8461914e+01
   3.6795800e+06   4.7607422e+01
   3.6816840e+06   4.8461914e+01
   3.6862550e+06   4.7546387e+01
   3.6874770e+06   5.1330566e+01
   3.6993190e+06   5.1025391e+01
   3.7520840e+06   5.1757812e+01
   3.7530890e+06   4.8706055e+01
   3.7543130e+06   4.7485352e+01
   3.7556690e+06   4.8583984e+01
   3.7590990e+06   4.9255371e+01
   3.7652400e+06   4.7851562e+01
   3.7704480e+06   5.1391602e+01
   3.7770990e+06   4.7851562e+01
   3.8345000e+06   4.9499512e+01
   3.8430630e+06   4.9743652e+01
   3.8461840e+06   5.0354004e+01
   3.8720820e+06   4.8156738e+01
   3.9014880e+06   4.7485352e+01
   3.9222430e+06   4.7485352e+01
   3.9388090e+06   5.0720215e+01
   3.9512910e+06   4.7424316e+01
   3.9569850e+06   4.8400879e+01
   3.9591540e+06   4.7546387e+01
   3.9635800e+06   4.7790527e+01
   3.9675210e+06   4.8095703e+01
   3.9689220e+06   4.7668457e+01
   3.9751340e+06   4.7790527e+01
   3.9842450e+06   5.7617188e+01
   3.9912670e+06   4.9194336e+01
   3.9925540e+06   4.8339844e+01
   3.9988310e+06   4.8950195e+01
   4.5832130e+06   5.2917480e+01
   4.5981740e+06   5.7373047e+01
   4.6055040e+06   4.9438477e+01
   4.6187730e+06   4.7851562e+01
   4.6248730e+06   4.7546387e+01
   4.6403410e+06   4.9316406e+01
   4.6483180e+06   5.2368164e+01
   4.6607040e+06   4.9499512e+01
   4.6949030e+06   5.0598145e+01
   4.7430120e+06   4.7668457e+01
   4.7608700e+06   4.7668457e+01
   4.8138110e+06   4.8156738e+01
   4.8546220e+06   4.7485352e+01
