   8.9990000e+06   0.0000000e+00
   7.9820000e+03   3.9672852e+01
   8.3490000e+03   3.5339355e+01
   9.0620000e+03   3.6315918e+01
   2.4971000e+04   3.4606934e+01
   3.8446000e+04   3.9550781e+01
   4.0994000e+04   3.5217285e+01
   4.6348000e+04   3.5339355e+01
   4.6810000e+04   3.5461426e+01
   5.3197000e+04   3.6315918e+01
   5.8724000e+04   3.6499023e+01
   6.9498000e+04   3.4851074e+01
   7.7606000e+04   3.7414551e+01
   8.8075000e+04   3.4362793e+01
   1.0309400e+05   3.6315918e+01
   1.0398500e+05   3.8635254e+01
   1.0700000e+05   3.5522461e+01
   1.1518800e+05   3.8574219e+01
   1.2593600e+05   4.1076660e+01
   1.2724200e+05   3.6865234e+01
   1.2770000e+05   3.6254883e+01
   1.3834000e+05   4.2297363e+01
   1.4070500e+05   3.6132812e+01
   1.4992600e+05   4.0344238e+01
   1.5289600e+05   3.4851074e+01
   1.5464200e+05   3.6865234e+01
   1.5698100e+05   3.5095215e+01
   1.5850400e+05   3.5644531e+01
   1.6198200e+05   3.9550781e+01
   1.6565500e+05   3.5339355e+01
   1.7154600e+05   3.7231445e+01
   1.7263100e+05   3.5644531e+01
   1.7644600e+05   3.4545898e+01
   1.7980500e+05   3.4423828e+01
   1.8035500e+05   3.4362793e+01
   1.9239500e+05   3.8330078e+01
   1.9731100e+05   3.6682129e+01
   1.9757600e+05   3.5522461e+01
   2.0041300e+05   4.0100098e+01
   2.0773000e+05   4.0344238e+01
   2.1217100e+05   4.0893555e+01
   2.1715700e+05   3.7231445e+01
   2.2851100e+05   3.4912109e+01
   2.3290500e+05   3.4667969e+01
   2.3500900e+05   3.6132812e+01
   2.3782400e+05   3.4790039e+01
   2.3816200e+05   3.4667969e+01
   2.3857100e+05   3.5400391e+01
   2.3955300e+05   3.4545898e+01
   2.4037900e+05   4.1442871e+01
   2.4316800e+05   3.6254883e+01
   2.4836400e+05   4.9377441e+01
   2.4840200e+05   3.7475586e+01
   2.5139700e+05   3.6621094e+01
   2.5983800e+05   3.6132812e+01
   2.6079000e+05   3.8024902e+01
   2.7220600e+05   3.6193848e+01
   2.8130700e+05   3.5217285e+01
   2.8156800e+05   3.6193848e+01
   2.8211100e+05   3.5095215e+01
   2.9520900e+05   3.5522461e+01
   3.0780000e+05   3.6315918e+01
   3.1321800e+05   3.6926270e+01
   3.1926900e+05   4.2053223e+01
   3.2224000e+05   3.4423828e+01
   3.2999600e+05   3.8513184e+01
   3.4605500e+05   4.4311523e+01
   3.4840000e+05   3.6193848e+01
   3.4877100e+05   4.0344238e+01
   3.5503400e+05   3.8513184e+01
   3.6361600e+05   3.7536621e+01
   3.6510100e+05   3.7658691e+01
   3.9477100e+05   3.5400391e+01
   3.9962400e+05   3.6682129e+01
   4.2056900e+05   4.1809082e+01
   4.2322600e+05   3.4606934e+01
   4.2873100e+05   3.8330078e+01
   4.3013900e+05   3.7353516e+01
   4.3292300e+05   3.8818359e+01
   4.3646600e+05   3.4729004e+01
   4.3873200e+05   3.5522461e+01
   4.4256000e+05   3.4851074e+01
   4.4499000e+05   4.2419434e+01
   4.4547900e+05   3.6621094e+01
   4.5218500e+05   3.9611816e+01
   4.5595300e+05   3.5156250e+01
   4.5667200e+05   3.7048340e+01
   4.5916500e+05   3.7536621e+01
   4.7076100e+05   3.8391113e+01
   4.7744200e+05   3.7353516e+01
   4.8170500e+05   3.6376953e+01
   4.8622400e+05   3.4973145e+01
   4.9331500e+05   3.7170410e+01
   4.9968700e+05   4.1809082e+01
   5.0714500e+05   3.6071777e+01
   5.1235200e+05   3.6376953e+01
   5.1562300e+05   3.5644531e+01
   5.1713200e+05   3.6254883e+01
   5.2122500e+05   3.6499023e+01
   5.2500600e+05   3.4362793e+01
   5.2684700e+05   3.9489746e+01
   5.2748000e+05   3.5217285e+01
   5.2847800e+05   3.4606934e+01
   5.2858300e+05   3.5827637e+01
   5.3638700e+05   3.4912109e+01
   5.3817700e+05   3.9855957e+01
   5.4768200e+05   3.6865234e+01
   5.4967100e+05   3.5034180e+01
   5.5009000e+05   3.7353516e+01
   5.5740200e+05   3.5095215e+01
   5.6010500e+05   3.6804199e+01
   5.6052900e+05   3.6010742e+01
   5.6406000e+05   3.5766602e+01
   5.7471500e+05   3.6865234e+01
   5.8047000e+05   3.6804199e+01
   5.8371800e+05   3.7109375e+01
   5.8970800e+05   3.8879395e+01
   5.9008800e+05   3.4423828e+01
   5.9783300e+05   3.6926270e+01
   6.0370800e+05   3.7414551e+01
   6.0700800e+05   3.4729004e+01
   6.0739400e+05   3.7963867e+01
   6.1370100e+05   3.5705566e+01
   6.1861100e+05   5.8593750e+01
   6.1863000e+05   3.6010742e+01
   6.2278100e+05   3.9672852e+01
   6.5175400e+05   3.9001465e+01
   6.6604100e+05   3.7109375e+01
   6.6850300e+05   4.0832520e+01
   6.6904900e+05   3.8696289e+01
   6.7046100e+05   3.9916992e+01
   6.7131000e+05   3.4423828e+01
   6.7154500e+05   3.7353516e+01
   6.7865900e+05   3.4790039e+01
   6.8152900e+05   4.1076660e+01
   6.8312200e+05   4.4372559e+01
   6.8622400e+05   3.4545898e+01
   6.9229700e+05   3.6560059e+01
   6.9679100e+05   3.5522461e+01
   7.0255700e+05   3.4790039e+01
   7.1760000e+05   3.4484863e+01
   7.1921000e+05   4.0344238e+01
   7.3228400e+05   3.5766602e+01
   7.3747900e+05   4.1931152e+01
   7.3868000e+05   3.8024902e+01
   7.4050700e+05   4.1564941e+01
   7.4384400e+05   3.5705566e+01
   7.4520000e+05   3.4484863e+01
   7.4557900e+05   3.4484863e+01
   7.6048900e+05   4.1870117e+01
   7.6598600e+05   3.6376953e+01
   7.7419100e+05   3.8391113e+01
   7.7477900e+05   3.5827637e+01
   7.7546700e+05   3.7475586e+01
   7.7622200e+05   3.6010742e+01
   7.8346600e+05   3.7109375e+01
   7.9369100e+05   4.3212891e+01
   7.9560900e+05   3.6254883e+01
   8.0749700e+05   3.7048340e+01
   8.1030200e+05   3.4423828e+01
   8.2555900e+05   3.8574219e+01
   8.2906200e+05   4.8706055e+01
   8.3467200e+05   3.4667969e+01
   8.4048200e+05   3.5705566e+01
   8.4379800e+05   3.6865234e+01
   8.5649200e+05   3.5949707e+01
   8.6358300e+05   3.5339355e+01
   8.7784500e+05   3.6010742e+01
   8.8189800e+05   3.4606934e+01
   8.8375500e+05   3.6437988e+01
   8.9007300e+05   3.6560059e+01
   8.9411400e+05   3.5400391e+01
   9.1128100e+05   3.4790039e+01
   9.1413600e+05   3.8879395e+01
   9.1515100e+05   3.6315918e+01
   9.1564000e+05   3.7353516e+01
   9.1664800e+05   3.4851074e+01
   9.1754200e+05   3.4423828e+01
   9.3468800e+05   5.0170898e+01
   9.4114400e+05   4.2175293e+01
   9.4263500e+05   3.5400391e+01
   9.5013000e+05   3.7353516e+01
   9.5265500e+05   3.4790039e+01
   9.5305500e+05   3.4729004e+01
   9.5314600e+05   3.4729004e+01
   9.5449200e+05   4.2907715e+01
   9.5486000e+05   3.6193848e+01
   9.5522500e+05   3.7963867e+01
   9.5574900e+05   3.5583496e+01
   9.5630600e+05   3.5705566e+01
   9.5927800e+05   4.0161133e+01
   9.6985700e+05   3.4362793e+01
   9.8832900e+05   3.5156250e+01
   9.9143200e+05   3.4423828e+01
   9.9242300e+05   3.5339355e+01
   9.9522800e+05   4.1809082e+01
   9.9530600e+05   3.9978027e+01
   9.9664700e+05   3.6804199e+01
   9.9954500e+05   3.4545898e+01
   1.0149080e+06   3.4362793e+01
   1.0248040e+06   4.0100098e+01
   1.0413320e+06   3.6743164e+01
   1.0444400e+06   3.9367676e+01
   1.0446390e+06   3.7902832e+01
   1.0451550e+06   3.5156250e+01
   1.0470660e+06   3.4545898e+01
   1.0573690e+06   3.6987305e+01
   1.0674420e+06   3.5339355e+01
   1.0716160e+06   4.4128418e+01
   1.0720540e+06   4.4311523e+01
   1.0732960e+06   4.2419434e+01
   1.0741410e+06   3.4545898e+01
   1.0742070e+06   3.4790039e+01
   1.0919250e+06   3.5583496e+01
   1.0943670e+06   3.7597656e+01
   1.0988980e+06   3.6193848e+01
   1.1052880e+06   3.7292480e+01
   1.1155570e+06   3.4790039e+01
   1.1189620e+06   4.0954590e+01
   1.1192260e+06   3.8269043e+01
   1.1222520e+06   3.5095215e+01
   1.1266370e+06   3.9733887e+01
   1.1284940e+06   3.5583496e+01
   1.1448820e+06   3.8024902e+01
   1.1455630e+06   3.6560059e+01
   1.1512740e+06   3.5339355e+01
   1.1643670e+06   3.7475586e+01
   1.1651310e+06   4.4921875e+01
   1.1654670e+06   3.4545898e+01
   1.1655050e+06   3.8513184e+01
   1.1658640e+06   3.9428711e+01
   1.1679290e+06   3.5278320e+01
   1.1782970e+06   3.4851074e+01
   1.1831500e+06   3.6987305e+01
   1.1876050e+06   3.7841797e+01
   1.1919660e+06   3.4667969e+01
   1.1984440e+06   3.7292480e+01
   1.2058470e+06   3.5339355e+01
   1.2107870e+06   3.4362793e+01
   1.2176670e+06   4.0344238e+01
   1.2189320e+06   3.6376953e+01
   1.2258020e+06   3.6437988e+01
   1.2284600e+06   3.5156250e+01
   1.2288900e+06   3.9733887e+01
   1.2368050e+06   3.4362793e+01
   1.2492270e+06   3.6437988e+01
   1.2561040e+06   4.1992188e+01
   1.2562650e+06   3.9123535e+01
   1.2563640e+06   4.1442871e+01
   1.2568070e+06   3.7719727e+01
   1.2570670e+06   3.5339355e+01
   1.2722220e+06   3.6865234e+01
   1.2803610e+06   3.8452148e+01
   1.2889080e+06   3.6682129e+01
   1.2916540e+06   5.9875488e+01
   1.2979610e+06   3.6804199e+01
   1.2990420e+06   3.7719727e+01
   1.3060840e+06   4.3518066e+01
   1.3062660e+06   3.4423828e+01
   1.3109090e+06   3.7658691e+01
   1.3202390e+06   3.5400391e+01
   1.3295470e+06   4.7241211e+01
   1.3303530e+06   4.0771484e+01
   1.3343030e+06   3.4851074e+01
   1.3388950e+06   3.4667969e+01
   1.3426860e+06   3.4484863e+01
   1.3504770e+06   4.6630859e+01
   1.3544000e+06   3.7231445e+01
   1.3587910e+06   4.4189453e+01
   1.3590510e+06   4.0466309e+01
   1.3674200e+06   3.4851074e+01
   1.3885540e+06   5.4321289e+01
   1.3888310e+06   4.0710449e+01
   1.3929800e+06   4.0832520e+01
   1.4031490e+06   4.0832520e+01
   1.4034070e+06   4.6875000e+01
   1.4149170e+06   4.8461914e+01
   1.4151780e+06   3.8696289e+01
   1.4160460e+06   3.7963867e+01
   1.4177750e+06   3.7597656e+01
   1.4227240e+06   3.8330078e+01
   1.4382760e+06   4.4311523e+01
   1.4383120e+06   3.4729004e+01
   1.4386730e+06   4.5959473e+01
   1.4388520e+06   3.7353516e+01
   1.4401200e+06   4.2114258e+01
   1.4402610e+06   3.9001465e+01
   1.4411430e+06   3.6743164e+01
   1.4416970e+06   3.7475586e+01
   1.4473180e+06   3.5095215e+01
   1.4506740e+06   3.6743164e+01
   1.4569170e+06   3.5827637e+01
   1.4614270e+06   5.2490234e+01
   1.4618590e+06   3.9184570e+01
   1.4621750e+06   3.5827637e+01
   1.4626150e+06   3.9916992e+01
   1.4726990e+06   3.6621094e+01
   1.4793880e+06   3.4423828e+01
   1.4833910e+06   3.5217285e+01
   1.4954710e+06   3.6193848e+01
   1.4963410e+06   3.4667969e+01
   1.4969180e+06   3.4790039e+01
   1.5018440e+06   3.8940430e+01
   1.5089910e+06   3.6743164e+01
   1.5101670e+06   3.5095215e+01
   1.5156000e+06   3.5522461e+01
   1.5187710e+06   5.1574707e+01
   1.5189780e+06   3.5705566e+01
   1.5191090e+06   3.6987305e+01
   1.5305350e+06   3.4729004e+01
   1.5424600e+06   3.5888672e+01
   1.5451830e+06   4.3029785e+01
   1.5455180e+06   3.4423828e+01
   1.5523600e+06   4.0954590e+01
   1.5539230e+06   4.2846680e+01
   1.5541350e+06   4.0893555e+01
   1.5664440e+06   3.5400391e+01
   1.5677750e+06   3.8269043e+01
   1.5771420e+06   3.6193848e+01
   1.5785110e+06   3.8818359e+01
   1.5789250e+06   3.7109375e+01
   1.5790730e+06   3.7902832e+01
   1.5795760e+06   5.0476074e+01
   1.6069050e+06   4.5959473e+01
   1.6075970e+06   4.4921875e+01
   1.6092950e+06   3.9123535e+01
   1.6094730e+06   3.4729004e+01
   1.6101490e+06   3.6010742e+01
   1.6264210e+06   3.5217285e+01
   1.6282820e+06   3.6376953e+01
   1.6288750e+06   3.5949707e+01
   1.6302370e+06   4.8522949e+01
   1.6303620e+06   3.9184570e+01
   1.6305190e+06   3.7841797e+01
   1.6308240e+06   4.1503906e+01
   1.6334790e+06   3.6560059e+01
   1.6478010e+06   3.6010742e+01
   1.6643170e+06   4.1687012e+01
   1.6644180e+06   3.5278320e+01
   1.6676240e+06   3.5217285e+01
   1.6786750e+06   3.4912109e+01
   1.6787140e+06   5.1025391e+01
   1.6790910e+06   3.7780762e+01
   1.6793200e+06   3.7536621e+01
   1.6797100e+06   4.2968750e+01
   1.6803180e+06   3.4484863e+01
   1.6869160e+06   4.1137695e+01
   1.6926660e+06   3.4484863e+01
   1.6945670e+06   3.5034180e+01
   1.7100130e+06   5.3405762e+01
   1.7102050e+06   3.5705566e+01
   1.7105180e+06   3.4973145e+01
   1.7109690e+06   3.6010742e+01
   1.7158970e+06   3.9367676e+01
   1.7172130e+06   3.8879395e+01
   1.7210570e+06   3.6682129e+01
   1.7214100e+06   3.8391113e+01
   1.7215830e+06   3.6254883e+01
   1.7222370e+06   3.4851074e+01
   1.7288880e+06   3.9794922e+01
   1.7304560e+06   3.9001465e+01
   1.7320440e+06   3.5034180e+01
   1.7326780e+06   3.5156250e+01
   1.7377130e+06   3.7109375e+01
   1.7384140e+06   4.1564941e+01
   1.7432220e+06   3.5949707e+01
   1.7526070e+06   3.6499023e+01
   1.7537090e+06   3.5583496e+01
   1.7584510e+06   3.7963867e+01
   1.7638620e+06   4.0466309e+01
   1.7686800e+06   3.7658691e+01
   1.7741010e+06   3.6193848e+01
   1.7761300e+06   3.6010742e+01
   1.7765700e+06   4.1442871e+01
   1.7789050e+06   3.8513184e+01
   1.7843390e+06   3.7231445e+01
   1.7845360e+06   3.8330078e+01
   1.7893160e+06   3.6254883e+01
   1.7899960e+06   3.5766602e+01
   1.8051900e+06   4.2053223e+01
   1.8056180e+06   3.9489746e+01
   1.8202090e+06   4.1442871e+01
   1.8205240e+06   3.5217285e+01
   1.8206460e+06   3.4729004e+01
   1.8220350e+06   3.5705566e+01
   1.8241990e+06   3.5949707e+01
   1.8311850e+06   3.8879395e+01
   1.8315790e+06   3.6987305e+01
   1.8319850e+06   3.7780762e+01
   1.8401580e+06   3.7780762e+01
   1.8498170e+06   4.2602539e+01
   1.8568650e+06   3.8513184e+01
   1.8573690e+06   4.3212891e+01
   1.8584190e+06   3.9062500e+01
   1.8586200e+06   3.4790039e+01
   1.8590530e+06   3.5522461e+01
   1.8795520e+06   4.3212891e+01
   1.8841480e+06   3.5705566e+01
   1.8910610e+06   3.8879395e+01
   1.8912750e+06   4.5959473e+01
   1.8962510e+06   3.5644531e+01
   1.9207890e+06   3.9245605e+01
   1.9210550e+06   4.3762207e+01
   1.9266240e+06   3.4667969e+01
   1.9298280e+06   3.7109375e+01
   1.9299140e+06   4.4555664e+01
   1.9300830e+06   3.6743164e+01
   1.9358950e+06   3.5705566e+01
   1.9598330e+06   3.4545898e+01
   1.9609280e+06   4.0893555e+01
   1.9609920e+06   3.5278320e+01
   1.9620350e+06   3.5278320e+01
   1.9629230e+06   3.4484863e+01
   1.9651440e+06   4.5471191e+01
   1.9654510e+06   3.9367676e+01
   1.9658880e+06   3.4851074e+01
   1.9668360e+06   3.4606934e+01
   1.9674280e+06   3.4851074e+01
   1.9683660e+06   4.5043945e+01
   1.9746530e+06   3.4423828e+01
   1.9786830e+06   4.1503906e+01
   1.9811340e+06   3.6071777e+01
   1.9924500e+06   3.9916992e+01
   1.9926100e+06   4.1687012e+01
   1.9944280e+06   3.7597656e+01
   2.0034320e+06   3.7170410e+01
   2.0051800e+06   5.0781250e+01
   2.0056790e+06   3.8513184e+01
   2.0122360e+06   4.4738770e+01
   2.0126310e+06   3.8085938e+01
   2.0268910e+06   3.5095215e+01
   2.0288130e+06   3.6560059e+01
   2.0342350e+06   3.9550781e+01
   2.0480880e+06   3.9062500e+01
   2.0693910e+06   3.5156250e+01
   2.0695800e+06   3.9306641e+01
   2.0699000e+06   3.5583496e+01
   2.0722760e+06   4.1809082e+01
   2.0733190e+06   3.6071777e+01
   2.0757880e+06   3.8085938e+01
   2.0856720e+06   4.1992187e+01
   2.0859360e+06   4.1748047e+01
   2.0860760e+06   3.6193848e+01
   2.0867810e+06   3.7353516e+01
   2.0919690e+06   3.6499023e+01
   2.0977210e+06   3.5522461e+01
   2.1037670e+06   4.4006348e+01
   2.1130120e+06   3.8940430e+01
   2.1132180e+06   4.5166016e+01
   2.1135390e+06   4.0771484e+01
   2.1142040e+06   3.4667969e+01
   2.1143780e+06   3.7475586e+01
   2.1262850e+06   4.0222168e+01
   2.1289520e+06   3.5644531e+01
   2.1375550e+06   3.4729004e+01
   2.1470010e+06   3.9123535e+01
   2.1592280e+06   3.7048340e+01
   2.1615990e+06   3.5156250e+01
   2.1732110e+06   4.6752930e+01
   2.1734850e+06   3.8696289e+01
   2.1745250e+06   4.0710449e+01
   2.1796730e+06   3.8024902e+01
   2.1813380e+06   3.7780762e+01
   2.1818350e+06   4.1442871e+01
   2.1826350e+06   4.2236328e+01
   2.1837630e+06   3.6376953e+01
   2.1971950e+06   3.4790039e+01
   2.1974010e+06   4.1809082e+01
   2.1987150e+06   3.7231445e+01
   2.2031880e+06   4.5288086e+01
   2.2034110e+06   3.8574219e+01
   2.2182090e+06   3.8269043e+01
   2.2185130e+06   3.7292480e+01
   2.2185660e+06   3.9794922e+01
   2.2376250e+06   3.7719727e+01
   2.2442270e+06   4.8583984e+01
   2.2445050e+06   4.0832520e+01
   2.2446570e+06   3.4362793e+01
   2.2655740e+06   4.3640137e+01
   2.2697210e+06   4.2236328e+01
   2.2706640e+06   3.4362793e+01
   2.2724190e+06   4.0344238e+01
   2.2726620e+06   3.9123535e+01
   2.2877730e+06   3.8208008e+01
   2.2958670e+06   3.5583496e+01
   2.2987540e+06   3.9611816e+01
   2.2995560e+06   4.5471191e+01
   2.2998090e+06   4.0893555e+01
   2.3088350e+06   3.5827637e+01
   2.3184140e+06   3.5217285e+01
   2.3228320e+06   3.4729004e+01
   2.3234630e+06   3.8574219e+01
   2.3242930e+06   3.7048340e+01
   2.3459270e+06   4.3640137e+01
   2.3462690e+06   4.3518066e+01
   2.3467240e+06   5.0659180e+01
   2.3470800e+06   4.4921875e+01
   2.3523970e+06   3.5827637e+01
   2.3742580e+06   5.3161621e+01
   2.3748440e+06   4.7851562e+01
   2.3817600e+06   3.4973145e+01
   2.3979550e+06   3.9672852e+01
   2.3989080e+06   4.8095703e+01
   2.4062630e+06   4.6020508e+01
   2.4255080e+06   3.9550781e+01
   2.4258050e+06   4.0893555e+01
   2.4260560e+06   3.4484863e+01
   2.4335570e+06   3.4912109e+01
   2.4464800e+06   3.8208008e+01
   2.4533560e+06   3.9672852e+01
   2.4538670e+06   3.8452148e+01
   2.4596110e+06   3.6865234e+01
   2.4660140e+06   3.4362793e+01
   2.4665470e+06   3.5278320e+01
   2.4682170e+06   3.5095215e+01
   2.4816270e+06   3.5034180e+01
   2.5169040e+06   3.6132812e+01
   2.5200790e+06   4.5288086e+01
   2.5202890e+06   3.5522461e+01
   2.5204490e+06   3.6071777e+01
   2.5274090e+06   4.1687012e+01
   2.5358770e+06   3.5156250e+01
   2.5384390e+06   3.6254883e+01
   2.5454990e+06   4.5349121e+01
   2.5555590e+06   3.6010742e+01
   2.5764290e+06   3.5705566e+01
   2.5805950e+06   3.4851074e+01
   2.5845520e+06   3.4912109e+01
   2.5949070e+06   3.5156250e+01
   2.5976130e+06   4.2297363e+01
   2.6055470e+06   3.5888672e+01
   2.6097760e+06   3.5827637e+01
   2.6181830e+06   3.7231445e+01
   2.6194510e+06   3.8146973e+01
   2.6197760e+06   3.6254883e+01
   2.6321860e+06   3.6010742e+01
   2.6416780e+06   3.4423828e+01
   2.6426850e+06   4.6752930e+01
   2.6433620e+06   5.2490234e+01
   2.6542970e+06   3.7353516e+01
   2.6645730e+06   3.5522461e+01
   2.6731090e+06   3.5156250e+01
   2.6815730e+06   3.4973145e+01
   2.6894550e+06   3.6010742e+01
   2.6975770e+06   4.9194336e+01
   2.6989400e+06   3.7353516e+01
   2.7025050e+06   4.5593262e+01
   2.7028690e+06   4.0710449e+01
   2.7032550e+06   3.4851074e+01
   2.7134890e+06   3.4484863e+01
   2.7193920e+06   3.7231445e+01
   2.7197030e+06   3.6132812e+01
   2.7206890e+06   3.5339355e+01
   2.7287220e+06   3.7780762e+01
   2.7336560e+06   4.5227051e+01
   2.7340990e+06   3.8513184e+01
   2.7341440e+06   3.6987305e+01
   2.7343730e+06   3.9123535e+01
   2.7349670e+06   3.7963867e+01
   2.7394420e+06   3.8085938e+01
   2.7403940e+06   3.8391113e+01
   2.7581220e+06   3.4912109e+01
   2.7664260e+06   3.7719727e+01
   2.7805670e+06   3.5949707e+01
   2.7894640e+06   3.4790039e+01
   2.8001160e+06   3.4973145e+01
   2.8006480e+06   3.6682129e+01
   2.8073120e+06   3.5522461e+01
   2.8077850e+06   5.1452637e+01
   2.8078820e+06   4.3090820e+01
   2.8081290e+06   3.8269043e+01
   2.8083700e+06   3.6621094e+01
   2.8168630e+06   3.6376953e+01
   2.8328910e+06   3.5217285e+01
   2.8346190e+06   3.8513184e+01
   2.8432450e+06   3.4790039e+01
   2.8450070e+06   3.9062500e+01
   2.8493240e+06   5.1513672e+01
   2.8516580e+06   3.5461426e+01
   2.8522640e+06   3.5156250e+01
   2.8597170e+06   3.7597656e+01
   2.8646390e+06   3.6437988e+01
   2.8658330e+06   3.4790039e+01
   2.8692720e+06   4.0649414e+01
   2.8745930e+06   3.4851074e+01
   2.8775490e+06   4.8156738e+01
   2.8778720e+06   4.0039062e+01
   2.8780610e+06   3.4484863e+01
   2.8787160e+06   3.5034180e+01
   2.8806260e+06   3.9916992e+01
   2.8936050e+06   3.6743164e+01
   2.8962360e+06   3.5400391e+01
   2.9005580e+06   3.5522461e+01
   2.9149320e+06   4.2419434e+01
   2.9432860e+06   3.5949707e+01
   2.9566160e+06   4.4799805e+01
   2.9570860e+06   4.2846680e+01
   2.9836110e+06   3.6621094e+01
   2.9867170e+06   3.5034180e+01
   2.9892860e+06   3.6071777e+01
   3.0014580e+06   3.5156250e+01
   3.0025340e+06   3.4423828e+01
   3.0026740e+06   3.7597656e+01
   3.0042890e+06   3.5827637e+01
   3.0225170e+06   3.5034180e+01
   3.0353320e+06   3.7902832e+01
   3.0488080e+06   4.4799805e+01
   3.0491040e+06   4.9377441e+01
   3.0504400e+06   3.4973145e+01
   3.0551230e+06   3.6071777e+01
   3.0595210e+06   3.6926270e+01
   3.0679700e+06   4.0222168e+01
   3.0692900e+06   4.4677734e+01
   3.0700940e+06   3.6987305e+01
   3.0866940e+06   3.8391113e+01
   3.1043350e+06   3.7719727e+01
   3.1068600e+06   3.5949707e+01
   3.1132180e+06   3.8696289e+01
   3.1156220e+06   3.6071777e+01
   3.1163610e+06   3.6315918e+01
   3.1316000e+06   3.8513184e+01
   3.1545700e+06   3.6132812e+01
   3.1681280e+06   3.4362793e+01
   3.1702010e+06   4.1442871e+01
   3.1707340e+06   3.5827637e+01
   3.1718240e+06   3.4667969e+01
   3.1777890e+06   4.5043945e+01
   3.1847590e+06   3.7292480e+01
   3.1848080e+06   3.5949707e+01
   3.1851710e+06   3.5522461e+01
   3.1854100e+06   3.4912109e+01
   3.1881570e+06   3.9733887e+01
   3.1884150e+06   3.6071777e+01
   3.1902650e+06   3.6560059e+01
   3.1974350e+06   4.2053223e+01
   3.1977390e+06   4.5043945e+01
   3.2106090e+06   3.9001465e+01
   3.2147520e+06   3.4423828e+01
   3.2241570e+06   3.6926270e+01
   3.2429340e+06   3.6254883e+01
   3.2459860e+06   3.6193848e+01
   3.2464870e+06   3.5644531e+01
   3.2476410e+06   3.5644531e+01
   3.2588370e+06   6.0119629e+01
   3.2604220e+06   3.4606934e+01
   3.2607490e+06   3.4729004e+01
   3.2709870e+06   3.6621094e+01
   3.2723100e+06   3.6621094e+01
   3.2817000e+06   3.4667969e+01
   3.2823330e+06   3.4667969e+01
   3.2850010e+06   3.5583496e+01
   3.2958080e+06   4.2480469e+01
   3.2988880e+06   3.5644531e+01
   3.2997340e+06   3.4790039e+01
   3.3076680e+06   3.6865234e+01
   3.3081180e+06   3.5034180e+01
   3.3141770e+06   4.6630859e+01
   3.3146890e+06   3.6315918e+01
   3.3148090e+06   3.6682129e+01
   3.3154360e+06   3.9428711e+01
   3.3203110e+06   4.0283203e+01
   3.3285700e+06   3.7963867e+01
   3.3299910e+06   4.1076660e+01
   3.3310170e+06   3.5034180e+01
   3.3367240e+06   3.8757324e+01
   3.3403440e+06   3.6132812e+01
   3.3406250e+06   4.9377441e+01
   3.3409030e+06   3.5034180e+01
   3.3443720e+06   3.5278320e+01
   3.3465690e+06   3.8818359e+01
   3.3563600e+06   3.4362793e+01
   3.3564710e+06   3.6071777e+01
   3.3570880e+06   3.5827637e+01
   3.3622360e+06   3.5705566e+01
   3.3706050e+06   3.4423828e+01
   3.3797150e+06   3.6987305e+01
   3.3802160e+06   3.6560059e+01
   3.3802770e+06   5.4382324e+01
   3.3805090e+06   3.7963867e+01
   3.3819740e+06   3.7109375e+01
   3.3907300e+06   3.5461426e+01
   3.3990650e+06   3.5644531e+01
   3.4070410e+06   3.4484863e+01
   3.4110970e+06   3.7170410e+01
   3.4135270e+06   3.7536621e+01
   3.4144190e+06   3.8391113e+01
   3.4202190e+06   3.5644531e+01
   3.4276590e+06   3.4851074e+01
   3.4292550e+06   3.5156250e+01
   3.4378100e+06   3.4545898e+01
   3.4401250e+06   3.6071777e+01
   3.4531690e+06   4.1809082e+01
   3.4724760e+06   3.5156250e+01
   3.4906380e+06   3.5156250e+01
   3.4922820e+06   4.1992188e+01
   3.4925310e+06   3.5888672e+01
   3.5061420e+06   4.1687012e+01
   3.5067170e+06   3.5644531e+01
   3.5082020e+06   3.5888672e+01
   3.5083690e+06   3.6987305e+01
   3.5112990e+06   4.6081543e+01
   3.5165970e+06   3.7231445e+01
   3.5181330e+06   3.4729004e+01
   3.5295410e+06   4.4189453e+01
   3.5348200e+06   3.4423828e+01
   3.5379100e+06   3.4362793e+01
   3.5435390e+06   3.5522461e+01
   3.5517530e+06   3.5949707e+01
   3.5524110e+06   3.5156250e+01
   3.5574780e+06   3.9550781e+01
   3.5662040e+06   3.5644531e+01
   3.5754310e+06   3.8696289e+01
   3.5898910e+06   3.6315918e+01
   3.5936990e+06   3.6682129e+01
   3.5962270e+06   3.7353516e+01
   3.5990890e+06   3.6193848e+01
   3.6028290e+06   3.5217285e+01
   3.6058600e+06   3.5888672e+01
   3.6126580e+06   4.3273926e+01
   3.6209100e+06   3.5095215e+01
   3.6226680e+06   5.4992676e+01
   3.6227790e+06   3.6682129e+01
   3.6322040e+06   3.4545898e+01
   3.6489610e+06   3.5034180e+01
   3.6565760e+06   3.5156250e+01
   3.6578020e+06   3.9001465e+01
   3.6691040e+06   4.2419434e+01
   3.6784390e+06   4.5349121e+01
   3.6790990e+06   3.8513184e+01
   3.6875220e+06   3.5217285e+01
   3.6929990e+06   3.5644531e+01
   3.6986050e+06   3.7292480e+01
   3.7045090e+06   3.9611816e+01
   3.7066110e+06   3.6315918e+01
   3.7157040e+06   3.7597656e+01
   3.7234860e+06   4.3395996e+01
   3.7238820e+06   3.7963867e+01
   3.7243030e+06   3.5339355e+01
   3.7257860e+06   3.4790039e+01
   3.7315800e+06   3.4423828e+01
   3.7477910e+06   4.8950195e+01
   3.7489060e+06   3.5705566e+01
   3.7600800e+06   3.9672852e+01
   3.7631110e+06   3.5644531e+01
   3.7659050e+06   4.0222168e+01
   3.7786140e+06   3.6315918e+01
   3.7787790e+06   3.7841797e+01
   3.7805660e+06   3.5095215e+01
   3.7810940e+06   3.4790039e+01
   3.7814230e+06   3.5705566e+01
   3.7932970e+06   3.5156250e+01
   3.8004730e+06   5.1574707e+01
   3.8057370e+06   3.5827637e+01
   3.8131990e+06   3.9184570e+01
   3.8176460e+06   3.6621094e+01
   3.8263990e+06   4.0954590e+01
   3.8360930e+06   3.6254883e+01
   3.8491490e+06   3.5278320e+01
   3.8519300e+06   3.6071777e+01
   3.8532250e+06   3.4545898e+01
   3.8536380e+06   3.5522461e+01
   3.8592610e+06   3.4423828e+01
   3.8609470e+06   3.5339355e+01
   3.8653990e+06   3.8452148e+01
   3.8731640e+06   3.5827637e+01
   3.8829100e+06   3.6865234e+01
   3.8862410e+06   3.6132812e+01
   3.8889390e+06   5.0170898e+01
   3.8906480e+06   3.5888672e+01
   3.8953580e+06   4.3090820e+01
   3.8955460e+06   3.4484863e+01
   3.8959490e+06   3.5705566e+01
   3.9007740e+06   3.6987305e+01
   3.9014290e+06   3.5522461e+01
   3.9035800e+06   3.5095215e+01
   3.9076080e+06   3.7719727e+01
   3.9080270e+06   3.7780762e+01
   3.9084800e+06   3.5400391e+01
   3.9124780e+06   3.8391113e+01
   3.9229040e+06   3.4729004e+01
   3.9266150e+06   3.4606934e+01
   3.9315020e+06   3.4545898e+01
   3.9318000e+06   3.4606934e+01
   3.9328820e+06   3.5888672e+01
   3.9369640e+06   3.5888672e+01
   3.9376950e+06   4.0039062e+01
   3.9485090e+06   3.5827637e+01
   3.9503290e+06   3.5766602e+01
   3.9513480e+06   3.6499023e+01
   3.9552120e+06   4.4372559e+01
   3.9599900e+06   3.7292480e+01
   3.9633780e+06   3.8818359e+01
   3.9696960e+06   3.5644531e+01
   3.9768360e+06   3.6682129e+01
   3.9799950e+06   4.1687012e+01
   3.9853240e+06   3.9550781e+01
   3.9881430e+06   3.4423828e+01
   4.0043970e+06   4.0222168e+01
   4.0189740e+06   3.6437988e+01
   4.0367800e+06   3.4851074e+01
   4.0432210e+06   3.5339355e+01
   4.0478130e+06   3.7597656e+01
   4.0505080e+06   3.4729004e+01
   4.0512900e+06   3.6254883e+01
   4.0607260e+06   3.4606934e+01
   4.0638630e+06   3.4362793e+01
   4.0694240e+06   3.5461426e+01
   4.0722040e+06   3.6315918e+01
   4.0770550e+06   3.8635254e+01
   4.0779500e+06   3.6804199e+01
   4.0859190e+06   3.7902832e+01
   4.0899860e+06   3.9062500e+01
   4.0910550e+06   3.6437988e+01
   4.0951580e+06   3.4545898e+01
   4.0967510e+06   3.5095215e+01
   4.1032440e+06   3.5522461e+01
   4.1057090e+06   4.3151855e+01
   4.1246110e+06   3.4362793e+01
   4.1270210e+06   3.6682129e+01
   4.1270850e+06   4.7424316e+01
   4.1272850e+06   3.8452148e+01
   4.1274370e+06   3.9001465e+01
   4.1285810e+06   3.4545898e+01
   4.1347560e+06   3.4667969e+01
   4.1356140e+06   3.4790039e+01
   4.1400750e+06   4.6875000e+01
   4.1423700e+06   3.8024902e+01
   4.1426900e+06   3.5888672e+01
   4.1435590e+06   4.1259766e+01
   4.1493770e+06   3.4667969e+01
   4.1554170e+06   4.3457031e+01
   4.1602160e+06   4.2541504e+01
   4.1605990e+06   4.1259766e+01
   4.1649160e+06   3.5278320e+01
   4.1665430e+06   4.1198730e+01
   4.1700910e+06   3.5034180e+01
   4.1732270e+06   3.7231445e+01
   4.1765710e+06   3.7109375e+01
   4.1777180e+06   3.6987305e+01
   4.1819330e+06   3.5339355e+01
   4.1844650e+06   3.4851074e+01
   4.1858120e+06   4.0710449e+01
   4.1899250e+06   4.1381836e+01
   4.1901650e+06   3.5278320e+01
   4.1907990e+06   3.5766602e+01
   4.1973130e+06   4.0649414e+01
   4.1974430e+06   4.0100098e+01
   4.1983570e+06   3.5156250e+01
   4.1992420e+06   3.6071777e+01
   4.2012020e+06   3.7231445e+01
   4.2024230e+06   4.6630859e+01
   4.2150160e+06   3.5522461e+01
   4.2156800e+06   3.5095215e+01
   4.2232270e+06   4.6325684e+01
   4.2317560e+06   3.6682129e+01
   4.2352510e+06   4.1320801e+01
   4.2411940e+06   3.4851074e+01
   4.2479290e+06   3.7048340e+01
   4.2584570e+06   3.7597656e+01
   4.2589840e+06   3.4362793e+01
   4.2656390e+06   3.6926270e+01
   4.2661730e+06   3.9550781e+01
   4.2728380e+06   3.9672852e+01
   4.2766510e+06   3.6437988e+01
   4.2809980e+06   4.1870117e+01
   4.2855260e+06   3.6560059e+01
   4.2922560e+06   3.6071777e+01
   4.2938880e+06   3.5034180e+01
   4.2945370e+06   3.6010742e+01
   4.2946550e+06   3.8757324e+01
   4.2958050e+06   3.8696289e+01
   4.2960930e+06   3.7353516e+01
   4.2983450e+06   3.6254883e+01
   4.3028620e+06   3.5888672e+01
   4.3078190e+06   3.4484863e+01
   4.3159040e+06   3.4606934e+01
   4.3165130e+06   3.6071777e+01
   4.3179850e+06   3.4545898e+01
   4.3232550e+06   4.2419434e+01
   4.3293340e+06   3.6010742e+01
   4.3309440e+06   3.6804199e+01
   4.3365440e+06   3.6987305e+01
   4.3422850e+06   4.0832520e+01
   4.3439630e+06   4.9865723e+01
   4.3443910e+06   3.6132812e+01
   4.3448870e+06   3.4912109e+01
   4.3451600e+06   4.0832520e+01
   4.3454140e+06   3.6804199e+01
   4.3461150e+06   3.5644531e+01
   4.3468180e+06   3.5644531e+01
   4.3525140e+06   3.6437988e+01
   4.3635060e+06   3.7231445e+01
   4.3719280e+06   3.6621094e+01
   4.3736810e+06   3.9184570e+01
   4.3790750e+06   4.0344238e+01
   4.3793890e+06   3.7353516e+01
   4.3832940e+06   3.4545898e+01
   4.3845610e+06   3.6560059e+01
   4.3848180e+06   3.9733887e+01
   4.3916710e+06   3.4484863e+01
   4.3961250e+06   3.6132812e+01
   4.3968290e+06   3.5034180e+01
   4.4011160e+06   3.9855957e+01
   4.4042990e+06   3.7353516e+01
   4.4090340e+06   3.7109375e+01
   4.4096240e+06   3.4545898e+01
   4.4139960e+06   3.6071777e+01
   4.4179040e+06   3.7658691e+01
   4.4251490e+06   3.9672852e+01
   4.4369190e+06   3.6193848e+01
   4.4417500e+06   3.7963867e+01
   4.4435760e+06   3.5644531e+01
   4.4492130e+06   3.7841797e+01
   4.4528830e+06   3.5400391e+01
   4.4550210e+06   3.4423828e+01
   4.4617400e+06   3.7658691e+01
   4.4676290e+06   3.5095215e+01
   4.4719140e+06   4.3823242e+01
   4.4729200e+06   3.5583496e+01
   4.4790130e+06   3.4362793e+01
   4.4821590e+06   3.6621094e+01
   4.4835650e+06   5.3833008e+01
   4.4918110e+06   3.7292480e+01
   4.5027060e+06   3.7536621e+01
   4.5041130e+06   3.5400391e+01
   4.5106550e+06   4.2480469e+01
   4.5146760e+06   4.0893555e+01
   4.5151890e+06   3.6010742e+01
   4.5208010e+06   3.4484863e+01
   4.5224930e+06   3.6865234e+01
   4.5254740e+06   3.6987305e+01
   4.5279850e+06   3.9978027e+01
   4.5303220e+06   3.5949707e+01
   4.5363230e+06   3.6865234e+01
   4.5423160e+06   3.9978027e+01
   4.5467890e+06   3.6315918e+01
   4.5488490e+06   3.6804199e+01
   4.5513660e+06   4.4616699e+01
   4.5562090e+06   3.4729004e+01
   4.5576760e+06   3.9672852e+01
   4.5582750e+06   3.6560059e+01
   4.5668960e+06   3.9001465e+01
   4.5741110e+06   3.5217285e+01
   4.5777580e+06   3.7719727e+01
   4.5864920e+06   3.5766602e+01
   4.5914990e+06   4.0832520e+01
   4.6091400e+06   3.7414551e+01
   4.6097090e+06   3.5827637e+01
   4.6102320e+06   3.4423828e+01
   4.6110110e+06   3.7353516e+01
   4.6117940e+06   3.4484863e+01
   4.6124960e+06   4.1687012e+01
   4.6226810e+06   4.8156738e+01
   4.6230300e+06   3.9306641e+01
   4.6234160e+06   3.8452148e+01
   4.6235780e+06   3.5400391e+01
   4.6386420e+06   3.6560059e+01
   4.6412040e+06   3.4362793e+01
   4.6436850e+06   3.8940430e+01
   4.6517530e+06   3.6621094e+01
   4.6566400e+06   3.7292480e+01
   4.6600170e+06   3.8818359e+01
   4.6641710e+06   3.7109375e+01
   4.6715490e+06   3.5827637e+01
   4.6749580e+06   3.9855957e+01
   4.6819690e+06   3.7292480e+01
   4.6828760e+06   3.4484863e+01
   4.6854070e+06   3.5095215e+01
   4.6901950e+06   3.8024902e+01
   4.6970560e+06   3.8330078e+01
   4.6989530e+06   4.0405273e+01
   4.6990770e+06   4.1137695e+01
   4.7014620e+06   3.7231445e+01
   4.7083400e+06   3.4667969e+01
   4.7109640e+06   4.1320801e+01
   4.7168280e+06   3.7292480e+01
   4.7199420e+06   3.8208008e+01
   4.7262080e+06   3.9428711e+01
   4.7302100e+06   4.2175293e+01
   4.7314590e+06   3.9916992e+01
   4.7318620e+06   3.5461426e+01
   4.7364060e+06   3.9611816e+01
   4.7436780e+06   4.0039062e+01
   4.7440930e+06   3.9550781e+01
   4.7447430e+06   3.6743164e+01
   4.7500610e+06   3.4545898e+01
   4.7504270e+06   3.6743164e+01
   4.7525770e+06   3.8635254e+01
   4.7602410e+06   3.5034180e+01
   4.7665330e+06   3.7170410e+01
   4.7720210e+06   3.6010742e+01
   4.7720670e+06   3.8269043e+01
   4.7723290e+06   3.5461426e+01
   4.7805720e+06   3.8818359e+01
   4.7828690e+06   3.4790039e+01
   4.7845120e+06   3.4362793e+01
   4.7899800e+06   3.9855957e+01
   4.7903030e+06   3.8024902e+01
   4.7959360e+06   4.2297363e+01
   4.7967800e+06   3.7841797e+01
   4.8021140e+06   3.7597656e+01
   4.8144350e+06   3.5034180e+01
   4.8149220e+06   4.0100098e+01
   4.8188580e+06   4.3457031e+01
   4.8194460e+06   3.7719727e+01
   4.8229690e+06   3.7109375e+01
   4.8264410e+06   3.7353516e+01
   4.8270210e+06   3.6254883e+01
   4.8362910e+06   3.9428711e+01
   4.8489240e+06   3.8879395e+01
   4.8510830e+06   3.5034180e+01
   4.8562310e+06   3.9123535e+01
   4.8625710e+06   3.5217285e+01
   4.8636240e+06   3.5583496e+01
   4.8678340e+06   3.5949707e+01
   4.8684060e+06   3.5339355e+01
   4.8703220e+06   3.4729004e+01
   4.8713520e+06   3.6437988e+01
   4.8723430e+06   3.5400391e+01
   4.8740330e+06   3.5766602e+01
   4.8745430e+06   3.5949707e+01
   4.8762650e+06   3.5766602e+01
   4.8827820e+06   3.7414551e+01
   4.8841670e+06   3.4790039e+01
   4.8858290e+06   4.0222168e+01
   4.8905370e+06   4.0649414e+01
   4.8979060e+06   4.1564941e+01
   4.8993990e+06   3.6560059e+01
   4.9026030e+06   3.6315918e+01
   4.9044050e+06   3.5705566e+01
   4.9146300e+06   4.4799805e+01
   4.9162180e+06   3.7292480e+01
   4.9193280e+06   3.4423828e+01
   4.9236840e+06   3.8879395e+01
   4.9243750e+06   4.2175293e+01
   4.9251550e+06   3.4606934e+01
   4.9300690e+06   3.9367676e+01
   4.9310110e+06   3.5400391e+01
   4.9363400e+06   4.1198730e+01
   4.9386500e+06   3.4423828e+01
   4.9433560e+06   3.9367676e+01
   4.9476740e+06   3.4606934e+01
   4.9481140e+06   3.6254883e+01
   4.9558640e+06   3.5156250e+01
   4.9573370e+06   3.6804199e+01
   4.9692770e+06   3.6376953e+01
   4.9693930e+06   3.5217285e+01
   4.9696720e+06   3.7475586e+01
   4.9719430e+06   3.9123535e+01
   4.9798740e+06   3.9428711e+01
   4.9823040e+06   3.9245605e+01
   4.9828150e+06   4.3823242e+01
   4.9843360e+06   3.8146973e+01
   4.9916730e+06   3.4606934e+01
   4.9931670e+06   3.6621094e+01
   4.9999840e+06   3.8696289e+01
   5.0010800e+06   3.5644531e+01
   5.0125210e+06   4.1442871e+01
   5.0174850e+06   4.0161133e+01
   5.0177500e+06   3.4545898e+01
   5.0238050e+06   3.5522461e+01
   5.0258860e+06   3.6071777e+01
   5.0277830e+06   3.6743164e+01
   5.0402100e+06   3.7292480e+01
   5.0415770e+06   3.5278320e+01
   5.0419650e+06   3.4545898e+01
   5.0463250e+06   3.8940430e+01
   5.0468430e+06   3.8940430e+01
   5.0578800e+06   3.4973145e+01
   5.0615260e+06   4.1564941e+01
   5.0641330e+06   3.5644531e+01
   5.0643520e+06   4.1259766e+01
   5.0648730e+06   3.7536621e+01
   5.0706520e+06   3.4545898e+01
   5.0733650e+06   3.8085938e+01
   5.0748770e+06   3.6804199e+01
   5.0781280e+06   3.6132812e+01
   5.0788910e+06   3.8269043e+01
   5.0843220e+06   3.9855957e+01
   5.0925880e+06   3.9062500e+01
   5.0999490e+06   5.2856445e+01
   5.1096150e+06   3.9733887e+01
   5.1157520e+06   3.8940430e+01
   5.1161260e+06   3.8208008e+01
   5.1176480e+06   4.0039062e+01
   5.1181690e+06   3.4423828e+01
   5.1196570e+06   3.5705566e+01
   5.1199380e+06   3.8085938e+01
   5.1230660e+06   4.2236328e+01
   5.1319310e+06   3.6315918e+01
   5.1425720e+06   3.8269043e+01
   5.1528700e+06   3.7658691e+01
   5.1626760e+06   3.9733887e+01
   5.1633750e+06   4.9804688e+01
   5.1649650e+06   4.2480469e+01
   5.1660610e+06   4.0710449e+01
   5.1671720e+06   3.5705566e+01
   5.1728100e+06   3.6437988e+01
   5.1833680e+06   3.8085938e+01
   5.1959930e+06   3.5766602e+01
   5.1982880e+06   4.2419434e+01
   5.2041940e+06   3.5278320e+01
   5.2086760e+06   3.6987305e+01
   5.2101060e+06   4.1259766e+01
   5.2130260e+06   4.0344238e+01
   5.2174760e+06   3.7597656e+01
   5.2230640e+06   3.4667969e+01
   5.2242050e+06   3.5827637e+01
   5.2248860e+06   3.5583496e+01
   5.2280580e+06   3.9855957e+01
   5.2280830e+06   3.5583496e+01
   5.2285560e+06   4.1625977e+01
   5.2291620e+06   4.2846680e+01
   5.2393680e+06   3.5888672e+01
   5.2473420e+06   3.4912109e+01
   5.2514950e+06   3.5339355e+01
   5.2529400e+06   3.5400391e+01
   5.2535790e+06   3.7841797e+01
   5.2588310e+06   3.9978027e+01
   5.2754900e+06   3.8879395e+01
   5.2800570e+06   3.8818359e+01
   5.2835080e+06   4.0832520e+01
   5.2849950e+06   3.6132812e+01
   5.2898340e+06   3.5522461e+01
   5.2909300e+06   3.5949707e+01
   5.2965870e+06   4.1198730e+01
   5.2974250e+06   4.3945312e+01
   5.3149640e+06   3.4362793e+01
   5.3156230e+06   3.7780762e+01
   5.3200290e+06   3.4729004e+01
   5.3210300e+06   3.6560059e+01
   5.3238890e+06   4.0832520e+01
   5.3307490e+06   3.8330078e+01
   5.3333010e+06   4.1992188e+01
   5.3398930e+06   3.9123535e+01
   5.3429480e+06   4.0771484e+01
   5.3475770e+06   3.6926270e+01
   5.3512010e+06   3.5705566e+01
   5.3551170e+06   3.5644531e+01
   5.3580120e+06   4.0039062e+01
   5.3612100e+06   3.7719727e+01
   5.3664690e+06   3.9489746e+01
   5.3681510e+06   3.7170410e+01
   5.3737820e+06   3.5095215e+01
   5.3758990e+06   3.6499023e+01
   5.3798930e+06   3.6743164e+01
   5.3831720e+06   4.1381836e+01
   5.3838520e+06   3.7475586e+01
   5.3844210e+06   3.6315918e+01
   5.3885590e+06   4.0222168e+01
   5.3974170e+06   4.1015625e+01
   5.3983600e+06   3.7048340e+01
   5.4063160e+06   3.4484863e+01
   5.4106160e+06   3.5522461e+01
   5.4243940e+06   3.5156250e+01
   5.4253340e+06   3.6193848e+01
   5.4304470e+06   3.5400391e+01
   5.4330230e+06   3.8452148e+01
   5.4394000e+06   3.4790039e+01
   5.4400680e+06   3.4606934e+01
   5.4404440e+06   4.1503906e+01
   5.4452970e+06   3.9245605e+01
   5.4468000e+06   3.7658691e+01
   5.4487730e+06   3.6315918e+01
   5.4504520e+06   4.6142578e+01
   5.4552500e+06   3.7048340e+01
   5.4564360e+06   3.9123535e+01
   5.4594060e+06   3.5949707e+01
   5.4603550e+06   4.0344238e+01
   5.4620350e+06   3.8513184e+01
   5.4662420e+06   3.4423828e+01
   5.4678160e+06   3.6315918e+01
   5.4724430e+06   3.9672852e+01
   5.4786050e+06   3.4790039e+01
   5.4826050e+06   4.1442871e+01
   5.4868780e+06   3.5278320e+01
   5.4901970e+06   4.3090820e+01
   5.4948170e+06   3.7231445e+01
   5.4978710e+06   3.5156250e+01
   5.4988410e+06   3.6437988e+01
   5.5032940e+06   3.5583496e+01
   5.5086790e+06   3.4973145e+01
   5.5159770e+06   3.6193848e+01
   5.5163460e+06   3.5949707e+01
   5.5198790e+06   3.6743164e+01
   5.5211490e+06   3.4606934e+01
   5.5248070e+06   3.5156250e+01
   5.5300760e+06   3.4912109e+01
   5.5319910e+06   3.4545898e+01
   5.5337630e+06   4.0344238e+01
   5.5340180e+06   3.6926270e+01
   5.5341370e+06   3.7841797e+01
   5.5371630e+06   3.8024902e+01
   5.5510950e+06   3.6437988e+01
   5.5527840e+06   3.4484863e+01
   5.5535080e+06   3.5888672e+01
   5.5564260e+06   3.6254883e+01
   5.5570900e+06   3.8879395e+01
   5.5712740e+06   3.7902832e+01
   5.5834550e+06   3.5827637e+01
   5.5883610e+06   3.9550781e+01
   5.5957760e+06   3.4606934e+01
   5.5986130e+06   4.4677734e+01
   5.5995650e+06   3.7841797e+01
   5.6000150e+06   3.6254883e+01
   5.6017370e+06   4.6325684e+01
   5.6070000e+06   3.6071777e+01
   5.6114830e+06   4.0283203e+01
   5.6192900e+06   3.6132812e+01
   5.6197060e+06   3.8635254e+01
   5.6216800e+06   3.5888672e+01
   5.6251460e+06   3.8879395e+01
   5.6272440e+06   3.6071777e+01
   5.6277440e+06   3.6315918e+01
   5.6289740e+06   3.8085937e+01
   5.6292280e+06   3.6987305e+01
   5.6313060e+06   3.5888672e+01
   5.6389100e+06   3.8146973e+01
   5.6487690e+06   4.1137695e+01
   5.6511900e+06   3.6193848e+01
   5.6586130e+06   3.5217285e+01
   5.6614480e+06   4.2358398e+01
   5.6618090e+06   3.4729004e+01
   5.6723050e+06   3.9001465e+01
   5.6739900e+06   3.5888672e+01
   5.6791060e+06   3.6560059e+01
   5.6808160e+06   3.6987305e+01
   5.6819540e+06   3.5400391e+01
   5.6887440e+06   3.5949707e+01
   5.6890180e+06   3.6132812e+01
   5.6894920e+06   3.4545898e+01
   5.6966850e+06   3.5461426e+01
   5.7010630e+06   3.5156250e+01
   5.7014930e+06   3.7597656e+01
   5.7039770e+06   3.6804199e+01
   5.7125660e+06   4.2541504e+01
   5.7137640e+06   3.6926270e+01
   5.7141050e+06   3.7719727e+01
   5.7145030e+06   4.8339844e+01
   5.7146000e+06   4.1809082e+01
   5.7156970e+06   3.8146973e+01
   5.7166890e+06   3.7109375e+01
   5.7176440e+06   3.7780762e+01
   5.7227970e+06   4.0344238e+01
   5.7266620e+06   3.8269043e+01
   5.7313290e+06   3.9062500e+01
   5.7326030e+06   3.6071777e+01
   5.7402780e+06   3.7414551e+01
   5.7407200e+06   3.8085938e+01
   5.7466880e+06   3.4423828e+01
   5.7638260e+06   3.5888672e+01
   5.7658780e+06   3.5949707e+01
   5.7761600e+06   4.0893555e+01
   5.7817720e+06   3.4912109e+01
   5.7855970e+06   3.9611816e+01
   5.7863350e+06   4.0527344e+01
   5.7925100e+06   3.5034180e+01
   5.7940220e+06   3.6621094e+01
   5.7957660e+06   3.9062500e+01
   5.8028710e+06   3.5888672e+01
   5.8097060e+06   3.8024902e+01
   5.8190960e+06   4.4067383e+01
   5.8214380e+06   4.2175293e+01
   5.8226360e+06   3.5217285e+01
   5.8261540e+06   3.7292480e+01
   5.8321420e+06   4.1076660e+01
   5.8332520e+06   3.5278320e+01
   5.8388700e+06   3.9306641e+01
   5.8412580e+06   3.4851074e+01
   5.8432760e+06   3.7597656e+01
   5.8477440e+06   4.0710449e+01
   5.8488990e+06   3.6010742e+01
   5.8613580e+06   3.5156250e+01
   5.8617600e+06   3.5095215e+01
   5.8673450e+06   3.4912109e+01
   5.8710090e+06   3.4423828e+01
   5.8735570e+06   3.5156250e+01
   5.8760380e+06   3.4423828e+01
   5.8798980e+06   3.7292480e+01
   5.8806270e+06   3.9123535e+01
   5.8818810e+06   3.7170410e+01
   5.8956140e+06   3.9855957e+01
   5.8967370e+06   3.7841797e+01
   5.9042310e+06   3.6987305e+01
   5.9093220e+06   4.0954590e+01
   5.9102440e+06   3.5766602e+01
   5.9142010e+06   3.4973145e+01
   5.9149170e+06   3.6682129e+01
   5.9182800e+06   3.7719727e+01
   5.9218510e+06   3.5766602e+01
   5.9227510e+06   4.8706055e+01
   5.9229720e+06   3.6132812e+01
   5.9235140e+06   3.8513184e+01
   5.9247020e+06   3.4423828e+01
   5.9249530e+06   3.5644531e+01
   5.9275980e+06   3.5339355e+01
   5.9385320e+06   3.5400391e+01
   5.9412070e+06   3.5644531e+01
   5.9425400e+06   3.8330078e+01
   5.9435960e+06   3.7780762e+01
   5.9445240e+06   3.6743164e+01
   5.9554940e+06   3.6376953e+01
   5.9560380e+06   3.5339355e+01
   5.9569510e+06   4.4250488e+01
   5.9586250e+06   3.5461426e+01
   5.9593470e+06   3.4729004e+01
   5.9608060e+06   3.4790039e+01
   5.9610510e+06   3.5766602e+01
   5.9722000e+06   3.6926270e+01
   5.9740680e+06   3.6926270e+01
   5.9799800e+06   3.7902832e+01
   5.9825760e+06   4.1870117e+01
   5.9891740e+06   3.5461426e+01
   5.9923080e+06   3.6132812e+01
   5.9969620e+06   4.7729492e+01
   6.0044490e+06   4.0283203e+01
   6.0091900e+06   4.2419434e+01
   6.0154330e+06   3.6499023e+01
   6.0197240e+06   3.7536621e+01
   6.0200640e+06   3.8330078e+01
   6.0296360e+06   4.4311523e+01
   6.0299930e+06   4.1137695e+01
   6.0312500e+06   4.3395996e+01
   6.0407190e+06   3.5278320e+01
   6.0423660e+06   3.4912109e+01
   6.0482580e+06   3.4790039e+01
   6.0587420e+06   3.5034180e+01
   6.0631410e+06   3.4973145e+01
   6.0638210e+06   3.9855957e+01
   6.0674370e+06   4.0893555e+01
   6.0686020e+06   3.5095215e+01
   6.0749300e+06   3.4484863e+01
   6.0763780e+06   3.6743164e+01
   6.0797820e+06   3.8085938e+01
   6.0861140e+06   3.9916992e+01
   6.0912190e+06   3.6682129e+01
   6.0957240e+06   3.5766602e+01
   6.0960970e+06   3.6560059e+01
   6.0981770e+06   3.6437988e+01
   6.1081280e+06   3.7536621e+01
   6.1133560e+06   3.8635254e+01
   6.1173980e+06   3.6987305e+01
   6.1231530e+06   3.4912109e+01
   6.1254640e+06   3.9123535e+01
   6.1305880e+06   3.5888672e+01
   6.1424860e+06   3.7780762e+01
   6.1488620e+06   3.8635254e+01
   6.1507040e+06   3.7841797e+01
   6.1513780e+06   3.7048340e+01
   6.1534080e+06   3.4484863e+01
   6.1544780e+06   4.5410156e+01
   6.1646280e+06   3.8269043e+01
   6.1700200e+06   3.4729004e+01
   6.1705360e+06   3.7475586e+01
   6.1711520e+06   3.7353516e+01
   6.1780720e+06   3.7353516e+01
   6.1793600e+06   3.9306641e+01
   6.1798160e+06   4.0771484e+01
   6.1814520e+06   3.4423828e+01
   6.1816870e+06   3.5522461e+01
   6.1842590e+06   3.5278320e+01
   6.1848480e+06   3.6804199e+01
   6.1878970e+06   3.7719727e+01
   6.1915100e+06   3.4912109e+01
   6.1959350e+06   4.5898438e+01
   6.2002130e+06   3.8879395e+01
   6.2104260e+06   3.5522461e+01
   6.2184160e+06   4.8889160e+01
   6.2191330e+06   3.6071777e+01
   6.2224220e+06   3.7963867e+01
   6.2251710e+06   3.5583496e+01
   6.2293250e+06   3.9794922e+01
   6.2339700e+06   4.1687012e+01
   6.2407400e+06   4.0466309e+01
   6.2422530e+06   4.0466309e+01
   6.2482640e+06   3.7353516e+01
   6.2516100e+06   3.5888672e+01
   6.2523700e+06   3.8024902e+01
   6.2583710e+06   3.4484863e+01
   6.2619420e+06   3.5583496e+01
   6.2631290e+06   4.1748047e+01
   6.2661690e+06   3.6865234e+01
   6.2696490e+06   3.4790039e+01
   6.2791690e+06   3.6865234e+01
   6.2849700e+06   3.6560059e+01
   6.2876740e+06   3.9428711e+01
   6.2883130e+06   3.6437988e+01
   6.2968300e+06   3.8330078e+01
   6.2979240e+06   3.6071777e+01
   6.3020640e+06   3.9916992e+01
   6.3030270e+06   4.1809082e+01
   6.3049970e+06   4.0893555e+01
   6.3078720e+06   3.5766602e+01
   6.3135810e+06   3.7170410e+01
   6.3253870e+06   3.5644531e+01
   6.3283190e+06   3.4545898e+01
   6.3293150e+06   3.6437988e+01
   6.3347440e+06   3.4362793e+01
   6.3364040e+06   3.9306641e+01
   6.3413010e+06   3.5705566e+01
   6.3424370e+06   3.5461426e+01
   6.3436270e+06   3.6071777e+01
   6.3498830e+06   3.5644531e+01
   6.3511790e+06   3.4362793e+01
   6.3515180e+06   3.4362793e+01
   6.3518930e+06   3.5888672e+01
   6.3525340e+06   3.5400391e+01
   6.3543170e+06   4.0344238e+01
   6.3566140e+06   4.3701172e+01
   6.3607660e+06   3.6132812e+01
   6.3645710e+06   4.2663574e+01
   6.3754610e+06   3.9794922e+01
   6.3827600e+06   3.9062500e+01
   6.3860650e+06   3.5949707e+01
   6.3890680e+06   3.5278320e+01
   6.3925450e+06   4.3334961e+01
   6.3976940e+06   3.6010742e+01
   6.4000680e+06   3.5095215e+01
   6.4043250e+06   3.7414551e+01
   6.4106620e+06   4.0161133e+01
   6.4112530e+06   3.5644531e+01
   6.4123790e+06   3.9794922e+01
   6.4133370e+06   3.6804199e+01
   6.4182010e+06   4.2541504e+01
   6.4209040e+06   3.6376953e+01
   6.4245800e+06   3.7231445e+01
   6.4252650e+06   3.4790039e+01
   6.4275780e+06   4.2541504e+01
   6.4288740e+06   4.4128418e+01
   6.4296970e+06   3.6254883e+01
   6.4428850e+06   3.6376953e+01
   6.4518210e+06   3.9184570e+01
   6.4526240e+06   3.5888672e+01
   6.4533160e+06   3.5156250e+01
   6.4604610e+06   3.4423828e+01
   6.4649080e+06   3.6560059e+01
   6.4654030e+06   3.9489746e+01
   6.4690470e+06   3.9489746e+01
   6.4741590e+06   3.6804199e+01
   6.4762520e+06   3.8696289e+01
   6.4780940e+06   3.5705566e+01
   6.4787310e+06   3.4362793e+01
   6.4866150e+06   3.4912109e+01
   6.4875060e+06   3.5705566e+01
   6.4905490e+06   3.7109375e+01
   6.5002760e+06   3.5888672e+01
   6.5007670e+06   3.9916992e+01
   6.5022830e+06   3.5034180e+01
   6.5026140e+06   3.4851074e+01
   6.5063420e+06   4.7729492e+01
   6.5078480e+06   3.5461426e+01
   6.5113340e+06   3.5034180e+01
   6.5117600e+06   3.8513184e+01
   6.5123190e+06   3.7109375e+01
   6.5128660e+06   4.3945312e+01
   6.5135150e+06   3.4362793e+01
   6.5251350e+06   3.6499023e+01
   6.5298370e+06   4.1198730e+01
   6.5346600e+06   3.6987305e+01
   6.5371170e+06   3.7475586e+01
   6.5390680e+06   3.5339355e+01
   6.5433450e+06   3.5095215e+01
   6.5459980e+06   3.5949707e+01
   6.5562920e+06   3.7414551e+01
   6.5600830e+06   3.4423828e+01
   6.5650080e+06   4.3090820e+01
   6.5668530e+06   4.2175293e+01
   6.5689840e+06   3.7841797e+01
   6.5694180e+06   3.5278320e+01
   6.5695630e+06   4.3395996e+01
   6.5732690e+06   3.8085938e+01
   6.5749880e+06   4.1442871e+01
   6.5754010e+06   3.6987305e+01
   6.5883820e+06   3.6132812e+01
   6.5902480e+06   3.4484863e+01
   6.5907000e+06   3.6193848e+01
   6.5992680e+06   3.5888672e+01
   6.6028050e+06   3.5827637e+01
   6.6081540e+06   3.6010742e+01
   6.6134600e+06   4.0222168e+01
   6.6143410e+06   3.7170410e+01
   6.6168780e+06   3.4790039e+01
   6.6173030e+06   3.6071777e+01
   6.6194310e+06   4.5837402e+01
   6.6194490e+06   3.4423828e+01
   6.6198560e+06   3.5156250e+01
   6.6229760e+06   3.9916992e+01
   6.6253340e+06   4.2480469e+01
   6.6305500e+06   3.7170410e+01
   6.6362500e+06   3.4851074e+01
   6.6369210e+06   3.8452148e+01
   6.6399590e+06   4.1259766e+01
   6.6455360e+06   4.1687012e+01
   6.6475980e+06   3.4484863e+01
   6.6535970e+06   4.3945312e+01
   6.6583450e+06   3.6560059e+01
   6.6639890e+06   3.6071777e+01
   6.6681190e+06   3.8330078e+01
   6.6718790e+06   3.7048340e+01
   6.6745100e+06   3.4912109e+01
   6.6774660e+06   4.3884277e+01
   6.6778620e+06   3.4851074e+01
   6.6851240e+06   3.6071777e+01
   6.6879140e+06   3.9367676e+01
   6.6928270e+06   4.2236328e+01
   6.6951210e+06   3.4545898e+01
   6.7017590e+06   4.5104980e+01
   6.7050950e+06   3.6621094e+01
   6.7112740e+06   3.4973145e+01
   6.7115760e+06   4.1809082e+01
   6.7118990e+06   3.7231445e+01
   6.7120720e+06   4.4982910e+01
   6.7164060e+06   3.7658691e+01
   6.7204210e+06   3.8879395e+01
   6.7206570e+06   3.4851074e+01
   6.7213920e+06   3.8208008e+01
   6.7237930e+06   3.7658691e+01
   6.7242360e+06   3.5949707e+01
   6.7267860e+06   3.6743164e+01
   6.7332910e+06   3.6010742e+01
   6.7360700e+06   3.5949707e+01
   6.7371950e+06   3.5583496e+01
   6.7376970e+06   3.5095215e+01
   6.7416610e+06   3.4790039e+01
   6.7421400e+06   3.5034180e+01
   6.7542370e+06   3.8146973e+01
   6.7591720e+06   3.5217285e+01
   6.7604380e+06   3.6376953e+01
   6.7612620e+06   3.7658691e+01
   6.7629380e+06   3.7597656e+01
   6.7671600e+06   3.6071777e+01
   6.7694530e+06   4.0771484e+01
   6.7700260e+06   3.4790039e+01
   6.7730440e+06   3.8024902e+01
   6.7757720e+06   4.0527344e+01
   6.7772270e+06   3.5034180e+01
   6.7775030e+06   3.4423828e+01
   6.7794600e+06   3.7292480e+01
   6.7906350e+06   4.2236328e+01
   6.7945570e+06   3.5522461e+01
   6.8007810e+06   3.7719727e+01
   6.8013900e+06   3.6193848e+01
   6.8067200e+06   3.4973145e+01
   6.8084620e+06   3.8330078e+01
   6.8086810e+06   3.7902832e+01
   6.8098000e+06   3.4912109e+01
   6.8138490e+06   3.5766602e+01
   6.8147570e+06   3.7109375e+01
   6.8152170e+06   3.8818359e+01
   6.8212980e+06   3.5827637e+01
   6.8234220e+06   3.7597656e+01
   6.8298740e+06   3.7902832e+01
   6.8325980e+06   4.3945312e+01
   6.8358340e+06   3.6071777e+01
   6.8376840e+06   3.8146973e+01
   6.8382080e+06   3.6254883e+01
   6.8437200e+06   3.9550781e+01
   6.8462400e+06   3.9855957e+01
   6.8512230e+06   3.7353516e+01
   6.8536150e+06   4.1137695e+01
   6.8569340e+06   4.4189453e+01
   6.8606660e+06   3.8024902e+01
   6.8648210e+06   3.9001465e+01
   6.8685980e+06   3.8940430e+01
   6.8709850e+06   3.5095215e+01
   6.8719600e+06   3.5278320e+01
   6.8764340e+06   4.1442871e+01
   6.8807480e+06   3.9306641e+01
   6.8887660e+06   3.4667969e+01
   6.8896360e+06   3.8391113e+01
   6.8903720e+06   3.4362793e+01
   6.8914890e+06   3.6254883e+01
   6.8980360e+06   3.7780762e+01
   6.9070230e+06   4.0161133e+01
   6.9094010e+06   3.6376953e+01
   6.9112120e+06   4.2053223e+01
   6.9148740e+06   3.6132812e+01
   6.9220060e+06   3.7536621e+01
   6.9272650e+06   3.5827637e+01
   6.9305030e+06   3.8085938e+01
   6.9334430e+06   3.9916992e+01
   6.9343290e+06   4.2846680e+01
   6.9384620e+06   3.4484863e+01
   6.9398060e+06   3.4423828e+01
   6.9423670e+06   3.5522461e+01
   6.9441200e+06   3.5278320e+01
   6.9461650e+06   3.7658691e+01
   6.9469940e+06   3.4912109e+01
   6.9496460e+06   3.6804199e+01
   6.9546080e+06   3.4851074e+01
   6.9573240e+06   3.5949707e+01
   6.9586840e+06   3.7353516e+01
   6.9637600e+06   4.0527344e+01
   6.9740350e+06   3.8146973e+01
   6.9776450e+06   3.7292480e+01
   6.9779520e+06   3.7719727e+01
   6.9799140e+06   3.4912109e+01
   6.9813480e+06   4.4860840e+01
   6.9818150e+06   3.6254883e+01
   6.9903620e+06   3.7597656e+01
   6.9916450e+06   3.4545898e+01
   6.9929640e+06   3.5461426e+01
   7.0025040e+06   3.9062500e+01
   7.0064410e+06   3.9489746e+01
   7.0106450e+06   4.3395996e+01
   7.0143150e+06   4.6203613e+01
   7.0165470e+06   3.6376953e+01
   7.0184130e+06   3.5461426e+01
   7.0241370e+06   4.0405273e+01
   7.0252070e+06   3.6499023e+01
   7.0336050e+06   3.5583496e+01
   7.0345610e+06   3.5766602e+01
   7.0416080e+06   3.8085938e+01
   7.0475570e+06   4.1137695e+01
   7.0497600e+06   3.5034180e+01
   7.0517770e+06   4.4799805e+01
   7.0562960e+06   3.7231445e+01
   7.0569110e+06   3.6315918e+01
   7.0615070e+06   4.3090820e+01
   7.0620410e+06   3.4790039e+01
   7.0626130e+06   3.7780762e+01
   7.0670850e+06   3.6193848e+01
   7.0680440e+06   3.5644531e+01
   7.0739070e+06   3.5644531e+01
   7.0749270e+06   3.6621094e+01
   7.0804730e+06   3.7048340e+01
   7.0848720e+06   3.8452148e+01
   7.0857230e+06   3.5522461e+01
   7.0892000e+06   3.7170410e+01
   7.0902660e+06   4.0710449e+01
   7.0962140e+06   3.7963867e+01
   7.0970570e+06   3.5583496e+01
   7.0973810e+06   5.0903320e+01
   7.0989570e+06   3.6254883e+01
   7.1025030e+06   3.9489746e+01
   7.1032950e+06   3.8879395e+01
   7.1076050e+06   3.8757324e+01
   7.1212140e+06   3.5278320e+01
   7.1230020e+06   3.5522461e+01
   7.1241830e+06   3.9489746e+01
   7.1334080e+06   4.0222168e+01
   7.1376740e+06   3.4729004e+01
   7.1404700e+06   3.5949707e+01
   7.1449920e+06   3.9062500e+01
   7.1485540e+06   3.5522461e+01
   7.1507840e+06   4.1381836e+01
   7.1555530e+06   3.7109375e+01
   7.1586900e+06   3.8452148e+01
   7.1596110e+06   3.6987305e+01
   7.1600720e+06   4.1076660e+01
   7.1609130e+06   3.4362793e+01
   7.1619530e+06   3.7353516e+01
   7.1621140e+06   3.7353516e+01
   7.1629880e+06   4.1076660e+01
   7.1634590e+06   3.6499023e+01
   7.1729710e+06   4.4555664e+01
   7.1735630e+06   3.6010742e+01
   7.1797380e+06   3.7109375e+01
   7.1811190e+06   3.9550781e+01
   7.1849140e+06   4.1381836e+01
   7.1887540e+06   3.6865234e+01
   7.1920640e+06   4.1259766e+01
   7.1987500e+06   3.6682129e+01
   7.2007610e+06   3.6071777e+01
   7.2030930e+06   3.5949707e+01
   7.2035270e+06   3.7170410e+01
   7.2041380e+06   4.4311523e+01
   7.2071570e+06   5.0415039e+01
   7.2104860e+06   3.8085938e+01
   7.2142390e+06   3.5949707e+01
   7.2161260e+06   3.7597656e+01
   7.2210130e+06   3.5034180e+01
   7.2211790e+06   4.6325684e+01
   7.2295550e+06   4.8461914e+01
   7.2340300e+06   3.4362793e+01
   7.2347960e+06   3.8757324e+01
   7.2410250e+06   3.7170410e+01
   7.2416260e+06   4.1809082e+01
   7.2423160e+06   3.8452148e+01
   7.2431040e+06   3.5766602e+01
   7.2484430e+06   3.6376953e+01
   7.2518520e+06   3.4912109e+01
   7.2529880e+06   3.9001465e+01
   7.2554600e+06   4.3029785e+01
   7.2608680e+06   3.4790039e+01
   7.2619410e+06   3.4912109e+01
   7.2668890e+06   3.4606934e+01
   7.2725180e+06   3.7902832e+01
   7.2742020e+06   3.5156250e+01
   7.2754500e+06   3.8879395e+01
   7.2861900e+06   3.4667969e+01
   7.2896950e+06   3.9123535e+01
   7.2959130e+06   4.8583984e+01
   7.2969360e+06   3.8513184e+01
   7.3007790e+06   3.4790039e+01
   7.3047130e+06   4.5532227e+01
   7.3049910e+06   3.4545898e+01
   7.3051820e+06   4.7363281e+01
   7.3056550e+06   3.6682129e+01
   7.3104680e+06   3.4423828e+01
   7.3185660e+06   3.5461426e+01
   7.3228370e+06   3.8513184e+01
   7.3233700e+06   3.7963867e+01
   7.3240260e+06   3.5705566e+01
   7.3276830e+06   4.2663574e+01
   7.3307490e+06   4.1320801e+01
   7.3381710e+06   4.6447754e+01
   7.3411810e+06   3.6987305e+01
   7.3454350e+06   3.7597656e+01
   7.3457470e+06   3.6376953e+01
   7.3466630e+06   3.6987305e+01
   7.3486130e+06   3.5644531e+01
   7.3576030e+06   3.6743164e+01
   7.3607180e+06   4.7119141e+01
   7.3624060e+06   3.5339355e+01
   7.3669610e+06   3.7414551e+01
   7.3734520e+06   3.5095215e+01
   7.3822050e+06   3.6071777e+01
   7.3829730e+06   3.5095215e+01
   7.3853020e+06   3.8879395e+01
   7.3855890e+06   4.2419434e+01
   7.3861210e+06   3.5278320e+01
   7.3942710e+06   4.1625977e+01
   7.3991310e+06   6.8847656e+01
   7.4043790e+06   3.4606934e+01
   7.4048460e+06   3.7353516e+01
   7.4092610e+06   3.5583496e+01
   7.4118710e+06   3.7231445e+01
   7.4144860e+06   3.5095215e+01
   7.4211040e+06   3.8330078e+01
   7.4215920e+06   3.5766602e+01
   7.4264130e+06   3.6376953e+01
   7.4275530e+06   4.2663574e+01
   7.4336190e+06   4.6936035e+01
   7.4339810e+06   4.9865723e+01
   7.4342290e+06   3.9978027e+01
   7.4347050e+06   5.3344727e+01
   7.4348010e+06   3.7231445e+01
   7.4351060e+06   3.7353516e+01
   7.4365920e+06   3.8085938e+01
   7.4371370e+06   4.3151855e+01
   7.4394930e+06   3.9184570e+01
   7.4405600e+06   3.5827637e+01
   7.4499580e+06   3.6560059e+01
   7.4558570e+06   3.5461426e+01
   7.4566330e+06   3.4912109e+01
   7.4600890e+06   4.5776367e+01
   7.4607880e+06   3.8635254e+01
   7.4615090e+06   3.8574219e+01
   7.4652410e+06   3.4729004e+01
   7.4694950e+06   3.9489746e+01
   7.4742080e+06   4.3884277e+01
   7.4775300e+06   4.5227051e+01
   7.4813080e+06   3.8391113e+01
   7.4858050e+06   3.6193848e+01
   7.4864800e+06   3.6132812e+01
   7.4908580e+06   3.7414551e+01
   7.4927590e+06   3.4362793e+01
   7.4979920e+06   3.4851074e+01
   7.5024320e+06   4.0527344e+01
   7.5026920e+06   3.5705566e+01
   7.5031430e+06   4.0649414e+01
   7.5069990e+06   4.1625977e+01
   7.5071100e+06   3.5034180e+01
   7.5088940e+06   3.6560059e+01
   7.5125190e+06   3.9062500e+01
   7.5131110e+06   4.0588379e+01
   7.5189160e+06   3.5522461e+01
   7.5200560e+06   4.0344238e+01
   7.5214260e+06   3.4851074e+01
   7.5225940e+06   3.8269043e+01
   7.5254200e+06   4.7546387e+01
   7.5267930e+06   3.7536621e+01
   7.5328940e+06   3.7963867e+01
   7.5380430e+06   4.4494629e+01
   7.5421620e+06   3.7170410e+01
   7.5427010e+06   3.4606934e+01
   7.5486690e+06   3.8146973e+01
   7.5502220e+06   3.6376953e+01
   7.5544170e+06   3.5217285e+01
   7.5575050e+06   4.3823242e+01
   7.5658730e+06   3.7109375e+01
   7.5682810e+06   3.5705566e+01
   7.5687580e+06   3.5766602e+01
   7.5710820e+06   3.7109375e+01
   7.5739640e+06   4.0466309e+01
   7.5749110e+06   3.6865234e+01
   7.5750800e+06   4.7424316e+01
   7.5773290e+06   3.7170410e+01
   7.5781500e+06   4.6752930e+01
   7.5788230e+06   3.5705566e+01
   7.5803570e+06   3.5888672e+01
   7.5835160e+06   4.2175293e+01
   7.5883890e+06   3.4973145e+01
   7.5916450e+06   3.8330078e+01
   7.5969260e+06   3.8757324e+01
   7.5985630e+06   4.1015625e+01
   7.6034860e+06   3.4667969e+01
   7.6039810e+06   3.6865234e+01
   7.6046010e+06   3.5766602e+01
   7.6050280e+06   3.8208008e+01
   7.6191530e+06   3.6499023e+01
   7.6226670e+06   3.5888672e+01
   7.6295320e+06   4.1137695e+01
   7.6316480e+06   3.5034180e+01
   7.6330930e+06   3.4362793e+01
   7.6413660e+06   3.5034180e+01
   7.6416820e+06   3.8818359e+01
   7.6418420e+06   4.4189453e+01
   7.6418640e+06   3.4667969e+01
   7.6443390e+06   3.4484863e+01
   7.6449340e+06   3.4729004e+01
   7.6608720e+06   3.8818359e+01
   7.6615080e+06   3.8574219e+01
   7.6615650e+06   3.7597656e+01
   7.6635150e+06   3.8330078e+01
   7.6647550e+06   4.6081543e+01
   7.6700740e+06   3.5644531e+01
   7.6709030e+06   3.5949707e+01
   7.6717430e+06   4.5532227e+01
   7.6723180e+06   3.5949707e+01
   7.6747420e+06   3.8391113e+01
   7.6869980e+06   3.7658691e+01
   7.6872420e+06   3.4484863e+01
   7.6897560e+06   3.7902832e+01
   7.6951630e+06   3.4484863e+01
   7.7007090e+06   4.1137695e+01
   7.7090560e+06   3.9611816e+01
   7.7138910e+06   3.4606934e+01
   7.7142120e+06   4.1809082e+01
   7.7142730e+06   3.4973145e+01
   7.7146790e+06   3.4606934e+01
   7.7173560e+06   3.7170410e+01
   7.7176490e+06   3.6499023e+01
   7.7198840e+06   3.8024902e+01
   7.7249280e+06   4.0100098e+01
   7.7266060e+06   3.4851074e+01
   7.7275180e+06   3.5522461e+01
   7.7378450e+06   3.6804199e+01
   7.7457700e+06   4.6447754e+01
   7.7466910e+06   3.8024902e+01
   7.7509430e+06   4.5532227e+01
   7.7548380e+06   3.4790039e+01
   7.7558680e+06   3.8818359e+01
   7.7590190e+06   3.6987305e+01
   7.7607660e+06   3.7780762e+01
   7.7611850e+06   3.4912109e+01
   7.7620960e+06   3.5644531e+01
   7.7670410e+06   4.2846680e+01
   7.7710220e+06   4.0710449e+01
   7.7738190e+06   3.5339355e+01
   7.7750230e+06   5.6457520e+01
   7.7753250e+06   5.2001953e+01
   7.7792280e+06   3.7170410e+01
   7.7824750e+06   3.9123535e+01
   7.7852340e+06   3.4423828e+01
   7.7925380e+06   3.7231445e+01
   7.7931970e+06   3.8513184e+01
   7.7934590e+06   3.5217285e+01
   7.7985540e+06   3.8818359e+01
   7.8019750e+06   5.3283691e+01
   7.8021860e+06   3.7353516e+01
   7.8026060e+06   4.1198730e+01
   7.8028920e+06   3.6804199e+01
   7.8035020e+06   3.6193848e+01
   7.8048590e+06   3.6071777e+01
   7.8051370e+06   3.5400391e+01
   7.8062590e+06   3.4790039e+01
   7.8090650e+06   3.6254883e+01
   7.8170770e+06   3.4362793e+01
   7.8256430e+06   3.7170410e+01
   7.8294060e+06   4.0466309e+01
   7.8299590e+06   4.4616699e+01
   7.8301480e+06   4.1076660e+01
   7.8306460e+06   3.7841797e+01
   7.8338960e+06   3.9794922e+01
   7.8384720e+06   3.8574219e+01
   7.8412880e+06   3.5461426e+01
   7.8419540e+06   3.5827637e+01
   7.8427370e+06   3.4423828e+01
   7.8447320e+06   3.5400391e+01
   7.8456200e+06   3.4851074e+01
   7.8477950e+06   3.6071777e+01
   7.8537020e+06   4.3212891e+01
   7.8600590e+06   3.8513184e+01
   7.8607000e+06   3.5461426e+01
   7.8639920e+06   3.5217285e+01
   7.8643660e+06   3.5583496e+01
   7.8670510e+06   3.9062500e+01
   7.8681780e+06   3.6926270e+01
   7.8685290e+06   3.7170410e+01
   7.8734070e+06   4.0039062e+01
   7.8738840e+06   3.9550781e+01
   7.8743040e+06   3.4912109e+01
   7.8805080e+06   3.5278320e+01
   7.8845960e+06   3.9245605e+01
   7.8869320e+06   4.4982910e+01
   7.8871160e+06   3.4423828e+01
   7.8896500e+06   3.6010742e+01
   7.8949520e+06   3.8146973e+01
   7.9013570e+06   3.9306641e+01
   7.9021350e+06   3.7963867e+01
   7.9064550e+06   3.4973145e+01
   7.9078940e+06   3.6682129e+01
   7.9146110e+06   3.4790039e+01
   7.9149860e+06   3.6010742e+01
   7.9157910e+06   3.4667969e+01
   7.9199120e+06   4.1259766e+01
   7.9204190e+06   4.1687012e+01
   7.9257600e+06   3.9611816e+01
   7.9314200e+06   3.8024902e+01
   7.9335590e+06   3.8574219e+01
   7.9338870e+06   3.7170410e+01
   7.9375760e+06   3.6499023e+01
   7.9417480e+06   3.8391113e+01
   7.9426000e+06   4.1442871e+01
   7.9471830e+06   4.3457031e+01
   7.9501320e+06   3.5827637e+01
   7.9562380e+06   4.1198730e+01
   7.9568350e+06   3.4484863e+01
   7.9573240e+06   4.1625977e+01
   7.9575220e+06   3.5522461e+01
   7.9634880e+06   3.5339355e+01
   7.9670280e+06   4.0649414e+01
   7.9684540e+06   3.7170410e+01
   7.9694040e+06   4.2236328e+01
   7.9696560e+06   3.9306641e+01
   7.9715580e+06   3.5644531e+01
   7.9759670e+06   4.0710449e+01
   7.9788980e+06   3.8940430e+01
   7.9840270e+06   3.5522461e+01
   7.9896740e+06   4.5593262e+01
   7.9904010e+06   3.8452148e+01
   7.9910870e+06   4.1259766e+01
   7.9957410e+06   3.8818359e+01
   7.9999770e+06   3.4423828e+01
   8.0028240e+06   3.8940430e+01
   8.0045070e+06   3.8146973e+01
   8.0110410e+06   4.3395996e+01
   8.0155570e+06   3.5278320e+01
   8.0193880e+06   3.8269043e+01
   8.0214330e+06   3.4545898e+01
   8.0221590e+06   3.7780762e+01
   8.0273620e+06   3.6071777e+01
   8.0314550e+06   4.3395996e+01
   8.0326970e+06   3.7963867e+01
   8.0333470e+06   3.9489746e+01
   8.0395840e+06   3.8085938e+01
   8.0426330e+06   4.2419434e+01
   8.0440810e+06   4.2053223e+01
   8.0527250e+06   3.8330078e+01
   8.0532880e+06   4.3945312e+01
   8.0557470e+06   3.7109375e+01
   8.0572430e+06   3.4912109e+01
   8.0614810e+06   3.5278320e+01
   8.0642420e+06   4.0771484e+01
   8.0677640e+06   3.5034180e+01
   8.0693570e+06   3.5461426e+01
   8.0706160e+06   3.4790039e+01
   8.0720780e+06   3.5949707e+01
   8.0732150e+06   3.8208008e+01
   8.0767750e+06   3.9001465e+01
   8.0795870e+06   3.6071777e+01
   8.0804210e+06   3.4667969e+01
   8.0806210e+06   3.4973145e+01
   8.0810290e+06   3.6682129e+01
   8.0859160e+06   4.6264648e+01
   8.0896110e+06   3.9733887e+01
   8.0934260e+06   3.6437988e+01
   8.0947230e+06   3.5217285e+01
   8.0991850e+06   4.3090820e+01
   8.1077930e+06   3.5583496e+01
   8.1082430e+06   3.6560059e+01
   8.1101990e+06   3.7963867e+01
   8.1169770e+06   3.7109375e+01
   8.1188400e+06   3.4851074e+01
   8.1219620e+06   3.6315918e+01
   8.1259740e+06   3.5278320e+01
   8.1307420e+06   3.7963867e+01
   8.1348620e+06   3.4851074e+01
   8.1359300e+06   3.4606934e+01
   8.1379980e+06   3.5888672e+01
   8.1433220e+06   4.1076660e+01
   8.1437490e+06   3.4729004e+01
   8.1458060e+06   3.7536621e+01
   8.1459130e+06   3.5461426e+01
   8.1465600e+06   3.7719727e+01
   8.1480760e+06   3.9428711e+01
   8.1584740e+06   3.5583496e+01
   8.1593830e+06   3.5156250e+01
   8.1630870e+06   4.2358398e+01
   8.1635770e+06   3.7780762e+01
   8.1643300e+06   3.9611816e+01
   8.1669160e+06   3.6682129e+01
   8.1721600e+06   3.4973145e+01
   8.1722030e+06   3.6926270e+01
   8.1724920e+06   3.7841797e+01
   8.1761640e+06   3.4851074e+01
   8.1769880e+06   3.5156250e+01
   8.1823700e+06   3.6437988e+01
   8.1878690e+06   4.1931152e+01
   8.1896510e+06   3.4545898e+01
   8.1983320e+06   3.5583496e+01
   8.2003200e+06   3.4912109e+01
   8.2034610e+06   4.3212891e+01
   8.2140280e+06   3.8391113e+01
   8.2144120e+06   3.9672852e+01
   8.2190700e+06   3.5278320e+01
   8.2194440e+06   3.4973145e+01
   8.2231930e+06   3.8635254e+01
   8.2246520e+06   3.4484863e+01
   8.2262520e+06   3.5644531e+01
   8.2280810e+06   4.1259766e+01
   8.2289210e+06   5.2734375e+01
   8.2341650e+06   3.8940430e+01
   8.2348520e+06   4.0893555e+01
   8.2370860e+06   3.6010742e+01
   8.2383030e+06   4.7607422e+01
   8.2389600e+06   4.1931152e+01
   8.2391820e+06   3.5583496e+01
   8.2407360e+06   3.7231445e+01
   8.2420840e+06   3.6132812e+01
   8.2596760e+06   4.3823242e+01
   8.2631140e+06   3.7353516e+01
   8.2640930e+06   3.8818359e+01
   8.2645220e+06   3.9916992e+01
   8.2656010e+06   3.4606934e+01
   8.2729580e+06   3.5583496e+01
   8.2750600e+06   3.7109375e+01
   8.2757860e+06   3.5522461e+01
   8.2787650e+06   3.6010742e+01
   8.2790190e+06   3.6987305e+01
   8.2808220e+06   3.5644531e+01
   8.2815840e+06   3.6071777e+01
   8.2848160e+06   3.6254883e+01
   8.2853140e+06   4.0283203e+01
   8.2859770e+06   3.4606934e+01
   8.2868700e+06   3.4973145e+01
   8.2888620e+06   4.3029785e+01
   8.2998940e+06   3.4362793e+01
   8.3027150e+06   3.5400391e+01
   8.3094190e+06   3.7536621e+01
   8.3128340e+06   3.9489746e+01
   8.3148190e+06   3.6315918e+01
   8.3212710e+06   3.6254883e+01
   8.3220850e+06   3.4973145e+01
   8.3224550e+06   3.4362793e+01
   8.3230560e+06   3.6926270e+01
   8.3261140e+06   3.5705566e+01
   8.3269620e+06   3.5400391e+01
   8.3340210e+06   4.4738770e+01
   8.3365710e+06   3.4851074e+01
   8.3412410e+06   5.9082031e+01
   8.3413900e+06   4.4860840e+01
   8.3416370e+06   3.5217285e+01
   8.3419500e+06   3.5400391e+01
   8.3422490e+06   3.5278320e+01
   8.3426130e+06   4.3151855e+01
   8.3451160e+06   4.1259766e+01
   8.3480260e+06   3.6682129e+01
   8.3486550e+06   3.5888672e+01
   8.3530940e+06   3.5156250e+01
   8.3589340e+06   4.0588379e+01
   8.3604330e+06   3.5949707e+01
   8.3606690e+06   4.3090820e+01
   8.3607160e+06   3.5644531e+01
   8.3631450e+06   3.7170410e+01
   8.3677990e+06   4.1076660e+01
   8.3693420e+06   3.8452148e+01
   8.3704650e+06   3.7109375e+01
   8.3789360e+06   3.6132813e+01
   8.3832470e+06   3.7353516e+01
   8.3839170e+06   5.2307129e+01
   8.3840950e+06   4.5715332e+01
   8.3926610e+06   3.5766602e+01
   8.3937700e+06   3.8879395e+01
   8.3956760e+06   3.8879395e+01
   8.3974210e+06   3.4912109e+01
   8.4002190e+06   4.0649414e+01
   8.4053020e+06   3.4362793e+01
   8.4091510e+06   3.4362793e+01
   8.4093280e+06   3.9672852e+01
   8.4166000e+06   3.4362793e+01
   8.4184150e+06   3.9489746e+01
   8.4189040e+06   3.5644531e+01
   8.4217890e+06   3.6254883e+01
   8.4270910e+06   3.8635254e+01
   8.4314780e+06   4.0100098e+01
   8.4362540e+06   3.8757324e+01
   8.4430470e+06   3.5888672e+01
   8.4496380e+06   3.8452148e+01
   8.4529920e+06   3.5583496e+01
   8.4583170e+06   3.6315918e+01
   8.4614480e+06   3.7109375e+01
   8.4650640e+06   3.4912109e+01
   8.4658790e+06   3.4545898e+01
   8.4682250e+06   3.5522461e+01
   8.4715970e+06   3.8818359e+01
   8.4722210e+06   3.4729004e+01
   8.4743990e+06   3.5705566e+01
   8.4800490e+06   4.0954590e+01
   8.4804010e+06   3.9855957e+01
   8.4855980e+06   3.6865234e+01
   8.4872830e+06   4.7607422e+01
   8.4915760e+06   3.5400391e+01
   8.4950500e+06   3.9733887e+01
   8.4954850e+06   3.9611816e+01
   8.4968100e+06   4.1442871e+01
   8.4999630e+06   3.5705566e+01
   8.5022620e+06   4.0771484e+01
   8.5047160e+06   3.7597656e+01
   8.5095310e+06   3.4973145e+01
   8.5105630e+06   3.9550781e+01
   8.5128010e+06   4.1198730e+01
   8.5136670e+06   3.6499023e+01
   8.5178790e+06   3.7536621e+01
   8.5219820e+06   3.5705566e+01
   8.5316810e+06   3.8208008e+01
   8.5322000e+06   3.4606934e+01
   8.5337380e+06   3.4851074e+01
   8.5436980e+06   3.4912109e+01
   8.5451990e+06   3.5339355e+01
   8.5455630e+06   3.5400391e+01
   8.5489170e+06   3.9916992e+01
   8.5556200e+06   3.4545898e+01
   8.5571990e+06   3.7902832e+01
   8.5621990e+06   3.6132812e+01
   8.5635890e+06   4.1748047e+01
   8.5685880e+06   3.6621094e+01
   8.5713860e+06   3.8452148e+01
   8.5728510e+06   4.8645020e+01
   8.5732800e+06   3.6499023e+01
   8.5772500e+06   3.5583496e+01
   8.5784660e+06   3.5705566e+01
   8.5860530e+06   4.7912598e+01
   8.5863320e+06   3.7780762e+01
   8.5869290e+06   4.3762207e+01
   8.5871370e+06   3.4606934e+01
   8.5875470e+06   3.6560059e+01
   8.5904990e+06   3.4362793e+01
   8.5945540e+06   4.1870117e+01
   8.5950030e+06   3.5949707e+01
   8.5992900e+06   3.5400391e+01
   8.6018290e+06   4.1503906e+01
   8.6021250e+06   3.6987305e+01
   8.6046300e+06   3.6010742e+01
   8.6084990e+06   3.4423828e+01
   8.6094570e+06   3.6987305e+01
   8.6108640e+06   3.8024902e+01
   8.6113470e+06   3.5339355e+01
   8.6131540e+06   3.4729004e+01
   8.6134440e+06   4.5776367e+01
   8.6137440e+06   3.6987305e+01
   8.6150180e+06   3.6315918e+01
   8.6158730e+06   3.7536621e+01
   8.6214420e+06   3.7048340e+01
   8.6221670e+06   3.6682129e+01
   8.6285010e+06   3.6071777e+01
   8.6290110e+06   3.6010742e+01
   8.6321030e+06   3.6071777e+01
   8.6353440e+06   4.1259766e+01
   8.6357590e+06   3.4912109e+01
   8.6366650e+06   3.4423828e+01
   8.6449190e+06   3.4545898e+01
   8.6481240e+06   3.4423828e+01
   8.6484750e+06   3.5888672e+01
   8.6500730e+06   4.2480469e+01
   8.6503960e+06   3.5705566e+01
   8.6605350e+06   3.4667969e+01
   8.6617910e+06   3.6376953e+01
   8.6623890e+06   3.8391113e+01
   8.6626050e+06   4.6142578e+01
   8.6678830e+06   3.5949707e+01
   8.6682190e+06   3.6560059e+01
   8.6728930e+06   4.2480469e+01
   8.6744840e+06   3.9611816e+01
   8.6816920e+06   3.8757324e+01
   8.6823900e+06   3.4729004e+01
   8.6838390e+06   4.2480469e+01
   8.6842990e+06   3.9428711e+01
   8.6847410e+06   4.4494629e+01
   8.6850890e+06   3.9916992e+01
   8.6853130e+06   4.1198730e+01
   8.6860410e+06   3.9794922e+01
   8.7004840e+06   3.6560059e+01
   8.7008360e+06   3.6437988e+01
   8.7030690e+06   3.9245605e+01
   8.7033720e+06   3.9611816e+01
   8.7104960e+06   4.1503906e+01
   8.7116310e+06   3.6315918e+01
   8.7203230e+06   3.6010742e+01
   8.7210960e+06   3.4362793e+01
   8.7262030e+06   4.0710449e+01
   8.7289500e+06   3.7353516e+01
   8.7302150e+06   3.7963867e+01
   8.7317610e+06   3.5888672e+01
   8.7376850e+06   3.4484863e+01
   8.7418110e+06   4.0039062e+01
   8.7460400e+06   3.8818359e+01
   8.7489750e+06   3.5278320e+01
   8.7492530e+06   3.5095215e+01
   8.7527880e+06   3.5095215e+01
   8.7572480e+06   3.4973145e+01
   8.7603960e+06   3.4667969e+01
   8.7707390e+06   3.9550781e+01
   8.7716590e+06   3.5034180e+01
   8.7766950e+06   3.4729004e+01
   8.7770290e+06   3.6010742e+01
   8.7776130e+06   3.5644531e+01
   8.7784180e+06   3.8391113e+01
   8.7811310e+06   3.9855957e+01
   8.7857970e+06   3.4790039e+01
   8.7863650e+06   3.4912109e+01
   8.7869200e+06   3.6071777e+01
   8.7970860e+06   4.2175293e+01
   8.7972670e+06   4.3640137e+01
   8.7974060e+06   3.7353516e+01
   8.8004010e+06   3.8146973e+01
   8.8016630e+06   3.8818359e+01
   8.8051300e+06   3.9001465e+01
   8.8093990e+06   3.4729004e+01
   8.8113320e+06   3.5034180e+01
   8.8135850e+06   3.4973145e+01
   8.8139610e+06   3.8024902e+01
   8.8143390e+06   3.7414551e+01
   8.8182990e+06   4.3090820e+01
   8.8198900e+06   3.4851074e+01
   8.8260910e+06   3.7536621e+01
   8.8313760e+06   3.5034180e+01
   8.8320130e+06   3.4362793e+01
   8.8392360e+06   4.0161133e+01
   8.8397720e+06   3.8146973e+01
   8.8405100e+06   4.1748047e+01
   8.8408540e+06   4.1625977e+01
   8.8523390e+06   3.6499023e+01
   8.8601600e+06   3.5827637e+01
   8.8674840e+06   3.5156250e+01
   8.8770370e+06   3.9306641e+01
   8.8777600e+06   4.1564941e+01
   8.8788390e+06   4.3212891e+01
   8.8797770e+06   3.6132813e+01
   8.8857510e+06   3.5522461e+01
   8.8881550e+06   3.6804199e+01
   8.9052970e+06   3.9550781e+01
   8.9063210e+06   3.7963867e+01
   8.9094770e+06   3.6926270e+01
   8.9097300e+06   3.7048340e+01
   8.9101110e+06   4.0954590e+01
   8.9103880e+06   3.5400391e+01
   8.9183470e+06   3.4851074e+01
   8.9194450e+06   3.6926270e+01
   8.9199370e+06   3.5949707e+01
   8.9226840e+06   3.5156250e+01
   8.9281400e+06   3.6987305e+01
   8.9287270e+06   3.7780762e+01
   8.9295980e+06   3.7109375e+01
   8.9312780e+06   3.7780762e+01
   8.9317450e+06   3.5217285e+01
   8.9434220e+06   4.2907715e+01
   8.9484010e+06   3.5156250e+01
   8.9488550e+06   3.9916992e+01
   8.9504940e+06   3.5278320e+01
   8.9513650e+06   4.4494629e+01
   8.9520090e+06   4.7180176e+01
   8.9544810e+06   3.9978027e+01
   8.9594330e+06   3.4545898e+01
   8.9619370e+06   3.9916992e+01
   8.9645000e+06   3.9611816e+01
   8.9656740e+06   3.7170410e+01
   8.9672870e+06   3.4851074e+01
   8.9721480e+06   3.5583496e+01
   8.9732080e+06   3.6071777e+01
   8.9782950e+06   4.0649414e+01
   8.9800870e+06   3.5034180e+01
   8.9805060e+06   4.7546387e+01
   8.9809330e+06   4.4860840e+01
   8.9809630e+06   3.5034180e+01
   8.9814350e+06   3.5583496e+01
   8.9843130e+06   4.8461914e+01
   8.9869080e+06   3.6254883e+01
   8.9881420e+06   3.6010742e+01
   8.9908910e+06   3.7963867e+01
   8.9949600e+06   4.3701172e+01
