   8.9990000e+06   0.0000000e+00
   8.2506000e+04   3.8330078e+01
   2.4046700e+05   3.7902832e+01
   3.5796900e+05   3.9550781e+01
   3.7150700e+05   4.0954590e+01
   4.2821400e+05   4.5227051e+01
   4.6654300e+05   3.7902832e+01
   5.2691100e+05   3.8696289e+01
   5.5364600e+05   4.1931152e+01
   5.5450700e+05   3.8269043e+01
   5.6846400e+05   5.4687500e+01
   5.6943500e+05   3.7841797e+01
   5.8942800e+05   4.0161133e+01
   5.8998200e+05   4.0466309e+01
   6.6026600e+05   4.1870117e+01
   6.8730500e+05   4.2968750e+01
   6.9528600e+05   3.8452148e+01
   8.0447900e+05   4.9011230e+01
   8.0521900e+05   6.7138672e+01
   8.3084500e+05   3.8940430e+01
   8.3930600e+05   4.2968750e+01
   8.5909300e+05   3.9184570e+01
   8.7583100e+05   3.9123535e+01
   8.7956000e+05   5.9387207e+01
   8.8044300e+05   4.2907715e+01
   8.8344300e+05   4.1687012e+01
   9.1258500e+05   3.9123535e+01
   9.2441200e+05   4.9133301e+01
   9.2474500e+05   4.8095703e+01
   9.4654100e+05   3.9306641e+01
   9.7360000e+05   4.1259766e+01
   1.0043690e+06   3.8879395e+01
   1.0119630e+06   5.6274414e+01
   1.0122930e+06   5.9448242e+01
   1.0128430e+06   3.9306641e+01
   1.0145840e+06   5.0231934e+01
   1.0589970e+06   5.3527832e+01
   1.1215610e+06   5.6152344e+01
   1.1461500e+06   4.5715332e+01
   1.1518520e+06   3.7780762e+01
   1.1640710e+06   3.7963867e+01
   1.1641850e+06   4.9560547e+01
   1.1663450e+06   4.8400879e+01
   1.1907400e+06   4.1381836e+01
   1.2843570e+06   4.3518066e+01
   1.2844590e+06   4.2358398e+01
   1.3012630e+06   4.4860840e+01
   1.3016180e+06   3.8513184e+01
   1.3157480e+06   3.9855957e+01
   1.3163220e+06   4.5349121e+01
   1.3299650e+06   3.8330078e+01
   1.3397790e+06   4.4433594e+01
   1.3463830e+06   3.7841797e+01
   1.3479560e+06   4.4433594e+01
   1.3502060e+06   4.0161133e+01
   1.3715620e+06   4.9255371e+01
   1.3802620e+06   4.1015625e+01
   1.4069770e+06   3.9306641e+01
   1.4087720e+06   4.8522949e+01
   1.4249020e+06   3.9672852e+01
   1.4385280e+06   5.7922363e+01
   1.4395560e+06   4.2663574e+01
   1.4913090e+06   4.3762207e+01
   1.5483100e+06   4.2907715e+01
   1.5568390e+06   3.8452148e+01
   1.5764770e+06   4.5166016e+01
   1.5777660e+06   4.6569824e+01
   1.6129320e+06   4.0344238e+01
   1.6259800e+06   3.9428711e+01
   1.6264310e+06   4.3762207e+01
   1.6298720e+06   3.8513184e+01
   1.7096010e+06   5.6213379e+01
   1.7099800e+06   4.5654297e+01
   1.7585950e+06   3.9855957e+01
   1.7729660e+06   4.1748047e+01
   1.7833200e+06   5.2917480e+01
   1.7916810e+06   4.1076660e+01
   1.8029670e+06   3.8269043e+01
   1.8048510e+06   3.9550781e+01
   1.8222940e+06   3.8940430e+01
   1.8239580e+06   5.2001953e+01
   1.8375610e+06   4.3945312e+01
   1.8509920e+06   4.0832520e+01
   1.8538100e+06   4.1809082e+01
   1.8539450e+06   4.7912598e+01
   1.8542240e+06   4.1564941e+01
   1.9270080e+06   4.8522949e+01
   1.9846380e+06   4.5166016e+01
   2.0217790e+06   4.2541504e+01
   2.1671190e+06   5.7189941e+01
   2.1902770e+06   4.7363281e+01
   2.3450540e+06   4.1259766e+01
   3.0000750e+06   4.6936035e+01
   3.0536730e+06   4.0710449e+01
   3.3832080e+06   3.8818359e+01
   3.6447450e+06   3.9672852e+01
   3.7496790e+06   4.1198730e+01
   3.9229580e+06   3.8269043e+01
   3.9884750e+06   3.8269043e+01
   4.1857180e+06   3.8024902e+01
   4.3298210e+06   4.0222168e+01
   4.4899690e+06   3.7719727e+01
   4.5637670e+06   4.1687012e+01
   4.7581580e+06   3.8452148e+01
   4.8392250e+06   3.8574219e+01
   4.9291990e+06   3.7963867e+01
   5.0274770e+06   3.7841797e+01
   5.2027130e+06   3.8818359e+01
   5.4005900e+06   4.1320801e+01
   5.5269080e+06   3.7963867e+01
   5.5391950e+06   4.2236328e+01
   5.6934430e+06   3.7963867e+01
   6.0474820e+06   3.7780762e+01
   6.0801320e+06   3.8391113e+01
   6.1256340e+06   4.1687012e+01
   6.1969650e+06   3.7963867e+01
   6.2654220e+06   3.9489746e+01
   6.3536310e+06   4.1015625e+01
   6.4299730e+06   4.1076660e+01
   6.6880630e+06   3.9306641e+01
   6.7774880e+06   4.1748047e+01
   6.7856500e+06   3.8269043e+01
   6.7929370e+06   3.9367676e+01
   6.8214440e+06   3.8024902e+01
   6.8328480e+06   3.9123535e+01
   7.3692260e+06   4.5715332e+01
   7.4375160e+06   4.0283203e+01
   7.5224310e+06   4.3090820e+01
   7.5897000e+06   4.4372559e+01
   7.6056030e+06   4.2236328e+01
   7.6325110e+06   3.9916992e+01
   7.8890610e+06   3.8269043e+01
   7.9325060e+06   4.0344238e+01
   8.0133640e+06   3.8208008e+01
   8.3248550e+06   3.8757324e+01
   8.5049140e+06   3.7963867e+01
   8.5376480e+06   4.1564941e+01
   8.8409520e+06   5.8959961e+01
   8.8413430e+06   4.3762207e+01
   8.8759600e+06   5.1574707e+01
   8.8762910e+06   6.2622070e+01
   8.8771450e+06   5.1025391e+01
   8.8887000e+06   3.8818359e+01
   8.8991880e+06   3.9001465e+01
   8.9076210e+06   5.3344727e+01
   8.9078740e+06   4.0344238e+01
   8.9078910e+06   4.0283203e+01
   8.9348780e+06   3.8146973e+01
   8.9801340e+06   3.7780762e+01
   8.9899090e+06   4.2236328e+01
