   8.9990000e+06   0.0000000e+00
   6.3392000e+04   6.2927246e+01
   1.8241100e+05   3.5644531e+01
   1.9733900e+05   3.6071777e+01
   1.9870600e+05   4.7058105e+01
   1.9904400e+05   4.4921875e+01
   2.0016900e+05   9.0942383e+01
   2.1236400e+05   6.5734863e+01
   2.1336300e+05   3.9855957e+01
   3.6383800e+05   3.7170410e+01
   3.7257900e+05   3.5766602e+01
   3.7282200e+05   4.7058105e+01
   3.7317800e+05   3.8574219e+01
   3.8142700e+05   4.9987793e+01
   3.8167900e+05   4.3334961e+01
   3.8218800e+05   5.5541992e+01
   3.8241500e+05   3.9184570e+01
   3.8251300e+05   4.5104980e+01
   3.8295400e+05   3.7170410e+01
   4.1246200e+05   3.6071777e+01
   4.9967300e+05   3.8635254e+01
   5.0195500e+05   3.5156250e+01
   6.5227200e+05   4.3823242e+01
   6.5247300e+05   3.5583496e+01
   7.5293100e+05   4.1687012e+01
   7.5323400e+05   3.5217285e+01
   7.7478100e+05   3.8696289e+01
   7.7492200e+05   3.8696289e+01
   7.7520100e+05   3.9001465e+01
   7.7626200e+05   5.0415039e+01
   7.7630200e+05   3.6010742e+01
   7.7654800e+05   4.3945312e+01
   9.0419400e+05   6.5734863e+01
   9.2486000e+05   3.7109375e+01
   1.0032000e+06   3.6376953e+01
   1.0033890e+06   3.8146973e+01
   1.0034560e+06   6.6650391e+01
   1.0036300e+06   3.8574219e+01
   1.0036840e+06   4.3579102e+01
   1.0040050e+06   4.5166016e+01
   1.0040650e+06   4.0161133e+01
   1.0041830e+06   3.9184570e+01
   1.0045200e+06   3.6010742e+01
   1.0046850e+06   5.8410645e+01
   1.0047640e+06   9.0759277e+01
   1.0048490e+06   3.5644531e+01
   1.0050820e+06   8.1665039e+01
   1.0051230e+06   4.6020508e+01
   1.0053100e+06   6.0241699e+01
   1.0054610e+06   3.6865234e+01
   1.0480170e+06   4.7302246e+01
   1.0486650e+06   4.1320801e+01
   1.0575980e+06   3.6010742e+01
   1.0596910e+06   5.3405762e+01
   1.0728500e+06   3.9367676e+01
   1.0742360e+06   4.6081543e+01
   1.0946140e+06   3.5522461e+01
   1.1502910e+06   3.8879395e+01
   1.1542670e+06   4.4738770e+01
   1.1546840e+06   4.2724609e+01
   1.1554140e+06   3.6682129e+01
   1.1555020e+06   5.1391602e+01
   1.1556960e+06   8.7158203e+01
   1.1559720e+06   3.8757324e+01
   1.1562140e+06   9.1125488e+01
   1.1566030e+06   7.2570801e+01
   1.1570690e+06   5.9631348e+01
   1.1675440e+06   3.6132812e+01
   1.2932840e+06   3.5522461e+01
   1.2941430e+06   4.2968750e+01
   1.2942790e+06   4.3457031e+01
   1.2947120e+06   4.6386719e+01
   1.2951320e+06   4.5288086e+01
   1.2960480e+06   5.2246094e+01
   1.2960950e+06   7.9467773e+01
   1.2962190e+06   4.0405273e+01
   1.3058410e+06   3.5156250e+01
   1.3063120e+06   3.8635254e+01
   1.3065550e+06   3.5644531e+01
   1.3338500e+06   3.6743164e+01
   1.3355890e+06   3.9611816e+01
   1.3359870e+06   3.5095215e+01
   1.3441790e+06   4.3151855e+01
   1.3447110e+06   4.3395996e+01
   1.3482750e+06   4.1870117e+01
   1.3627680e+06   3.5583496e+01
   1.4008150e+06   3.8696289e+01
   1.4025010e+06   5.6884766e+01
   1.4325270e+06   3.7902832e+01
   1.4475200e+06   3.5522461e+01
   1.4796900e+06   3.7048340e+01
   1.5090610e+06   3.7963867e+01
   1.5103240e+06   4.9255371e+01
   1.5107160e+06   4.0771484e+01
   1.5112600e+06   4.7546387e+01
   1.5113250e+06   4.6936035e+01
   1.5114330e+06   9.7656250e+01
   1.5115740e+06   3.9062500e+01
   1.5117360e+06   3.9733887e+01
   1.5119070e+06   6.5002441e+01
   1.5119870e+06   3.6926270e+01
   1.5122130e+06   6.4941406e+01
   1.5123810e+06   3.5339355e+01
   1.5125050e+06   3.7841797e+01
   1.5127800e+06   6.8359375e+01
   1.5130640e+06   4.9072266e+01
   1.5167480e+06   3.8391113e+01
   1.5467750e+06   3.6132812e+01
   1.5516580e+06   3.6010742e+01
   1.5522700e+06   3.6193848e+01
   1.5655290e+06   3.8574219e+01
   1.5831240e+06   3.6804199e+01
   1.5905910e+06   3.6560059e+01
   1.6200190e+06   3.8879395e+01
   1.6240130e+06   3.6254883e+01
   1.6283230e+06   5.8166504e+01
   1.6285930e+06   3.8146973e+01
   1.6622300e+06   4.0222168e+01
   1.6807340e+06   3.6132812e+01
   1.7030210e+06   6.1462402e+01
   1.7032720e+06   3.6376953e+01
   1.7279300e+06   3.5156250e+01
   1.7354050e+06   3.6743164e+01
   1.7460610e+06   3.6743164e+01
   1.7495320e+06   4.5043945e+01
   1.7523710e+06   4.6386719e+01
   1.7528260e+06   4.0527344e+01
   1.7805520e+06   3.8330078e+01
   1.7942240e+06   3.5766602e+01
   1.8128400e+06   3.9001465e+01
   1.8435530e+06   3.8940430e+01
   1.8591870e+06   3.9123535e+01
   1.8715680e+06   5.5786133e+01
   1.8718910e+06   3.8208008e+01
   1.9148380e+06   3.7048340e+01
   1.9300400e+06   4.3579102e+01
   1.9445520e+06   3.7780762e+01
   1.9508910e+06   4.2846680e+01
   2.0060630e+06   3.5095215e+01
   2.0802970e+06   3.5217285e+01
   2.0837490e+06   3.7048340e+01
   2.1440890e+06   4.0222168e+01
   2.1444340e+06   3.5095215e+01
   2.1751480e+06   3.6010742e+01
   2.1812930e+06   3.5949707e+01
   2.1817820e+06   3.7170410e+01
   2.1952760e+06   3.7170410e+01
   2.1955380e+06   3.9184570e+01
   2.1962450e+06   3.8818359e+01
   2.2287200e+06   3.6071777e+01
   2.2608530e+06   3.7109375e+01
   2.2632780e+06   5.8471680e+01
   2.2634580e+06   3.7841797e+01
   2.2654040e+06   3.4973145e+01
   2.2808910e+06   3.5522461e+01
   2.3220590e+06   6.2744141e+01
   2.3223760e+06   4.3029785e+01
   2.3358600e+06   3.7170410e+01
   2.3359120e+06   3.6193848e+01
   2.3359810e+06   3.8940430e+01
   2.3363250e+06   4.2419434e+01
   2.3364880e+06   3.7109375e+01
   2.3366030e+06   3.8757324e+01
   2.3367750e+06   3.8146973e+01
   2.3368700e+06   4.2053223e+01
   2.3370480e+06   3.5461426e+01
   2.3372070e+06   3.5400391e+01
   2.3381620e+06   7.8369141e+01
   2.3383590e+06   5.0659180e+01
   2.3395650e+06   3.5949707e+01
   2.3469300e+06   3.6071777e+01
   2.3602360e+06   4.4555664e+01
   2.3607270e+06   4.2846680e+01
   2.3608210e+06   4.0771484e+01
   2.3612480e+06   3.7963867e+01
   2.3941290e+06   3.6132812e+01
   2.4067280e+06   4.3334961e+01
   2.4080200e+06   4.2419434e+01
   2.5090970e+06   3.6193848e+01
   2.5450240e+06   3.5034180e+01
   2.5709320e+06   3.7902832e+01
   2.5947720e+06   3.7658691e+01
   2.6146130e+06   3.7780762e+01
   2.6207620e+06   5.1574707e+01
   2.6213110e+06   6.7687988e+01
   2.6215780e+06   4.2602539e+01
   2.6216180e+06   4.0832520e+01
   2.6218040e+06   3.5644531e+01
   2.6218710e+06   3.8879395e+01
   2.6223280e+06   4.6386719e+01
   2.6224510e+06   9.5642090e+01
   2.6225550e+06   3.7841797e+01
   2.6225860e+06   3.6743164e+01
   2.6227280e+06   6.8847656e+01
   2.6230510e+06   5.1391602e+01
   2.6235830e+06   4.6936035e+01
   2.6315220e+06   3.5522461e+01
   2.6746430e+06   4.0954590e+01
   2.6881560e+06   3.7231445e+01
   2.7659870e+06   3.6254883e+01
   2.8439460e+06   3.8452148e+01
   2.8729490e+06   4.4067383e+01
   2.8731180e+06   5.9753418e+01
   2.8733090e+06   3.8757324e+01
   2.8734290e+06   3.6621094e+01
   2.9351530e+06   4.1442871e+01
   2.9354050e+06   4.1259766e+01
   2.9354370e+06   4.0710449e+01
   2.9355420e+06   4.4921875e+01
   2.9355920e+06   3.5339355e+01
   2.9358610e+06   4.4616699e+01
   2.9359060e+06   3.5888672e+01
   2.9370820e+06   9.6008301e+01
   2.9374710e+06   7.6904297e+01
   2.9377520e+06   4.6447754e+01
   2.9377710e+06   3.7170410e+01
   2.9379840e+06   3.5705566e+01
   2.9525720e+06   3.7719727e+01
   2.9556010e+06   3.5522461e+01
   2.9688510e+06   3.8024902e+01
   2.9808580e+06   3.6682129e+01
   2.9845100e+06   3.6437988e+01
   3.0026160e+06   3.7292480e+01
   3.1213100e+06   3.4973145e+01
   3.1270920e+06   3.6376953e+01
   3.1273190e+06   3.8330078e+01
   3.1452660e+06   4.1076660e+01
   3.1624300e+06   3.6132812e+01
   3.1828160e+06   3.7963867e+01
   3.2430730e+06   5.2124023e+01
   3.2434160e+06   3.9733887e+01
   3.2512330e+06   3.9611816e+01
   3.2518980e+06   4.7302246e+01
   3.2604140e+06   3.7048340e+01
   3.2656120e+06   4.2297363e+01
   3.2738490e+06   3.6437988e+01
   3.2743520e+06   3.6254883e+01
   3.2930080e+06   5.6579590e+01
   3.2933040e+06   3.7170410e+01
   3.3083160e+06   4.1137695e+01
   3.3102090e+06   4.0100098e+01
   3.3119080e+06   4.5349121e+01
   3.3151430e+06   3.6132812e+01
   3.3170710e+06   5.0842285e+01
   3.3172710e+06   3.7597656e+01
   3.3490140e+06   3.7109375e+01
   3.3626050e+06   3.5522461e+01
   3.5467880e+06   3.7414551e+01
   3.5489960e+06   3.6010742e+01
   3.5623300e+06   3.4973145e+01
   3.5990100e+06   4.0039062e+01
   3.6209710e+06   6.0241699e+01
   3.6211380e+06   3.6560059e+01
   3.6358620e+06   3.6376953e+01
   3.6365310e+06   3.8452148e+01
   3.6368760e+06   3.9245605e+01
   3.6369360e+06   3.5278320e+01
   3.6372510e+06   3.6193848e+01
   3.6378080e+06   3.9123535e+01
   3.6378530e+06   8.3862305e+01
   3.6380250e+06   4.5776367e+01
   3.6382680e+06   6.1035156e+01
   3.6458860e+06   3.5949707e+01
   3.6647660e+06   3.5644531e+01
   3.6685500e+06   4.6813965e+01
   3.7027490e+06   4.4067383e+01
   3.7084720e+06   3.5766602e+01
   3.7372110e+06   4.9316406e+01
   3.7375070e+06   4.4921875e+01
   3.7823050e+06   3.5217285e+01
   3.8060250e+06   3.5949707e+01
   3.8254530e+06   3.7597656e+01
   3.9070530e+06   5.6945801e+01
   3.9105430e+06   3.7597656e+01
   3.9128240e+06   3.9184570e+01
   3.9162040e+06   3.6743164e+01
   3.9164820e+06   3.5705566e+01
   3.9436270e+06   3.7414551e+01
   3.9447300e+06   3.5400391e+01
   3.9733100e+06   3.7475586e+01
   3.9830810e+06   3.6193848e+01
   4.0171680e+06   4.8095703e+01
   4.0173870e+06   3.5827637e+01
   4.0466930e+06   3.8330078e+01
   4.0885580e+06   3.5156250e+01
   4.1336640e+06   4.5532227e+01
   4.1761640e+06   3.7170410e+01
   4.1764510e+06   6.0424805e+01
   4.1988560e+06   3.9184570e+01
   4.1990980e+06   3.6560059e+01
   4.1992670e+06   3.8879395e+01
   4.1997250e+06   3.7536621e+01
   4.2006490e+06   5.2734375e+01
   4.2008170e+06   3.9001465e+01
   4.2009120e+06   4.5227051e+01
   4.2009260e+06   4.1687012e+01
   4.2011900e+06   3.9428711e+01
   4.2013340e+06   4.3212891e+01
   4.2014350e+06   4.3823242e+01
   4.2017690e+06   9.1918945e+01
   4.2019580e+06   5.8044434e+01
   4.2021320e+06   4.1320801e+01
   4.2103720e+06   4.0466309e+01
   4.2158920e+06   3.5522461e+01
   4.2313730e+06   3.5888672e+01
   4.2319800e+06   3.8818359e+01
   4.2332320e+06   4.1198730e+01
   4.2340050e+06   4.1503906e+01
   4.2345360e+06   3.5217285e+01
   4.2364980e+06   4.7912598e+01
   4.2507880e+06   3.8146973e+01
   4.2557160e+06   5.6213379e+01
   4.2559310e+06   3.5644531e+01
   4.2826590e+06   3.6987305e+01
   4.4340400e+06   3.5644531e+01
   4.4757910e+06   6.2927246e+01
   4.5023460e+06   3.9245605e+01
   4.5210020e+06   3.5400391e+01
   4.5955640e+06   3.5217285e+01
   4.6107610e+06   3.9916992e+01
   4.6108740e+06   4.2541504e+01
   4.6112930e+06   3.9123535e+01
   4.6116330e+06   3.8574219e+01
   4.6125430e+06   9.5886230e+01
   4.6127390e+06   5.9143066e+01
   4.6129640e+06   6.0607910e+01
   4.6142330e+06   6.1096191e+01
   4.6147570e+06   4.2053223e+01
   4.6326890e+06   3.6621094e+01
   4.6374620e+06   4.4494629e+01
   4.6411430e+06   3.5034180e+01
   4.6429230e+06   3.8024902e+01
   4.6463340e+06   3.7536621e+01
   4.6826480e+06   3.7536621e+01
   4.6934240e+06   3.7963867e+01
   4.7703180e+06   4.0649414e+01
   4.8875980e+06   5.8776855e+01
   4.8877830e+06   3.5339355e+01
   4.8982920e+06   3.5583496e+01
   4.9941200e+06   4.3395996e+01
   5.0262960e+06   4.1381836e+01
   5.0270990e+06   4.1381836e+01
   5.0278090e+06   9.5886230e+01
   5.0279780e+06   4.9499512e+01
   5.0284930e+06   3.6621094e+01
   5.0287640e+06   4.1015625e+01
   5.0717250e+06   3.7963867e+01
   5.0745020e+06   3.7841797e+01
   5.0749020e+06   3.7597656e+01
   5.0927390e+06   5.0903320e+01
   5.1004370e+06   3.5583496e+01
   5.1177280e+06   3.7658691e+01
   5.1183050e+06   5.5664062e+01
   5.1184920e+06   3.8452148e+01
   5.1185910e+06   3.6804199e+01
   5.1186840e+06   3.5217285e+01
   5.1187020e+06   3.6804199e+01
   5.1208440e+06   8.4594727e+01
   5.1210770e+06   6.0729980e+01
   5.1212570e+06   3.8208008e+01
   5.1472980e+06   3.5644531e+01
   5.1664210e+06   3.5644531e+01
   5.2192750e+06   3.5522461e+01
   5.2251220e+06   3.8757324e+01
   5.2330710e+06   4.7912598e+01
   5.2333060e+06   3.5278320e+01
   5.2500620e+06   3.6193848e+01
   5.2571550e+06   3.7902832e+01
   5.3138540e+06   3.6071777e+01
   5.3156330e+06   3.5095215e+01
   5.4228330e+06   3.6193848e+01
   5.4351300e+06   6.0241699e+01
   5.4353830e+06   4.2968750e+01
   5.5387390e+06   3.6254883e+01
   5.5522720e+06   3.7170410e+01
   5.5526270e+06   4.3151855e+01
   5.5531330e+06   3.7963867e+01
   5.5537110e+06   3.7597656e+01
   5.5544000e+06   4.5837402e+01
   5.5544630e+06   4.6936035e+01
   5.5549640e+06   8.7707520e+01
   5.5551660e+06   8.0505371e+01
   5.5551780e+06   3.7475586e+01
   5.5554250e+06   5.1269531e+01
   5.5557530e+06   4.4555664e+01
   5.5561910e+06   4.2297363e+01
   5.5727860e+06   3.5278320e+01
   5.5985050e+06   4.0344238e+01
   5.5992370e+06   4.1381836e+01
   5.6002860e+06   5.9570312e+01
   5.6006510e+06   3.5705566e+01
   5.6540330e+06   3.7719727e+01
   5.6542840e+06   3.9550781e+01
   5.6751810e+06   3.5888672e+01
   5.6868050e+06   5.6152344e+01
   5.6870700e+06   4.3334961e+01
   5.6886460e+06   4.1015625e+01
   5.6892990e+06   3.5217285e+01
   5.8782830e+06   3.6560059e+01
   5.9012470e+06   4.6752930e+01
   5.9112650e+06   3.5705566e+01
   5.9228970e+06   3.5400391e+01
   5.9235260e+06   4.4372559e+01
   5.9237270e+06   3.6437988e+01
   5.9238660e+06   4.1076660e+01
   5.9239570e+06   3.6682129e+01
   5.9240480e+06   4.7668457e+01
   5.9242810e+06   4.0100098e+01
   5.9243890e+06   8.2458496e+01
   5.9246520e+06   6.5002441e+01
   5.9246930e+06   3.9794922e+01
   5.9248140e+06   4.5349121e+01
   5.9248870e+06   3.6254883e+01
   5.9250750e+06   4.2236328e+01
   5.9251130e+06   4.6569824e+01
   5.9251950e+06   4.4189453e+01
   5.9340170e+06   3.5339355e+01
   5.9394860e+06   4.3090820e+01
   5.9553470e+06   3.9184570e+01
   5.9603470e+06   3.9550781e+01
   5.9607900e+06   3.5095215e+01
   5.9612920e+06   3.6071777e+01
   5.9615400e+06   4.3273926e+01
   5.9622530e+06   3.5888672e+01
   6.0158480e+06   3.7109375e+01
   6.0440140e+06   3.5095215e+01
   6.0444870e+06   3.5278320e+01
   6.0536790e+06   3.5217285e+01
   6.2705150e+06   3.5339355e+01
   6.4283370e+06   3.7292480e+01
   6.4284300e+06   3.8085938e+01
   6.4286400e+06   3.6621094e+01
   6.4289570e+06   4.1198730e+01
   6.4289900e+06   4.2480469e+01
   6.4292300e+06   3.6071777e+01
   6.4292540e+06   3.5095215e+01
   6.4292780e+06   8.4289551e+01
   6.4293890e+06   4.4433594e+01
   6.4295550e+06   3.5461426e+01
   6.4295980e+06   3.7292480e+01
   6.4297180e+06   5.7128906e+01
   6.4298840e+06   5.1818848e+01
   6.4631230e+06   3.8146973e+01
   6.5596940e+06   3.5522461e+01
   6.7769470e+06   4.9499512e+01
   6.7772140e+06   3.7963867e+01
   6.7773160e+06   4.1320801e+01
   6.7775560e+06   4.9011230e+01
   6.7775730e+06   4.0771484e+01
   6.7776740e+06   4.1503906e+01
   6.7777590e+06   8.9172363e+01
   6.7779190e+06   4.7973633e+01
   6.7780560e+06   6.4697266e+01
   6.7780910e+06   4.3151855e+01
   6.7782260e+06   3.7475586e+01
   6.7782810e+06   3.5949707e+01
   6.7783110e+06   4.4189453e+01
   6.8130190e+06   3.6376953e+01
   6.8147290e+06   3.8024902e+01
   6.8150150e+06   3.5461426e+01
   6.8163630e+06   3.7048340e+01
   6.8164850e+06   4.8522949e+01
   6.8166010e+06   4.9621582e+01
   6.8166940e+06   3.8391113e+01
   6.8171470e+06   3.7902832e+01
   6.8525510e+06   3.6621094e+01
   6.8664070e+06   3.7475586e+01
   6.8667760e+06   3.7475586e+01
   6.8671180e+06   4.4433594e+01
   6.8675730e+06   3.9978027e+01
   7.0832640e+06   3.5156250e+01
   7.1636980e+06   4.2663574e+01
   7.1639530e+06   3.6315918e+01
   7.3435010e+06   4.1809082e+01
   7.5375300e+06   4.6508789e+01
   7.6028900e+06   4.2724609e+01
   7.6031270e+06   3.7048340e+01
   7.6043610e+06   4.0527344e+01
   7.6051000e+06   5.2734375e+01
   7.6051680e+06   3.6071777e+01
   7.6052380e+06   4.3701172e+01
   7.6052990e+06   8.4411621e+01
   7.6054520e+06   5.7189941e+01
   7.6055220e+06   6.2988281e+01
   7.6055660e+06   4.0649414e+01
   7.6057150e+06   5.0781250e+01
   7.6057340e+06   3.6254883e+01
   7.6262790e+06   5.1879883e+01
   7.6282940e+06   3.5766602e+01
   7.6421370e+06   3.5278320e+01
   7.6426400e+06   3.8146973e+01
   7.6427880e+06   4.1625977e+01
   7.6435170e+06   3.6865234e+01
   7.6437960e+06   4.2114258e+01
   7.6438410e+06   3.5400391e+01
   7.6439780e+06   3.6560059e+01
   7.6441890e+06   4.2419434e+01
   7.6443500e+06   3.5705566e+01
   7.6444270e+06   4.4860840e+01
   7.6445090e+06   3.9916992e+01
   7.6461390e+06   8.2580566e+01
   7.6702570e+06   3.5522461e+01
   7.6873020e+06   3.8696289e+01
   7.6879570e+06   3.7231445e+01
   7.6880190e+06   3.8269043e+01
   7.6888480e+06   3.5156250e+01
   7.6892600e+06   4.1625977e+01
   7.6896190e+06   3.5766602e+01
   7.6914640e+06   4.6081543e+01
   7.6991900e+06   3.7109375e+01
   7.9741530e+06   3.8269043e+01
   8.1206380e+06   3.5034180e+01
   8.2369340e+06   3.8574219e+01
   8.2399610e+06   3.8452148e+01
   8.2408800e+06   4.3701172e+01
   8.2411040e+06   3.7475586e+01
   8.2414330e+06   4.8706055e+01
   8.2414540e+06   4.9499512e+01
   8.2415250e+06   8.6425781e+01
   8.2416740e+06   8.0871582e+01
   8.2417350e+06   4.5959473e+01
   8.2418840e+06   6.5490723e+01
   8.2419570e+06   4.0954590e+01
   8.2419800e+06   5.9814453e+01
   8.2421780e+06   5.4260254e+01
   8.2425930e+06   5.6152344e+01
   8.2568640e+06   5.5847168e+01
   8.2638920e+06   3.5034180e+01
   8.2666360e+06   3.8635254e+01
   8.2849530e+06   3.8635254e+01
   8.2855470e+06   4.0588379e+01
   8.2856460e+06   3.8330078e+01
   8.2858410e+06   4.0649414e+01
   8.2859590e+06   3.6193848e+01
   8.2860880e+06   3.6315918e+01
   8.2863540e+06   4.1870117e+01
   8.2867780e+06   8.3374023e+01
   8.2868380e+06   3.7170410e+01
   8.2868630e+06   3.8879395e+01
   8.2870920e+06   6.7749023e+01
   8.2875950e+06   6.5795898e+01
   8.2879860e+06   5.8044434e+01
   8.3222590e+06   4.3884277e+01
   8.3226780e+06   4.7363281e+01
   8.3226900e+06   4.6386719e+01
   8.3233020e+06   4.1870117e+01
   8.3240140e+06   3.7231445e+01
   8.3240500e+06   4.4677734e+01
   8.3242880e+06   4.0161133e+01
   8.3248650e+06   3.8269043e+01
   8.3249120e+06   3.8940430e+01
   8.3255220e+06   3.8269043e+01
   8.3707680e+06   3.6071777e+01
   8.7331800e+06   3.5095215e+01
   8.8388510e+06   4.7607422e+01
   8.8391120e+06   4.7912598e+01
   8.8393190e+06   3.7048340e+01
   8.8394360e+06   3.5278320e+01
   8.8398650e+06   4.8767090e+01
   8.8401060e+06   3.5217285e+01
   8.8402280e+06   4.9865723e+01
   8.8402930e+06   9.2468262e+01
   8.8404390e+06   7.8002930e+01
   8.8405280e+06   8.4167480e+01
   8.8405630e+06   3.5278320e+01
   8.8406280e+06   3.5644531e+01
   8.8642380e+06   3.7902832e+01
   8.8645700e+06   3.5339355e+01
   8.8651700e+06   3.5217285e+01
   8.8657710e+06   3.8574219e+01
   8.8739360e+06   4.1992188e+01
   8.8780500e+06   4.0771484e+01
   8.8783190e+06   3.9978027e+01
   8.8791050e+06   4.3701172e+01
   8.8807100e+06   5.4382324e+01
   8.8809300e+06   3.7170410e+01
   8.8891550e+06   3.5949707e+01
   8.8918380e+06   3.8818359e+01
   8.9059270e+06   3.9672852e+01
   8.9192490e+06   3.7231445e+01
   8.9314560e+06   3.7963867e+01
