   8.9990000e+06   0.0000000e+00
   6.5644000e+04   4.2602539e+01
   6.6246000e+04   3.9733887e+01
   1.8122500e+05   3.8452148e+01
   1.9450000e+05   6.0974121e+01
   1.9493900e+05   5.2368164e+01
   1.9618400e+05   5.6518555e+01
   1.9718000e+05   3.7902832e+01
   1.9770200e+05   5.0964355e+01
   1.9800900e+05   3.7536621e+01
   2.1065000e+05   3.6376953e+01
   2.1077700e+05   3.6743164e+01
   2.1092400e+05   3.8818359e+01
   2.1191600e+05   5.2734375e+01
   2.1756400e+05   4.9499512e+01
   2.1806600e+05   4.4982910e+01
   2.1848400e+05   3.6437988e+01
   2.1933200e+05   4.5593262e+01
   2.1934300e+05   3.6376953e+01
   2.2026900e+05   3.7719727e+01
   2.2087300e+05   4.0527344e+01
   2.2162900e+05   3.7658691e+01
   2.2219800e+05   3.7292480e+01
   2.4071100e+05   5.0964355e+01
   2.4148600e+05   3.7658691e+01
   3.6429600e+05   5.4565430e+01
   3.6906000e+05   6.5979004e+01
   3.7028200e+05   5.8532715e+01
   3.7053300e+05   4.0649414e+01
   3.7129400e+05   5.0598145e+01
   3.7175900e+05   3.9001465e+01
   3.7273800e+05   3.6804199e+01
   5.4755800e+05   4.5104980e+01
   5.7205700e+05   3.6987305e+01
   5.7600100e+05   3.6376953e+01
   5.7694000e+05   7.7514648e+01
   5.7974500e+05   5.9692383e+01
   5.9240300e+05   4.0771484e+01
   6.0393600e+05   5.8654785e+01
   6.0496700e+05   4.7912598e+01
   6.1661800e+05   3.6804199e+01
   6.4852900e+05   3.6682129e+01
   6.4857800e+05   5.8532715e+01
   6.4882700e+05   4.6752930e+01
   6.4921500e+05   5.9387207e+01
   6.4943800e+05   4.0222168e+01
   6.4962200e+05   4.0649414e+01
   6.5061800e+05   4.1503906e+01
   6.5098500e+05   4.2114258e+01
   6.5126800e+05   4.1381836e+01
   6.5476300e+05   4.0222168e+01
   7.7460800e+05   4.7180176e+01
   7.7484600e+05   6.5124512e+01
   7.7542300e+05   3.8085938e+01
   7.7546900e+05   4.4250488e+01
   7.7642500e+05   5.9448242e+01
   7.7803500e+05   5.2734375e+01
   8.1272400e+05   3.9550781e+01
   8.3589600e+05   8.0261230e+01
   8.3612600e+05   4.8950195e+01
   8.4469600e+05   4.8095703e+01
   8.4704200e+05   5.1452637e+01
   8.9549000e+05   6.2011719e+01
   8.9569300e+05   4.4799805e+01
   8.9641800e+05   5.5603027e+01
   8.9715500e+05   5.1086426e+01
   8.9738700e+05   3.7963867e+01
   8.9822400e+05   4.1625977e+01
   8.9867400e+05   4.4738770e+01
   8.9934200e+05   4.2724609e+01
   9.0198600e+05   3.7841797e+01
   9.0260500e+05   4.0344238e+01
   9.0357200e+05   4.1259766e+01
   9.0518700e+05   3.9123535e+01
   9.1141300e+05   3.6682129e+01
   9.2283500e+05   4.8767090e+01
   9.6480000e+05   3.7170410e+01
   9.8328800e+05   5.7067871e+01
   9.8348100e+05   5.7434082e+01
   1.0027660e+06   6.0546875e+01
   1.0029540e+06   6.0485840e+01
   1.0034870e+06   4.0649414e+01
   1.0036470e+06   6.2805176e+01
   1.0066580e+06   4.8522949e+01
   1.0398410e+06   3.7658691e+01
   1.0427500e+06   4.2114258e+01
   1.0526080e+06   6.1767578e+01
   1.0527420e+06   4.8950195e+01
   1.0532420e+06   4.6264648e+01
   1.0535740e+06   4.0222168e+01
   1.0543980e+06   3.9184570e+01
   1.0553320e+06   4.0161133e+01
   1.0884870e+06   3.8330078e+01
   1.0895920e+06   4.8339844e+01
   1.1413650e+06   3.6437988e+01
   1.1440620e+06   3.8024902e+01
   1.1625500e+06   6.2622070e+01
   1.1690810e+06   6.1706543e+01
   1.1692750e+06   4.2602539e+01
   1.1821470e+06   5.4260254e+01
   1.1823620e+06   4.5104980e+01
   1.1828160e+06   3.8757324e+01
   1.1834020e+06   4.7546387e+01
   1.1850940e+06   3.7109375e+01
   1.2235990e+06   4.7912598e+01
   1.2881390e+06   6.1950684e+01
   1.2890050e+06   4.8950195e+01
   1.2892230e+06   5.1513672e+01
   1.2929850e+06   4.4860840e+01
   1.2939110e+06   6.7993164e+01
   1.2939650e+06   5.7373047e+01
   1.3036150e+06   5.7006836e+01
   1.3049100e+06   5.7678223e+01
   1.3069530e+06   5.7434082e+01
   1.3281030e+06   4.0405273e+01
   1.3295070e+06   3.6499023e+01
   1.3309600e+06   5.0415039e+01
   1.3312470e+06   7.1960449e+01
   1.3315630e+06   5.6030273e+01
   1.3324100e+06   5.0109863e+01
   1.3407840e+06   4.8095703e+01
   1.3411960e+06   4.2602539e+01
   1.3616580e+06   5.2734375e+01
   1.3621460e+06   4.9499512e+01
   1.3926150e+06   6.1584473e+01
   1.3929150e+06   4.6752930e+01
   1.3938190e+06   4.3273926e+01
   1.3940340e+06   3.7414551e+01
   1.3948350e+06   3.8696289e+01
   1.3988680e+06   4.5166016e+01
   1.3993500e+06   4.9560547e+01
   1.3995810e+06   3.7475586e+01
   1.4012890e+06   4.5837402e+01
   1.4016500e+06   4.6264648e+01
   1.4181460e+06   3.6315918e+01
   1.4366470e+06   3.9733887e+01
   1.4780230e+06   6.8664551e+01
   1.4781750e+06   5.1635742e+01
   1.4784580e+06   4.3884277e+01
   1.4792410e+06   4.0283203e+01
   1.4796220e+06   4.1015625e+01
   1.4803570e+06   3.8879395e+01
   1.4928890e+06   3.9184570e+01
   1.4963590e+06   3.9123535e+01
   1.4988290e+06   3.8024902e+01
   1.5079330e+06   5.1269531e+01
   1.5118520e+06   5.3894043e+01
   1.5127130e+06   5.4077148e+01
   1.5133010e+06   4.3334961e+01
   1.5351610e+06   3.6254883e+01
   1.5422340e+06   6.5246582e+01
   1.5424570e+06   4.0100098e+01
   1.5640600e+06   4.1381836e+01
   1.5751560e+06   6.0607910e+01
   1.5753970e+06   5.3283691e+01
   1.6057660e+06   3.9794922e+01
   1.6127060e+06   5.2062988e+01
   1.6249930e+06   7.0007324e+01
   1.6251640e+06   4.5227051e+01
   1.6271140e+06   4.5715332e+01
   1.6278520e+06   4.8339844e+01
   1.6281700e+06   3.6865234e+01
   1.6300100e+06   4.6386719e+01
   1.6306810e+06   4.6691895e+01
   1.6677660e+06   3.6621094e+01
   1.6791070e+06   6.1889648e+01
   1.6796030e+06   5.8532715e+01
   1.7017530e+06   5.6579590e+01
   1.7019980e+06   4.8522949e+01
   1.7246770e+06   7.2448730e+01
   1.7304440e+06   6.6162109e+01
   1.7306440e+06   3.6621094e+01
   1.7317870e+06   4.7851562e+01
   1.7320420e+06   4.3457031e+01
   1.7329650e+06   4.8339844e+01
   1.7351650e+06   3.8635254e+01
   1.7381340e+06   3.7475586e+01
   1.7391990e+06   3.8024902e+01
   1.7497500e+06   4.5959473e+01
   1.7723560e+06   3.7109375e+01
   1.7776870e+06   4.1137695e+01
   1.7787180e+06   6.1950684e+01
   1.7789930e+06   4.5959473e+01
   1.7792410e+06   4.5288086e+01
   1.7803340e+06   3.8513184e+01
   1.8132600e+06   3.7475586e+01
   1.8137600e+06   4.2114258e+01
   1.8429040e+06   6.2438965e+01
   1.8538290e+06   6.1828613e+01
   1.8540020e+06   4.2968750e+01
   1.8540200e+06   3.7414551e+01
   1.8670610e+06   3.6315918e+01
   1.8705430e+06   6.3171387e+01
   1.8706460e+06   4.2236328e+01
   1.8712310e+06   4.0649414e+01
   1.8720770e+06   4.2480469e+01
   1.8731930e+06   4.4616699e+01
   1.8926790e+06   4.6936035e+01
   1.9093370e+06   5.1635742e+01
   1.9095320e+06   5.1269531e+01
   1.9113920e+06   4.8950195e+01
   1.9421550e+06   3.8757324e+01
   1.9428580e+06   6.7382812e+01
   1.9441980e+06   4.0893555e+01
   1.9450870e+06   4.1748047e+01
   1.9453130e+06   4.5349121e+01
   1.9455430e+06   3.6376953e+01
   1.9462270e+06   4.3273926e+01
   1.9624250e+06   3.7292480e+01
   1.9769640e+06   6.4758301e+01
   1.9774890e+06   5.7189941e+01
   1.9974930e+06   5.8105469e+01
   1.9976670e+06   4.2724609e+01
   1.9980490e+06   4.5532227e+01
   1.9988880e+06   3.7353516e+01
   2.0362150e+06   5.8715820e+01
   2.0528030e+06   5.5358887e+01
   2.0599000e+06   6.3232422e+01
   2.0748390e+06   3.7109375e+01
   2.0866110e+06   6.8054199e+01
   2.0868270e+06   4.5288086e+01
   2.1085830e+06   5.6518555e+01
   2.1124650e+06   5.0476074e+01
   2.1272340e+06   3.6926270e+01
   2.1332180e+06   6.0058594e+01
   2.1334040e+06   4.8889160e+01
   2.1340150e+06   6.0607910e+01
   2.1413480e+06   3.6682129e+01
   2.1418210e+06   3.6926270e+01
   2.1431710e+06   3.6987305e+01
   2.1433740e+06   5.4931641e+01
   2.1440220e+06   6.3903809e+01
   2.1445910e+06   4.4799805e+01
   2.1463130e+06   4.1687012e+01
   2.1686270e+06   4.0893555e+01
   2.1878380e+06   6.5856934e+01
   2.1881960e+06   5.3710938e+01
   2.1886240e+06   4.2297363e+01
   2.1969860e+06   5.5664062e+01
   2.2090500e+06   5.3283691e+01
   2.2092080e+06   4.0161133e+01
   2.2092510e+06   4.0100098e+01
   2.2299760e+06   5.2917480e+01
   2.2303920e+06   5.0537109e+01
   2.2308030e+06   4.4921875e+01
   2.2312550e+06   4.1076660e+01
   2.2397540e+06   3.6560059e+01
   2.2604250e+06   7.1960449e+01
   2.2608780e+06   5.5847168e+01
   2.2610250e+06   3.8757324e+01
   2.2723970e+06   4.7485352e+01
   2.3082130e+06   4.6447754e+01
   2.3184930e+06   6.0668945e+01
   2.3186660e+06   4.7119141e+01
   2.3209680e+06   6.4514160e+01
   2.3211350e+06   4.2358398e+01
   2.3218880e+06   4.2419434e+01
   2.3229320e+06   5.1940918e+01
   2.3255150e+06   4.6813965e+01
   2.3260890e+06   4.0954590e+01
   2.3273200e+06   3.8391113e+01
   2.3364280e+06   4.4921875e+01
   2.3534650e+06   3.6437988e+01
   2.3597360e+06   6.6894531e+01
   2.3599150e+06   4.4006348e+01
   2.3603630e+06   3.8513184e+01
   2.3608810e+06   4.1564941e+01
   2.3615290e+06   5.0170898e+01
   2.3864510e+06   5.3833008e+01
   2.3900240e+06   4.0161133e+01
   2.3914080e+06   4.0100098e+01
   2.4101410e+06   6.0852051e+01
   2.4285050e+06   6.6101074e+01
   2.4292230e+06   3.6376953e+01
   2.4596780e+06   4.1259766e+01
   2.4603780e+06   6.0424805e+01
   2.4793040e+06   6.8603516e+01
   2.4800150e+06   5.4138184e+01
   2.4935320e+06   3.7231445e+01
   2.5387570e+06   6.2927246e+01
   2.5389070e+06   5.0903320e+01
   2.5390740e+06   3.7353516e+01
   2.5393490e+06   4.3212891e+01
   2.5438140e+06   5.5358887e+01
   2.5440120e+06   4.9194336e+01
   2.5443210e+06   3.8757324e+01
   2.5446020e+06   3.9978027e+01
   2.5884240e+06   6.5368652e+01
   2.5954250e+06   6.2805176e+01
   2.5956980e+06   4.7180176e+01
   2.6026720e+06   5.5786133e+01
   2.6028890e+06   4.0222168e+01
   2.6191100e+06   6.0974121e+01
   2.6192940e+06   4.0344238e+01
   2.6200960e+06   4.8217773e+01
   2.6233300e+06   3.8330078e+01
   2.6242400e+06   5.3100586e+01
   2.6251810e+06   4.8828125e+01
   2.6259250e+06   4.0283203e+01
   2.6271130e+06   3.8696289e+01
   2.6297750e+06   4.5532227e+01
   2.6323720e+06   3.7170410e+01
   2.6464470e+06   4.1992187e+01
   2.6464720e+06   3.6682129e+01
   2.6474960e+06   3.9245605e+01
   2.6747700e+06   3.8696289e+01
   2.6939260e+06   3.6254883e+01
   2.6994220e+06   5.7006836e+01
   2.6996320e+06   4.9255371e+01
   2.7062180e+06   6.1584473e+01
   2.7066460e+06   4.7973633e+01
   2.7152080e+06   5.3771973e+01
   2.7153780e+06   5.4077148e+01
   2.7231880e+06   3.8574219e+01
   2.7278350e+06   6.4025879e+01
   2.7486100e+06   5.5664062e+01
   2.7487440e+06   4.2785645e+01
   2.7490410e+06   5.0048828e+01
   2.7621820e+06   3.8330078e+01
   2.7671880e+06   6.6162109e+01
   2.7824760e+06   5.3771973e+01
   2.7827910e+06   5.1452637e+01
   2.7830510e+06   4.5715332e+01
   2.8037970e+06   4.3029785e+01
   2.8117450e+06   5.8349609e+01
   2.8119660e+06   5.0109863e+01
   2.8123780e+06   5.2978516e+01
   2.8373780e+06   6.1889648e+01
   2.8376790e+06   4.8278809e+01
   2.8880640e+06   6.1401367e+01
   2.8882280e+06   3.9428711e+01
   2.9139150e+06   6.1828613e+01
   2.9192740e+06   3.8024902e+01
   2.9332890e+06   3.6315918e+01
   2.9334550e+06   6.2072754e+01
   2.9339780e+06   5.6274414e+01
   2.9342740e+06   4.7546387e+01
   2.9346380e+06   3.7719727e+01
   2.9352560e+06   4.7790527e+01
   2.9506000e+06   6.2622070e+01
   2.9507330e+06   4.0649414e+01
   2.9517870e+06   4.2663574e+01
   2.9532470e+06   4.6081543e+01
   2.9538090e+06   4.0222168e+01
   2.9589400e+06   3.8269043e+01
   2.9593460e+06   3.6560059e+01
   3.0220700e+06   3.7292480e+01
   3.0369510e+06   4.0649414e+01
   3.0418190e+06   6.1950684e+01
   3.0419790e+06   5.0537109e+01
   3.0422740e+06   4.1931152e+01
   3.0424880e+06   4.1992188e+01
   3.0743850e+06   5.4565430e+01
   3.0745670e+06   4.8217773e+01
   3.0748250e+06   4.0710449e+01
   3.0795930e+06   3.8146973e+01
   3.0946070e+06   6.1584473e+01
   3.0948120e+06   4.6875000e+01
   3.1011320e+06   5.7617188e+01
   3.1012820e+06   3.9245605e+01
   3.1014820e+06   3.7780762e+01
   3.1364720e+06   5.2246094e+01
   3.1367410e+06   5.7373047e+01
   3.1374100e+06   4.6630859e+01
   3.1378470e+06   3.9306641e+01
   3.1712780e+06   3.7231445e+01
   3.1737860e+06   6.1401367e+01
   3.1739870e+06   4.8217773e+01
   3.1745560e+06   5.8532715e+01
   3.2116600e+06   3.6499023e+01
   3.2142290e+06   6.6223145e+01
   3.2143940e+06   4.1320801e+01
   3.2230130e+06   5.5969238e+01
   3.2396490e+06   5.1757812e+01
   3.2397960e+06   3.6682129e+01
   3.2400560e+06   4.0222168e+01
   3.2406310e+06   4.8095703e+01
   3.2408420e+06   3.8696289e+01
   3.2412040e+06   3.8879395e+01
   3.2422330e+06   3.6987305e+01
   3.2428710e+06   4.0283203e+01
   3.2443220e+06   3.7658691e+01
   3.2446230e+06   3.9306641e+01
   3.2454090e+06   4.4555664e+01
   3.2462170e+06   4.4006348e+01
   3.2511080e+06   3.9001465e+01
   3.2617040e+06   3.9672852e+01
   3.2946920e+06   5.3527832e+01
   3.2948770e+06   4.4982910e+01
   3.2956560e+06   4.9987793e+01
   3.3161470e+06   5.4260254e+01
   3.3163550e+06   5.1757812e+01
   3.3165370e+06   3.8879395e+01
   3.3451630e+06   3.8574219e+01
   3.3766140e+06   4.3823242e+01
   3.4115690e+06   5.4931641e+01
   3.4264500e+06   3.7170410e+01
   3.4268260e+06   3.6682129e+01
   3.4584610e+06   5.9692383e+01
   3.4620160e+06   3.7353516e+01
   3.4723020e+06   5.9082031e+01
   3.4725420e+06   5.5664062e+01
   3.5116640e+06   3.8818359e+01
   3.5246410e+06   6.4575195e+01
   3.5247950e+06   4.7058105e+01
   3.5250760e+06   4.0771484e+01
   3.5273640e+06   4.9804688e+01
   3.5548180e+06   4.8461914e+01
   3.5549860e+06   4.8339844e+01
   3.5551900e+06   4.7302246e+01
   3.6165500e+06   5.6213379e+01
   3.6175020e+06   5.3710938e+01
   3.6177080e+06   3.8452148e+01
   3.6180490e+06   4.9621582e+01
   3.6189540e+06   4.6691895e+01
   3.6194580e+06   4.3395996e+01
   3.6199560e+06   3.7475586e+01
   3.6234150e+06   4.2358398e+01
   3.6243270e+06   3.9978027e+01
   3.6256030e+06   3.6376953e+01
   3.6348270e+06   3.9001465e+01
   3.6694670e+06   3.6315918e+01
   3.6704070e+06   3.6926270e+01
   3.6706410e+06   3.6804199e+01
   3.6820970e+06   5.9020996e+01
   3.6823030e+06   5.3588867e+01
   3.7250710e+06   6.8420410e+01
   3.7356060e+06   6.3049316e+01
   3.7358070e+06   4.8217773e+01
   3.7361710e+06   5.4748535e+01
   3.7368560e+06   4.9560547e+01
   3.8007150e+06   7.0068359e+01
   3.8009140e+06   4.6264648e+01
   3.8054970e+06   5.0842285e+01
   3.8146190e+06   4.8156738e+01
   3.8149520e+06   3.6987305e+01
   3.8329380e+06   6.4819336e+01
   3.8331740e+06   5.0537109e+01
   3.8334520e+06   4.4982910e+01
   3.9090100e+06   6.3293457e+01
   3.9091780e+06   5.6762695e+01
   3.9093400e+06   4.1870117e+01
   3.9106750e+06   4.5898438e+01
   3.9118410e+06   4.4067383e+01
   3.9884890e+06   6.1523438e+01
   3.9886300e+06   4.9682617e+01
   4.0704520e+06   3.7292480e+01
   4.1394690e+06   7.0068359e+01
   4.1397090e+06   5.7067871e+01
   4.1761090e+06   4.5166016e+01
   4.1981620e+06   3.7353516e+01
   4.2004290e+06   3.9062500e+01
   4.2004810e+06   4.1564941e+01
   4.2032970e+06   6.0852051e+01
   4.2052400e+06   5.2429199e+01
   4.2055560e+06   4.7363281e+01
   4.2123430e+06   6.2622070e+01
   4.2326780e+06   4.2358398e+01
   4.2677780e+06   4.0405273e+01
   4.4144780e+06   4.3884277e+01
   4.4619520e+06   4.2602539e+01
   4.5417420e+06   3.8940430e+01
   4.5519220e+06   3.8391113e+01
   4.6090160e+06   3.8391113e+01
   4.6144460e+06   5.7678223e+01
   4.6216950e+06   6.5429688e+01
   4.6218920e+06   5.1818848e+01
   4.6223310e+06   4.1809082e+01
   4.6243110e+06   4.8217773e+01
   4.6312830e+06   5.6213379e+01
   4.6358460e+06   3.6865234e+01
   4.6398210e+06   3.8513184e+01
   4.7737980e+06   6.5612793e+01
   4.8474500e+06   3.6499023e+01
   4.8976270e+06   3.7658691e+01
   5.0247470e+06   3.8330078e+01
   5.0255410e+06   3.6376953e+01
   5.0258840e+06   4.1625977e+01
   5.0265800e+06   4.1870117e+01
   5.0820810e+06   3.6682129e+01
   5.1167570e+06   3.6376953e+01
   5.1181590e+06   8.4899902e+01
   5.1185160e+06   3.6621094e+01
   5.1186120e+06   3.6254883e+01
   5.1186770e+06   4.2175293e+01
   5.1190930e+06   3.8696289e+01
   5.2368590e+06   7.2998047e+01
   5.2370790e+06   5.4504395e+01
   5.2374660e+06   5.6274414e+01
   5.2377660e+06   4.6997070e+01
   5.3229370e+06   3.6804199e+01
   5.3754920e+06   3.8330078e+01
   5.4374830e+06   3.7475586e+01
   5.4378420e+06   4.4738770e+01
   5.5533370e+06   4.6752930e+01
   5.6540240e+06   4.3945312e+01
   5.6888350e+06   3.9062500e+01
   5.6893780e+06   4.0771484e+01
   5.9226460e+06   3.7292480e+01
   5.9230610e+06   4.0771484e+01
   5.9373510e+06   6.9152832e+01
   5.9374590e+06   4.4738770e+01
   5.9375850e+06   3.8757324e+01
   5.9379240e+06   5.6152344e+01
   5.9382980e+06   4.8095703e+01
   5.9385940e+06   5.1879883e+01
   5.9389130e+06   4.3640137e+01
   5.9394610e+06   4.6569824e+01
   5.9400360e+06   4.3273926e+01
   5.9412350e+06   3.7109375e+01
   5.9416260e+06   3.8574219e+01
   5.9431230e+06   3.7231445e+01
   5.9437440e+06   4.8339844e+01
   5.9461750e+06   3.6499023e+01
   5.9582710e+06   4.4067383e+01
   5.9587270e+06   3.7109375e+01
   5.9873360e+06   3.6804199e+01
   6.0492870e+06   3.9245605e+01
   6.1836090e+06   3.6865234e+01
   6.2953250e+06   3.9550781e+01
   6.4262100e+06   3.7170410e+01
   6.4280640e+06   5.2429199e+01
   6.4286370e+06   4.9560547e+01
   6.4287450e+06   6.0607910e+01
   6.4299580e+06   6.8176270e+01
   6.7767270e+06   4.1931152e+01
   6.7767900e+06   3.7719727e+01
   6.7789890e+06   6.3049316e+01
   6.8147930e+06   5.5175781e+01
   6.8573510e+06   3.6437988e+01
   6.8672210e+06   3.6499023e+01
   6.8677250e+06   3.8757324e+01
   6.9734750e+06   3.8208008e+01
   7.0371560e+06   3.6254883e+01
   7.0710850e+06   3.7231445e+01
   7.1611100e+06   3.6499023e+01
   7.5739900e+06   4.4372559e+01
   7.6023710e+06   7.3181152e+01
   7.6047480e+06   4.4738770e+01
   7.6246100e+06   6.8359375e+01
   7.6247330e+06   4.1809082e+01
   7.6249090e+06   4.7302246e+01
   7.6251200e+06   4.0954590e+01
   7.6253090e+06   4.5532227e+01
   7.6255580e+06   4.0649414e+01
   7.6258890e+06   4.2419434e+01
   7.6262960e+06   4.3579102e+01
   7.6268150e+06   3.7475586e+01
   7.6272020e+06   4.8217773e+01
   7.6281500e+06   4.1076660e+01
   7.6290040e+06   4.2724609e+01
   7.6435130e+06   4.4250488e+01
   7.6435330e+06   4.2663574e+01
   7.6437450e+06   3.6926270e+01
   7.6667460e+06   5.2124023e+01
   7.6673740e+06   3.6254883e+01
   7.6801850e+06   4.2297363e+01
   7.6856830e+06   3.6254883e+01
   7.6903750e+06   4.1198730e+01
   7.6937950e+06   3.8940430e+01
   7.8568820e+06   3.9001465e+01
   8.2373590e+06   3.9184570e+01
   8.2395330e+06   4.7546387e+01
   8.2552950e+06   7.9589844e+01
   8.2555040e+06   4.4799805e+01
   8.2558890e+06   5.4870605e+01
   8.2568100e+06   5.5603027e+01
   8.2573190e+06   3.6376953e+01
   8.2576340e+06   3.7414551e+01
   8.2583120e+06   4.1931152e+01
   8.2585910e+06   3.9062500e+01
   8.2617410e+06   4.3640137e+01
   8.2625180e+06   3.7902832e+01
   8.2848160e+06   5.8593750e+01
   8.2848640e+06   3.8818359e+01
   8.2854710e+06   3.6743164e+01
   8.2855800e+06   3.8879395e+01
   8.3225360e+06   4.4677734e+01
   8.3235580e+06   3.6499023e+01
   8.3690420e+06   4.8828125e+01
   8.7127290e+06   3.8330078e+01
   8.8312460e+06   3.6865234e+01
   8.8383480e+06   3.7475586e+01
   8.8393260e+06   4.5349121e+01
   8.8395080e+06   4.1076660e+01
   8.8397810e+06   4.2297363e+01
   8.8407320e+06   6.2622070e+01
   8.8414950e+06   5.5236816e+01
   8.8627970e+06   3.6376953e+01
   8.8631160e+06   4.8583984e+01
   8.8756560e+06   3.6926270e+01
   8.8775890e+06   4.2175293e+01
   8.8857060e+06   6.1584473e+01
   8.8860300e+06   4.9499512e+01
   8.8865510e+06   5.2062988e+01
   8.8866980e+06   4.3640137e+01
   8.8875800e+06   3.8879395e+01
   8.8878870e+06   4.6508789e+01
