   8.9990000e+06   0.0000000e+00
   5.5690000e+04   4.0039062e+01
   6.2900000e+04   3.8879395e+01
   1.1154900e+05   4.4982910e+01
   1.9020900e+05   4.2846680e+01
   1.9715100e+05   4.5654297e+01
   1.9742500e+05   4.0710449e+01
   4.6183000e+05   4.3640137e+01
   4.9860000e+05   3.8696289e+01
   5.4646900e+05   4.3029785e+01
   5.4856500e+05   4.6386719e+01
   6.0123900e+05   4.5654297e+01
   6.0361500e+05   3.8452148e+01
   6.0674200e+05   4.9682617e+01
   6.0735100e+05   4.3640137e+01
   6.5333600e+05   3.8757324e+01
   7.7468700e+05   7.0800781e+01
   7.7489200e+05   4.0649414e+01
   8.2886900e+05   3.8940430e+01
   8.5498700e+05   3.9123535e+01
   1.0021790e+06   5.3466797e+01
   1.0474310e+06   5.0842285e+01
   1.0490840e+06   4.9011230e+01
   1.0699970e+06   3.7963867e+01
   1.1404860e+06   3.9855957e+01
   1.2860520e+06   4.8950195e+01
   1.2939950e+06   4.7302246e+01
   1.3153680e+06   4.0039062e+01
   1.3357000e+06   4.7485352e+01
   1.3979880e+06   4.0100098e+01
   1.4602620e+06   4.3273926e+01
   1.5008660e+06   3.9062500e+01
   1.5080910e+06   4.8400879e+01
   1.5885650e+06   4.1931152e+01
   1.6080760e+06   3.8146973e+01
   1.6717380e+06   3.8513184e+01
   1.7500590e+06   4.9316406e+01
   1.7504130e+06   3.8146973e+01
   1.8041140e+06   3.8085938e+01
   1.8735050e+06   4.2541504e+01
   1.9525780e+06   3.7902832e+01
   1.9621740e+06   3.8879395e+01
   2.0854780e+06   4.0954590e+01
   2.1140040e+06   3.9062500e+01
   2.1305130e+06   4.1503906e+01
   2.1369120e+06   3.8024902e+01
   2.1687880e+06   3.9978027e+01
   2.1730170e+06   3.8696289e+01
   2.2525820e+06   3.8146973e+01
   2.3365120e+06   3.9672852e+01
   2.3599660e+06   3.7902832e+01
   2.3972790e+06   5.1086426e+01
   2.3976020e+06   3.9672852e+01
   2.4232560e+06   3.9367676e+01
   2.4393840e+06   3.8940430e+01
   2.4847750e+06   3.9672852e+01
   2.5072950e+06   3.9184570e+01
   2.6198710e+06   3.8635254e+01
   2.6647110e+06   3.9184570e+01
   2.6752950e+06   4.0527344e+01
   2.9069250e+06   3.9978027e+01
   2.9326270e+06   5.5603027e+01
   2.9522180e+06   3.9306641e+01
   3.0206440e+06   3.9123535e+01
   3.2612790e+06   4.7119141e+01
   3.4318460e+06   4.1076660e+01
   3.4321250e+06   3.9550781e+01
   3.4342940e+06   4.0283203e+01
   3.4664950e+06   4.0954590e+01
   3.4997670e+06   3.9123535e+01
   3.5082880e+06   3.8024902e+01
   3.5305750e+06   3.8879395e+01
   3.5793290e+06   4.0161133e+01
   3.6509250e+06   4.0893555e+01
   3.6870920e+06   4.2236328e+01
   3.6873280e+06   3.8513184e+01
   3.7968440e+06   3.9184570e+01
   3.8572770e+06   3.8391113e+01
   3.9800970e+06   4.0893555e+01
   4.1997050e+06   3.8574219e+01
   4.2002110e+06   4.7790527e+01
   4.2004620e+06   4.3823242e+01
   4.2249530e+06   4.0222168e+01
   4.2556950e+06   4.1931152e+01
   4.2860390e+06   3.8024902e+01
   4.3900980e+06   4.0649414e+01
   4.4719300e+06   3.8635254e+01
   4.4757900e+06   3.9306641e+01
   4.5354840e+06   3.8635254e+01
   4.5804790e+06   3.8330078e+01
   4.6036250e+06   4.1015625e+01
   4.7124770e+06   3.9367676e+01
   4.7265390e+06   3.8757324e+01
   4.7586400e+06   3.9367676e+01
   4.8397850e+06   3.8879395e+01
   4.9063140e+06   3.8146973e+01
   4.9456430e+06   3.9428711e+01
   4.9515590e+06   3.9611816e+01
   4.9997520e+06   3.8757324e+01
   5.1044350e+06   3.9245605e+01
   5.1425390e+06   4.0649414e+01
   5.1592490e+06   3.9978027e+01
   5.1821470e+06   3.9123535e+01
   5.4362040e+06   4.1564941e+01
   5.4684650e+06   3.9978027e+01
   5.5869290e+06   3.9245605e+01
   5.5973920e+06   3.8513184e+01
   5.6354550e+06   3.9245605e+01
   5.6421270e+06   3.8452148e+01
   5.8864720e+06   3.7902832e+01
   5.9572070e+06   4.7302246e+01
   5.9574550e+06   3.9978027e+01
   6.0385410e+06   3.8269043e+01
   6.0953920e+06   3.7963867e+01
   6.2509060e+06   4.0283203e+01
   6.3785310e+06   4.1442871e+01
   6.3871800e+06   3.8452148e+01
   6.4042450e+06   3.8757324e+01
   6.4574540e+06   4.5959473e+01
   6.4598610e+06   3.8818359e+01
   6.5845820e+06   4.1931152e+01
   6.6396500e+06   4.3640137e+01
   6.6591720e+06   4.0710449e+01
   6.6914120e+06   3.9672852e+01
   6.7157230e+06   3.9306641e+01
   6.7768980e+06   5.1147461e+01
   6.8355910e+06   3.8452148e+01
   6.8666890e+06   5.2795410e+01
   6.8673630e+06   3.9855957e+01
   6.9650770e+06   4.3640137e+01
   6.9806120e+06   4.2236328e+01
   7.2080740e+06   3.8085938e+01
   7.2355120e+06   3.8330078e+01
   7.3556930e+06   4.3395996e+01
   7.4517090e+06   3.9001465e+01
   7.5935490e+06   3.9489746e+01
   7.6031480e+06   3.9184570e+01
   7.6421280e+06   4.0100098e+01
   7.6440880e+06   5.1940918e+01
   7.6443450e+06   4.2663574e+01
   7.6672630e+06   4.6813965e+01
   7.7308470e+06   3.9428711e+01
   7.7313880e+06   3.8696289e+01
   7.7734930e+06   3.9123535e+01
   7.8237030e+06   3.8635254e+01
   7.8874890e+06   4.0893555e+01
   7.9745000e+06   4.3151855e+01
   8.0481200e+06   3.8818359e+01
   8.2859350e+06   3.9611816e+01
   8.3046860e+06   4.6752930e+01
   8.3207410e+06   4.1442871e+01
   8.3231610e+06   4.0100098e+01
   8.3235120e+06   4.1015625e+01
   8.4035220e+06   3.8452148e+01
   8.4076950e+06   3.8391113e+01
   8.4941430e+06   3.9428711e+01
   8.6549220e+06   3.8940430e+01
   8.6721530e+06   3.9001465e+01
   8.6921790e+06   4.0466309e+01
   8.7387030e+06   3.8879395e+01
   8.7687340e+06   4.0039063e+01
   8.8086340e+06   3.9184570e+01
   8.8271560e+06   3.8940430e+01
   8.8623340e+06   5.1208496e+01
   8.8625930e+06   4.1442871e+01
