   8.9990000e+06   0.0000000e+00
   7.9530000e+03   3.9428711e+01
   3.2011000e+04   3.6987305e+01
   3.2612000e+04   4.1137695e+01
   7.4699000e+04   4.0710449e+01
   9.6940000e+04   3.9306641e+01
   9.9541000e+04   3.7414551e+01
   1.0788500e+05   4.0222168e+01
   1.3842900e+05   3.8391113e+01
   1.5110000e+05   4.2846680e+01
   1.9842600e+05   4.0161133e+01
   1.9879900e+05   3.9978027e+01
   2.0736000e+05   3.6682129e+01
   2.4142300e+05   5.7800293e+01
   2.4197600e+05   4.4555664e+01
   2.7634500e+05   4.0588379e+01
   4.4948500e+05   3.6926270e+01
   4.5720300e+05   3.6865234e+01
   4.7140800e+05   4.3395996e+01
   4.8961300e+05   3.9550781e+01
   5.0673300e+05   4.0710449e+01
   5.4917100e+05   3.8696289e+01
   5.4931800e+05   4.8706055e+01
   5.4997900e+05   5.3894043e+01
   5.5054500e+05   5.1452637e+01
   5.5109500e+05   8.1542969e+01
   5.5175900e+05   6.4575195e+01
   5.5707900e+05   3.7963867e+01
   5.9360600e+05   4.0893555e+01
   6.0796100e+05   3.8513184e+01
   6.0841500e+05   5.8044434e+01
   6.1027200e+05   5.1818848e+01
   6.6354000e+05   4.5166016e+01
   6.9769800e+05   4.1687012e+01
   7.1413500e+05   3.7780762e+01
   7.5904200e+05   3.9001465e+01
   7.7131200e+05   3.7292480e+01
   7.7589300e+05   8.0200195e+01
   7.7616200e+05   4.7851563e+01
   7.7620200e+05   5.3466797e+01
   7.7666100e+05   5.2917480e+01
   7.7734000e+05   4.5227051e+01
   7.8306200e+05   3.9184570e+01
   8.3537200e+05   3.8879395e+01
   9.6498800e+05   3.7414551e+01
   9.8652200e+05   3.7658691e+01
   1.0008520e+06   3.6926270e+01
   1.0039940e+06   7.2631836e+01
   1.0042340e+06   8.0322266e+01
   1.0045410e+06   4.8278809e+01
   1.0475300e+06   1.0107422e+02
   1.0478870e+06   1.0565186e+02
   1.0479600e+06   3.6804199e+01
   1.0531470e+06   3.7536621e+01
   1.1164400e+06   3.8391113e+01
   1.1492910e+06   3.8635254e+01
   1.2310270e+06   3.9428711e+01
   1.2927420e+06   1.0552979e+02
   1.2947710e+06   8.4838867e+01
   1.2948380e+06   4.8706055e+01
   1.2950020e+06   4.4921875e+01
   1.2951300e+06   5.5908203e+01
   1.2962830e+06   4.1381836e+01
   1.2964940e+06   4.3395996e+01
   1.3357000e+06   4.1992188e+01
   1.3412870e+06   3.6926270e+01
   1.4195020e+06   3.7109375e+01
   1.4272190e+06   3.9062500e+01
   1.4658200e+06   3.9001465e+01
   1.5069360e+06   1.0424805e+02
   1.5107070e+06   7.3852539e+01
   1.5109590e+06   4.4555664e+01
   1.5118000e+06   5.6335449e+01
   1.5124100e+06   3.7170410e+01
   1.6076100e+06   3.9001465e+01
   1.6351200e+06   4.0405273e+01
   1.6634160e+06   3.7963867e+01
   1.6879530e+06   3.8757324e+01
   1.7104640e+06   3.8696289e+01
   1.7416490e+06   3.8085938e+01
   1.7500520e+06   1.0382080e+02
   1.7502460e+06   8.9355469e+01
   1.7504470e+06   6.7077637e+01
   1.7505770e+06   4.1564941e+01
   1.7507750e+06   3.8269043e+01
   1.7512730e+06   5.0598145e+01
   1.7518130e+06   6.4147949e+01
   1.7521560e+06   4.8583984e+01
   1.7526330e+06   4.9743652e+01
   1.7535600e+06   4.7851562e+01
   1.7537110e+06   6.7993164e+01
   1.7541090e+06   3.8635254e+01
   1.7544150e+06   3.8696289e+01
   1.7553280e+06   4.2053223e+01
   1.7902020e+06   3.7170410e+01
   1.8190190e+06   3.6804199e+01
   1.9557070e+06   3.6926270e+01
   1.9701810e+06   3.7231445e+01
   1.9744140e+06   3.9367676e+01
   1.9983600e+06   3.7109375e+01
   2.0539960e+06   3.7170410e+01
   2.0686300e+06   3.7902832e+01
   2.0822080e+06   4.6325684e+01
   2.0837700e+06   5.9020996e+01
   2.1157270e+06   4.0954590e+01
   2.1254350e+06   3.7658691e+01
   2.1345940e+06   9.7656250e+01
   2.1351040e+06   8.8256836e+01
   2.1355230e+06   8.1054688e+01
   2.1357030e+06   5.1757812e+01
   2.1649950e+06   3.8208008e+01
   2.1737510e+06   4.8278809e+01
   2.1743390e+06   5.8837891e+01
   2.1749990e+06   4.7973633e+01
   2.1756650e+06   8.1604004e+01
   2.1758380e+06   3.6743164e+01
   2.1925190e+06   3.8208008e+01
   2.2117700e+06   3.8208008e+01
   2.2361490e+06   3.8208008e+01
   2.2538660e+06   3.8024902e+01
   2.2743600e+06   3.7536621e+01
   2.2886630e+06   3.8208008e+01
   2.3095090e+06   3.8269043e+01
   2.3164960e+06   4.1503906e+01
   2.3373800e+06   5.2490234e+01
   2.3375290e+06   1.0382080e+02
   2.3377120e+06   5.6274414e+01
   2.3379000e+06   7.5805664e+01
   2.3379810e+06   1.0705566e+02
   2.3381190e+06   4.8217773e+01
   2.3381770e+06   4.1748047e+01
   2.3384170e+06   8.6120605e+01
   2.3385920e+06   4.3395996e+01
   2.3386130e+06   5.2124023e+01
   2.3387780e+06   3.6682129e+01
   2.3389530e+06   3.9306641e+01
   2.3601180e+06   4.2297363e+01
   2.3635180e+06   3.7292480e+01
   2.3722060e+06   3.6987305e+01
   2.4257310e+06   3.8391113e+01
   2.4429900e+06   4.0710449e+01
   2.4803400e+06   6.7016602e+01
   2.4808010e+06   5.3771973e+01
   2.5351880e+06   3.7048340e+01
   2.5395870e+06   4.0588379e+01
   2.6211840e+06   3.7597656e+01
   2.6217400e+06   3.9001465e+01
   2.6218080e+06   6.6467285e+01
   2.6218370e+06   5.3649902e+01
   2.6219720e+06   3.8818359e+01
   2.6221100e+06   4.5471191e+01
   2.6223270e+06   3.7902832e+01
   2.6223780e+06   4.7729492e+01
   2.6240630e+06   4.4067383e+01
   2.6324850e+06   5.3588867e+01
   2.6335670e+06   5.3344727e+01
   2.6341060e+06   4.2785645e+01
   2.6612080e+06   3.7170410e+01
   2.6716010e+06   3.7170410e+01
   2.7506550e+06   4.2968750e+01
   2.7565040e+06   3.6682129e+01
   2.8136870e+06   3.8513184e+01
   2.8510500e+06   3.7231445e+01
   2.9102480e+06   3.7536621e+01
   2.9349660e+06   5.7373047e+01
   2.9352570e+06   3.9550781e+01
   2.9353880e+06   5.8837891e+01
   2.9356030e+06   7.5622559e+01
   2.9359060e+06   3.6987305e+01
   2.9371630e+06   3.9123535e+01
   2.9652660e+06   1.0681152e+02
   2.9654580e+06   9.5153809e+01
   2.9655950e+06   5.5541992e+01
   2.9658780e+06   4.6203613e+01
   2.9667490e+06   3.9306641e+01
   2.9674430e+06   3.8391113e+01
   2.9696170e+06   4.5166016e+01
   2.9699840e+06   4.7424316e+01
   2.9701280e+06   3.6926270e+01
   2.9729300e+06   6.9030762e+01
   2.9795610e+06   3.9245605e+01
   2.9802980e+06   5.0170898e+01
   3.0030990e+06   3.7231445e+01
   3.1553750e+06   3.7597656e+01
   3.1610690e+06   3.6743164e+01
   3.1774860e+06   3.7841797e+01
   3.1862160e+06   3.7414551e+01
   3.2112910e+06   3.7109375e+01
   3.2545280e+06   3.7719727e+01
   3.2624410e+06   1.0852051e+02
   3.2626680e+06   1.0687256e+02
   3.2628060e+06   6.7382812e+01
   3.2629310e+06   3.7353516e+01
   3.2648350e+06   3.7170410e+01
   3.2664090e+06   5.1513672e+01
   3.2696750e+06   6.4086914e+01
   3.2996700e+06   4.9743652e+01
   3.3003930e+06   6.1401367e+01
   3.3011180e+06   4.7668457e+01
   3.3113560e+06   5.2978516e+01
   3.3437240e+06   3.7353516e+01
   3.4204560e+06   3.6926270e+01
   3.4321730e+06   3.8818359e+01
   3.4402500e+06   3.7048340e+01
   3.4561700e+06   3.6987305e+01
   3.4763720e+06   3.9123535e+01
   3.6072980e+06   5.1391602e+01
   3.6076790e+06   3.7536621e+01
   3.6079540e+06   3.8879395e+01
   3.6087700e+06   7.6599121e+01
   3.6353380e+06   6.1584473e+01
   3.6361970e+06   4.5410156e+01
   3.6362580e+06   1.1029053e+02
   3.6365880e+06   3.8452148e+01
   3.6369380e+06   5.0109863e+01
   3.6372140e+06   3.9306641e+01
   3.6372650e+06   6.1157227e+01
   3.6380260e+06   4.9743652e+01
   3.6383900e+06   5.5664063e+01
   3.8301600e+06   3.8024902e+01
   3.8652980e+06   3.9306641e+01
   3.9065540e+06   4.2175293e+01
   3.9320270e+06   3.7475586e+01
   3.9507780e+06   3.6987305e+01
   3.9982630e+06   3.8757324e+01
   4.0962210e+06   3.8513184e+01
   4.1136360e+06   4.1076660e+01
   4.1150740e+06   4.2907715e+01
   4.1156190e+06   4.9194336e+01
   4.1159940e+06   5.0964355e+01
   4.1162900e+06   3.7658691e+01
   4.1167500e+06   3.7536621e+01
   4.1323130e+06   3.6743164e+01
   4.1550260e+06   3.6743164e+01
   4.1567510e+06   3.8940430e+01
   4.1643740e+06   4.4128418e+01
   4.1784580e+06   3.7292480e+01
   4.1821580e+06   6.2377930e+01
   4.1988510e+06   1.0955811e+02
   4.1990330e+06   8.2031250e+01
   4.1991590e+06   6.1096191e+01
   4.1992780e+06   3.9062500e+01
   4.1995970e+06   4.1809082e+01
   4.2002840e+06   4.8522949e+01
   4.2007110e+06   6.1950684e+01
   4.2010140e+06   4.7546387e+01
   4.2010720e+06   3.8696289e+01
   4.2012890e+06   4.0832520e+01
   4.2014870e+06   4.2053223e+01
   4.2017370e+06   5.0720215e+01
   4.2018310e+06   4.8339844e+01
   4.2021770e+06   3.7109375e+01
   4.2023940e+06   3.7231445e+01
   4.2320730e+06   4.0039062e+01
   4.2338090e+06   5.1818848e+01
   4.2339390e+06   4.5227051e+01
   4.2341710e+06   5.1086426e+01
   4.2350910e+06   4.5104980e+01
   4.2354750e+06   7.1350098e+01
   4.3351080e+06   3.8269043e+01
   4.3431820e+06   3.7536621e+01
   4.3584600e+06   3.8818359e+01
   4.3931580e+06   3.8208008e+01
   4.5250030e+06   3.6987305e+01
   4.5678320e+06   4.0710449e+01
   4.5754640e+06   3.7048340e+01
   4.6085100e+06   1.0015869e+02
   4.6087440e+06   9.2346191e+01
   4.6089630e+06   8.1359863e+01
   4.6091140e+06   4.3518066e+01
   4.6093110e+06   3.8085938e+01
   4.6093880e+06   3.7597656e+01
   4.6098130e+06   3.7414551e+01
   4.6112630e+06   1.0296631e+02
   4.6113370e+06   5.8227539e+01
   4.6119620e+06   5.7800293e+01
   4.6124130e+06   4.6447754e+01
   4.6124970e+06   4.2907715e+01
   4.6406410e+06   4.5043945e+01
   4.6410380e+06   3.6865234e+01
   4.6416520e+06   5.0231934e+01
   4.6419500e+06   3.6804199e+01
   4.6444210e+06   6.6833496e+01
   4.7014930e+06   3.7048340e+01
   4.7323810e+06   3.8085938e+01
   4.7710350e+06   3.6865234e+01
   4.8105890e+06   3.6926270e+01
   4.8272240e+06   3.7353516e+01
   4.8385010e+06   3.9245605e+01
   5.0130610e+06   3.6743164e+01
   5.0221720e+06   1.1297607e+02
   5.0225320e+06   8.7097168e+01
   5.0226890e+06   6.4758301e+01
   5.0232940e+06   6.1096191e+01
   5.0251250e+06   4.4616699e+01
   5.0266610e+06   4.4860840e+01
   5.0272690e+06   5.6335449e+01
   5.0275860e+06   4.9926758e+01
   5.0280090e+06   4.2724609e+01
   5.0284580e+06   4.1015625e+01
   5.1183610e+06   4.2114258e+01
   5.1190950e+06   4.9316406e+01
   5.1192890e+06   7.5683594e+01
   5.1193140e+06   6.0546875e+01
   5.1195900e+06   4.4250488e+01
   5.1210670e+06   3.9489746e+01
   5.1494910e+06   1.1212158e+02
   5.1497220e+06   8.7707520e+01
   5.1498950e+06   6.6589355e+01
   5.1500390e+06   4.6569824e+01
   5.1505560e+06   5.1025391e+01
   5.1507290e+06   4.1931152e+01
   5.1902370e+06   5.0170898e+01
   5.1906210e+06   3.9733887e+01
   5.1908890e+06   3.7780762e+01
   5.1914650e+06   4.3151855e+01
   5.3237890e+06   4.2968750e+01
   5.3273920e+06   6.6650391e+01
   5.4946900e+06   3.7963867e+01
   5.5420170e+06   4.0466309e+01
   5.5540270e+06   5.1574707e+01
   5.5541450e+06   7.3547363e+01
   5.5542970e+06   4.4799805e+01
   5.5544650e+06   5.2124023e+01
   5.5545620e+06   4.1992188e+01
   5.5547790e+06   4.3029785e+01
   5.5552370e+06   3.9916992e+01
   5.5555250e+06   5.7861328e+01
   5.5782600e+06   3.8208008e+01
   5.5985680e+06   1.1437988e+02
   5.5991540e+06   9.4421387e+01
   5.5992960e+06   6.8603516e+01
   5.5994230e+06   4.9926758e+01
   5.6019160e+06   4.0405273e+01
   5.6025470e+06   3.9733887e+01
   5.6541510e+06   5.5908203e+01
   5.6543570e+06   5.9265137e+01
   5.6545200e+06   4.8767090e+01
   5.6547180e+06   4.1625977e+01
   5.6551840e+06   4.0161133e+01
   5.6556090e+06   3.9550781e+01
   5.6587840e+06   4.2724609e+01
   5.6766850e+06   3.9611816e+01
   5.6910900e+06   4.5959473e+01
   5.6930930e+06   4.9438477e+01
   5.6937120e+06   5.1330566e+01
   5.7539950e+06   3.6743164e+01
   5.7840280e+06   3.7597656e+01
   5.8398960e+06   3.8391113e+01
   5.9236090e+06   3.8269043e+01
   5.9243420e+06   5.8227539e+01
   5.9250050e+06   5.7434082e+01
   5.9554230e+06   1.0211182e+02
   5.9588970e+06   3.6926270e+01
   5.9592410e+06   3.6865234e+01
   5.9595090e+06   5.6579590e+01
   5.9598670e+06   8.0810547e+01
   5.9598910e+06   4.0588379e+01
   5.9600930e+06   3.7780762e+01
   5.9602160e+06   4.2663574e+01
   5.9606020e+06   3.7414551e+01
   5.9609160e+06   4.1503906e+01
   5.9725180e+06   3.7414551e+01
   6.0209220e+06   3.9794922e+01
   6.0699460e+06   3.7963867e+01
   6.1288010e+06   3.7902832e+01
   6.1699070e+06   3.8085938e+01
   6.2033980e+06   3.9062500e+01
   6.2088050e+06   3.9123535e+01
   6.2142650e+06   3.9916992e+01
   6.2587150e+06   3.8696289e+01
   6.3588080e+06   3.9123535e+01
   6.3957310e+06   3.9794922e+01
   6.4193660e+06   3.7353516e+01
   6.4288220e+06   3.7414551e+01
   6.4293290e+06   4.7424316e+01
   6.4293850e+06   5.3283691e+01
   6.4295490e+06   7.1289062e+01
   6.4299820e+06   4.4128418e+01
   6.4601250e+06   1.1419678e+02
   6.4603830e+06   9.1003418e+01
   6.4605430e+06   7.1899414e+01
   6.4606700e+06   4.1137695e+01
   6.4608390e+06   3.8024902e+01
   6.4610020e+06   3.8940430e+01
   6.4615540e+06   4.1870117e+01
   6.4617550e+06   3.7841797e+01
   6.4622790e+06   5.1696777e+01
   6.4626030e+06   3.9123535e+01
   6.4631450e+06   3.9733887e+01
   6.4660110e+06   3.9428711e+01
   6.4957260e+06   3.8818359e+01
   6.5308170e+06   3.7536621e+01
   6.5648520e+06   3.7292480e+01
   6.5985320e+06   4.0466309e+01
   6.6240320e+06   4.0100098e+01
   6.6621930e+06   4.3579102e+01
   6.6765140e+06   3.7231445e+01
   6.6910670e+06   3.6682129e+01
   6.7613760e+06   3.7170410e+01
   6.7708860e+06   3.7414551e+01
   6.7772420e+06   5.4748535e+01
   6.7772710e+06   6.3232422e+01
   6.7774880e+06   7.5439453e+01
   6.7775240e+06   3.9794922e+01
   6.7779770e+06   4.6264648e+01
   6.7782660e+06   4.5898438e+01
   6.7785350e+06   3.7231445e+01
   6.7789820e+06   3.7414551e+01
   6.8148300e+06   1.0345459e+02
   6.8150850e+06   9.6069336e+01
   6.8152180e+06   5.3222656e+01
   6.8153250e+06   5.6945801e+01
   6.8153510e+06   3.9733887e+01
   6.8155740e+06   9.2834473e+01
   6.8157920e+06   4.6875000e+01
   6.8159820e+06   4.1625977e+01
   6.8160680e+06   4.8339844e+01
   6.8162070e+06   3.9916992e+01
   6.8164360e+06   3.7841797e+01
   6.8165870e+06   4.4616699e+01
   6.8167800e+06   4.8645020e+01
   6.8170200e+06   4.3212891e+01
   6.8172250e+06   4.2236328e+01
   6.8173110e+06   3.7719727e+01
   6.8176540e+06   4.4799805e+01
   6.8662090e+06   4.1809082e+01
   6.8686750e+06   5.1391602e+01
   6.8694010e+06   5.5297852e+01
   6.8696720e+06   3.8146973e+01
   6.8739610e+06   6.7138672e+01
   6.9790380e+06   4.0100098e+01
   7.1992240e+06   3.9550781e+01
   7.2543190e+06   3.7109375e+01
   7.2620660e+06   3.7841797e+01
   7.2823190e+06   3.6743164e+01
   7.3244390e+06   3.7475586e+01
   7.3347600e+06   3.6804199e+01
   7.4415330e+06   4.1137695e+01
   7.5697390e+06   3.6682129e+01
   7.6046760e+06   5.2490234e+01
   7.6049980e+06   4.9926758e+01
   7.6051330e+06   7.8186035e+01
   7.6054170e+06   4.8461914e+01
   7.6057230e+06   5.5725098e+01
   7.6060980e+06   3.9978027e+01
   7.6421240e+06   1.1297607e+02
   7.6423630e+06   9.1796875e+01
   7.6425100e+06   6.1218262e+01
   7.6426620e+06   4.1076660e+01
   7.6428380e+06   4.6936035e+01
   7.6430590e+06   6.2561035e+01
   7.6432450e+06   4.5898438e+01
   7.6434390e+06   3.6804199e+01
   7.6436460e+06   3.8085938e+01
   7.6438900e+06   3.8391113e+01
   7.6440230e+06   5.8044434e+01
   7.6444490e+06   6.1218262e+01
   7.6445780e+06   6.0913086e+01
   7.6448070e+06   4.5043945e+01
   7.6449220e+06   4.9865723e+01
   7.6455890e+06   4.6508789e+01
   7.6684230e+06   3.7292480e+01
   7.6697970e+06   5.3894043e+01
   7.6706610e+06   4.6020508e+01
   7.6709910e+06   4.3334961e+01
   7.6718210e+06   7.3791504e+01
   7.6729360e+06   5.5664063e+01
   7.6895020e+06   3.7292480e+01
   7.6906550e+06   4.9377441e+01
   7.6910960e+06   3.9428711e+01
   7.6913200e+06   4.3945312e+01
   7.7571800e+06   3.7109375e+01
   7.7858040e+06   3.6926270e+01
   7.8165830e+06   4.0405273e+01
   7.8401220e+06   3.7414551e+01
   7.8757420e+06   3.9184570e+01
   7.8766880e+06   3.8513184e+01
   8.0233780e+06   3.7109375e+01
   8.0325170e+06   3.9367676e+01
   8.0385340e+06   3.7475586e+01
   8.0828760e+06   3.7231445e+01
   8.1240600e+06   3.7353516e+01
   8.1561970e+06   3.7658691e+01
   8.1646420e+06   4.2846680e+01
   8.2407750e+06   3.8146973e+01
   8.2621050e+06   3.8208008e+01
   8.2696350e+06   3.7231445e+01
   8.2854880e+06   3.7963867e+01
   8.2857250e+06   6.2011719e+01
   8.2857440e+06   5.4809570e+01
   8.2859630e+06   4.6203613e+01
   8.2860710e+06   6.3232422e+01
   8.2862440e+06   3.7353516e+01
   8.2863870e+06   3.7353516e+01
   8.2866800e+06   4.9255371e+01
   8.2872680e+06   4.1870117e+01
   8.3002860e+06   3.8879395e+01
   8.3174240e+06   3.9367676e+01
   8.3220230e+06   1.1529541e+02
   8.3224620e+06   1.2072754e+02
   8.3226850e+06   9.0393066e+01
   8.3241810e+06   5.1208496e+01
   8.3244020e+06   7.3852539e+01
   8.3246660e+06   5.3771973e+01
   8.3247140e+06   5.2856445e+01
   8.3249330e+06   3.9428711e+01
   8.3257180e+06   3.9367676e+01
   8.3457810e+06   3.8757324e+01
   8.3741560e+06   5.1147461e+01
   8.3783360e+06   4.0161133e+01
   8.4046740e+06   3.7170410e+01
   8.4472230e+06   3.7048340e+01
   8.4604550e+06   3.6987305e+01
   8.4618760e+06   3.7170410e+01
   8.5190450e+06   3.8391113e+01
   8.5194710e+06   3.8085938e+01
   8.5411750e+06   4.4250488e+01
   8.6076330e+06   3.7109375e+01
   8.6312340e+06   3.7841797e+01
   8.6805150e+06   3.9306641e+01
   8.6991740e+06   4.7485352e+01
   8.7044790e+06   4.3334961e+01
   8.7239840e+06   4.1015625e+01
   8.7544370e+06   3.7170410e+01
   8.7647840e+06   3.8085938e+01
   8.7697740e+06   3.9184570e+01
   8.7958450e+06   3.8146973e+01
   8.8226980e+06   3.7902832e+01
   8.8389350e+06   1.2829590e+02
   8.8393550e+06   3.7353516e+01
   8.8404900e+06   4.3762207e+01
   8.8405180e+06   5.3588867e+01
   8.8405690e+06   7.5378418e+01
   8.8643650e+06   5.8105469e+01
   8.8646750e+06   5.3405762e+01
   8.8653670e+06   3.9306641e+01
   8.8657380e+06   4.2358398e+01
   8.8663530e+06   3.8146973e+01
   8.8663680e+06   8.2519531e+01
   8.8665890e+06   4.2846680e+01
   8.8786330e+06   9.5153809e+01
   8.8787940e+06   9.0576172e+01
   8.8789180e+06   5.1330566e+01
   8.8790380e+06   3.6926270e+01
   8.8790580e+06   4.0588379e+01
   8.8791980e+06   3.6865234e+01
   8.8793500e+06   3.9184570e+01
   8.8795360e+06   4.1381836e+01
   8.8799140e+06   4.2602539e+01
   8.8801290e+06   3.6743164e+01
   8.8801920e+06   3.8269043e+01
   8.8803960e+06   4.2419434e+01
   8.8914350e+06   3.8757324e+01
   8.9280740e+06   3.6682129e+01
   8.9508000e+06   3.8391113e+01
   8.9615610e+06   3.8146973e+01
   8.9976200e+06   4.5959473e+01
