   8.9990000e+06   0.0000000e+00
   5.6910000e+03   4.0039062e+01
   1.4025000e+04   4.2602539e+01
   1.7832000e+04   4.0893555e+01
   2.6895000e+04   4.3579102e+01
   3.1000000e+04   4.2846680e+01
   4.7954000e+04   4.0588379e+01
   5.2206000e+04   3.9062500e+01
   6.2825000e+04   4.2358398e+01
   7.3296000e+04   3.9367676e+01
   7.7617000e+04   7.7331543e+01
   8.1391000e+04   4.5104980e+01
   8.9381000e+04   4.1931152e+01
   9.5314000e+04   4.1076660e+01
   1.0029000e+05   4.2785645e+01
   1.1238600e+05   3.9123535e+01
   1.1995100e+05   7.8125000e+01
   1.2071000e+05   5.8410645e+01
   1.3555300e+05   3.9611816e+01
   1.4819300e+05   4.7546387e+01
   1.5118700e+05   3.9550781e+01
   1.5898800e+05   8.9111328e+01
   1.5972100e+05   5.5480957e+01
   1.7203100e+05   4.1564941e+01
   1.7515500e+05   4.0222168e+01
   1.8756400e+05   4.7302246e+01
   1.9317200e+05   4.0832520e+01
   2.0586700e+05   5.1635742e+01
   2.0971100e+05   7.4340820e+01
   2.1062800e+05   5.3344727e+01
   2.1111700e+05   5.0048828e+01
   2.1141200e+05   3.9550781e+01
   2.1145700e+05   4.1320801e+01
   2.2836500e+05   4.0527344e+01
   2.3532700e+05   3.9062500e+01
   2.5282900e+05   7.0190430e+01
   2.5319800e+05   5.8471680e+01
   2.5361300e+05   5.1086426e+01
   2.5407700e+05   4.1259766e+01
   2.5515300e+05   4.3273926e+01
   2.6495900e+05   4.0100098e+01
   2.7517700e+05   4.3945313e+01
   2.8486700e+05   4.2602539e+01
   2.8622300e+05   7.3608398e+01
   2.8660000e+05   6.3415527e+01
   2.8716600e+05   5.3039551e+01
   2.8845900e+05   3.9733887e+01
   3.0146900e+05   4.4067383e+01
   3.1111600e+05   3.9428711e+01
   3.2640700e+05   3.9001465e+01
   3.3828800e+05   5.1147461e+01
   3.4171000e+05   4.1564941e+01
   3.4451000e+05   4.0466309e+01
   3.5165900e+05   7.0739746e+01
   3.5230800e+05   6.4636230e+01
   3.6321000e+05   4.3334961e+01
   3.7951900e+05   4.2358398e+01
   3.8909600e+05   4.1931152e+01
   3.9619600e+05   7.7941895e+01
   3.9668000e+05   7.0129395e+01
   3.9736500e+05   5.6823730e+01
   3.9769500e+05   4.2968750e+01
   4.0548800e+05   4.0710449e+01
   4.0804700e+05   4.1564941e+01
   4.1445100e+05   4.1259766e+01
   4.1554600e+05   3.9062500e+01
   4.2189500e+05   4.8217773e+01
   4.2784300e+05   4.4677734e+01
   4.3173300e+05   4.3579102e+01
   4.3909300e+05   4.0039062e+01
   4.4601800e+05   3.9184570e+01
   4.4943800e+05   7.4645996e+01
   4.4984100e+05   4.1320801e+01
   4.5014500e+05   6.2133789e+01
   4.5491800e+05   3.9062500e+01
   4.6508600e+05   4.3457031e+01
   4.8317400e+05   4.0466309e+01
   4.8828800e+05   3.9550781e+01
   4.8871400e+05   8.4106445e+01
   4.9521400e+05   4.1442871e+01
   4.9820800e+05   4.9194336e+01
   5.1573500e+05   4.5227051e+01
   5.2029300e+05   4.2724609e+01
   5.2909200e+05   4.1259766e+01
   5.3395700e+05   7.4951172e+01
   5.4293600e+05   3.9550781e+01
   5.4816700e+05   4.3273926e+01
   5.5052900e+05   9.1552734e+01
   5.5104400e+05   6.5490723e+01
   5.6898300e+05   4.7851563e+01
   5.7602900e+05   7.3303223e+01
   5.7646900e+05   4.9133301e+01
   5.8303400e+05   4.6508789e+01
   5.9213200e+05   4.3823242e+01
   5.9503500e+05   4.3029785e+01
   6.0394400e+05   4.3457031e+01
   6.0844000e+05   8.5449219e+01
   6.1751600e+05   3.9855957e+01
   6.2200400e+05   3.9367676e+01
   6.2379100e+05   4.1320801e+01
   6.3316300e+05   4.4921875e+01
   6.4023000e+05   5.0537109e+01
   6.4064800e+05   7.6599121e+01
   6.4125700e+05   6.7382812e+01
   6.4166000e+05   5.0415039e+01
   6.4935900e+05   4.4067383e+01
   6.5227700e+05   4.1687012e+01
   6.5989500e+05   4.0527344e+01
   6.6787400e+05   4.5959473e+01
   6.7150800e+05   4.0161133e+01
   6.7858800e+05   4.2663574e+01
   6.8210800e+05   4.1198730e+01
   6.9690500e+05   7.5012207e+01
   6.9719900e+05   4.4433594e+01
   7.0851300e+05   4.2419434e+01
   7.1201700e+05   3.9001465e+01
   7.2024400e+05   4.4860840e+01
   7.2732300e+05   4.8828125e+01
   7.4039500e+05   3.8879395e+01
   7.4271200e+05   3.8940430e+01
   7.4835300e+05   8.3435059e+01
   7.5512900e+05   4.4128418e+01
   7.6158700e+05   4.3212891e+01
   7.6546800e+05   3.9733887e+01
   7.6953100e+05   4.0344238e+01
   7.7307500e+05   7.3547363e+01
   7.7498200e+05   4.4982910e+01
   7.8255500e+05   3.9062500e+01
   7.9945300e+05   4.0100098e+01
   8.1623700e+05   4.4982910e+01
   8.3142400e+05   3.9001465e+01
   8.3395300e+05   4.3029785e+01
   8.4464400e+05   4.1259766e+01
   8.4925500e+05   4.5227051e+01
   8.6207400e+05   8.5083008e+01
   8.6592000e+05   4.9682617e+01
   8.7061400e+05   3.8940430e+01
   8.7517700e+05   8.0993652e+01
   8.7596700e+05   4.4006348e+01
   8.8748600e+05   4.1381836e+01
   8.9170700e+05   4.3273926e+01
   9.0572300e+05   8.3312988e+01
   9.0616700e+05   6.2744141e+01
   9.0666500e+05   6.3659668e+01
   9.0668300e+05   3.8757324e+01
   9.0700900e+05   3.9855957e+01
   9.1003600e+05   4.6142578e+01
   9.1359500e+05   4.2907715e+01
   9.2213500e+05   4.0771484e+01
   9.4122600e+05   4.2541504e+01
   9.4407100e+05   4.2114258e+01
   9.4794400e+05   4.8950195e+01
   9.5401900e+05   4.6386719e+01
   9.5452700e+05   7.7758789e+01
   9.5489400e+05   6.1401367e+01
   9.5533000e+05   5.1879883e+01
   9.5573900e+05   5.2001953e+01
   9.6365500e+05   4.1015625e+01
   9.8281000e+05   4.5104980e+01
   9.8810800e+05   4.4738770e+01
   9.8990900e+05   5.4748535e+01
   9.9963800e+05   4.0527344e+01
   1.0085250e+06   3.8757324e+01
   1.0196520e+06   6.9580078e+01
   1.0211820e+06   4.3090820e+01
   1.0276970e+06   4.6813965e+01
   1.0422430e+06   4.5043945e+01
   1.0502840e+06   3.9245605e+01
   1.0604370e+06   4.8461914e+01
   1.0694710e+06   4.2541504e+01
   1.0883990e+06   4.4372559e+01
   1.0916730e+06   4.1442871e+01
   1.0972320e+06   3.9794922e+01
   1.1063700e+06   4.0039062e+01
   1.1213890e+06   4.2968750e+01
   1.1289670e+06   4.1870117e+01
   1.1438990e+06   4.6997070e+01
   1.1479760e+06   8.1237793e+01
   1.1492560e+06   6.7993164e+01
   1.1702370e+06   7.7148438e+01
   1.1707740e+06   6.2255859e+01
   1.1713340e+06   4.7302246e+01
   1.1794560e+06   4.2175293e+01
   1.1873960e+06   3.9062500e+01
   1.1935810e+06   3.9367676e+01
   1.2022480e+06   7.2204590e+01
   1.2027500e+06   5.7861328e+01
   1.2031480e+06   4.2541504e+01
   1.2226170e+06   4.5532227e+01
   1.2289410e+06   4.3518066e+01
   1.2379350e+06   3.9916992e+01
   1.2401700e+06   3.9672852e+01
   1.2450560e+06   7.9101563e+01
   1.2492780e+06   4.1259766e+01
   1.2528360e+06   4.2724609e+01
   1.2587210e+06   4.3273926e+01
   1.2651020e+06   4.0710449e+01
   1.2656590e+06   8.0139160e+01
   1.2697290e+06   4.6386719e+01
   1.2717870e+06   4.0100098e+01
   1.2870760e+06   4.4128418e+01
   1.2939050e+06   7.8979492e+01
   1.2945120e+06   6.5612793e+01
   1.2948840e+06   4.6081543e+01
   1.2960240e+06   4.2175293e+01
   1.3006190e+06   4.8217773e+01
   1.3181490e+06   4.3151855e+01
   1.3281030e+06   3.9245605e+01
   1.3351620e+06   8.3068848e+01
   1.3378650e+06   4.4738770e+01
   1.3471020e+06   7.4035645e+01
   1.3486010e+06   6.3415527e+01
   1.3570790e+06   4.4189453e+01
   1.3693600e+06   6.0241699e+01
   1.3697270e+06   5.2734375e+01
   1.3702860e+06   3.9367676e+01
   1.3704550e+06   4.0893555e+01
   1.3739850e+06   4.2968750e+01
   1.3815130e+06   4.1687012e+01
   1.3854950e+06   4.3579102e+01
   1.3920030e+06   4.6203613e+01
   1.4011460e+06   4.2785645e+01
   1.4076930e+06   4.3884277e+01
   1.4192060e+06   3.8818359e+01
   1.4318520e+06   7.4829102e+01
   1.4318730e+06   3.9001465e+01
   1.4322380e+06   5.5969238e+01
   1.4325140e+06   4.1076660e+01
   1.4421440e+06   4.6508789e+01
   1.4443020e+06   4.3090820e+01
   1.4484260e+06   3.8818359e+01
   1.4671530e+06   4.6508789e+01
   1.4763770e+06   4.2419434e+01
   1.4817730e+06   3.9733887e+01
   1.4900750e+06   3.8757324e+01
   1.4939240e+06   3.9611816e+01
   1.5006460e+06   3.9916992e+01
   1.5050710e+06   6.6528320e+01
   1.5054240e+06   6.2927246e+01
   1.5058960e+06   4.8583984e+01
   1.5083500e+06   4.5654297e+01
   1.5118360e+06   4.4250488e+01
   1.5165440e+06   4.0527344e+01
   1.5183280e+06   3.9428711e+01
   1.5231320e+06   3.9916992e+01
   1.5316860e+06   4.8461914e+01
   1.5332120e+06   4.0771484e+01
   1.5409510e+06   4.1870117e+01
   1.5478340e+06   4.4555664e+01
   1.5523410e+06   4.6081543e+01
   1.5589210e+06   4.0527344e+01
   1.5721460e+06   4.1259766e+01
   1.5759910e+06   4.4006348e+01
   1.5784310e+06   4.3151855e+01
   1.5801110e+06   7.4707031e+01
   1.5805020e+06   4.0039062e+01
   1.5807620e+06   5.7006836e+01
   1.5810820e+06   5.1513672e+01
   1.5958550e+06   4.4433594e+01
   1.6057970e+06   4.6569824e+01
   1.6080700e+06   3.9001465e+01
   1.6169030e+06   7.6232910e+01
   1.6172910e+06   7.4645996e+01
   1.6175720e+06   4.3762207e+01
   1.6179450e+06   3.9123535e+01
   1.6190610e+06   4.4982910e+01
   1.6353890e+06   4.1442871e+01
   1.6395720e+06   4.1748047e+01
   1.6448840e+06   4.2236328e+01
   1.6502520e+06   6.4941406e+01
   1.6507620e+06   5.3222656e+01
   1.6511250e+06   4.0222168e+01
   1.6539250e+06   4.2663574e+01
   1.6606240e+06   4.1015625e+01
   1.6631690e+06   4.1015625e+01
   1.6705910e+06   4.8645020e+01
   1.6772910e+06   3.9306641e+01
   1.6778150e+06   7.6354980e+01
   1.6858020e+06   3.9611816e+01
   1.6871690e+06   6.5551758e+01
   1.6880840e+06   5.9265137e+01
   1.6890010e+06   4.8034668e+01
   1.7023790e+06   4.3884277e+01
   1.7094290e+06   6.5551758e+01
   1.7100270e+06   5.7678223e+01
   1.7109600e+06   3.9611816e+01
   1.7145680e+06   4.2236328e+01
   1.7179720e+06   4.6813965e+01
   1.7208160e+06   4.3212891e+01
   1.7293280e+06   4.2968750e+01
   1.7378400e+06   3.9001465e+01
   1.7445300e+06   7.8857422e+01
   1.7450740e+06   6.7199707e+01
   1.7450950e+06   4.3518066e+01
   1.7550170e+06   3.9245605e+01
   1.7631440e+06   7.4645996e+01
   1.7634450e+06   6.1828613e+01
   1.7638800e+06   4.2602539e+01
   1.7816390e+06   3.9062500e+01
   1.7845520e+06   3.8757324e+01
   1.7992150e+06   4.5959473e+01
   1.8018870e+06   4.3212891e+01
   1.8095080e+06   4.6386719e+01
   1.8128660e+06   4.1198730e+01
   1.8139400e+06   8.2275391e+01
   1.8144030e+06   6.0913086e+01
   1.8147280e+06   4.7851562e+01
   1.8213700e+06   4.3457031e+01
   1.8372980e+06   4.0954590e+01
   1.8426810e+06   4.4189453e+01
   1.8442310e+06   4.5410156e+01
   1.8583240e+06   7.1350098e+01
   1.8586670e+06   4.4128418e+01
   1.8589950e+06   5.6152344e+01
   1.8594470e+06   4.0954590e+01
   1.8637980e+06   4.4921875e+01
   1.8730740e+06   4.2968750e+01
   1.8802050e+06   4.1076660e+01
   1.8963860e+06   4.5715332e+01
   1.8997300e+06   7.2937012e+01
   1.9000500e+06   4.9804688e+01
   1.9015360e+06   4.1442871e+01
   1.9036530e+06   4.6386719e+01
   1.9077310e+06   3.8940430e+01
   1.9113630e+06   4.3151855e+01
   1.9155920e+06   3.9978027e+01
   1.9233130e+06   7.3974609e+01
   1.9236260e+06   5.6396484e+01
   1.9239530e+06   4.5898438e+01
   1.9245630e+06   3.9733887e+01
   1.9247200e+06   4.4006348e+01
   1.9314430e+06   3.9428711e+01
   1.9350530e+06   4.5410156e+01
   1.9504520e+06   4.0832520e+01
   1.9543020e+06   7.1716309e+01
   1.9545840e+06   6.7565918e+01
   1.9549450e+06   4.8156738e+01
   1.9553490e+06   3.8818359e+01
   1.9625450e+06   4.1809082e+01
   1.9750550e+06   4.0344238e+01
   1.9794900e+06   4.2114258e+01
   1.9856540e+06   4.3457031e+01
   1.9923320e+06   6.4392090e+01
   1.9928890e+06   5.0476074e+01
   1.9933260e+06   4.1015625e+01
   1.9947220e+06   3.9550781e+01
   1.9987180e+06   4.0954590e+01
   2.0221710e+06   4.2297363e+01
   2.0287250e+06   7.4584961e+01
   2.0365510e+06   4.7607422e+01
   2.0423700e+06   3.9794922e+01
   2.0464490e+06   4.5349121e+01
   2.0631860e+06   6.5002441e+01
   2.0634670e+06   5.1391602e+01
   2.0637400e+06   4.3945312e+01
   2.0644630e+06   5.5175781e+01
   2.0775720e+06   3.9794922e+01
   2.0841390e+06   3.9306641e+01
   2.0867610e+06   4.6569824e+01
   2.0965650e+06   6.3842773e+01
   2.0971230e+06   6.3110352e+01
   2.0972920e+06   3.9184570e+01
   2.0980010e+06   4.5043945e+01
   2.1019060e+06   4.5837402e+01
   2.1056630e+06   4.1748047e+01
   2.1101930e+06   4.3945312e+01
   2.1363200e+06   4.1320801e+01
   2.1377780e+06   7.7392578e+01
   2.1522020e+06   4.8461914e+01
   2.1585350e+06   6.8298340e+01
   2.1591080e+06   5.3771973e+01
   2.1594330e+06   4.3884277e+01
   2.1611510e+06   4.0954590e+01
   2.1757710e+06   4.3273926e+01
   2.1828630e+06   4.1015625e+01
   2.1893720e+06   4.3090820e+01
   2.1984750e+06   6.6040039e+01
   2.1988370e+06   6.6772461e+01
   2.2286280e+06   4.2114258e+01
   2.2325890e+06   3.9794922e+01
   2.2371840e+06   8.5754395e+01
   2.2398530e+06   4.3640137e+01
   2.2455850e+06   3.8940430e+01
   2.2532160e+06   3.9672852e+01
   2.2613280e+06   3.9978027e+01
   2.2638560e+06   8.0566406e+01
   2.2652680e+06   3.9184570e+01
   2.2654720e+06   6.3293457e+01
   2.2711350e+06   4.0649414e+01
   2.2874600e+06   4.0344238e+01
   2.2961310e+06   7.4584961e+01
   2.2963400e+06   4.2358398e+01
   2.3013970e+06   4.4006348e+01
   2.3034670e+06   4.4006348e+01
   2.3090950e+06   4.2968750e+01
   2.3111270e+06   7.9467773e+01
   2.3115080e+06   6.4025879e+01
   2.3151580e+06   4.1137695e+01
   2.3218590e+06   5.2429199e+01
   2.3249860e+06   3.9306641e+01
   2.3263150e+06   3.8940430e+01
   2.3280110e+06   4.1381836e+01
   2.3354560e+06   3.9733887e+01
   2.3400890e+06   4.0222168e+01
   2.3494030e+06   6.6833496e+01
   2.3497950e+06   5.3955078e+01
   2.3501770e+06   4.8645020e+01
   2.3593400e+06   4.0893555e+01
   2.3616370e+06   3.9245605e+01
   2.3694800e+06   5.3833008e+01
   2.3737280e+06   3.9978027e+01
   2.3783310e+06   4.0771484e+01
   2.3868620e+06   4.1503906e+01
   2.4046600e+06   4.2663574e+01
   2.4052170e+06   7.2753906e+01
   2.4147580e+06   4.1870117e+01
   2.4161790e+06   3.9794922e+01
   2.4245290e+06   4.0344238e+01
   2.4280520e+06   7.2082520e+01
   2.4285710e+06   6.0241699e+01
   2.4289470e+06   4.6020508e+01
   2.4291900e+06   5.6213379e+01
   2.4432790e+06   3.8879395e+01
   2.4589060e+06   4.0710449e+01
   2.4625000e+06   4.8339844e+01
   2.4708500e+06   7.6293945e+01
   2.4711930e+06   6.3049316e+01
   2.4714430e+06   4.4311523e+01
   2.4766140e+06   4.0527344e+01
   2.4907590e+06   3.9245605e+01
   2.4968740e+06   5.0476074e+01
   2.5035870e+06   4.2053223e+01
   2.5062680e+06   4.5898438e+01
   2.5107060e+06   7.4157715e+01
   2.5113210e+06   6.1401367e+01
   2.5116820e+06   4.8034668e+01
   2.5140320e+06   4.0832520e+01
   2.5228390e+06   3.9794922e+01
   2.5254430e+06   3.8818359e+01
   2.5370030e+06   4.4494629e+01
   2.5420090e+06   4.1076660e+01
   2.5445830e+06   4.4921875e+01
   2.5606370e+06   4.0649414e+01
   2.5618470e+06   7.6232910e+01
   2.5622680e+06   3.9550781e+01
   2.5630780e+06   6.6833496e+01
   2.5634180e+06   5.7983398e+01
   2.5644060e+06   4.1015625e+01
   2.5720480e+06   4.1625977e+01
   2.5877870e+06   3.9550781e+01
   2.5964550e+06   6.3537598e+01
   2.5979190e+06   4.6508789e+01
   2.6088950e+06   4.1259766e+01
   2.6154200e+06   4.2175293e+01
   2.6166400e+06   7.4096680e+01
   2.6169560e+06   6.1157227e+01
   2.6172280e+06   4.9560547e+01
   2.6190230e+06   4.1442871e+01
   2.6287080e+06   4.0893555e+01
   2.6288140e+06   3.9428711e+01
   2.6402650e+06   4.9316406e+01
   2.6589940e+06   4.0893555e+01
   2.6765100e+06   7.8979492e+01
   2.6766810e+06   4.0893555e+01
   2.6770620e+06   6.2683105e+01
   2.6852880e+06   3.8818359e+01
   2.6985490e+06   4.0222168e+01
   2.7046370e+06   3.9428711e+01
   2.7081960e+06   3.8757324e+01
   2.7083790e+06   7.2509766e+01
   2.7084890e+06   3.9855957e+01
   2.7090090e+06   7.4645996e+01
   2.7094320e+06   6.0302734e+01
   2.7166320e+06   4.0100098e+01
   2.7211950e+06   4.5043945e+01
   2.7266910e+06   4.7546387e+01
   2.7333660e+06   4.3334961e+01
   2.7351030e+06   8.0871582e+01
   2.7358100e+06   6.1767578e+01
   2.7360850e+06   4.1198730e+01
   2.7364630e+06   3.9855957e+01
   2.7370040e+06   4.0893555e+01
   2.7408090e+06   4.3762207e+01
   2.7513900e+06   3.8879395e+01
   2.7607660e+06   4.1076660e+01
   2.7689690e+06   4.0222168e+01
   2.7803850e+06   4.0649414e+01
   2.7881620e+06   4.1625977e+01
   2.7979190e+06   4.6020508e+01
   2.8028110e+06   3.9550781e+01
   2.8052850e+06   4.0893555e+01
   2.8250750e+06   9.2041016e+01
   2.8256640e+06   6.8542480e+01
   2.8259890e+06   5.6579590e+01
   2.8263730e+06   4.2968750e+01
   2.8302830e+06   4.5776367e+01
   2.8356820e+06   3.9672852e+01
   2.8372770e+06   4.3334961e+01
   2.8409060e+06   4.2907715e+01
   2.8465480e+06   3.9001465e+01
   2.8516090e+06   4.2785645e+01
   2.8556260e+06   4.4555664e+01
   2.8583990e+06   7.9650879e+01
   2.8595500e+06   4.4006348e+01
   2.8619920e+06   4.0588379e+01
   2.8790900e+06   3.9611816e+01
   2.8799380e+06   8.0505371e+01
   2.8807100e+06   5.9020996e+01
   2.8814520e+06   4.3029785e+01
   2.8847410e+06   4.3457031e+01
   2.8941940e+06   4.3518066e+01
   2.8975480e+06   4.1076660e+01
   2.9151120e+06   4.3273926e+01
   2.9221190e+06   4.6752930e+01
   2.9245400e+06   4.0039062e+01
   2.9259920e+06   3.8940430e+01
   2.9345470e+06   3.9611816e+01
   2.9385720e+06   3.9367676e+01
   2.9399850e+06   7.1899414e+01
   2.9405220e+06   5.8288574e+01
   2.9410190e+06   5.5725098e+01
   2.9425090e+06   4.2297363e+01
   2.9476030e+06   4.0344238e+01
   2.9516900e+06   4.2175293e+01
   2.9602610e+06   4.8583984e+01
   2.9627660e+06   4.0771484e+01
   2.9685310e+06   7.4462891e+01
   2.9688400e+06   5.9326172e+01
   2.9691110e+06   3.9489746e+01
   2.9695970e+06   4.8156738e+01
   2.9798340e+06   4.2419434e+01
   2.9863650e+06   5.1879883e+01
   2.9879890e+06   3.8757324e+01
   2.9882090e+06   4.1503906e+01
   2.9908340e+06   4.0283203e+01
   2.9982290e+06   6.3354492e+01
   3.0035820e+06   4.3640137e+01
   3.0178520e+06   7.2509766e+01
   3.0183430e+06   4.4189453e+01
   3.0187280e+06   6.3598633e+01
   3.0190310e+06   3.9001465e+01
   3.0203190e+06   4.0405273e+01
   3.0277460e+06   4.1503906e+01
   3.0382820e+06   4.0771484e+01
   3.0442530e+06   3.9306641e+01
   3.0477320e+06   7.3364258e+01
   3.0508310e+06   4.5166016e+01
   3.0543610e+06   4.2663574e+01
   3.0607970e+06   4.1259766e+01
   3.0650360e+06   4.4067383e+01
   3.0851590e+06   4.7058105e+01
   3.0883920e+06   3.9306641e+01
   3.0905270e+06   4.3701172e+01
   3.0920060e+06   8.8073730e+01
   3.0923610e+06   6.6345215e+01
   3.0926650e+06   4.7668457e+01
   3.0932890e+06   5.4565430e+01
   3.1025180e+06   3.8757324e+01
   3.1059820e+06   4.4433594e+01
   3.1171200e+06   4.4616699e+01
   3.1226030e+06   4.0344238e+01
   3.1266920e+06   4.3518066e+01
   3.1330790e+06   5.4626465e+01
   3.1369530e+06   4.0588379e+01
   3.1380930e+06   4.0222168e+01
   3.1392630e+06   3.9733887e+01
   3.1396670e+06   9.2102051e+01
   3.1401740e+06   7.1472168e+01
   3.1409420e+06   4.8767090e+01
   3.1413040e+06   4.1137695e+01
   3.1498400e+06   3.9306641e+01
   3.1527820e+06   4.7668457e+01
   3.1582640e+06   4.3762207e+01
   3.1691670e+06   4.2053223e+01
   3.1719530e+06   4.0771484e+01
   3.1829960e+06   4.1381836e+01
   3.1884810e+06   4.3945312e+01
   3.1910750e+06   4.3029785e+01
   3.2056970e+06   9.3505859e+01
   3.2061280e+06   7.3852539e+01
   3.2112420e+06   4.1870117e+01
   3.2147170e+06   4.1381836e+01
   3.2214850e+06   4.9133301e+01
   3.2239140e+06   3.9367676e+01
   3.2243280e+06   3.8757324e+01
   3.2284410e+06   4.0710449e+01
   3.2464820e+06   4.1564941e+01
   3.2553930e+06   7.6843262e+01
   3.2566100e+06   6.1889648e+01
   3.2569450e+06   5.2307129e+01
   3.2614280e+06   4.0283203e+01
   3.2626430e+06   3.9184570e+01
   3.2676510e+06   5.0781250e+01
   3.2762470e+06   4.3945313e+01
   3.2813210e+06   4.3884277e+01
   3.2884970e+06   3.9123535e+01
   3.2903510e+06   3.8818359e+01
   3.2973070e+06   8.2092285e+01
   3.2980320e+06   7.4096680e+01
   3.2984100e+06   5.5297852e+01
   3.3033910e+06   3.9367676e+01
   3.3155100e+06   4.3640137e+01
   3.3187360e+06   4.0954590e+01
   3.3252360e+06   4.2297363e+01
   3.3369580e+06   4.0649414e+01
   3.3387460e+06   4.1992188e+01
   3.3524430e+06   4.2663574e+01
   3.3539740e+06   4.3212891e+01
   3.3619520e+06   3.9550781e+01
   3.3719640e+06   4.1442871e+01
   3.3783890e+06   4.3701172e+01
   3.4005880e+06   8.8378906e+01
   3.4010660e+06   7.7575684e+01
   3.4014430e+06   5.0476074e+01
   3.4091310e+06   4.7546387e+01
   3.4148310e+06   4.2968750e+01
   3.4214460e+06   4.6325684e+01
   3.4243190e+06   3.8879395e+01
   3.4303430e+06   4.3395996e+01
   3.4342230e+06   3.9978027e+01
   3.4385980e+06   4.5043945e+01
   3.4457260e+06   4.8034668e+01
   3.4458380e+06   8.1054688e+01
   3.4466210e+06   6.8969727e+01
   3.4507140e+06   4.4921875e+01
   3.4568290e+06   3.8940430e+01
   3.4634320e+06   4.4250488e+01
   3.4660340e+06   3.9672852e+01
   3.4696490e+06   4.0649414e+01
   3.4751110e+06   4.6325684e+01
   3.4840390e+06   4.0100098e+01
   3.4906700e+06   4.3029785e+01
   3.4953820e+06   4.7851563e+01
   3.5011820e+06   4.2724609e+01
   3.5115720e+06   3.9245605e+01
   3.5128690e+06   3.9489746e+01
   3.5231430e+06   4.1381836e+01
   3.5255310e+06   3.9855957e+01
   3.5284200e+06   7.9711914e+01
   3.5288490e+06   3.8757324e+01
   3.5290100e+06   7.7270508e+01
   3.5293600e+06   6.4636230e+01
   3.5401640e+06   3.9428711e+01
   3.5441410e+06   3.9428711e+01
   3.5610330e+06   4.4250488e+01
   3.5640440e+06   4.1870117e+01
   3.5705000e+06   5.1269531e+01
   3.5764660e+06   4.0466309e+01
   3.5784460e+06   4.0405273e+01
   3.5888690e+06   4.5593262e+01
   3.5943350e+06   8.0261230e+01
   3.5949230e+06   4.1748047e+01
   3.6004020e+06   4.8645020e+01
   3.6095250e+06   4.0893555e+01
   3.6134220e+06   7.5012207e+01
   3.6138910e+06   6.2133789e+01
   3.6141580e+06   4.1381836e+01
   3.6145010e+06   4.3395996e+01
   3.6248850e+06   4.7607422e+01
   3.6361730e+06   4.7485352e+01
   3.6544090e+06   4.2175293e+01
   3.6575130e+06   4.2785645e+01
   3.6601050e+06   4.1076660e+01
   3.6668930e+06   4.5471191e+01
   3.6806960e+06   3.9367676e+01
   3.6942300e+06   5.0659180e+01
   3.7044930e+06   4.3945312e+01
   3.7052440e+06   8.1848145e+01
   3.7061270e+06   6.3415527e+01
   3.7122780e+06   4.5349121e+01
   3.7185820e+06   4.8034668e+01
   3.7213610e+06   4.3151855e+01
   3.7263040e+06   4.7302246e+01
   3.7344600e+06   4.1809082e+01
   3.7373590e+06   4.0588379e+01
   3.7432010e+06   4.1259766e+01
   3.7492630e+06   4.0283203e+01
   3.7575990e+06   3.9428711e+01
   3.7599830e+06   4.2175293e+01
   3.7614190e+06   8.2641602e+01
   3.7623980e+06   6.4147949e+01
   3.7625020e+06   3.9978027e+01
   3.7627380e+06   5.0781250e+01
   3.7675350e+06   4.1442871e+01
   3.7731160e+06   3.8757324e+01
   3.7836900e+06   4.4860840e+01
   3.7929420e+06   3.9489746e+01
   3.8260420e+06   4.2114258e+01
   3.8294570e+06   7.8857422e+01
   3.8299400e+06   4.2114258e+01
   3.8365250e+06   4.3212891e+01
   3.8475390e+06   6.9030762e+01
   3.8479290e+06   6.4941406e+01
   3.8482190e+06   4.6875000e+01
   3.8609180e+06   3.9672852e+01
   3.8689990e+06   4.1931152e+01
   3.8708360e+06   4.5043945e+01
   3.8865110e+06   4.0649414e+01
   3.8918650e+06   4.0954590e+01
   3.8926080e+06   4.6386719e+01
   3.8979850e+06   3.9062500e+01
   3.9038320e+06   4.0893555e+01
   3.9072880e+06   4.4067383e+01
   3.9100880e+06   4.5715332e+01
   3.9170540e+06   4.1992188e+01
   3.9182920e+06   3.9245605e+01
   3.9216600e+06   3.9916992e+01
   3.9275030e+06   4.1076660e+01
   3.9371940e+06   4.0771484e+01
   3.9384970e+06   4.0283203e+01
   3.9442050e+06   4.0344238e+01
   3.9543410e+06   4.0954590e+01
   3.9596400e+06   4.2724609e+01
   3.9688500e+06   4.1564941e+01
   3.9743360e+06   3.9733887e+01
   3.9808180e+06   4.3518066e+01
   3.9910170e+06   7.5744629e+01
   3.9917840e+06   4.1809082e+01
   3.9971970e+06   4.0344238e+01
   4.0007970e+06   4.1076660e+01
   4.0099030e+06   4.5288086e+01
   4.0195590e+06   8.3251953e+01
   4.0199450e+06   5.7800293e+01
   4.0206350e+06   6.0485840e+01
   4.0260110e+06   4.0222168e+01
   4.0302730e+06   3.9306641e+01
   4.0318650e+06   4.1870117e+01
   4.0404810e+06   4.4189453e+01
   4.0499480e+06   4.0100098e+01
   4.0572320e+06   4.4738770e+01
   4.0633650e+06   8.5693359e+01
   4.0639730e+06   6.7504883e+01
   4.0644210e+06   4.8889160e+01
   4.0757420e+06   4.4128418e+01
   4.0815540e+06   4.3457031e+01
   4.0984620e+06   4.1931152e+01
   4.1021070e+06   4.1564941e+01
   4.1084830e+06   4.5959473e+01
   4.1110640e+06   3.9978027e+01
   4.1196280e+06   3.8818359e+01
   4.1247100e+06   4.5227051e+01
   4.1303400e+06   4.3640137e+01
   4.1367570e+06   4.0161133e+01
   4.1520040e+06   4.2846680e+01
   4.1550780e+06   4.1015625e+01
   4.1624530e+06   6.8298340e+01
   4.1653390e+06   4.5837402e+01
   4.1707950e+06   3.9428711e+01
   4.1751420e+06   4.3762207e+01
   4.1774470e+06   4.4067383e+01
   4.1850760e+06   4.0466309e+01
   4.1928160e+06   4.8583984e+01
   4.1962050e+06   4.1687012e+01
   4.2037730e+06   4.0405273e+01
   4.2039030e+06   3.9428711e+01
   4.2101860e+06   3.9916992e+01
   4.2162440e+06   8.2885742e+01
   4.2167800e+06   7.2814941e+01
   4.2171220e+06   6.4697266e+01
   4.2174910e+06   4.8217773e+01
   4.2181680e+06   3.9733887e+01
   4.2185030e+06   4.3823242e+01
   4.2269380e+06   4.2114258e+01
   4.2332550e+06   4.0283203e+01
   4.2364310e+06   3.9794922e+01
   4.2504070e+06   4.7973633e+01
   4.2629460e+06   4.6142578e+01
   4.2697080e+06   8.2580566e+01
   4.2703200e+06   7.2326660e+01
   4.2705770e+06   5.4626465e+01
   4.2710420e+06   4.2846680e+01
   4.2724940e+06   4.9133301e+01
   4.2739950e+06   4.0588379e+01
   4.2801000e+06   4.3395996e+01
   4.2830960e+06   4.1320801e+01
   4.2880730e+06   4.0771484e+01
   4.2987410e+06   4.5715332e+01
   4.3070440e+06   4.2114258e+01
   4.3201920e+06   4.5532227e+01
   4.3313260e+06   4.1931152e+01
   4.3349400e+06   3.9245605e+01
   4.3358170e+06   7.4096680e+01
   4.3371670e+06   3.9733887e+01
   4.3548620e+06   4.1137695e+01
   4.3549870e+06   3.9855957e+01
   4.3639320e+06   4.4006348e+01
   4.3675410e+06   4.2480469e+01
   4.3724060e+06   4.6203613e+01
   4.3754610e+06   4.2358398e+01
   4.3771450e+06   4.0222168e+01
   4.3852810e+06   4.6813965e+01
   4.3922590e+06   4.0283203e+01
   4.4054790e+06   4.9560547e+01
   4.4100320e+06   3.9611816e+01
   4.4243760e+06   3.9184570e+01
   4.4271100e+06   3.9550781e+01
   4.4333200e+06   4.3518066e+01
   4.4368050e+06   4.3823242e+01
   4.4425120e+06   8.6425781e+01
   4.4436020e+06   7.5744629e+01
   4.4441630e+06   7.2143555e+01
   4.4447640e+06   5.6213379e+01
   4.4451730e+06   4.8767090e+01
   4.4454400e+06   3.9428711e+01
   4.4456040e+06   4.5715332e+01
   4.4615330e+06   4.0466309e+01
   4.4663310e+06   4.5532227e+01
   4.4728670e+06   4.0161133e+01
   4.4847270e+06   4.2053223e+01
   4.4940750e+06   4.2968750e+01
   4.5073020e+06   4.4128418e+01
   4.5166220e+06   5.2795410e+01
   4.5251260e+06   4.5349121e+01
   4.5310080e+06   4.2053223e+01
   4.5356760e+06   4.0344238e+01
   4.5485660e+06   4.2663574e+01
   4.5598250e+06   4.1625977e+01
   4.5719000e+06   4.0832520e+01
   4.5755980e+06   4.3640137e+01
   4.5776950e+06   3.9245605e+01
   4.5936550e+06   4.4799805e+01
   4.6007370e+06   4.2602539e+01
   4.6070660e+06   4.6752930e+01
   4.6105200e+06   4.0954590e+01
   4.6273840e+06   4.6936035e+01
   4.6420960e+06   4.7485352e+01
   4.6553850e+06   4.0222168e+01
   4.6626090e+06   4.4189453e+01
   4.6651970e+06   4.4799805e+01
   4.6743110e+06   3.9428711e+01
   4.6828830e+06   4.2968750e+01
   4.6970200e+06   4.0283203e+01
   4.7032610e+06   4.0832520e+01
   4.7217600e+06   4.1442871e+01
   4.7296740e+06   3.9733887e+01
   4.7402190e+06   5.9448242e+01
   4.7507340e+06   4.5654297e+01
   4.7562100e+06   4.0954590e+01
   4.7674040e+06   4.3701172e+01
   4.7745220e+06   4.9438477e+01
   4.7783900e+06   3.9489746e+01
   4.7784490e+06   4.1870117e+01
   4.7840530e+06   4.4494629e+01
   4.7890240e+06   4.1198730e+01
   4.7988420e+06   4.1015625e+01
   4.8118640e+06   4.6142578e+01
   4.8194100e+06   3.9062500e+01
   4.8312080e+06   4.7302246e+01
   4.8366250e+06   4.1503906e+01
   4.8368880e+06   4.4433594e+01
   4.8442770e+06   4.7485352e+01
   4.8539760e+06   3.8879395e+01
   4.8607460e+06   4.6508789e+01
   4.8677800e+06   4.8461914e+01
   4.8962820e+06   4.8095703e+01
   4.9003090e+06   3.9062500e+01
   4.9062350e+06   4.3273926e+01
   4.9119580e+06   4.5471191e+01
   4.9207020e+06   4.4738770e+01
   4.9293930e+06   4.0039062e+01
   4.9356540e+06   4.9865723e+01
   4.9389360e+06   3.9001465e+01
   4.9507860e+06   4.1931152e+01
   4.9550370e+06   3.9367676e+01
   4.9634210e+06   4.4738770e+01
   4.9655190e+06   4.1687012e+01
   4.9775780e+06   4.7729492e+01
   4.9826160e+06   4.0527344e+01
   4.9898350e+06   5.3955078e+01
   4.9984830e+06   4.5593262e+01
   5.0052490e+06   3.9733887e+01
   5.0336460e+06   4.5288086e+01
   5.0416590e+06   4.1870117e+01
   5.0437070e+06   4.2663574e+01
   5.0542320e+06   4.7241211e+01
   5.0621490e+06   4.2602539e+01
   5.0726730e+06   4.2846680e+01
   5.0801030e+06   4.1442871e+01
   5.0828670e+06   4.8278809e+01
   5.0882140e+06   4.5715332e+01
   5.0983950e+06   5.5725098e+01
   5.1064360e+06   4.3029785e+01
   5.1156810e+06   4.3029785e+01
   5.1186740e+06   3.9855957e+01
   5.1199490e+06   4.3701172e+01
   5.1235750e+06   4.9438477e+01
   5.1283490e+06   4.8767090e+01
   5.1428980e+06   4.2724609e+01
   5.1497240e+06   3.9978027e+01
   5.1564170e+06   3.8879395e+01
   5.1657720e+06   3.9916992e+01
   5.1716810e+06   4.0954590e+01
   5.1794500e+06   4.2541504e+01
   5.1823090e+06   4.8583984e+01
   5.1931820e+06   4.1687012e+01
   5.1973980e+06   4.0588379e+01
   5.2166190e+06   4.8339844e+01
   5.2196790e+06   3.8818359e+01
   5.2379590e+06   4.9011230e+01
   5.2401720e+06   4.8706055e+01
   5.2551470e+06   3.8940430e+01
   5.2582530e+06   4.0771484e+01
   5.2780900e+06   5.1086426e+01
   5.2827430e+06   4.6630859e+01
   5.2859320e+06   4.4067383e+01
   5.2996490e+06   3.9855957e+01
   5.3065520e+06   4.1320801e+01
   5.3089790e+06   4.9499512e+01
   5.3204170e+06   4.6325684e+01
   5.3229770e+06   3.9123535e+01
   5.3294400e+06   4.3151855e+01
   5.3411970e+06   4.6813965e+01
   5.3456500e+06   4.1381836e+01
   5.3560310e+06   4.4372559e+01
   5.3621530e+06   4.4311523e+01
   5.3641270e+06   4.3151855e+01
   5.3835710e+06   4.4738770e+01
   5.3934470e+06   4.2358398e+01
   5.4064460e+06   3.9245605e+01
   5.4110940e+06   4.7302246e+01
   5.4176030e+06   4.4311523e+01
   5.4325500e+06   3.9550781e+01
   5.4383180e+06   4.4311523e+01
   5.4475630e+06   4.6752930e+01
   5.4544110e+06   4.4860840e+01
   5.4577110e+06   4.1198730e+01
   5.4729640e+06   3.9978027e+01
   5.4861570e+06   4.8767090e+01
   5.4905810e+06   4.4555664e+01
   5.5038430e+06   4.4616699e+01
   5.5045600e+06   4.9194336e+01
   5.5100200e+06   4.2419434e+01
   5.5245230e+06   4.4616699e+01
   5.5346360e+06   4.4067383e+01
   5.5366930e+06   3.9794922e+01
   5.5411720e+06   4.6752930e+01
   5.5725440e+06   4.7668457e+01
   5.5905460e+06   4.1809082e+01
   5.5968340e+06   4.3701172e+01
   5.6021870e+06   4.0588379e+01
   5.6226090e+06   4.8156738e+01
   5.6559360e+06   4.4799805e+01
   5.6560060e+06   4.0954590e+01
   5.6713340e+06   4.0405273e+01
   5.6838830e+06   4.5654297e+01
   5.7020450e+06   4.3823242e+01
   5.7124300e+06   4.9560547e+01
   5.7205980e+06   5.4687500e+01
   5.7355550e+06   4.7119141e+01
   5.7434690e+06   4.6325684e+01
   5.7545410e+06   4.1015625e+01
   5.7687380e+06   4.7851562e+01
   5.7832700e+06   5.3833008e+01
   5.7915490e+06   4.0954590e+01
   5.8169550e+06   4.3884277e+01
   5.8329430e+06   4.4006348e+01
   5.8459750e+06   4.8339844e+01
   5.8601130e+06   4.3273926e+01
   5.8644590e+06   3.9550781e+01
   5.8844580e+06   4.4738770e+01
   5.8916510e+06   4.2663574e+01
   5.9046240e+06   4.0649414e+01
   5.9129100e+06   4.3212891e+01
   5.9181510e+06   4.7302246e+01
   5.9209740e+06   4.4799805e+01
   5.9324670e+06   4.8339844e+01
   5.9458940e+06   4.9316406e+01
   5.9591130e+06   4.5959473e+01
   5.9627000e+06   4.8950195e+01
   5.9886990e+06   4.9621582e+01
   5.9931330e+06   3.9428711e+01
   6.0030210e+06   4.6752930e+01
   6.0195630e+06   4.3090820e+01
   6.0283800e+06   4.9682617e+01
   6.0339940e+06   4.8889160e+01
   6.0483100e+06   4.3029785e+01
   6.0604500e+06   4.9011230e+01
   6.0831930e+06   4.5043945e+01
   6.0891650e+06   3.9550781e+01
   6.0998710e+06   4.9377441e+01
   6.1208210e+06   4.2114258e+01
   6.1361980e+06   3.8818359e+01
   6.1524650e+06   4.8889160e+01
   6.1791440e+06   5.3649902e+01
   6.1864300e+06   4.3640137e+01
   6.1967010e+06   4.1564941e+01
   6.2111250e+06   4.8706055e+01
   6.2148410e+06   4.8889160e+01
   6.2228710e+06   4.2541504e+01
   6.2388550e+06   4.1687012e+01
   6.2489870e+06   4.1564941e+01
   6.2620470e+06   4.5898438e+01
   6.2809840e+06   4.8278809e+01
   6.3084340e+06   4.3395996e+01
   6.3277760e+06   4.3518066e+01
   6.3370220e+06   4.9499512e+01
   6.3610360e+06   4.6936035e+01
   6.3794550e+06   3.9428711e+01
   6.3865020e+06   4.2602539e+01
   6.4009600e+06   4.0222168e+01
   6.4227200e+06   4.5715332e+01
   6.4512890e+06   4.8645020e+01
   6.4614150e+06   4.7790527e+01
   6.4815590e+06   4.9499512e+01
   6.4952760e+06   4.5104980e+01
   6.5056730e+06   4.1564941e+01
   6.5205430e+06   3.9123535e+01
   6.5323850e+06   4.4616699e+01
   6.5453860e+06   5.0415039e+01
   6.5523550e+06   4.4311523e+01
   6.5575380e+06   4.6875000e+01
   6.5610950e+06   4.5837402e+01
   6.5957590e+06   4.6813965e+01
   6.6049430e+06   4.9133301e+01
   6.6299630e+06   4.3640137e+01
   6.6353270e+06   4.7180176e+01
   6.6508220e+06   4.3579102e+01
   6.6715660e+06   4.6020508e+01
   6.6808460e+06   4.8645020e+01
   6.6988860e+06   4.1931152e+01
   6.7083480e+06   4.0039062e+01
   6.7165690e+06   4.3701172e+01
   6.7237230e+06   4.6386719e+01
   6.7502920e+06   4.5654297e+01
   6.7610920e+06   4.2968750e+01
   6.7876210e+06   5.5969238e+01
   6.7979390e+06   4.0649414e+01
   6.8071740e+06   4.6081543e+01
   6.8347840e+06   4.1687012e+01
   6.8493000e+06   5.0659180e+01
   6.8640600e+06   4.6325684e+01
   6.8689500e+06   5.4443359e+01
   6.8900120e+06   4.9316406e+01
   6.9135260e+06   4.3518066e+01
   6.9211140e+06   4.9072266e+01
   6.9387240e+06   4.1076660e+01
   6.9484180e+06   5.6640625e+01
   6.9694920e+06   4.0405273e+01
   6.9963480e+06   5.2124023e+01
   7.0110300e+06   4.0161133e+01
   7.0583230e+06   4.9804688e+01
   7.0686040e+06   4.9011230e+01
   7.0850090e+06   5.0903320e+01
   7.0929380e+06   4.5043945e+01
   7.1294610e+06   5.3100586e+01
   7.1335310e+06   4.4677734e+01
   7.1785450e+06   4.2663574e+01
   7.2019530e+06   4.1381836e+01
   7.2104040e+06   4.5532227e+01
   7.2297540e+06   5.2062988e+01
   7.2397630e+06   4.3212891e+01
   7.2515020e+06   4.1503906e+01
   7.2582820e+06   4.3090820e+01
   7.2665150e+06   3.9611816e+01
   7.2909490e+06   4.9011230e+01
   7.2982580e+06   5.3649902e+01
   7.3138550e+06   4.0954590e+01
   7.3377130e+06   4.3640137e+01
   7.3515430e+06   4.0161133e+01
   7.3589050e+06   4.2541504e+01
   7.3721530e+06   4.4189453e+01
   7.3947770e+06   5.0170898e+01
   7.4038550e+06   4.4738770e+01
   7.4132250e+06   4.9926758e+01
   7.4272800e+06   4.0466309e+01
   7.4400480e+06   5.0415039e+01
   7.4483690e+06   4.4677734e+01
   7.4649130e+06   5.8166504e+01
   7.4831150e+06   5.4321289e+01
   7.4922170e+06   4.6875000e+01
   7.5069780e+06   5.0109863e+01
   7.5116800e+06   4.3029785e+01
   7.5151480e+06   3.8879395e+01
   7.5263800e+06   4.2541504e+01
   7.5380960e+06   3.9062500e+01
   7.5478840e+06   4.5288086e+01
   7.5544140e+06   4.5776367e+01
   7.5738510e+06   4.0954590e+01
   7.5890960e+06   3.9428711e+01
   7.5977970e+06   4.9377441e+01
   7.6041410e+06   5.4138184e+01
   7.6285120e+06   5.3039551e+01
   7.6347360e+06   4.5959473e+01
   7.6497100e+06   4.6264648e+01
   7.6696310e+06   4.2663574e+01
   7.6718430e+06   3.9672852e+01
   7.6921440e+06   4.9133301e+01
   7.6973930e+06   4.7912598e+01
   7.7089780e+06   4.9621582e+01
   7.7191620e+06   4.2358398e+01
   7.7269840e+06   4.9072266e+01
   7.7367620e+06   4.3090820e+01
   7.7384620e+06   4.1381836e+01
   7.7614860e+06   4.9072266e+01
   7.7706730e+06   5.8532715e+01
   7.7795690e+06   3.9001465e+01
   7.7870650e+06   4.2907715e+01
   7.7988420e+06   4.4616699e+01
   7.8029530e+06   4.2724609e+01
   7.8236490e+06   4.4250488e+01
   7.8276230e+06   4.2846680e+01
   7.8342000e+06   5.2124023e+01
   7.8444980e+06   4.1076660e+01
   7.8504300e+06   3.9001465e+01
   7.8552570e+06   4.2480469e+01
   7.8698100e+06   4.7119141e+01
   7.8836970e+06   4.1198730e+01
   7.8879160e+06   4.6875000e+01
   7.8984200e+06   4.5532227e+01
   7.9039930e+06   4.2358398e+01
   7.9092950e+06   4.7790527e+01
   7.9137830e+06   4.7485352e+01
   7.9326170e+06   4.3029785e+01
   7.9393700e+06   4.1687012e+01
   7.9452840e+06   4.8461914e+01
   7.9550480e+06   4.2480469e+01
   7.9679330e+06   3.9123535e+01
   7.9763780e+06   4.3518066e+01
   7.9794190e+06   4.3029785e+01
   7.9880150e+06   4.6203613e+01
   7.9927560e+06   4.3090820e+01
   7.9990960e+06   5.3833008e+01
   8.0371350e+06   3.8879395e+01
   8.0539260e+06   3.8818359e+01
   8.0606110e+06   4.6264648e+01
   8.0726390e+06   4.4616699e+01
   8.0875050e+06   4.3334961e+01
   8.0919320e+06   4.5227051e+01
   8.0997110e+06   3.9001465e+01
   8.1089910e+06   4.7790527e+01
   8.1156500e+06   4.2846680e+01
   8.1210090e+06   4.0832520e+01
   8.1367510e+06   4.2541504e+01
   8.1445710e+06   4.7668457e+01
   8.1519230e+06   4.5898438e+01
   8.1561450e+06   4.0649414e+01
   8.1689420e+06   4.2846680e+01
   8.1811230e+06   4.2907715e+01
   8.1899050e+06   4.3395996e+01
   8.1972280e+06   4.7119141e+01
   8.2032240e+06   4.7363281e+01
   8.2116430e+06   4.3823242e+01
   8.2362730e+06   3.9855957e+01
   8.2505570e+06   4.1381836e+01
   8.2619620e+06   4.2419434e+01
   8.2702950e+06   4.2053223e+01
   8.2848430e+06   4.1564941e+01
   8.2861280e+06   4.2358398e+01
   8.2985270e+06   4.4250488e+01
   8.3049300e+06   4.2907715e+01
   8.3095790e+06   5.1147461e+01
   8.3150820e+06   4.1870117e+01
   8.3189660e+06   4.4006348e+01
   8.3224300e+06   4.0954590e+01
   8.3250250e+06   4.0649414e+01
   8.3300570e+06   4.1992188e+01
   8.3401940e+06   4.4128418e+01
   8.3462210e+06   4.0588379e+01
   8.3561480e+06   4.7180176e+01
   8.3708340e+06   4.9316406e+01
   8.3820470e+06   3.9489746e+01
   8.3884260e+06   4.6997070e+01
   8.3989340e+06   4.0161133e+01
   8.4042210e+06   4.3273926e+01
   8.4177020e+06   4.0832520e+01
   8.4331260e+06   4.2785645e+01
   8.4376080e+06   3.8818359e+01
   8.4382200e+06   4.0588379e+01
   8.4456490e+06   4.0771484e+01
   8.4524480e+06   4.4006348e+01
   8.4784110e+06   5.2734375e+01
   8.4844650e+06   3.9855957e+01
   8.4895560e+06   3.9978027e+01
   8.5031470e+06   3.9428711e+01
   8.5114940e+06   4.7241211e+01
   8.5179820e+06   4.5166016e+01
   8.5273480e+06   4.6569824e+01
   8.5371300e+06   4.6142578e+01
   8.5434840e+06   4.5043945e+01
   8.5452040e+06   8.9477539e+01
   8.5662840e+06   5.1330566e+01
   8.5750220e+06   4.1564941e+01
   8.5810480e+06   4.8706055e+01
   8.5863200e+06   4.3212891e+01
   8.6015420e+06   4.2358398e+01
   8.6083130e+06   4.7241211e+01
   8.6203790e+06   4.0283203e+01
   8.6251900e+06   4.9072266e+01
   8.6310490e+06   4.2114258e+01
   8.6331950e+06   4.2053223e+01
   8.6396170e+06   4.2724609e+01
   8.6541270e+06   4.2419434e+01
   8.6628030e+06   5.0231934e+01
   8.6670280e+06   4.5288086e+01
   8.6689020e+06   9.1674805e+01
   8.6720270e+06   4.3212891e+01
   8.6799000e+06   4.0161133e+01
   8.6868360e+06   4.4189453e+01
   8.6879820e+06   3.9794922e+01
   8.6950220e+06   4.0222168e+01
   8.7013450e+06   3.9123535e+01
   8.7122700e+06   5.0842285e+01
   8.7193590e+06   4.2663574e+01
   8.7196240e+06   3.9306641e+01
   8.7287350e+06   4.6386719e+01
   8.7360760e+06   4.5898438e+01
   8.7415250e+06   4.4860840e+01
   8.7496440e+06   4.0710449e+01
   8.7544590e+06   4.8034668e+01
   8.7702540e+06   4.3457031e+01
   8.7770120e+06   4.3884277e+01
   8.7829820e+06   3.9245605e+01
   8.7918930e+06   4.3884277e+01
   8.8051800e+06   4.1687012e+01
   8.8216990e+06   3.9245605e+01
   8.8270550e+06   5.5053711e+01
   8.8377020e+06   4.5166016e+01
   8.8399230e+06   4.3701172e+01
   8.8626190e+06   4.8706055e+01
   8.8652200e+06   4.0222168e+01
   8.8656490e+06   8.3740234e+01
   8.8807800e+06   4.4677734e+01
   8.8866700e+06   4.0283203e+01
   8.8974280e+06   3.9733887e+01
   8.8993420e+06   4.0100098e+01
   8.8994330e+06   4.6325684e+01
   8.9123750e+06   4.4799805e+01
   8.9167350e+06   4.7363281e+01
   8.9293970e+06   5.0476074e+01
   8.9403450e+06   4.7424316e+01
   8.9474250e+06   4.4006348e+01
   8.9596400e+06   4.5532227e+01
   8.9652140e+06   3.9184570e+01
   8.9713110e+06   3.9001465e+01
   8.9752180e+06   4.5898438e+01
   8.9916660e+06   3.9672852e+01
   8.9936860e+06   4.7851562e+01
