   8.9990000e+06   0.0000000e+00
   8.1450000e+03   4.1015625e+01
   4.0515000e+04   4.5288086e+01
   5.0558000e+04   4.2602539e+01
   6.4471000e+04   4.7546387e+01
   6.7907000e+04   3.7475586e+01
   7.8941000e+04   4.0222168e+01
   8.2222000e+04   4.0344238e+01
   8.7517000e+04   3.8269043e+01
   8.8384000e+04   4.4677734e+01
   8.8891000e+04   4.0832520e+01
   1.1021500e+05   5.2307129e+01
   1.2793700e+05   3.8208008e+01
   1.4123500e+05   4.0039062e+01
   1.4222000e+05   5.3405762e+01
   1.5174000e+05   4.5532227e+01
   1.6012700e+05   4.1381836e+01
   1.6036500e+05   4.0527344e+01
   1.8120400e+05   5.4626465e+01
   1.8135000e+05   3.7353516e+01
   1.9650700e+05   4.7546387e+01
   1.9685600e+05   4.2846680e+01
   1.9731200e+05   4.6508789e+01
   1.9752400e+05   3.7109375e+01
   1.9882900e+05   3.7902832e+01
   1.9996000e+05   4.9743652e+01
   2.0049300e+05   4.1931152e+01
   2.0801500e+05   4.3884277e+01
   2.0852600e+05   4.8950195e+01
   2.0930500e+05   4.1931152e+01
   2.1050600e+05   3.9672852e+01
   2.1116900e+05   4.5593262e+01
   2.1751000e+05   4.5043945e+01
   2.1803100e+05   4.2846680e+01
   2.1865200e+05   4.5349121e+01
   2.2145500e+05   5.3771973e+01
   2.2189900e+05   3.9367676e+01
   2.2318000e+05   3.6987305e+01
   2.5163300e+05   5.4931641e+01
   2.5450600e+05   4.3640137e+01
   2.6732700e+05   3.9611816e+01
   2.6811500e+05   5.0109863e+01
   2.6969600e+05   3.7048340e+01
   2.8085600e+05   4.6386719e+01
   2.8169400e+05   3.8208008e+01
   2.9021200e+05   3.7414551e+01
   2.9831700e+05   4.1076660e+01
   2.9860800e+05   4.1748047e+01
   3.1011400e+05   5.6762695e+01
   3.1055200e+05   3.7597656e+01
   3.2175000e+05   4.2053223e+01
   3.2596500e+05   3.9062500e+01
   3.2647400e+05   4.4860840e+01
   3.3549900e+05   4.0283203e+01
   3.3622900e+05   4.4738770e+01
   3.4587000e+05   4.1198730e+01
   3.5150700e+05   4.9194336e+01
   3.5823500e+05   4.5104980e+01
   3.7257700e+05   3.7109375e+01
   3.7480700e+05   5.9387207e+01
   3.7893700e+05   3.8391113e+01
   3.7916500e+05   3.7719727e+01
   3.8245200e+05   3.7597656e+01
   3.8259800e+05   3.6437988e+01
   3.8294100e+05   3.7292480e+01
   3.8323300e+05   3.7658691e+01
   3.9370900e+05   3.9916992e+01
   4.0103700e+05   4.7546387e+01
   4.0205200e+05   3.6926270e+01
   4.0254900e+05   3.6499023e+01
   4.1422500e+05   4.4372559e+01
   4.2113200e+05   4.3640137e+01
   4.2604100e+05   3.6621094e+01
   4.2645400e+05   3.8513184e+01
   4.2652200e+05   3.7475586e+01
   4.5127900e+05   5.5175781e+01
   4.6773300e+05   3.6743164e+01
   4.7900000e+05   3.7658691e+01
   4.8206300e+05   4.1992188e+01
   4.8240500e+05   4.4372559e+01
   4.8289700e+05   4.0344238e+01
   4.8375000e+05   4.0466309e+01
   4.8524800e+05   3.9916992e+01
   4.9016400e+05   3.6743164e+01
   5.1575800e+05   4.7058105e+01
   5.1595300e+05   3.6743164e+01
   5.2949200e+05   4.1992188e+01
   5.3525900e+05   3.9184570e+01
   5.4677400e+05   4.9865723e+01
   5.5464600e+05   3.7353516e+01
   5.5495800e+05   3.7963867e+01
   5.5508100e+05   4.2175293e+01
   5.5557800e+05   4.0710449e+01
   5.6338000e+05   3.9001465e+01
   5.6435100e+05   3.8696289e+01
   5.6466800e+05   4.3029785e+01
   5.7738200e+05   4.2968750e+01
   5.7784200e+05   4.1931152e+01
   5.8760900e+05   4.2297363e+01
   5.9579200e+05   3.9794922e+01
   6.0465300e+05   4.0771484e+01
   6.0496200e+05   4.4311523e+01
   6.0576300e+05   3.9611816e+01
   6.0584900e+05   3.6987305e+01
   6.1440300e+05   3.9611816e+01
   6.1469800e+05   3.8146973e+01
   6.2900800e+05   4.0832520e+01
   6.3739000e+05   4.5593262e+01
   6.4088500e+05   4.9743652e+01
   6.4211000e+05   3.7109375e+01
   6.5015900e+05   3.6926270e+01
   6.5095000e+05   4.2785645e+01
   6.5097900e+05   3.8330078e+01
   6.5127700e+05   3.7719727e+01
   6.5249600e+05   3.8574219e+01
   6.5342700e+05   3.7048340e+01
   6.5387000e+05   4.1015625e+01
   6.5405900e+05   4.1870117e+01
   6.5457700e+05   3.9550781e+01
   6.7949000e+05   3.7658691e+01
   6.8293000e+05   4.4189453e+01
   6.8322100e+05   4.0405273e+01
   6.9493400e+05   3.8391113e+01
   7.0030200e+05   3.8696289e+01
   7.1174700e+05   5.4443359e+01
   7.1643700e+05   4.5654297e+01
   7.1666200e+05   3.8696289e+01
   7.2671900e+05   3.6682129e+01
   7.2900800e+05   3.6621094e+01
   7.4228400e+05   4.3579102e+01
   7.4716400e+05   3.8085938e+01
   7.5629300e+05   3.6560059e+01
   7.5688700e+05   4.3395996e+01
   7.5740200e+05   4.0832520e+01
   7.6322100e+05   4.2846680e+01
   7.7538200e+05   3.9001465e+01
   7.7542100e+05   4.8828125e+01
   7.7559900e+05   4.0954590e+01
   7.7582100e+05   4.1198730e+01
   7.7585700e+05   3.6560059e+01
   7.7616800e+05   4.7912598e+01
   7.7642800e+05   3.6926270e+01
   7.7671800e+05   3.8818359e+01
   7.7692100e+05   3.9428711e+01
   7.7718900e+05   4.0527344e+01
   7.8645000e+05   4.4311523e+01
   7.9894200e+05   3.7170410e+01
   7.9931400e+05   4.9194336e+01
   8.0739800e+05   3.9978027e+01
   8.0743400e+05   3.8940430e+01
   8.0771200e+05   3.9428711e+01
   8.0838700e+05   3.7841797e+01
   8.0989100e+05   3.7109375e+01
   8.2434000e+05   3.9367676e+01
   8.2458800e+05   3.8146973e+01
   8.2468700e+05   3.8940430e+01
   8.2709700e+05   3.7902832e+01
   8.2748600e+05   3.8635254e+01
   8.3950800e+05   3.7780762e+01
   8.4203900e+05   4.0283203e+01
   8.5714300e+05   3.8330078e+01
   8.5792800e+05   3.8391113e+01
   8.5841800e+05   3.6376953e+01
   8.6928200e+05   3.6865234e+01
   8.6955800e+05   3.8757324e+01
   8.7583800e+05   4.1503906e+01
   8.7615900e+05   4.1564941e+01
   8.8463800e+05   4.5471191e+01
   8.8721400e+05   4.0344238e+01
   8.9271600e+05   4.0405273e+01
   8.9699000e+05   4.3762207e+01
   8.9729100e+05   3.8818359e+01
   8.9821000e+05   3.7109375e+01
   9.0269100e+05   4.0344238e+01
   9.0311800e+05   3.6437988e+01
   9.0492900e+05   3.9245605e+01
   9.0716900e+05   3.7048340e+01
   9.0750000e+05   3.6865234e+01
   9.2929000e+05   3.7231445e+01
   9.2976500e+05   4.2419434e+01
   9.3324400e+05   3.8024902e+01
   9.3363200e+05   3.7292480e+01
   9.3526300e+05   4.1015625e+01
   9.3558700e+05   3.9245605e+01
   9.4698000e+05   3.7841797e+01
   9.6131200e+05   4.2358398e+01
   9.6313900e+05   4.1564941e+01
   9.6350800e+05   3.8208008e+01
   9.6426300e+05   3.7963867e+01
   9.7794200e+05   3.9733887e+01
   9.7975300e+05   4.4677734e+01
   9.8713600e+05   4.4860840e+01
   9.8736100e+05   3.7658691e+01
   9.8773400e+05   4.1381836e+01
   9.8831300e+05   4.1687012e+01
   1.0013390e+06   4.1015625e+01
   1.0015650e+06   3.7048340e+01
   1.0016520e+06   3.8269043e+01
   1.0024790e+06   4.3945312e+01
   1.0032360e+06   3.7658691e+01
   1.0040850e+06   4.8034668e+01
   1.0048090e+06   3.7963867e+01
   1.0055650e+06   3.6987305e+01
   1.0170320e+06   4.7424316e+01
   1.0174240e+06   3.7841797e+01
   1.0287790e+06   4.3884277e+01
   1.0295670e+06   4.2541504e+01
   1.0298870e+06   3.7292480e+01
   1.0446820e+06   4.3212891e+01
   1.0456520e+06   3.7048340e+01
   1.0461850e+06   4.3151855e+01
   1.0490800e+06   3.9184570e+01
   1.0520820e+06   3.6743164e+01
   1.0527300e+06   3.7109375e+01
   1.0562000e+06   3.6987305e+01
   1.0563180e+06   3.7658691e+01
   1.0840040e+06   4.1442871e+01
   1.0917290e+06   3.7597656e+01
   1.0952130e+06   4.2846680e+01
   1.1088110e+06   3.8879395e+01
   1.1157090e+06   4.1381836e+01
   1.1225020e+06   3.9794922e+01
   1.1242410e+06   3.7048340e+01
   1.1393550e+06   3.8269043e+01
   1.1408080e+06   3.9184570e+01
   1.1454820e+06   4.3029785e+01
   1.1537600e+06   4.4311523e+01
   1.1545210e+06   3.9123535e+01
   1.1551980e+06   4.2175293e+01
   1.1552440e+06   3.7658691e+01
   1.1556080e+06   3.6682129e+01
   1.1558480e+06   4.0039062e+01
   1.1572680e+06   3.9978027e+01
   1.1578340e+06   3.9611816e+01
   1.1687260e+06   3.8452148e+01
   1.1732730e+06   3.6682129e+01
   1.1851670e+06   4.0527344e+01
   1.1968010e+06   4.9804688e+01
   1.1975680e+06   4.9377441e+01
   1.2066920e+06   3.7353516e+01
   1.2138570e+06   4.4494629e+01
   1.2141840e+06   3.9367676e+01
   1.2254690e+06   4.1503906e+01
   1.2336010e+06   3.7292480e+01
   1.2367140e+06   4.0710449e+01
   1.2368920e+06   3.7170410e+01
   1.2595210e+06   4.0100098e+01
   1.2638870e+06   3.6987305e+01
   1.2687690e+06   4.1076660e+01
   1.2709300e+06   4.2053223e+01
   1.2733380e+06   5.2673340e+01
   1.2750240e+06   3.9184570e+01
   1.2928050e+06   4.1442871e+01
   1.2931970e+06   4.1259766e+01
   1.2941220e+06   3.7170410e+01
   1.2952520e+06   3.6682129e+01
   1.3023750e+06   3.9001465e+01
   1.3194610e+06   4.2968750e+01
   1.3197370e+06   3.7170410e+01
   1.3325610e+06   4.6386719e+01
   1.3375340e+06   3.7414551e+01
   1.3412640e+06   3.6437988e+01
   1.3442530e+06   3.9123535e+01
   1.3446830e+06   3.9611816e+01
   1.3541310e+06   3.6621094e+01
   1.3600140e+06   4.5532227e+01
   1.3697340e+06   3.9733887e+01
   1.3699940e+06   4.0832520e+01
   1.3868040e+06   3.8391113e+01
   1.3911740e+06   3.9306641e+01
   1.4004940e+06   4.4189453e+01
   1.4048840e+06   3.6437988e+01
   1.4207130e+06   4.3395996e+01
   1.4325830e+06   3.8146973e+01
   1.4389700e+06   4.5654297e+01
   1.4401210e+06   3.8452148e+01
   1.4407890e+06   4.1259766e+01
   1.4507860e+06   4.0344238e+01
   1.4529880e+06   3.6987305e+01
   1.4534600e+06   3.6926270e+01
   1.4631950e+06   4.0893555e+01
   1.4697170e+06   4.4738770e+01
   1.4707650e+06   3.8208008e+01
   1.4715310e+06   4.0100098e+01
   1.4744680e+06   3.6804199e+01
   1.4784350e+06   3.6926270e+01
   1.4799430e+06   3.7048340e+01
   1.4887540e+06   4.0283203e+01
   1.4943960e+06   3.8330078e+01
   1.5007300e+06   4.2541504e+01
   1.5079380e+06   3.6621094e+01
   1.5088600e+06   4.0649414e+01
   1.5103420e+06   3.7841797e+01
   1.5296820e+06   4.0100098e+01
   1.5322720e+06   3.9306641e+01
   1.5451140e+06   4.3945312e+01
   1.5489320e+06   3.7536621e+01
   1.5550590e+06   3.9611816e+01
   1.5559880e+06   3.8635254e+01
   1.5573740e+06   4.8583984e+01
   1.5662540e+06   3.6376953e+01
   1.5778480e+06   3.6682129e+01
   1.5791590e+06   3.7658691e+01
   1.5961620e+06   3.9794922e+01
   1.5968040e+06   4.3334961e+01
   1.6079070e+06   3.9062500e+01
   1.6136950e+06   3.9001465e+01
   1.6138480e+06   4.7058105e+01
   1.6143890e+06   3.9489746e+01
   1.6186090e+06   4.2541504e+01
   1.6284620e+06   3.8330078e+01
   1.6291040e+06   3.7536621e+01
   1.6414340e+06   3.8330078e+01
   1.6520540e+06   3.7109375e+01
   1.6528100e+06   4.3945312e+01
   1.6616470e+06   4.1992188e+01
   1.6622120e+06   3.7048340e+01
   1.6626590e+06   3.6804199e+01
   1.6692940e+06   3.8818359e+01
   1.6812800e+06   4.2907715e+01
   1.6817450e+06   3.7780762e+01
   1.6924630e+06   3.7963867e+01
   1.6974930e+06   4.0161133e+01
   1.7106980e+06   3.6560059e+01
   1.7114640e+06   3.6560059e+01
   1.7129130e+06   4.0832520e+01
   1.7134600e+06   3.6376953e+01
   1.7243340e+06   4.0832520e+01
   1.7246720e+06   3.7536621e+01
   1.7326810e+06   3.8085938e+01
   1.7332510e+06   3.7536621e+01
   1.7339000e+06   4.3273926e+01
   1.7343440e+06   4.4372559e+01
   1.7469970e+06   3.7536621e+01
   1.7512000e+06   4.9987793e+01
   1.7558280e+06   3.6865234e+01
   1.7574520e+06   3.6499023e+01
   1.7622630e+06   3.7536621e+01
   1.7689270e+06   3.7536621e+01
   1.7771940e+06   3.7597656e+01
   1.7784790e+06   4.5471191e+01
   1.7791560e+06   3.7536621e+01
   1.7799410e+06   3.7780762e+01
   1.7944160e+06   3.6621094e+01
   1.7950410e+06   3.6376953e+01
   1.7982140e+06   3.6437988e+01
   1.8027460e+06   3.8696289e+01
   1.8038240e+06   3.8513184e+01
   1.8130670e+06   4.8767090e+01
   1.8205470e+06   3.8757324e+01
   1.8273160e+06   3.7170410e+01
   1.8389090e+06   4.3762207e+01
   1.8397200e+06   3.9001465e+01
   1.8401870e+06   3.8452148e+01
   1.8402150e+06   3.7963867e+01
   1.8407270e+06   3.7902832e+01
   1.8526310e+06   4.3457031e+01
   1.8622340e+06   3.8085938e+01
   1.8629620e+06   3.8391113e+01
   1.8654740e+06   4.6875000e+01
   1.8657120e+06   3.7353516e+01
   1.8730240e+06   4.0283203e+01
   1.8954730e+06   3.7719727e+01
   1.8961250e+06   4.1259766e+01
   1.9046660e+06   4.2175293e+01
   1.9051950e+06   4.0649414e+01
   1.9108050e+06   4.6752930e+01
   1.9111420e+06   3.6865234e+01
   1.9164650e+06   3.6987305e+01
   1.9200790e+06   3.6499023e+01
   1.9334340e+06   3.8391113e+01
   1.9340060e+06   3.6743164e+01
   1.9416620e+06   4.2175293e+01
   1.9419810e+06   3.8635254e+01
   1.9632170e+06   3.9489746e+01
   1.9641840e+06   3.6499023e+01
   1.9684340e+06   4.1015625e+01
   1.9715590e+06   3.6376953e+01
   1.9718570e+06   3.8391113e+01
   1.9748910e+06   3.8757324e+01
   1.9781920e+06   3.6865234e+01
   1.9845360e+06   3.7963867e+01
   1.9851310e+06   4.5166016e+01
   1.9964140e+06   3.8391113e+01
   1.9968900e+06   3.9794922e+01
   1.9975710e+06   4.0039062e+01
   1.9980980e+06   4.1870117e+01
   2.0037010e+06   4.2663574e+01
   2.0136140e+06   4.3518066e+01
   2.0139090e+06   4.3945312e+01
   2.0327020e+06   3.6376953e+01
   2.0333050e+06   4.6508789e+01
   2.0335160e+06   4.0588379e+01
   2.0364250e+06   3.7231445e+01
   2.0416650e+06   3.7109375e+01
   2.0511190e+06   3.7231445e+01
   2.0520370e+06   3.7231445e+01
   2.0525010e+06   4.2114258e+01
   2.0529310e+06   3.7536621e+01
   2.0743100e+06   4.2968750e+01
   2.0745710e+06   4.1381836e+01
   2.0747250e+06   3.7109375e+01
   2.0857410e+06   3.7048340e+01
   2.0907020e+06   4.1381836e+01
   2.1072310e+06   3.6560059e+01
   2.1076440e+06   3.7841797e+01
   2.1178090e+06   3.9245605e+01
   2.1199100e+06   4.4372559e+01
   2.1308870e+06   4.1748047e+01
   2.1315040e+06   3.9550781e+01
   2.1326270e+06   4.0588379e+01
   2.1328590e+06   3.8391113e+01
   2.1385370e+06   4.4555664e+01
   2.1393360e+06   4.0771484e+01
   2.1430690e+06   3.9733887e+01
   2.1447850e+06   3.7109375e+01
   2.1633490e+06   3.9489746e+01
   2.1689160e+06   3.7597656e+01
   2.1784550e+06   3.8208008e+01
   2.1789220e+06   3.8330078e+01
   2.1796020e+06   3.6926270e+01
   2.1807040e+06   4.6691895e+01
   2.1810510e+06   3.7048340e+01
   2.1907400e+06   4.3701172e+01
   2.1913890e+06   3.7536621e+01
   2.2034520e+06   4.1198730e+01
   2.2041750e+06   4.1442871e+01
   2.2081950e+06   3.7109375e+01
   2.2089490e+06   3.9184570e+01
   2.2133730e+06   4.1748047e+01
   2.2151950e+06   3.6621094e+01
   2.2264220e+06   3.8818359e+01
   2.2348470e+06   4.5288086e+01
   2.2353330e+06   4.7180176e+01
   2.2430750e+06   3.8085938e+01
   2.2570320e+06   4.4494629e+01
   2.2574790e+06   3.9672852e+01
   2.2583440e+06   3.6804199e+01
   2.2689060e+06   3.9733887e+01
   2.2697440e+06   3.6926270e+01
   2.2836990e+06   4.0954590e+01
   2.2846230e+06   4.1442871e+01
   2.2895020e+06   3.8635254e+01
   2.2928280e+06   3.8452148e+01
   2.2995490e+06   3.9123535e+01
   2.3015840e+06   3.6499023e+01
   2.3024360e+06   3.9855957e+01
   2.3026970e+06   3.6804199e+01
   2.3081180e+06   3.9306641e+01
   2.3215410e+06   3.7231445e+01
   2.3224640e+06   3.8330078e+01
   2.3232140e+06   3.8452148e+01
   2.3242320e+06   3.8574219e+01
   2.3292970e+06   3.7353516e+01
   2.3306540e+06   3.8330078e+01
   2.3373450e+06   3.7536621e+01
   2.3387570e+06   4.6020508e+01
   2.3397520e+06   3.8391113e+01
   2.3530550e+06   3.7658691e+01
   2.3543610e+06   4.7912598e+01
   2.3585160e+06   4.9560547e+01
   2.3591840e+06   3.6499023e+01
   2.3621980e+06   3.8635254e+01
   2.3668580e+06   4.0161133e+01
   2.3671600e+06   4.0161133e+01
   2.3672270e+06   3.8146973e+01
   2.3840350e+06   3.8574219e+01
   2.3856760e+06   4.0222168e+01
   2.3960860e+06   3.8757324e+01
   2.4027780e+06   4.1870117e+01
   2.4036490e+06   3.8513184e+01
   2.4064530e+06   4.0710449e+01
   2.4262080e+06   4.3395996e+01
   2.4265130e+06   3.9916992e+01
   2.4354940e+06   3.8208008e+01
   2.4521490e+06   4.0710449e+01
   2.4544470e+06   4.2358398e+01
   2.4596740e+06   3.8330078e+01
   2.4641770e+06   3.9123535e+01
   2.4728940e+06   3.7048340e+01
   2.4734300e+06   3.8085938e+01
   2.4793620e+06   4.6569824e+01
   2.4800020e+06   3.9611816e+01
   2.4833180e+06   3.8513184e+01
   2.4839650e+06   4.9438477e+01
   2.4855220e+06   3.6376953e+01
   2.4875980e+06   3.7048340e+01
   2.4956510e+06   3.6437988e+01
   2.4959410e+06   4.2297363e+01
   2.4966210e+06   3.7414551e+01
   2.4980760e+06   3.8330078e+01
   2.5115440e+06   4.9560547e+01
   2.5180330e+06   3.8513184e+01
   2.5214530e+06   4.7058105e+01
   2.5218470e+06   3.8269043e+01
   2.5344960e+06   4.1503906e+01
   2.5388980e+06   3.9672852e+01
   2.5459350e+06   4.4250488e+01
   2.5493510e+06   4.8828125e+01
   2.5640810e+06   4.3884277e+01
   2.5647790e+06   4.2724609e+01
   2.5821730e+06   4.0832520e+01
   2.5827040e+06   4.3945312e+01
   2.5921340e+06   4.3640137e+01
   2.5925880e+06   4.4494629e+01
   2.5958310e+06   3.6376953e+01
   2.5960040e+06   3.6499023e+01
   2.6102270e+06   4.0649414e+01
   2.6180630e+06   4.2541504e+01
   2.6196680e+06   3.6987305e+01
   2.6235580e+06   4.2480469e+01
   2.6380530e+06   3.8452148e+01
   2.6390770e+06   4.1015625e+01
   2.6469270e+06   3.9794922e+01
   2.6508660e+06   4.1442871e+01
   2.6514180e+06   3.6804199e+01
   2.6522230e+06   4.2785645e+01
   2.6547440e+06   3.6560059e+01
   2.6596460e+06   4.1381836e+01
   2.6626600e+06   4.0710449e+01
   2.6636630e+06   4.0527344e+01
   2.6656560e+06   3.7902832e+01
   2.6745300e+06   4.4982910e+01
   2.6802670e+06   4.0649414e+01
   2.6811400e+06   3.8208008e+01
   2.6894110e+06   4.2846680e+01
   2.6899330e+06   3.6560059e+01
   2.6910970e+06   3.8696289e+01
   2.6923030e+06   4.2358398e+01
   2.7150950e+06   5.0903320e+01
   2.7263630e+06   4.2968750e+01
   2.7268320e+06   3.6865234e+01
   2.7420360e+06   4.8339844e+01
   2.7423990e+06   3.7963867e+01
   2.7552520e+06   3.9672852e+01
   2.7656020e+06   3.6376953e+01
   2.7660460e+06   3.7963867e+01
   2.7665710e+06   3.7658691e+01
   2.7825710e+06   4.5593262e+01
   2.7828450e+06   3.6987305e+01
   2.8002670e+06   4.1931152e+01
   2.8007250e+06   4.8156738e+01
   2.8092430e+06   3.6437988e+01
   2.8096530e+06   4.1503906e+01
   2.8158800e+06   3.8635254e+01
   2.8161390e+06   4.0100098e+01
   2.8317020e+06   3.7048340e+01
   2.8331990e+06   4.5043945e+01
   2.8337080e+06   4.3090820e+01
   2.8522810e+06   4.4921875e+01
   2.8647700e+06   4.1015625e+01
   2.8711980e+06   4.4433594e+01
   2.8879940e+06   3.7475586e+01
   2.8886430e+06   3.9123535e+01
   2.8900630e+06   4.0222168e+01
   2.8910780e+06   4.1076660e+01
   2.9079440e+06   4.3518066e+01
   2.9146150e+06   4.3212891e+01
   2.9335620e+06   4.1442871e+01
   2.9352610e+06   4.1076660e+01
   2.9370760e+06   4.3701172e+01
   2.9376860e+06   3.7597656e+01
   2.9493280e+06   3.8085938e+01
   2.9553350e+06   4.2968750e+01
   2.9574300e+06   3.7658691e+01
   2.9578140e+06   4.4128418e+01
   2.9676920e+06   3.8696289e+01
   2.9709140e+06   3.6682129e+01
   2.9786530e+06   4.2175293e+01
   2.9815120e+06   4.4067383e+01
   2.9823040e+06   3.8513184e+01
   2.9863440e+06   3.6621094e+01
   3.0007200e+06   3.9367676e+01
   3.0024250e+06   5.6762695e+01
   3.0120580e+06   4.0649414e+01
   3.0157590e+06   4.2968750e+01
   3.0261660e+06   4.0588379e+01
   3.0345150e+06   4.8950195e+01
   3.0410120e+06   3.7536621e+01
   3.0439650e+06   4.5532227e+01
   3.0445850e+06   3.8757324e+01
   3.0454130e+06   3.8024902e+01
   3.0580190e+06   4.9255371e+01
   3.0589010e+06   4.0039062e+01
   3.0759280e+06   3.8024902e+01
   3.0768150e+06   3.9123535e+01
   3.0772500e+06   3.7780762e+01
   3.0823950e+06   4.0466309e+01
   3.0948310e+06   3.8818359e+01
   3.0983610e+06   3.9245605e+01
   3.1034610e+06   4.1076660e+01
   3.1197350e+06   4.5776367e+01
   3.1202080e+06   4.0954590e+01
   3.1373190e+06   4.3029785e+01
   3.1376400e+06   4.4555664e+01
   3.1516510e+06   4.3334961e+01
   3.1520350e+06   3.7048340e+01
   3.1781210e+06   4.0222168e+01
   3.1845880e+06   4.6081543e+01
   3.1847480e+06   3.9428711e+01
   3.2016820e+06   4.1137695e+01
   3.2046230e+06   4.6203613e+01
   3.2065700e+06   3.7963867e+01
   3.2150450e+06   4.5410156e+01
   3.2266760e+06   4.2175293e+01
   3.2314510e+06   3.6437988e+01
   3.2355280e+06   4.5288086e+01
   3.2357480e+06   4.2602539e+01
   3.2466130e+06   4.2846680e+01
   3.2475600e+06   4.0771484e+01
   3.2481130e+06   4.5166016e+01
   3.2690800e+06   4.0649414e+01
   3.2717540e+06   4.4921875e+01
   3.2730570e+06   4.0405273e+01
   3.2749420e+06   3.8635254e+01
   3.2760160e+06   3.6804199e+01
   3.2770650e+06   3.9855957e+01
   3.2894480e+06   3.7780762e+01
   3.2933300e+06   4.0649414e+01
   3.3001270e+06   3.9489746e+01
   3.3004490e+06   3.7719727e+01
   3.3015360e+06   3.7536621e+01
   3.3094200e+06   4.0710449e+01
   3.3102770e+06   3.7597656e+01
   3.3156550e+06   3.7475586e+01
   3.3160700e+06   4.4067383e+01
   3.3308810e+06   4.1687012e+01
   3.3313300e+06   4.1931152e+01
   3.3318470e+06   4.4433594e+01
   3.3482180e+06   4.7973633e+01
   3.3580780e+06   3.9245605e+01
   3.3622210e+06   3.8696289e+01
   3.3723270e+06   3.8146973e+01
   3.3797400e+06   3.7536621e+01
   3.3808160e+06   4.1687012e+01
   3.3857800e+06   3.6437988e+01
   3.3917980e+06   3.6560059e+01
   3.3940350e+06   5.3161621e+01
   3.3943720e+06   3.9306641e+01
   3.4108940e+06   3.9367676e+01
   3.4250740e+06   4.9255371e+01
   3.4253450e+06   3.9245605e+01
   3.4368900e+06   4.1137695e+01
   3.4403610e+06   4.1442871e+01
   3.4496440e+06   3.9062500e+01
   3.4511340e+06   3.6926270e+01
   3.4611290e+06   4.3579102e+01
   3.4615910e+06   4.7180176e+01
   3.4621700e+06   4.8217773e+01
   3.4705820e+06   4.1687012e+01
   3.4793590e+06   4.1564941e+01
   3.4849090e+06   3.8635254e+01
   3.4936040e+06   3.6621094e+01
   3.4994750e+06   4.9865723e+01
   3.5002820e+06   3.7353516e+01
   3.5192200e+06   4.7546387e+01
   3.5289380e+06   4.9011230e+01
   3.5290670e+06   3.8146973e+01
   3.5343870e+06   3.9672852e+01
   3.5381350e+06   3.9794922e+01
   3.5516570e+06   4.0405273e+01
   3.5630240e+06   4.8767090e+01
   3.5655900e+06   4.1259766e+01
   3.5743270e+06   4.1442871e+01
   3.6021710e+06   4.1870117e+01
   3.6022160e+06   3.6499023e+01
   3.6029100e+06   3.7414551e+01
   3.6063250e+06   5.0903320e+01
   3.6109280e+06   3.7597656e+01
   3.6164170e+06   3.6987305e+01
   3.6169890e+06   3.7292480e+01
   3.6208380e+06   3.9733887e+01
   3.6213140e+06   3.9794922e+01
   3.6234930e+06   4.2785645e+01
   3.6252790e+06   3.8024902e+01
   3.6257460e+06   4.1381836e+01
   3.6377970e+06   5.0476074e+01
   3.6383900e+06   3.8574219e+01
   3.6502180e+06   4.5104980e+01
   3.6527940e+06   3.7841797e+01
   3.6559630e+06   4.3762207e+01
   3.6584370e+06   3.6682129e+01
   3.6667200e+06   4.8706055e+01
   3.6672360e+06   3.7536621e+01
   3.6767160e+06   3.7475586e+01
   3.6782620e+06   4.6020508e+01
   3.6809380e+06   3.6804199e+01
   3.6816960e+06   4.1809082e+01
   3.6817080e+06   3.9672852e+01
   3.6824630e+06   3.8085938e+01
   3.6828390e+06   3.6682129e+01
   3.6839670e+06   3.6437988e+01
   3.6895150e+06   3.9794922e+01
   3.6986720e+06   4.1809082e+01
   3.6991470e+06   4.3090820e+01
   3.7018210e+06   3.9001465e+01
   3.7063740e+06   3.9184570e+01
   3.7176610e+06   4.7302246e+01
   3.7186610e+06   3.7292480e+01
   3.7250840e+06   4.4128418e+01
   3.7364650e+06   3.7048340e+01
   3.7409350e+06   3.6926270e+01
   3.7464200e+06   3.7780762e+01
   3.7551950e+06   3.7353516e+01
   3.7558330e+06   4.0100098e+01
   3.7649570e+06   3.9184570e+01
   3.7711040e+06   4.6508789e+01
   3.7814560e+06   3.7597656e+01
   3.7904920e+06   4.1137695e+01
   3.8040210e+06   4.1137695e+01
   3.8043840e+06   3.8940430e+01
   3.8375520e+06   4.2175293e+01
   3.8440760e+06   5.2246094e+01
   3.8560640e+06   3.7902832e+01
   3.8622890e+06   3.8696289e+01
   3.8630570e+06   4.1503906e+01
   3.8713260e+06   4.5959473e+01
   3.8850760e+06   5.0964355e+01
   3.8853540e+06   3.7719727e+01
   3.8860270e+06   3.6499023e+01
   3.8930450e+06   4.0649414e+01
   3.8935110e+06   4.0771484e+01
   3.9095800e+06   4.2175293e+01
   3.9100890e+06   3.6804199e+01
   3.9102280e+06   4.2236328e+01
   3.9114250e+06   3.6499023e+01
   3.9117410e+06   4.0039062e+01
   3.9119500e+06   3.6743164e+01
   3.9260180e+06   4.3884277e+01
   3.9418300e+06   4.7180176e+01
   3.9467310e+06   4.2541504e+01
   3.9553620e+06   3.6926270e+01
   3.9641370e+06   4.3945312e+01
   3.9756160e+06   6.1035156e+01
   3.9868430e+06   5.1330566e+01
   4.0010640e+06   4.4677734e+01
   4.0150570e+06   3.6865234e+01
   4.0191630e+06   4.5837402e+01
   4.0219660e+06   4.7180176e+01
   4.0318730e+06   3.7475586e+01
   4.0374100e+06   4.4372559e+01
   4.0545980e+06   4.0100098e+01
   4.0576010e+06   3.6987305e+01
   4.0599500e+06   4.0100098e+01
   4.0813140e+06   4.7241211e+01
   4.1041420e+06   4.4067383e+01
   4.1237580e+06   3.7719727e+01
   4.1265330e+06   3.7475586e+01
   4.1270070e+06   3.6499023e+01
   4.1275670e+06   3.9916992e+01
   4.1282610e+06   4.9804688e+01
   4.1358320e+06   5.2368164e+01
   4.1449130e+06   5.4382324e+01
   4.1640370e+06   4.9377441e+01
   4.1644390e+06   3.7231445e+01
   4.1645080e+06   3.9855957e+01
   4.1724280e+06   3.8757324e+01
   4.1741850e+06   4.7241211e+01
   4.1761080e+06   4.2724609e+01
   4.1954180e+06   4.8217773e+01
   4.1994980e+06   3.6865234e+01
   4.2005140e+06   4.4616699e+01
   4.2010650e+06   3.9611816e+01
   4.2016640e+06   3.8818359e+01
   4.2017380e+06   4.3640137e+01
   4.2019740e+06   4.0344238e+01
   4.2140620e+06   4.0771484e+01
   4.2146510e+06   4.5898438e+01
   4.2147990e+06   4.3395996e+01
   4.2156230e+06   4.9255371e+01
   4.2160670e+06   3.9550781e+01
   4.2303810e+06   3.6560059e+01
   4.2317480e+06   3.6621094e+01
   4.2328180e+06   3.9794922e+01
   4.2330260e+06   3.8208008e+01
   4.2399220e+06   4.7485352e+01
   4.2479370e+06   3.8330078e+01
   4.2482700e+06   4.1503906e+01
   4.2725300e+06   3.9367676e+01
   4.2728490e+06   5.0598145e+01
   4.2738800e+06   4.2480469e+01
   4.2742260e+06   3.7719727e+01
   4.2750710e+06   3.6621094e+01
   4.2880590e+06   3.8208008e+01
   4.2893630e+06   4.2907715e+01
   4.3019270e+06   4.1564941e+01
   4.3103520e+06   3.7780762e+01
   4.3204740e+06   4.9865723e+01
   4.3261340e+06   3.7048340e+01
   4.3327420e+06   3.7841797e+01
   4.3387460e+06   3.7231445e+01
   4.3453120e+06   4.3457031e+01
   4.3544740e+06   4.2602539e+01
   4.3741880e+06   3.6865234e+01
   4.3746430e+06   4.0222168e+01
   4.3947840e+06   4.2907715e+01
   4.3989830e+06   4.8400879e+01
   4.4088360e+06   4.0588379e+01
   4.4102580e+06   3.8085938e+01
   4.4274020e+06   4.1687012e+01
   4.4391810e+06   4.0344238e+01
   4.4397170e+06   4.1320801e+01
   4.4476430e+06   5.1696777e+01
   4.4578930e+06   3.9855957e+01
   4.4585330e+06   3.6926270e+01
   4.4593860e+06   3.8879395e+01
   4.4765420e+06   3.8635254e+01
   4.4776510e+06   4.2846680e+01
   4.4781210e+06   4.6325684e+01
   4.5101360e+06   4.6081543e+01
   4.5164900e+06   3.9184570e+01
   4.5248570e+06   3.8513184e+01
   4.5255140e+06   4.1137695e+01
   4.5258580e+06   4.0222168e+01
   4.5316820e+06   3.9367676e+01
   4.5320000e+06   3.8208008e+01
   4.5325380e+06   3.6560059e+01
   4.5606730e+06   3.8574219e+01
   4.5659920e+06   5.3222656e+01
   4.5954920e+06   4.8522949e+01
   4.6020490e+06   3.6376953e+01
   4.6079420e+06   4.1381836e+01
   4.6123460e+06   4.5349121e+01
   4.6126680e+06   3.9123535e+01
   4.6129760e+06   4.7485352e+01
   4.6131230e+06   4.1137695e+01
   4.6135310e+06   4.4128418e+01
   4.6225290e+06   4.7546387e+01
   4.6229340e+06   3.8452148e+01
   4.6238960e+06   3.6499023e+01
   4.6304590e+06   3.7780762e+01
   4.6307180e+06   3.9794922e+01
   4.6346360e+06   4.0039062e+01
   4.6406310e+06   4.4128418e+01
   4.6540290e+06   4.7668457e+01
   4.6548330e+06   4.5104980e+01
   4.6612520e+06   4.6997070e+01
   4.6625600e+06   3.9672852e+01
   4.6639120e+06   4.1625977e+01
   4.6748190e+06   3.9367676e+01
   4.6904540e+06   4.2724609e+01
   4.6907560e+06   4.0161133e+01
   4.7136410e+06   4.1625977e+01
   4.7153890e+06   5.0415039e+01
   4.7225120e+06   5.0659180e+01
   4.7230330e+06   4.3640137e+01
   4.7481070e+06   5.0476074e+01
   4.7724040e+06   4.7546387e+01
   4.7855260e+06   3.9489746e+01
   4.8241010e+06   4.1870117e+01
   4.8618430e+06   4.8950195e+01
   4.8981350e+06   5.9692383e+01
   4.9218310e+06   5.1391602e+01
   4.9225260e+06   3.9428711e+01
   4.9325340e+06   5.7067871e+01
   4.9331400e+06   3.8330078e+01
   4.9389260e+06   4.2358398e+01
   4.9660960e+06   4.7729492e+01
   4.9810800e+06   5.1269531e+01
   4.9815110e+06   3.9062500e+01
   5.0057190e+06   5.7861328e+01
   5.0063080e+06   4.0649414e+01
   5.0209080e+06   4.5349121e+01
   5.0270390e+06   3.8635254e+01
   5.0272330e+06   4.3579102e+01
   5.0277410e+06   4.2480469e+01
   5.0277590e+06   3.7536621e+01
   5.0278970e+06   3.9062500e+01
   5.0386200e+06   3.8879395e+01
   5.0392070e+06   3.7414551e+01
   5.0616480e+06   4.3273926e+01
   5.0625900e+06   4.5043945e+01
   5.0658840e+06   4.2358398e+01
   5.0683220e+06   5.0659180e+01
   5.0712060e+06   3.6437988e+01
   5.0806840e+06   4.3029785e+01
   5.0908690e+06   5.4321289e+01
   5.1018110e+06   4.7424316e+01
   5.1160100e+06   3.8513184e+01
   5.1180080e+06   6.1401367e+01
   5.1190790e+06   4.1625977e+01
   5.1192530e+06   4.2358398e+01
   5.1204480e+06   3.6621094e+01
   5.1207130e+06   3.7353516e+01
   5.1208320e+06   4.3212891e+01
   5.1211610e+06   4.2724609e+01
   5.1213940e+06   3.7353516e+01
   5.1218970e+06   4.8156738e+01
   5.1331010e+06   3.8330078e+01
   5.1355680e+06   3.9855957e+01
   5.1363700e+06   4.0039062e+01
   5.1423030e+06   4.0771484e+01
   5.1622510e+06   3.6560059e+01
   5.1854550e+06   4.4616699e+01
   5.2290880e+06   5.0109863e+01
   5.2319100e+06   4.9316406e+01
   5.2510250e+06   4.6875000e+01
   5.3006110e+06   4.6813965e+01
   5.3673480e+06   3.8635254e+01
   5.3680040e+06   3.7231445e+01
   5.3835180e+06   5.4260254e+01
   5.4162000e+06   4.3945312e+01
   5.4260790e+06   3.7780762e+01
   5.4291830e+06   4.8828125e+01
   5.4313590e+06   3.6865234e+01
   5.4718470e+06   3.8024902e+01
   5.4872740e+06   3.8330078e+01
   5.5158010e+06   5.0354004e+01
   5.5178100e+06   4.1015625e+01
   5.5466070e+06   4.2663574e+01
   5.5531570e+06   4.0100098e+01
   5.5532200e+06   5.5236816e+01
   5.5545480e+06   3.8513184e+01
   5.5551730e+06   3.8574219e+01
   5.5552870e+06   4.0100098e+01
   5.5555240e+06   3.7963867e+01
   5.5558350e+06   4.2114258e+01
   5.5849830e+06   4.9255371e+01
   5.5854960e+06   3.7658691e+01
   5.5860370e+06   3.7231445e+01
   5.5926870e+06   4.3273926e+01
   5.5943810e+06   4.0710449e+01
   5.5972860e+06   3.8696289e+01
   5.6023350e+06   4.4494629e+01
   5.6030000e+06   3.8757324e+01
   5.6191030e+06   4.8217773e+01
   5.6285170e+06   3.8879395e+01
   5.6508720e+06   4.0344238e+01
   5.6649590e+06   4.4799805e+01
   5.6677390e+06   3.6987305e+01
   5.6792340e+06   3.6865234e+01
   5.6876500e+06   5.1391602e+01
   5.6909010e+06   3.9489746e+01
   5.6998720e+06   4.7424316e+01
   5.7004240e+06   3.7048340e+01
   5.7005130e+06   3.6376953e+01
   5.7189520e+06   4.6875000e+01
   5.7755420e+06   4.8156738e+01
   5.7759640e+06   3.7475586e+01
   5.7961550e+06   4.9255371e+01
   5.8031510e+06   4.9560547e+01
   5.8686410e+06   4.2846680e+01
   5.8689570e+06   4.4921875e+01
   5.8934630e+06   4.1137695e+01
   5.8947640e+06   4.5288086e+01
   5.9126770e+06   4.2968750e+01
   5.9127410e+06   3.9794922e+01
   5.9182100e+06   4.0710449e+01
   5.9225850e+06   3.6437988e+01
   5.9226100e+06   4.5776367e+01
   5.9246660e+06   5.9631348e+01
   5.9253650e+06   4.2236328e+01
   5.9360700e+06   3.8757324e+01
   5.9408860e+06   5.1757812e+01
   5.9421400e+06   4.1809082e+01
   5.9450130e+06   3.8879395e+01
   5.9468410e+06   4.7119141e+01
   5.9578700e+06   5.1025391e+01
   5.9680950e+06   4.9499512e+01
   5.9685810e+06   3.7231445e+01
   5.9689520e+06   4.5288086e+01
   5.9757410e+06   3.6437988e+01
   5.9871690e+06   4.5654297e+01
   5.9875350e+06   3.9672852e+01
   5.9886300e+06   4.8339844e+01
   6.0052920e+06   3.7231445e+01
   6.0069790e+06   5.2917480e+01
   6.0567290e+06   5.0415039e+01
   6.1025390e+06   5.9082031e+01
   6.1057490e+06   4.6997070e+01
   6.1160430e+06   4.6630859e+01
   6.1240640e+06   4.7180176e+01
   6.1244440e+06   4.1259766e+01
   6.1259990e+06   3.9306641e+01
   6.1700830e+06   4.4250488e+01
   6.1716260e+06   3.8696289e+01
   6.1968260e+06   4.1931152e+01
   6.2024930e+06   3.8085938e+01
   6.2077720e+06   3.9428711e+01
   6.2721440e+06   4.8339844e+01
   6.3133040e+06   5.5175781e+01
   6.3141800e+06   3.9733887e+01
   6.3174230e+06   3.7597656e+01
   6.3242900e+06   4.5776367e+01
   6.3819640e+06   5.2001953e+01
   6.3920570e+06   3.9489746e+01
   6.4274930e+06   3.7414551e+01
   6.4276220e+06   3.8146973e+01
   6.4283440e+06   4.3518066e+01
   6.4291360e+06   7.0983887e+01
   6.4293780e+06   4.5898438e+01
   6.4296810e+06   4.1687012e+01
   6.4298320e+06   3.8085938e+01
   6.4299040e+06   3.6437988e+01
   6.4433550e+06   4.7363281e+01
   6.4438780e+06   4.1137695e+01
   6.4490280e+06   3.8024902e+01
   6.4607920e+06   5.0964355e+01
   6.4608630e+06   4.1076660e+01
   6.4612320e+06   4.3212891e+01
   6.4673940e+06   4.0527344e+01
   6.4679090e+06   5.2734375e+01
   6.4742470e+06   5.3833008e+01
   6.4745190e+06   4.6630859e+01
   6.4876230e+06   3.7109375e+01
   6.4887970e+06   4.3029785e+01
   6.4951560e+06   4.7119141e+01
   6.5052390e+06   3.9855957e+01
   6.5271080e+06   3.8208008e+01
   6.5878680e+06   4.1076660e+01
   6.5883360e+06   3.6865234e+01
   6.6110100e+06   4.7485352e+01
   6.6255280e+06   4.6508789e+01
   6.6258960e+06   3.6437988e+01
   6.6331610e+06   3.6682129e+01
   6.6702620e+06   3.8146973e+01
   6.6947880e+06   3.8391113e+01
   6.7029660e+06   5.6274414e+01
   6.7154050e+06   3.7170410e+01
   6.7649770e+06   4.0710449e+01
   6.7651600e+06   5.6091309e+01
   6.7662790e+06   4.0588379e+01
   6.7755440e+06   5.2734375e+01
   6.7773870e+06   3.7414551e+01
   6.7777390e+06   6.3781738e+01
   6.7778160e+06   3.8635254e+01
   6.7778810e+06   3.6987305e+01
   6.7781130e+06   3.9184570e+01
   6.7784180e+06   4.3579102e+01
   6.8055340e+06   4.9621582e+01
   6.8134390e+06   3.7475586e+01
   6.8135180e+06   4.7363281e+01
   6.8143220e+06   3.6621094e+01
   6.8151410e+06   5.2429199e+01
   6.8153960e+06   3.9428711e+01
   6.8236960e+06   4.7546387e+01
   6.8346250e+06   4.0222168e+01
   6.8363200e+06   6.1218262e+01
   6.8366140e+06   4.0405273e+01
   6.8369740e+06   3.7841797e+01
   6.8614180e+06   3.7109375e+01
   6.8657140e+06   3.6682129e+01
   6.9584510e+06   4.3579102e+01
   6.9593720e+06   3.8269043e+01
   7.0736780e+06   3.8635254e+01
   7.1380820e+06   4.7302246e+01
   7.1528770e+06   4.6752930e+01
   7.1784320e+06   5.6213379e+01
   7.1791610e+06   3.7597656e+01
   7.1865960e+06   5.0109863e+01
   7.2235240e+06   4.0832520e+01
   7.2281550e+06   4.7973633e+01
   7.2741920e+06   3.8879395e+01
   7.2764150e+06   3.7841797e+01
   7.2768180e+06   4.4616699e+01
   7.2770760e+06   3.7109375e+01
   7.2892230e+06   5.1269531e+01
   7.3428290e+06   5.9509277e+01
   7.3430650e+06   4.0710449e+01
   7.3888510e+06   4.8400879e+01
   7.3891970e+06   4.0954590e+01
   7.4036020e+06   3.8391113e+01
   7.4169360e+06   3.7292480e+01
   7.4687730e+06   5.3588867e+01
   7.4916350e+06   4.2968750e+01
   7.5079040e+06   5.7006836e+01
   7.5217850e+06   5.0476074e+01
   7.5242070e+06   3.9001465e+01
   7.5757720e+06   5.7983398e+01
   7.5805110e+06   4.8583984e+01
   7.5806300e+06   5.0170898e+01
   7.5809990e+06   4.6936035e+01
   7.5946740e+06   3.8696289e+01
   7.5959980e+06   3.8146973e+01
   7.6029320e+06   4.1992188e+01
   7.6032730e+06   3.7292480e+01
   7.6036240e+06   4.1076660e+01
   7.6048110e+06   4.0771484e+01
   7.6048980e+06   4.0039063e+01
   7.6051300e+06   6.2011719e+01
   7.6052590e+06   4.2297363e+01
   7.6053000e+06   3.7231445e+01
   7.6056710e+06   4.3823242e+01
   7.6170180e+06   4.3273926e+01
   7.6249590e+06   5.1879883e+01
   7.6256310e+06   4.1015625e+01
   7.6263310e+06   4.3090820e+01
   7.6267320e+06   4.2419434e+01
   7.6274780e+06   5.8471680e+01
   7.6277190e+06   4.0161133e+01
   7.6305680e+06   4.0710449e+01
   7.6314310e+06   3.7719727e+01
   7.6366690e+06   3.6376953e+01
   7.6438540e+06   3.8085938e+01
   7.6443370e+06   3.6865234e+01
   7.6448070e+06   3.8330078e+01
   7.6451140e+06   4.7790527e+01
   7.6456540e+06   3.7231445e+01
   7.6458420e+06   4.0710449e+01
   7.6462100e+06   3.8574219e+01
   7.6465760e+06   3.7292480e+01
   7.6555960e+06   4.0283203e+01
   7.6806480e+06   3.9550781e+01
   7.6884270e+06   3.6621094e+01
   7.6901100e+06   4.3090820e+01
   7.6903940e+06   4.0649414e+01
   7.7022070e+06   4.5104980e+01
   7.7030330e+06   4.1992188e+01
   7.7153300e+06   4.0283203e+01
   7.7173960e+06   4.9804688e+01
   7.7204950e+06   3.7170410e+01
   7.7437470e+06   5.0659180e+01
   7.7872080e+06   5.0537109e+01
   7.9222220e+06   4.7546387e+01
   7.9320310e+06   3.7048340e+01
   7.9440870e+06   4.9499512e+01
   7.9887780e+06   4.5959473e+01
   7.9990270e+06   4.7790527e+01
   8.0156020e+06   3.8146973e+01
   8.0233290e+06   3.7780762e+01
   8.0668830e+06   3.8940430e+01
   8.0747220e+06   4.1564941e+01
   8.0811540e+06   3.9550781e+01
   8.1093760e+06   4.9194336e+01
   8.1626080e+06   5.1635742e+01
   8.1656060e+06   4.6508789e+01
   8.2020980e+06   5.2917480e+01
   8.2383310e+06   3.7353516e+01
   8.2390130e+06   4.7607422e+01
   8.2392900e+06   3.9489746e+01
   8.2394900e+06   4.0710449e+01
   8.2410040e+06   5.5603027e+01
   8.2412180e+06   5.4748535e+01
   8.2414700e+06   4.7546387e+01
   8.2416760e+06   4.9804688e+01
   8.2420620e+06   4.6264648e+01
   8.2520280e+06   3.9123535e+01
   8.2543210e+06   5.6335449e+01
   8.2547440e+06   3.6437988e+01
   8.2619880e+06   3.9306641e+01
   8.2623160e+06   4.1503906e+01
   8.2626550e+06   6.0852051e+01
   8.2633200e+06   4.2053223e+01
   8.2650890e+06   3.6926270e+01
   8.2808880e+06   4.2236328e+01
   8.2863250e+06   3.6743164e+01
   8.2864990e+06   3.6376953e+01
   8.2865110e+06   4.1137695e+01
   8.2867270e+06   4.0771484e+01
   8.2868680e+06   3.6499023e+01
   8.2869960e+06   3.6437988e+01
   8.2870460e+06   3.6499023e+01
   8.2872240e+06   4.1564941e+01
   8.3016090e+06   3.8818359e+01
   8.3180040e+06   3.7597656e+01
   8.3225570e+06   4.4311523e+01
   8.3650520e+06   3.8330078e+01
   8.3661850e+06   4.8522949e+01
   8.3920660e+06   5.4992676e+01
   8.4275910e+06   5.2001953e+01
   8.4391460e+06   4.0588379e+01
   8.4863740e+06   5.7556152e+01
   8.5396490e+06   4.1748047e+01
   8.5433140e+06   3.8879395e+01
   8.5834870e+06   5.3344727e+01
   8.6748480e+06   4.1931152e+01
   8.6866700e+06   3.8085938e+01
   8.6870790e+06   4.2236328e+01
   8.7828740e+06   3.7780762e+01
   8.8034040e+06   5.7006836e+01
   8.8388210e+06   3.6376953e+01
   8.8388440e+06   5.8776855e+01
   8.8392240e+06   4.0161133e+01
   8.8392900e+06   3.8085938e+01
   8.8395790e+06   3.9733887e+01
   8.8401320e+06   4.3457031e+01
   8.8402650e+06   4.1503906e+01
   8.8405020e+06   4.0466309e+01
   8.8405160e+06   3.6560059e+01
   8.8406950e+06   3.7597656e+01
   8.8410940e+06   4.3640137e+01
   8.8709870e+06   4.0954590e+01
   8.8720490e+06   3.8696289e+01
   8.8725120e+06   3.9367676e+01
   8.8756950e+06   3.9855957e+01
   8.8778140e+06   3.7048340e+01
   8.8786400e+06   3.6682129e+01
   8.8790410e+06   3.8879395e+01
   8.8794430e+06   4.4006348e+01
   8.8881850e+06   3.6499023e+01
   8.8893360e+06   3.8452148e+01
   8.8896370e+06   4.6936035e+01
   8.8899460e+06   3.8757324e+01
   8.8902750e+06   4.2419434e+01
   8.8914500e+06   3.7780762e+01
   8.9493200e+06   4.8522949e+01
   8.9604520e+06   4.1015625e+01
   8.9846790e+06   4.6752930e+01
   8.9876820e+06   5.4687500e+01
