   8.9990000e+06   0.0000000e+00
   9.8857600e+05   3.6193848e+01
   9.8939900e+05   3.8391113e+01
   9.9042800e+05   3.6621094e+01
   1.5123240e+06   4.2785645e+01
   1.5126250e+06   3.9672852e+01
   1.6773480e+06   3.8024902e+01
   1.7894020e+06   4.8645020e+01
   1.8566790e+06   4.1503906e+01
   1.9287610e+06   3.6804199e+01
   1.9310520e+06   3.5278320e+01
   2.0100640e+06   3.9123535e+01
   2.1747700e+06   4.1625977e+01
   2.2178350e+06   4.2053223e+01
   2.2182480e+06   4.1992188e+01
   2.3400150e+06   3.5400391e+01
   2.5362890e+06   3.5949707e+01
   2.7105490e+06   3.5522461e+01
   3.0403670e+06   3.4973145e+01
   3.7736640e+06   3.4973145e+01
   4.3606270e+06   3.5949707e+01
   4.5384370e+06   3.5156250e+01
   4.5596290e+06   3.5278320e+01
   4.8569990e+06   4.6813965e+01
   4.9216130e+06   3.5888672e+01
   8.8407590e+06   3.6499023e+01
