   8.9990000e+06   0.0000000e+00
   3.3440000e+03   3.9184570e+01
   4.0270000e+03   4.0588379e+01
   3.7947000e+04   3.9489746e+01
   3.8640000e+04   3.8146973e+01
   3.9133000e+04   3.5766602e+01
   3.9355000e+04   3.5400391e+01
   3.9946000e+04   3.3569336e+01
   4.0551000e+04   3.6071777e+01
   4.5641000e+04   3.6010742e+01
   5.4447000e+04   3.3203125e+01
   6.0488000e+04   3.3569336e+01
   6.4868000e+04   3.6560059e+01
   8.3025000e+04   3.8696289e+01
   1.0255800e+05   3.5522461e+01
   1.7851100e+05   3.3203125e+01
   1.9652300e+05   3.5888672e+01
   1.9850800e+05   4.0039062e+01
   2.1114200e+05   3.2897949e+01
   2.1144800e+05   3.5278320e+01
   2.1540300e+05   3.6560059e+01
   2.1578100e+05   4.1015625e+01
   2.1873500e+05   3.3447266e+01
   2.2138700e+05   3.7048340e+01
   2.3167600e+05   3.6499023e+01
   2.6734200e+05   3.3264160e+01
   2.9449800e+05   3.6193848e+01
   3.0739700e+05   3.2836914e+01
   3.4727700e+05   3.5644531e+01
   3.6046800e+05   3.2775879e+01
   3.6503800e+05   3.3569336e+01
   3.8216000e+05   3.4301758e+01
   4.0208200e+05   3.6315918e+01
   4.1856000e+05   3.4606934e+01
   4.2897500e+05   3.9733887e+01
   4.7461500e+05   3.7963867e+01
   4.8177800e+05   3.6926270e+01
   4.8829400e+05   3.8635254e+01
   5.4289300e+05   3.7536621e+01
   5.4817500e+05   3.9306641e+01
   5.5995700e+05   3.3264160e+01
   5.7570000e+05   3.5095215e+01
   5.7868600e+05   3.3935547e+01
   5.8305700e+05   3.7658691e+01
   5.8805000e+05   3.3691406e+01
   6.0647900e+05   3.3630371e+01
   6.2782700e+05   3.3630371e+01
   6.5406000e+05   4.2968750e+01
   6.5423500e+05   4.1809082e+01
   6.7730900e+05   3.6132812e+01
   6.9040700e+05   3.3752441e+01
   7.4333600e+05   3.4118652e+01
   7.4649100e+05   3.3935547e+01
   7.7536100e+05   3.8940430e+01
   7.7842600e+05   3.4301758e+01
   8.1010500e+05   3.6743164e+01
   8.1655700e+05   3.7902832e+01
   8.3357000e+05   3.3264160e+01
   8.4407500e+05   3.9916992e+01
   8.4961500e+05   3.5827637e+01
   8.9178200e+05   3.7719727e+01
   8.9677200e+05   3.4179688e+01
   8.9930500e+05   3.3325195e+01
   9.0361400e+05   3.4362793e+01
   9.0435200e+05   3.5705566e+01
   9.0556900e+05   4.0283203e+01
   9.0621400e+05   3.5644531e+01
   9.0683200e+05   3.9428711e+01
   9.0713100e+05   3.8452148e+01
   9.0738300e+05   3.4057617e+01
   9.0771000e+05   3.5156250e+01
   9.1843300e+05   3.5095215e+01
   1.0020350e+06   3.4301758e+01
   1.0272300e+06   3.3508301e+01
   1.0500700e+06   3.5278320e+01
   1.0522180e+06   3.8146973e+01
   1.0573690e+06   4.4128418e+01
   1.0600800e+06   3.4545898e+01
   1.0620380e+06   4.0954590e+01
   1.0969730e+06   3.3081055e+01
   1.0971110e+06   3.7719727e+01
   1.1461330e+06   3.3935547e+01
   1.1546680e+06   3.4057617e+01
   1.1799220e+06   3.4118652e+01
   1.2077890e+06   3.6071777e+01
   1.2424800e+06   3.8024902e+01
   1.2466450e+06   3.6315918e+01
   1.2514060e+06   3.4851074e+01
   1.2521060e+06   3.9184570e+01
   1.2524550e+06   3.5278320e+01
   1.2527190e+06   3.5400391e+01
   1.3115830e+06   3.4545898e+01
   1.3243470e+06   3.3752441e+01
   1.3392980e+06   3.2775879e+01
   1.3397960e+06   3.3996582e+01
   1.3401680e+06   4.1076660e+01
   1.3819600e+06   3.7353516e+01
   1.3889130e+06   3.4484863e+01
   1.4018950e+06   3.4179688e+01
   1.4055060e+06   3.5400391e+01
   1.4088750e+06   4.1259766e+01
   1.4099690e+06   3.6071777e+01
   1.4356080e+06   3.5156250e+01
   1.4652370e+06   3.9489746e+01
   1.4704290e+06   3.5949707e+01
   1.4780560e+06   3.3447266e+01
   1.5097880e+06   3.4118652e+01
   1.5119250e+06   3.3325195e+01
   1.5521030e+06   3.4912109e+01
   1.5552750e+06   3.7475586e+01
   1.5641240e+06   3.3142090e+01
   1.5649670e+06   3.3447266e+01
   1.5652080e+06   3.4240723e+01
   1.5654890e+06   4.7363281e+01
   1.5655360e+06   3.5644531e+01
   1.5803350e+06   3.3203125e+01
   1.5879120e+06   3.8269043e+01
   1.5886210e+06   3.4057617e+01
   1.5935660e+06   3.8208008e+01
   1.5956730e+06   4.1076660e+01
   1.6060920e+06   3.3569336e+01
   1.6145120e+06   3.4057617e+01
   1.6328890e+06   3.7414551e+01
   1.6331920e+06   3.7170410e+01
   1.6340360e+06   3.8208008e+01
   1.6353760e+06   3.2836914e+01
   1.6370540e+06   3.5339355e+01
   1.6663380e+06   3.6621094e+01
   1.6788320e+06   3.4179688e+01
   1.6970430e+06   3.4790039e+01
   1.7046390e+06   3.7414551e+01
   1.7228360e+06   3.3264160e+01
   1.7306960e+06   3.3874512e+01
   1.7332540e+06   3.9489746e+01
   1.7334940e+06   3.3142090e+01
   1.7338350e+06   3.4301758e+01
   1.7354220e+06   3.2775879e+01
   1.7375310e+06   3.3203125e+01
   1.7665020e+06   4.0893555e+01
   1.7673240e+06   3.2897949e+01
   1.7692230e+06   3.3325195e+01
   1.7805880e+06   3.6865234e+01
   1.7813940e+06   3.4484863e+01
   1.7925210e+06   3.3630371e+01
   1.8147750e+06   3.3630371e+01
   1.8151590e+06   3.4362793e+01
   1.8163080e+06   3.3813477e+01
   1.8178410e+06   3.8574219e+01
   1.8183190e+06   3.5156250e+01
   1.8188390e+06   3.5217285e+01
   1.8190360e+06   3.2958984e+01
   1.8551710e+06   3.4667969e+01
   1.8566190e+06   4.0527344e+01
   1.8570650e+06   3.4545898e+01
   1.8574030e+06   3.3386230e+01
   1.8576230e+06   3.3508301e+01
   1.8578600e+06   3.5583496e+01
   1.8582900e+06   3.5278320e+01
   1.8586610e+06   3.3813477e+01
   1.8588360e+06   4.0893555e+01
   1.8590890e+06   3.3020020e+01
   1.8593280e+06   3.7902832e+01
   1.8598120e+06   3.6315918e+01
   1.8724090e+06   3.4057617e+01
   1.8741970e+06   3.4973145e+01
   1.8957010e+06   3.3691406e+01
   1.9159490e+06   4.1137695e+01
   1.9235030e+06   3.3691406e+01
   1.9423230e+06   3.3142090e+01
   1.9460360e+06   3.6071777e+01
   1.9465870e+06   3.6621094e+01
   1.9478520e+06   3.3142090e+01
   1.9486090e+06   3.3325195e+01
   1.9584990e+06   3.6865234e+01
   1.9657060e+06   3.3020020e+01
   1.9791000e+06   3.2897949e+01
   1.9831250e+06   3.7048340e+01
   1.9987690e+06   3.3081055e+01
   2.0218090e+06   3.4606934e+01
   2.0277200e+06   3.6315918e+01
   2.0512540e+06   3.4606934e+01
   2.0515500e+06   3.5278320e+01
   2.0521290e+06   3.4973145e+01
   2.0522180e+06   3.5461426e+01
   2.0523740e+06   3.3203125e+01
   2.0524130e+06   3.5339355e+01
   2.0528310e+06   3.3569336e+01
   2.0597770e+06   3.2775879e+01
   2.1051090e+06   3.3508301e+01
   2.1144920e+06   3.5034180e+01
   2.1212620e+06   3.4790039e+01
   2.1219210e+06   4.4555664e+01
   2.1221070e+06   3.5827637e+01
   2.1230090e+06   3.6254883e+01
   2.1238910e+06   3.5644531e+01
   2.1341610e+06   3.8696289e+01
   2.1355480e+06   4.0649414e+01
   2.1476800e+06   3.4545898e+01
   2.1681120e+06   3.4240723e+01
   2.1929930e+06   3.7597656e+01
   2.2191130e+06   4.1015625e+01
   2.2193770e+06   3.3630371e+01
   2.2196100e+06   3.4606934e+01
   2.2197810e+06   3.4545898e+01
   2.2198310e+06   4.0039062e+01
   2.2361740e+06   3.8513184e+01
   2.2388990e+06   3.3508301e+01
   2.2397210e+06   3.6804199e+01
   2.2497710e+06   3.3020020e+01
   2.2715630e+06   3.2958984e+01
   2.2864840e+06   3.6926270e+01
   2.2923220e+06   3.2836914e+01
   2.2945730e+06   3.3569336e+01
   2.3015520e+06   3.6254883e+01
   2.3026180e+06   4.2480469e+01
   2.3031050e+06   3.6193848e+01
   2.3034130e+06   4.1198730e+01
   2.3040730e+06   3.5705566e+01
   2.3150510e+06   3.4973145e+01
   2.3241630e+06   3.4362793e+01
   2.3275980e+06   3.8208008e+01
   2.3595030e+06   3.8269043e+01
   2.3642480e+06   3.5766602e+01
   2.3646570e+06   4.4006348e+01
   2.3648630e+06   3.3020020e+01
   2.3700940e+06   3.3447266e+01
   2.3922220e+06   3.3081055e+01
   2.3957960e+06   4.4189453e+01
   2.4070710e+06   3.7414551e+01
   2.4317930e+06   3.5705566e+01
   2.4323040e+06   3.9123535e+01
   2.4325220e+06   4.4921875e+01
   2.4328580e+06   3.9001465e+01
   2.4345710e+06   3.3752441e+01
   2.4663890e+06   3.8879395e+01
   2.4727010e+06   3.6193848e+01
   2.4730880e+06   3.2775879e+01
   2.4777600e+06   4.5898438e+01
   2.4780460e+06   3.5400391e+01
   2.4906220e+06   3.3325195e+01
   2.5048860e+06   3.8146973e+01
   2.5054520e+06   3.5278320e+01
   2.5090950e+06   4.7424316e+01
   2.5093710e+06   3.4851074e+01
   2.5181610e+06   3.4423828e+01
   2.5272160e+06   3.3996582e+01
   2.5385410e+06   3.6437988e+01
   2.5447950e+06   3.7719727e+01
   2.5479930e+06   3.7414551e+01
   2.5525630e+06   3.4790039e+01
   2.5736300e+06   3.3020020e+01
   2.5831190e+06   4.2480469e+01
   2.5956620e+06   4.4433594e+01
   2.5959840e+06   3.3203125e+01
   2.5963140e+06   3.4606934e+01
   2.5966750e+06   4.2968750e+01
   2.5969590e+06   3.8818359e+01
   2.5972010e+06   3.3752441e+01
   2.5974390e+06   3.4973145e+01
   2.5978930e+06   3.3569336e+01
   2.5995870e+06   3.4301758e+01
   2.6161370e+06   3.7719727e+01
   2.6212080e+06   3.3325195e+01
   2.6715980e+06   3.7536621e+01
   2.6758710e+06   3.6132812e+01
   2.6932470e+06   3.2836914e+01
   2.6955800e+06   3.4484863e+01
   2.6983880e+06   3.3081055e+01
   2.6984770e+06   3.6254883e+01
   2.7052440e+06   3.4179688e+01
   2.7055940e+06   4.0344238e+01
   2.7058950e+06   3.3264160e+01
   2.7069120e+06   3.4057617e+01
   2.7277980e+06   3.7353516e+01
   2.7341500e+06   3.6987305e+01
   2.7344580e+06   4.5227051e+01
   2.7456080e+06   3.5949707e+01
   2.7524700e+06   3.5888672e+01
   2.7664410e+06   3.4912109e+01
   2.7817050e+06   3.6132812e+01
   2.7818200e+06   3.5522461e+01
   2.7819780e+06   3.4179688e+01
   2.7825030e+06   3.3203125e+01
   2.8085910e+06   3.3752441e+01
   2.8129880e+06   3.9367676e+01
   2.8164600e+06   4.1870117e+01
   2.8355440e+06   3.7902832e+01
   2.8363480e+06   3.5888672e+01
   2.8455810e+06   3.4790039e+01
   2.8539280e+06   3.3996582e+01
   2.8543610e+06   4.0405273e+01
   2.8547810e+06   3.4301758e+01
   2.8592380e+06   4.4189453e+01
   2.8716250e+06   3.2775879e+01
   2.8745170e+06   4.7119141e+01
   2.8812090e+06   3.8146973e+01
   2.8906210e+06   3.7475586e+01
   2.8968490e+06   4.0039062e+01
   2.9323540e+06   3.3569336e+01
   2.9347980e+06   3.6987305e+01
   2.9523930e+06   3.5949707e+01
   2.9548250e+06   3.8208008e+01
   2.9552330e+06   4.3395996e+01
   2.9569420e+06   3.6987305e+01
   2.9574600e+06   3.3874512e+01
   2.9580180e+06   3.8208008e+01
   2.9581920e+06   3.4484863e+01
   2.9749030e+06   4.0344238e+01
   2.9841930e+06   3.3142090e+01
   2.9848130e+06   3.5827637e+01
   3.0105040e+06   3.8146973e+01
   3.0392400e+06   3.5217285e+01
   3.0438690e+06   4.3334961e+01
   3.0442820e+06   3.6010742e+01
   3.0445530e+06   3.4423828e+01
   3.0452260e+06   3.3020020e+01
   3.0573400e+06   3.5644531e+01
   3.0581230e+06   3.3386230e+01
   3.0706410e+06   3.8696289e+01
   3.0933830e+06   3.5095215e+01
   3.0936400e+06   3.5583496e+01
   3.0938870e+06   3.9306641e+01
   3.0939840e+06   3.3813477e+01
   3.1165820e+06   3.2897949e+01
   3.1184750e+06   3.9550781e+01
   3.1303200e+06   3.3630371e+01
   3.1315100e+06   3.4057617e+01
   3.1441390e+06   3.3142090e+01
   3.1533120e+06   3.5827637e+01
   3.1581620e+06   3.6499023e+01
   3.1653070e+06   4.2053223e+01
   3.1846090e+06   3.2897949e+01
   3.1851460e+06   3.4118652e+01
   3.1871260e+06   3.3081055e+01
   3.2128080e+06   3.3691406e+01
   3.2179610e+06   3.4362793e+01
   3.2179900e+06   3.4301758e+01
   3.2384950e+06   3.2897949e+01
   3.2416740e+06   3.3630371e+01
   3.2444980e+06   3.9184570e+01
   3.2447440e+06   3.4729004e+01
   3.2469920e+06   3.6560059e+01
   3.2598200e+06   3.4362793e+01
   3.2708290e+06   3.9550781e+01
   3.2768540e+06   3.4912109e+01
   3.2816620e+06   4.0039062e+01
   3.3036700e+06   3.3264160e+01
   3.3177590e+06   3.3386230e+01
   3.3365070e+06   3.3508301e+01
   3.3482370e+06   4.0222168e+01
   3.3484440e+06   3.6010742e+01
   3.3572230e+06   3.8330078e+01
   3.3765250e+06   3.3020020e+01
   3.4002320e+06   3.6865234e+01
   3.4038810e+06   3.4240723e+01
   3.4053160e+06   3.7048340e+01
   3.4057230e+06   4.1198730e+01
   3.4060770e+06   3.4301758e+01
   3.4068340e+06   3.4362793e+01
   3.4076420e+06   3.5583496e+01
   3.4332480e+06   3.2836914e+01
   3.4518780e+06   3.3935547e+01
   3.4637400e+06   3.4423828e+01
   3.4665380e+06   4.0039063e+01
   3.4844600e+06   3.7841797e+01
   3.4862820e+06   3.3325195e+01
   3.4989000e+06   3.7475586e+01
   3.4998400e+06   3.3203125e+01
   3.5058520e+06   3.6437988e+01
   3.5297850e+06   3.5949707e+01
   3.5443180e+06   4.0893555e+01
   3.5566860e+06   3.8146973e+01
   3.5573410e+06   3.6926270e+01
   3.5888970e+06   4.2114258e+01
   3.5960920e+06   4.0100098e+01
   3.6156250e+06   3.6254883e+01
   3.6176270e+06   3.4484863e+01
   3.6194470e+06   3.6743164e+01
   3.6196690e+06   3.5705566e+01
   3.6201550e+06   3.9123535e+01
   3.6207020e+06   3.5705566e+01
   3.6210670e+06   3.4606934e+01
   3.6214650e+06   3.7780762e+01
   3.6219450e+06   3.3935547e+01
   3.6331210e+06   3.3386230e+01
   3.6386180e+06   3.7475586e+01
   3.6554820e+06   3.2836914e+01
   3.6986350e+06   3.3447266e+01
   3.7098960e+06   3.9978027e+01
   3.7100220e+06   3.4790039e+01
   3.7273970e+06   3.7658691e+01
   3.7276240e+06   3.5827637e+01
   3.7280210e+06   3.9306641e+01
   3.7369330e+06   3.4179688e+01
   3.7390200e+06   3.6499023e+01
   3.7439520e+06   3.3996582e+01
   3.7601220e+06   4.0527344e+01
   3.7774120e+06   3.5461426e+01
   3.7842030e+06   3.4667969e+01
   3.7940820e+06   3.5339355e+01
   3.7944270e+06   3.3325195e+01
   3.7946900e+06   3.6010742e+01
   3.7959300e+06   3.3569336e+01
   3.8046340e+06   3.3996582e+01
   3.8160270e+06   3.4973145e+01
   3.8192010e+06   3.6010742e+01
   3.8342570e+06   3.4057617e+01
   3.8346430e+06   3.6926270e+01
   3.8516780e+06   3.3569336e+01
   3.8620910e+06   3.8269043e+01
   3.8636270e+06   3.4973145e+01
   3.8639470e+06   3.3752441e+01
   3.8646850e+06   3.5766602e+01
   3.9105360e+06   3.7658691e+01
   3.9109800e+06   3.4606934e+01
   3.9123590e+06   3.9733887e+01
   3.9416000e+06   3.2897949e+01
   3.9504230e+06   3.5949707e+01
   3.9707070e+06   3.4851074e+01
   3.9751100e+06   4.4982910e+01
   3.9753840e+06   3.5522461e+01
   3.9759860e+06   3.3264160e+01
   3.9813920e+06   3.3325195e+01
   3.9890330e+06   3.8696289e+01
   3.9912900e+06   3.5400391e+01
   4.0046790e+06   3.7353516e+01
   4.0102490e+06   3.4606934e+01
   4.0364400e+06   3.4301758e+01
   4.0469690e+06   3.5888672e+01
   4.0792710e+06   3.4118652e+01
   4.1161200e+06   4.3090820e+01
   4.1324980e+06   3.2775879e+01
   4.1469620e+06   3.8513184e+01
   4.1472640e+06   3.3691406e+01
   4.1538540e+06   3.9062500e+01
   4.1542140e+06   3.4057617e+01
   4.1544330e+06   3.6315918e+01
   4.1546180e+06   3.4240723e+01
   4.1551060e+06   3.2958984e+01
   4.1906550e+06   3.8696289e+01
   4.2013390e+06   3.8513184e+01
   4.2029790e+06   3.6804199e+01
   4.2125510e+06   3.3386230e+01
   4.2126250e+06   3.3691406e+01
   4.2477520e+06   3.5644531e+01
   4.2540480e+06   3.3020020e+01
   4.2640180e+06   3.7658691e+01
   4.2978780e+06   3.6743164e+01
   4.3069140e+06   3.7414551e+01
   4.3149830e+06   3.3874512e+01
   4.3166660e+06   3.5644531e+01
   4.3345610e+06   3.3569336e+01
   4.3386250e+06   3.3935547e+01
   4.3462120e+06   3.3325195e+01
   4.3468530e+06   3.3508301e+01
   4.3570380e+06   3.3325195e+01
   4.3933430e+06   3.3874512e+01
   4.3947170e+06   3.5034180e+01
   4.3954640e+06   3.8269043e+01
   4.3957070e+06   4.4555664e+01
   4.3969140e+06   3.8818359e+01
   4.3977740e+06   3.3325195e+01
   4.3985840e+06   3.3081055e+01
   4.4080370e+06   3.5766602e+01
   4.4233440e+06   3.5156250e+01
   4.4296100e+06   3.5888672e+01
   4.4298960e+06   3.3264160e+01
   4.4365850e+06   3.3752441e+01
   4.4553890e+06   3.3569336e+01
   4.4645720e+06   3.3142090e+01
   4.4713920e+06   3.3996582e+01
   4.5147220e+06   3.2775879e+01
   4.5265760e+06   4.1259766e+01
   4.5322470e+06   3.5400391e+01
   4.5453850e+06   4.4494629e+01
   4.5612660e+06   3.4240723e+01
   4.5868630e+06   3.2958984e+01
   4.5936050e+06   3.5583496e+01
   4.6062540e+06   3.4179688e+01
   4.6108400e+06   3.4179688e+01
   4.6130160e+06   3.3203125e+01
   4.6143050e+06   3.3081055e+01
   4.6162370e+06   3.4179688e+01
   4.6229760e+06   3.4301758e+01
   4.6235050e+06   3.7414551e+01
   4.6374370e+06   3.3935547e+01
   4.6388360e+06   3.8452148e+01
   4.6513960e+06   3.6254883e+01
   4.6581540e+06   4.0466309e+01
   4.6695820e+06   3.3874512e+01
   4.6858760e+06   3.7536621e+01
   4.6987520e+06   3.5949707e+01
   4.7154210e+06   3.3142090e+01
   4.7169260e+06   3.4301758e+01
   4.7175860e+06   3.4240723e+01
   4.7217050e+06   3.5339355e+01
   4.7674770e+06   3.7109375e+01
   4.7907780e+06   3.8146973e+01
   4.8160950e+06   3.5461426e+01
   4.8171810e+06   4.0954590e+01
   4.8184900e+06   4.1320801e+01
   4.8283980e+06   3.3081055e+01
   4.8416400e+06   3.3325195e+01
   4.8650620e+06   4.1015625e+01
   4.8725570e+06   3.4912109e+01
   4.8868360e+06   3.9428711e+01
   4.8882460e+06   3.7231445e+01
   4.9194730e+06   3.5827637e+01
   4.9488160e+06   3.4301758e+01
   4.9535050e+06   3.9855957e+01
   4.9647560e+06   3.3508301e+01
   4.9833840e+06   3.8696289e+01
   4.9926340e+06   3.4606934e+01
   4.9976430e+06   3.5034180e+01
   4.9979760e+06   3.4301758e+01
   5.0217470e+06   4.3823242e+01
   5.0256080e+06   3.9306641e+01
   5.0303170e+06   3.5400391e+01
   5.0395860e+06   3.2775879e+01
   5.0559090e+06   3.8085938e+01
   5.0567000e+06   4.3762207e+01
   5.0763510e+06   3.3386230e+01
   5.0869190e+06   3.5827637e+01
   5.0888180e+06   3.4362793e+01
   5.1178330e+06   4.4982910e+01
   5.1338890e+06   3.8330078e+01
   5.1394570e+06   3.8085938e+01
   5.1399830e+06   3.6193848e+01
   5.1814090e+06   3.8818359e+01
   5.1889010e+06   4.2846680e+01
   5.1895280e+06   3.3386230e+01
   5.1896600e+06   3.3874512e+01
   5.2102100e+06   3.9306641e+01
   5.2537250e+06   3.8391113e+01
   5.2721450e+06   3.3630371e+01
   5.2726030e+06   3.3142090e+01
   5.2728660e+06   5.7983398e+01
   5.2731930e+06   3.4729004e+01
   5.2736540e+06   3.9611816e+01
   5.2745980e+06   3.9550781e+01
   5.2857020e+06   3.2897949e+01
   5.3166660e+06   3.9184570e+01
   5.3257830e+06   3.4606934e+01
   5.3492620e+06   3.7536621e+01
   5.3739810e+06   3.4912109e+01
   5.3806300e+06   3.4301758e+01
   5.3965460e+06   3.4484863e+01
   5.3972190e+06   3.5156250e+01
   5.4123060e+06   4.3640137e+01
   5.4228730e+06   3.4729004e+01
   5.4231680e+06   3.6010742e+01
   5.4331380e+06   3.5949707e+01
   5.4686280e+06   3.5522461e+01
   5.4877570e+06   3.5644531e+01
   5.5040370e+06   3.5705566e+01
   5.5042690e+06   3.3752441e+01
   5.5317150e+06   3.6010742e+01
   5.5512310e+06   3.7536621e+01
   5.5676890e+06   3.6926270e+01
   5.5889820e+06   4.4128418e+01
   5.5980340e+06   3.5095215e+01
   5.6090030e+06   3.6132812e+01
   5.6092150e+06   3.4118652e+01
   5.6339410e+06   4.1564941e+01
   5.6356720e+06   4.0039062e+01
   5.6388550e+06   3.4057617e+01
   5.6451110e+06   3.7048340e+01
   5.6454680e+06   3.6132812e+01
   5.6618910e+06   4.4799805e+01
   5.6883610e+06   4.0405273e+01
   5.6886380e+06   3.9428711e+01
   5.6886840e+06   3.8940430e+01
   5.7399970e+06   3.5522461e+01
   5.7651640e+06   3.4240723e+01
   5.7871390e+06   3.2775879e+01
   5.7986810e+06   3.3325195e+01
   5.8130330e+06   3.2775879e+01
   5.8225670e+06   3.9733887e+01
   5.8255430e+06   3.2897949e+01
   5.8449780e+06   3.6804199e+01
   5.8606150e+06   3.3203125e+01
   5.8672560e+06   3.4179688e+01
   5.8799860e+06   3.5461426e+01
   5.9222190e+06   3.9611816e+01
   5.9227160e+06   3.4423828e+01
   5.9228500e+06   3.6865234e+01
   5.9362220e+06   3.3203125e+01
   5.9396920e+06   3.8818359e+01
   5.9419070e+06   3.4362793e+01
   5.9447000e+06   4.1687012e+01
   5.9450850e+06   3.5461426e+01
   5.9451670e+06   3.8208008e+01
   5.9590510e+06   3.5888672e+01
   5.9711900e+06   3.6743164e+01
   5.9812840e+06   3.9489746e+01
   6.0024580e+06   3.8635254e+01
   6.0146220e+06   3.3386230e+01
   6.0679230e+06   4.4555664e+01
   6.0755060e+06   3.6193848e+01
   6.0875400e+06   3.6071777e+01
   6.0923870e+06   4.3151855e+01
   6.1432870e+06   3.3996582e+01
   6.1704990e+06   3.9550781e+01
   6.1714140e+06   3.7048340e+01
   6.2124990e+06   3.2897949e+01
   6.2209380e+06   4.2968750e+01
   6.2259210e+06   3.7719727e+01
   6.2637360e+06   3.4423828e+01
   6.2862000e+06   3.3874512e+01
   6.3295130e+06   4.1992188e+01
   6.3340250e+06   3.5705566e+01
   6.3520830e+06   3.8024902e+01
   6.3646280e+06   3.2958984e+01
   6.3648050e+06   3.3874512e+01
   6.3740490e+06   3.7780762e+01
   6.3974320e+06   3.8574219e+01
   6.4017170e+06   3.3447266e+01
   6.4212630e+06   3.5888672e+01
   6.4279840e+06   4.6325684e+01
   6.4582580e+06   3.8635254e+01
   6.4817320e+06   3.2775879e+01
   6.5194170e+06   4.6752930e+01
   6.6028130e+06   3.5156250e+01
   6.6261560e+06   3.4545898e+01
   6.6265620e+06   3.5034180e+01
   6.6397520e+06   3.4790039e+01
   6.6515470e+06   4.2480469e+01
   6.6573180e+06   3.4545898e+01
   6.7772380e+06   3.4362793e+01
   6.7775520e+06   3.9123535e+01
   6.8159060e+06   3.6926270e+01
   6.8341240e+06   4.0283203e+01
   6.8358660e+06   4.2846680e+01
   6.8829510e+06   3.3020020e+01
   6.9020530e+06   3.3813477e+01
   6.9148520e+06   3.5034180e+01
   6.9452950e+06   4.0954590e+01
   6.9829970e+06   3.5400391e+01
   6.9945580e+06   3.5461426e+01
   7.0404430e+06   3.6804199e+01
   7.0718790e+06   4.5410156e+01
   7.0893510e+06   3.7048340e+01
   7.1007570e+06   3.2775879e+01
   7.1203170e+06   3.9123535e+01
   7.2100850e+06   3.9855957e+01
   7.2265630e+06   4.0527344e+01
   7.2389680e+06   3.8940430e+01
   7.2557120e+06   3.8269043e+01
   7.2587400e+06   3.7719727e+01
   7.2755310e+06   3.8818359e+01
   7.2799640e+06   3.5461426e+01
   7.3122890e+06   3.3020020e+01
   7.3308740e+06   3.7048340e+01
   7.3561260e+06   3.4545898e+01
   7.3701210e+06   3.9123535e+01
   7.3917190e+06   3.8024902e+01
   7.3939110e+06   3.6804199e+01
   7.4158600e+06   3.8757324e+01
   7.4490730e+06   3.4057617e+01
   7.4538350e+06   4.1259766e+01
   7.4739030e+06   3.5583496e+01
   7.5372920e+06   3.6132812e+01
   7.5427780e+06   3.5949707e+01
   7.6022810e+06   3.3447266e+01
   7.6125320e+06   3.4240723e+01
   7.6256180e+06   3.4545898e+01
   7.6264430e+06   3.6499023e+01
   7.6274040e+06   3.3020020e+01
   7.6283700e+06   3.3569336e+01
   7.6309620e+06   3.4606934e+01
   7.6437030e+06   3.9062500e+01
   7.6449180e+06   3.5278320e+01
   7.6481090e+06   3.2958984e+01
   7.7335230e+06   3.2836914e+01
   7.7751850e+06   3.4179688e+01
   7.7887430e+06   3.3691406e+01
   7.8025490e+06   4.2480469e+01
   7.8081510e+06   3.5949707e+01
   7.8302740e+06   3.7902832e+01
   7.9517340e+06   4.0832520e+01
   7.9616030e+06   3.8085938e+01
   7.9740000e+06   3.8696289e+01
   7.9863360e+06   3.4118652e+01
   8.0041050e+06   4.0588379e+01
   8.0300550e+06   3.5827637e+01
   8.0549700e+06   3.6682129e+01
   8.0751420e+06   3.4362793e+01
   8.1391540e+06   4.5471191e+01
   8.1546910e+06   3.6193848e+01
   8.1899580e+06   3.5034180e+01
   8.2062980e+06   4.0222168e+01
   8.2387040e+06   3.7780762e+01
   8.2595400e+06   3.3691406e+01
   8.2610810e+06   3.5949707e+01
   8.2616010e+06   3.5034180e+01
   8.2638030e+06   3.4179688e+01
   8.2640790e+06   3.4912109e+01
   8.2645500e+06   3.3203125e+01
   8.2868390e+06   3.4057617e+01
   8.3229480e+06   3.4912109e+01
   8.3257290e+06   4.1381836e+01
   8.3339850e+06   3.2836914e+01
   8.3443240e+06   3.3081055e+01
   8.4231870e+06   3.3386230e+01
   8.4724230e+06   3.7597656e+01
   8.4901870e+06   4.3151855e+01
   8.5327580e+06   3.9672852e+01
   8.5522520e+06   3.3569336e+01
   8.5923220e+06   3.3203125e+01
   8.6036030e+06   3.2897949e+01
   8.6302170e+06   3.3081055e+01
   8.6366330e+06   3.2775879e+01
   8.6698770e+06   3.8879395e+01
   8.6719460e+06   3.4057617e+01
   8.6856130e+06   3.7292480e+01
   8.7087790e+06   4.2907715e+01
   8.7117190e+06   3.4545898e+01
   8.7276760e+06   3.3081055e+01
   8.7432410e+06   3.7475586e+01
   8.7650790e+06   3.4301758e+01
   8.8032510e+06   3.4729004e+01
   8.8035840e+06   4.0283203e+01
   8.8236520e+06   3.4484863e+01
   8.8386970e+06   4.0649414e+01
   8.8392460e+06   3.3447266e+01
   8.8412960e+06   3.3630371e+01
   8.8595180e+06   3.3203125e+01
   8.8873580e+06   3.5156250e+01
   8.8884110e+06   3.3203125e+01
   8.8887790e+06   3.6682129e+01
   8.8895060e+06   3.4301758e+01
   8.8900610e+06   3.2897949e+01
   8.8906570e+06   4.0893555e+01
   8.8913610e+06   3.6193848e+01
   8.8916680e+06   4.0100098e+01
   8.8953040e+06   3.5522461e+01
   8.9051380e+06   3.7170410e+01
   8.9724910e+06   3.7170410e+01
   8.9896990e+06   3.7048340e+01
