   8.9990000e+06   0.0000000e+00
   4.0875000e+04   3.6987305e+01
   6.4978000e+04   4.0100098e+01
   1.9331900e+05   3.6560059e+01
   1.9612800e+05   4.3457031e+01
   1.9802300e+05   4.0283203e+01
   1.9843400e+05   3.8635254e+01
   2.4125600e+05   3.7475586e+01
   3.8213300e+05   3.6193848e+01
   4.5972600e+05   4.2480469e+01
   4.6072700e+05   3.6132812e+01
   5.1433000e+05   3.5827637e+01
   5.4863200e+05   4.3029785e+01
   6.0292900e+05   3.6376953e+01
   6.0385200e+05   3.7170410e+01
   6.0658800e+05   3.7231445e+01
   6.0926800e+05   3.9001465e+01
   7.3268200e+05   3.7475586e+01
   7.5363300e+05   4.1870117e+01
   7.5417400e+05   3.6254883e+01
   7.7519000e+05   3.7292480e+01
   8.1689300e+05   3.8635254e+01
   8.1737300e+05   3.7841797e+01
   8.1776300e+05   3.9855957e+01
   8.4135900e+05   3.5278320e+01
   8.7399500e+05   4.5532227e+01
   9.1828800e+05   3.8208008e+01
   9.2483200e+05   4.1931152e+01
   1.0464370e+06   3.8879395e+01
   1.0476650e+06   3.5827637e+01
   1.0747250e+06   4.2175293e+01
   1.1161450e+06   4.3640137e+01
   1.1328930e+06   3.8757324e+01
   1.1543510e+06   3.9306641e+01
   1.1546200e+06   3.6132812e+01
   1.1913010e+06   3.6132812e+01
   1.2111410e+06   3.7109375e+01
   1.2889330e+06   3.5339355e+01
   1.2933400e+06   3.7170410e+01
   1.3269550e+06   4.2846680e+01
   1.3272530e+06   3.6010742e+01
   1.4430970e+06   3.9428711e+01
   1.4647090e+06   3.7292480e+01
   1.5045270e+06   3.5461426e+01
   1.5611880e+06   3.8269043e+01
   1.5775250e+06   4.2785645e+01
   1.6879390e+06   4.2175293e+01
   1.7085020e+06   3.7048340e+01
   1.7524030e+06   3.8330078e+01
   1.7528950e+06   3.6376953e+01
   1.7536780e+06   3.8146973e+01
   1.7637840e+06   4.2175293e+01
   1.7758210e+06   3.5461426e+01
   1.8126600e+06   3.5339355e+01
   1.8740810e+06   4.1809082e+01
   1.8776030e+06   3.7963867e+01
   1.9323940e+06   3.6804199e+01
   2.0063380e+06   3.5461426e+01
   2.0080980e+06   3.5522461e+01
   2.0574690e+06   4.2846680e+01
   2.0751210e+06   4.0954590e+01
   2.0931820e+06   3.5522461e+01
   2.1744680e+06   4.1198730e+01
   2.1990960e+06   4.1992188e+01
   2.2319550e+06   3.5278320e+01
   2.2329760e+06   3.7170410e+01
   2.2714900e+06   3.6560059e+01
   2.3329570e+06   3.5705566e+01
   2.3353750e+06   3.5766602e+01
   2.3546120e+06   3.5339355e+01
   2.4410920e+06   4.3395996e+01
   2.4418810e+06   3.6560059e+01
   2.5613730e+06   3.9733887e+01
   2.6212610e+06   4.2236328e+01
   2.6925040e+06   4.2663574e+01
   2.6931530e+06   3.6254883e+01
   2.7467370e+06   3.5522461e+01
   2.7700950e+06   4.6813965e+01
   2.8180310e+06   3.8879395e+01
   2.8633650e+06   4.0100098e+01
   2.8635700e+06   3.7292480e+01
   2.9267370e+06   4.3640137e+01
   3.0078470e+06   3.8757324e+01
   3.0746240e+06   3.5522461e+01
   3.1622840e+06   4.0954590e+01
   3.2405260e+06   3.5522461e+01
   3.2848300e+06   3.6376953e+01
   3.3092960e+06   4.0344238e+01
   3.3096280e+06   3.7353516e+01
   3.4419030e+06   3.7475586e+01
   3.4812240e+06   4.5471191e+01
   3.4816730e+06   4.0100098e+01
   3.6050570e+06   3.5400391e+01
   3.6298580e+06   3.5888672e+01
   3.7592920e+06   3.5888672e+01
   3.8186810e+06   4.1503906e+01
   3.8195360e+06   4.1320801e+01
   3.8204630e+06   3.6804199e+01
   3.8623080e+06   3.7170410e+01
   3.9131060e+06   3.7963867e+01
   3.9841320e+06   4.2846680e+01
   3.9848520e+06   3.7231445e+01
   4.0678910e+06   3.7902832e+01
   4.2004450e+06   3.9794922e+01
   4.2012130e+06   3.7780762e+01
   4.3147990e+06   4.0649414e+01
   4.4608210e+06   3.5705566e+01
   4.4611450e+06   3.5705566e+01
   4.4620620e+06   3.6437988e+01
   4.4758390e+06   3.8085938e+01
   4.5670800e+06   3.6193848e+01
   4.6066390e+06   4.7729492e+01
   4.6077250e+06   4.0405273e+01
   4.6414170e+06   3.5766602e+01
   4.6805470e+06   4.5593262e+01
   5.0261760e+06   4.5715332e+01
   5.0265920e+06   3.9550781e+01
   5.1174070e+06   3.8696289e+01
   5.2575600e+06   3.5766602e+01
   5.2647850e+06   3.5827637e+01
   5.3843390e+06   4.0954590e+01
   5.3853360e+06   3.5583496e+01
   5.4356370e+06   3.8024902e+01
   5.5295110e+06   3.8085938e+01
   5.5540410e+06   3.7170410e+01
   5.6527530e+06   4.0588379e+01
   5.6562920e+06   3.9367676e+01
   5.6888940e+06   4.4250488e+01
   5.6897240e+06   4.0161133e+01
   5.8621130e+06   3.6743164e+01
   5.9221260e+06   4.0039062e+01
   5.9232880e+06   4.7302246e+01
   5.9241080e+06   3.9001465e+01
   5.9594170e+06   3.6682129e+01
   5.9599930e+06   3.6010742e+01
   6.1699620e+06   3.5827637e+01
   6.1712960e+06   4.1931152e+01
   6.4038580e+06   3.7475586e+01
   6.4279860e+06   3.6804199e+01
   6.4283510e+06   3.7353516e+01
   6.4803160e+06   3.7902832e+01
   6.6401700e+06   3.9367676e+01
   6.7450450e+06   4.3640137e+01
   6.7627920e+06   3.9733887e+01
   6.7764490e+06   4.0405273e+01
   6.7766110e+06   4.0649414e+01
   6.8167710e+06   3.8330078e+01
   6.8173850e+06   3.9184570e+01
   6.8668250e+06   3.9245605e+01
   6.8675510e+06   4.0100098e+01
   7.0414090e+06   3.6254883e+01
   7.2193410e+06   4.0039062e+01
   7.2758370e+06   3.6193848e+01
   7.2765040e+06   3.5827637e+01
   7.2769700e+06   3.5766602e+01
   7.4395510e+06   4.5349121e+01
   7.5142840e+06   3.6193848e+01
   7.5236440e+06   4.0527344e+01
   7.6029750e+06   4.6875000e+01
   7.6033090e+06   3.5339355e+01
   7.6040700e+06   4.1137695e+01
   7.6437750e+06   3.8513184e+01
   7.6440420e+06   3.5400391e+01
   7.6666750e+06   3.6254883e+01
   7.6670500e+06   3.6437988e+01
   7.6699410e+06   3.5522461e+01
   7.8806160e+06   3.8085938e+01
   8.0549580e+06   4.0832520e+01
   8.2295370e+06   4.7790527e+01
   8.2394600e+06   3.8757324e+01
   8.2398830e+06   3.7536621e+01
   8.2403860e+06   3.5278320e+01
   8.2816990e+06   4.8339844e+01
   8.2847620e+06   4.9926758e+01
   8.3209000e+06   3.7292480e+01
   8.3232200e+06   4.1320801e+01
   8.3236520e+06   3.6682129e+01
   8.6313620e+06   3.5522461e+01
   8.6858630e+06   4.4982910e+01
   8.6865830e+06   3.6010742e+01
   8.7554110e+06   4.2053223e+01
   8.7560960e+06   3.9794922e+01
   8.7995710e+06   4.3151855e+01
   8.8016140e+06   3.7231445e+01
   8.8021810e+06   3.6682129e+01
   8.8391670e+06   4.7729492e+01
   8.8638540e+06   3.6865234e+01
   8.8649590e+06   3.6071777e+01
   8.9108150e+06   3.7292480e+01
