   8.9990000e+06   0.0000000e+00
   8.1490000e+04   3.8391113e+01
   1.8905900e+05   3.6987305e+01
   1.9112400e+05   3.9001465e+01
   1.9628700e+05   4.2236328e+01
   1.9683600e+05   3.8940430e+01
   1.9699600e+05   3.5095215e+01
   1.9755300e+05   3.5156250e+01
   1.9831400e+05   4.1259766e+01
   2.0165900e+05   3.6010742e+01
   2.6010800e+05   3.5583496e+01
   2.9709900e+05   4.0222168e+01
   2.9739300e+05   4.0832520e+01
   3.3847800e+05   3.6193848e+01
   3.6495200e+05   5.2246094e+01
   3.6530600e+05   3.6010742e+01
   3.6565600e+05   3.7841797e+01
   3.6606900e+05   4.1931152e+01
   3.6616600e+05   4.3945312e+01
   3.6630300e+05   3.6804199e+01
   3.8159900e+05   3.6315918e+01
   3.8198800e+05   4.1137695e+01
   3.8209100e+05   3.7841797e+01
   3.8232200e+05   3.8391113e+01
   3.8244400e+05   3.6376953e+01
   3.8290900e+05   3.8574219e+01
   3.8303100e+05   3.7048340e+01
   3.8321300e+05   3.8208008e+01
   4.3785800e+05   3.8146973e+01
   5.2686500e+05   4.1992188e+01
   5.4807800e+05   3.7658691e+01
   5.4922800e+05   3.9367676e+01
   5.4960900e+05   3.6682129e+01
   5.5010500e+05   3.8024902e+01
   6.0608600e+05   4.2175293e+01
   6.0807600e+05   4.2907715e+01
   6.0849100e+05   3.5461426e+01
   6.3706600e+05   3.8635254e+01
   6.3863500e+05   3.9672852e+01
   6.4038400e+05   3.9855957e+01
   6.9431500e+05   4.1442871e+01
   6.9465400e+05   3.6926270e+01
   6.9489500e+05   3.6376953e+01
   6.9543700e+05   3.9428711e+01
   6.9654100e+05   3.7414551e+01
   7.5425900e+05   3.8024902e+01
   7.5441400e+05   4.6447754e+01
   7.5458900e+05   3.9001465e+01
   7.5466300e+05   3.6926270e+01
   7.5497100e+05   4.1259766e+01
   7.5514900e+05   3.7658691e+01
   7.5568300e+05   4.2907715e+01
   7.5603000e+05   3.7597656e+01
   7.5706700e+05   4.2114258e+01
   7.6342500e+05   4.1992188e+01
   7.7522900e+05   3.6132812e+01
   7.7541000e+05   3.9001465e+01
   7.7627400e+05   4.4067383e+01
   8.2301500e+05   3.7048340e+01
   8.8505500e+05   3.6193848e+01
   8.8523700e+05   3.8757324e+01
   8.8544200e+05   4.3273926e+01
   9.3100000e+05   3.9367676e+01
   1.0034260e+06   4.1320801e+01
   1.0035590e+06   3.8879395e+01
   1.0036480e+06   3.8085938e+01
   1.0037540e+06   3.5888672e+01
   1.0742500e+06   3.6926270e+01
   1.1319060e+06   4.4677734e+01
   1.1321420e+06   3.8024902e+01
   1.1324580e+06   3.5949707e+01
   1.1540650e+06   3.8696289e+01
   1.1543310e+06   3.5827637e+01
   1.1544800e+06   3.5766602e+01
   1.1550580e+06   3.9733887e+01
   1.1980810e+06   3.5522461e+01
   1.2780180e+06   3.5705566e+01
   1.2782300e+06   3.9367676e+01
   1.2783150e+06   3.5278320e+01
   1.2793700e+06   3.5217285e+01
   1.2841390e+06   3.5095215e+01
   1.2948250e+06   3.9062500e+01
   1.2951250e+06   4.1015625e+01
   1.2955780e+06   3.9123535e+01
   1.2957260e+06   3.7048340e+01
   1.3429030e+06   4.2541504e+01
   1.3431460e+06   3.7658691e+01
   1.3434520e+06   3.8269043e+01
   1.3447740e+06   3.5461426e+01
   1.3451690e+06   3.5583496e+01
   1.3453180e+06   3.9550781e+01
   1.3455530e+06   4.1442871e+01
   1.3561990e+06   3.7719727e+01
   1.4419950e+06   3.8330078e+01
   1.4425070e+06   3.9245605e+01
   1.4436120e+06   3.6987305e+01
   1.4440880e+06   3.7353516e+01
   1.5082300e+06   4.1320801e+01
   1.5083930e+06   3.9062500e+01
   1.5084940e+06   3.5522461e+01
   1.5087940e+06   4.7973633e+01
   1.5101810e+06   4.0100098e+01
   1.5105590e+06   3.7841797e+01
   1.5237170e+06   3.5461426e+01
   1.6268580e+06   3.9855957e+01
   1.6271890e+06   3.5278320e+01
   1.6280270e+06   3.6621094e+01
   1.6281910e+06   3.6315918e+01
   1.6287660e+06   3.7170410e+01
   1.6290950e+06   3.9184570e+01
   1.6734200e+06   3.7841797e+01
   1.6735780e+06   3.7780762e+01
   1.6738910e+06   3.9184570e+01
   1.7259730e+06   3.8146973e+01
   1.7519130e+06   3.7109375e+01
   1.7522250e+06   3.6071777e+01
   1.7544030e+06   3.9611816e+01
   1.7760390e+06   3.5156250e+01
   1.7763980e+06   3.8391113e+01
   1.7766370e+06   3.6987305e+01
   1.7776020e+06   3.6865234e+01
   1.7782950e+06   3.5949707e+01
   1.8393630e+06   3.5461426e+01
   1.8534750e+06   3.6254883e+01
   1.8723120e+06   3.6437988e+01
   1.8733570e+06   3.6987305e+01
   1.8735230e+06   3.8818359e+01
   1.8736740e+06   4.0954590e+01
   1.8738350e+06   3.6010742e+01
   1.8740160e+06   3.6254883e+01
   1.8742390e+06   3.5339355e+01
   1.8748930e+06   3.9306641e+01
   1.8751700e+06   3.9367676e+01
   1.8933610e+06   4.1625977e+01
   1.9286700e+06   3.7841797e+01
   1.9288180e+06   4.2968750e+01
   1.9289430e+06   3.6743164e+01
   2.0919880e+06   3.7963867e+01
   2.0996250e+06   3.5461426e+01
   2.1072490e+06   3.5095215e+01
   2.1255740e+06   3.7719727e+01
   2.1334490e+06   3.5705566e+01
   2.1340490e+06   4.1564941e+01
   2.1341560e+06   3.5461426e+01
   2.1347420e+06   3.7780762e+01
   2.1348810e+06   3.6010742e+01
   2.1350680e+06   3.9306641e+01
   2.1353800e+06   3.9978027e+01
   2.1356170e+06   3.6010742e+01
   2.1357490e+06   4.3579102e+01
   2.1670920e+06   3.6376953e+01
   2.1693470e+06   4.4860840e+01
   2.1703520e+06   3.5217285e+01
   2.1771760e+06   4.2236328e+01
   2.1774080e+06   4.2907715e+01
   2.1777620e+06   3.7841797e+01
   2.1780220e+06   4.0283203e+01
   2.1781770e+06   3.6499023e+01
   2.1788780e+06   3.7841797e+01
   2.2081840e+06   3.7719727e+01
   2.3092990e+06   3.6071777e+01
   2.3159920e+06   3.5339355e+01
   2.3328900e+06   3.8269043e+01
   2.3330100e+06   4.0161133e+01
   2.3338520e+06   3.7048340e+01
   2.3339620e+06   4.2663574e+01
   2.3354080e+06   4.0100098e+01
   2.3358420e+06   4.5043945e+01
   2.3369470e+06   4.1748047e+01
   2.3504330e+06   3.5461426e+01
   2.4253160e+06   3.9672852e+01
   2.4278690e+06   3.9855957e+01
   2.4283300e+06   4.1076660e+01
   2.5133140e+06   3.6682129e+01
   2.5216170e+06   3.8330078e+01
   2.5320510e+06   4.0039062e+01
   2.5321720e+06   3.6437988e+01
   2.5323460e+06   4.3395996e+01
   2.5324800e+06   3.9062500e+01
   2.5327940e+06   4.0466309e+01
   2.5704830e+06   3.7963867e+01
   2.5746320e+06   3.5278320e+01
   2.5756500e+06   3.7902832e+01
   2.5771920e+06   3.5156250e+01
   2.5828210e+06   4.1442871e+01
   2.5917410e+06   3.6621094e+01
   2.5978050e+06   4.4799805e+01
   2.5980680e+06   3.9245605e+01
   2.5982380e+06   4.1442871e+01
   2.5983420e+06   3.8330078e+01
   2.6199100e+06   4.1381836e+01
   2.6202940e+06   3.5949707e+01
   2.6205050e+06   3.5095215e+01
   2.6206480e+06   3.5278320e+01
   2.6208290e+06   3.9794922e+01
   2.6211900e+06   3.9306641e+01
   2.6212960e+06   3.5644531e+01
   2.6249980e+06   4.0405273e+01
   2.6437140e+06   3.8024902e+01
   2.6782620e+06   3.6987305e+01
   2.7025910e+06   4.2175293e+01
   2.7031940e+06   3.6071777e+01
   2.7324310e+06   3.5705566e+01
   2.7956420e+06   3.6682129e+01
   2.7970370e+06   3.5522461e+01
   2.8163660e+06   3.8452148e+01
   2.8167750e+06   3.9672852e+01
   2.8465840e+06   3.5339355e+01
   2.8467280e+06   3.6682129e+01
   2.8469610e+06   3.9428711e+01
   2.8471310e+06   4.3151855e+01
   2.8479950e+06   3.8330078e+01
   2.8704460e+06   3.5400391e+01
   2.8855840e+06   4.0832520e+01
   2.9156290e+06   3.5705566e+01
   2.9207580e+06   3.5461426e+01
   2.9308740e+06   4.1015625e+01
   2.9332650e+06   4.6264648e+01
   2.9337390e+06   3.6193848e+01
   2.9344270e+06   3.6132812e+01
   2.9352350e+06   3.9489746e+01
   2.9353710e+06   3.6804199e+01
   2.9355090e+06   3.6499023e+01
   2.9356270e+06   3.6376953e+01
   2.9358690e+06   4.1687012e+01
   3.0019960e+06   3.7170410e+01
   3.0220390e+06   3.7170410e+01
   3.1129650e+06   3.6560059e+01
   3.1557150e+06   3.5644531e+01
   3.1587910e+06   3.5095215e+01
   3.2316320e+06   3.7353516e+01
   3.2322860e+06   3.5339355e+01
   3.2325610e+06   3.7597656e+01
   3.2485170e+06   3.6132812e+01
   3.2489280e+06   3.7414551e+01
   3.2493800e+06   3.6743164e+01
   3.2497220e+06   3.5095215e+01
   3.2514650e+06   3.5888672e+01
   3.2841770e+06   3.6804199e+01
   3.2874920e+06   3.7109375e+01
   3.3087200e+06   4.9865723e+01
   3.3105860e+06   4.3212891e+01
   3.3107420e+06   3.6376953e+01
   3.3109290e+06   3.6437988e+01
   3.3242530e+06   3.6926270e+01
   3.3888200e+06   3.5339355e+01
   3.4009140e+06   3.8513184e+01
   3.4018910e+06   3.7170410e+01
   3.4021240e+06   4.1259766e+01
   3.4393030e+06   3.6010742e+01
   3.4529130e+06   3.7963867e+01
   3.4916070e+06   4.0405273e+01
   3.4921470e+06   3.6132812e+01
   3.4951330e+06   3.6499023e+01
   3.5966460e+06   4.3273926e+01
   3.5974690e+06   3.9428711e+01
   3.5983800e+06   3.8269043e+01
   3.5992670e+06   3.8208008e+01
   3.6212650e+06   3.6010742e+01
   3.6246490e+06   4.0100098e+01
   3.6256670e+06   3.6315918e+01
   3.6363970e+06   3.6560059e+01
   3.6372770e+06   3.7780762e+01
   3.6375820e+06   3.7841797e+01
   3.6488280e+06   3.5827637e+01
   3.6536250e+06   4.2846680e+01
   3.6957120e+06   3.6193848e+01
   3.7391780e+06   3.6010742e+01
   3.7990660e+06   3.8879395e+01
   3.7996950e+06   3.5095215e+01
   3.8601950e+06   3.6987305e+01
   3.9106000e+06   3.9184570e+01
   3.9108260e+06   3.6193848e+01
   3.9109590e+06   3.7231445e+01
   3.9110970e+06   3.9611816e+01
   3.9114210e+06   4.1503906e+01
   3.9115940e+06   3.9489746e+01
   3.9120460e+06   3.8635254e+01
   3.9129290e+06   3.6437988e+01
   3.9141580e+06   3.5400391e+01
   4.0940590e+06   4.1564941e+01
   4.0948650e+06   3.6010742e+01
   4.1032400e+06   3.7170410e+01
   4.1501900e+06   3.5766602e+01
   4.2000960e+06   4.0405273e+01
   4.2002870e+06   3.5278320e+01
   4.2005350e+06   3.6621094e+01
   4.2006620e+06   3.6071777e+01
   4.2008100e+06   3.6682129e+01
   4.2010540e+06   3.6071777e+01
   4.2044590e+06   3.6193848e+01
   4.2400320e+06   3.7292480e+01
   4.2796920e+06   3.7292480e+01
   4.2823180e+06   3.5705566e+01
   4.3596590e+06   3.9184570e+01
   4.3598640e+06   3.5156250e+01
   4.3600160e+06   3.5095215e+01
   4.3601620e+06   3.6621094e+01
   4.4236410e+06   3.7658691e+01
   4.4251460e+06   3.5583496e+01
   4.4262090e+06   3.9062500e+01
   4.4864290e+06   3.5278320e+01
   4.5156910e+06   4.0710449e+01
   4.5504480e+06   3.5705566e+01
   4.5773520e+06   4.1320801e+01
   4.5977870e+06   3.8818359e+01
   4.6069660e+06   3.8024902e+01
   4.6086700e+06   4.3762207e+01
   4.6091950e+06   3.5278320e+01
   4.6095580e+06   3.5400391e+01
   4.6541730e+06   3.5339355e+01
   4.6552820e+06   3.5400391e+01
   4.6803320e+06   4.3395996e+01
   4.6954040e+06   3.5888672e+01
   4.7743110e+06   3.7231445e+01
   4.7748200e+06   4.2236328e+01
   4.7750020e+06   3.9184570e+01
   4.8629890e+06   3.8696289e+01
   4.8647560e+06   4.1687012e+01
   4.8653640e+06   3.5827637e+01
   4.8657560e+06   4.2968750e+01
   4.9101820e+06   3.5156250e+01
   4.9356580e+06   3.5095215e+01
   4.9870540e+06   4.1931152e+01
   5.0102870e+06   3.9489746e+01
   5.0261240e+06   4.4433594e+01
   5.0263490e+06   3.6560059e+01
   5.0264820e+06   3.7292480e+01
   5.0407090e+06   3.6315918e+01
   5.0522350e+06   3.6499023e+01
   5.0890780e+06   3.8330078e+01
   5.0953880e+06   3.6132812e+01
   5.1191620e+06   3.6010742e+01
   5.1192990e+06   3.7719727e+01
   5.1205680e+06   4.3518066e+01
   5.1208490e+06   3.5888672e+01
   5.1889180e+06   3.6682129e+01
   5.1976450e+06   3.6682129e+01
   5.2731430e+06   3.7048340e+01
   5.3188370e+06   3.9672852e+01
   5.3614730e+06   3.5522461e+01
   5.3935310e+06   4.1320801e+01
   5.4310520e+06   3.6437988e+01
   5.4311380e+06   3.8818359e+01
   5.4326760e+06   3.6193848e+01
   5.5134060e+06   4.1748047e+01
   5.5148000e+06   3.8635254e+01
   5.5149690e+06   4.0222168e+01
   5.5154510e+06   3.8146973e+01
   5.5389280e+06   4.2602539e+01
   5.5536710e+06   3.9672852e+01
   5.5549000e+06   3.5217285e+01
   5.5949540e+06   3.5461426e+01
   5.6491380e+06   3.5522461e+01
   5.6777730e+06   3.8146973e+01
   5.6779750e+06   3.5095215e+01
   5.6782700e+06   3.5705566e+01
   5.7062710e+06   3.6926270e+01
   5.8119130e+06   4.0466309e+01
   5.8313590e+06   3.5644531e+01
   5.8370140e+06   3.6071777e+01
   5.8877690e+06   3.7658691e+01
   5.9040670e+06   3.6315918e+01
   5.9136600e+06   3.6560059e+01
   5.9139460e+06   3.5705566e+01
   5.9216890e+06   3.9733887e+01
   5.9219110e+06   3.6743164e+01
   5.9222360e+06   4.1015625e+01
   5.9224990e+06   3.6254883e+01
   5.9227530e+06   3.8024902e+01
   5.9232010e+06   3.7170410e+01
   5.9357630e+06   3.5095215e+01
   6.1449220e+06   5.2673340e+01
   6.1459640e+06   4.2602539e+01
   6.1482270e+06   4.0832520e+01
   6.1697400e+06   4.1564941e+01
   6.1700680e+06   3.5644531e+01
   6.1701950e+06   3.7719727e+01
   6.1715480e+06   3.6254883e+01
   6.1799640e+06   4.5043945e+01
   6.1980280e+06   3.6010742e+01
   6.2011750e+06   4.4494629e+01
   6.2796840e+06   3.8269043e+01
   6.3446660e+06   4.0832520e+01
   6.3732660e+06   3.7353516e+01
   6.3911550e+06   3.8024902e+01
   6.4275460e+06   3.7292480e+01
   6.4276070e+06   3.9306641e+01
   6.4279960e+06   3.9855957e+01
   6.4282960e+06   4.1625977e+01
   6.4481680e+06   3.5156250e+01
   6.4975410e+06   3.6499023e+01
   6.6934100e+06   3.7170410e+01
   6.6965550e+06   4.0222168e+01
   6.6975790e+06   3.6254883e+01
   6.7584760e+06   4.3090820e+01
   6.7763160e+06   3.5644531e+01
   6.7764360e+06   3.6315918e+01
   6.7765720e+06   3.5339355e+01
   6.7768460e+06   3.8269043e+01
   6.7796400e+06   3.6193848e+01
   6.7886370e+06   4.0161133e+01
   6.7949970e+06   3.6987305e+01
   6.8126940e+06   3.6010742e+01
   6.8841050e+06   3.8085938e+01
   6.8864630e+06   3.7292480e+01
   6.9022030e+06   3.5583496e+01
   6.9339100e+06   3.6987305e+01
   6.9341450e+06   3.7719727e+01
   6.9377430e+06   3.5278320e+01
   6.9642070e+06   4.1992188e+01
   6.9768930e+06   3.5217285e+01
   7.0578970e+06   3.5888672e+01
   7.0710080e+06   4.1564941e+01
   7.0722340e+06   3.6926270e+01
   7.0799430e+06   3.6193848e+01
   7.0817830e+06   3.9733887e+01
   7.0905440e+06   3.7658691e+01
   7.0911130e+06   5.1635742e+01
   7.1463490e+06   3.7292480e+01
   7.1568870e+06   3.5766602e+01
   7.1985480e+06   3.5156250e+01
   7.2416270e+06   3.5766602e+01
   7.2477750e+06   3.6926270e+01
   7.2483900e+06   3.5888672e+01
   7.2736380e+06   4.1625977e+01
   7.2748890e+06   3.6132812e+01
   7.2756680e+06   3.6132812e+01
   7.2757850e+06   3.6010742e+01
   7.2759110e+06   3.7109375e+01
   7.4634920e+06   3.9001465e+01
   7.4636830e+06   3.9184570e+01
   7.4704930e+06   3.6315918e+01
   7.5154450e+06   3.7597656e+01
   7.5496930e+06   4.4494629e+01
   7.6008470e+06   3.6560059e+01
   7.6014810e+06   4.1442871e+01
   7.6021330e+06   3.7658691e+01
   7.6026930e+06   3.7536621e+01
   7.6033500e+06   3.8452148e+01
   7.6035800e+06   3.5827637e+01
   7.6040400e+06   3.9001465e+01
   7.6445290e+06   4.0405273e+01
   7.6446330e+06   3.5705566e+01
   7.6447340e+06   3.6376953e+01
   7.6453790e+06   3.6071777e+01
   7.6465450e+06   3.5583496e+01
   7.6890780e+06   4.5410156e+01
   7.6893430e+06   3.8940430e+01
   7.6897130e+06   4.0649414e+01
   7.6900500e+06   3.6865234e+01
   7.7510720e+06   3.5278320e+01
   7.7599770e+06   3.8452148e+01
   7.7788390e+06   3.6132812e+01
   8.0224640e+06   3.8208008e+01
   8.0364670e+06   3.6315918e+01
   8.0730880e+06   3.8330078e+01
   8.0872530e+06   4.0100098e+01
   8.0876740e+06   3.5278320e+01
   8.0955790e+06   3.5522461e+01
   8.2000150e+06   3.6682129e+01
   8.2147810e+06   3.9672852e+01
   8.2382820e+06   3.9855957e+01
   8.2386510e+06   5.1269531e+01
   8.2390300e+06   3.7109375e+01
   8.2394350e+06   3.7170410e+01
   8.2658940e+06   3.5583496e+01
   8.2860210e+06   3.7048340e+01
   8.2861310e+06   3.8330078e+01
   8.2864440e+06   3.7109375e+01
   8.2865520e+06   4.4494629e+01
   8.2866470e+06   3.6682129e+01
   8.3015820e+06   4.3579102e+01
   8.3032570e+06   4.3579102e+01
   8.3244990e+06   3.7353516e+01
   8.3246300e+06   3.5156250e+01
   8.3248240e+06   4.5715332e+01
   8.3250460e+06   3.7902832e+01
   8.3263240e+06   3.8452148e+01
   8.4035570e+06   3.6437988e+01
   8.4175720e+06   3.5278320e+01
   8.4234680e+06   3.6376953e+01
   8.4534720e+06   3.6376953e+01
   8.5888870e+06   3.8513184e+01
   8.6119990e+06   3.7902832e+01
   8.6301290e+06   3.5766602e+01
   8.6697360e+06   3.7231445e+01
   8.6852890e+06   3.9733887e+01
   8.6854930e+06   4.0405273e+01
   8.6869040e+06   4.0039062e+01
   8.6872880e+06   3.7231445e+01
   8.7184920e+06   5.1147461e+01
   8.7194500e+06   3.5644531e+01
   8.7205100e+06   3.9916992e+01
   8.7206930e+06   4.6447754e+01
   8.7329690e+06   3.9489746e+01
   8.8388820e+06   3.8208008e+01
   8.8390030e+06   3.9306641e+01
   8.8391470e+06   4.3029785e+01
   8.8394520e+06   3.7597656e+01
   8.8789080e+06   3.6987305e+01
   8.8815780e+06   3.5583496e+01
   8.8846460e+06   3.6315918e+01
   8.8866080e+06   3.5156250e+01
   8.9329200e+06   3.6743164e+01
