   8.9990000e+06   0.0000000e+00
   6.4262000e+04   4.1625977e+01
   6.4760000e+04   3.6621094e+01
   6.5272000e+04   3.7109375e+01
   6.6825000e+04   4.0954590e+01
   1.8121000e+05   3.7170410e+01
   1.8883400e+05   3.7048340e+01
   1.9157800e+05   3.7780762e+01
   1.9603100e+05   4.3823242e+01
   1.9624400e+05   3.7719727e+01
   1.9703900e+05   4.5410156e+01
   1.9737700e+05   3.6743164e+01
   1.9825700e+05   3.7719727e+01
   1.9831800e+05   3.6926270e+01
   1.9893500e+05   3.7963867e+01
   1.9934100e+05   4.9560547e+01
   2.3696300e+05   3.6743164e+01
   2.3932700e+05   3.9306641e+01
   2.3958500e+05   4.1442871e+01
   2.3983500e+05   3.7048340e+01
   2.4032500e+05   3.8269043e+01
   2.9670900e+05   3.7292480e+01
   3.1643700e+05   3.6865234e+01
   3.2645400e+05   4.9621582e+01
   3.3958000e+05   3.7536621e+01
   3.5470700e+05   4.3518066e+01
   3.6419500e+05   3.7902832e+01
   3.6629400e+05   3.7841797e+01
   3.8388800e+05   5.1452637e+01
   3.9183500e+05   4.0710449e+01
   4.0393800e+05   3.8635254e+01
   4.5916300e+05   3.7841797e+01
   4.8339600e+05   4.2846680e+01
   5.1975300e+05   3.6682129e+01
   5.3428900e+05   3.8940430e+01
   5.4620000e+05   4.0893555e+01
   5.4677100e+05   3.6437988e+01
   5.4734600e+05   3.6926270e+01
   5.4771600e+05   3.8635254e+01
   5.4842300e+05   3.6682129e+01
   5.4880000e+05   3.8696289e+01
   5.4974300e+05   3.5522461e+01
   6.0476300e+05   4.3273926e+01
   6.0565700e+05   3.8024902e+01
   6.0723500e+05   3.9306641e+01
   6.0734200e+05   4.9011230e+01
   6.0756400e+05   3.9672852e+01
   6.0784000e+05   3.7597656e+01
   6.0947500e+05   3.8452148e+01
   6.8861700e+05   3.8818359e+01
   6.9059300e+05   4.0405273e+01
   7.0602100e+05   3.7963867e+01
   7.6247100e+05   4.0893555e+01
   7.6779100e+05   3.6682129e+01
   7.6830900e+05   3.7231445e+01
   7.6930300e+05   3.6010742e+01
   7.7414800e+05   3.6010742e+01
   7.7436900e+05   3.6987305e+01
   7.7616000e+05   4.3579102e+01
   8.4372700e+05   3.6682129e+01
   8.4763100e+05   4.0649414e+01
   8.4949600e+05   4.9255371e+01
   8.5098200e+05   3.5583496e+01
   8.9398400e+05   4.3701172e+01
   9.1457600e+05   4.4311523e+01
   9.1886800e+05   4.2297363e+01
   9.1967500e+05   4.3090820e+01
   9.2043700e+05   3.8757324e+01
   9.7089000e+05   3.6682129e+01
   9.9368800e+05   3.7658691e+01
   1.0005880e+06   3.5644531e+01
   1.0006290e+06   5.5969238e+01
   1.0012670e+06   3.7597656e+01
   1.0014570e+06   3.7109375e+01
   1.0017930e+06   3.7963867e+01
   1.0019770e+06   3.7841797e+01
   1.0031890e+06   4.2846680e+01
   1.0036220e+06   3.9916992e+01
   1.0475650e+06   4.4677734e+01
   1.0488940e+06   4.0405273e+01
   1.0492820e+06   4.3457031e+01
   1.0907890e+06   3.8391113e+01
   1.0910830e+06   3.5827637e+01
   1.0919870e+06   3.9550781e+01
   1.0926010e+06   3.5644531e+01
   1.0929710e+06   3.7963867e+01
   1.0930290e+06   3.5583496e+01
   1.0946860e+06   4.5104980e+01
   1.1557690e+06   3.9916992e+01
   1.1567210e+06   4.0832520e+01
   1.1575150e+06   4.4616699e+01
   1.2300200e+06   3.7109375e+01
   1.2550870e+06   3.7048340e+01
   1.2558590e+06   3.9062500e+01
   1.2588200e+06   3.8085938e+01
   1.2593890e+06   3.9062500e+01
   1.2914720e+06   3.8879395e+01
   1.2923120e+06   4.9011230e+01
   1.2928790e+06   3.9611816e+01
   1.2933880e+06   3.9367676e+01
   1.2936390e+06   5.0964355e+01
   1.2940920e+06   3.7475586e+01
   1.2945050e+06   3.6010742e+01
   1.3270450e+06   4.1015625e+01
   1.3285040e+06   3.5888672e+01
   1.3290390e+06   3.6193848e+01
   1.3309130e+06   3.7963867e+01
   1.3315680e+06   3.7597656e+01
   1.3322480e+06   4.6325684e+01
   1.3325470e+06   4.7729492e+01
   1.3797150e+06   4.3457031e+01
   1.3800930e+06   3.9001465e+01
   1.3807620e+06   3.6682129e+01
   1.3845560e+06   4.2114258e+01
   1.4065990e+06   3.5644531e+01
   1.4331930e+06   3.5766602e+01
   1.4341920e+06   3.6499023e+01
   1.4353530e+06   3.7353516e+01
   1.4425680e+06   3.7109375e+01
   1.4635260e+06   4.1687012e+01
   1.4841370e+06   3.6804199e+01
   1.4986720e+06   3.9733887e+01
   1.4991130e+06   3.6437988e+01
   1.5000360e+06   3.8574219e+01
   1.5002560e+06   4.3151855e+01
   1.5056950e+06   3.6376953e+01
   1.5063350e+06   4.3945312e+01
   1.5078310e+06   3.8269043e+01
   1.5083770e+06   3.5522461e+01
   1.5086300e+06   3.9001465e+01
   1.5357130e+06   4.2968750e+01
   1.5363880e+06   3.6315918e+01
   1.6067110e+06   3.9245605e+01
   1.6068640e+06   3.8330078e+01
   1.6070760e+06   4.1564941e+01
   1.6177020e+06   3.6865234e+01
   1.6203560e+06   3.5949707e+01
   1.6504230e+06   3.7841797e+01
   1.6511690e+06   3.8940430e+01
   1.6515400e+06   3.9855957e+01
   1.6517470e+06   3.7963867e+01
   1.6679130e+06   3.7780762e+01
   1.7033050e+06   4.3151855e+01
   1.7041060e+06   3.7353516e+01
   1.7492860e+06   4.4677734e+01
   1.7498300e+06   4.1687012e+01
   1.7500620e+06   4.5532227e+01
   1.7509420e+06   3.6254883e+01
   1.7777800e+06   4.4799805e+01
   1.7782680e+06   3.6560059e+01
   1.7786150e+06   3.8452148e+01
   1.7795780e+06   4.7119141e+01
   1.7799520e+06   3.6010742e+01
   1.7803050e+06   4.0161133e+01
   1.8177790e+06   3.8757324e+01
   1.8204420e+06   3.8208008e+01
   1.8217650e+06   3.7109375e+01
   1.8221240e+06   3.6071777e+01
   1.8611020e+06   3.9916992e+01
   1.8712160e+06   3.6193848e+01
   1.8714340e+06   4.6081543e+01
   1.8716920e+06   3.5766602e+01
   1.8721250e+06   3.8085938e+01
   1.8723290e+06   4.0100098e+01
   1.8731940e+06   3.9306641e+01
   1.8742080e+06   3.5583496e+01
   1.9083900e+06   4.0466309e+01
   1.9090710e+06   3.8208008e+01
   1.9098160e+06   3.6254883e+01
   1.9636420e+06   4.3090820e+01
   1.9754210e+06   3.6193848e+01
   1.9958230e+06   3.6682129e+01
   1.9963610e+06   3.5644531e+01
   1.9972030e+06   4.1381836e+01
   2.0065160e+06   3.6987305e+01
   2.0526500e+06   3.6621094e+01
   2.0584440e+06   3.6560059e+01
   2.0595570e+06   3.9306641e+01
   2.0796810e+06   4.0039062e+01
   2.0994940e+06   3.5827637e+01
   2.1261530e+06   3.8269043e+01
   2.1275120e+06   4.0222168e+01
   2.1278470e+06   4.5166016e+01
   2.1282150e+06   3.6132812e+01
   2.1694440e+06   3.9855957e+01
   2.1697740e+06   3.8269043e+01
   2.1700820e+06   4.7729492e+01
   2.1705180e+06   3.5888672e+01
   2.1952300e+06   3.6926270e+01
   2.1971420e+06   3.6437988e+01
   2.1979760e+06   4.1198730e+01
   2.1982660e+06   3.7658691e+01
   2.1992160e+06   3.6804199e+01
   2.2315550e+06   3.7231445e+01
   2.2415510e+06   4.2114258e+01
   2.2556660e+06   3.7719727e+01
   2.2573170e+06   4.0100098e+01
   2.3152310e+06   3.9550781e+01
   2.3187160e+06   3.5888672e+01
   2.3197140e+06   3.7902832e+01
   2.3335750e+06   3.7048340e+01
   2.3348770e+06   3.8574219e+01
   2.3389780e+06   3.5827637e+01
   2.3561150e+06   3.6437988e+01
   2.3581550e+06   4.2236328e+01
   2.4027970e+06   3.5705566e+01
   2.4031750e+06   3.7658691e+01
   2.4746830e+06   5.2429199e+01
   2.4963630e+06   4.6203613e+01
   2.5345940e+06   4.2114258e+01
   2.5618140e+06   3.6315918e+01
   2.5733560e+06   4.9438477e+01
   2.5908180e+06   4.7302246e+01
   2.6141250e+06   3.5827637e+01
   2.6145380e+06   3.9489746e+01
   2.6148550e+06   3.5827637e+01
   2.6151000e+06   3.6437988e+01
   2.6199350e+06   3.7414551e+01
   2.6224110e+06   4.0649414e+01
   2.6240580e+06   3.5583496e+01
   2.6401060e+06   3.7536621e+01
   2.6491850e+06   3.5705566e+01
   2.6503800e+06   4.0100098e+01
   2.6512480e+06   5.0170898e+01
   2.6911320e+06   3.6804199e+01
   2.6920010e+06   3.8024902e+01
   2.6953780e+06   3.5583496e+01
   2.7372890e+06   3.7597656e+01
   2.7978640e+06   3.8024902e+01
   2.7996800e+06   4.1564941e+01
   2.8006440e+06   3.7353516e+01
   2.8361690e+06   3.5827637e+01
   2.8661720e+06   4.0222168e+01
   2.8887510e+06   4.9316406e+01
   2.8893190e+06   3.6865234e+01
   2.8896600e+06   3.6865234e+01
   2.9075180e+06   3.7841797e+01
   2.9328250e+06   3.7841797e+01
   2.9334380e+06   3.7170410e+01
   2.9356010e+06   5.1635742e+01
   2.9364740e+06   4.1442871e+01
   2.9379850e+06   3.5644531e+01
   2.9383100e+06   3.7841797e+01
   2.9647190e+06   3.5522461e+01
   2.9679860e+06   4.8889160e+01
   2.9683920e+06   3.7963867e+01
   2.9686120e+06   3.8818359e+01
   2.9690240e+06   3.7414551e+01
   3.0296910e+06   3.9428711e+01
   3.0305870e+06   3.6315918e+01
   3.0307140e+06   4.1503906e+01
   3.0312420e+06   4.1076660e+01
   3.0316960e+06   3.8085938e+01
   3.0453300e+06   3.8696289e+01
   3.0581140e+06   3.7414551e+01
   3.0623230e+06   4.1015625e+01
   3.0629510e+06   4.4616699e+01
   3.0970710e+06   3.5583496e+01
   3.1049390e+06   4.0161133e+01
   3.1058740e+06   3.7109375e+01
   3.1061660e+06   4.0039062e+01
   3.1673800e+06   4.3762207e+01
   3.1726950e+06   4.6386719e+01
   3.2317210e+06   4.3701172e+01
   3.2377110e+06   3.5827637e+01
   3.2578820e+06   3.6743164e+01
   3.2650310e+06   4.9621582e+01
   3.2990800e+06   3.7780762e+01
   3.3041660e+06   4.4616699e+01
   3.3221830e+06   3.9978027e+01
   3.3768570e+06   3.8879395e+01
   3.4026440e+06   3.7414551e+01
   3.4199040e+06   3.5705566e+01
   3.4249360e+06   3.9611816e+01
   3.4269830e+06   3.8574219e+01
   3.4905370e+06   3.5766602e+01
   3.4998010e+06   3.5583496e+01
   3.5009560e+06   3.5644531e+01
   3.5142620e+06   4.0100098e+01
   3.5161170e+06   3.9367676e+01
   3.5163730e+06   3.6682129e+01
   3.5199200e+06   3.7841797e+01
   3.5204760e+06   4.1259766e+01
   3.5773520e+06   3.9306641e+01
   3.5998780e+06   3.7109375e+01
   3.6051400e+06   3.5766602e+01
   3.6342710e+06   3.6010742e+01
   3.6350880e+06   3.6499023e+01
   3.6352120e+06   4.5227051e+01
   3.6356730e+06   5.7861328e+01
   3.6370730e+06   3.7292480e+01
   3.6740020e+06   4.2419434e+01
   3.7049470e+06   3.7597656e+01
   3.7057050e+06   4.0771484e+01
   3.7064230e+06   3.8574219e+01
   3.7439060e+06   3.5827637e+01
   3.7762170e+06   5.2856445e+01
   3.7765650e+06   3.9550781e+01
   3.8024750e+06   3.8757324e+01
   3.8027440e+06   3.6926270e+01
   3.8169190e+06   4.1564941e+01
   3.8229610e+06   3.9672852e+01
   3.8661140e+06   4.1015625e+01
   3.8931330e+06   4.0344238e+01
   3.8936820e+06   3.6376953e+01
   3.8955290e+06   3.5705566e+01
   3.9070930e+06   4.0405273e+01
   3.9119860e+06   3.7292480e+01
   3.9129360e+06   3.7475586e+01
   3.9135010e+06   3.6254883e+01
   3.9418170e+06   3.5949707e+01
   3.9528140e+06   4.1320801e+01
   3.9531920e+06   4.3212891e+01
   3.9534760e+06   3.6315918e+01
   4.0176620e+06   3.8024902e+01
   4.0356600e+06   3.6987305e+01
   4.0364980e+06   3.7292480e+01
   4.0557790e+06   3.9123535e+01
   4.0563640e+06   3.7292480e+01
   4.0581730e+06   4.1687012e+01
   4.0587610e+06   3.6743164e+01
   4.0765110e+06   3.7292480e+01
   4.0786760e+06   3.5705566e+01
   4.1248480e+06   3.5583496e+01
   4.1323200e+06   3.8146973e+01
   4.1325410e+06   3.7475586e+01
   4.1738260e+06   3.6682129e+01
   4.1773260e+06   3.9916992e+01
   4.1807200e+06   3.5583496e+01
   4.1810910e+06   4.4494629e+01
   4.1973660e+06   4.4067383e+01
   4.1983120e+06   3.6254883e+01
   4.1993420e+06   3.8757324e+01
   4.1996660e+06   3.9123535e+01
   4.2004430e+06   3.7902832e+01
   4.2010300e+06   4.6264648e+01
   4.2023320e+06   3.9184570e+01
   4.2288760e+06   3.6193848e+01
   4.2349150e+06   4.2480469e+01
   4.2453620e+06   3.7902832e+01
   4.3406650e+06   3.7475586e+01
   4.3739870e+06   3.8208008e+01
   4.3844360e+06   3.6315918e+01
   4.4103620e+06   4.2907715e+01
   4.4112470e+06   3.8208008e+01
   4.4118630e+06   4.2114258e+01
   4.4121240e+06   4.1259766e+01
   4.4586240e+06   3.5644531e+01
   4.4589120e+06   3.6682129e+01
   4.4598790e+06   4.2419434e+01
   4.4615140e+06   4.5166016e+01
   4.4621710e+06   3.6865234e+01
   4.4723900e+06   4.0710449e+01
   4.4726980e+06   3.5705566e+01
   4.4849680e+06   4.6447754e+01
   4.5783130e+06   3.8085938e+01
   4.6094260e+06   3.7597656e+01
   4.6098710e+06   3.7597656e+01
   4.6108370e+06   4.5227051e+01
   4.6112060e+06   4.1870117e+01
   4.6127180e+06   3.5766602e+01
   4.6355570e+06   4.2480469e+01
   4.6364990e+06   3.9978027e+01
   4.6383600e+06   3.9916992e+01
   4.6408600e+06   4.2541504e+01
   4.6417370e+06   3.8879395e+01
   4.7118100e+06   4.4738770e+01
   4.7704150e+06   3.5522461e+01
   4.7763090e+06   4.6630859e+01
   4.7767220e+06   4.4189453e+01
   4.8461390e+06   4.2785645e+01
   4.8787080e+06   3.8757324e+01
   4.8843930e+06   4.0710449e+01
   4.9461170e+06   3.9550781e+01
   4.9599410e+06   3.7109375e+01
   4.9819390e+06   3.5766602e+01
   4.9890050e+06   3.9062500e+01
   4.9897360e+06   4.0100098e+01
   5.0119220e+06   3.9428711e+01
   5.0133780e+06   3.7292480e+01
   5.0245120e+06   4.0161133e+01
   5.0249300e+06   3.7719727e+01
   5.0259060e+06   3.9184570e+01
   5.0262000e+06   3.9306641e+01
   5.0562450e+06   3.7353516e+01
   5.0617480e+06   3.7963867e+01
   5.0620680e+06   4.1198730e+01
   5.0622840e+06   3.9611816e+01
   5.1162140e+06   4.2968750e+01
   5.1169300e+06   3.8391113e+01
   5.1179490e+06   4.1076660e+01
   5.1212960e+06   3.5949707e+01
   5.1704270e+06   4.3273926e+01
   5.1751160e+06   3.6987305e+01
   5.2300810e+06   3.7048340e+01
   5.2306240e+06   4.5532227e+01
   5.3547000e+06   4.1442871e+01
   5.3956860e+06   3.6010742e+01
   5.4012970e+06   4.7119141e+01
   5.4305420e+06   3.8085938e+01
   5.4319480e+06   3.6804199e+01
   5.4322810e+06   3.8330078e+01
   5.4325950e+06   3.8330078e+01
   5.5183630e+06   3.5583496e+01
   5.5500750e+06   3.7109375e+01
   5.5519450e+06   6.6650391e+01
   5.5527470e+06   4.4433594e+01
   5.5530850e+06   3.9428711e+01
   5.5534300e+06   3.6010742e+01
   5.5541830e+06   4.2114258e+01
   5.5551450e+06   4.1687012e+01
   5.5558090e+06   3.5522461e+01
   5.5655660e+06   3.7597656e+01
   5.5960320e+06   3.6865234e+01
   5.6504980e+06   3.7109375e+01
   5.6536730e+06   4.1564941e+01
   5.6542970e+06   3.8452148e+01
   5.6552350e+06   3.6437988e+01
   5.6867220e+06   3.7841797e+01
   5.6880820e+06   3.9245605e+01
   5.6886040e+06   3.8391113e+01
   5.6887560e+06   5.3283691e+01
   5.6894240e+06   3.8330078e+01
   5.6895910e+06   4.4311523e+01
   5.7048600e+06   3.7292480e+01
   5.8811840e+06   3.6010742e+01
   5.8941950e+06   3.8757324e+01
   5.9213670e+06   3.6315918e+01
   5.9224220e+06   4.4006348e+01
   5.9226460e+06   3.6682129e+01
   5.9229950e+06   3.5644531e+01
   5.9233440e+06   3.6926270e+01
   5.9233820e+06   4.2663574e+01
   5.9234670e+06   3.5705566e+01
   5.9237990e+06   3.7719727e+01
   5.9238410e+06   3.7597656e+01
   5.9245590e+06   3.6010742e+01
   5.9247950e+06   3.8513184e+01
   5.9537800e+06   4.1870117e+01
   5.9562200e+06   3.9001465e+01
   5.9569150e+06   3.6926270e+01
   5.9577320e+06   4.0832520e+01
   5.9585700e+06   3.8574219e+01
   5.9596600e+06   3.7292480e+01
   5.9993010e+06   4.2175293e+01
   6.0014740e+06   3.7780762e+01
   6.0671640e+06   3.6254883e+01
   6.0736020e+06   3.6987305e+01
   6.0948760e+06   3.6499023e+01
   6.1435020e+06   3.7414551e+01
   6.1689790e+06   4.1992188e+01
   6.1696090e+06   4.3334961e+01
   6.1700350e+06   3.6804199e+01
   6.1701610e+06   3.6071777e+01
   6.1702170e+06   3.5705566e+01
   6.1703620e+06   4.2114258e+01
   6.1707840e+06   3.6560059e+01
   6.2170320e+06   3.6132813e+01
   6.2318870e+06   4.3029785e+01
   6.2341750e+06   4.4067383e+01
   6.3138460e+06   3.6132813e+01
   6.3147820e+06   3.8208008e+01
   6.3152660e+06   3.9367676e+01
   6.3247800e+06   3.9489746e+01
   6.3264430e+06   3.7414551e+01
   6.4093000e+06   3.6865234e+01
   6.4268740e+06   4.1564941e+01
   6.4276640e+06   4.3395996e+01
   6.4286060e+06   5.6762695e+01
   6.4289330e+06   3.6376953e+01
   6.4291030e+06   3.9001465e+01
   6.4291770e+06   4.3395996e+01
   6.4293650e+06   3.7109375e+01
   6.4752210e+06   3.8696289e+01
   6.4815780e+06   3.6682129e+01
   6.5147250e+06   3.8757324e+01
   6.5720420e+06   4.2846680e+01
   6.6328720e+06   3.8391113e+01
   6.6892960e+06   3.6132812e+01
   6.7316730e+06   3.6926270e+01
   6.7757990e+06   4.2419434e+01
   6.7758620e+06   3.6437988e+01
   6.7762570e+06   3.9550781e+01
   6.7763900e+06   3.9794922e+01
   6.7768150e+06   5.2368164e+01
   6.7768400e+06   4.6752930e+01
   6.7770950e+06   3.8635254e+01
   6.7773160e+06   4.3823242e+01
   6.7774460e+06   3.7231445e+01
   6.8121180e+06   3.6193848e+01
   6.8123530e+06   3.9245605e+01
   6.8147680e+06   4.4921875e+01
   6.8157460e+06   4.7363281e+01
   6.8159880e+06   4.0283203e+01
   6.8163790e+06   4.0649414e+01
   6.8639590e+06   3.6926270e+01
   6.8641460e+06   3.8269043e+01
   6.8643030e+06   3.5949707e+01
   6.8668540e+06   3.5766602e+01
   6.8672690e+06   3.6560059e+01
   6.8678620e+06   3.7536621e+01
   6.8681600e+06   5.3039551e+01
   6.8684820e+06   3.8391113e+01
   6.8687560e+06   3.6865234e+01
   6.8689900e+06   3.9062500e+01
   6.9308640e+06   3.6071777e+01
   7.0714550e+06   4.4189453e+01
   7.0716620e+06   3.9672852e+01
   7.1519640e+06   3.8574219e+01
   7.2349620e+06   3.6743164e+01
   7.2557310e+06   3.6499023e+01
   7.2730870e+06   3.8940430e+01
   7.2733110e+06   3.7048340e+01
   7.2739380e+06   4.7607422e+01
   7.2739510e+06   3.5705566e+01
   7.2749820e+06   3.5583496e+01
   7.3171810e+06   3.7231445e+01
   7.4291450e+06   5.5419922e+01
   7.4295160e+06   4.2419434e+01
   7.4302060e+06   3.5644531e+01
   7.4321590e+06   3.7353516e+01
   7.4606790e+06   3.5827637e+01
   7.4965240e+06   3.6560059e+01
   7.5495300e+06   3.6682129e+01
   7.5834720e+06   3.6254883e+01
   7.6023230e+06   3.8208008e+01
   7.6025140e+06   3.7048340e+01
   7.6043820e+06   4.3090820e+01
   7.6047020e+06   3.9916992e+01
   7.6050050e+06   4.1687012e+01
   7.6050380e+06   3.7719727e+01
   7.6052690e+06   3.5522461e+01
   7.6053080e+06   3.7658691e+01
   7.6268740e+06   3.7170410e+01
   7.6410710e+06   3.7109375e+01
   7.6427740e+06   4.3457031e+01
   7.6431180e+06   4.2053223e+01
   7.6436470e+06   4.9194336e+01
   7.6438660e+06   4.3457031e+01
   7.6442290e+06   3.5827637e+01
   7.6444690e+06   4.0100098e+01
   7.6691210e+06   3.5827637e+01
   7.6692220e+06   3.8391113e+01
   7.6701840e+06   4.3090820e+01
   7.6872710e+06   3.5827637e+01
   7.6902400e+06   3.5888672e+01
   7.6911760e+06   4.0283203e+01
   7.6914330e+06   3.9550781e+01
   7.6916500e+06   3.7597656e+01
   7.8357930e+06   3.8940430e+01
   7.8587350e+06   3.9855957e+01
   7.8958070e+06   3.6499023e+01
   7.9055890e+06   3.7292480e+01
   8.0193250e+06   3.6499023e+01
   8.0239130e+06   3.7231445e+01
   8.0843790e+06   3.6193848e+01
   8.1094200e+06   3.8146973e+01
   8.1216060e+06   3.6193848e+01
   8.1612300e+06   3.9123535e+01
   8.1664390e+06   3.6743164e+01
   8.2021510e+06   4.3579102e+01
   8.2125340e+06   3.7841797e+01
   8.2191270e+06   4.2053223e+01
   8.2382940e+06   3.9550781e+01
   8.2387250e+06   3.7841797e+01
   8.2390380e+06   4.6752930e+01
   8.2404510e+06   5.2734375e+01
   8.2408580e+06   3.8208008e+01
   8.2413420e+06   4.2114258e+01
   8.2417140e+06   3.5949707e+01
   8.2646300e+06   3.5522461e+01
   8.2747190e+06   3.5644531e+01
   8.2842630e+06   4.6875000e+01
   8.2844750e+06   4.0710449e+01
   8.2846580e+06   4.4372559e+01
   8.2849400e+06   4.4860840e+01
   8.2855000e+06   3.9001465e+01
   8.2855360e+06   3.6804199e+01
   8.2857450e+06   4.3701172e+01
   8.3203190e+06   4.0161133e+01
   8.3212650e+06   4.6813965e+01
   8.3215020e+06   3.6499023e+01
   8.3235250e+06   4.4189453e+01
   8.3235620e+06   3.9733887e+01
   8.3237960e+06   4.1320801e+01
   8.3239800e+06   3.7658691e+01
   8.3240800e+06   4.3090820e+01
   8.3243720e+06   4.2175293e+01
   8.3244840e+06   4.5349121e+01
   8.3248890e+06   3.5888672e+01
   8.3259860e+06   3.5766602e+01
   8.3660960e+06   4.0649414e+01
   8.3666450e+06   3.7963867e+01
   8.3690590e+06   3.8208008e+01
   8.3697130e+06   4.3029785e+01
   8.3702780e+06   4.2358398e+01
   8.3705680e+06   4.2785645e+01
   8.3708640e+06   3.6804199e+01
   8.3711120e+06   3.5522461e+01
   8.4032340e+06   4.4006348e+01
   8.4381050e+06   3.9428711e+01
   8.4459080e+06   3.6621094e+01
   8.4754960e+06   3.7170410e+01
   8.4891340e+06   3.8391113e+01
   8.5477950e+06   3.5705566e+01
   8.5872970e+06   3.6193848e+01
   8.6221690e+06   3.8024902e+01
   8.6845300e+06   3.7231445e+01
   8.6859780e+06   4.1442871e+01
   8.6872870e+06   4.3640137e+01
   8.6877200e+06   4.2480469e+01
   8.7052840e+06   3.7841797e+01
   8.7496210e+06   3.7597656e+01
   8.7841570e+06   3.6193848e+01
   8.8178880e+06   3.9001465e+01
   8.8376970e+06   3.5827637e+01
   8.8384280e+06   3.8757324e+01
   8.8387160e+06   3.9245605e+01
   8.8392850e+06   3.7536621e+01
   8.8394850e+06   5.0476074e+01
   8.8395280e+06   3.5583496e+01
   8.8396240e+06   4.3212891e+01
   8.8397470e+06   4.2175293e+01
   8.8400840e+06   3.5827637e+01
   8.8403170e+06   3.8879395e+01
   8.8403350e+06   3.6743164e+01
   8.8404840e+06   3.8574219e+01
   8.8406610e+06   3.5949707e+01
   8.8618310e+06   3.6193848e+01
   8.8631840e+06   3.6499023e+01
   8.8638800e+06   4.4067383e+01
   8.8651090e+06   4.3334961e+01
   8.8654190e+06   4.0222168e+01
   8.8770170e+06   3.6010742e+01
   8.8788070e+06   3.5766602e+01
   8.8797770e+06   5.0903320e+01
   8.8828730e+06   3.8146973e+01
   8.9169980e+06   3.5949707e+01
   8.9187230e+06   3.5949707e+01
